green,
green,
green,
green,
green,
green,
green,
green,
green,
green,
green,
green,
green,
green,
green,
green,
green,
green,
green,
green,
green,
green,
green,
green,
green,
green,
green,
green,
green,
green,
green,
green,
green,
green,
green,
green,
green,
green,
green,
green,
green,
green,
green,
green,
green,
green,
green,
green,
green,
green,
green,
green,
green,
green,
green,
green,
green,
green,
green,
green,
green,
green,
green,
gold,0,1151,1211,1212,1213,1214,1215,1216,1217,1218,1219,1220,1221,1222,1223,1224,1225,1226,1227,1228,1229,1230,1231,1232,1233,1234,1235,1236,1237,1238,1239,1240,
gold,0,2141,
gold,0,2142,
gold,0,2143,
gold,0,2144,
gold,0,2145,
gold,0,2146,
gold,0,2147,
gold,0,2148,
gold,0,2149,
gold,0,2150,
gold,0,2151,
gold,0,2152,
gold,0,2153,
gold,0,2154,
gold,0,2155,
gold,0,2156,
gold,0,2157,
gold,0,2158,
gold,0,2159,
gold,0,2160,
gold,0,2161,
gold,0,2162,
gold,0,2163,
gold,0,2164,
gold,0,2165,
gold,0,2166,
gold,0,2167,
gold,0,2168,
gold,0,2169,
gold,0,2170,
gold,0,1120,
gold,1,1158,1421,1422,1423,1424,1425,1426,1427,1428,1429,1430,1431,1432,1433,1434,1435,1436,1437,1438,1439,1440,1441,1442,1443,1444,1445,1446,1447,1448,1449,1450,
gold,1,2351,
gold,1,2352,
gold,1,2353,
gold,1,2354,
gold,1,2355,
gold,1,2356,
gold,1,2357,
gold,1,2358,
gold,1,2359,
gold,1,2360,
gold,1,2361,
gold,1,2362,
gold,1,2363,
gold,1,2364,
gold,1,2365,
gold,1,2366,
gold,1,2367,
gold,1,2368,
gold,1,2369,
gold,1,2370,
gold,1,2371,
gold,1,2372,
gold,1,2373,
gold,1,2374,
gold,1,2375,
gold,1,2376,
gold,1,2377,
gold,1,2378,
gold,1,2379,
gold,1,2380,
gold,1,1127,
gold,2,1160,1481,1482,1483,1484,1485,1486,1487,1488,1489,1490,1491,1492,1493,1494,1495,1496,1497,1498,1499,1500,1501,1502,1503,1504,1505,1506,1507,1508,1509,1510,
gold,2,2411,
gold,2,2412,
gold,2,2413,
gold,2,2414,
gold,2,2415,
gold,2,2416,
gold,2,2417,
gold,2,2418,
gold,2,2419,
gold,2,2420,
gold,2,2421,
gold,2,2422,
gold,2,2423,
gold,2,2424,
gold,2,2425,
gold,2,2426,
gold,2,2427,
gold,2,2428,
gold,2,2429,
gold,2,2430,
gold,2,2431,
gold,2,2432,
gold,2,2433,
gold,2,2434,
gold,2,2435,
gold,2,2436,
gold,2,2437,
gold,2,2438,
gold,2,2439,
gold,2,2440,
gold,2,1129,
gold,3,1161,1511,1512,1513,1514,1515,1516,1517,1518,1519,1520,1521,1522,1523,1524,1525,1526,1527,1528,1529,1530,1531,1532,1533,1534,1535,1536,1537,1538,1539,1540,
gold,3,2441,
gold,3,2442,
gold,3,2443,
gold,3,2444,
gold,3,2445,
gold,3,2446,
gold,3,2447,
gold,3,2448,
gold,3,2449,
gold,3,2450,
gold,3,2451,
gold,3,2452,
gold,3,2453,
gold,3,2454,
gold,3,2455,
gold,3,2456,
gold,3,2457,
gold,3,2458,
gold,3,2459,
gold,3,2460,
gold,3,2461,
gold,3,2462,
gold,3,2463,
gold,3,2464,
gold,3,2465,
gold,3,2466,
gold,3,2467,
gold,3,2468,
gold,3,2469,
gold,3,2470,
gold,3,1130,
gold,4,1167,1691,1692,1693,1694,1695,1696,1697,1698,1699,1700,1701,1702,1703,1704,1705,1706,1707,1708,1709,1710,1711,1712,1713,1714,1715,1716,1717,1718,1719,1720,
gold,4,2621,
gold,4,2622,
gold,4,2623,
gold,4,2624,
gold,4,2625,
gold,4,2626,
gold,4,2627,
gold,4,2628,
gold,4,2629,
gold,4,2630,
gold,4,2631,
gold,4,2632,
gold,4,2633,
gold,4,2634,
gold,4,2635,
gold,4,2636,
gold,4,2637,
gold,4,2638,
gold,4,2639,
gold,4,2640,
gold,4,2641,
gold,4,2642,
gold,4,2643,
gold,4,2644,
gold,4,2645,
gold,4,2646,
gold,4,2647,
gold,4,2648,
gold,4,2649,
gold,4,2650,
gold,4,1136,
gold,5,1170,1781,1782,1783,1784,1785,1786,1787,1788,1789,1790,1791,1792,1793,1794,1795,1796,1797,1798,1799,1800,1801,1802,1803,1804,1805,1806,1807,1808,1809,1810,
gold,5,2711,
gold,5,2712,
gold,5,2713,
gold,5,2714,
gold,5,2715,
gold,5,2716,
gold,5,2717,
gold,5,2718,
gold,5,2719,
gold,5,2720,
gold,5,2721,
gold,5,2722,
gold,5,2723,
gold,5,2724,
gold,5,2725,
gold,5,2726,
gold,5,2727,
gold,5,2728,
gold,5,2729,
gold,5,2730,
gold,5,2731,
gold,5,2732,
gold,5,2733,
gold,5,2734,
gold,5,2735,
gold,5,2736,
gold,5,2737,
gold,5,2738,
gold,5,2739,
gold,5,2740,
gold,5,1139,
gold,6,1120,1181,1242,1272,1302,1332,1362,1392,1422,1452,1482,1512,1542,1572,1602,1632,1662,1692,1722,1752,1782,1812,1842,1872,1902,1932,1962,1992,2022,2052,2082,2141,2142,2143,2144,2145,2146,2147,2148,2149,2150,2151,2152,2153,2154,2155,2156,2157,2158,2159,2160,2161,2162,2163,2164,2165,2166,2167,2168,2169,2170,
gold,6,
gold,7,1127,1188,1218,1248,1278,1308,1338,1368,1398,1459,1489,1519,1549,1579,1609,1639,1669,1699,1729,1759,1789,1819,1849,1879,1909,1939,1969,1999,2029,2059,2089,2351,2352,2353,2354,2355,2356,2357,2358,2359,2360,2361,2362,2363,2364,2365,2366,2367,2368,2369,2370,2371,2372,2373,2374,2375,2376,2377,2378,2379,2380,
gold,7,
gold,8,1129,1190,1220,1250,1280,1310,1340,1370,1400,1430,1460,1521,1551,1581,1611,1641,1671,1701,1731,1761,1791,1821,1851,1881,1911,1941,1971,2001,2031,2061,2091,2411,2412,2413,2414,2415,2416,2417,2418,2419,2420,2421,2422,2423,2424,2425,2426,2427,2428,2429,2430,2431,2432,2433,2434,2435,2436,2437,2438,2439,2440,
gold,8,
gold,9,1130,1191,1221,1251,1281,1311,1341,1371,1401,1431,1461,1491,1552,1582,1612,1642,1672,1702,1732,1762,1792,1822,1852,1882,1912,1942,1972,2002,2032,2062,2092,2441,2442,2443,2444,2445,2446,2447,2448,2449,2450,2451,2452,2453,2454,2455,2456,2457,2458,2459,2460,2461,2462,2463,2464,2465,2466,2467,2468,2469,2470,
gold,9,
gold,10,1136,1197,1227,1257,1287,1317,1347,1377,1407,1437,1467,1497,1527,1557,1587,1617,1647,1677,1738,1768,1798,1828,1858,1888,1918,1948,1978,2008,2038,2068,2098,2621,2622,2623,2624,2625,2626,2627,2628,2629,2630,2631,2632,2633,2634,2635,2636,2637,2638,2639,2640,2641,2642,2643,2644,2645,2646,2647,2648,2649,2650,
gold,10,
gold,11,1139,1200,1230,1260,1290,1320,1350,1380,1410,1440,1470,1500,1530,1560,1590,1620,1650,1680,1710,1740,1770,1831,1861,1891,1921,1951,1981,2011,2041,2071,2101,2711,2712,2713,2714,2715,2716,2717,2718,2719,2720,2721,2722,2723,2724,2725,2726,2727,2728,2729,2730,2731,2732,2733,2734,2735,2736,2737,2738,2739,2740,
gold,11,
gold,12,1119,1211,1241,1271,1301,1331,1361,1391,1421,1451,1481,1511,1541,1571,1601,1631,1661,1691,1721,1751,1781,1811,1841,1871,1901,1931,1961,1991,2021,2051,2081,2111,2112,2113,2114,2115,2116,2117,2118,2119,2120,2121,2122,2123,2124,2125,2126,2127,2128,2129,2130,2131,2132,2133,2134,2135,2136,2137,2138,2139,2140,
gold,12,
gold,13,1121,1182,1212,1273,1303,1333,1363,1393,1423,1453,1483,1513,1543,1573,1603,1633,1663,1693,1723,1753,1783,1813,1843,1873,1903,1933,1963,1993,2023,2053,2083,2171,2172,2173,2174,2175,2176,2177,2178,2179,2180,2181,2182,2183,2184,2185,2186,2187,2188,2189,2190,2191,2192,2193,2194,2195,2196,2197,2198,2199,2200,
gold,13,
gold,14,1122,1183,1213,1243,1304,1334,1364,1394,1424,1454,1484,1514,1544,1574,1604,1634,1664,1694,1724,1754,1784,1814,1844,1874,1904,1934,1964,1994,2024,2054,2084,2201,2202,2203,2204,2205,2206,2207,2208,2209,2210,2211,2212,2213,2214,2215,2216,2217,2218,2219,2220,2221,2222,2223,2224,2225,2226,2227,2228,2229,2230,
gold,14,
gold,15,1123,1184,1214,1244,1274,1335,1365,1395,1425,1455,1485,1515,1545,1575,1605,1635,1665,1695,1725,1755,1785,1815,1845,1875,1905,1935,1965,1995,2025,2055,2085,2231,2232,2233,2234,2235,2236,2237,2238,2239,2240,2241,2242,2243,2244,2245,2246,2247,2248,2249,2250,2251,2252,2253,2254,2255,2256,2257,2258,2259,2260,
gold,15,
gold,16,1124,1185,1215,1245,1275,1305,1366,1396,1426,1456,1486,1516,1546,1576,1606,1636,1666,1696,1726,1756,1786,1816,1846,1876,1906,1936,1966,1996,2026,2056,2086,2261,2262,2263,2264,2265,2266,2267,2268,2269,2270,2271,2272,2273,2274,2275,2276,2277,2278,2279,2280,2281,2282,2283,2284,2285,2286,2287,2288,2289,2290,
gold,16,
gold,17,1125,1186,1216,1246,1276,1306,1336,1397,1427,1457,1487,1517,1547,1577,1607,1637,1667,1697,1727,1757,1787,1817,1847,1877,1907,1937,1967,1997,2027,2057,2087,2291,2292,2293,2294,2295,2296,2297,2298,2299,2300,2301,2302,2303,2304,2305,2306,2307,2308,2309,2310,2311,2312,2313,2314,2315,2316,2317,2318,2319,2320,
gold,17,
gold,18,1126,1187,1217,1247,1277,1307,1337,1367,1428,1458,1488,1518,1548,1578,1608,1638,1668,1698,1728,1758,1788,1818,1848,1878,1908,1938,1968,1998,2028,2058,2088,2321,2322,2323,2324,2325,2326,2327,2328,2329,2330,2331,2332,2333,2334,2335,2336,2337,2338,2339,2340,2341,2342,2343,2344,2345,2346,2347,2348,2349,2350,
gold,18,
gold,19,1128,1189,1219,1249,1279,1309,1339,1369,1399,1429,1490,1520,1550,1580,1610,1640,1670,1700,1730,1760,1790,1820,1850,1880,1910,1940,1970,2000,2030,2060,2090,2381,2382,2383,2384,2385,2386,2387,2388,2389,2390,2391,2392,2393,2394,2395,2396,2397,2398,2399,2400,2401,2402,2403,2404,2405,2406,2407,2408,2409,2410,
gold,19,
gold,20,1131,1192,1222,1252,1282,1312,1342,1372,1402,1432,1462,1492,1522,1583,1613,1643,1673,1703,1733,1763,1793,1823,1853,1883,1913,1943,1973,2003,2033,2063,2093,2471,2472,2473,2474,2475,2476,2477,2478,2479,2480,2481,2482,2483,2484,2485,2486,2487,2488,2489,2490,2491,2492,2493,2494,2495,2496,2497,2498,2499,2500,
gold,20,
gold,21,1132,1193,1223,1253,1283,1313,1343,1373,1403,1433,1463,1493,1523,1553,1614,1644,1674,1704,1734,1764,1794,1824,1854,1884,1914,1944,1974,2004,2034,2064,2094,2501,2502,2503,2504,2505,2506,2507,2508,2509,2510,2511,2512,2513,2514,2515,2516,2517,2518,2519,2520,2521,2522,2523,2524,2525,2526,2527,2528,2529,2530,
gold,21,
gold,22,1133,1194,1224,1254,1284,1314,1344,1374,1404,1434,1464,1494,1524,1554,1584,1645,1675,1705,1735,1765,1795,1825,1855,1885,1915,1945,1975,2005,2035,2065,2095,2531,2532,2533,2534,2535,2536,2537,2538,2539,2540,2541,2542,2543,2544,2545,2546,2547,2548,2549,2550,2551,2552,2553,2554,2555,2556,2557,2558,2559,2560,
gold,22,
gold,23,1134,1195,1225,1255,1285,1315,1345,1375,1405,1435,1465,1495,1525,1555,1585,1615,1676,1706,1736,1766,1796,1826,1856,1886,1916,1946,1976,2006,2036,2066,2096,2561,2562,2563,2564,2565,2566,2567,2568,2569,2570,2571,2572,2573,2574,2575,2576,2577,2578,2579,2580,2581,2582,2583,2584,2585,2586,2587,2588,2589,2590,
gold,23,
gold,24,1135,1196,1226,1256,1286,1316,1346,1376,1406,1436,1466,1496,1526,1556,1586,1616,1646,1707,1737,1767,1797,1827,1857,1887,1917,1947,1977,2007,2037,2067,2097,2591,2592,2593,2594,2595,2596,2597,2598,2599,2600,2601,2602,2603,2604,2605,2606,2607,2608,2609,2610,2611,2612,2613,2614,2615,2616,2617,2618,2619,2620,
gold,24,
gold,25,1137,1198,1228,1258,1288,1318,1348,1378,1408,1438,1468,1498,1528,1558,1588,1618,1648,1678,1708,1769,1799,1829,1859,1889,1919,1949,1979,2009,2039,2069,2099,2651,2652,2653,2654,2655,2656,2657,2658,2659,2660,2661,2662,2663,2664,2665,2666,2667,2668,2669,2670,2671,2672,2673,2674,2675,2676,2677,2678,2679,2680,
gold,25,
gold,26,1138,1199,1229,1259,1289,1319,1349,1379,1409,1439,1469,1499,1529,1559,1589,1619,1649,1679,1709,1739,1800,1830,1860,1890,1920,1950,1980,2010,2040,2070,2100,2681,2682,2683,2684,2685,2686,2687,2688,2689,2690,2691,2692,2693,2694,2695,2696,2697,2698,2699,2700,2701,2702,2703,2704,2705,2706,2707,2708,2709,2710,
gold,26,
gold,27,1140,1201,1231,1261,1291,1321,1351,1381,1411,1441,1471,1501,1531,1561,1591,1621,1651,1681,1711,1741,1771,1801,1862,1892,1922,1952,1982,2012,2042,2072,2102,2741,2742,2743,2744,2745,2746,2747,2748,2749,2750,2751,2752,2753,2754,2755,2756,2757,2758,2759,2760,2761,2762,2763,2764,2765,2766,2767,2768,2769,2770,
gold,27,
gold,28,1141,1202,1232,1262,1292,1322,1352,1382,1412,1442,1472,1502,1532,1562,1592,1622,1652,1682,1712,1742,1772,1802,1832,1893,1923,1953,1983,2013,2043,2073,2103,2771,2772,2773,2774,2775,2776,2777,2778,2779,2780,2781,2782,2783,2784,2785,2786,2787,2788,2789,2790,2791,2792,2793,2794,2795,2796,2797,2798,2799,2800,
gold,28,
gold,29,1142,1203,1233,1263,1293,1323,1353,1383,1413,1443,1473,1503,1533,1563,1593,1623,1653,1683,1713,1743,1773,1803,1833,1863,1924,1954,1984,2014,2044,2074,2104,2801,2802,2803,2804,2805,2806,2807,2808,2809,2810,2811,2812,2813,2814,2815,2816,2817,2818,2819,2820,2821,2822,2823,2824,2825,2826,2827,2828,2829,2830,
gold,29,
gold,30,1143,1204,1234,1264,1294,1324,1354,1384,1414,1444,1474,1504,1534,1564,1594,1624,1654,1684,1714,1744,1774,1804,1834,1864,1894,1955,1985,2015,2045,2075,2105,2831,2832,2833,2834,2835,2836,2837,2838,2839,2840,2841,2842,2843,2844,2845,2846,2847,2848,2849,2850,2851,2852,2853,2854,2855,2856,2857,2858,2859,2860,
gold,30,
gold,31,1144,1205,1235,1265,1295,1325,1355,1385,1415,1445,1475,1505,1535,1565,1595,1625,1655,1685,1715,1745,1775,1805,1835,1865,1895,1925,1986,2016,2046,2076,2106,2861,2862,2863,2864,2865,2866,2867,2868,2869,2870,2871,2872,2873,2874,2875,2876,2877,2878,2879,2880,2881,2882,2883,2884,2885,2886,2887,2888,2889,2890,
gold,31,
gold,32,1145,1206,1236,1266,1296,1326,1356,1386,1416,1446,1476,1506,1536,1566,1596,1626,1656,1686,1716,1746,1776,1806,1836,1866,1896,1926,1956,2017,2047,2077,2107,2891,2892,2893,2894,2895,2896,2897,2898,2899,2900,2901,2902,2903,2904,2905,2906,2907,2908,2909,2910,2911,2912,2913,2914,2915,2916,2917,2918,2919,2920,
gold,32,
gold,33,1146,1207,1237,1267,1297,1327,1357,1387,1417,1447,1477,1507,1537,1567,1597,1627,1657,1687,1717,1747,1777,1807,1837,1867,1897,1927,1957,1987,2048,2078,2108,2921,2922,2923,2924,2925,2926,2927,2928,2929,2930,2931,2932,2933,2934,2935,2936,2937,2938,2939,2940,2941,2942,2943,2944,2945,2946,2947,2948,2949,2950,
gold,33,
gold,34,1147,1208,1238,1268,1298,1328,1358,1388,1418,1448,1478,1508,1538,1568,1598,1628,1658,1688,1718,1748,1778,1808,1838,1868,1898,1928,1958,1988,2018,2079,2109,2951,2952,2953,2954,2955,2956,2957,2958,2959,2960,2961,2962,2963,2964,2965,2966,2967,2968,2969,2970,2971,2972,2973,2974,2975,2976,2977,2978,2979,2980,
gold,34,
gold,35,1148,1209,1239,1269,1299,1329,1359,1389,1419,1449,1479,1509,1539,1569,1599,1629,1659,1689,1719,1749,1779,1809,1839,1869,1899,1929,1959,1989,2019,2049,2110,2981,2982,2983,2984,2985,2986,2987,2988,2989,2990,2991,2992,2993,2994,2995,2996,2997,2998,2999,3000,3001,3002,3003,3004,3005,3006,3007,3008,3009,3010,
gold,35,
gold,36,1149,1210,1240,1270,1300,1330,1360,1390,1420,1450,1480,1510,1540,1570,1600,1630,1660,1690,1720,1750,1780,1810,1840,1870,1900,1930,1960,1990,2020,2050,2080,3011,3012,3013,3014,3015,3016,3017,3018,3019,3020,3021,3022,3023,3024,3025,3026,3027,3028,3029,3030,3031,3032,3033,3034,3035,3036,3037,3038,3039,3040,
gold,36,
gold,37,1119,1120,1121,1122,1123,1124,1125,1126,1127,1128,1129,1130,1131,1132,1133,1134,1135,1136,1137,1138,1139,1140,1141,1142,1143,1144,1145,1146,1147,1148,1149,2111,2112,2113,2114,2115,2116,2117,2118,2119,2120,2121,2122,2123,2124,2125,2126,2127,2128,2129,2130,2131,2132,2133,2134,2135,2136,2137,2138,2139,2140,2141,2142,2143,2144,2145,2146,2147,2148,2149,2150,2151,2152,2153,2154,2155,2156,2157,2158,2159,2160,2161,2162,2163,2164,2165,2166,2167,2168,2169,2170,2171,2172,2173,2174,2175,2176,2177,2178,2179,2180,2181,2182,2183,2184,2185,2186,2187,2188,2189,2190,2191,2192,2193,2194,2195,2196,2197,2198,2199,2200,2201,2202,2203,2204,2205,2206,2207,2208,2209,2210,2211,2212,2213,2214,2215,2216,2217,2218,2219,2220,2221,2222,2223,2224,2225,2226,2227,2228,2229,2230,2231,2232,2233,2234,2235,2236,2237,2238,2239,2240,2241,2242,2243,2244,2245,2246,2247,2248,2249,2250,2251,2252,2253,2254,2255,2256,2257,2258,2259,2260,2261,2262,2263,2264,2265,2266,2267,2268,2269,2270,2271,2272,2273,2274,2275,2276,2277,2278,2279,2280,2281,2282,2283,2284,2285,2286,2287,2288,2289,2290,2291,2292,2293,2294,2295,2296,2297,2298,2299,2300,2301,2302,2303,2304,2305,2306,2307,2308,2309,2310,2311,2312,2313,2314,2315,2316,2317,2318,2319,2320,2321,2322,2323,2324,2325,2326,2327,2328,2329,2330,2331,2332,2333,2334,2335,2336,2337,2338,2339,2340,2341,2342,2343,2344,2345,2346,2347,2348,2349,2350,2351,2352,2353,2354,2355,2356,2357,2358,2359,2360,2361,2362,2363,2364,2365,2366,2367,2368,2369,2370,2371,2372,2373,2374,2375,2376,2377,2378,2379,2380,2381,2382,2383,2384,2385,2386,2387,2388,2389,2390,2391,2392,2393,2394,2395,2396,2397,2398,2399,2400,2401,2402,2403,2404,2405,2406,2407,2408,2409,2410,2411,2412,2413,2414,2415,2416,2417,2418,2419,2420,2421,2422,2423,2424,2425,2426,2427,2428,2429,2430,2431,2432,2433,2434,2435,2436,2437,2438,2439,2440,2441,2442,2443,2444,2445,2446,2447,2448,2449,2450,2451,2452,2453,2454,2455,2456,2457,2458,2459,2460,2461,2462,2463,2464,2465,2466,2467,2468,2469,2470,2471,2472,2473,2474,2475,2476,2477,2478,2479,2480,2481,2482,2483,2484,2485,2486,2487,2488,2489,2490,2491,2492,2493,2494,2495,2496,2497,2498,2499,2500,2501,2502,2503,2504,2505,2506,2507,2508,2509,2510,2511,2512,2513,2514,2515,2516,2517,2518,2519,2520,2521,2522,2523,2524,2525,2526,2527,2528,2529,2530,2531,2532,2533,2534,2535,2536,2537,2538,2539,2540,2541,2542,2543,2544,2545,2546,2547,2548,2549,2550,2551,2552,2553,2554,2555,2556,2557,2558,2559,2560,2561,2562,2563,2564,2565,2566,2567,2568,2569,2570,2571,2572,2573,2574,2575,2576,2577,2578,2579,2580,2581,2582,2583,2584,2585,2586,2587,2588,2589,2590,2591,2592,2593,2594,2595,2596,2597,2598,2599,2600,2601,2602,2603,2604,2605,2606,2607,2608,2609,2610,2611,2612,2613,2614,2615,2616,2617,2618,2619,2620,2621,2622,2623,2624,2625,2626,2627,2628,2629,2630,2631,2632,2633,2634,2635,2636,2637,2638,2639,2640,2641,2642,2643,2644,2645,2646,2647,2648,2649,2650,2651,2652,2653,2654,2655,2656,2657,2658,2659,2660,2661,2662,2663,2664,2665,2666,2667,2668,2669,2670,2671,2672,2673,2674,2675,2676,2677,2678,2679,2680,2681,2682,2683,2684,2685,2686,2687,2688,2689,2690,2691,2692,2693,2694,2695,2696,2697,2698,2699,2700,2701,2702,2703,2704,2705,2706,2707,2708,2709,2710,2711,2712,2713,2714,2715,2716,2717,2718,2719,2720,2721,2722,2723,2724,2725,2726,2727,2728,2729,2730,2731,2732,2733,2734,2735,2736,2737,2738,2739,2740,2741,2742,2743,2744,2745,2746,2747,2748,2749,2750,2751,2752,2753,2754,2755,2756,2757,2758,2759,2760,2761,2762,2763,2764,2765,2766,2767,2768,2769,2770,2771,2772,2773,2774,2775,2776,2777,2778,2779,2780,2781,2782,2783,2784,2785,2786,2787,2788,2789,2790,2791,2792,2793,2794,2795,2796,2797,2798,2799,2800,2801,2802,2803,2804,2805,2806,2807,2808,2809,2810,2811,2812,2813,2814,2815,2816,2817,2818,2819,2820,2821,2822,2823,2824,2825,2826,2827,2828,2829,2830,2831,2832,2833,2834,2835,2836,2837,2838,2839,2840,2841,2842,2843,2844,2845,2846,2847,2848,2849,2850,2851,2852,2853,2854,2855,2856,2857,2858,2859,2860,2861,2862,2863,2864,2865,2866,2867,2868,2869,2870,2871,2872,2873,2874,2875,2876,2877,2878,2879,2880,2881,2882,2883,2884,2885,2886,2887,2888,2889,2890,2891,2892,2893,2894,2895,2896,2897,2898,2899,2900,2901,2902,2903,2904,2905,2906,2907,2908,2909,2910,2911,2912,2913,2914,2915,2916,2917,2918,2919,2920,2921,2922,2923,2924,2925,2926,2927,2928,2929,2930,2931,2932,2933,2934,2935,2936,2937,2938,2939,2940,2941,2942,2943,2944,2945,2946,2947,2948,2949,2950,2951,2952,2953,2954,2955,2956,2957,2958,2959,2960,2961,2962,2963,2964,2965,2966,2967,2968,2969,2970,2971,2972,2973,2974,2975,2976,2977,2978,2979,2980,2981,2982,2983,2984,2985,2986,2987,2988,2989,2990,2991,2992,2993,2994,2995,2996,2997,2998,2999,3000,3001,3002,3003,3004,3005,3006,3007,3008,3009,3010,3011,3012,3013,3014,3015,3016,3017,3018,3019,3020,3021,3022,3023,3024,3025,3026,3027,3028,3029,3030,3031,3032,3033,3034,3035,3036,3037,3038,3039,3040,
gold,37,
gold,38,1150,1181,1182,1183,1184,1185,1186,1187,1188,1189,1190,1191,1192,1193,1194,1195,1196,1197,1198,1199,1200,1201,1202,1203,1204,1205,1206,1207,1208,1209,1210,
gold,38,2111,
gold,38,2112,
gold,38,2113,
gold,38,2114,
gold,38,2115,
gold,38,2116,
gold,38,2117,
gold,38,2118,
gold,38,2119,
gold,38,2120,
gold,38,2121,
gold,38,2122,
gold,38,2123,
gold,38,2124,
gold,38,2125,
gold,38,2126,
gold,38,2127,
gold,38,2128,
gold,38,2129,
gold,38,2130,
gold,38,2131,
gold,38,2132,
red,38,2133,
gold,38,2134,
gold,38,2135,
gold,38,2136,
gold,38,2137,
gold,38,2138,
gold,38,2139,
gold,38,2140,
gold,38,1119,
gold,39,1152,1241,1242,1243,1244,1245,1246,1247,1248,1249,1250,1251,1252,1253,1254,1255,1256,1257,1258,1259,1260,1261,1262,1263,1264,1265,1266,1267,1268,1269,1270,
gold,39,2171,
gold,39,2172,
gold,39,2173,
gold,39,2174,
gold,39,2175,
gold,39,2176,
gold,39,2177,
gold,39,2178,
gold,39,2179,
gold,39,2180,
gold,39,2181,
gold,39,2182,
gold,39,2183,
gold,39,2184,
gold,39,2185,
gold,39,2186,
gold,39,2187,
gold,39,2188,
gold,39,2189,
red,39,2190,
gold,39,2191,
gold,39,2192,
gold,39,2193,
gold,39,2194,
gold,39,2195,
gold,39,2196,
gold,39,2197,
gold,39,2198,
gold,39,2199,
gold,39,2200,
gold,39,1121,
gold,40,1153,1271,1272,1273,1274,1275,1276,1277,1278,1279,1280,1281,1282,1283,1284,1285,1286,1287,1288,1289,1290,1291,1292,1293,1294,1295,1296,1297,1298,1299,1300,
gold,40,2201,
gold,40,2202,
gold,40,2203,
gold,40,2204,
gold,40,2205,
gold,40,2206,
gold,40,2207,
gold,40,2208,
gold,40,2209,
gold,40,2210,
gold,40,2211,
gold,40,2212,
gold,40,2213,
gold,40,2214,
gold,40,2215,
gold,40,2216,
gold,40,2217,
gold,40,2218,
red,40,2219,
gold,40,2220,
gold,40,2221,
gold,40,2222,
gold,40,2223,
gold,40,2224,
gold,40,2225,
gold,40,2226,
gold,40,2227,
gold,40,2228,
gold,40,2229,
gold,40,2230,
gold,40,1122,
gold,41,1154,1301,1302,1303,1304,1305,1306,1307,1308,1309,1310,1311,1312,1313,1314,1315,1316,1317,1318,1319,1320,1321,1322,1323,1324,1325,1326,1327,1328,1329,1330,
red,41,2231,
gold,41,2232,
gold,41,2233,
gold,41,2234,
gold,41,2235,
gold,41,2236,
gold,41,2237,
gold,41,2238,
gold,41,2239,
gold,41,2240,
gold,41,2241,
gold,41,2242,
gold,41,2243,
gold,41,2244,
gold,41,2245,
gold,41,2246,
gold,41,2247,
gold,41,2248,
gold,41,2249,
gold,41,2250,
gold,41,2251,
gold,41,2252,
gold,41,2253,
gold,41,2254,
gold,41,2255,
gold,41,2256,
gold,41,2257,
gold,41,2258,
gold,41,2259,
gold,41,2260,
gold,41,1123,
gold,42,1155,1331,1332,1333,1334,1335,1336,1337,1338,1339,1340,1341,1342,1343,1344,1345,1346,1347,1348,1349,1350,1351,1352,1353,1354,1355,1356,1357,1358,1359,1360,
gold,42,2261,
gold,42,2262,
gold,42,2263,
gold,42,2264,
gold,42,2265,
gold,42,2266,
gold,42,2267,
gold,42,2268,
gold,42,2269,
gold,42,2270,
gold,42,2271,
gold,42,2272,
gold,42,2273,
gold,42,2274,
gold,42,2275,
gold,42,2276,
red,42,2277,
gold,42,2278,
gold,42,2279,
gold,42,2280,
gold,42,2281,
gold,42,2282,
gold,42,2283,
gold,42,2284,
gold,42,2285,
gold,42,2286,
gold,42,2287,
gold,42,2288,
gold,42,2289,
gold,42,2290,
gold,42,1124,
gold,43,1156,1361,1362,1363,1364,1365,1366,1367,1368,1369,1370,1371,1372,1373,1374,1375,1376,1377,1378,1379,1380,1381,1382,1383,1384,1385,1386,1387,1388,1389,1390,
gold,43,2291,
gold,43,2292,
red,43,2293,
gold,43,2294,
gold,43,2295,
gold,43,2296,
gold,43,2297,
gold,43,2298,
gold,43,2299,
gold,43,2300,
gold,43,2301,
gold,43,2302,
gold,43,2303,
gold,43,2304,
gold,43,2305,
gold,43,2306,
gold,43,2307,
gold,43,2308,
gold,43,2309,
gold,43,2310,
gold,43,2311,
gold,43,2312,
gold,43,2313,
gold,43,2314,
gold,43,2315,
gold,43,2316,
gold,43,2317,
gold,43,2318,
gold,43,2319,
gold,43,2320,
gold,43,1125,
gold,44,1157,1391,1392,1393,1394,1395,1396,1397,1398,1399,1400,1401,1402,1403,1404,1405,1406,1407,1408,1409,1410,1411,1412,1413,1414,1415,1416,1417,1418,1419,1420,
gold,44,2321,
gold,44,2322,
gold,44,2323,
gold,44,2324,
gold,44,2325,
gold,44,2326,
gold,44,2327,
gold,44,2328,
gold,44,2329,
gold,44,2330,
gold,44,2331,
gold,44,2332,
gold,44,2333,
gold,44,2334,
gold,44,2335,
gold,44,2336,
gold,44,2337,
red,44,2338,
gold,44,2339,
gold,44,2340,
gold,44,2341,
gold,44,2342,
gold,44,2343,
gold,44,2344,
gold,44,2345,
gold,44,2346,
gold,44,2347,
gold,44,2348,
gold,44,2349,
gold,44,2350,
gold,44,1126,
gold,45,1159,1451,1452,1453,1454,1455,1456,1457,1458,1459,1460,1461,1462,1463,1464,1465,1466,1467,1468,1469,1470,1471,1472,1473,1474,1475,1476,1477,1478,1479,1480,
gold,45,2381,
gold,45,2382,
gold,45,2383,
red,45,2384,
gold,45,2385,
gold,45,2386,
gold,45,2387,
gold,45,2388,
gold,45,2389,
gold,45,2390,
gold,45,2391,
gold,45,2392,
gold,45,2393,
gold,45,2394,
gold,45,2395,
gold,45,2396,
gold,45,2397,
gold,45,2398,
gold,45,2399,
gold,45,2400,
gold,45,2401,
gold,45,2402,
gold,45,2403,
gold,45,2404,
gold,45,2405,
gold,45,2406,
gold,45,2407,
gold,45,2408,
gold,45,2409,
gold,45,2410,
gold,45,1128,
gold,46,1162,1541,1542,1543,1544,1545,1546,1547,1548,1549,1550,1551,1552,1553,1554,1555,1556,1557,1558,1559,1560,1561,1562,1563,1564,1565,1566,1567,1568,1569,1570,
gold,46,2471,
gold,46,2472,
gold,46,2473,
gold,46,2474,
gold,46,2475,
gold,46,2476,
gold,46,2477,
gold,46,2478,
gold,46,2479,
gold,46,2480,
red,46,2481,
gold,46,2482,
gold,46,2483,
gold,46,2484,
gold,46,2485,
gold,46,2486,
gold,46,2487,
gold,46,2488,
gold,46,2489,
gold,46,2490,
gold,46,2491,
gold,46,2492,
gold,46,2493,
gold,46,2494,
gold,46,2495,
gold,46,2496,
gold,46,2497,
gold,46,2498,
gold,46,2499,
gold,46,2500,
gold,46,1131,
gold,47,1163,1571,1572,1573,1574,1575,1576,1577,1578,1579,1580,1581,1582,1583,1584,1585,1586,1587,1588,1589,1590,1591,1592,1593,1594,1595,1596,1597,1598,1599,1600,
gold,47,2501,
gold,47,2502,
gold,47,2503,
gold,47,2504,
gold,47,2505,
gold,47,2506,
gold,47,2507,
gold,47,2508,
gold,47,2509,
gold,47,2510,
gold,47,2511,
gold,47,2512,
gold,47,2513,
gold,47,2514,
gold,47,2515,
gold,47,2516,
gold,47,2517,
gold,47,2518,
gold,47,2519,
gold,47,2520,
gold,47,2521,
red,47,2522,
gold,47,2523,
gold,47,2524,
gold,47,2525,
gold,47,2526,
gold,47,2527,
gold,47,2528,
gold,47,2529,
gold,47,2530,
gold,47,1132,
gold,48,1164,1601,1602,1603,1604,1605,1606,1607,1608,1609,1610,1611,1612,1613,1614,1615,1616,1617,1618,1619,1620,1621,1622,1623,1624,1625,1626,1627,1628,1629,1630,
gold,48,2531,
gold,48,2532,
gold,48,2533,
gold,48,2534,
gold,48,2535,
gold,48,2536,
gold,48,2537,
gold,48,2538,
gold,48,2539,
gold,48,2540,
gold,48,2541,
gold,48,2542,
gold,48,2543,
gold,48,2544,
gold,48,2545,
gold,48,2546,
gold,48,2547,
gold,48,2548,
gold,48,2549,
gold,48,2550,
gold,48,2551,
gold,48,2552,
gold,48,2553,
gold,48,2554,
red,48,2555,
gold,48,2556,
gold,48,2557,
gold,48,2558,
gold,48,2559,
gold,48,2560,
gold,48,1133,
gold,49,1165,1631,1632,1633,1634,1635,1636,1637,1638,1639,1640,1641,1642,1643,1644,1645,1646,1647,1648,1649,1650,1651,1652,1653,1654,1655,1656,1657,1658,1659,1660,
gold,49,2561,
red,49,2562,
gold,49,2563,
gold,49,2564,
gold,49,2565,
gold,49,2566,
gold,49,2567,
gold,49,2568,
gold,49,2569,
gold,49,2570,
gold,49,2571,
gold,49,2572,
gold,49,2573,
gold,49,2574,
gold,49,2575,
gold,49,2576,
gold,49,2577,
gold,49,2578,
gold,49,2579,
gold,49,2580,
gold,49,2581,
gold,49,2582,
gold,49,2583,
gold,49,2584,
gold,49,2585,
gold,49,2586,
gold,49,2587,
gold,49,2588,
gold,49,2589,
gold,49,2590,
gold,49,1134,
gold,50,1166,1661,1662,1663,1664,1665,1666,1667,1668,1669,1670,1671,1672,1673,1674,1675,1676,1677,1678,1679,1680,1681,1682,1683,1684,1685,1686,1687,1688,1689,1690,
gold,50,2591,
gold,50,2592,
gold,50,2593,
gold,50,2594,
gold,50,2595,
gold,50,2596,
gold,50,2597,
gold,50,2598,
gold,50,2599,
gold,50,2600,
gold,50,2601,
gold,50,2602,
gold,50,2603,
red,50,2604,
gold,50,2605,
gold,50,2606,
gold,50,2607,
gold,50,2608,
gold,50,2609,
gold,50,2610,
gold,50,2611,
gold,50,2612,
gold,50,2613,
gold,50,2614,
gold,50,2615,
gold,50,2616,
gold,50,2617,
gold,50,2618,
gold,50,2619,
gold,50,2620,
gold,50,1135,
gold,51,1168,1721,1722,1723,1724,1725,1726,1727,1728,1729,1730,1731,1732,1733,1734,1735,1736,1737,1738,1739,1740,1741,1742,1743,1744,1745,1746,1747,1748,1749,1750,
gold,51,2651,
gold,51,2652,
gold,51,2653,
gold,51,2654,
gold,51,2655,
gold,51,2656,
gold,51,2657,
gold,51,2658,
gold,51,2659,
red,51,2660,
gold,51,2661,
gold,51,2662,
gold,51,2663,
gold,51,2664,
gold,51,2665,
gold,51,2666,
gold,51,2667,
gold,51,2668,
gold,51,2669,
gold,51,2670,
gold,51,2671,
gold,51,2672,
gold,51,2673,
gold,51,2674,
gold,51,2675,
gold,51,2676,
gold,51,2677,
gold,51,2678,
gold,51,2679,
gold,51,2680,
gold,51,1137,
gold,52,1169,1751,1752,1753,1754,1755,1756,1757,1758,1759,1760,1761,1762,1763,1764,1765,1766,1767,1768,1769,1770,1771,1772,1773,1774,1775,1776,1777,1778,1779,1780,
gold,52,2681,
gold,52,2682,
gold,52,2683,
gold,52,2684,
gold,52,2685,
gold,52,2686,
gold,52,2687,
gold,52,2688,
gold,52,2689,
gold,52,2690,
gold,52,2691,
gold,52,2692,
gold,52,2693,
gold,52,2694,
gold,52,2695,
gold,52,2696,
gold,52,2697,
gold,52,2698,
gold,52,2699,
gold,52,2700,
gold,52,2701,
gold,52,2702,
gold,52,2703,
gold,52,2704,
gold,52,2705,
gold,52,2706,
gold,52,2707,
gold,52,2708,
red,52,2709,
gold,52,2710,
gold,52,1138,
gold,53,1171,1811,1812,1813,1814,1815,1816,1817,1818,1819,1820,1821,1822,1823,1824,1825,1826,1827,1828,1829,1830,1831,1832,1833,1834,1835,1836,1837,1838,1839,1840,
gold,53,2741,
gold,53,2742,
gold,53,2743,
gold,53,2744,
gold,53,2745,
gold,53,2746,
gold,53,2747,
gold,53,2748,
gold,53,2749,
gold,53,2750,
gold,53,2751,
gold,53,2752,
gold,53,2753,
gold,53,2754,
gold,53,2755,
gold,53,2756,
gold,53,2757,
gold,53,2758,
gold,53,2759,
gold,53,2760,
gold,53,2761,
gold,53,2762,
gold,53,2763,
gold,53,2764,
gold,53,2765,
gold,53,2766,
gold,53,2767,
gold,53,2768,
gold,53,2769,
red,53,2770,
gold,53,1140,
gold,54,1172,1841,1842,1843,1844,1845,1846,1847,1848,1849,1850,1851,1852,1853,1854,1855,1856,1857,1858,1859,1860,1861,1862,1863,1864,1865,1866,1867,1868,1869,1870,
gold,54,2771,
gold,54,2772,
gold,54,2773,
gold,54,2774,
gold,54,2775,
gold,54,2776,
gold,54,2777,
gold,54,2778,
gold,54,2779,
gold,54,2780,
gold,54,2781,
gold,54,2782,
gold,54,2783,
gold,54,2784,
gold,54,2785,
gold,54,2786,
gold,54,2787,
gold,54,2788,
gold,54,2789,
gold,54,2790,
gold,54,2791,
gold,54,2792,
gold,54,2793,
gold,54,2794,
gold,54,2795,
gold,54,2796,
red,54,2797,
gold,54,2798,
gold,54,2799,
gold,54,2800,
gold,54,1141,
gold,55,1173,1871,1872,1873,1874,1875,1876,1877,1878,1879,1880,1881,1882,1883,1884,1885,1886,1887,1888,1889,1890,1891,1892,1893,1894,1895,1896,1897,1898,1899,1900,
gold,55,2801,
gold,55,2802,
gold,55,2803,
gold,55,2804,
gold,55,2805,
gold,55,2806,
gold,55,2807,
red,55,2808,
gold,55,2809,
gold,55,2810,
gold,55,2811,
gold,55,2812,
gold,55,2813,
gold,55,2814,
gold,55,2815,
gold,55,2816,
gold,55,2817,
gold,55,2818,
gold,55,2819,
gold,55,2820,
gold,55,2821,
gold,55,2822,
gold,55,2823,
gold,55,2824,
gold,55,2825,
gold,55,2826,
gold,55,2827,
gold,55,2828,
gold,55,2829,
gold,55,2830,
gold,55,1142,
gold,56,1174,1901,1902,1903,1904,1905,1906,1907,1908,1909,1910,1911,1912,1913,1914,1915,1916,1917,1918,1919,1920,1921,1922,1923,1924,1925,1926,1927,1928,1929,1930,
gold,56,2831,
gold,56,2832,
gold,56,2833,
gold,56,2834,
gold,56,2835,
gold,56,2836,
gold,56,2837,
gold,56,2838,
gold,56,2839,
gold,56,2840,
gold,56,2841,
red,56,2842,
gold,56,2843,
gold,56,2844,
gold,56,2845,
gold,56,2846,
gold,56,2847,
gold,56,2848,
gold,56,2849,
gold,56,2850,
gold,56,2851,
gold,56,2852,
gold,56,2853,
gold,56,2854,
gold,56,2855,
gold,56,2856,
gold,56,2857,
gold,56,2858,
gold,56,2859,
gold,56,2860,
gold,56,1143,
gold,57,1175,1931,1932,1933,1934,1935,1936,1937,1938,1939,1940,1941,1942,1943,1944,1945,1946,1947,1948,1949,1950,1951,1952,1953,1954,1955,1956,1957,1958,1959,1960,
gold,57,2861,
gold,57,2862,
gold,57,2863,
gold,57,2864,
gold,57,2865,
gold,57,2866,
gold,57,2867,
gold,57,2868,
gold,57,2869,
gold,57,2870,
gold,57,2871,
gold,57,2872,
gold,57,2873,
gold,57,2874,
gold,57,2875,
gold,57,2876,
gold,57,2877,
gold,57,2878,
gold,57,2879,
gold,57,2880,
gold,57,2881,
gold,57,2882,
gold,57,2883,
gold,57,2884,
gold,57,2885,
gold,57,2886,
gold,57,2887,
red,57,2888,
gold,57,2889,
gold,57,2890,
gold,57,1144,
gold,58,1176,1961,1962,1963,1964,1965,1966,1967,1968,1969,1970,1971,1972,1973,1974,1975,1976,1977,1978,1979,1980,1981,1982,1983,1984,1985,1986,1987,1988,1989,1990,
gold,58,2891,
gold,58,2892,
gold,58,2893,
gold,58,2894,
gold,58,2895,
gold,58,2896,
gold,58,2897,
gold,58,2898,
gold,58,2899,
gold,58,2900,
gold,58,2901,
gold,58,2902,
red,58,2903,
gold,58,2904,
gold,58,2905,
gold,58,2906,
gold,58,2907,
gold,58,2908,
gold,58,2909,
gold,58,2910,
gold,58,2911,
gold,58,2912,
gold,58,2913,
gold,58,2914,
gold,58,2915,
gold,58,2916,
gold,58,2917,
gold,58,2918,
gold,58,2919,
gold,58,2920,
gold,58,1145,
gold,59,1177,1991,1992,1993,1994,1995,1996,1997,1998,1999,2000,2001,2002,2003,2004,2005,2006,2007,2008,2009,2010,2011,2012,2013,2014,2015,2016,2017,2018,2019,2020,
gold,59,2921,
gold,59,2922,
gold,59,2923,
gold,59,2924,
red,59,2925,
gold,59,2926,
gold,59,2927,
gold,59,2928,
gold,59,2929,
gold,59,2930,
gold,59,2931,
gold,59,2932,
gold,59,2933,
gold,59,2934,
gold,59,2935,
gold,59,2936,
gold,59,2937,
gold,59,2938,
gold,59,2939,
gold,59,2940,
gold,59,2941,
gold,59,2942,
gold,59,2943,
gold,59,2944,
gold,59,2945,
gold,59,2946,
gold,59,2947,
gold,59,2948,
gold,59,2949,
gold,59,2950,
gold,59,1146,
gold,60,1178,2021,2022,2023,2024,2025,2026,2027,2028,2029,2030,2031,2032,2033,2034,2035,2036,2037,2038,2039,2040,2041,2042,2043,2044,2045,2046,2047,2048,2049,2050,
gold,60,2951,
gold,60,2952,
gold,60,2953,
gold,60,2954,
gold,60,2955,
gold,60,2956,
gold,60,2957,
gold,60,2958,
red,60,2959,
gold,60,2960,
gold,60,2961,
gold,60,2962,
gold,60,2963,
gold,60,2964,
gold,60,2965,
gold,60,2966,
gold,60,2967,
gold,60,2968,
gold,60,2969,
gold,60,2970,
gold,60,2971,
gold,60,2972,
gold,60,2973,
gold,60,2974,
gold,60,2975,
gold,60,2976,
gold,60,2977,
gold,60,2978,
gold,60,2979,
gold,60,2980,
gold,60,1147,
gold,61,1179,2051,2052,2053,2054,2055,2056,2057,2058,2059,2060,2061,2062,2063,2064,2065,2066,2067,2068,2069,2070,2071,2072,2073,2074,2075,2076,2077,2078,2079,2080,
gold,61,2981,
gold,61,2982,
gold,61,2983,
gold,61,2984,
gold,61,2985,
gold,61,2986,
gold,61,2987,
gold,61,2988,
gold,61,2989,
gold,61,2990,
gold,61,2991,
gold,61,2992,
gold,61,2993,
gold,61,2994,
gold,61,2995,
gold,61,2996,
gold,61,2997,
gold,61,2998,
gold,61,2999,
gold,61,3000,
gold,61,3001,
red,61,3002,
gold,61,3003,
gold,61,3004,
gold,61,3005,
gold,61,3006,
gold,61,3007,
gold,61,3008,
gold,61,3009,
gold,61,3010,
gold,61,1148,
gold,62,1180,2081,2082,2083,2084,2085,2086,2087,2088,2089,2090,2091,2092,2093,2094,2095,2096,2097,2098,2099,2100,2101,2102,2103,2104,2105,2106,2107,2108,2109,2110,
gold,62,3011,
gold,62,3012,
gold,62,3013,
gold,62,3014,
gold,62,3015,
gold,62,3016,
red,62,3017,
gold,62,3018,
gold,62,3019,
gold,62,3020,
gold,62,3021,
gold,62,3022,
gold,62,3023,
gold,62,3024,
gold,62,3025,
gold,62,3026,
gold,62,3027,
gold,62,3028,
gold,62,3029,
gold,62,3030,
gold,62,3031,
gold,62,3032,
gold,62,3033,
gold,62,3034,
gold,62,3035,
gold,62,3036,
gold,62,3037,
gold,62,3038,
gold,62,3039,
gold,62,3040,
gold,62,1149,
lightskyblue,318,268,319,
lightskyblue,318,256,63,
lightskyblue,318,270,351,
lightskyblue,318,272,383,
lightskyblue,318,274,415,
lightskyblue,318,276,447,
lightskyblue,318,278,479,
lightskyblue,318,280,511,
lightskyblue,318,258,95,
lightskyblue,318,282,543,
lightskyblue,318,260,127,
lightskyblue,318,262,159,
lightskyblue,318,284,575,
lightskyblue,318,286,607,
lightskyblue,318,288,639,
lightskyblue,318,290,671,
lightskyblue,318,292,703,
lightskyblue,318,264,191,
lightskyblue,318,294,735,
lightskyblue,318,296,767,
lightskyblue,318,266,223,
lightskyblue,318,298,799,
lightskyblue,318,300,831,
lightskyblue,318,302,863,
lightskyblue,318,304,895,
lightskyblue,318,306,927,
lightskyblue,318,308,959,
lightskyblue,318,310,991,
lightskyblue,318,312,1023,
lightskyblue,318,314,1055,
lightskyblue,318,316,1087,
lightskyblue,317,267,350,
lightskyblue,317,255,94,
lightskyblue,317,269,382,
lightskyblue,317,271,414,
lightskyblue,317,273,446,
lightskyblue,317,275,478,
lightskyblue,317,277,510,
lightskyblue,317,279,542,
lightskyblue,317,257,126,
lightskyblue,317,281,574,
lightskyblue,317,259,158,
lightskyblue,317,261,190,
lightskyblue,317,283,606,
lightskyblue,317,285,638,
lightskyblue,317,287,670,
lightskyblue,317,289,702,
lightskyblue,317,291,734,
lightskyblue,317,263,222,
lightskyblue,317,293,766,
lightskyblue,317,295,798,
lightskyblue,317,265,254,
lightskyblue,317,297,830,
lightskyblue,317,299,862,
lightskyblue,317,301,894,
lightskyblue,317,303,926,
lightskyblue,317,305,958,
lightskyblue,317,307,990,
lightskyblue,317,309,1022,
lightskyblue,317,311,1054,
lightskyblue,317,313,1086,
lightskyblue,317,315,1118,
lightskyblue,317,267,256,320,
lightskyblue,317,267,270,321,
lightskyblue,317,267,272,322,
lightskyblue,317,267,274,323,
lightskyblue,317,267,276,324,
lightskyblue,317,267,278,325,
lightskyblue,317,267,280,326,
lightskyblue,317,267,258,327,
lightskyblue,317,267,282,328,
lightskyblue,317,267,260,329,
lightskyblue,317,267,262,330,
lightskyblue,317,267,284,331,
lightskyblue,317,267,286,332,
lightskyblue,317,267,288,333,
lightskyblue,317,267,290,334,
lightskyblue,317,267,292,335,
lightskyblue,317,267,264,336,
lightskyblue,317,267,294,337,
lightskyblue,317,267,296,338,
lightskyblue,317,267,266,339,
lightskyblue,317,267,298,340,
lightskyblue,317,267,300,341,
lightskyblue,317,267,302,342,
lightskyblue,317,267,304,343,
lightskyblue,317,267,306,344,
lightskyblue,317,267,308,345,
lightskyblue,317,267,310,346,
lightskyblue,317,267,312,347,
lightskyblue,317,267,314,348,
lightskyblue,317,267,316,349,
lightskyblue,317,268,255,64,
lightskyblue,317,255,270,65,
lightskyblue,317,255,272,66,
lightskyblue,317,255,274,67,
lightskyblue,317,255,276,68,
lightskyblue,317,255,278,69,
lightskyblue,317,255,280,70,
lightskyblue,317,255,258,71,
lightskyblue,317,255,282,72,
lightskyblue,317,255,260,73,
lightskyblue,317,255,262,74,
lightskyblue,317,255,284,75,
lightskyblue,317,255,286,76,
lightskyblue,317,255,288,77,
lightskyblue,317,255,290,78,
lightskyblue,317,255,292,79,
lightskyblue,317,255,264,80,
lightskyblue,317,255,294,81,
lightskyblue,317,255,296,82,
lightskyblue,317,255,266,83,
lightskyblue,317,255,298,84,
lightskyblue,317,255,300,85,
lightskyblue,317,255,302,86,
lightskyblue,317,255,304,87,
lightskyblue,317,255,306,88,
lightskyblue,317,255,308,89,
lightskyblue,317,255,310,90,
lightskyblue,317,255,312,91,
lightskyblue,317,255,314,92,
lightskyblue,317,255,316,93,
lightskyblue,317,268,269,352,
lightskyblue,317,256,269,353,
lightskyblue,317,269,272,354,
lightskyblue,317,269,274,355,
lightskyblue,317,269,276,356,
lightskyblue,317,269,278,357,
lightskyblue,317,269,280,358,
lightskyblue,317,269,258,359,
lightskyblue,317,269,282,360,
lightskyblue,317,269,260,361,
lightskyblue,317,269,262,362,
lightskyblue,317,269,284,363,
lightskyblue,317,269,286,364,
lightskyblue,317,269,288,365,
lightskyblue,317,269,290,366,
lightskyblue,317,269,292,367,
lightskyblue,317,269,264,368,
lightskyblue,317,269,294,369,
lightskyblue,317,269,296,370,
lightskyblue,317,269,266,371,
lightskyblue,317,269,298,372,
lightskyblue,317,269,300,373,
lightskyblue,317,269,302,374,
lightskyblue,317,269,304,375,
lightskyblue,317,269,306,376,
lightskyblue,317,269,308,377,
lightskyblue,317,269,310,378,
lightskyblue,317,269,312,379,
lightskyblue,317,269,314,380,
lightskyblue,317,269,316,381,
lightskyblue,317,268,271,384,
lightskyblue,317,256,271,385,
lightskyblue,317,270,271,386,
lightskyblue,317,271,274,387,
lightskyblue,317,271,276,388,
lightskyblue,317,271,278,389,
lightskyblue,317,271,280,390,
lightskyblue,317,271,258,391,
lightskyblue,317,271,282,392,
lightskyblue,317,271,260,393,
lightskyblue,317,271,262,394,
lightskyblue,317,271,284,395,
lightskyblue,317,271,286,396,
lightskyblue,317,271,288,397,
lightskyblue,317,271,290,398,
lightskyblue,317,271,292,399,
lightskyblue,317,271,264,400,
lightskyblue,317,271,294,401,
lightskyblue,317,271,296,402,
lightskyblue,317,271,266,403,
lightskyblue,317,271,298,404,
lightskyblue,317,271,300,405,
lightskyblue,317,271,302,406,
lightskyblue,317,271,304,407,
lightskyblue,317,271,306,408,
lightskyblue,317,271,308,409,
lightskyblue,317,271,310,410,
lightskyblue,317,271,312,411,
lightskyblue,317,271,314,412,
lightskyblue,317,271,316,413,
lightskyblue,317,268,273,416,
lightskyblue,317,256,273,417,
lightskyblue,317,270,273,418,
lightskyblue,317,272,273,419,
lightskyblue,317,273,276,420,
lightskyblue,317,273,278,421,
lightskyblue,317,273,280,422,
lightskyblue,317,273,258,423,
lightskyblue,317,273,282,424,
lightskyblue,317,273,260,425,
lightskyblue,317,273,262,426,
lightskyblue,317,273,284,427,
lightskyblue,317,273,286,428,
lightskyblue,317,273,288,429,
lightskyblue,317,273,290,430,
lightskyblue,317,273,292,431,
lightskyblue,317,273,264,432,
lightskyblue,317,273,294,433,
lightskyblue,317,273,296,434,
lightskyblue,317,273,266,435,
lightskyblue,317,273,298,436,
lightskyblue,317,273,300,437,
lightskyblue,317,273,302,438,
lightskyblue,317,273,304,439,
lightskyblue,317,273,306,440,
lightskyblue,317,273,308,441,
lightskyblue,317,273,310,442,
lightskyblue,317,273,312,443,
lightskyblue,317,273,314,444,
lightskyblue,317,273,316,445,
lightskyblue,317,268,275,448,
lightskyblue,317,256,275,449,
lightskyblue,317,270,275,450,
lightskyblue,317,272,275,451,
lightskyblue,317,274,275,452,
lightskyblue,317,275,278,453,
lightskyblue,317,275,280,454,
lightskyblue,317,275,258,455,
lightskyblue,317,275,282,456,
lightskyblue,317,275,260,457,
lightskyblue,317,275,262,458,
lightskyblue,317,275,284,459,
lightskyblue,317,275,286,460,
lightskyblue,317,275,288,461,
lightskyblue,317,275,290,462,
lightskyblue,317,275,292,463,
lightskyblue,317,275,264,464,
lightskyblue,317,275,294,465,
lightskyblue,317,275,296,466,
lightskyblue,317,275,266,467,
lightskyblue,317,275,298,468,
lightskyblue,317,275,300,469,
lightskyblue,317,275,302,470,
lightskyblue,317,275,304,471,
lightskyblue,317,275,306,472,
lightskyblue,317,275,308,473,
lightskyblue,317,275,310,474,
lightskyblue,317,275,312,475,
lightskyblue,317,275,314,476,
lightskyblue,317,275,316,477,
lightskyblue,317,268,277,480,
lightskyblue,317,256,277,481,
lightskyblue,317,270,277,482,
lightskyblue,317,272,277,483,
lightskyblue,317,274,277,484,
lightskyblue,317,276,277,485,
lightskyblue,317,277,280,486,
lightskyblue,317,277,258,487,
lightskyblue,317,277,282,488,
lightskyblue,317,277,260,489,
lightskyblue,317,277,262,490,
lightskyblue,317,277,284,491,
lightskyblue,317,277,286,492,
lightskyblue,317,277,288,493,
lightskyblue,317,277,290,494,
lightskyblue,317,277,292,495,
lightskyblue,317,277,264,496,
lightskyblue,317,277,294,497,
lightskyblue,317,277,296,498,
lightskyblue,317,277,266,499,
lightskyblue,317,277,298,500,
lightskyblue,317,277,300,501,
lightskyblue,317,277,302,502,
lightskyblue,317,277,304,503,
lightskyblue,317,277,306,504,
lightskyblue,317,277,308,505,
lightskyblue,317,277,310,506,
lightskyblue,317,277,312,507,
lightskyblue,317,277,314,508,
lightskyblue,317,277,316,509,
lightskyblue,317,268,279,512,
lightskyblue,317,256,279,513,
lightskyblue,317,270,279,514,
lightskyblue,317,272,279,515,
lightskyblue,317,274,279,516,
lightskyblue,317,276,279,517,
lightskyblue,317,278,279,518,
lightskyblue,317,279,258,519,
lightskyblue,317,279,282,520,
lightskyblue,317,279,260,521,
lightskyblue,317,279,262,522,
lightskyblue,317,279,284,523,
lightskyblue,317,279,286,524,
lightskyblue,317,279,288,525,
lightskyblue,317,279,290,526,
lightskyblue,317,279,292,527,
lightskyblue,317,279,264,528,
lightskyblue,317,279,294,529,
lightskyblue,317,279,296,530,
lightskyblue,317,279,266,531,
lightskyblue,317,279,298,532,
lightskyblue,317,279,300,533,
lightskyblue,317,279,302,534,
lightskyblue,317,279,304,535,
lightskyblue,317,279,306,536,
lightskyblue,317,279,308,537,
lightskyblue,317,279,310,538,
lightskyblue,317,279,312,539,
lightskyblue,317,279,314,540,
lightskyblue,317,279,316,541,
lightskyblue,317,268,257,96,
lightskyblue,317,256,257,97,
lightskyblue,317,270,257,98,
lightskyblue,317,272,257,99,
lightskyblue,317,274,257,100,
lightskyblue,317,276,257,101,
lightskyblue,317,278,257,102,
lightskyblue,317,280,257,103,
lightskyblue,317,257,282,104,
lightskyblue,317,257,260,105,
lightskyblue,317,257,262,106,
lightskyblue,317,257,284,107,
lightskyblue,317,257,286,108,
lightskyblue,317,257,288,109,
lightskyblue,317,257,290,110,
lightskyblue,317,257,292,111,
lightskyblue,317,257,264,112,
lightskyblue,317,257,294,113,
lightskyblue,317,257,296,114,
lightskyblue,317,257,266,115,
lightskyblue,317,257,298,116,
lightskyblue,317,257,300,117,
lightskyblue,317,257,302,118,
lightskyblue,317,257,304,119,
lightskyblue,317,257,306,120,
lightskyblue,317,257,308,121,
lightskyblue,317,257,310,122,
lightskyblue,317,257,312,123,
lightskyblue,317,257,314,124,
lightskyblue,317,257,316,125,
lightskyblue,317,268,281,544,
lightskyblue,317,256,281,545,
lightskyblue,317,270,281,546,
lightskyblue,317,272,281,547,
lightskyblue,317,274,281,548,
lightskyblue,317,276,281,549,
lightskyblue,317,278,281,550,
lightskyblue,317,280,281,551,
lightskyblue,317,258,281,552,
lightskyblue,317,281,260,553,
lightskyblue,317,281,262,554,
lightskyblue,317,281,284,555,
lightskyblue,317,281,286,556,
lightskyblue,317,281,288,557,
lightskyblue,317,281,290,558,
lightskyblue,317,281,292,559,
lightskyblue,317,281,264,560,
lightskyblue,317,281,294,561,
lightskyblue,317,281,296,562,
lightskyblue,317,281,266,563,
lightskyblue,317,281,298,564,
lightskyblue,317,281,300,565,
lightskyblue,317,281,302,566,
lightskyblue,317,281,304,567,
lightskyblue,317,281,306,568,
lightskyblue,317,281,308,569,
lightskyblue,317,281,310,570,
lightskyblue,317,281,312,571,
lightskyblue,317,281,314,572,
lightskyblue,317,281,316,573,
lightskyblue,317,268,259,128,
lightskyblue,317,256,259,129,
lightskyblue,317,270,259,130,
lightskyblue,317,272,259,131,
lightskyblue,317,274,259,132,
lightskyblue,317,276,259,133,
lightskyblue,317,278,259,134,
lightskyblue,317,280,259,135,
lightskyblue,317,258,259,136,
lightskyblue,317,282,259,137,
lightskyblue,317,259,262,138,
lightskyblue,317,259,284,139,
lightskyblue,317,259,286,140,
lightskyblue,317,259,288,141,
lightskyblue,317,259,290,142,
lightskyblue,317,259,292,143,
lightskyblue,317,259,264,144,
lightskyblue,317,259,294,145,
lightskyblue,317,259,296,146,
lightskyblue,317,259,266,147,
lightskyblue,317,259,298,148,
lightskyblue,317,259,300,149,
lightskyblue,317,259,302,150,
lightskyblue,317,259,304,151,
lightskyblue,317,259,306,152,
lightskyblue,317,259,308,153,
lightskyblue,317,259,310,154,
lightskyblue,317,259,312,155,
lightskyblue,317,259,314,156,
lightskyblue,317,259,316,157,
lightskyblue,317,268,261,160,
lightskyblue,317,256,261,161,
lightskyblue,317,270,261,162,
lightskyblue,317,272,261,163,
lightskyblue,317,274,261,164,
lightskyblue,317,276,261,165,
lightskyblue,317,278,261,166,
lightskyblue,317,280,261,167,
lightskyblue,317,258,261,168,
lightskyblue,317,282,261,169,
lightskyblue,317,260,261,170,
lightskyblue,317,261,284,171,
lightskyblue,317,261,286,172,
lightskyblue,317,261,288,173,
lightskyblue,317,261,290,174,
lightskyblue,317,261,292,175,
lightskyblue,317,261,264,176,
lightskyblue,317,261,294,177,
lightskyblue,317,261,296,178,
lightskyblue,317,261,266,179,
lightskyblue,317,261,298,180,
lightskyblue,317,261,300,181,
lightskyblue,317,261,302,182,
lightskyblue,317,261,304,183,
lightskyblue,317,261,306,184,
lightskyblue,317,261,308,185,
lightskyblue,317,261,310,186,
lightskyblue,317,261,312,187,
lightskyblue,317,261,314,188,
lightskyblue,317,261,316,189,
lightskyblue,317,268,283,576,
lightskyblue,317,256,283,577,
lightskyblue,317,270,283,578,
lightskyblue,317,272,283,579,
lightskyblue,317,274,283,580,
lightskyblue,317,276,283,581,
lightskyblue,317,278,283,582,
lightskyblue,317,280,283,583,
lightskyblue,317,258,283,584,
lightskyblue,317,282,283,585,
lightskyblue,317,260,283,586,
lightskyblue,317,262,283,587,
lightskyblue,317,283,286,588,
lightskyblue,317,283,288,589,
lightskyblue,317,283,290,590,
lightskyblue,317,283,292,591,
lightskyblue,317,283,264,592,
lightskyblue,317,283,294,593,
lightskyblue,317,283,296,594,
lightskyblue,317,283,266,595,
lightskyblue,317,283,298,596,
lightskyblue,317,283,300,597,
lightskyblue,317,283,302,598,
lightskyblue,317,283,304,599,
lightskyblue,317,283,306,600,
lightskyblue,317,283,308,601,
lightskyblue,317,283,310,602,
lightskyblue,317,283,312,603,
lightskyblue,317,283,314,604,
lightskyblue,317,283,316,605,
lightskyblue,317,268,285,608,
lightskyblue,317,256,285,609,
lightskyblue,317,270,285,610,
lightskyblue,317,272,285,611,
lightskyblue,317,274,285,612,
lightskyblue,317,276,285,613,
lightskyblue,317,278,285,614,
lightskyblue,317,280,285,615,
lightskyblue,317,258,285,616,
lightskyblue,317,282,285,617,
lightskyblue,317,260,285,618,
lightskyblue,317,262,285,619,
lightskyblue,317,284,285,620,
lightskyblue,317,285,288,621,
lightskyblue,317,285,290,622,
lightskyblue,317,285,292,623,
lightskyblue,317,285,264,624,
lightskyblue,317,285,294,625,
lightskyblue,317,285,296,626,
lightskyblue,317,285,266,627,
lightskyblue,317,285,298,628,
lightskyblue,317,285,300,629,
lightskyblue,317,285,302,630,
lightskyblue,317,285,304,631,
lightskyblue,317,285,306,632,
lightskyblue,317,285,308,633,
lightskyblue,317,285,310,634,
lightskyblue,317,285,312,635,
lightskyblue,317,285,314,636,
lightskyblue,317,285,316,637,
lightskyblue,317,268,287,640,
lightskyblue,317,256,287,641,
lightskyblue,317,270,287,642,
lightskyblue,317,272,287,643,
lightskyblue,317,274,287,644,
lightskyblue,317,276,287,645,
lightskyblue,317,278,287,646,
lightskyblue,317,280,287,647,
lightskyblue,317,258,287,648,
lightskyblue,317,282,287,649,
lightskyblue,317,260,287,650,
lightskyblue,317,262,287,651,
lightskyblue,317,284,287,652,
lightskyblue,317,286,287,653,
lightskyblue,317,287,290,654,
lightskyblue,317,287,292,655,
lightskyblue,317,287,264,656,
lightskyblue,317,287,294,657,
lightskyblue,317,287,296,658,
lightskyblue,317,287,266,659,
lightskyblue,317,287,298,660,
lightskyblue,317,287,300,661,
lightskyblue,317,287,302,662,
lightskyblue,317,287,304,663,
lightskyblue,317,287,306,664,
lightskyblue,317,287,308,665,
lightskyblue,317,287,310,666,
lightskyblue,317,287,312,667,
lightskyblue,317,287,314,668,
lightskyblue,317,287,316,669,
lightskyblue,317,268,289,672,
lightskyblue,317,256,289,673,
lightskyblue,317,270,289,674,
lightskyblue,317,272,289,675,
lightskyblue,317,274,289,676,
lightskyblue,317,276,289,677,
lightskyblue,317,278,289,678,
lightskyblue,317,280,289,679,
lightskyblue,317,258,289,680,
lightskyblue,317,282,289,681,
lightskyblue,317,260,289,682,
lightskyblue,317,262,289,683,
lightskyblue,317,284,289,684,
lightskyblue,317,286,289,685,
lightskyblue,317,288,289,686,
lightskyblue,317,289,292,687,
lightskyblue,317,289,264,688,
lightskyblue,317,289,294,689,
lightskyblue,317,289,296,690,
lightskyblue,317,289,266,691,
lightskyblue,317,289,298,692,
lightskyblue,317,289,300,693,
lightskyblue,317,289,302,694,
lightskyblue,317,289,304,695,
lightskyblue,317,289,306,696,
lightskyblue,317,289,308,697,
lightskyblue,317,289,310,698,
lightskyblue,317,289,312,699,
lightskyblue,317,289,314,700,
lightskyblue,317,289,316,701,
lightskyblue,317,268,291,704,
lightskyblue,317,256,291,705,
lightskyblue,317,270,291,706,
lightskyblue,317,272,291,707,
lightskyblue,317,274,291,708,
lightskyblue,317,276,291,709,
lightskyblue,317,278,291,710,
lightskyblue,317,280,291,711,
lightskyblue,317,258,291,712,
lightskyblue,317,282,291,713,
lightskyblue,317,260,291,714,
lightskyblue,317,262,291,715,
lightskyblue,317,284,291,716,
lightskyblue,317,286,291,717,
lightskyblue,317,288,291,718,
lightskyblue,317,290,291,719,
lightskyblue,317,291,264,720,
lightskyblue,317,291,294,721,
lightskyblue,317,291,296,722,
lightskyblue,317,291,266,723,
lightskyblue,317,291,298,724,
lightskyblue,317,291,300,725,
lightskyblue,317,291,302,726,
lightskyblue,317,291,304,727,
lightskyblue,317,291,306,728,
lightskyblue,317,291,308,729,
lightskyblue,317,291,310,730,
lightskyblue,317,291,312,731,
lightskyblue,317,291,314,732,
lightskyblue,317,291,316,733,
lightskyblue,317,268,263,192,
lightskyblue,317,256,263,193,
lightskyblue,317,270,263,194,
lightskyblue,317,272,263,195,
lightskyblue,317,274,263,196,
lightskyblue,317,276,263,197,
lightskyblue,317,278,263,198,
lightskyblue,317,280,263,199,
lightskyblue,317,258,263,200,
lightskyblue,317,282,263,201,
lightskyblue,317,260,263,202,
lightskyblue,317,262,263,203,
lightskyblue,317,284,263,204,
lightskyblue,317,286,263,205,
lightskyblue,317,288,263,206,
lightskyblue,317,290,263,207,
lightskyblue,317,292,263,208,
lightskyblue,317,263,294,209,
lightskyblue,317,263,296,210,
lightskyblue,317,263,266,211,
lightskyblue,317,263,298,212,
lightskyblue,317,263,300,213,
lightskyblue,317,263,302,214,
lightskyblue,317,263,304,215,
lightskyblue,317,263,306,216,
lightskyblue,317,263,308,217,
lightskyblue,317,263,310,218,
lightskyblue,317,263,312,219,
lightskyblue,317,263,314,220,
lightskyblue,317,263,316,221,
lightskyblue,317,268,293,736,
lightskyblue,317,256,293,737,
lightskyblue,317,270,293,738,
lightskyblue,317,272,293,739,
lightskyblue,317,274,293,740,
lightskyblue,317,276,293,741,
lightskyblue,317,278,293,742,
lightskyblue,317,280,293,743,
lightskyblue,317,258,293,744,
lightskyblue,317,282,293,745,
lightskyblue,317,260,293,746,
lightskyblue,317,262,293,747,
lightskyblue,317,284,293,748,
lightskyblue,317,286,293,749,
lightskyblue,317,288,293,750,
lightskyblue,317,290,293,751,
lightskyblue,317,292,293,752,
lightskyblue,317,264,293,753,
lightskyblue,317,293,296,754,
lightskyblue,317,293,266,755,
lightskyblue,317,293,298,756,
lightskyblue,317,293,300,757,
lightskyblue,317,293,302,758,
lightskyblue,317,293,304,759,
lightskyblue,317,293,306,760,
lightskyblue,317,293,308,761,
lightskyblue,317,293,310,762,
lightskyblue,317,293,312,763,
lightskyblue,317,293,314,764,
lightskyblue,317,293,316,765,
lightskyblue,317,268,295,768,
lightskyblue,317,256,295,769,
lightskyblue,317,270,295,770,
lightskyblue,317,272,295,771,
lightskyblue,317,274,295,772,
lightskyblue,317,276,295,773,
lightskyblue,317,278,295,774,
lightskyblue,317,280,295,775,
lightskyblue,317,258,295,776,
lightskyblue,317,282,295,777,
lightskyblue,317,260,295,778,
lightskyblue,317,262,295,779,
lightskyblue,317,284,295,780,
lightskyblue,317,286,295,781,
lightskyblue,317,288,295,782,
lightskyblue,317,290,295,783,
lightskyblue,317,292,295,784,
lightskyblue,317,264,295,785,
lightskyblue,317,294,295,786,
lightskyblue,317,295,266,787,
lightskyblue,317,295,298,788,
lightskyblue,317,295,300,789,
lightskyblue,317,295,302,790,
lightskyblue,317,295,304,791,
lightskyblue,317,295,306,792,
lightskyblue,317,295,308,793,
lightskyblue,317,295,310,794,
lightskyblue,317,295,312,795,
lightskyblue,317,295,314,796,
lightskyblue,317,295,316,797,
lightskyblue,317,268,265,224,
lightskyblue,317,256,265,225,
lightskyblue,317,270,265,226,
lightskyblue,317,272,265,227,
lightskyblue,317,274,265,228,
lightskyblue,317,276,265,229,
lightskyblue,317,278,265,230,
lightskyblue,317,280,265,231,
lightskyblue,317,258,265,232,
lightskyblue,317,282,265,233,
lightskyblue,317,260,265,234,
lightskyblue,317,262,265,235,
lightskyblue,317,284,265,236,
lightskyblue,317,286,265,237,
lightskyblue,317,288,265,238,
lightskyblue,317,290,265,239,
lightskyblue,317,292,265,240,
lightskyblue,317,264,265,241,
lightskyblue,317,294,265,242,
lightskyblue,317,296,265,243,
lightskyblue,317,265,298,244,
lightskyblue,317,265,300,245,
lightskyblue,317,265,302,246,
lightskyblue,317,265,304,247,
lightskyblue,317,265,306,248,
lightskyblue,317,265,308,249,
lightskyblue,317,265,310,250,
lightskyblue,317,265,312,251,
lightskyblue,317,265,314,252,
lightskyblue,317,265,316,253,
lightskyblue,317,268,297,800,
lightskyblue,317,256,297,801,
lightskyblue,317,270,297,802,
lightskyblue,317,272,297,803,
lightskyblue,317,274,297,804,
lightskyblue,317,276,297,805,
lightskyblue,317,278,297,806,
lightskyblue,317,280,297,807,
lightskyblue,317,258,297,808,
lightskyblue,317,282,297,809,
lightskyblue,317,260,297,810,
lightskyblue,317,262,297,811,
lightskyblue,317,284,297,812,
lightskyblue,317,286,297,813,
lightskyblue,317,288,297,814,
lightskyblue,317,290,297,815,
lightskyblue,317,292,297,816,
lightskyblue,317,264,297,817,
lightskyblue,317,294,297,818,
lightskyblue,317,296,297,819,
lightskyblue,317,266,297,820,
lightskyblue,317,297,300,821,
lightskyblue,317,297,302,822,
lightskyblue,317,297,304,823,
lightskyblue,317,297,306,824,
lightskyblue,317,297,308,825,
lightskyblue,317,297,310,826,
lightskyblue,317,297,312,827,
lightskyblue,317,297,314,828,
lightskyblue,317,297,316,829,
lightskyblue,317,268,299,832,
lightskyblue,317,256,299,833,
lightskyblue,317,270,299,834,
lightskyblue,317,272,299,835,
lightskyblue,317,274,299,836,
lightskyblue,317,276,299,837,
lightskyblue,317,278,299,838,
lightskyblue,317,280,299,839,
lightskyblue,317,258,299,840,
lightskyblue,317,282,299,841,
lightskyblue,317,260,299,842,
lightskyblue,317,262,299,843,
lightskyblue,317,284,299,844,
lightskyblue,317,286,299,845,
lightskyblue,317,288,299,846,
lightskyblue,317,290,299,847,
lightskyblue,317,292,299,848,
lightskyblue,317,264,299,849,
lightskyblue,317,294,299,850,
lightskyblue,317,296,299,851,
lightskyblue,317,266,299,852,
lightskyblue,317,298,299,853,
lightskyblue,317,299,302,854,
lightskyblue,317,299,304,855,
lightskyblue,317,299,306,856,
lightskyblue,317,299,308,857,
lightskyblue,317,299,310,858,
lightskyblue,317,299,312,859,
lightskyblue,317,299,314,860,
lightskyblue,317,299,316,861,
lightskyblue,317,268,301,864,
lightskyblue,317,256,301,865,
lightskyblue,317,270,301,866,
lightskyblue,317,272,301,867,
lightskyblue,317,274,301,868,
lightskyblue,317,276,301,869,
lightskyblue,317,278,301,870,
lightskyblue,317,280,301,871,
lightskyblue,317,258,301,872,
lightskyblue,317,282,301,873,
lightskyblue,317,260,301,874,
lightskyblue,317,262,301,875,
lightskyblue,317,284,301,876,
lightskyblue,317,286,301,877,
lightskyblue,317,288,301,878,
lightskyblue,317,290,301,879,
lightskyblue,317,292,301,880,
lightskyblue,317,264,301,881,
lightskyblue,317,294,301,882,
lightskyblue,317,296,301,883,
lightskyblue,317,266,301,884,
lightskyblue,317,298,301,885,
lightskyblue,317,300,301,886,
lightskyblue,317,301,304,887,
lightskyblue,317,301,306,888,
lightskyblue,317,301,308,889,
lightskyblue,317,301,310,890,
lightskyblue,317,301,312,891,
lightskyblue,317,301,314,892,
lightskyblue,317,301,316,893,
lightskyblue,317,268,303,896,
lightskyblue,317,256,303,897,
lightskyblue,317,270,303,898,
lightskyblue,317,272,303,899,
lightskyblue,317,274,303,900,
lightskyblue,317,276,303,901,
lightskyblue,317,278,303,902,
lightskyblue,317,280,303,903,
lightskyblue,317,258,303,904,
lightskyblue,317,282,303,905,
lightskyblue,317,260,303,906,
lightskyblue,317,262,303,907,
lightskyblue,317,284,303,908,
lightskyblue,317,286,303,909,
lightskyblue,317,288,303,910,
lightskyblue,317,290,303,911,
lightskyblue,317,292,303,912,
lightskyblue,317,264,303,913,
lightskyblue,317,294,303,914,
lightskyblue,317,296,303,915,
lightskyblue,317,266,303,916,
lightskyblue,317,298,303,917,
lightskyblue,317,300,303,918,
lightskyblue,317,302,303,919,
lightskyblue,317,303,306,920,
lightskyblue,317,303,308,921,
lightskyblue,317,303,310,922,
lightskyblue,317,303,312,923,
lightskyblue,317,303,314,924,
lightskyblue,317,303,316,925,
lightskyblue,317,268,305,928,
lightskyblue,317,256,305,929,
lightskyblue,317,270,305,930,
lightskyblue,317,272,305,931,
lightskyblue,317,274,305,932,
lightskyblue,317,276,305,933,
lightskyblue,317,278,305,934,
lightskyblue,317,280,305,935,
lightskyblue,317,258,305,936,
lightskyblue,317,282,305,937,
lightskyblue,317,260,305,938,
lightskyblue,317,262,305,939,
lightskyblue,317,284,305,940,
lightskyblue,317,286,305,941,
lightskyblue,317,288,305,942,
lightskyblue,317,290,305,943,
lightskyblue,317,292,305,944,
lightskyblue,317,264,305,945,
lightskyblue,317,294,305,946,
lightskyblue,317,296,305,947,
lightskyblue,317,266,305,948,
lightskyblue,317,298,305,949,
lightskyblue,317,300,305,950,
lightskyblue,317,302,305,951,
lightskyblue,317,304,305,952,
lightskyblue,317,305,308,953,
lightskyblue,317,305,310,954,
lightskyblue,317,305,312,955,
lightskyblue,317,305,314,956,
lightskyblue,317,305,316,957,
lightskyblue,317,268,307,960,
lightskyblue,317,256,307,961,
lightskyblue,317,270,307,962,
lightskyblue,317,272,307,963,
lightskyblue,317,274,307,964,
lightskyblue,317,276,307,965,
lightskyblue,317,278,307,966,
lightskyblue,317,280,307,967,
lightskyblue,317,258,307,968,
lightskyblue,317,282,307,969,
lightskyblue,317,260,307,970,
lightskyblue,317,262,307,971,
lightskyblue,317,284,307,972,
lightskyblue,317,286,307,973,
lightskyblue,317,288,307,974,
lightskyblue,317,290,307,975,
lightskyblue,317,292,307,976,
lightskyblue,317,264,307,977,
lightskyblue,317,294,307,978,
lightskyblue,317,296,307,979,
lightskyblue,317,266,307,980,
lightskyblue,317,298,307,981,
lightskyblue,317,300,307,982,
lightskyblue,317,302,307,983,
lightskyblue,317,304,307,984,
lightskyblue,317,306,307,985,
lightskyblue,317,307,310,986,
lightskyblue,317,307,312,987,
lightskyblue,317,307,314,988,
lightskyblue,317,307,316,989,
lightskyblue,317,268,309,992,
lightskyblue,317,256,309,993,
lightskyblue,317,270,309,994,
lightskyblue,317,272,309,995,
lightskyblue,317,274,309,996,
lightskyblue,317,276,309,997,
lightskyblue,317,278,309,998,
lightskyblue,317,280,309,999,
lightskyblue,317,258,309,1000,
lightskyblue,317,282,309,1001,
lightskyblue,317,260,309,1002,
lightskyblue,317,262,309,1003,
lightskyblue,317,284,309,1004,
lightskyblue,317,286,309,1005,
lightskyblue,317,288,309,1006,
lightskyblue,317,290,309,1007,
lightskyblue,317,292,309,1008,
lightskyblue,317,264,309,1009,
lightskyblue,317,294,309,1010,
lightskyblue,317,296,309,1011,
lightskyblue,317,266,309,1012,
lightskyblue,317,298,309,1013,
lightskyblue,317,300,309,1014,
lightskyblue,317,302,309,1015,
lightskyblue,317,304,309,1016,
lightskyblue,317,306,309,1017,
lightskyblue,317,308,309,1018,
lightskyblue,317,309,312,1019,
lightskyblue,317,309,314,1020,
lightskyblue,317,309,316,1021,
lightskyblue,317,268,311,1024,
lightskyblue,317,256,311,1025,
lightskyblue,317,270,311,1026,
lightskyblue,317,272,311,1027,
lightskyblue,317,274,311,1028,
lightskyblue,317,276,311,1029,
lightskyblue,317,278,311,1030,
lightskyblue,317,280,311,1031,
lightskyblue,317,258,311,1032,
lightskyblue,317,282,311,1033,
lightskyblue,317,260,311,1034,
lightskyblue,317,262,311,1035,
lightskyblue,317,284,311,1036,
lightskyblue,317,286,311,1037,
lightskyblue,317,288,311,1038,
lightskyblue,317,290,311,1039,
lightskyblue,317,292,311,1040,
lightskyblue,317,264,311,1041,
lightskyblue,317,294,311,1042,
lightskyblue,317,296,311,1043,
lightskyblue,317,266,311,1044,
lightskyblue,317,298,311,1045,
lightskyblue,317,300,311,1046,
lightskyblue,317,302,311,1047,
lightskyblue,317,304,311,1048,
lightskyblue,317,306,311,1049,
lightskyblue,317,308,311,1050,
lightskyblue,317,310,311,1051,
lightskyblue,317,311,314,1052,
lightskyblue,317,311,316,1053,
lightskyblue,317,268,313,1056,
lightskyblue,317,256,313,1057,
lightskyblue,317,270,313,1058,
lightskyblue,317,272,313,1059,
lightskyblue,317,274,313,1060,
lightskyblue,317,276,313,1061,
lightskyblue,317,278,313,1062,
lightskyblue,317,280,313,1063,
lightskyblue,317,258,313,1064,
lightskyblue,317,282,313,1065,
lightskyblue,317,260,313,1066,
lightskyblue,317,262,313,1067,
lightskyblue,317,284,313,1068,
lightskyblue,317,286,313,1069,
lightskyblue,317,288,313,1070,
lightskyblue,317,290,313,1071,
lightskyblue,317,292,313,1072,
lightskyblue,317,264,313,1073,
lightskyblue,317,294,313,1074,
lightskyblue,317,296,313,1075,
lightskyblue,317,266,313,1076,
lightskyblue,317,298,313,1077,
lightskyblue,317,300,313,1078,
lightskyblue,317,302,313,1079,
lightskyblue,317,304,313,1080,
lightskyblue,317,306,313,1081,
lightskyblue,317,308,313,1082,
lightskyblue,317,310,313,1083,
lightskyblue,317,312,313,1084,
lightskyblue,317,313,316,1085,
lightskyblue,317,268,315,1088,
lightskyblue,317,256,315,1089,
lightskyblue,317,270,315,1090,
lightskyblue,317,272,315,1091,
lightskyblue,317,274,315,1092,
lightskyblue,317,276,315,1093,
lightskyblue,317,278,315,1094,
lightskyblue,317,280,315,1095,
lightskyblue,317,258,315,1096,
lightskyblue,317,282,315,1097,
lightskyblue,317,260,315,1098,
lightskyblue,317,262,315,1099,
lightskyblue,317,284,315,1100,
lightskyblue,317,286,315,1101,
lightskyblue,317,288,315,1102,
lightskyblue,317,290,315,1103,
lightskyblue,317,292,315,1104,
lightskyblue,317,264,315,1105,
lightskyblue,317,294,315,1106,
lightskyblue,317,296,315,1107,
lightskyblue,317,266,315,1108,
lightskyblue,317,298,315,1109,
lightskyblue,317,300,315,1110,
lightskyblue,317,302,315,1111,
lightskyblue,317,304,315,1112,
lightskyblue,317,306,315,1113,
lightskyblue,317,308,315,1114,
lightskyblue,317,310,315,1115,
lightskyblue,317,312,315,1116,
lightskyblue,317,314,315,1117,
lightskyblue,318,268,255,319,
lightskyblue,318,268,269,319,
lightskyblue,318,268,271,319,
lightskyblue,318,268,273,319,
lightskyblue,318,268,275,319,
lightskyblue,318,268,277,319,
lightskyblue,318,268,279,319,
lightskyblue,318,268,257,319,
lightskyblue,318,268,281,319,
lightskyblue,318,268,259,319,
lightskyblue,318,268,261,319,
lightskyblue,318,268,283,319,
lightskyblue,318,268,285,319,
lightskyblue,318,268,287,319,
lightskyblue,318,268,289,319,
lightskyblue,318,268,291,319,
lightskyblue,318,268,263,319,
lightskyblue,318,268,293,319,
lightskyblue,318,268,295,319,
lightskyblue,318,268,265,319,
lightskyblue,318,268,297,319,
lightskyblue,318,268,299,319,
lightskyblue,318,268,301,319,
lightskyblue,318,268,303,319,
lightskyblue,318,268,305,319,
lightskyblue,318,268,307,319,
lightskyblue,318,268,309,319,
lightskyblue,318,268,311,319,
lightskyblue,318,268,313,319,
lightskyblue,318,268,315,319,
lightskyblue,318,267,256,63,
lightskyblue,318,256,269,63,
lightskyblue,318,256,271,63,
lightskyblue,318,256,273,63,
lightskyblue,318,256,275,63,
lightskyblue,318,256,277,63,
lightskyblue,318,256,279,63,
lightskyblue,318,256,257,63,
lightskyblue,318,256,281,63,
lightskyblue,318,256,259,63,
lightskyblue,318,256,261,63,
lightskyblue,318,256,283,63,
lightskyblue,318,256,285,63,
lightskyblue,318,256,287,63,
lightskyblue,318,256,289,63,
lightskyblue,318,256,291,63,
lightskyblue,318,256,263,63,
lightskyblue,318,256,293,63,
lightskyblue,318,256,295,63,
lightskyblue,318,256,265,63,
lightskyblue,318,256,297,63,
lightskyblue,318,256,299,63,
lightskyblue,318,256,301,63,
lightskyblue,318,256,303,63,
lightskyblue,318,256,305,63,
lightskyblue,318,256,307,63,
lightskyblue,318,256,309,63,
lightskyblue,318,256,311,63,
lightskyblue,318,256,313,63,
lightskyblue,318,256,315,63,
lightskyblue,318,267,270,351,
lightskyblue,318,255,270,351,
lightskyblue,318,270,271,351,
lightskyblue,318,270,273,351,
lightskyblue,318,270,275,351,
lightskyblue,318,270,277,351,
lightskyblue,318,270,279,351,
lightskyblue,318,270,257,351,
lightskyblue,318,270,281,351,
lightskyblue,318,270,259,351,
lightskyblue,318,270,261,351,
lightskyblue,318,270,283,351,
lightskyblue,318,270,285,351,
lightskyblue,318,270,287,351,
lightskyblue,318,270,289,351,
lightskyblue,318,270,291,351,
lightskyblue,318,270,263,351,
lightskyblue,318,270,293,351,
lightskyblue,318,270,295,351,
lightskyblue,318,270,265,351,
lightskyblue,318,270,297,351,
lightskyblue,318,270,299,351,
lightskyblue,318,270,301,351,
lightskyblue,318,270,303,351,
lightskyblue,318,270,305,351,
lightskyblue,318,270,307,351,
lightskyblue,318,270,309,351,
lightskyblue,318,270,311,351,
lightskyblue,318,270,313,351,
lightskyblue,318,270,315,351,
lightskyblue,318,267,272,383,
lightskyblue,318,255,272,383,
lightskyblue,318,269,272,383,
lightskyblue,318,272,273,383,
lightskyblue,318,272,275,383,
lightskyblue,318,272,277,383,
lightskyblue,318,272,279,383,
lightskyblue,318,272,257,383,
lightskyblue,318,272,281,383,
lightskyblue,318,272,259,383,
lightskyblue,318,272,261,383,
lightskyblue,318,272,283,383,
lightskyblue,318,272,285,383,
lightskyblue,318,272,287,383,
lightskyblue,318,272,289,383,
lightskyblue,318,272,291,383,
lightskyblue,318,272,263,383,
lightskyblue,318,272,293,383,
lightskyblue,318,272,295,383,
lightskyblue,318,272,265,383,
lightskyblue,318,272,297,383,
lightskyblue,318,272,299,383,
lightskyblue,318,272,301,383,
lightskyblue,318,272,303,383,
lightskyblue,318,272,305,383,
lightskyblue,318,272,307,383,
lightskyblue,318,272,309,383,
lightskyblue,318,272,311,383,
lightskyblue,318,272,313,383,
lightskyblue,318,272,315,383,
lightskyblue,318,267,274,415,
lightskyblue,318,255,274,415,
lightskyblue,318,269,274,415,
lightskyblue,318,271,274,415,
lightskyblue,318,274,275,415,
lightskyblue,318,274,277,415,
lightskyblue,318,274,279,415,
lightskyblue,318,274,257,415,
lightskyblue,318,274,281,415,
lightskyblue,318,274,259,415,
lightskyblue,318,274,261,415,
lightskyblue,318,274,283,415,
lightskyblue,318,274,285,415,
lightskyblue,318,274,287,415,
lightskyblue,318,274,289,415,
lightskyblue,318,274,291,415,
lightskyblue,318,274,263,415,
lightskyblue,318,274,293,415,
lightskyblue,318,274,295,415,
lightskyblue,318,274,265,415,
lightskyblue,318,274,297,415,
lightskyblue,318,274,299,415,
lightskyblue,318,274,301,415,
lightskyblue,318,274,303,415,
lightskyblue,318,274,305,415,
lightskyblue,318,274,307,415,
lightskyblue,318,274,309,415,
lightskyblue,318,274,311,415,
lightskyblue,318,274,313,415,
lightskyblue,318,274,315,415,
lightskyblue,318,267,276,447,
lightskyblue,318,255,276,447,
lightskyblue,318,269,276,447,
lightskyblue,318,271,276,447,
lightskyblue,318,273,276,447,
lightskyblue,318,276,277,447,
lightskyblue,318,276,279,447,
lightskyblue,318,276,257,447,
lightskyblue,318,276,281,447,
lightskyblue,318,276,259,447,
lightskyblue,318,276,261,447,
lightskyblue,318,276,283,447,
lightskyblue,318,276,285,447,
lightskyblue,318,276,287,447,
lightskyblue,318,276,289,447,
lightskyblue,318,276,291,447,
lightskyblue,318,276,263,447,
lightskyblue,318,276,293,447,
lightskyblue,318,276,295,447,
lightskyblue,318,276,265,447,
lightskyblue,318,276,297,447,
lightskyblue,318,276,299,447,
lightskyblue,318,276,301,447,
lightskyblue,318,276,303,447,
lightskyblue,318,276,305,447,
lightskyblue,318,276,307,447,
lightskyblue,318,276,309,447,
lightskyblue,318,276,311,447,
lightskyblue,318,276,313,447,
lightskyblue,318,276,315,447,
lightskyblue,318,267,278,479,
lightskyblue,318,255,278,479,
lightskyblue,318,269,278,479,
lightskyblue,318,271,278,479,
lightskyblue,318,273,278,479,
lightskyblue,318,275,278,479,
lightskyblue,318,278,279,479,
lightskyblue,318,278,257,479,
lightskyblue,318,278,281,479,
lightskyblue,318,278,259,479,
lightskyblue,318,278,261,479,
lightskyblue,318,278,283,479,
lightskyblue,318,278,285,479,
lightskyblue,318,278,287,479,
lightskyblue,318,278,289,479,
lightskyblue,318,278,291,479,
lightskyblue,318,278,263,479,
lightskyblue,318,278,293,479,
lightskyblue,318,278,295,479,
lightskyblue,318,278,265,479,
lightskyblue,318,278,297,479,
lightskyblue,318,278,299,479,
lightskyblue,318,278,301,479,
lightskyblue,318,278,303,479,
lightskyblue,318,278,305,479,
lightskyblue,318,278,307,479,
lightskyblue,318,278,309,479,
lightskyblue,318,278,311,479,
lightskyblue,318,278,313,479,
lightskyblue,318,278,315,479,
lightskyblue,318,267,280,511,
lightskyblue,318,255,280,511,
lightskyblue,318,269,280,511,
lightskyblue,318,271,280,511,
lightskyblue,318,273,280,511,
lightskyblue,318,275,280,511,
lightskyblue,318,277,280,511,
lightskyblue,318,280,257,511,
lightskyblue,318,280,281,511,
lightskyblue,318,280,259,511,
lightskyblue,318,280,261,511,
lightskyblue,318,280,283,511,
lightskyblue,318,280,285,511,
lightskyblue,318,280,287,511,
lightskyblue,318,280,289,511,
lightskyblue,318,280,291,511,
lightskyblue,318,280,263,511,
lightskyblue,318,280,293,511,
lightskyblue,318,280,295,511,
lightskyblue,318,280,265,511,
lightskyblue,318,280,297,511,
lightskyblue,318,280,299,511,
lightskyblue,318,280,301,511,
lightskyblue,318,280,303,511,
lightskyblue,318,280,305,511,
lightskyblue,318,280,307,511,
lightskyblue,318,280,309,511,
lightskyblue,318,280,311,511,
lightskyblue,318,280,313,511,
lightskyblue,318,280,315,511,
lightskyblue,318,267,258,95,
lightskyblue,318,255,258,95,
lightskyblue,318,269,258,95,
lightskyblue,318,271,258,95,
lightskyblue,318,273,258,95,
lightskyblue,318,275,258,95,
lightskyblue,318,277,258,95,
lightskyblue,318,279,258,95,
lightskyblue,318,258,281,95,
lightskyblue,318,258,259,95,
lightskyblue,318,258,261,95,
lightskyblue,318,258,283,95,
lightskyblue,318,258,285,95,
lightskyblue,318,258,287,95,
lightskyblue,318,258,289,95,
lightskyblue,318,258,291,95,
lightskyblue,318,258,263,95,
lightskyblue,318,258,293,95,
lightskyblue,318,258,295,95,
lightskyblue,318,258,265,95,
lightskyblue,318,258,297,95,
lightskyblue,318,258,299,95,
lightskyblue,318,258,301,95,
lightskyblue,318,258,303,95,
lightskyblue,318,258,305,95,
lightskyblue,318,258,307,95,
lightskyblue,318,258,309,95,
lightskyblue,318,258,311,95,
lightskyblue,318,258,313,95,
lightskyblue,318,258,315,95,
lightskyblue,318,267,282,543,
lightskyblue,318,255,282,543,
lightskyblue,318,269,282,543,
lightskyblue,318,271,282,543,
lightskyblue,318,273,282,543,
lightskyblue,318,275,282,543,
lightskyblue,318,277,282,543,
lightskyblue,318,279,282,543,
lightskyblue,318,257,282,543,
lightskyblue,318,282,259,543,
lightskyblue,318,282,261,543,
lightskyblue,318,282,283,543,
lightskyblue,318,282,285,543,
lightskyblue,318,282,287,543,
lightskyblue,318,282,289,543,
lightskyblue,318,282,291,543,
lightskyblue,318,282,263,543,
lightskyblue,318,282,293,543,
lightskyblue,318,282,295,543,
lightskyblue,318,282,265,543,
lightskyblue,318,282,297,543,
lightskyblue,318,282,299,543,
lightskyblue,318,282,301,543,
lightskyblue,318,282,303,543,
lightskyblue,318,282,305,543,
lightskyblue,318,282,307,543,
lightskyblue,318,282,309,543,
lightskyblue,318,282,311,543,
lightskyblue,318,282,313,543,
lightskyblue,318,282,315,543,
lightskyblue,318,267,260,127,
lightskyblue,318,255,260,127,
lightskyblue,318,269,260,127,
lightskyblue,318,271,260,127,
lightskyblue,318,273,260,127,
lightskyblue,318,275,260,127,
lightskyblue,318,277,260,127,
lightskyblue,318,279,260,127,
lightskyblue,318,257,260,127,
lightskyblue,318,281,260,127,
lightskyblue,318,260,261,127,
lightskyblue,318,260,283,127,
lightskyblue,318,260,285,127,
lightskyblue,318,260,287,127,
lightskyblue,318,260,289,127,
lightskyblue,318,260,291,127,
lightskyblue,318,260,263,127,
lightskyblue,318,260,293,127,
lightskyblue,318,260,295,127,
lightskyblue,318,260,265,127,
lightskyblue,318,260,297,127,
lightskyblue,318,260,299,127,
lightskyblue,318,260,301,127,
lightskyblue,318,260,303,127,
lightskyblue,318,260,305,127,
lightskyblue,318,260,307,127,
lightskyblue,318,260,309,127,
lightskyblue,318,260,311,127,
lightskyblue,318,260,313,127,
lightskyblue,318,260,315,127,
lightskyblue,318,267,262,159,
lightskyblue,318,255,262,159,
lightskyblue,318,269,262,159,
lightskyblue,318,271,262,159,
lightskyblue,318,273,262,159,
lightskyblue,318,275,262,159,
lightskyblue,318,277,262,159,
lightskyblue,318,279,262,159,
lightskyblue,318,257,262,159,
lightskyblue,318,281,262,159,
lightskyblue,318,259,262,159,
lightskyblue,318,262,283,159,
lightskyblue,318,262,285,159,
lightskyblue,318,262,287,159,
lightskyblue,318,262,289,159,
lightskyblue,318,262,291,159,
lightskyblue,318,262,263,159,
lightskyblue,318,262,293,159,
lightskyblue,318,262,295,159,
lightskyblue,318,262,265,159,
lightskyblue,318,262,297,159,
lightskyblue,318,262,299,159,
lightskyblue,318,262,301,159,
lightskyblue,318,262,303,159,
lightskyblue,318,262,305,159,
lightskyblue,318,262,307,159,
lightskyblue,318,262,309,159,
lightskyblue,318,262,311,159,
lightskyblue,318,262,313,159,
lightskyblue,318,262,315,159,
lightskyblue,318,267,284,575,
lightskyblue,318,255,284,575,
lightskyblue,318,269,284,575,
lightskyblue,318,271,284,575,
lightskyblue,318,273,284,575,
lightskyblue,318,275,284,575,
lightskyblue,318,277,284,575,
lightskyblue,318,279,284,575,
lightskyblue,318,257,284,575,
lightskyblue,318,281,284,575,
lightskyblue,318,259,284,575,
lightskyblue,318,261,284,575,
lightskyblue,318,284,285,575,
lightskyblue,318,284,287,575,
lightskyblue,318,284,289,575,
lightskyblue,318,284,291,575,
lightskyblue,318,284,263,575,
lightskyblue,318,284,293,575,
lightskyblue,318,284,295,575,
lightskyblue,318,284,265,575,
lightskyblue,318,284,297,575,
lightskyblue,318,284,299,575,
lightskyblue,318,284,301,575,
lightskyblue,318,284,303,575,
lightskyblue,318,284,305,575,
lightskyblue,318,284,307,575,
lightskyblue,318,284,309,575,
lightskyblue,318,284,311,575,
lightskyblue,318,284,313,575,
lightskyblue,318,284,315,575,
lightskyblue,318,267,286,607,
lightskyblue,318,255,286,607,
lightskyblue,318,269,286,607,
lightskyblue,318,271,286,607,
lightskyblue,318,273,286,607,
lightskyblue,318,275,286,607,
lightskyblue,318,277,286,607,
lightskyblue,318,279,286,607,
lightskyblue,318,257,286,607,
lightskyblue,318,281,286,607,
lightskyblue,318,259,286,607,
lightskyblue,318,261,286,607,
lightskyblue,318,283,286,607,
lightskyblue,318,286,287,607,
lightskyblue,318,286,289,607,
lightskyblue,318,286,291,607,
lightskyblue,318,286,263,607,
lightskyblue,318,286,293,607,
lightskyblue,318,286,295,607,
lightskyblue,318,286,265,607,
lightskyblue,318,286,297,607,
lightskyblue,318,286,299,607,
lightskyblue,318,286,301,607,
lightskyblue,318,286,303,607,
lightskyblue,318,286,305,607,
lightskyblue,318,286,307,607,
lightskyblue,318,286,309,607,
lightskyblue,318,286,311,607,
lightskyblue,318,286,313,607,
lightskyblue,318,286,315,607,
lightskyblue,318,267,288,639,
lightskyblue,318,255,288,639,
lightskyblue,318,269,288,639,
lightskyblue,318,271,288,639,
lightskyblue,318,273,288,639,
lightskyblue,318,275,288,639,
lightskyblue,318,277,288,639,
lightskyblue,318,279,288,639,
lightskyblue,318,257,288,639,
lightskyblue,318,281,288,639,
lightskyblue,318,259,288,639,
lightskyblue,318,261,288,639,
lightskyblue,318,283,288,639,
lightskyblue,318,285,288,639,
lightskyblue,318,288,289,639,
lightskyblue,318,288,291,639,
lightskyblue,318,288,263,639,
lightskyblue,318,288,293,639,
lightskyblue,318,288,295,639,
lightskyblue,318,288,265,639,
lightskyblue,318,288,297,639,
lightskyblue,318,288,299,639,
lightskyblue,318,288,301,639,
lightskyblue,318,288,303,639,
lightskyblue,318,288,305,639,
lightskyblue,318,288,307,639,
lightskyblue,318,288,309,639,
lightskyblue,318,288,311,639,
lightskyblue,318,288,313,639,
lightskyblue,318,288,315,639,
lightskyblue,318,267,290,671,
lightskyblue,318,255,290,671,
lightskyblue,318,269,290,671,
lightskyblue,318,271,290,671,
lightskyblue,318,273,290,671,
lightskyblue,318,275,290,671,
lightskyblue,318,277,290,671,
lightskyblue,318,279,290,671,
lightskyblue,318,257,290,671,
lightskyblue,318,281,290,671,
lightskyblue,318,259,290,671,
lightskyblue,318,261,290,671,
lightskyblue,318,283,290,671,
lightskyblue,318,285,290,671,
lightskyblue,318,287,290,671,
lightskyblue,318,290,291,671,
lightskyblue,318,290,263,671,
lightskyblue,318,290,293,671,
lightskyblue,318,290,295,671,
lightskyblue,318,290,265,671,
lightskyblue,318,290,297,671,
lightskyblue,318,290,299,671,
lightskyblue,318,290,301,671,
lightskyblue,318,290,303,671,
lightskyblue,318,290,305,671,
lightskyblue,318,290,307,671,
lightskyblue,318,290,309,671,
lightskyblue,318,290,311,671,
lightskyblue,318,290,313,671,
lightskyblue,318,290,315,671,
lightskyblue,318,267,292,703,
lightskyblue,318,255,292,703,
lightskyblue,318,269,292,703,
lightskyblue,318,271,292,703,
lightskyblue,318,273,292,703,
lightskyblue,318,275,292,703,
lightskyblue,318,277,292,703,
lightskyblue,318,279,292,703,
lightskyblue,318,257,292,703,
lightskyblue,318,281,292,703,
lightskyblue,318,259,292,703,
lightskyblue,318,261,292,703,
lightskyblue,318,283,292,703,
lightskyblue,318,285,292,703,
lightskyblue,318,287,292,703,
lightskyblue,318,289,292,703,
lightskyblue,318,292,263,703,
lightskyblue,318,292,293,703,
lightskyblue,318,292,295,703,
lightskyblue,318,292,265,703,
lightskyblue,318,292,297,703,
lightskyblue,318,292,299,703,
lightskyblue,318,292,301,703,
lightskyblue,318,292,303,703,
lightskyblue,318,292,305,703,
lightskyblue,318,292,307,703,
lightskyblue,318,292,309,703,
lightskyblue,318,292,311,703,
lightskyblue,318,292,313,703,
lightskyblue,318,292,315,703,
lightskyblue,318,267,264,191,
lightskyblue,318,255,264,191,
lightskyblue,318,269,264,191,
lightskyblue,318,271,264,191,
lightskyblue,318,273,264,191,
lightskyblue,318,275,264,191,
lightskyblue,318,277,264,191,
lightskyblue,318,279,264,191,
lightskyblue,318,257,264,191,
lightskyblue,318,281,264,191,
lightskyblue,318,259,264,191,
lightskyblue,318,261,264,191,
lightskyblue,318,283,264,191,
lightskyblue,318,285,264,191,
lightskyblue,318,287,264,191,
lightskyblue,318,289,264,191,
lightskyblue,318,291,264,191,
lightskyblue,318,264,293,191,
lightskyblue,318,264,295,191,
lightskyblue,318,264,265,191,
lightskyblue,318,264,297,191,
lightskyblue,318,264,299,191,
lightskyblue,318,264,301,191,
lightskyblue,318,264,303,191,
lightskyblue,318,264,305,191,
lightskyblue,318,264,307,191,
lightskyblue,318,264,309,191,
lightskyblue,318,264,311,191,
lightskyblue,318,264,313,191,
lightskyblue,318,264,315,191,
lightskyblue,318,267,294,735,
lightskyblue,318,255,294,735,
lightskyblue,318,269,294,735,
lightskyblue,318,271,294,735,
lightskyblue,318,273,294,735,
lightskyblue,318,275,294,735,
lightskyblue,318,277,294,735,
lightskyblue,318,279,294,735,
lightskyblue,318,257,294,735,
lightskyblue,318,281,294,735,
lightskyblue,318,259,294,735,
lightskyblue,318,261,294,735,
lightskyblue,318,283,294,735,
lightskyblue,318,285,294,735,
lightskyblue,318,287,294,735,
lightskyblue,318,289,294,735,
lightskyblue,318,291,294,735,
lightskyblue,318,263,294,735,
lightskyblue,318,294,295,735,
lightskyblue,318,294,265,735,
lightskyblue,318,294,297,735,
lightskyblue,318,294,299,735,
lightskyblue,318,294,301,735,
lightskyblue,318,294,303,735,
lightskyblue,318,294,305,735,
lightskyblue,318,294,307,735,
lightskyblue,318,294,309,735,
lightskyblue,318,294,311,735,
lightskyblue,318,294,313,735,
lightskyblue,318,294,315,735,
lightskyblue,318,267,296,767,
lightskyblue,318,255,296,767,
lightskyblue,318,269,296,767,
lightskyblue,318,271,296,767,
lightskyblue,318,273,296,767,
lightskyblue,318,275,296,767,
lightskyblue,318,277,296,767,
lightskyblue,318,279,296,767,
lightskyblue,318,257,296,767,
lightskyblue,318,281,296,767,
lightskyblue,318,259,296,767,
lightskyblue,318,261,296,767,
lightskyblue,318,283,296,767,
lightskyblue,318,285,296,767,
lightskyblue,318,287,296,767,
lightskyblue,318,289,296,767,
lightskyblue,318,291,296,767,
lightskyblue,318,263,296,767,
lightskyblue,318,293,296,767,
lightskyblue,318,296,265,767,
lightskyblue,318,296,297,767,
lightskyblue,318,296,299,767,
lightskyblue,318,296,301,767,
lightskyblue,318,296,303,767,
lightskyblue,318,296,305,767,
lightskyblue,318,296,307,767,
lightskyblue,318,296,309,767,
lightskyblue,318,296,311,767,
lightskyblue,318,296,313,767,
lightskyblue,318,296,315,767,
lightskyblue,318,267,266,223,
lightskyblue,318,255,266,223,
lightskyblue,318,269,266,223,
lightskyblue,318,271,266,223,
lightskyblue,318,273,266,223,
lightskyblue,318,275,266,223,
lightskyblue,318,277,266,223,
lightskyblue,318,279,266,223,
lightskyblue,318,257,266,223,
lightskyblue,318,281,266,223,
lightskyblue,318,259,266,223,
lightskyblue,318,261,266,223,
lightskyblue,318,283,266,223,
lightskyblue,318,285,266,223,
lightskyblue,318,287,266,223,
lightskyblue,318,289,266,223,
lightskyblue,318,291,266,223,
lightskyblue,318,263,266,223,
lightskyblue,318,293,266,223,
lightskyblue,318,295,266,223,
lightskyblue,318,266,297,223,
lightskyblue,318,266,299,223,
lightskyblue,318,266,301,223,
lightskyblue,318,266,303,223,
lightskyblue,318,266,305,223,
lightskyblue,318,266,307,223,
lightskyblue,318,266,309,223,
lightskyblue,318,266,311,223,
lightskyblue,318,266,313,223,
lightskyblue,318,266,315,223,
lightskyblue,318,267,298,799,
lightskyblue,318,255,298,799,
lightskyblue,318,269,298,799,
lightskyblue,318,271,298,799,
lightskyblue,318,273,298,799,
lightskyblue,318,275,298,799,
lightskyblue,318,277,298,799,
lightskyblue,318,279,298,799,
lightskyblue,318,257,298,799,
lightskyblue,318,281,298,799,
lightskyblue,318,259,298,799,
lightskyblue,318,261,298,799,
lightskyblue,318,283,298,799,
lightskyblue,318,285,298,799,
lightskyblue,318,287,298,799,
lightskyblue,318,289,298,799,
lightskyblue,318,291,298,799,
lightskyblue,318,263,298,799,
lightskyblue,318,293,298,799,
lightskyblue,318,295,298,799,
lightskyblue,318,265,298,799,
lightskyblue,318,298,299,799,
lightskyblue,318,298,301,799,
lightskyblue,318,298,303,799,
lightskyblue,318,298,305,799,
lightskyblue,318,298,307,799,
lightskyblue,318,298,309,799,
lightskyblue,318,298,311,799,
lightskyblue,318,298,313,799,
lightskyblue,318,298,315,799,
lightskyblue,318,267,300,831,
lightskyblue,318,255,300,831,
lightskyblue,318,269,300,831,
lightskyblue,318,271,300,831,
lightskyblue,318,273,300,831,
lightskyblue,318,275,300,831,
lightskyblue,318,277,300,831,
lightskyblue,318,279,300,831,
lightskyblue,318,257,300,831,
lightskyblue,318,281,300,831,
lightskyblue,318,259,300,831,
lightskyblue,318,261,300,831,
lightskyblue,318,283,300,831,
lightskyblue,318,285,300,831,
lightskyblue,318,287,300,831,
lightskyblue,318,289,300,831,
lightskyblue,318,291,300,831,
lightskyblue,318,263,300,831,
lightskyblue,318,293,300,831,
lightskyblue,318,295,300,831,
lightskyblue,318,265,300,831,
lightskyblue,318,297,300,831,
lightskyblue,318,300,301,831,
lightskyblue,318,300,303,831,
lightskyblue,318,300,305,831,
lightskyblue,318,300,307,831,
lightskyblue,318,300,309,831,
lightskyblue,318,300,311,831,
lightskyblue,318,300,313,831,
lightskyblue,318,300,315,831,
lightskyblue,318,267,302,863,
lightskyblue,318,255,302,863,
lightskyblue,318,269,302,863,
lightskyblue,318,271,302,863,
lightskyblue,318,273,302,863,
lightskyblue,318,275,302,863,
lightskyblue,318,277,302,863,
lightskyblue,318,279,302,863,
lightskyblue,318,257,302,863,
lightskyblue,318,281,302,863,
lightskyblue,318,259,302,863,
lightskyblue,318,261,302,863,
lightskyblue,318,283,302,863,
lightskyblue,318,285,302,863,
lightskyblue,318,287,302,863,
lightskyblue,318,289,302,863,
lightskyblue,318,291,302,863,
lightskyblue,318,263,302,863,
lightskyblue,318,293,302,863,
lightskyblue,318,295,302,863,
lightskyblue,318,265,302,863,
lightskyblue,318,297,302,863,
lightskyblue,318,299,302,863,
lightskyblue,318,302,303,863,
lightskyblue,318,302,305,863,
lightskyblue,318,302,307,863,
lightskyblue,318,302,309,863,
lightskyblue,318,302,311,863,
lightskyblue,318,302,313,863,
lightskyblue,318,302,315,863,
lightskyblue,318,267,304,895,
lightskyblue,318,255,304,895,
lightskyblue,318,269,304,895,
lightskyblue,318,271,304,895,
lightskyblue,318,273,304,895,
lightskyblue,318,275,304,895,
lightskyblue,318,277,304,895,
lightskyblue,318,279,304,895,
lightskyblue,318,257,304,895,
lightskyblue,318,281,304,895,
lightskyblue,318,259,304,895,
lightskyblue,318,261,304,895,
lightskyblue,318,283,304,895,
lightskyblue,318,285,304,895,
lightskyblue,318,287,304,895,
lightskyblue,318,289,304,895,
lightskyblue,318,291,304,895,
lightskyblue,318,263,304,895,
lightskyblue,318,293,304,895,
lightskyblue,318,295,304,895,
lightskyblue,318,265,304,895,
lightskyblue,318,297,304,895,
lightskyblue,318,299,304,895,
lightskyblue,318,301,304,895,
lightskyblue,318,304,305,895,
lightskyblue,318,304,307,895,
lightskyblue,318,304,309,895,
lightskyblue,318,304,311,895,
lightskyblue,318,304,313,895,
lightskyblue,318,304,315,895,
lightskyblue,318,267,306,927,
lightskyblue,318,255,306,927,
lightskyblue,318,269,306,927,
lightskyblue,318,271,306,927,
lightskyblue,318,273,306,927,
lightskyblue,318,275,306,927,
lightskyblue,318,277,306,927,
lightskyblue,318,279,306,927,
lightskyblue,318,257,306,927,
lightskyblue,318,281,306,927,
lightskyblue,318,259,306,927,
lightskyblue,318,261,306,927,
lightskyblue,318,283,306,927,
lightskyblue,318,285,306,927,
lightskyblue,318,287,306,927,
lightskyblue,318,289,306,927,
lightskyblue,318,291,306,927,
lightskyblue,318,263,306,927,
lightskyblue,318,293,306,927,
lightskyblue,318,295,306,927,
lightskyblue,318,265,306,927,
lightskyblue,318,297,306,927,
lightskyblue,318,299,306,927,
lightskyblue,318,301,306,927,
lightskyblue,318,303,306,927,
lightskyblue,318,306,307,927,
lightskyblue,318,306,309,927,
lightskyblue,318,306,311,927,
lightskyblue,318,306,313,927,
lightskyblue,318,306,315,927,
lightskyblue,318,267,308,959,
lightskyblue,318,255,308,959,
lightskyblue,318,269,308,959,
lightskyblue,318,271,308,959,
lightskyblue,318,273,308,959,
lightskyblue,318,275,308,959,
lightskyblue,318,277,308,959,
lightskyblue,318,279,308,959,
lightskyblue,318,257,308,959,
lightskyblue,318,281,308,959,
lightskyblue,318,259,308,959,
lightskyblue,318,261,308,959,
lightskyblue,318,283,308,959,
lightskyblue,318,285,308,959,
lightskyblue,318,287,308,959,
lightskyblue,318,289,308,959,
lightskyblue,318,291,308,959,
lightskyblue,318,263,308,959,
lightskyblue,318,293,308,959,
lightskyblue,318,295,308,959,
lightskyblue,318,265,308,959,
lightskyblue,318,297,308,959,
lightskyblue,318,299,308,959,
lightskyblue,318,301,308,959,
lightskyblue,318,303,308,959,
lightskyblue,318,305,308,959,
lightskyblue,318,308,309,959,
lightskyblue,318,308,311,959,
lightskyblue,318,308,313,959,
lightskyblue,318,308,315,959,
lightskyblue,318,267,310,991,
lightskyblue,318,255,310,991,
lightskyblue,318,269,310,991,
lightskyblue,318,271,310,991,
lightskyblue,318,273,310,991,
lightskyblue,318,275,310,991,
lightskyblue,318,277,310,991,
lightskyblue,318,279,310,991,
lightskyblue,318,257,310,991,
lightskyblue,318,281,310,991,
lightskyblue,318,259,310,991,
lightskyblue,318,261,310,991,
lightskyblue,318,283,310,991,
lightskyblue,318,285,310,991,
lightskyblue,318,287,310,991,
lightskyblue,318,289,310,991,
lightskyblue,318,291,310,991,
lightskyblue,318,263,310,991,
lightskyblue,318,293,310,991,
lightskyblue,318,295,310,991,
lightskyblue,318,265,310,991,
lightskyblue,318,297,310,991,
lightskyblue,318,299,310,991,
lightskyblue,318,301,310,991,
lightskyblue,318,303,310,991,
lightskyblue,318,305,310,991,
lightskyblue,318,307,310,991,
lightskyblue,318,310,311,991,
lightskyblue,318,310,313,991,
lightskyblue,318,310,315,991,
lightskyblue,318,267,312,1023,
lightskyblue,318,255,312,1023,
lightskyblue,318,269,312,1023,
lightskyblue,318,271,312,1023,
lightskyblue,318,273,312,1023,
lightskyblue,318,275,312,1023,
lightskyblue,318,277,312,1023,
lightskyblue,318,279,312,1023,
lightskyblue,318,257,312,1023,
lightskyblue,318,281,312,1023,
lightskyblue,318,259,312,1023,
lightskyblue,318,261,312,1023,
lightskyblue,318,283,312,1023,
lightskyblue,318,285,312,1023,
lightskyblue,318,287,312,1023,
lightskyblue,318,289,312,1023,
lightskyblue,318,291,312,1023,
lightskyblue,318,263,312,1023,
lightskyblue,318,293,312,1023,
lightskyblue,318,295,312,1023,
lightskyblue,318,265,312,1023,
lightskyblue,318,297,312,1023,
lightskyblue,318,299,312,1023,
lightskyblue,318,301,312,1023,
lightskyblue,318,303,312,1023,
lightskyblue,318,305,312,1023,
lightskyblue,318,307,312,1023,
lightskyblue,318,309,312,1023,
lightskyblue,318,312,313,1023,
lightskyblue,318,312,315,1023,
lightskyblue,318,267,314,1055,
lightskyblue,318,255,314,1055,
lightskyblue,318,269,314,1055,
lightskyblue,318,271,314,1055,
lightskyblue,318,273,314,1055,
lightskyblue,318,275,314,1055,
lightskyblue,318,277,314,1055,
lightskyblue,318,279,314,1055,
lightskyblue,318,257,314,1055,
lightskyblue,318,281,314,1055,
lightskyblue,318,259,314,1055,
lightskyblue,318,261,314,1055,
lightskyblue,318,283,314,1055,
lightskyblue,318,285,314,1055,
lightskyblue,318,287,314,1055,
lightskyblue,318,289,314,1055,
lightskyblue,318,291,314,1055,
lightskyblue,318,263,314,1055,
lightskyblue,318,293,314,1055,
lightskyblue,318,295,314,1055,
lightskyblue,318,265,314,1055,
lightskyblue,318,297,314,1055,
lightskyblue,318,299,314,1055,
lightskyblue,318,301,314,1055,
lightskyblue,318,303,314,1055,
lightskyblue,318,305,314,1055,
lightskyblue,318,307,314,1055,
lightskyblue,318,309,314,1055,
lightskyblue,318,311,314,1055,
lightskyblue,318,314,315,1055,
lightskyblue,318,267,316,1087,
lightskyblue,318,255,316,1087,
lightskyblue,318,269,316,1087,
lightskyblue,318,271,316,1087,
lightskyblue,318,273,316,1087,
lightskyblue,318,275,316,1087,
lightskyblue,318,277,316,1087,
lightskyblue,318,279,316,1087,
lightskyblue,318,257,316,1087,
lightskyblue,318,281,316,1087,
lightskyblue,318,259,316,1087,
lightskyblue,318,261,316,1087,
lightskyblue,318,283,316,1087,
lightskyblue,318,285,316,1087,
lightskyblue,318,287,316,1087,
lightskyblue,318,289,316,1087,
lightskyblue,318,291,316,1087,
lightskyblue,318,263,316,1087,
lightskyblue,318,293,316,1087,
lightskyblue,318,295,316,1087,
lightskyblue,318,265,316,1087,
lightskyblue,318,297,316,1087,
lightskyblue,318,299,316,1087,
lightskyblue,318,301,316,1087,
lightskyblue,318,303,316,1087,
lightskyblue,318,305,316,1087,
lightskyblue,318,307,316,1087,
lightskyblue,318,309,316,1087,
lightskyblue,318,311,316,1087,
lightskyblue,318,313,316,1087,
