green,
green,
green,
green,
green,
green,
green,
green,
green,
green,
green,
green,
green,
green,
green,
green,
green,
green,
green,
green,
green,
green,
green,
green,
green,
green,
green,
green,
green,
green,
green,
green,
green,
green,
green,
green,
green,
green,
green,
green,
green,
green,
green,
green,
green,
green,
green,
green,
green,
green,
green,
green,
green,
green,
green,
green,
green,
green,
green,
green,
green,
green,
green,
green,
green,
green,
green,
green,
green,
green,
green,
green,
green,
green,
green,
green,
green,
green,
green,
green,
green,
green,
green,
gold,0,731,732,733,734,742,743,744,745,1139,1140,1141,1142,1150,1151,1152,1153,1162,1163,1164,1165,
gold,0,
gold,1,723,724,725,726,735,736,737,738,1131,1132,1133,1134,1143,1144,1145,1146,1154,1155,1156,1157,
gold,1,
gold,2,1131,1132,1133,1134,1135,1136,1137,1138,1139,1140,1141,1142,
red,2,723,724,725,726,727,728,729,730,731,732,733,734,847,849,1143,1144,1145,1146,1147,1148,1149,1150,1151,1152,1153,1483,1485,
gold,2,735,736,737,738,739,740,741,742,743,744,745,848,850,1154,1155,1156,1157,1158,1159,1160,1161,1162,1163,1164,1165,1484,1486,
gold,3,723,727,731,735,739,742,1131,1135,1139,1143,1147,1150,1154,1158,1162,
gold,3,724,728,732,736,740,743,1132,1136,1140,1144,1148,1151,1155,1159,1163,
gold,3,531,532,725,729,733,737,744,847,848,849,850,1133,1137,1141,1145,1152,1156,1160,1164,1483,1484,1485,1486,
red,3,726,730,734,738,741,745,1134,1138,1142,1146,1149,1153,1157,1161,1165,
red,4,727,728,729,730,739,740,741,1135,1136,1137,1138,1147,1148,1149,1158,1159,1160,1161,
gold,4,
gold,5,662,663,664,665,673,674,675,676,1045,1046,1047,1048,1057,1058,1059,1060,
gold,5,
gold,6,654,658,662,666,670,673,1038,1042,1045,1049,1053,1057,
gold,6,655,659,663,667,671,674,1039,1043,1046,1050,1054,1058,
gold,6,525,526,656,660,664,668,675,835,836,837,838,1040,1047,1051,1055,1059,1471,1472,1473,1474,
gold,6,657,661,665,669,672,676,1041,1044,1048,1052,1056,1060,
gold,7,658,659,660,661,670,671,672,1042,1043,1044,1053,1054,1055,1056,
gold,7,
red,8,654,655,656,657,666,667,668,669,1038,1039,1040,1041,1049,1050,1051,1052,
gold,8,
red,9,654,655,656,657,658,659,660,661,662,663,664,665,835,837,1038,1039,1040,1041,1042,1043,1044,1045,1046,1047,1048,1471,1473,
gold,9,666,667,668,669,670,671,672,673,674,675,676,836,838,1049,1050,1051,1052,1053,1054,1055,1056,1057,1058,1059,1060,1472,1474,
gold,10,570,571,572,573,581,582,583,584,906,907,908,909,917,918,919,920,929,930,931,932,
gold,10,
gold,11,898,899,900,901,902,903,904,905,906,907,908,909,
gold,11,562,563,564,565,566,567,568,569,570,571,572,573,819,821,910,911,912,913,914,915,916,917,918,919,920,1455,1457,
gold,11,574,575,576,577,578,579,580,581,582,583,584,820,822,921,922,923,924,925,926,927,928,929,930,931,932,1456,1458,
gold,12,566,567,568,569,578,579,580,902,903,904,905,914,915,916,925,926,927,928,
gold,12,
red,13,562,563,564,565,574,575,576,577,898,899,900,901,910,911,912,913,921,922,923,924,
gold,13,
gold,14,562,566,570,574,578,581,898,902,906,910,914,917,921,925,929,
gold,14,563,567,571,575,579,582,899,903,907,911,915,918,922,926,930,
gold,14,517,518,564,568,572,576,583,819,820,821,822,900,904,908,912,919,923,927,931,1455,1456,1457,1458,
red,14,565,569,573,577,580,584,901,905,909,913,916,920,924,928,932,
gold,15,1271,1272,1273,1274,1275,1276,1277,1278,1279,1280,1281,1282,1283,1284,1285,1286,1287,1288,1319,1320,1321,1322,1323,1324,1325,1326,1327,1328,1329,1330,1331,1332,1333,1334,1335,1336,1337,1338,1339,1379,1380,1381,1382,1383,1384,1385,1386,1387,1388,1389,1390,1391,1392,1393,1394,1395,1396,1397,1398,1399,1400,1401,1402,1499,
gold,15,
gold,16,1289,1290,1291,1292,1293,1294,1295,1296,1297,1298,1299,1300,1301,1302,1303,1340,1341,1342,1343,1344,1345,1346,1347,1348,1349,1350,1351,1352,1353,1354,1355,1356,1357,1403,1404,1405,1406,1407,1408,1409,1410,1411,1412,1413,1414,1415,1416,1417,1418,1419,1420,1421,1422,1423,1500,
gold,16,
gold,17,1358,1359,1360,1424,1425,1426,1427,1428,1429,1501,
gold,17,
gold,18,1499,1500,1501,1502,
gold,18,335,336,337,338,339,340,341,342,343,344,345,346,347,348,349,350,351,352,383,384,385,386,387,388,389,390,391,392,393,394,395,396,397,398,399,400,401,402,403,443,444,445,446,447,448,449,450,451,452,453,454,455,456,457,458,459,460,461,462,463,464,465,466,1503,
gold,18,353,354,355,356,357,358,359,360,361,362,363,364,365,366,367,404,405,406,407,408,409,410,411,412,413,414,415,416,417,418,419,420,421,467,468,469,470,471,472,473,474,475,476,477,478,479,480,481,482,483,484,485,486,487,1504,
gold,18,422,423,424,488,489,490,491,492,493,1505,
gold,18,368,369,370,371,372,373,374,375,376,377,378,379,380,381,382,425,426,427,428,429,430,431,432,433,434,435,436,437,438,439,440,441,442,494,495,496,497,498,499,500,501,502,503,504,505,506,507,508,509,510,511,512,513,514,1506,
gold,19,1304,1305,1306,1307,1308,1309,1310,1311,1312,1313,1314,1315,1316,1317,1318,1361,1362,1363,1364,1365,1366,1367,1368,1369,1370,1371,1372,1373,1374,1375,1376,1377,1378,1430,1431,1432,1433,1434,1435,1436,1437,1438,1439,1440,1441,1442,1443,1444,1445,1446,1447,1448,1449,1450,1502,
gold,19,
gold,20,
gold,20,488,490,492,1424,1426,1428,
gold,20,422,423,424,489,491,493,1358,1359,1360,1425,1427,1429,
gold,21,547,548,549,550,558,559,560,561,871,872,873,874,882,883,884,885,894,895,896,897,
gold,21,
gold,22,616,617,618,619,627,628,629,630,976,977,978,979,987,988,989,990,999,1000,1001,1002,
gold,22,
gold,23,639,640,641,642,650,651,652,653,1011,1012,1013,1014,1022,1023,1024,1025,1034,1035,1036,1037,
gold,23,
gold,24,685,686,687,688,696,697,698,699,1069,1070,1071,1072,1080,1081,1082,1083,1092,1093,1094,1095,
gold,24,
gold,25,708,709,710,711,719,720,721,722,1104,1105,1106,1107,1115,1116,1117,1118,1127,1128,1129,1130,
gold,25,
gold,26,777,778,779,780,788,789,790,791,1209,1210,1211,1212,1220,1221,1222,1223,1232,1233,1234,1235,
gold,26,
gold,27,800,801,802,803,811,812,813,814,1244,1245,1246,1247,1255,1256,1257,1258,1267,1268,1269,1270,
gold,27,
gold,28,754,755,756,757,765,766,767,768,1174,1175,1176,1177,1185,1186,1187,1188,1197,1198,1199,1200,
gold,28,
gold,29,539,540,541,542,551,552,553,554,863,864,865,866,875,876,877,878,886,887,888,889,
gold,29,
gold,30,585,586,587,588,597,598,599,600,933,934,935,936,945,946,947,948,956,957,958,959,
gold,30,
gold,31,608,609,610,611,620,621,622,623,968,969,970,971,980,981,982,983,991,992,993,994,
gold,31,
gold,32,677,678,679,680,689,690,691,692,1061,1062,1063,1064,1073,1074,1075,1076,1084,1085,1086,1087,
gold,32,
gold,33,769,770,771,772,781,782,783,784,1201,1202,1203,1204,1213,1214,1215,1216,1224,1225,1226,1227,
gold,33,
gold,34,792,793,794,795,804,805,806,807,1236,1237,1238,1239,1248,1249,1250,1251,1259,1260,1261,1262,
gold,34,
gold,35,746,747,748,749,758,759,760,761,1166,1167,1168,1169,1178,1179,1180,1181,1189,1190,1191,1192,
gold,35,
gold,36,
gold,36,467,474,481,1403,1410,1417,
gold,36,404,410,416,468,475,482,1340,1346,1352,1404,1411,1418,
gold,36,353,358,363,405,411,417,469,476,483,1289,1294,1299,1341,1347,1353,1405,1412,1419,
gold,36,354,359,364,406,412,418,470,477,484,1290,1295,1300,1342,1348,1354,1406,1413,1420,
gold,36,355,360,365,407,413,419,471,478,485,1291,1296,1301,1343,1349,1355,1407,1414,1421,
gold,36,356,361,366,408,414,420,472,479,486,1292,1297,1302,1344,1350,1356,1408,1415,1422,
gold,36,357,362,367,409,415,421,473,480,487,1293,1298,1303,1345,1351,1357,1409,1416,1423,
gold,37,
gold,37,494,501,508,1430,1437,1444,
gold,37,425,431,437,495,502,509,1361,1367,1373,1431,1438,1445,
gold,37,368,373,378,426,432,438,496,503,510,1304,1309,1314,1362,1368,1374,1432,1439,1446,
gold,37,369,374,379,427,433,439,497,504,511,1305,1310,1315,1363,1369,1375,1433,1440,1447,
gold,37,370,375,380,428,434,440,498,505,512,1306,1311,1316,1364,1370,1376,1434,1441,1448,
gold,37,371,376,381,429,435,441,499,506,513,1307,1312,1317,1365,1371,1377,1435,1442,1449,
gold,37,372,377,382,430,436,442,500,507,514,1308,1313,1318,1366,1372,1378,1436,1443,1450,
gold,38,
gold,38,443,451,459,1379,1387,1395,
gold,38,383,390,397,444,452,460,1319,1326,1333,1380,1388,1396,
gold,38,335,341,347,384,391,398,445,453,461,1271,1277,1283,1320,1327,1334,1381,1389,1397,
gold,38,336,342,348,385,392,399,446,454,462,1272,1278,1284,1321,1328,1335,1382,1390,1398,
gold,38,337,343,349,386,393,400,447,455,463,1273,1279,1285,1322,1329,1336,1383,1391,1399,
gold,38,338,344,350,387,394,401,448,456,464,1274,1280,1286,1323,1330,1337,1384,1392,1400,
gold,38,339,345,351,388,395,402,449,457,465,1275,1281,1287,1324,1331,1338,1385,1393,1401,
gold,38,340,346,352,389,396,403,450,458,466,1276,1282,1288,1325,1332,1339,1386,1394,1402,
gold,39,677,681,685,689,693,696,1061,1065,1069,1073,1077,1080,1084,1088,1092,
gold,39,678,682,686,690,694,697,1062,1066,1070,1074,1078,1081,1085,1089,1093,
gold,39,527,528,679,683,687,691,698,839,840,841,842,1063,1067,1071,1075,1082,1086,1090,1094,1475,1476,1477,1478,
gold,39,680,684,688,692,695,699,1064,1068,1072,1076,1079,1083,1087,1091,1095,
gold,39,383,384,385,386,387,388,389,404,405,406,407,408,409,422,425,426,427,428,429,430,1319,1320,1321,1322,1323,1324,1325,1340,1341,1342,1343,1344,1345,1358,1361,1362,1363,1364,1365,1366,
gold,40,681,682,683,684,693,694,695,1065,1066,1067,1068,1077,1078,1079,1088,1089,1090,1091,
gold,40,
gold,41,746,750,754,758,762,765,1166,1170,1174,1178,1182,1185,1189,1193,1197,
gold,41,747,751,755,759,763,766,1167,1171,1175,1179,1183,1186,1190,1194,1198,
gold,41,533,534,748,752,756,760,767,851,852,853,854,1168,1172,1176,1180,1187,1191,1195,1199,1487,1488,1489,1490,
gold,41,749,753,757,761,764,768,1169,1173,1177,1181,1184,1188,1192,1196,1200,
gold,41,347,348,349,350,351,352,363,364,365,366,367,378,379,380,381,382,1283,1284,1285,1286,1287,1288,1299,1300,1301,1302,1303,1314,1315,1316,1317,1318,
gold,42,750,751,752,753,762,763,764,1170,1171,1172,1173,1182,1183,1184,1193,1194,1195,1196,
gold,42,
gold,43,1096,1097,1098,1099,1100,1101,1102,1103,1104,1105,1106,1107,
gold,43,700,701,702,703,704,705,706,707,708,709,710,711,843,845,1108,1109,1110,1111,1112,1113,1114,1115,1116,1117,1118,1479,1481,
gold,43,712,713,714,715,716,717,718,719,720,721,722,844,846,1119,1120,1121,1122,1123,1124,1125,1126,1127,1128,1129,1130,1480,1482,
gold,43,
gold,44,704,705,706,707,716,717,718,1100,1101,1102,1103,1112,1113,1114,1123,1124,1125,1126,
gold,44,
gold,45,612,613,614,615,624,625,626,972,973,974,975,984,985,986,995,996,997,998,
gold,45,
gold,46,796,797,798,799,808,809,810,1240,1241,1242,1243,1252,1253,1254,1263,1264,1265,1266,
gold,46,
gold,47,543,544,545,546,555,556,557,867,868,869,870,879,880,881,890,891,892,893,
gold,47,
gold,48,773,774,775,776,785,786,787,1205,1206,1207,1208,1217,1218,1219,1228,1229,1230,1231,
gold,48,
gold,49,635,636,637,638,647,648,649,1007,1008,1009,1010,1019,1020,1021,1030,1031,1032,1033,
gold,49,
gold,50,589,590,591,592,601,602,603,937,938,939,940,949,950,951,960,961,962,963,
gold,50,
red,51,700,701,702,703,712,713,714,715,1096,1097,1098,1099,1108,1109,1110,1111,1119,1120,1121,1122,
gold,51,
red,52,593,594,595,596,604,605,606,607,941,942,943,944,952,953,954,955,964,965,966,967,
gold,52,
red,53,631,632,633,634,643,644,645,646,1003,1004,1005,1006,1015,1016,1017,1018,1026,1027,1028,1029,
gold,53,
red,54,533,534,746,747,748,749,750,751,752,753,754,755,756,757,758,759,760,761,762,763,764,765,766,767,768,851,852,853,854,1166,1167,1168,1169,1170,1171,1172,1173,1174,1175,1176,1177,1178,1179,1180,1181,1182,1183,1184,1185,1186,1187,1188,1189,1190,1191,1192,1193,1194,1195,1196,1197,1198,1199,1200,1487,1488,1489,1490,
gold,54,
red,55,521,522,608,609,610,611,612,613,614,615,616,617,618,619,620,621,622,623,624,625,626,627,628,629,630,827,828,829,830,968,969,970,971,972,973,974,975,976,977,978,979,980,981,982,983,984,985,986,987,988,989,990,991,992,993,994,995,996,997,998,999,1000,1001,1002,1463,1464,1465,1466,
gold,55,
red,56,523,524,631,632,633,634,635,636,637,638,639,640,641,642,643,644,645,646,647,648,649,650,651,652,653,831,832,833,834,1003,1004,1005,1006,1007,1008,1009,1010,1011,1012,1013,1014,1015,1016,1017,1018,1019,1020,1021,1022,1023,1024,1025,1026,1027,1028,1029,1030,1031,1032,1033,1034,1035,1036,1037,1467,1468,1469,1470,
gold,56,
red,57,527,528,677,678,679,680,681,682,683,684,685,686,687,688,689,690,691,692,693,694,695,696,697,698,699,839,840,841,842,1061,1062,1063,1064,1065,1066,1067,1068,1069,1070,1071,1072,1073,1074,1075,1076,1077,1078,1079,1080,1081,1082,1083,1084,1085,1086,1087,1088,1089,1090,1091,1092,1093,1094,1095,1475,1476,1477,1478,
gold,57,
red,58,529,530,700,701,702,703,704,705,706,707,708,709,710,711,712,713,714,715,716,717,718,719,720,721,722,843,844,845,846,1096,1097,1098,1099,1100,1101,1102,1103,1104,1105,1106,1107,1108,1109,1110,1111,1112,1113,1114,1115,1116,1117,1118,1119,1120,1121,1122,1123,1124,1125,1126,1127,1128,1129,1130,1479,1480,1481,1482,
gold,58,
red,59,537,538,792,793,794,795,796,797,798,799,800,801,802,803,804,805,806,807,808,809,810,811,812,813,814,859,860,861,862,1236,1237,1238,1239,1240,1241,1242,1243,1244,1245,1246,1247,1248,1249,1250,1251,1252,1253,1254,1255,1256,1257,1258,1259,1260,1261,1262,1263,1264,1265,1266,1267,1268,1269,1270,1495,1496,1497,1498,
gold,59,
red,60,515,516,539,540,541,542,543,544,545,546,547,548,549,550,551,552,553,554,555,556,557,558,559,560,561,815,816,817,818,863,864,865,866,867,868,869,870,871,872,873,874,875,876,877,878,879,880,881,882,883,884,885,886,887,888,889,890,891,892,893,894,895,896,897,1451,1452,1453,1454,
gold,60,
red,61,519,520,585,586,587,588,589,590,591,592,593,594,595,596,597,598,599,600,601,602,603,604,605,606,607,823,824,825,826,933,934,935,936,937,938,939,940,941,942,943,944,945,946,947,948,949,950,951,952,953,954,955,956,957,958,959,960,961,962,963,964,965,966,967,1459,1460,1461,1462,
gold,61,
red,62,535,536,769,770,771,772,773,774,775,776,777,778,779,780,781,782,783,784,785,786,787,788,789,790,791,855,856,857,858,1201,1202,1203,1204,1205,1206,1207,1208,1209,1210,1211,1212,1213,1214,1215,1216,1217,1218,1219,1220,1221,1222,1223,1224,1225,1226,1227,1228,1229,1230,1231,1232,1233,1234,1235,1491,1492,1493,1494,
gold,62,
gold,63,1166,1167,1168,1169,1170,1171,1172,1173,1174,1175,1176,1177,
red,63,746,747,748,749,750,751,752,753,754,755,756,757,851,853,1178,1179,1180,1181,1182,1183,1184,1185,1186,1187,1188,1487,1489,
gold,63,758,759,760,761,762,763,764,765,766,767,768,852,854,1189,1190,1191,1192,1193,1194,1195,1196,1197,1198,1199,1200,1488,1490,
gold,63,
gold,64,608,612,616,620,624,627,968,972,976,980,984,987,991,995,999,
gold,64,609,613,617,621,625,628,969,973,977,981,985,988,992,996,1000,
gold,64,521,522,610,614,618,622,629,827,828,829,830,970,974,978,982,989,993,997,1001,1463,1464,1465,1466,
red,64,611,615,619,623,626,630,971,975,979,983,986,990,994,998,1002,
gold,64,335,336,337,338,339,340,353,354,355,356,357,368,369,370,371,372,1271,1272,1273,1274,1275,1276,1289,1290,1291,1292,1293,1304,1305,1306,1307,1308,
gold,65,968,969,970,971,972,973,974,975,976,977,978,979,
red,65,608,609,610,611,612,613,614,615,616,617,618,619,827,829,980,981,982,983,984,985,986,987,988,989,990,1463,1465,
gold,65,620,621,622,623,624,625,626,627,628,629,630,828,830,991,992,993,994,995,996,997,998,999,1000,1001,1002,1464,1466,
gold,65,
gold,66,631,635,639,643,647,650,1003,1007,1011,1015,1019,1022,1026,1030,1034,
gold,66,632,636,640,644,648,651,1004,1008,1012,1016,1020,1023,1027,1031,1035,
gold,66,523,524,633,637,641,645,652,831,832,833,834,1005,1009,1013,1017,1024,1028,1032,1036,1467,1468,1469,1470,
red,66,634,638,642,646,649,653,1006,1010,1014,1018,1021,1025,1029,1033,1037,
gold,66,341,342,343,344,345,346,358,359,360,361,362,373,374,375,376,377,1277,1278,1279,1280,1281,1282,1294,1295,1296,1297,1298,1309,1310,1311,1312,1313,
gold,67,1003,1004,1005,1006,1007,1008,1009,1010,1011,1012,1013,1014,
red,67,631,632,633,634,635,636,637,638,639,640,641,642,831,833,1015,1016,1017,1018,1019,1020,1021,1022,1023,1024,1025,1467,1469,
gold,67,643,644,645,646,647,648,649,650,651,652,653,832,834,1026,1027,1028,1029,1030,1031,1032,1033,1034,1035,1036,1037,1468,1470,
gold,67,
gold,68,1061,1062,1063,1064,1065,1066,1067,1068,1069,1070,1071,1072,
red,68,677,678,679,680,681,682,683,684,685,686,687,688,839,841,1073,1074,1075,1076,1077,1078,1079,1080,1081,1082,1083,1475,1477,
gold,68,689,690,691,692,693,694,695,696,697,698,699,840,842,1084,1085,1086,1087,1088,1089,1090,1091,1092,1093,1094,1095,1476,1478,
gold,68,
gold,69,700,704,708,712,716,719,1096,1100,1104,1108,1112,1115,1119,1123,1127,
gold,69,701,705,709,713,717,720,1097,1101,1105,1109,1113,1116,1120,1124,1128,
gold,69,529,530,702,706,710,714,721,843,844,845,846,1098,1102,1106,1110,1117,1121,1125,1129,1479,1480,1481,1482,
red,69,703,707,711,715,718,722,1099,1103,1107,1111,1114,1118,1122,1126,1130,
gold,69,390,391,392,393,394,395,396,410,411,412,413,414,415,423,431,432,433,434,435,436,1326,1327,1328,1329,1330,1331,1332,1346,1347,1348,1349,1350,1351,1359,1367,1368,1369,1370,1371,1372,
gold,70,792,796,800,804,808,811,1236,1240,1244,1248,1252,1255,1259,1263,1267,
red,70,793,797,801,805,809,812,1237,1241,1245,1249,1253,1256,1260,1264,1268,
gold,70,537,538,794,798,802,806,813,859,860,861,862,1238,1242,1246,1250,1257,1261,1265,1269,1495,1496,1497,1498,
gold,70,795,799,803,807,810,814,1239,1243,1247,1251,1254,1258,1262,1266,1270,
gold,70,397,398,399,400,401,402,403,416,417,418,419,420,421,424,437,438,439,440,441,442,1333,1334,1335,1336,1337,1338,1339,1352,1353,1354,1355,1356,1357,1360,1373,1374,1375,1376,1377,1378,
gold,71,1236,1237,1238,1239,1240,1241,1242,1243,1244,1245,1246,1247,
red,71,792,793,794,795,796,797,798,799,800,801,802,803,859,861,1248,1249,1250,1251,1252,1253,1254,1255,1256,1257,1258,1495,1497,
gold,71,804,805,806,807,808,809,810,811,812,813,814,860,862,1259,1260,1261,1262,1263,1264,1265,1266,1267,1268,1269,1270,1496,1498,
gold,71,
gold,72,539,543,547,551,555,558,863,867,871,875,879,882,886,890,894,
red,72,540,544,548,552,556,559,864,868,872,876,880,883,887,891,895,
gold,72,515,516,541,545,549,553,560,815,816,817,818,865,869,873,877,884,888,892,896,1451,1452,1453,1454,
gold,72,542,546,550,554,557,561,866,870,874,878,881,885,889,893,897,
gold,72,443,444,445,446,447,448,449,450,467,468,469,470,471,472,473,488,489,494,495,496,497,498,499,500,1379,1380,1381,1382,1383,1384,1385,1386,1403,1404,1405,1406,1407,1408,1409,1424,1425,1430,1431,1432,1433,1434,1435,1436,
gold,73,863,864,865,866,867,868,869,870,871,872,873,874,
red,73,539,540,541,542,543,544,545,546,547,548,549,550,815,817,875,876,877,878,879,880,881,882,883,884,885,1451,1453,
gold,73,551,552,553,554,555,556,557,558,559,560,561,816,818,886,887,888,889,890,891,892,893,894,895,896,897,1452,1454,
gold,73,
gold,74,585,589,593,597,601,604,933,937,941,945,949,952,956,960,964,
red,74,586,590,594,598,602,605,934,938,942,946,950,953,957,961,965,
gold,74,519,520,587,591,595,599,606,823,824,825,826,935,939,943,947,954,958,962,966,1459,1460,1461,1462,
gold,74,588,592,596,600,603,607,936,940,944,948,951,955,959,963,967,
gold,74,451,452,453,454,455,456,457,458,474,475,476,477,478,479,480,490,491,501,502,503,504,505,506,507,1387,1388,1389,1390,1391,1392,1393,1394,1410,1411,1412,1413,1414,1415,1416,1426,1427,1437,1438,1439,1440,1441,1442,1443,
gold,75,933,934,935,936,937,938,939,940,941,942,943,944,
gold,75,585,586,587,588,589,590,591,592,593,594,595,596,823,825,945,946,947,948,949,950,951,952,953,954,955,1459,1461,
red,75,597,598,599,600,601,602,603,604,605,606,607,824,826,956,957,958,959,960,961,962,963,964,965,966,967,1460,1462,
gold,75,
gold,76,769,773,777,781,785,788,1201,1205,1209,1213,1217,1220,1224,1228,1232,
red,76,770,774,778,782,786,789,1202,1206,1210,1214,1218,1221,1225,1229,1233,
gold,76,535,536,771,775,779,783,790,855,856,857,858,1203,1207,1211,1215,1222,1226,1230,1234,1491,1492,1493,1494,
gold,76,772,776,780,784,787,791,1204,1208,1212,1216,1219,1223,1227,1231,1235,
gold,76,459,460,461,462,463,464,465,466,481,482,483,484,485,486,487,492,493,508,509,510,511,512,513,514,1395,1396,1397,1398,1399,1400,1401,1402,1417,1418,1419,1420,1421,1422,1423,1428,1429,1444,1445,1446,1447,1448,1449,1450,
gold,77,1201,1202,1203,1204,1205,1206,1207,1208,1209,1210,1211,1212,
red,77,769,770,771,772,773,774,775,776,777,778,779,780,855,857,1213,1214,1215,1216,1217,1218,1219,1220,1221,1222,1223,1491,1493,
gold,77,781,782,783,784,785,786,787,788,789,790,791,856,858,1224,1225,1226,1227,1228,1229,1230,1231,1232,1233,1234,1235,1492,1494,
gold,77,
gold,78,
red,78,
gold,78,
gold,78,
gold,79,
red,79,
gold,79,
gold,79,
red,80,
gold,80,
gold,80,
gold,80,
gold,81,
gold,81,
red,81,
gold,81,
red,82,
gold,82,
gold,82,
gold,82,
lightskyblue,232,183,212,257,254,
lightskyblue,232,184,212,257,254,
lightskyblue,232,185,212,257,254,
lightskyblue,232,186,212,257,254,
lightskyblue,232,187,212,257,254,
lightskyblue,232,188,212,257,254,
lightskyblue,234,183,220,266,263,333,
lightskyblue,234,184,220,266,263,333,
lightskyblue,234,185,220,266,263,333,
lightskyblue,234,186,220,266,263,333,
lightskyblue,234,187,220,266,263,333,
lightskyblue,234,188,220,266,263,333,
lightskyblue,230,183,204,248,201,317,
lightskyblue,230,184,204,248,201,317,
lightskyblue,230,185,204,248,201,317,
lightskyblue,230,186,204,248,201,317,
lightskyblue,230,187,204,248,201,317,
lightskyblue,230,188,204,248,201,317,
lightskyblue,232,167,212,257,254,
lightskyblue,232,168,212,257,254,
lightskyblue,232,169,212,257,254,
lightskyblue,232,170,212,257,254,
lightskyblue,232,171,212,257,254,
lightskyblue,234,167,220,266,263,331,
lightskyblue,234,168,220,266,263,331,
lightskyblue,234,169,220,266,263,331,
lightskyblue,234,170,220,266,263,331,
lightskyblue,234,171,220,266,263,331,
lightskyblue,230,167,204,248,201,315,
lightskyblue,230,168,204,248,201,315,
lightskyblue,230,169,204,248,201,315,
lightskyblue,230,170,204,248,201,315,
lightskyblue,230,171,204,248,201,315,
lightskyblue,232,175,212,258,254,
lightskyblue,232,176,212,258,254,
lightskyblue,232,177,212,258,254,
lightskyblue,232,178,212,258,254,
lightskyblue,232,179,212,258,254,
lightskyblue,234,175,220,267,263,332,
lightskyblue,234,176,220,267,263,332,
lightskyblue,234,177,220,267,263,332,
lightskyblue,234,178,220,267,263,332,
lightskyblue,234,179,220,267,263,332,
lightskyblue,230,175,204,249,201,316,
lightskyblue,230,176,204,249,201,316,
lightskyblue,230,177,204,249,201,316,
lightskyblue,230,178,204,249,201,316,
lightskyblue,230,179,204,249,201,316,
lightskyblue,236,183,197,270,194,321,
lightskyblue,236,184,197,270,194,321,
lightskyblue,236,185,197,270,194,321,
lightskyblue,236,186,197,270,194,321,
lightskyblue,236,187,197,270,194,321,
lightskyblue,236,188,197,270,194,321,
lightskyblue,236,189,197,270,194,321,
lightskyblue,238,183,210,206,276,
lightskyblue,238,184,210,206,276,
lightskyblue,238,185,210,206,276,
lightskyblue,238,186,210,206,276,
lightskyblue,238,187,210,206,276,
lightskyblue,238,188,210,206,276,
lightskyblue,238,189,210,206,276,
lightskyblue,240,183,214,284,281,329,
lightskyblue,240,184,214,284,281,329,
lightskyblue,240,185,214,284,281,329,
lightskyblue,240,186,214,284,281,329,
lightskyblue,240,187,214,284,281,329,
lightskyblue,240,188,214,284,281,329,
lightskyblue,240,189,214,284,281,329,
lightskyblue,236,167,197,270,194,319,
lightskyblue,236,168,197,270,194,319,
lightskyblue,236,169,197,270,194,319,
lightskyblue,236,170,197,270,194,319,
lightskyblue,236,171,197,270,194,319,
lightskyblue,236,172,197,270,194,319,
lightskyblue,238,167,210,206,276,
lightskyblue,238,168,210,206,276,
lightskyblue,238,169,210,206,276,
lightskyblue,238,170,210,206,276,
lightskyblue,238,171,210,206,276,
lightskyblue,238,172,210,206,276,
lightskyblue,240,167,214,284,281,327,
lightskyblue,240,168,214,284,281,327,
lightskyblue,240,169,214,284,281,327,
lightskyblue,240,170,214,284,281,327,
lightskyblue,240,171,214,284,281,327,
lightskyblue,240,172,214,284,281,327,
lightskyblue,236,134,197,270,194,319,
lightskyblue,238,134,210,206,276,
lightskyblue,240,134,214,284,281,327,
lightskyblue,236,175,197,271,194,320,
lightskyblue,236,176,197,271,194,320,
lightskyblue,236,177,197,271,194,320,
lightskyblue,236,178,197,271,194,320,
lightskyblue,236,179,197,271,194,320,
lightskyblue,236,180,197,271,194,320,
lightskyblue,238,175,210,207,276,
lightskyblue,238,176,210,207,276,
lightskyblue,238,177,210,207,276,
lightskyblue,238,178,210,207,276,
lightskyblue,238,179,210,207,276,
lightskyblue,238,180,210,207,276,
lightskyblue,240,175,214,285,281,328,
lightskyblue,240,176,214,285,281,328,
lightskyblue,240,177,214,285,281,328,
lightskyblue,240,178,214,285,281,328,
lightskyblue,240,179,214,285,281,328,
lightskyblue,240,180,214,285,281,328,
lightskyblue,242,183,216,293,290,
lightskyblue,242,184,216,293,290,
lightskyblue,242,185,216,293,290,
lightskyblue,242,186,216,293,290,
lightskyblue,242,187,216,293,290,
lightskyblue,242,188,216,293,290,
lightskyblue,242,189,216,293,290,
lightskyblue,242,190,216,293,290,
lightskyblue,244,183,222,302,299,325,
lightskyblue,244,184,222,302,299,325,
lightskyblue,244,185,222,302,299,325,
lightskyblue,244,186,222,302,299,325,
lightskyblue,244,187,222,302,299,325,
lightskyblue,244,188,222,302,299,325,
lightskyblue,244,189,222,302,299,325,
lightskyblue,244,190,222,302,299,325,
lightskyblue,246,183,218,311,308,
lightskyblue,246,184,218,311,308,
lightskyblue,246,185,218,311,308,
lightskyblue,246,186,218,311,308,
lightskyblue,246,187,218,311,308,
lightskyblue,246,188,218,311,308,
lightskyblue,246,189,218,311,308,
lightskyblue,246,190,218,311,308,
lightskyblue,242,167,216,293,290,
lightskyblue,242,168,216,293,290,
lightskyblue,242,169,216,293,290,
lightskyblue,242,170,216,293,290,
lightskyblue,242,171,216,293,290,
lightskyblue,242,172,216,293,290,
lightskyblue,242,173,216,293,290,
lightskyblue,244,167,222,302,299,323,
lightskyblue,244,168,222,302,299,323,
lightskyblue,244,169,222,302,299,323,
lightskyblue,244,170,222,302,299,323,
lightskyblue,244,171,222,302,299,323,
lightskyblue,244,172,222,302,299,323,
lightskyblue,244,173,222,302,299,323,
lightskyblue,246,167,218,311,308,
lightskyblue,246,168,218,311,308,
lightskyblue,246,169,218,311,308,
lightskyblue,246,170,218,311,308,
lightskyblue,246,171,218,311,308,
lightskyblue,246,172,218,311,308,
lightskyblue,246,173,218,311,308,
lightskyblue,242,134,216,293,290,
lightskyblue,242,135,216,293,290,
lightskyblue,244,134,222,302,299,323,
lightskyblue,244,135,222,302,299,323,
lightskyblue,246,134,218,311,308,
lightskyblue,246,135,218,311,308,
lightskyblue,242,175,216,294,290,
lightskyblue,242,176,216,294,290,
lightskyblue,242,177,216,294,290,
lightskyblue,242,178,216,294,290,
lightskyblue,242,179,216,294,290,
lightskyblue,242,180,216,294,290,
lightskyblue,242,181,216,294,290,
lightskyblue,244,175,222,303,299,324,
lightskyblue,244,176,222,303,299,324,
lightskyblue,244,177,222,303,299,324,
lightskyblue,244,178,222,303,299,324,
lightskyblue,244,179,222,303,299,324,
lightskyblue,244,180,222,303,299,324,
lightskyblue,244,181,222,303,299,324,
lightskyblue,246,175,218,312,308,
lightskyblue,246,176,218,312,308,
lightskyblue,246,177,218,312,308,
lightskyblue,246,178,218,312,308,
lightskyblue,246,179,218,312,308,
lightskyblue,246,180,218,312,308,
lightskyblue,246,181,218,312,308,
lightskyblue,153,217,289,
lightskyblue,217,137,289,
lightskyblue,115,114,118,
lightskyblue,114,108,118,
lightskyblue,155,223,298,
lightskyblue,223,226,298,
lightskyblue,157,213,253,
lightskyblue,213,139,253,
lightskyblue,228,221,262,
lightskyblue,221,141,262,
lightskyblue,104,103,99,
lightskyblue,103,96,99,
lightskyblue,159,198,193,
lightskyblue,198,143,193,
lightskyblue,224,211,275,
lightskyblue,211,145,275,
lightskyblue,85,95,91,
lightskyblue,95,83,91,
lightskyblue,165,205,200,
lightskyblue,205,151,200,
lightskyblue,161,219,307,
lightskyblue,219,147,307,
lightskyblue,163,215,280,
lightskyblue,215,149,280,
lightskyblue,154,216,295,290,
lightskyblue,154,216,295,290,
lightskyblue,154,216,295,
lightskyblue,154,216,295,288,
lightskyblue,295,290,
lightskyblue,295,290,
lightskyblue,295,
lightskyblue,295,288,
lightskyblue,216,138,295,290,
lightskyblue,216,138,295,290,
lightskyblue,216,138,295,
lightskyblue,216,138,295,288,
lightskyblue,154,216,290,
lightskyblue,154,216,290,
lightskyblue,154,216,
lightskyblue,154,216,288,
lightskyblue,290,
lightskyblue,290,
lightskyblue,288,
lightskyblue,216,138,290,
lightskyblue,216,138,290,
lightskyblue,216,138,
lightskyblue,216,138,288,
lightskyblue,116,113,112,119,
lightskyblue,116,113,112,119,
lightskyblue,116,113,112,
lightskyblue,116,113,112,117,
lightskyblue,112,119,
lightskyblue,112,119,
lightskyblue,112,
lightskyblue,112,117,
lightskyblue,113,109,112,119,
lightskyblue,113,109,112,119,
lightskyblue,113,109,112,
lightskyblue,113,109,112,117,
lightskyblue,116,113,119,
lightskyblue,116,113,119,
lightskyblue,116,113,
lightskyblue,116,113,117,
lightskyblue,119,
lightskyblue,119,
lightskyblue,117,
lightskyblue,113,109,119,
lightskyblue,113,109,119,
lightskyblue,113,109,
lightskyblue,113,109,117,
lightskyblue,156,222,304,299,
lightskyblue,156,222,304,299,
lightskyblue,156,222,304,
lightskyblue,156,222,304,297,
lightskyblue,304,299,
lightskyblue,304,299,
lightskyblue,304,
lightskyblue,304,297,
lightskyblue,222,227,304,299,
lightskyblue,222,227,304,299,
lightskyblue,222,227,304,
lightskyblue,222,227,304,297,
lightskyblue,156,222,299,
lightskyblue,156,222,299,
lightskyblue,156,222,
lightskyblue,156,222,297,
lightskyblue,299,
lightskyblue,299,
lightskyblue,297,
lightskyblue,222,227,299,
lightskyblue,222,227,299,
lightskyblue,222,227,
lightskyblue,222,227,297,
lightskyblue,158,212,259,254,
lightskyblue,158,212,259,254,
lightskyblue,158,212,259,
lightskyblue,158,212,259,252,
lightskyblue,259,254,
lightskyblue,259,254,
lightskyblue,259,
lightskyblue,259,252,
lightskyblue,212,140,259,254,
lightskyblue,212,140,259,254,
lightskyblue,212,140,259,
lightskyblue,212,140,259,252,
lightskyblue,158,212,254,
lightskyblue,158,212,254,
lightskyblue,158,212,
lightskyblue,158,212,252,
lightskyblue,254,
lightskyblue,254,
lightskyblue,252,
lightskyblue,212,140,254,
lightskyblue,212,140,254,
lightskyblue,212,140,
lightskyblue,212,140,252,
lightskyblue,229,220,268,263,
lightskyblue,229,220,268,263,
lightskyblue,229,220,268,
lightskyblue,229,220,268,261,
lightskyblue,268,263,
lightskyblue,268,263,
lightskyblue,268,
lightskyblue,268,261,
lightskyblue,220,142,268,263,
lightskyblue,220,142,268,263,
lightskyblue,220,142,268,
lightskyblue,220,142,268,261,
lightskyblue,229,220,263,
lightskyblue,229,220,263,
lightskyblue,229,220,
lightskyblue,229,220,261,
lightskyblue,263,
lightskyblue,263,
lightskyblue,261,
lightskyblue,220,142,263,
lightskyblue,220,142,263,
lightskyblue,220,142,
lightskyblue,220,142,261,
lightskyblue,105,102,107,100,
lightskyblue,105,102,107,100,
lightskyblue,105,102,107,
lightskyblue,105,102,107,98,
lightskyblue,107,100,
lightskyblue,107,100,
lightskyblue,107,
lightskyblue,107,98,
lightskyblue,102,97,107,100,
lightskyblue,102,97,107,100,
lightskyblue,102,97,107,
lightskyblue,102,97,107,98,
lightskyblue,105,102,100,
lightskyblue,105,102,100,
lightskyblue,105,102,
lightskyblue,105,102,98,
lightskyblue,100,
lightskyblue,100,
lightskyblue,98,
lightskyblue,102,97,100,
lightskyblue,102,97,100,
lightskyblue,102,97,
lightskyblue,102,97,98,
lightskyblue,160,197,272,194,
lightskyblue,160,197,272,194,
lightskyblue,160,197,272,
lightskyblue,160,197,272,192,
lightskyblue,272,194,
lightskyblue,272,194,
lightskyblue,272,
lightskyblue,272,192,
lightskyblue,197,144,272,194,
lightskyblue,197,144,272,194,
lightskyblue,197,144,272,
lightskyblue,197,144,272,192,
lightskyblue,160,197,194,
lightskyblue,160,197,194,
lightskyblue,160,197,
lightskyblue,160,197,192,
lightskyblue,194,
lightskyblue,194,
lightskyblue,192,
lightskyblue,197,144,194,
lightskyblue,197,144,194,
lightskyblue,197,144,
lightskyblue,197,144,192,
lightskyblue,225,210,208,276,
lightskyblue,225,210,208,276,
lightskyblue,225,210,208,
lightskyblue,225,210,208,274,
lightskyblue,208,276,
lightskyblue,208,276,
lightskyblue,208,
lightskyblue,208,274,
lightskyblue,210,146,208,276,
lightskyblue,210,146,208,276,
lightskyblue,210,146,208,
lightskyblue,210,146,208,274,
lightskyblue,225,210,276,
lightskyblue,225,210,276,
lightskyblue,225,210,
lightskyblue,225,210,274,
lightskyblue,276,
lightskyblue,276,
lightskyblue,274,
lightskyblue,210,146,276,
lightskyblue,210,146,276,
lightskyblue,210,146,
lightskyblue,210,146,274,
lightskyblue,86,94,89,92,
lightskyblue,86,94,89,92,
lightskyblue,86,94,89,
lightskyblue,86,94,89,90,
lightskyblue,89,92,
lightskyblue,89,92,
lightskyblue,89,
lightskyblue,89,90,
lightskyblue,94,84,89,92,
lightskyblue,94,84,89,92,
lightskyblue,94,84,89,
lightskyblue,94,84,89,90,
lightskyblue,86,94,92,
lightskyblue,86,94,92,
lightskyblue,86,94,
lightskyblue,86,94,90,
lightskyblue,92,
lightskyblue,92,
lightskyblue,90,
lightskyblue,94,84,92,
lightskyblue,94,84,92,
lightskyblue,94,84,
lightskyblue,94,84,90,
lightskyblue,166,204,250,201,
lightskyblue,166,204,250,201,
lightskyblue,166,204,250,
lightskyblue,166,204,250,199,
lightskyblue,250,201,
lightskyblue,250,201,
lightskyblue,250,
lightskyblue,250,199,
lightskyblue,204,152,250,201,
lightskyblue,204,152,250,201,
lightskyblue,204,152,250,
lightskyblue,204,152,250,199,
lightskyblue,166,204,201,
lightskyblue,166,204,201,
lightskyblue,166,204,
lightskyblue,166,204,199,
lightskyblue,201,
lightskyblue,201,
lightskyblue,199,
lightskyblue,204,152,201,
lightskyblue,204,152,201,
lightskyblue,204,152,
lightskyblue,204,152,199,
lightskyblue,162,218,313,308,
lightskyblue,162,218,313,308,
lightskyblue,162,218,313,
lightskyblue,162,218,313,306,
lightskyblue,313,308,
lightskyblue,313,308,
lightskyblue,313,
lightskyblue,313,306,
lightskyblue,218,148,313,308,
lightskyblue,218,148,313,308,
lightskyblue,218,148,313,
lightskyblue,218,148,313,306,
lightskyblue,162,218,308,
lightskyblue,162,218,308,
lightskyblue,162,218,
lightskyblue,162,218,306,
lightskyblue,308,
lightskyblue,308,
lightskyblue,306,
lightskyblue,218,148,308,
lightskyblue,218,148,308,
lightskyblue,218,148,
lightskyblue,218,148,306,
lightskyblue,164,214,286,281,
lightskyblue,164,214,286,281,
lightskyblue,164,214,286,
lightskyblue,164,214,286,279,
lightskyblue,286,281,
lightskyblue,286,281,
lightskyblue,286,
lightskyblue,286,279,
lightskyblue,214,150,286,281,
lightskyblue,214,150,286,281,
lightskyblue,214,150,286,
lightskyblue,214,150,286,279,
lightskyblue,164,214,281,
lightskyblue,164,214,281,
lightskyblue,164,214,
lightskyblue,164,214,279,
lightskyblue,281,
lightskyblue,281,
lightskyblue,279,
lightskyblue,214,150,281,
lightskyblue,214,150,281,
lightskyblue,214,150,
lightskyblue,214,150,279,
lightskyblue,153,217,291,
lightskyblue,153,217,291,
lightskyblue,216,291,
lightskyblue,216,291,
lightskyblue,115,114,120,
lightskyblue,115,114,120,
lightskyblue,113,120,
lightskyblue,113,120,
lightskyblue,155,223,300,
lightskyblue,155,223,300,
lightskyblue,222,300,
lightskyblue,222,300,
lightskyblue,157,213,255,
lightskyblue,157,213,255,
lightskyblue,212,255,
lightskyblue,212,255,
lightskyblue,228,221,264,
lightskyblue,228,221,264,
lightskyblue,220,264,
lightskyblue,220,264,
lightskyblue,104,103,101,
lightskyblue,104,103,101,
lightskyblue,102,101,
lightskyblue,102,101,
lightskyblue,159,198,195,
lightskyblue,159,198,195,
lightskyblue,197,195,
lightskyblue,197,195,
lightskyblue,224,211,277,
lightskyblue,224,211,277,
lightskyblue,210,277,
lightskyblue,210,277,
lightskyblue,85,95,93,
lightskyblue,85,95,93,
lightskyblue,94,93,
lightskyblue,94,93,
lightskyblue,165,205,202,
lightskyblue,165,205,202,
lightskyblue,204,202,
lightskyblue,204,202,
lightskyblue,161,219,309,
lightskyblue,161,219,309,
lightskyblue,218,309,
lightskyblue,218,309,
lightskyblue,163,215,282,
lightskyblue,163,215,282,
lightskyblue,214,282,
lightskyblue,214,282,
lightskyblue,154,216,294,290,
lightskyblue,154,216,294,290,
lightskyblue,154,216,294,
lightskyblue,154,216,294,290,
lightskyblue,294,290,
lightskyblue,294,290,
lightskyblue,294,
lightskyblue,294,290,
lightskyblue,216,138,294,290,
lightskyblue,216,138,294,290,
lightskyblue,216,138,294,
lightskyblue,216,138,294,290,
lightskyblue,154,216,290,
lightskyblue,154,216,290,
lightskyblue,154,216,
lightskyblue,154,216,290,
lightskyblue,290,
lightskyblue,290,
lightskyblue,290,
lightskyblue,216,138,290,
lightskyblue,216,138,290,
lightskyblue,216,138,
lightskyblue,216,138,290,
lightskyblue,154,216,294,290,
lightskyblue,154,216,294,290,
lightskyblue,154,216,294,
lightskyblue,154,216,294,290,
lightskyblue,294,290,
lightskyblue,294,290,
lightskyblue,294,
lightskyblue,294,290,
lightskyblue,216,138,294,290,
lightskyblue,216,138,294,290,
lightskyblue,216,138,294,
lightskyblue,216,138,294,290,
lightskyblue,116,113,111,119,
lightskyblue,116,113,111,119,
lightskyblue,116,113,111,
lightskyblue,116,113,111,119,
lightskyblue,111,119,
lightskyblue,111,119,
lightskyblue,111,
lightskyblue,111,119,
lightskyblue,113,109,111,119,
lightskyblue,113,109,111,119,
lightskyblue,113,109,111,
lightskyblue,113,109,111,119,
lightskyblue,116,113,119,
lightskyblue,116,113,119,
lightskyblue,116,113,
lightskyblue,116,113,119,
lightskyblue,119,
lightskyblue,119,
lightskyblue,119,
lightskyblue,113,109,119,
lightskyblue,113,109,119,
lightskyblue,113,109,
lightskyblue,113,109,119,
lightskyblue,116,113,111,119,
lightskyblue,116,113,111,119,
lightskyblue,116,113,111,
lightskyblue,116,113,111,119,
lightskyblue,111,119,
lightskyblue,111,119,
lightskyblue,111,
lightskyblue,111,119,
lightskyblue,113,109,111,119,
lightskyblue,113,109,111,119,
lightskyblue,113,109,111,
lightskyblue,113,109,111,119,
lightskyblue,156,222,303,299,
lightskyblue,156,222,303,299,
lightskyblue,156,222,303,
lightskyblue,156,222,303,299,
lightskyblue,303,299,
lightskyblue,303,299,
lightskyblue,303,
lightskyblue,303,299,
lightskyblue,222,227,303,299,
lightskyblue,222,227,303,299,
lightskyblue,222,227,303,
lightskyblue,222,227,303,299,
lightskyblue,156,222,299,
lightskyblue,156,222,299,
lightskyblue,156,222,
lightskyblue,156,222,299,
lightskyblue,299,
lightskyblue,299,
lightskyblue,299,
lightskyblue,222,227,299,
lightskyblue,222,227,299,
lightskyblue,222,227,
lightskyblue,222,227,299,
lightskyblue,156,222,303,299,
lightskyblue,156,222,303,299,
lightskyblue,156,222,303,
lightskyblue,156,222,303,299,
lightskyblue,303,299,
lightskyblue,303,299,
lightskyblue,303,
lightskyblue,303,299,
lightskyblue,222,227,303,299,
lightskyblue,222,227,303,299,
lightskyblue,222,227,303,
lightskyblue,222,227,303,299,
lightskyblue,158,212,258,254,
lightskyblue,158,212,258,254,
lightskyblue,158,212,258,
lightskyblue,158,212,258,254,
lightskyblue,258,254,
lightskyblue,258,254,
lightskyblue,258,
lightskyblue,258,254,
lightskyblue,212,140,258,254,
lightskyblue,212,140,258,254,
lightskyblue,212,140,258,
lightskyblue,212,140,258,254,
lightskyblue,158,212,254,
lightskyblue,158,212,254,
lightskyblue,158,212,
lightskyblue,158,212,254,
lightskyblue,254,
lightskyblue,254,
lightskyblue,254,
lightskyblue,212,140,254,
lightskyblue,212,140,254,
lightskyblue,212,140,
lightskyblue,212,140,254,
lightskyblue,158,212,258,254,
lightskyblue,158,212,258,254,
lightskyblue,158,212,258,
lightskyblue,158,212,258,254,
lightskyblue,258,254,
lightskyblue,258,254,
lightskyblue,258,
lightskyblue,258,254,
lightskyblue,212,140,258,254,
lightskyblue,212,140,258,254,
lightskyblue,212,140,258,
lightskyblue,212,140,258,254,
lightskyblue,229,220,267,263,
lightskyblue,229,220,267,263,
lightskyblue,229,220,267,
lightskyblue,229,220,267,263,
lightskyblue,267,263,
lightskyblue,267,263,
lightskyblue,267,
lightskyblue,267,263,
lightskyblue,220,142,267,263,
lightskyblue,220,142,267,263,
lightskyblue,220,142,267,
lightskyblue,220,142,267,263,
lightskyblue,229,220,263,
lightskyblue,229,220,263,
lightskyblue,229,220,
lightskyblue,229,220,263,
lightskyblue,263,
lightskyblue,263,
lightskyblue,263,
lightskyblue,220,142,263,
lightskyblue,220,142,263,
lightskyblue,220,142,
lightskyblue,220,142,263,
lightskyblue,229,220,267,263,
lightskyblue,229,220,267,263,
lightskyblue,229,220,267,
lightskyblue,229,220,267,263,
lightskyblue,267,263,
lightskyblue,267,263,
lightskyblue,267,
lightskyblue,267,263,
lightskyblue,220,142,267,263,
lightskyblue,220,142,267,263,
lightskyblue,220,142,267,
lightskyblue,220,142,267,263,
lightskyblue,105,102,100,
lightskyblue,105,102,100,
lightskyblue,105,102,
lightskyblue,105,102,100,
lightskyblue,100,
lightskyblue,100,
lightskyblue,100,
lightskyblue,102,97,100,
lightskyblue,102,97,100,
lightskyblue,102,97,
lightskyblue,102,97,100,
lightskyblue,105,102,106,100,
lightskyblue,105,102,106,100,
lightskyblue,105,102,106,
lightskyblue,105,102,106,100,
lightskyblue,106,100,
lightskyblue,106,100,
lightskyblue,106,
lightskyblue,106,100,
lightskyblue,102,97,106,100,
lightskyblue,102,97,106,100,
lightskyblue,102,97,106,
lightskyblue,102,97,106,100,
lightskyblue,160,197,271,194,
lightskyblue,160,197,271,194,
lightskyblue,160,197,271,
lightskyblue,160,197,271,194,
lightskyblue,271,194,
lightskyblue,271,194,
lightskyblue,271,
lightskyblue,271,194,
lightskyblue,197,144,271,194,
lightskyblue,197,144,271,194,
lightskyblue,197,144,271,
lightskyblue,197,144,271,194,
lightskyblue,160,197,194,
lightskyblue,160,197,194,
lightskyblue,160,197,
lightskyblue,160,197,194,
lightskyblue,194,
lightskyblue,194,
lightskyblue,194,
lightskyblue,197,144,194,
lightskyblue,197,144,194,
lightskyblue,197,144,
lightskyblue,197,144,194,
lightskyblue,160,197,271,194,
lightskyblue,160,197,271,194,
lightskyblue,160,197,271,
lightskyblue,160,197,271,194,
lightskyblue,271,194,
lightskyblue,271,194,
lightskyblue,271,
lightskyblue,271,194,
lightskyblue,197,144,271,194,
lightskyblue,197,144,271,194,
lightskyblue,197,144,271,
lightskyblue,197,144,271,194,
lightskyblue,225,210,207,276,
lightskyblue,225,210,207,276,
lightskyblue,225,210,207,
lightskyblue,225,210,207,276,
lightskyblue,207,276,
lightskyblue,207,276,
lightskyblue,207,
lightskyblue,207,276,
lightskyblue,210,146,207,276,
lightskyblue,210,146,207,276,
lightskyblue,210,146,207,
lightskyblue,210,146,207,276,
lightskyblue,225,210,276,
lightskyblue,225,210,276,
lightskyblue,225,210,
lightskyblue,225,210,276,
lightskyblue,276,
lightskyblue,276,
lightskyblue,276,
lightskyblue,210,146,276,
lightskyblue,210,146,276,
lightskyblue,210,146,
lightskyblue,210,146,276,
lightskyblue,225,210,207,276,
lightskyblue,225,210,207,276,
lightskyblue,225,210,207,
lightskyblue,225,210,207,276,
lightskyblue,207,276,
lightskyblue,207,276,
lightskyblue,207,
lightskyblue,207,276,
lightskyblue,210,146,207,276,
lightskyblue,210,146,207,276,
lightskyblue,210,146,207,
lightskyblue,210,146,207,276,
lightskyblue,86,94,88,92,
lightskyblue,86,94,88,92,
lightskyblue,86,94,88,
lightskyblue,86,94,88,92,
lightskyblue,88,92,
lightskyblue,88,92,
lightskyblue,88,
lightskyblue,88,92,
lightskyblue,94,84,88,92,
lightskyblue,94,84,88,92,
lightskyblue,94,84,88,
lightskyblue,94,84,88,92,
lightskyblue,86,94,92,
lightskyblue,86,94,92,
lightskyblue,86,94,
lightskyblue,86,94,92,
lightskyblue,92,
lightskyblue,92,
lightskyblue,92,
lightskyblue,94,84,92,
lightskyblue,94,84,92,
lightskyblue,94,84,
lightskyblue,94,84,92,
lightskyblue,86,94,88,92,
lightskyblue,86,94,88,92,
lightskyblue,86,94,88,
lightskyblue,86,94,88,92,
lightskyblue,88,92,
lightskyblue,88,92,
lightskyblue,88,
lightskyblue,88,92,
lightskyblue,94,84,88,92,
lightskyblue,94,84,88,92,
lightskyblue,94,84,88,
lightskyblue,94,84,88,92,
lightskyblue,166,204,249,201,
lightskyblue,166,204,249,201,
lightskyblue,166,204,249,
lightskyblue,166,204,249,201,
lightskyblue,249,201,
lightskyblue,249,201,
lightskyblue,249,
lightskyblue,249,201,
lightskyblue,204,152,249,201,
lightskyblue,204,152,249,201,
lightskyblue,204,152,249,
lightskyblue,204,152,249,201,
lightskyblue,166,204,201,
lightskyblue,166,204,201,
lightskyblue,166,204,
lightskyblue,166,204,201,
lightskyblue,201,
lightskyblue,201,
lightskyblue,201,
lightskyblue,204,152,201,
lightskyblue,204,152,201,
lightskyblue,204,152,
lightskyblue,204,152,201,
lightskyblue,166,204,249,201,
lightskyblue,166,204,249,201,
lightskyblue,166,204,249,
lightskyblue,166,204,249,201,
lightskyblue,249,201,
lightskyblue,249,201,
lightskyblue,249,
lightskyblue,249,201,
lightskyblue,204,152,249,201,
lightskyblue,204,152,249,201,
lightskyblue,204,152,249,
lightskyblue,204,152,249,201,
lightskyblue,162,218,312,308,
lightskyblue,162,218,312,308,
lightskyblue,162,218,312,
lightskyblue,162,218,312,308,
lightskyblue,312,308,
lightskyblue,312,308,
lightskyblue,312,
lightskyblue,312,308,
lightskyblue,218,148,312,308,
lightskyblue,218,148,312,308,
lightskyblue,218,148,312,
lightskyblue,218,148,312,308,
lightskyblue,162,218,308,
lightskyblue,162,218,308,
lightskyblue,162,218,
lightskyblue,162,218,308,
lightskyblue,308,
lightskyblue,308,
lightskyblue,308,
lightskyblue,218,148,308,
lightskyblue,218,148,308,
lightskyblue,218,148,
lightskyblue,218,148,308,
lightskyblue,162,218,312,308,
lightskyblue,162,218,312,308,
lightskyblue,162,218,312,
lightskyblue,162,218,312,308,
lightskyblue,312,308,
lightskyblue,312,308,
lightskyblue,312,
lightskyblue,312,308,
lightskyblue,218,148,312,308,
lightskyblue,218,148,312,308,
lightskyblue,218,148,312,
lightskyblue,218,148,312,308,
lightskyblue,164,214,285,281,
lightskyblue,164,214,285,281,
lightskyblue,164,214,285,
lightskyblue,164,214,285,281,
lightskyblue,285,281,
lightskyblue,285,281,
lightskyblue,285,
lightskyblue,285,281,
lightskyblue,214,150,285,281,
lightskyblue,214,150,285,281,
lightskyblue,214,150,285,
lightskyblue,214,150,285,281,
lightskyblue,164,214,281,
lightskyblue,164,214,281,
lightskyblue,164,214,
lightskyblue,164,214,281,
lightskyblue,281,
lightskyblue,281,
lightskyblue,281,
lightskyblue,214,150,281,
lightskyblue,214,150,281,
lightskyblue,214,150,
lightskyblue,214,150,281,
lightskyblue,164,214,285,281,
lightskyblue,164,214,285,281,
lightskyblue,164,214,285,
lightskyblue,164,214,285,281,
lightskyblue,285,281,
lightskyblue,285,281,
lightskyblue,285,
lightskyblue,285,281,
lightskyblue,214,150,285,281,
lightskyblue,214,150,285,281,
lightskyblue,214,150,285,
lightskyblue,214,150,285,281,
lightskyblue,232,183,212,257,254,
lightskyblue,232,184,212,257,254,
lightskyblue,232,185,212,257,254,
lightskyblue,232,186,212,257,254,
lightskyblue,232,187,212,257,254,
lightskyblue,232,188,212,257,254,
lightskyblue,234,183,220,266,263,333,
lightskyblue,234,184,220,266,263,333,
lightskyblue,234,185,220,266,263,333,
lightskyblue,234,186,220,266,263,333,
lightskyblue,234,187,220,266,263,333,
lightskyblue,234,188,220,266,263,333,
lightskyblue,230,183,204,248,201,317,
lightskyblue,230,184,204,248,201,317,
lightskyblue,230,185,204,248,201,317,
lightskyblue,230,186,204,248,201,317,
lightskyblue,230,187,204,248,201,317,
lightskyblue,230,188,204,248,201,317,
lightskyblue,232,167,212,257,254,
lightskyblue,232,168,212,257,254,
lightskyblue,232,169,212,257,254,
lightskyblue,232,170,212,257,254,
lightskyblue,232,171,212,257,254,
lightskyblue,234,167,220,266,263,331,
lightskyblue,234,168,220,266,263,331,
lightskyblue,234,169,220,266,263,331,
lightskyblue,234,170,220,266,263,331,
lightskyblue,234,171,220,266,263,331,
lightskyblue,230,167,204,248,201,315,
lightskyblue,230,168,204,248,201,315,
lightskyblue,230,169,204,248,201,315,
lightskyblue,230,170,204,248,201,315,
lightskyblue,230,171,204,248,201,315,
lightskyblue,232,175,212,258,254,
lightskyblue,232,176,212,258,254,
lightskyblue,232,177,212,258,254,
lightskyblue,232,178,212,258,254,
lightskyblue,232,179,212,258,254,
lightskyblue,234,175,220,267,263,332,
lightskyblue,234,176,220,267,263,332,
lightskyblue,234,177,220,267,263,332,
lightskyblue,234,178,220,267,263,332,
lightskyblue,234,179,220,267,263,332,
lightskyblue,230,175,204,249,201,316,
lightskyblue,230,176,204,249,201,316,
lightskyblue,230,177,204,249,201,316,
lightskyblue,230,178,204,249,201,316,
lightskyblue,230,179,204,249,201,316,
lightskyblue,236,183,197,270,194,321,
lightskyblue,236,184,197,270,194,321,
lightskyblue,236,185,197,270,194,321,
lightskyblue,236,186,197,270,194,321,
lightskyblue,236,187,197,270,194,321,
lightskyblue,236,188,197,270,194,321,
lightskyblue,236,189,197,270,194,321,
lightskyblue,238,183,210,206,276,
lightskyblue,238,184,210,206,276,
lightskyblue,238,185,210,206,276,
lightskyblue,238,186,210,206,276,
lightskyblue,238,187,210,206,276,
lightskyblue,238,188,210,206,276,
lightskyblue,238,189,210,206,276,
lightskyblue,240,183,214,284,281,329,
lightskyblue,240,184,214,284,281,329,
lightskyblue,240,185,214,284,281,329,
lightskyblue,240,186,214,284,281,329,
lightskyblue,240,187,214,284,281,329,
lightskyblue,240,188,214,284,281,329,
lightskyblue,240,189,214,284,281,329,
lightskyblue,236,167,197,270,194,319,
lightskyblue,236,168,197,270,194,319,
lightskyblue,236,169,197,270,194,319,
lightskyblue,236,170,197,270,194,319,
lightskyblue,236,171,197,270,194,319,
lightskyblue,236,172,197,270,194,319,
lightskyblue,238,167,210,206,276,
lightskyblue,238,168,210,206,276,
lightskyblue,238,169,210,206,276,
lightskyblue,238,170,210,206,276,
lightskyblue,238,171,210,206,276,
lightskyblue,238,172,210,206,276,
lightskyblue,240,167,214,284,281,327,
lightskyblue,240,168,214,284,281,327,
lightskyblue,240,169,214,284,281,327,
lightskyblue,240,170,214,284,281,327,
lightskyblue,240,171,214,284,281,327,
lightskyblue,240,172,214,284,281,327,
lightskyblue,236,134,197,270,194,319,
lightskyblue,238,134,210,206,276,
lightskyblue,240,134,214,284,281,327,
lightskyblue,236,175,197,271,194,320,
lightskyblue,236,176,197,271,194,320,
lightskyblue,236,177,197,271,194,320,
lightskyblue,236,178,197,271,194,320,
lightskyblue,236,179,197,271,194,320,
lightskyblue,236,180,197,271,194,320,
lightskyblue,238,175,210,207,276,
lightskyblue,238,176,210,207,276,
lightskyblue,238,177,210,207,276,
lightskyblue,238,178,210,207,276,
lightskyblue,238,179,210,207,276,
lightskyblue,238,180,210,207,276,
lightskyblue,240,175,214,285,281,328,
lightskyblue,240,176,214,285,281,328,
lightskyblue,240,177,214,285,281,328,
lightskyblue,240,178,214,285,281,328,
lightskyblue,240,179,214,285,281,328,
lightskyblue,240,180,214,285,281,328,
lightskyblue,242,183,216,293,290,
lightskyblue,242,184,216,293,290,
lightskyblue,242,185,216,293,290,
lightskyblue,242,186,216,293,290,
lightskyblue,242,187,216,293,290,
lightskyblue,242,188,216,293,290,
lightskyblue,242,189,216,293,290,
lightskyblue,242,190,216,293,290,
lightskyblue,244,183,222,302,299,325,
lightskyblue,244,184,222,302,299,325,
lightskyblue,244,185,222,302,299,325,
lightskyblue,244,186,222,302,299,325,
lightskyblue,244,187,222,302,299,325,
lightskyblue,244,188,222,302,299,325,
lightskyblue,244,189,222,302,299,325,
lightskyblue,244,190,222,302,299,325,
lightskyblue,246,183,218,311,308,
lightskyblue,246,184,218,311,308,
lightskyblue,246,185,218,311,308,
lightskyblue,246,186,218,311,308,
lightskyblue,246,187,218,311,308,
lightskyblue,246,188,218,311,308,
lightskyblue,246,189,218,311,308,
lightskyblue,246,190,218,311,308,
lightskyblue,242,167,216,293,290,
lightskyblue,242,168,216,293,290,
lightskyblue,242,169,216,293,290,
lightskyblue,242,170,216,293,290,
lightskyblue,242,171,216,293,290,
lightskyblue,242,172,216,293,290,
lightskyblue,242,173,216,293,290,
lightskyblue,244,167,222,302,299,323,
lightskyblue,244,168,222,302,299,323,
lightskyblue,244,169,222,302,299,323,
lightskyblue,244,170,222,302,299,323,
lightskyblue,244,171,222,302,299,323,
lightskyblue,244,172,222,302,299,323,
lightskyblue,244,173,222,302,299,323,
lightskyblue,246,167,218,311,308,
lightskyblue,246,168,218,311,308,
lightskyblue,246,169,218,311,308,
lightskyblue,246,170,218,311,308,
lightskyblue,246,171,218,311,308,
lightskyblue,246,172,218,311,308,
lightskyblue,246,173,218,311,308,
lightskyblue,242,134,216,293,290,
lightskyblue,242,135,216,293,290,
lightskyblue,244,134,222,302,299,323,
lightskyblue,244,135,222,302,299,323,
lightskyblue,246,134,218,311,308,
lightskyblue,246,135,218,311,308,
lightskyblue,242,175,216,294,290,
lightskyblue,242,176,216,294,290,
lightskyblue,242,177,216,294,290,
lightskyblue,242,178,216,294,290,
lightskyblue,242,179,216,294,290,
lightskyblue,242,180,216,294,290,
lightskyblue,242,181,216,294,290,
lightskyblue,244,175,222,303,299,324,
lightskyblue,244,176,222,303,299,324,
lightskyblue,244,177,222,303,299,324,
lightskyblue,244,178,222,303,299,324,
lightskyblue,244,179,222,303,299,324,
lightskyblue,244,180,222,303,299,324,
lightskyblue,244,181,222,303,299,324,
lightskyblue,246,175,218,312,308,
lightskyblue,246,176,218,312,308,
lightskyblue,246,177,218,312,308,
lightskyblue,246,178,218,312,308,
lightskyblue,246,179,218,312,308,
lightskyblue,246,180,218,312,308,
lightskyblue,246,181,218,312,308,
lightskyblue,153,217,291,
lightskyblue,153,217,291,
lightskyblue,216,291,
lightskyblue,216,291,
lightskyblue,115,114,120,
lightskyblue,115,114,120,
lightskyblue,113,120,
lightskyblue,113,120,
lightskyblue,155,223,300,
lightskyblue,155,223,300,
lightskyblue,222,300,
lightskyblue,222,300,
lightskyblue,157,213,255,
lightskyblue,157,213,255,
lightskyblue,212,255,
lightskyblue,212,255,
lightskyblue,228,221,264,
lightskyblue,228,221,264,
lightskyblue,220,264,
lightskyblue,220,264,
lightskyblue,104,103,101,
lightskyblue,104,103,101,
lightskyblue,102,101,
lightskyblue,102,101,
lightskyblue,159,198,195,
lightskyblue,159,198,195,
lightskyblue,197,195,
lightskyblue,197,195,
lightskyblue,224,211,277,
lightskyblue,224,211,277,
lightskyblue,210,277,
lightskyblue,210,277,
lightskyblue,85,95,93,
lightskyblue,85,95,93,
lightskyblue,94,93,
lightskyblue,94,93,
lightskyblue,165,205,202,
lightskyblue,165,205,202,
lightskyblue,204,202,
lightskyblue,204,202,
lightskyblue,161,219,309,
lightskyblue,161,219,309,
lightskyblue,218,309,
lightskyblue,218,309,
lightskyblue,163,215,282,
lightskyblue,163,215,282,
lightskyblue,214,282,
lightskyblue,214,282,
lightskyblue,122,128,
lightskyblue,124,129,
lightskyblue,126,130,
lightskyblue,133,131,
lightskyblue,121,127,
lightskyblue,123,127,
lightskyblue,125,127,
lightskyblue,132,127,
