green,
green,
green,
green,
green,
green,
green,
green,
green,
green,
green,
green,
green,
green,
green,
green,
green,
green,
green,
green,
green,
green,
green,
green,
green,
green,
green,
green,
green,
green,
green,
green,
green,
green,
green,
green,
green,
green,
green,
green,
green,
green,
green,
green,
green,
green,
green,
green,
green,
green,
green,
green,
green,
green,
green,
green,
green,
green,
green,
green,
green,
green,
green,
green,
green,
green,
green,
green,
green,
green,
green,
green,
green,
green,
green,
green,
green,
green,
green,
green,
green,
green,
green,
green,
green,
green,
green,
green,
green,
green,
green,
green,
green,
green,
green,
green,
green,
green,
green,
green,
green,
green,
green,
green,
green,
green,
green,
green,
green,
green,
gold,0,1049,1050,1051,1052,1069,1070,1071,1072,1769,1770,1771,1772,1789,1790,1791,1792,1808,1809,1810,1811,
gold,0,
gold,1,1057,1058,1059,1060,1076,1077,1078,1079,1777,1778,1779,1780,1796,1797,1798,1799,1816,1817,1818,1819,
gold,1,
gold,2,1045,1046,1047,1048,1065,1066,1067,1068,1765,1766,1767,1768,1785,1786,1787,1788,1804,1805,1806,1807,
gold,2,
gold,3,1061,1062,1063,1064,1080,1081,1082,1083,1781,1782,1783,1784,1800,1801,1802,1803,1820,1821,1822,1823,
gold,3,
gold,4,1053,1054,1055,1056,1073,1074,1075,1773,1774,1775,1776,1793,1794,1795,1812,1813,1814,1815,
gold,4,
gold,5,1765,1766,1767,1768,1769,1770,1771,1772,1773,1774,1775,1776,1777,1778,1779,1780,1781,1782,1783,1784,
gold,5,1045,1046,1047,1048,1049,1050,1051,1052,1053,1054,1055,1056,1057,1058,1059,1060,1061,1062,1063,1064,1183,1185,1187,1785,1786,1787,1788,1789,1790,1791,1792,1793,1794,1795,1796,1797,1798,1799,1800,1801,1802,1803,2133,2135,2137,
red,5,1065,1066,1067,1068,1069,1070,1071,1072,1073,1074,1075,1076,1077,1078,1079,1080,1081,1082,1083,1184,1186,1188,1804,1805,1806,1807,1808,1809,1810,1811,1812,1813,1814,1815,1816,1817,1818,1819,1820,1821,1822,1823,2134,2136,2138,
gold,6,1045,1049,1053,1057,1061,1065,1069,1073,1076,1080,1765,1769,1773,1777,1781,1785,1789,1793,1796,1800,1804,1808,1812,1816,1820,
gold,6,1046,1050,1054,1058,1062,1066,1070,1074,1077,1081,1766,1770,1774,1778,1782,1786,1790,1794,1797,1801,1805,1809,1813,1817,1821,
gold,6,647,648,649,650,1047,1051,1055,1059,1063,1067,1071,1078,1082,1183,1184,1185,1186,1187,1188,1767,1771,1775,1779,1783,1787,1791,1798,1802,1806,1810,1814,1818,1822,2133,2134,2135,2136,2137,2138,
red,6,1048,1052,1056,1060,1064,1068,1072,1075,1079,1083,1768,1772,1776,1780,1784,1788,1792,1795,1799,1803,1807,1811,1815,1819,1823,
gold,7,815,816,817,818,835,836,837,838,1435,1436,1437,1438,1454,1455,1456,1457,
gold,7,
gold,8,823,824,825,826,842,843,844,845,1442,1443,1444,1445,1462,1463,1464,1465,
gold,8,
gold,9,827,828,829,830,846,847,848,849,1446,1447,1448,1449,1466,1467,1468,1469,
gold,9,
gold,10,819,820,821,822,839,840,841,1439,1440,1441,1458,1459,1460,1461,
gold,10,
red,11,811,812,813,814,831,832,833,834,1431,1432,1433,1434,1450,1451,1452,1453,
gold,11,
red,12,811,812,813,814,815,816,817,818,819,820,821,822,823,824,825,826,827,828,829,830,1147,1149,1151,1431,1432,1433,1434,1435,1436,1437,1438,1439,1440,1441,1442,1443,1444,1445,1446,1447,1448,1449,2097,2099,2101,
gold,12,831,832,833,834,835,836,837,838,839,840,841,842,843,844,845,846,847,848,849,1148,1150,1152,1450,1451,1452,1453,1454,1455,1456,1457,1458,1459,1460,1461,1462,1463,1464,1465,1466,1467,1468,1469,2098,2100,2102,
gold,13,811,815,819,823,827,831,835,839,842,846,1431,1435,1439,1442,1446,1450,1454,1458,1462,1466,
gold,13,812,816,820,824,828,832,836,840,843,847,1432,1436,1440,1443,1447,1451,1455,1459,1463,1467,
gold,13,623,624,625,626,813,817,821,825,829,833,837,844,848,1147,1148,1149,1150,1151,1152,1433,1437,1444,1448,1452,1456,1460,1464,1468,2097,2098,2099,2100,2101,2102,
red,13,814,818,822,826,830,834,838,841,845,849,1434,1438,1441,1445,1449,1453,1457,1461,1465,1469,
gold,14,1883,1884,1885,1886,1909,1910,1911,1912,1913,1914,1915,1916,1917,1918,1919,1920,1981,1982,1983,1984,1985,1986,1987,1988,1989,1990,1991,1992,1993,1994,1995,1996,2145,
gold,14,
gold,15,1887,1888,1889,1890,1891,1892,1893,1894,1895,1896,1921,1922,1923,1924,1925,1926,1927,1928,1929,1930,1931,1932,1933,1934,1935,1936,1937,1938,1939,1940,1941,1942,1943,1944,1997,1998,1999,2000,2001,2002,2003,2004,2005,2006,2007,2008,2009,2010,2011,2012,2013,2014,2015,2016,2017,2018,2019,2020,2021,2022,2023,2024,2146,
gold,15,
gold,16,1945,1946,1947,1948,2025,2026,2027,2028,2029,2030,2031,2032,2147,
gold,16,
gold,17,1897,1898,1899,1900,1901,1902,1903,1904,1949,1950,1951,1952,1953,1954,1955,1956,1957,1958,1959,1960,1961,1962,1963,1964,1965,1966,1967,1968,2033,2034,2035,2036,2037,2038,2039,2040,2041,2042,2043,2044,2045,2046,2047,2048,2049,2050,2051,2052,2053,2054,2055,2056,2148,
gold,17,
gold,18,2145,2146,2147,2148,2149,
gold,18,417,418,419,420,443,444,445,446,447,448,449,450,451,452,453,454,515,516,517,518,519,520,521,522,523,524,525,526,527,528,529,530,2150,
gold,18,421,422,423,424,425,426,427,428,429,430,455,456,457,458,459,460,461,462,463,464,465,466,467,468,469,470,471,472,473,474,475,476,477,478,531,532,533,534,535,536,537,538,539,540,541,542,543,544,545,546,547,548,549,550,551,552,553,554,555,556,557,558,2151,
gold,18,479,480,481,482,559,560,561,562,563,564,565,566,2152,
gold,18,431,432,433,434,435,436,437,438,483,484,485,486,487,488,489,490,491,492,493,494,495,496,497,498,499,500,501,502,567,568,569,570,571,572,573,574,575,576,577,578,579,580,581,582,583,584,585,586,587,588,589,590,2153,
gold,18,439,440,441,442,503,504,505,506,507,508,509,510,511,512,513,514,591,592,593,594,595,596,597,598,599,600,601,602,603,604,605,606,2154,
gold,19,1905,1906,1907,1908,1969,1970,1971,1972,1973,1974,1975,1976,1977,1978,1979,1980,2057,2058,2059,2060,2061,2062,2063,2064,2065,2066,2067,2068,2069,2070,2071,2072,2149,
gold,19,
gold,20,
gold,20,559,561,563,565,2025,2027,2029,2031,
gold,20,479,480,481,482,560,562,564,566,1945,1946,1947,1948,2026,2028,2030,2032,
gold,21,659,660,661,662,679,680,681,682,1199,1200,1201,1202,1219,1220,1221,1222,1238,1239,1240,1241,
gold,21,
gold,22,698,699,700,701,718,719,720,721,1258,1259,1260,1261,1278,1279,1280,1281,1297,1298,1299,1300,
gold,22,
gold,23,737,738,739,740,757,758,759,760,1317,1318,1319,1320,1337,1338,1339,1340,1356,1357,1358,1359,
gold,23,
gold,24,776,777,778,779,796,797,798,799,1376,1377,1378,1379,1396,1397,1398,1399,1415,1416,1417,1418,
gold,24,
gold,25,854,855,856,857,874,875,876,877,1474,1475,1476,1477,1494,1495,1496,1497,1513,1514,1515,1516,
gold,25,
gold,26,893,894,895,896,913,914,915,916,1533,1534,1535,1536,1553,1554,1555,1556,1572,1573,1574,1575,
gold,26,
gold,27,901,902,903,904,920,921,922,923,1541,1542,1543,1544,1560,1561,1562,1563,1580,1581,1582,1583,
gold,27,
gold,28,932,933,934,935,952,953,954,955,1592,1593,1594,1595,1612,1613,1614,1615,1631,1632,1633,1634,
gold,28,
gold,29,940,941,942,943,959,960,961,962,1600,1601,1602,1603,1619,1620,1621,1622,1639,1640,1641,1642,
gold,29,
gold,30,971,972,973,974,991,992,993,994,1651,1652,1653,1654,1671,1672,1673,1674,1690,1691,1692,1693,
gold,30,
gold,31,979,980,981,982,998,999,1000,1001,1659,1660,1661,1662,1678,1679,1680,1681,1698,1699,1700,1701,
gold,31,
gold,32,1010,1011,1012,1013,1030,1031,1032,1033,1710,1711,1712,1713,1730,1731,1732,1733,1749,1750,1751,1752,
gold,32,
gold,33,1018,1019,1020,1021,1037,1038,1039,1040,1718,1719,1720,1721,1737,1738,1739,1740,1757,1758,1759,1760,
gold,33,
gold,34,1096,1097,1098,1099,1115,1116,1117,1118,1836,1837,1838,1839,1855,1856,1857,1858,1875,1876,1877,1878,
gold,34,
gold,35,862,863,864,865,881,882,883,884,1482,1483,1484,1485,1501,1502,1503,1504,1521,1522,1523,1524,
gold,35,
gold,36,784,785,786,787,803,804,805,806,1384,1385,1386,1387,1403,1404,1405,1406,1423,1424,1425,1426,
gold,36,
gold,37,745,746,747,748,764,765,766,767,1325,1326,1327,1328,1344,1345,1346,1347,1364,1365,1366,1367,
gold,37,
gold,38,667,668,669,670,686,687,688,689,1207,1208,1209,1210,1226,1227,1228,1229,1246,1247,1248,1249,
gold,38,
gold,39,
gold,39,515,519,523,527,1981,1985,1989,1993,
gold,39,443,446,449,452,516,520,524,528,1909,1912,1915,1918,1982,1986,1990,1994,
gold,39,417,419,444,447,450,453,517,521,525,529,1883,1885,1910,1913,1916,1919,1983,1987,1991,1995,
gold,39,418,420,445,448,451,454,518,522,526,530,1884,1886,1911,1914,1917,1920,1984,1988,1992,1996,
gold,40,
gold,40,591,595,599,603,2057,2061,2065,2069,
gold,40,503,506,509,512,592,596,600,604,1969,1972,1975,1978,2058,2062,2066,2070,
gold,40,439,441,504,507,510,513,593,597,601,605,1905,1907,1970,1973,1976,1979,2059,2063,2067,2071,
gold,40,440,442,505,508,511,514,594,598,602,606,1906,1908,1971,1974,1977,1980,2060,2064,2068,2072,
gold,41,655,656,657,658,675,676,677,678,1195,1196,1197,1198,1215,1216,1217,1218,1234,1235,1236,1237,
gold,41,
gold,42,694,695,696,697,714,715,716,717,1254,1255,1256,1257,1274,1275,1276,1277,1293,1294,1295,1296,
gold,42,
gold,43,733,734,735,736,753,754,755,756,1313,1314,1315,1316,1333,1334,1335,1336,1352,1353,1354,1355,
gold,43,
gold,44,850,851,852,853,870,871,872,873,1470,1471,1472,1473,1490,1491,1492,1493,1509,1510,1511,1512,
gold,44,
gold,45,889,890,891,892,909,910,911,912,1529,1530,1531,1532,1549,1550,1551,1552,1568,1569,1570,1571,
gold,45,
gold,46,928,929,930,931,948,949,950,951,1588,1589,1590,1591,1608,1609,1610,1611,1627,1628,1629,1630,
gold,46,
gold,47,967,968,969,970,987,988,989,990,1647,1648,1649,1650,1667,1668,1669,1670,1686,1687,1688,1689,
gold,47,
gold,48,1006,1007,1008,1009,1026,1027,1028,1029,1706,1707,1708,1709,1726,1727,1728,1729,1745,1746,1747,1748,
gold,48,
gold,49,1084,1085,1086,1087,1104,1105,1106,1107,1824,1825,1826,1827,1844,1845,1846,1847,1863,1864,1865,1866,
gold,49,
gold,50,905,906,907,908,924,925,926,927,1545,1546,1547,1548,1564,1565,1566,1567,1584,1585,1586,1587,
gold,50,
gold,51,944,945,946,947,963,964,965,966,1604,1605,1606,1607,1623,1624,1625,1626,1643,1644,1645,1646,
gold,51,
gold,52,1100,1101,1102,1103,1119,1120,1121,1122,1840,1841,1842,1843,1859,1860,1861,1862,1879,1880,1881,1882,
gold,52,
gold,53,788,789,790,791,807,808,809,810,1388,1389,1390,1391,1407,1408,1409,1410,1427,1428,1429,1430,
gold,53,
gold,54,749,750,751,752,768,769,770,771,1329,1330,1331,1332,1348,1349,1350,1351,1368,1369,1370,1371,
gold,54,
gold,55,710,711,712,713,729,730,731,732,1270,1271,1272,1273,1289,1290,1291,1292,1309,1310,1311,1312,
gold,55,
gold,56,
gold,56,567,573,579,585,2033,2039,2045,2051,
gold,56,483,488,493,498,568,574,580,586,1949,1954,1959,1964,2034,2040,2046,2052,
gold,56,431,435,484,489,494,499,569,575,581,587,1897,1901,1950,1955,1960,1965,2035,2041,2047,2053,
gold,56,432,436,485,490,495,500,570,576,582,588,1898,1902,1951,1956,1961,1966,2036,2042,2048,2054,
gold,56,433,437,486,491,496,501,571,577,583,589,1899,1903,1952,1957,1962,1967,2037,2043,2049,2055,
gold,56,434,438,487,492,497,502,572,578,584,590,1900,1904,1953,1958,1963,1968,2038,2044,2050,2056,
gold,57,
gold,57,531,538,545,552,1997,2004,2011,2018,
gold,57,455,461,467,473,532,539,546,553,1921,1927,1933,1939,1998,2005,2012,2019,
gold,57,421,426,456,462,468,474,533,540,547,554,1887,1892,1922,1928,1934,1940,1999,2006,2013,2020,
gold,57,422,427,457,463,469,475,534,541,548,555,1888,1893,1923,1929,1935,1941,2000,2007,2014,2021,
gold,57,423,428,458,464,470,476,535,542,549,556,1889,1894,1924,1930,1936,1942,2001,2008,2015,2022,
gold,57,424,429,459,465,471,477,536,543,550,557,1890,1895,1925,1931,1937,1943,2002,2009,2016,2023,
gold,57,425,430,460,466,472,478,537,544,551,558,1891,1896,1926,1932,1938,1944,2003,2010,2017,2024,
gold,58,1195,1196,1197,1198,1199,1200,1201,1202,1203,1204,1205,1206,1207,1208,1209,1210,1211,1212,1213,1214,
gold,58,655,656,657,658,659,660,661,662,663,664,665,666,667,668,669,670,671,672,673,674,1123,1125,1127,1215,1216,1217,1218,1219,1220,1221,1222,1223,1224,1225,1226,1227,1228,1229,1230,1231,1232,1233,2073,2075,2077,
gold,58,675,676,677,678,679,680,681,682,683,684,685,686,687,688,689,690,691,692,693,1124,1126,1128,1234,1235,1236,1237,1238,1239,1240,1241,1242,1243,1244,1245,1246,1247,1248,1249,1250,1251,1252,1253,2074,2076,2078,
gold,58,
gold,59,1470,1471,1472,1473,1474,1475,1476,1477,1478,1479,1480,1481,1482,1483,1484,1485,1486,1487,1488,1489,
gold,59,850,851,852,853,854,855,856,857,858,859,860,861,862,863,864,865,866,867,868,869,1153,1155,1157,1490,1491,1492,1493,1494,1495,1496,1497,1498,1499,1500,1501,1502,1503,1504,1505,1506,1507,1508,2103,2105,2107,
gold,59,870,871,872,873,874,875,876,877,878,879,880,881,882,883,884,885,886,887,888,1154,1156,1158,1509,1510,1511,1512,1513,1514,1515,1516,1517,1518,1519,1520,1521,1522,1523,1524,1525,1526,1527,1528,2104,2106,2108,
gold,59,
gold,60,850,854,858,862,866,870,874,878,881,885,1470,1474,1478,1482,1486,1490,1494,1498,1501,1505,1509,1513,1517,1521,1525,
gold,60,851,855,859,863,867,871,875,879,882,886,1471,1475,1479,1483,1487,1491,1495,1499,1502,1506,1510,1514,1518,1522,1526,
gold,60,627,628,629,630,852,856,860,864,868,872,876,883,887,1153,1154,1155,1156,1157,1158,1472,1476,1480,1484,1488,1492,1496,1503,1507,1511,1515,1519,1523,1527,2103,2104,2105,2106,2107,2108,
gold,60,853,857,861,865,869,873,877,880,884,888,1473,1477,1481,1485,1489,1493,1497,1500,1504,1508,1512,1516,1520,1524,1528,
gold,60,419,420,426,427,428,429,430,435,436,437,438,441,442,1885,1886,1892,1893,1894,1895,1896,1901,1902,1903,1904,1907,1908,
gold,61,858,859,860,861,878,879,880,1478,1479,1480,1481,1498,1499,1500,1517,1518,1519,1520,
gold,61,
gold,62,1372,1373,1374,1375,1376,1377,1378,1379,1380,1381,1382,1383,1384,1385,1386,1387,1388,1389,1390,1391,
gold,62,772,773,774,775,776,777,778,779,780,781,782,783,784,785,786,787,788,789,790,791,1141,1143,1145,1392,1393,1394,1395,1396,1397,1398,1399,1400,1401,1402,1403,1404,1405,1406,1407,1408,1409,1410,2091,2093,2095,
gold,62,792,793,794,795,796,797,798,799,800,801,802,803,804,805,806,807,808,809,810,1142,1144,1146,1411,1412,1413,1414,1415,1416,1417,1418,1419,1420,1421,1422,1423,1424,1425,1426,1427,1428,1429,1430,2092,2094,2096,
gold,62,
gold,63,1824,1825,1826,1827,1828,1829,1830,1831,1832,1833,1834,1835,1836,1837,1838,1839,1840,1841,1842,1843,
gold,63,1084,1085,1086,1087,1088,1089,1090,1091,1092,1093,1094,1095,1096,1097,1098,1099,1100,1101,1102,1103,1189,1191,1193,1844,1845,1846,1847,1848,1849,1850,1851,1852,1853,1854,1855,1856,1857,1858,1859,1860,1861,1862,2139,2141,2143,
gold,63,1104,1105,1106,1107,1108,1109,1110,1111,1112,1113,1114,1115,1116,1117,1118,1119,1120,1121,1122,1190,1192,1194,1863,1864,1865,1866,1867,1868,1869,1870,1871,1872,1873,1874,1875,1876,1877,1878,1879,1880,1881,1882,2140,2142,2144,
gold,63,
gold,64,733,737,741,745,749,753,757,761,764,768,1313,1317,1321,1325,1329,1333,1337,1341,1344,1348,1352,1356,1360,1364,1368,
gold,64,734,738,742,746,750,754,758,762,765,769,1314,1318,1322,1326,1330,1334,1338,1342,1345,1349,1353,1357,1361,1365,1369,
gold,64,615,616,617,618,735,739,743,747,751,755,759,766,770,1135,1136,1137,1138,1139,1140,1315,1319,1323,1327,1331,1335,1339,1346,1350,1354,1358,1362,1366,1370,2085,2086,2087,2088,2089,2090,
gold,64,736,740,744,748,752,756,760,763,767,771,1316,1320,1324,1328,1332,1336,1340,1343,1347,1351,1355,1359,1363,1367,1371,
gold,64,519,520,521,522,538,539,540,541,542,543,544,561,562,573,574,575,576,577,578,595,596,597,598,1985,1986,1987,1988,2004,2005,2006,2007,2008,2009,2010,2027,2028,2039,2040,2041,2042,2043,2044,2061,2062,2063,2064,
gold,65,1006,1010,1014,1018,1022,1026,1030,1034,1037,1041,1706,1710,1714,1718,1722,1726,1730,1734,1737,1741,1745,1749,1753,1757,1761,
gold,65,1007,1011,1015,1019,1023,1027,1031,1035,1038,1042,1707,1711,1715,1719,1723,1727,1731,1735,1738,1742,1746,1750,1754,1758,1762,
gold,65,643,644,645,646,1008,1012,1016,1020,1024,1028,1032,1039,1043,1177,1178,1179,1180,1181,1182,1708,1712,1716,1720,1724,1728,1732,1739,1743,1747,1751,1755,1759,1763,2127,2128,2129,2130,2131,2132,
gold,65,1009,1013,1017,1021,1025,1029,1033,1036,1040,1044,1709,1713,1717,1721,1725,1729,1733,1736,1740,1744,1748,1752,1756,1760,1764,
gold,65,527,528,529,530,552,553,554,555,556,557,558,565,566,585,586,587,588,589,590,603,604,605,606,1993,1994,1995,1996,2018,2019,2020,2021,2022,2023,2024,2031,2032,2051,2052,2053,2054,2055,2056,2069,2070,2071,2072,
gold,66,1014,1015,1016,1017,1034,1035,1036,1714,1715,1716,1717,1734,1735,1736,1753,1754,1755,1756,
gold,66,
gold,67,663,664,665,666,683,684,685,1203,1204,1205,1206,1223,1224,1225,1242,1243,1244,1245,
gold,67,
gold,68,780,781,782,783,800,801,802,1380,1381,1382,1383,1400,1401,1402,1419,1420,1421,1422,
gold,68,
gold,69,1092,1093,1094,1095,1112,1113,1114,1832,1833,1834,1835,1852,1853,1854,1871,1872,1873,1874,
gold,69,
gold,70,936,937,938,939,956,957,958,1596,1597,1598,1599,1616,1617,1618,1635,1636,1637,1638,
gold,70,
gold,71,975,976,977,978,995,996,997,1655,1656,1657,1658,1675,1676,1677,1694,1695,1696,1697,
gold,71,
gold,72,702,703,704,705,722,723,724,1262,1263,1264,1265,1282,1283,1284,1301,1302,1303,1304,
gold,72,
red,73,866,867,868,869,885,886,887,888,1486,1487,1488,1489,1505,1506,1507,1508,1525,1526,1527,1528,
gold,73,
red,74,1088,1089,1090,1091,1108,1109,1110,1111,1828,1829,1830,1831,1848,1849,1850,1851,1867,1868,1869,1870,
gold,74,
red,75,772,773,774,775,792,793,794,795,1372,1373,1374,1375,1392,1393,1394,1395,1411,1412,1413,1414,
gold,75,
red,76,1022,1023,1024,1025,1041,1042,1043,1044,1722,1723,1724,1725,1741,1742,1743,1744,1761,1762,1763,1764,
gold,76,
red,77,671,672,673,674,690,691,692,693,1211,1212,1213,1214,1230,1231,1232,1233,1250,1251,1252,1253,
gold,77,
red,78,706,707,708,709,725,726,727,728,1266,1267,1268,1269,1285,1286,1287,1288,1305,1306,1307,1308,
gold,78,
red,79,983,984,985,986,1002,1003,1004,1005,1663,1664,1665,1666,1682,1683,1684,1685,1702,1703,1704,1705,
gold,79,
red,80,627,628,629,630,850,851,852,853,854,855,856,857,858,859,860,861,862,863,864,865,866,867,868,869,870,871,872,873,874,875,876,877,878,879,880,881,882,883,884,885,886,887,888,1153,1154,1155,1156,1157,1158,1470,1471,1472,1473,1474,1475,1476,1477,1478,1479,1480,1481,1482,1483,1484,1485,1486,1487,1488,1489,1490,1491,1492,1493,1494,1495,1496,1497,1498,1499,1500,1501,1502,1503,1504,1505,1506,1507,1508,1509,1510,1511,1512,1513,1514,1515,1516,1517,1518,1519,1520,1521,1522,1523,1524,1525,1526,1527,1528,2103,2104,2105,2106,2107,2108,
gold,80,
red,81,607,608,609,610,655,656,657,658,659,660,661,662,663,664,665,666,667,668,669,670,671,672,673,674,675,676,677,678,679,680,681,682,683,684,685,686,687,688,689,690,691,692,693,1123,1124,1125,1126,1127,1128,1195,1196,1197,1198,1199,1200,1201,1202,1203,1204,1205,1206,1207,1208,1209,1210,1211,1212,1213,1214,1215,1216,1217,1218,1219,1220,1221,1222,1223,1224,1225,1226,1227,1228,1229,1230,1231,1232,1233,1234,1235,1236,1237,1238,1239,1240,1241,1242,1243,1244,1245,1246,1247,1248,1249,1250,1251,1252,1253,2073,2074,2075,2076,2077,2078,
gold,81,
red,82,615,616,617,618,733,734,735,736,737,738,739,740,741,742,743,744,745,746,747,748,749,750,751,752,753,754,755,756,757,758,759,760,761,762,763,764,765,766,767,768,769,770,771,1135,1136,1137,1138,1139,1140,1313,1314,1315,1316,1317,1318,1319,1320,1321,1322,1323,1324,1325,1326,1327,1328,1329,1330,1331,1332,1333,1334,1335,1336,1337,1338,1339,1340,1341,1342,1343,1344,1345,1346,1347,1348,1349,1350,1351,1352,1353,1354,1355,1356,1357,1358,1359,1360,1361,1362,1363,1364,1365,1366,1367,1368,1369,1370,1371,2085,2086,2087,2088,2089,2090,
gold,82,
red,83,643,644,645,646,1006,1007,1008,1009,1010,1011,1012,1013,1014,1015,1016,1017,1018,1019,1020,1021,1022,1023,1024,1025,1026,1027,1028,1029,1030,1031,1032,1033,1034,1035,1036,1037,1038,1039,1040,1041,1042,1043,1044,1177,1178,1179,1180,1181,1182,1706,1707,1708,1709,1710,1711,1712,1713,1714,1715,1716,1717,1718,1719,1720,1721,1722,1723,1724,1725,1726,1727,1728,1729,1730,1731,1732,1733,1734,1735,1736,1737,1738,1739,1740,1741,1742,1743,1744,1745,1746,1747,1748,1749,1750,1751,1752,1753,1754,1755,1756,1757,1758,1759,1760,1761,1762,1763,1764,2127,2128,2129,2130,2131,2132,
gold,83,
red,84,619,620,621,622,772,773,774,775,776,777,778,779,780,781,782,783,784,785,786,787,788,789,790,791,792,793,794,795,796,797,798,799,800,801,802,803,804,805,806,807,808,809,810,1141,1142,1143,1144,1145,1146,1372,1373,1374,1375,1376,1377,1378,1379,1380,1381,1382,1383,1384,1385,1386,1387,1388,1389,1390,1391,1392,1393,1394,1395,1396,1397,1398,1399,1400,1401,1402,1403,1404,1405,1406,1407,1408,1409,1410,1411,1412,1413,1414,1415,1416,1417,1418,1419,1420,1421,1422,1423,1424,1425,1426,1427,1428,1429,1430,2091,2092,2093,2094,2095,2096,
gold,84,
red,85,635,636,637,638,928,929,930,931,932,933,934,935,936,937,938,939,940,941,942,943,944,945,946,947,948,949,950,951,952,953,954,955,956,957,958,959,960,961,962,963,964,965,966,1165,1166,1167,1168,1169,1170,1588,1589,1590,1591,1592,1593,1594,1595,1596,1597,1598,1599,1600,1601,1602,1603,1604,1605,1606,1607,1608,1609,1610,1611,1612,1613,1614,1615,1616,1617,1618,1619,1620,1621,1622,1623,1624,1625,1626,1627,1628,1629,1630,1631,1632,1633,1634,1635,1636,1637,1638,1639,1640,1641,1642,1643,1644,1645,1646,2115,2116,2117,2118,2119,2120,
gold,85,
red,86,639,640,641,642,967,968,969,970,971,972,973,974,975,976,977,978,979,980,981,982,983,984,985,986,987,988,989,990,991,992,993,994,995,996,997,998,999,1000,1001,1002,1003,1004,1005,1171,1172,1173,1174,1175,1176,1647,1648,1649,1650,1651,1652,1653,1654,1655,1656,1657,1658,1659,1660,1661,1662,1663,1664,1665,1666,1667,1668,1669,1670,1671,1672,1673,1674,1675,1676,1677,1678,1679,1680,1681,1682,1683,1684,1685,1686,1687,1688,1689,1690,1691,1692,1693,1694,1695,1696,1697,1698,1699,1700,1701,1702,1703,1704,1705,2121,2122,2123,2124,2125,2126,
gold,86,
red,87,651,652,653,654,1084,1085,1086,1087,1088,1089,1090,1091,1092,1093,1094,1095,1096,1097,1098,1099,1100,1101,1102,1103,1104,1105,1106,1107,1108,1109,1110,1111,1112,1113,1114,1115,1116,1117,1118,1119,1120,1121,1122,1189,1190,1191,1192,1193,1194,1824,1825,1826,1827,1828,1829,1830,1831,1832,1833,1834,1835,1836,1837,1838,1839,1840,1841,1842,1843,1844,1845,1846,1847,1848,1849,1850,1851,1852,1853,1854,1855,1856,1857,1858,1859,1860,1861,1862,1863,1864,1865,1866,1867,1868,1869,1870,1871,1872,1873,1874,1875,1876,1877,1878,1879,1880,1881,1882,2139,2140,2141,2142,2143,2144,
gold,87,
red,88,611,612,613,614,694,695,696,697,698,699,700,701,702,703,704,705,706,707,708,709,710,711,712,713,714,715,716,717,718,719,720,721,722,723,724,725,726,727,728,729,730,731,732,1129,1130,1131,1132,1133,1134,1254,1255,1256,1257,1258,1259,1260,1261,1262,1263,1264,1265,1266,1267,1268,1269,1270,1271,1272,1273,1274,1275,1276,1277,1278,1279,1280,1281,1282,1283,1284,1285,1286,1287,1288,1289,1290,1291,1292,1293,1294,1295,1296,1297,1298,1299,1300,1301,1302,1303,1304,1305,1306,1307,1308,1309,1310,1311,1312,2079,2080,2081,2082,2083,2084,
gold,88,
red,89,631,632,633,634,889,890,891,892,893,894,895,896,897,898,899,900,901,902,903,904,905,906,907,908,909,910,911,912,913,914,915,916,917,918,919,920,921,922,923,924,925,926,927,1159,1160,1161,1162,1163,1164,1529,1530,1531,1532,1533,1534,1535,1536,1537,1538,1539,1540,1541,1542,1543,1544,1545,1546,1547,1548,1549,1550,1551,1552,1553,1554,1555,1556,1557,1558,1559,1560,1561,1562,1563,1564,1565,1566,1567,1568,1569,1570,1571,1572,1573,1574,1575,1576,1577,1578,1579,1580,1581,1582,1583,1584,1585,1586,1587,2109,2110,2111,2112,2113,2114,
gold,89,
gold,90,655,659,663,667,671,675,679,683,686,690,1195,1199,1203,1207,1211,1215,1219,1223,1226,1230,1234,1238,1242,1246,1250,
gold,90,656,660,664,668,672,676,680,684,687,691,1196,1200,1204,1208,1212,1216,1220,1224,1227,1231,1235,1239,1243,1247,1251,
gold,90,607,608,609,610,657,661,665,669,673,677,681,688,692,1123,1124,1125,1126,1127,1128,1197,1201,1205,1209,1213,1217,1221,1228,1232,1236,1240,1244,1248,1252,2073,2074,2075,2076,2077,2078,
red,90,658,662,666,670,674,678,682,685,689,693,1198,1202,1206,1210,1214,1218,1222,1225,1229,1233,1237,1241,1245,1249,1253,
gold,90,417,418,421,422,423,424,425,431,432,433,434,439,440,1883,1884,1887,1888,1889,1890,1891,1897,1898,1899,1900,1905,1906,
gold,91,1706,1707,1708,1709,1710,1711,1712,1713,1714,1715,1716,1717,1718,1719,1720,1721,1722,1723,1724,1725,
red,91,1006,1007,1008,1009,1010,1011,1012,1013,1014,1015,1016,1017,1018,1019,1020,1021,1022,1023,1024,1025,1177,1179,1181,1726,1727,1728,1729,1730,1731,1732,1733,1734,1735,1736,1737,1738,1739,1740,1741,1742,1743,1744,2127,2129,2131,
gold,91,1026,1027,1028,1029,1030,1031,1032,1033,1034,1035,1036,1037,1038,1039,1040,1041,1042,1043,1044,1178,1180,1182,1745,1746,1747,1748,1749,1750,1751,1752,1753,1754,1755,1756,1757,1758,1759,1760,1761,1762,1763,1764,2128,2130,2132,
gold,91,
gold,92,772,776,780,784,788,792,796,800,803,807,1372,1376,1380,1384,1388,1392,1396,1400,1403,1407,1411,1415,1419,1423,1427,
gold,92,773,777,781,785,789,793,797,801,804,808,1373,1377,1381,1385,1389,1393,1397,1401,1404,1408,1412,1416,1420,1424,1428,
gold,92,619,620,621,622,774,778,782,786,790,794,798,805,809,1141,1142,1143,1144,1145,1146,1374,1378,1382,1386,1390,1394,1398,1405,1409,1413,1417,1421,1425,1429,2091,2092,2093,2094,2095,2096,
red,92,775,779,783,787,791,795,799,802,806,810,1375,1379,1383,1387,1391,1395,1399,1402,1406,1410,1414,1418,1422,1426,1430,
gold,92,443,444,445,455,456,457,458,459,460,479,483,484,485,486,487,503,504,505,1909,1910,1911,1921,1922,1923,1924,1925,1926,1945,1949,1950,1951,1952,1953,1969,1970,1971,
gold,93,1084,1088,1092,1096,1100,1104,1108,1112,1115,1119,1824,1828,1832,1836,1840,1844,1848,1852,1855,1859,1863,1867,1871,1875,1879,
red,93,1085,1089,1093,1097,1101,1105,1109,1113,1116,1120,1825,1829,1833,1837,1841,1845,1849,1853,1856,1860,1864,1868,1872,1876,1880,
gold,93,651,652,653,654,1086,1090,1094,1098,1102,1106,1110,1117,1121,1189,1190,1191,1192,1193,1194,1826,1830,1834,1838,1842,1846,1850,1857,1861,1865,1869,1873,1877,1881,2139,2140,2141,2142,2143,2144,
gold,93,1087,1091,1095,1099,1103,1107,1111,1114,1118,1122,1827,1831,1835,1839,1843,1847,1851,1854,1858,1862,1866,1870,1874,1878,1882,
gold,93,452,453,454,473,474,475,476,477,478,482,498,499,500,501,502,512,513,514,1918,1919,1920,1939,1940,1941,1942,1943,1944,1948,1964,1965,1966,1967,1968,1978,1979,1980,
gold,94,1313,1314,1315,1316,1317,1318,1319,1320,1321,1322,1323,1324,1325,1326,1327,1328,1329,1330,1331,1332,
red,94,733,734,735,736,737,738,739,740,741,742,743,744,745,746,747,748,749,750,751,752,1135,1137,1139,1333,1334,1335,1336,1337,1338,1339,1340,1341,1342,1343,1344,1345,1346,1347,1348,1349,1350,1351,2085,2087,2089,
gold,94,753,754,755,756,757,758,759,760,761,762,763,764,765,766,767,768,769,770,771,1136,1138,1140,1352,1353,1354,1355,1356,1357,1358,1359,1360,1361,1362,1363,1364,1365,1366,1367,1368,1369,1370,1371,2086,2088,2090,
gold,94,
red,95,741,742,743,744,761,762,763,1321,1322,1323,1324,1341,1342,1343,1360,1361,1362,1363,
gold,95,
gold,96,928,932,936,940,944,948,952,956,959,963,1588,1592,1596,1600,1604,1608,1612,1616,1619,1623,1627,1631,1635,1639,1643,
red,96,929,933,937,941,945,949,953,957,960,964,1589,1593,1597,1601,1605,1609,1613,1617,1620,1624,1628,1632,1636,1640,1644,
gold,96,635,636,637,638,930,934,938,942,946,950,954,961,965,1165,1166,1167,1168,1169,1170,1590,1594,1598,1602,1606,1610,1614,1621,1625,1629,1633,1637,1641,1645,2115,2116,2117,2118,2119,2120,
gold,96,931,935,939,943,947,951,955,958,962,966,1591,1595,1599,1603,1607,1611,1615,1618,1622,1626,1630,1634,1638,1642,1646,
gold,96,446,447,448,461,462,463,464,465,466,480,488,489,490,491,492,506,507,508,1912,1913,1914,1927,1928,1929,1930,1931,1932,1946,1954,1955,1956,1957,1958,1972,1973,1974,
gold,97,1588,1589,1590,1591,1592,1593,1594,1595,1596,1597,1598,1599,1600,1601,1602,1603,1604,1605,1606,1607,
gold,97,928,929,930,931,932,933,934,935,936,937,938,939,940,941,942,943,944,945,946,947,1165,1167,1169,1608,1609,1610,1611,1612,1613,1614,1615,1616,1617,1618,1619,1620,1621,1622,1623,1624,1625,1626,2115,2117,2119,
red,97,948,949,950,951,952,953,954,955,956,957,958,959,960,961,962,963,964,965,966,1166,1168,1170,1627,1628,1629,1630,1631,1632,1633,1634,1635,1636,1637,1638,1639,1640,1641,1642,1643,1644,1645,1646,2116,2118,2120,
gold,97,
gold,98,967,971,975,979,983,987,991,995,998,1002,1647,1651,1655,1659,1663,1667,1671,1675,1678,1682,1686,1690,1694,1698,1702,
red,98,968,972,976,980,984,988,992,996,999,1003,1648,1652,1656,1660,1664,1668,1672,1676,1679,1683,1687,1691,1695,1699,1703,
gold,98,639,640,641,642,969,973,977,981,985,989,993,1000,1004,1171,1172,1173,1174,1175,1176,1649,1653,1657,1661,1665,1669,1673,1680,1684,1688,1692,1696,1700,1704,2121,2122,2123,2124,2125,2126,
gold,98,970,974,978,982,986,990,994,997,1001,1005,1650,1654,1658,1662,1666,1670,1674,1677,1681,1685,1689,1693,1697,1701,1705,
gold,98,449,450,451,467,468,469,470,471,472,481,493,494,495,496,497,509,510,511,1915,1916,1917,1933,1934,1935,1936,1937,1938,1947,1959,1960,1961,1962,1963,1975,1976,1977,
gold,99,1647,1648,1649,1650,1651,1652,1653,1654,1655,1656,1657,1658,1659,1660,1661,1662,1663,1664,1665,1666,
gold,99,967,968,969,970,971,972,973,974,975,976,977,978,979,980,981,982,983,984,985,986,1171,1173,1175,1667,1668,1669,1670,1671,1672,1673,1674,1675,1676,1677,1678,1679,1680,1681,1682,1683,1684,1685,2121,2123,2125,
red,99,987,988,989,990,991,992,993,994,995,996,997,998,999,1000,1001,1002,1003,1004,1005,1172,1174,1176,1686,1687,1688,1689,1690,1691,1692,1693,1694,1695,1696,1697,1698,1699,1700,1701,1702,1703,1704,1705,2122,2124,2126,
gold,99,
gold,100,694,698,702,706,710,714,718,722,725,729,1254,1258,1262,1266,1270,1274,1278,1282,1285,1289,1293,1297,1301,1305,1309,
red,100,695,699,703,707,711,715,719,723,726,730,1255,1259,1263,1267,1271,1275,1279,1283,1286,1290,1294,1298,1302,1306,1310,
gold,100,611,612,613,614,696,700,704,708,712,716,720,727,731,1129,1130,1131,1132,1133,1134,1256,1260,1264,1268,1272,1276,1280,1287,1291,1295,1299,1303,1307,1311,2079,2080,2081,2082,2083,2084,
gold,100,697,701,705,709,713,717,721,724,728,732,1257,1261,1265,1269,1273,1277,1281,1284,1288,1292,1296,1300,1304,1308,1312,
gold,100,515,516,517,518,531,532,533,534,535,536,537,559,560,567,568,569,570,571,572,591,592,593,594,1981,1982,1983,1984,1997,1998,1999,2000,2001,2002,2003,2025,2026,2033,2034,2035,2036,2037,2038,2057,2058,2059,2060,
gold,101,1254,1255,1256,1257,1258,1259,1260,1261,1262,1263,1264,1265,1266,1267,1268,1269,1270,1271,1272,1273,
gold,101,694,695,696,697,698,699,700,701,702,703,704,705,706,707,708,709,710,711,712,713,1129,1131,1133,1274,1275,1276,1277,1278,1279,1280,1281,1282,1283,1284,1285,1286,1287,1288,1289,1290,1291,1292,2079,2081,2083,
red,101,714,715,716,717,718,719,720,721,722,723,724,725,726,727,728,729,730,731,732,1130,1132,1134,1293,1294,1295,1296,1297,1298,1299,1300,1301,1302,1303,1304,1305,1306,1307,1308,1309,1310,1311,1312,2080,2082,2084,
gold,101,
gold,102,889,893,897,901,905,909,913,917,920,924,1529,1533,1537,1541,1545,1549,1553,1557,1560,1564,1568,1572,1576,1580,1584,
red,102,890,894,898,902,906,910,914,918,921,925,1530,1534,1538,1542,1546,1550,1554,1558,1561,1565,1569,1573,1577,1581,1585,
gold,102,631,632,633,634,891,895,899,903,907,911,915,922,926,1159,1160,1161,1162,1163,1164,1531,1535,1539,1543,1547,1551,1555,1562,1566,1570,1574,1578,1582,1586,2109,2110,2111,2112,2113,2114,
gold,102,892,896,900,904,908,912,916,919,923,927,1532,1536,1540,1544,1548,1552,1556,1559,1563,1567,1571,1575,1579,1583,1587,
gold,102,523,524,525,526,545,546,547,548,549,550,551,563,564,579,580,581,582,583,584,599,600,601,602,1989,1990,1991,1992,2011,2012,2013,2014,2015,2016,2017,2029,2030,2045,2046,2047,2048,2049,2050,2065,2066,2067,2068,
gold,103,1529,1530,1531,1532,1533,1534,1535,1536,1537,1538,1539,1540,1541,1542,1543,1544,1545,1546,1547,1548,
gold,103,889,890,891,892,893,894,895,896,897,898,899,900,901,902,903,904,905,906,907,908,1159,1161,1163,1549,1550,1551,1552,1553,1554,1555,1556,1557,1558,1559,1560,1561,1562,1563,1564,1565,1566,1567,2109,2111,2113,
red,103,909,910,911,912,913,914,915,916,917,918,919,920,921,922,923,924,925,926,927,1160,1162,1164,1568,1569,1570,1571,1572,1573,1574,1575,1576,1577,1578,1579,1580,1581,1582,1583,1584,1585,1586,1587,2110,2112,2114,
gold,103,
red,104,897,898,899,900,917,918,919,1537,1538,1539,1540,1557,1558,1559,1576,1577,1578,1579,
gold,104,
gold,105,
red,105,
gold,105,
gold,105,
gold,106,
red,106,
gold,106,
gold,106,
gold,107,
gold,107,
red,107,
gold,107,
gold,108,
gold,108,
red,108,
gold,108,
gold,109,
gold,109,
red,109,
gold,109,
lightskyblue,316,198,288,253,336,
lightskyblue,316,199,288,253,336,
lightskyblue,314,198,266,257,263,397,
lightskyblue,314,199,266,257,263,397,
lightskyblue,316,245,288,254,336,
lightskyblue,316,246,288,254,336,
lightskyblue,316,247,288,254,336,
lightskyblue,316,248,288,254,336,
lightskyblue,316,249,288,254,336,
lightskyblue,314,245,266,258,263,398,
lightskyblue,314,246,266,258,263,398,
lightskyblue,314,247,266,258,263,398,
lightskyblue,314,248,266,258,263,398,
lightskyblue,314,249,266,258,263,398,
lightskyblue,316,238,288,253,336,
lightskyblue,316,239,288,253,336,
lightskyblue,316,240,288,253,336,
lightskyblue,316,241,288,253,336,
lightskyblue,314,238,266,257,263,399,
lightskyblue,314,239,266,257,263,399,
lightskyblue,314,240,266,257,263,399,
lightskyblue,314,241,266,257,263,399,
lightskyblue,316,203,288,253,336,
lightskyblue,316,204,288,253,336,
lightskyblue,314,203,266,257,263,399,
lightskyblue,314,204,266,257,263,399,
lightskyblue,322,198,290,268,345,
lightskyblue,322,199,290,268,345,
lightskyblue,322,200,290,268,345,
lightskyblue,324,198,294,364,361,
lightskyblue,324,199,294,364,361,
lightskyblue,324,200,294,364,361,
lightskyblue,326,198,296,373,370,409,
lightskyblue,326,199,296,373,370,409,
lightskyblue,326,200,296,373,370,409,
lightskyblue,328,198,292,272,350,405,
lightskyblue,328,199,292,272,350,405,
lightskyblue,328,200,292,272,350,405,
lightskyblue,322,245,290,269,345,
lightskyblue,322,246,290,269,345,
lightskyblue,322,247,290,269,345,
lightskyblue,322,248,290,269,345,
lightskyblue,322,249,290,269,345,
lightskyblue,322,250,290,269,345,
lightskyblue,324,245,294,365,361,
lightskyblue,324,246,294,365,361,
lightskyblue,324,247,294,365,361,
lightskyblue,324,248,294,365,361,
lightskyblue,324,249,294,365,361,
lightskyblue,324,250,294,365,361,
lightskyblue,326,245,296,374,370,410,
lightskyblue,326,246,296,374,370,410,
lightskyblue,326,247,296,374,370,410,
lightskyblue,326,248,296,374,370,410,
lightskyblue,326,249,296,374,370,410,
lightskyblue,326,250,296,374,370,410,
lightskyblue,328,245,292,273,350,406,
lightskyblue,328,246,292,273,350,406,
lightskyblue,328,247,292,273,350,406,
lightskyblue,328,248,292,273,350,406,
lightskyblue,328,249,292,273,350,406,
lightskyblue,328,250,292,273,350,406,
lightskyblue,322,159,290,268,345,
lightskyblue,324,159,294,364,361,
lightskyblue,326,159,296,373,370,410,
lightskyblue,328,159,292,272,350,406,
lightskyblue,322,238,290,268,345,
lightskyblue,322,239,290,268,345,
lightskyblue,322,240,290,268,345,
lightskyblue,322,241,290,268,345,
lightskyblue,322,242,290,268,345,
lightskyblue,324,238,294,364,361,
lightskyblue,324,239,294,364,361,
lightskyblue,324,240,294,364,361,
lightskyblue,324,241,294,364,361,
lightskyblue,324,242,294,364,361,
lightskyblue,326,238,296,373,370,411,
lightskyblue,326,239,296,373,370,411,
lightskyblue,326,240,296,373,370,411,
lightskyblue,326,241,296,373,370,411,
lightskyblue,326,242,296,373,370,411,
lightskyblue,328,238,292,272,350,407,
lightskyblue,328,239,292,272,350,407,
lightskyblue,328,240,292,272,350,407,
lightskyblue,328,241,292,272,350,407,
lightskyblue,328,242,292,272,350,407,
lightskyblue,322,203,290,268,345,
lightskyblue,322,204,290,268,345,
lightskyblue,322,205,290,268,345,
lightskyblue,324,203,294,364,361,
lightskyblue,324,204,294,364,361,
lightskyblue,324,205,294,364,361,
lightskyblue,326,203,296,373,370,411,
lightskyblue,326,204,296,373,370,411,
lightskyblue,326,205,296,373,370,411,
lightskyblue,328,203,292,272,350,407,
lightskyblue,328,204,292,272,350,407,
lightskyblue,328,205,292,272,350,407,
lightskyblue,330,198,298,382,379,401,
lightskyblue,330,199,298,382,379,401,
lightskyblue,330,200,298,382,379,401,
lightskyblue,330,201,298,382,379,401,
lightskyblue,318,198,357,353,278,
lightskyblue,318,199,357,353,278,
lightskyblue,318,200,357,353,278,
lightskyblue,318,201,357,353,278,
lightskyblue,332,198,395,391,388,413,
lightskyblue,332,199,395,391,388,413,
lightskyblue,332,200,395,391,388,413,
lightskyblue,332,201,395,391,388,413,
lightskyblue,320,198,286,339,283,
lightskyblue,320,199,286,339,283,
lightskyblue,320,200,286,339,283,
lightskyblue,320,201,286,339,283,
lightskyblue,330,245,298,383,379,402,
lightskyblue,330,246,298,383,379,402,
lightskyblue,330,247,298,383,379,402,
lightskyblue,330,248,298,383,379,402,
lightskyblue,330,249,298,383,379,402,
lightskyblue,330,250,298,383,379,402,
lightskyblue,330,251,298,383,379,402,
lightskyblue,318,245,357,354,278,
lightskyblue,318,246,357,354,278,
lightskyblue,318,247,357,354,278,
lightskyblue,318,248,357,354,278,
lightskyblue,318,249,357,354,278,
lightskyblue,318,250,357,354,278,
lightskyblue,318,251,357,354,278,
lightskyblue,332,245,395,392,388,414,
lightskyblue,332,246,395,392,388,414,
lightskyblue,332,247,395,392,388,414,
lightskyblue,332,248,395,392,388,414,
lightskyblue,332,249,395,392,388,414,
lightskyblue,332,250,395,392,388,414,
lightskyblue,332,251,395,392,388,414,
lightskyblue,320,245,286,340,283,
lightskyblue,320,246,286,340,283,
lightskyblue,320,247,286,340,283,
lightskyblue,320,248,286,340,283,
lightskyblue,320,249,286,340,283,
lightskyblue,320,250,286,340,283,
lightskyblue,320,251,286,340,283,
lightskyblue,330,159,298,382,379,402,
lightskyblue,330,160,298,382,379,402,
lightskyblue,318,159,357,353,278,
lightskyblue,318,160,357,353,278,
lightskyblue,332,159,395,391,388,414,
lightskyblue,332,160,395,391,388,414,
lightskyblue,320,159,286,339,283,
lightskyblue,320,160,286,339,283,
lightskyblue,330,238,298,382,379,403,
lightskyblue,330,239,298,382,379,403,
lightskyblue,330,240,298,382,379,403,
lightskyblue,330,241,298,382,379,403,
lightskyblue,330,242,298,382,379,403,
lightskyblue,330,243,298,382,379,403,
lightskyblue,318,238,357,353,278,
lightskyblue,318,239,357,353,278,
lightskyblue,318,240,357,353,278,
lightskyblue,318,241,357,353,278,
lightskyblue,318,242,357,353,278,
lightskyblue,318,243,357,353,278,
lightskyblue,332,238,395,391,388,415,
lightskyblue,332,239,395,391,388,415,
lightskyblue,332,240,395,391,388,415,
lightskyblue,332,241,395,391,388,415,
lightskyblue,332,242,395,391,388,415,
lightskyblue,332,243,395,391,388,415,
lightskyblue,320,238,286,339,283,
lightskyblue,320,239,286,339,283,
lightskyblue,320,240,286,339,283,
lightskyblue,320,241,286,339,283,
lightskyblue,320,242,286,339,283,
lightskyblue,320,243,286,339,283,
lightskyblue,330,203,298,382,379,403,
lightskyblue,330,204,298,382,379,403,
lightskyblue,330,205,298,382,379,403,
lightskyblue,330,206,298,382,379,403,
lightskyblue,318,203,357,353,278,
lightskyblue,318,204,357,353,278,
lightskyblue,318,205,357,353,278,
lightskyblue,318,206,357,353,278,
lightskyblue,332,203,395,391,388,415,
lightskyblue,332,204,395,391,388,415,
lightskyblue,332,205,395,391,388,415,
lightskyblue,332,206,395,391,388,415,
lightskyblue,320,203,286,339,283,
lightskyblue,320,204,286,339,283,
lightskyblue,320,205,286,339,283,
lightskyblue,320,206,286,339,283,
lightskyblue,162,289,335,
lightskyblue,288,335,
lightskyblue,289,196,335,
lightskyblue,289,308,335,
lightskyblue,164,299,378,
lightskyblue,298,378,
lightskyblue,299,310,378,
lightskyblue,299,236,378,
lightskyblue,166,358,277,
lightskyblue,357,277,
lightskyblue,358,194,277,
lightskyblue,358,234,277,
lightskyblue,168,291,344,
lightskyblue,290,344,
lightskyblue,291,192,344,
lightskyblue,291,232,344,
lightskyblue,127,134,140,
lightskyblue,133,140,
lightskyblue,134,129,140,
lightskyblue,134,131,140,
lightskyblue,170,267,262,
lightskyblue,266,262,
lightskyblue,267,190,262,
lightskyblue,267,300,262,
lightskyblue,172,396,387,
lightskyblue,395,387,
lightskyblue,396,174,387,
lightskyblue,396,226,387,
lightskyblue,176,295,360,
lightskyblue,294,360,
lightskyblue,295,178,360,
lightskyblue,295,228,360,
lightskyblue,180,297,369,
lightskyblue,296,369,
lightskyblue,297,182,369,
lightskyblue,297,312,369,
lightskyblue,184,287,282,
lightskyblue,286,282,
lightskyblue,287,186,282,
lightskyblue,287,306,282,
lightskyblue,110,119,124,
lightskyblue,118,124,
lightskyblue,119,112,124,
lightskyblue,119,116,124,
lightskyblue,302,293,349,
lightskyblue,292,349,
lightskyblue,293,188,349,
lightskyblue,293,230,349,
lightskyblue,209,288,255,336,
lightskyblue,209,288,255,336,
lightskyblue,209,288,255,
lightskyblue,209,288,255,334,
lightskyblue,163,288,255,336,
lightskyblue,163,288,255,336,
lightskyblue,163,288,255,
lightskyblue,163,288,255,334,
lightskyblue,255,336,
lightskyblue,255,336,
lightskyblue,255,
lightskyblue,255,334,
lightskyblue,288,197,255,336,
lightskyblue,288,197,255,336,
lightskyblue,288,197,255,
lightskyblue,288,197,255,334,
lightskyblue,288,309,255,336,
lightskyblue,288,309,255,336,
lightskyblue,288,309,255,
lightskyblue,288,309,255,334,
lightskyblue,209,288,336,
lightskyblue,209,288,336,
lightskyblue,209,288,
lightskyblue,209,288,334,
lightskyblue,163,288,336,
lightskyblue,163,288,336,
lightskyblue,163,288,
lightskyblue,163,288,334,
lightskyblue,336,
lightskyblue,336,
lightskyblue,334,
lightskyblue,288,197,336,
lightskyblue,288,197,336,
lightskyblue,288,197,
lightskyblue,288,197,334,
lightskyblue,288,309,336,
lightskyblue,288,309,336,
lightskyblue,288,309,
lightskyblue,288,309,334,
lightskyblue,211,298,384,379,
lightskyblue,211,298,384,379,
lightskyblue,211,298,384,
lightskyblue,211,298,384,377,
lightskyblue,165,298,384,379,
lightskyblue,165,298,384,379,
lightskyblue,165,298,384,
lightskyblue,165,298,384,377,
lightskyblue,384,379,
lightskyblue,384,379,
lightskyblue,384,
lightskyblue,384,377,
lightskyblue,298,311,384,379,
lightskyblue,298,311,384,379,
lightskyblue,298,311,384,
lightskyblue,298,311,384,377,
lightskyblue,298,237,384,379,
lightskyblue,298,237,384,379,
lightskyblue,298,237,384,
lightskyblue,298,237,384,377,
lightskyblue,211,298,379,
lightskyblue,211,298,379,
lightskyblue,211,298,
lightskyblue,211,298,377,
lightskyblue,165,298,379,
lightskyblue,165,298,379,
lightskyblue,165,298,
lightskyblue,165,298,377,
lightskyblue,379,
lightskyblue,379,
lightskyblue,377,
lightskyblue,298,311,379,
lightskyblue,298,311,379,
lightskyblue,298,311,
lightskyblue,298,311,377,
lightskyblue,298,237,379,
lightskyblue,298,237,379,
lightskyblue,298,237,
lightskyblue,298,237,377,
lightskyblue,213,357,355,278,
lightskyblue,213,357,355,278,
lightskyblue,213,357,355,
lightskyblue,213,357,355,276,
lightskyblue,167,357,355,278,
lightskyblue,167,357,355,278,
lightskyblue,167,357,355,
lightskyblue,167,357,355,276,
lightskyblue,355,278,
lightskyblue,355,278,
lightskyblue,355,
lightskyblue,355,276,
lightskyblue,357,195,355,278,
lightskyblue,357,195,355,278,
lightskyblue,357,195,355,
lightskyblue,357,195,355,276,
lightskyblue,357,235,355,278,
lightskyblue,357,235,355,278,
lightskyblue,357,235,355,
lightskyblue,357,235,355,276,
lightskyblue,213,357,278,
lightskyblue,213,357,278,
lightskyblue,213,357,
lightskyblue,213,357,276,
lightskyblue,167,357,278,
lightskyblue,167,357,278,
lightskyblue,167,357,
lightskyblue,167,357,276,
lightskyblue,278,
lightskyblue,278,
lightskyblue,276,
lightskyblue,357,195,278,
lightskyblue,357,195,278,
lightskyblue,357,195,
lightskyblue,357,195,276,
lightskyblue,357,235,278,
lightskyblue,357,235,278,
lightskyblue,357,235,
lightskyblue,357,235,276,
lightskyblue,305,290,270,345,
lightskyblue,305,290,270,345,
lightskyblue,305,290,270,
lightskyblue,305,290,270,343,
lightskyblue,169,290,270,345,
lightskyblue,169,290,270,345,
lightskyblue,169,290,270,
lightskyblue,169,290,270,343,
lightskyblue,270,345,
lightskyblue,270,345,
lightskyblue,270,
lightskyblue,270,343,
lightskyblue,290,193,270,345,
lightskyblue,290,193,270,345,
lightskyblue,290,193,270,
lightskyblue,290,193,270,343,
lightskyblue,290,233,270,345,
lightskyblue,290,233,270,345,
lightskyblue,290,233,270,
lightskyblue,290,233,270,343,
lightskyblue,305,290,345,
lightskyblue,305,290,345,
lightskyblue,305,290,
lightskyblue,305,290,343,
lightskyblue,169,290,345,
lightskyblue,169,290,345,
lightskyblue,169,290,
lightskyblue,169,290,343,
lightskyblue,345,
lightskyblue,345,
lightskyblue,343,
lightskyblue,290,193,345,
lightskyblue,290,193,345,
lightskyblue,290,193,
lightskyblue,290,193,343,
lightskyblue,290,233,345,
lightskyblue,290,233,345,
lightskyblue,290,233,
lightskyblue,290,233,343,
lightskyblue,136,133,138,141,
lightskyblue,136,133,138,141,
lightskyblue,136,133,138,
lightskyblue,136,133,138,139,
lightskyblue,128,133,138,141,
lightskyblue,128,133,138,141,
lightskyblue,128,133,138,
lightskyblue,128,133,138,139,
lightskyblue,138,141,
lightskyblue,138,141,
lightskyblue,138,
lightskyblue,138,139,
lightskyblue,133,130,138,141,
lightskyblue,133,130,138,141,
lightskyblue,133,130,138,
lightskyblue,133,130,138,139,
lightskyblue,133,132,138,141,
lightskyblue,133,132,138,141,
lightskyblue,133,132,138,
lightskyblue,133,132,138,139,
lightskyblue,136,133,141,
lightskyblue,136,133,141,
lightskyblue,136,133,
lightskyblue,136,133,139,
lightskyblue,128,133,141,
lightskyblue,128,133,141,
lightskyblue,128,133,
lightskyblue,128,133,139,
lightskyblue,141,
lightskyblue,141,
lightskyblue,139,
lightskyblue,133,130,141,
lightskyblue,133,130,141,
lightskyblue,133,130,
lightskyblue,133,130,139,
lightskyblue,133,132,141,
lightskyblue,133,132,141,
lightskyblue,133,132,
lightskyblue,133,132,139,
lightskyblue,215,266,259,263,
lightskyblue,215,266,259,263,
lightskyblue,215,266,259,
lightskyblue,215,266,259,261,
lightskyblue,171,266,259,263,
lightskyblue,171,266,259,263,
lightskyblue,171,266,259,
lightskyblue,171,266,259,261,
lightskyblue,259,263,
lightskyblue,259,263,
lightskyblue,259,
lightskyblue,259,261,
lightskyblue,266,191,259,263,
lightskyblue,266,191,259,263,
lightskyblue,266,191,259,
lightskyblue,266,191,259,261,
lightskyblue,266,301,259,263,
lightskyblue,266,301,259,263,
lightskyblue,266,301,259,
lightskyblue,266,301,259,261,
lightskyblue,215,266,263,
lightskyblue,215,266,263,
lightskyblue,215,266,
lightskyblue,215,266,261,
lightskyblue,171,266,263,
lightskyblue,171,266,263,
lightskyblue,171,266,
lightskyblue,171,266,261,
lightskyblue,263,
lightskyblue,263,
lightskyblue,261,
lightskyblue,266,191,263,
lightskyblue,266,191,263,
lightskyblue,266,191,
lightskyblue,266,191,261,
lightskyblue,266,301,263,
lightskyblue,266,301,263,
lightskyblue,266,301,
lightskyblue,266,301,261,
lightskyblue,217,395,393,388,
lightskyblue,217,395,393,388,
lightskyblue,217,395,393,
lightskyblue,217,395,393,386,
lightskyblue,173,395,393,388,
lightskyblue,173,395,393,388,
lightskyblue,173,395,393,
lightskyblue,173,395,393,386,
lightskyblue,393,388,
lightskyblue,393,388,
lightskyblue,393,
lightskyblue,393,386,
lightskyblue,395,175,393,388,
lightskyblue,395,175,393,388,
lightskyblue,395,175,393,
lightskyblue,395,175,393,386,
lightskyblue,395,227,393,388,
lightskyblue,395,227,393,388,
lightskyblue,395,227,393,
lightskyblue,395,227,393,386,
lightskyblue,217,395,388,
lightskyblue,217,395,388,
lightskyblue,217,395,
lightskyblue,217,395,386,
lightskyblue,173,395,388,
lightskyblue,173,395,388,
lightskyblue,173,395,
lightskyblue,173,395,386,
lightskyblue,388,
lightskyblue,388,
lightskyblue,386,
lightskyblue,395,175,388,
lightskyblue,395,175,388,
lightskyblue,395,175,
lightskyblue,395,175,386,
lightskyblue,395,227,388,
lightskyblue,395,227,388,
lightskyblue,395,227,
lightskyblue,395,227,386,
lightskyblue,219,294,366,361,
lightskyblue,219,294,366,361,
lightskyblue,219,294,366,
lightskyblue,219,294,366,359,
lightskyblue,177,294,366,361,
lightskyblue,177,294,366,361,
lightskyblue,177,294,366,
lightskyblue,177,294,366,359,
lightskyblue,366,361,
lightskyblue,366,361,
lightskyblue,366,
lightskyblue,366,359,
lightskyblue,294,179,366,361,
lightskyblue,294,179,366,361,
lightskyblue,294,179,366,
lightskyblue,294,179,366,359,
lightskyblue,294,229,366,361,
lightskyblue,294,229,366,361,
lightskyblue,294,229,366,
lightskyblue,294,229,366,359,
lightskyblue,219,294,361,
lightskyblue,219,294,361,
lightskyblue,219,294,
lightskyblue,219,294,359,
lightskyblue,177,294,361,
lightskyblue,177,294,361,
lightskyblue,177,294,
lightskyblue,177,294,359,
lightskyblue,361,
lightskyblue,361,
lightskyblue,359,
lightskyblue,294,179,361,
lightskyblue,294,179,361,
lightskyblue,294,179,
lightskyblue,294,179,359,
lightskyblue,294,229,361,
lightskyblue,294,229,361,
lightskyblue,294,229,
lightskyblue,294,229,359,
lightskyblue,221,296,375,370,
lightskyblue,221,296,375,370,
lightskyblue,221,296,375,
lightskyblue,221,296,375,368,
lightskyblue,181,296,375,370,
lightskyblue,181,296,375,370,
lightskyblue,181,296,375,
lightskyblue,181,296,375,368,
lightskyblue,375,370,
lightskyblue,375,370,
lightskyblue,375,
lightskyblue,375,368,
lightskyblue,296,183,375,370,
lightskyblue,296,183,375,370,
lightskyblue,296,183,375,
lightskyblue,296,183,375,368,
lightskyblue,296,313,375,370,
lightskyblue,296,313,375,370,
lightskyblue,296,313,375,
lightskyblue,296,313,375,368,
lightskyblue,221,296,370,
lightskyblue,221,296,370,
lightskyblue,221,296,
lightskyblue,221,296,368,
lightskyblue,181,296,370,
lightskyblue,181,296,370,
lightskyblue,181,296,
lightskyblue,181,296,368,
lightskyblue,370,
lightskyblue,370,
lightskyblue,368,
lightskyblue,296,183,370,
lightskyblue,296,183,370,
lightskyblue,296,183,
lightskyblue,296,183,368,
lightskyblue,296,313,370,
lightskyblue,296,313,370,
lightskyblue,296,313,
lightskyblue,296,313,368,
lightskyblue,223,286,341,283,
lightskyblue,223,286,341,283,
lightskyblue,223,286,341,
lightskyblue,223,286,341,281,
lightskyblue,185,286,341,283,
lightskyblue,185,286,341,283,
lightskyblue,185,286,341,
lightskyblue,185,286,341,281,
lightskyblue,341,283,
lightskyblue,341,283,
lightskyblue,341,
lightskyblue,341,281,
lightskyblue,286,187,341,283,
lightskyblue,286,187,341,283,
lightskyblue,286,187,341,
lightskyblue,286,187,341,281,
lightskyblue,286,307,341,283,
lightskyblue,286,307,341,283,
lightskyblue,286,307,341,
lightskyblue,286,307,341,281,
lightskyblue,223,286,283,
lightskyblue,223,286,283,
lightskyblue,223,286,
lightskyblue,223,286,281,
lightskyblue,185,286,283,
lightskyblue,185,286,283,
lightskyblue,185,286,
lightskyblue,185,286,281,
lightskyblue,283,
lightskyblue,283,
lightskyblue,281,
lightskyblue,286,187,283,
lightskyblue,286,187,283,
lightskyblue,286,187,
lightskyblue,286,187,281,
lightskyblue,286,307,283,
lightskyblue,286,307,283,
lightskyblue,286,307,
lightskyblue,286,307,281,
lightskyblue,115,118,122,125,
lightskyblue,115,118,122,125,
lightskyblue,115,118,122,
lightskyblue,115,118,122,123,
lightskyblue,111,118,122,125,
lightskyblue,111,118,122,125,
lightskyblue,111,118,122,
lightskyblue,111,118,122,123,
lightskyblue,122,125,
lightskyblue,122,125,
lightskyblue,122,
lightskyblue,122,123,
lightskyblue,118,113,122,125,
lightskyblue,118,113,122,125,
lightskyblue,118,113,122,
lightskyblue,118,113,122,123,
lightskyblue,118,117,122,125,
lightskyblue,118,117,122,125,
lightskyblue,118,117,122,
lightskyblue,118,117,122,123,
lightskyblue,115,118,125,
lightskyblue,115,118,125,
lightskyblue,115,118,
lightskyblue,115,118,123,
lightskyblue,111,118,125,
lightskyblue,111,118,125,
lightskyblue,111,118,
lightskyblue,111,118,123,
lightskyblue,125,
lightskyblue,125,
lightskyblue,123,
lightskyblue,118,113,125,
lightskyblue,118,113,125,
lightskyblue,118,113,
lightskyblue,118,113,123,
lightskyblue,118,117,125,
lightskyblue,118,117,125,
lightskyblue,118,117,
lightskyblue,118,117,123,
lightskyblue,225,292,274,350,
lightskyblue,225,292,274,350,
lightskyblue,225,292,274,
lightskyblue,225,292,274,348,
lightskyblue,303,292,274,350,
lightskyblue,303,292,274,350,
lightskyblue,303,292,274,
lightskyblue,303,292,274,348,
lightskyblue,274,350,
lightskyblue,274,350,
lightskyblue,274,
lightskyblue,274,348,
lightskyblue,292,189,274,350,
lightskyblue,292,189,274,350,
lightskyblue,292,189,274,
lightskyblue,292,189,274,348,
lightskyblue,292,231,274,350,
lightskyblue,292,231,274,350,
lightskyblue,292,231,274,
lightskyblue,292,231,274,348,
lightskyblue,225,292,350,
lightskyblue,225,292,350,
lightskyblue,225,292,
lightskyblue,225,292,348,
lightskyblue,303,292,350,
lightskyblue,303,292,350,
lightskyblue,303,292,
lightskyblue,303,292,348,
lightskyblue,350,
lightskyblue,350,
lightskyblue,348,
lightskyblue,292,189,350,
lightskyblue,292,189,350,
lightskyblue,292,189,
lightskyblue,292,189,348,
lightskyblue,292,231,350,
lightskyblue,292,231,350,
lightskyblue,292,231,
lightskyblue,292,231,348,
lightskyblue,208,289,337,
lightskyblue,208,289,337,
lightskyblue,288,337,
lightskyblue,288,337,
lightskyblue,289,308,337,
lightskyblue,289,308,337,
lightskyblue,210,299,380,
lightskyblue,210,299,380,
lightskyblue,298,380,
lightskyblue,298,380,
lightskyblue,299,236,380,
lightskyblue,299,236,380,
lightskyblue,212,358,279,
lightskyblue,212,358,279,
lightskyblue,357,279,
lightskyblue,357,279,
lightskyblue,358,234,279,
lightskyblue,358,234,279,
lightskyblue,304,291,346,
lightskyblue,304,291,346,
lightskyblue,290,346,
lightskyblue,290,346,
lightskyblue,291,232,346,
lightskyblue,291,232,346,
lightskyblue,135,134,142,
lightskyblue,135,134,142,
lightskyblue,133,142,
lightskyblue,133,142,
lightskyblue,134,131,142,
lightskyblue,134,131,142,
lightskyblue,214,267,264,
lightskyblue,214,267,264,
lightskyblue,266,264,
lightskyblue,266,264,
lightskyblue,267,300,264,
lightskyblue,267,300,264,
lightskyblue,216,396,389,
lightskyblue,216,396,389,
lightskyblue,395,389,
lightskyblue,395,389,
lightskyblue,396,226,389,
lightskyblue,396,226,389,
lightskyblue,218,295,362,
lightskyblue,218,295,362,
lightskyblue,294,362,
lightskyblue,294,362,
lightskyblue,295,228,362,
lightskyblue,295,228,362,
lightskyblue,220,297,371,
lightskyblue,220,297,371,
lightskyblue,296,371,
lightskyblue,296,371,
lightskyblue,297,312,371,
lightskyblue,297,312,371,
lightskyblue,222,287,284,
lightskyblue,222,287,284,
lightskyblue,286,284,
lightskyblue,286,284,
lightskyblue,287,306,284,
lightskyblue,287,306,284,
lightskyblue,114,119,126,
lightskyblue,114,119,126,
lightskyblue,118,126,
lightskyblue,118,126,
lightskyblue,119,116,126,
lightskyblue,119,116,126,
lightskyblue,224,293,351,
lightskyblue,224,293,351,
lightskyblue,292,351,
lightskyblue,292,351,
lightskyblue,293,230,351,
lightskyblue,293,230,351,
lightskyblue,209,288,254,336,
lightskyblue,209,288,254,336,
lightskyblue,209,288,254,
lightskyblue,209,288,254,336,
lightskyblue,163,288,254,336,
lightskyblue,163,288,254,336,
lightskyblue,163,288,254,
lightskyblue,163,288,254,336,
lightskyblue,254,336,
lightskyblue,254,336,
lightskyblue,254,
lightskyblue,254,336,
lightskyblue,288,197,254,336,
lightskyblue,288,197,254,336,
lightskyblue,288,197,254,
lightskyblue,288,197,254,336,
lightskyblue,288,309,254,336,
lightskyblue,288,309,254,336,
lightskyblue,288,309,254,
lightskyblue,288,309,254,336,
lightskyblue,209,288,336,
lightskyblue,209,288,336,
lightskyblue,209,288,
lightskyblue,209,288,336,
lightskyblue,163,288,336,
lightskyblue,163,288,336,
lightskyblue,163,288,
lightskyblue,163,288,336,
lightskyblue,336,
lightskyblue,336,
lightskyblue,336,
lightskyblue,288,197,336,
lightskyblue,288,197,336,
lightskyblue,288,197,
lightskyblue,288,197,336,
lightskyblue,288,309,336,
lightskyblue,288,309,336,
lightskyblue,288,309,
lightskyblue,288,309,336,
lightskyblue,209,288,254,336,
lightskyblue,209,288,254,336,
lightskyblue,209,288,254,
lightskyblue,209,288,254,336,
lightskyblue,163,288,254,336,
lightskyblue,163,288,254,336,
lightskyblue,163,288,254,
lightskyblue,163,288,254,336,
lightskyblue,254,336,
lightskyblue,254,336,
lightskyblue,254,
lightskyblue,254,336,
lightskyblue,288,197,254,336,
lightskyblue,288,197,254,336,
lightskyblue,288,197,254,
lightskyblue,288,197,254,336,
lightskyblue,288,309,254,336,
lightskyblue,288,309,254,336,
lightskyblue,288,309,254,
lightskyblue,288,309,254,336,
lightskyblue,211,298,383,379,
lightskyblue,211,298,383,379,
lightskyblue,211,298,383,
lightskyblue,211,298,383,379,
lightskyblue,165,298,383,379,
lightskyblue,165,298,383,379,
lightskyblue,165,298,383,
lightskyblue,165,298,383,379,
lightskyblue,383,379,
lightskyblue,383,379,
lightskyblue,383,
lightskyblue,383,379,
lightskyblue,298,311,383,379,
lightskyblue,298,311,383,379,
lightskyblue,298,311,383,
lightskyblue,298,311,383,379,
lightskyblue,298,237,383,379,
lightskyblue,298,237,383,379,
lightskyblue,298,237,383,
lightskyblue,298,237,383,379,
lightskyblue,211,298,379,
lightskyblue,211,298,379,
lightskyblue,211,298,
lightskyblue,211,298,379,
lightskyblue,165,298,379,
lightskyblue,165,298,379,
lightskyblue,165,298,
lightskyblue,165,298,379,
lightskyblue,379,
lightskyblue,379,
lightskyblue,379,
lightskyblue,298,311,379,
lightskyblue,298,311,379,
lightskyblue,298,311,
lightskyblue,298,311,379,
lightskyblue,298,237,379,
lightskyblue,298,237,379,
lightskyblue,298,237,
lightskyblue,298,237,379,
lightskyblue,211,298,383,379,
lightskyblue,211,298,383,379,
lightskyblue,211,298,383,
lightskyblue,211,298,383,379,
lightskyblue,165,298,383,379,
lightskyblue,165,298,383,379,
lightskyblue,165,298,383,
lightskyblue,165,298,383,379,
lightskyblue,383,379,
lightskyblue,383,379,
lightskyblue,383,
lightskyblue,383,379,
lightskyblue,298,311,383,379,
lightskyblue,298,311,383,379,
lightskyblue,298,311,383,
lightskyblue,298,311,383,379,
lightskyblue,298,237,383,379,
lightskyblue,298,237,383,379,
lightskyblue,298,237,383,
lightskyblue,298,237,383,379,
lightskyblue,213,357,354,278,
lightskyblue,213,357,354,278,
lightskyblue,213,357,354,
lightskyblue,213,357,354,278,
lightskyblue,167,357,354,278,
lightskyblue,167,357,354,278,
lightskyblue,167,357,354,
lightskyblue,167,357,354,278,
lightskyblue,354,278,
lightskyblue,354,278,
lightskyblue,354,
lightskyblue,354,278,
lightskyblue,357,195,354,278,
lightskyblue,357,195,354,278,
lightskyblue,357,195,354,
lightskyblue,357,195,354,278,
lightskyblue,357,235,354,278,
lightskyblue,357,235,354,278,
lightskyblue,357,235,354,
lightskyblue,357,235,354,278,
lightskyblue,213,357,278,
lightskyblue,213,357,278,
lightskyblue,213,357,
lightskyblue,213,357,278,
lightskyblue,167,357,278,
lightskyblue,167,357,278,
lightskyblue,167,357,
lightskyblue,167,357,278,
lightskyblue,278,
lightskyblue,278,
lightskyblue,278,
lightskyblue,357,195,278,
lightskyblue,357,195,278,
lightskyblue,357,195,
lightskyblue,357,195,278,
lightskyblue,357,235,278,
lightskyblue,357,235,278,
lightskyblue,357,235,
lightskyblue,357,235,278,
lightskyblue,213,357,354,278,
lightskyblue,213,357,354,278,
lightskyblue,213,357,354,
lightskyblue,213,357,354,278,
lightskyblue,167,357,354,278,
lightskyblue,167,357,354,278,
lightskyblue,167,357,354,
lightskyblue,167,357,354,278,
lightskyblue,354,278,
lightskyblue,354,278,
lightskyblue,354,
lightskyblue,354,278,
lightskyblue,357,195,354,278,
lightskyblue,357,195,354,278,
lightskyblue,357,195,354,
lightskyblue,357,195,354,278,
lightskyblue,357,235,354,278,
lightskyblue,357,235,354,278,
lightskyblue,357,235,354,
lightskyblue,357,235,354,278,
lightskyblue,305,290,269,345,
lightskyblue,305,290,269,345,
lightskyblue,305,290,269,
lightskyblue,305,290,269,345,
lightskyblue,169,290,269,345,
lightskyblue,169,290,269,345,
lightskyblue,169,290,269,
lightskyblue,169,290,269,345,
lightskyblue,269,345,
lightskyblue,269,345,
lightskyblue,269,
lightskyblue,269,345,
lightskyblue,290,193,269,345,
lightskyblue,290,193,269,345,
lightskyblue,290,193,269,
lightskyblue,290,193,269,345,
lightskyblue,290,233,269,345,
lightskyblue,290,233,269,345,
lightskyblue,290,233,269,
lightskyblue,290,233,269,345,
lightskyblue,305,290,345,
lightskyblue,305,290,345,
lightskyblue,305,290,
lightskyblue,305,290,345,
lightskyblue,169,290,345,
lightskyblue,169,290,345,
lightskyblue,169,290,
lightskyblue,169,290,345,
lightskyblue,345,
lightskyblue,345,
lightskyblue,345,
lightskyblue,290,193,345,
lightskyblue,290,193,345,
lightskyblue,290,193,
lightskyblue,290,193,345,
lightskyblue,290,233,345,
lightskyblue,290,233,345,
lightskyblue,290,233,
lightskyblue,290,233,345,
lightskyblue,305,290,269,345,
lightskyblue,305,290,269,345,
lightskyblue,305,290,269,
lightskyblue,305,290,269,345,
lightskyblue,169,290,269,345,
lightskyblue,169,290,269,345,
lightskyblue,169,290,269,
lightskyblue,169,290,269,345,
lightskyblue,269,345,
lightskyblue,269,345,
lightskyblue,269,
lightskyblue,269,345,
lightskyblue,290,193,269,345,
lightskyblue,290,193,269,345,
lightskyblue,290,193,269,
lightskyblue,290,193,269,345,
lightskyblue,290,233,269,345,
lightskyblue,290,233,269,345,
lightskyblue,290,233,269,
lightskyblue,290,233,269,345,
lightskyblue,136,133,141,
lightskyblue,136,133,141,
lightskyblue,136,133,
lightskyblue,136,133,141,
lightskyblue,128,133,141,
lightskyblue,128,133,141,
lightskyblue,128,133,
lightskyblue,128,133,141,
lightskyblue,141,
lightskyblue,141,
lightskyblue,141,
lightskyblue,133,130,141,
lightskyblue,133,130,141,
lightskyblue,133,130,
lightskyblue,133,130,141,
lightskyblue,133,132,141,
lightskyblue,133,132,141,
lightskyblue,133,132,
lightskyblue,133,132,141,
lightskyblue,136,133,137,141,
lightskyblue,136,133,137,141,
lightskyblue,136,133,137,
lightskyblue,136,133,137,141,
lightskyblue,128,133,137,141,
lightskyblue,128,133,137,141,
lightskyblue,128,133,137,
lightskyblue,128,133,137,141,
lightskyblue,137,141,
lightskyblue,137,141,
lightskyblue,137,
lightskyblue,137,141,
lightskyblue,133,130,137,141,
lightskyblue,133,130,137,141,
lightskyblue,133,130,137,
lightskyblue,133,130,137,141,
lightskyblue,133,132,137,141,
lightskyblue,133,132,137,141,
lightskyblue,133,132,137,
lightskyblue,133,132,137,141,
lightskyblue,215,266,258,263,
lightskyblue,215,266,258,263,
lightskyblue,215,266,258,
lightskyblue,215,266,258,263,
lightskyblue,171,266,258,263,
lightskyblue,171,266,258,263,
lightskyblue,171,266,258,
lightskyblue,171,266,258,263,
lightskyblue,258,263,
lightskyblue,258,263,
lightskyblue,258,
lightskyblue,258,263,
lightskyblue,266,191,258,263,
lightskyblue,266,191,258,263,
lightskyblue,266,191,258,
lightskyblue,266,191,258,263,
lightskyblue,266,301,258,263,
lightskyblue,266,301,258,263,
lightskyblue,266,301,258,
lightskyblue,266,301,258,263,
lightskyblue,215,266,263,
lightskyblue,215,266,263,
lightskyblue,215,266,
lightskyblue,215,266,263,
lightskyblue,171,266,263,
lightskyblue,171,266,263,
lightskyblue,171,266,
lightskyblue,171,266,263,
lightskyblue,263,
lightskyblue,263,
lightskyblue,263,
lightskyblue,266,191,263,
lightskyblue,266,191,263,
lightskyblue,266,191,
lightskyblue,266,191,263,
lightskyblue,266,301,263,
lightskyblue,266,301,263,
lightskyblue,266,301,
lightskyblue,266,301,263,
lightskyblue,215,266,258,263,
lightskyblue,215,266,258,263,
lightskyblue,215,266,258,
lightskyblue,215,266,258,263,
lightskyblue,171,266,258,263,
lightskyblue,171,266,258,263,
lightskyblue,171,266,258,
lightskyblue,171,266,258,263,
lightskyblue,258,263,
lightskyblue,258,263,
lightskyblue,258,
lightskyblue,258,263,
lightskyblue,266,191,258,263,
lightskyblue,266,191,258,263,
lightskyblue,266,191,258,
lightskyblue,266,191,258,263,
lightskyblue,266,301,258,263,
lightskyblue,266,301,258,263,
lightskyblue,266,301,258,
lightskyblue,266,301,258,263,
lightskyblue,217,395,392,388,
lightskyblue,217,395,392,388,
lightskyblue,217,395,392,
lightskyblue,217,395,392,388,
lightskyblue,173,395,392,388,
lightskyblue,173,395,392,388,
lightskyblue,173,395,392,
lightskyblue,173,395,392,388,
lightskyblue,392,388,
lightskyblue,392,388,
lightskyblue,392,
lightskyblue,392,388,
lightskyblue,395,175,392,388,
lightskyblue,395,175,392,388,
lightskyblue,395,175,392,
lightskyblue,395,175,392,388,
lightskyblue,395,227,392,388,
lightskyblue,395,227,392,388,
lightskyblue,395,227,392,
lightskyblue,395,227,392,388,
lightskyblue,217,395,388,
lightskyblue,217,395,388,
lightskyblue,217,395,
lightskyblue,217,395,388,
lightskyblue,173,395,388,
lightskyblue,173,395,388,
lightskyblue,173,395,
lightskyblue,173,395,388,
lightskyblue,388,
lightskyblue,388,
lightskyblue,388,
lightskyblue,395,175,388,
lightskyblue,395,175,388,
lightskyblue,395,175,
lightskyblue,395,175,388,
lightskyblue,395,227,388,
lightskyblue,395,227,388,
lightskyblue,395,227,
lightskyblue,395,227,388,
lightskyblue,217,395,392,388,
lightskyblue,217,395,392,388,
lightskyblue,217,395,392,
lightskyblue,217,395,392,388,
lightskyblue,173,395,392,388,
lightskyblue,173,395,392,388,
lightskyblue,173,395,392,
lightskyblue,173,395,392,388,
lightskyblue,392,388,
lightskyblue,392,388,
lightskyblue,392,
lightskyblue,392,388,
lightskyblue,395,175,392,388,
lightskyblue,395,175,392,388,
lightskyblue,395,175,392,
lightskyblue,395,175,392,388,
lightskyblue,395,227,392,388,
lightskyblue,395,227,392,388,
lightskyblue,395,227,392,
lightskyblue,395,227,392,388,
lightskyblue,219,294,365,361,
lightskyblue,219,294,365,361,
lightskyblue,219,294,365,
lightskyblue,219,294,365,361,
lightskyblue,177,294,365,361,
lightskyblue,177,294,365,361,
lightskyblue,177,294,365,
lightskyblue,177,294,365,361,
lightskyblue,365,361,
lightskyblue,365,361,
lightskyblue,365,
lightskyblue,365,361,
lightskyblue,294,179,365,361,
lightskyblue,294,179,365,361,
lightskyblue,294,179,365,
lightskyblue,294,179,365,361,
lightskyblue,294,229,365,361,
lightskyblue,294,229,365,361,
lightskyblue,294,229,365,
lightskyblue,294,229,365,361,
lightskyblue,219,294,361,
lightskyblue,219,294,361,
lightskyblue,219,294,
lightskyblue,219,294,361,
lightskyblue,177,294,361,
lightskyblue,177,294,361,
lightskyblue,177,294,
lightskyblue,177,294,361,
lightskyblue,361,
lightskyblue,361,
lightskyblue,361,
lightskyblue,294,179,361,
lightskyblue,294,179,361,
lightskyblue,294,179,
lightskyblue,294,179,361,
lightskyblue,294,229,361,
lightskyblue,294,229,361,
lightskyblue,294,229,
lightskyblue,294,229,361,
lightskyblue,219,294,365,361,
lightskyblue,219,294,365,361,
lightskyblue,219,294,365,
lightskyblue,219,294,365,361,
lightskyblue,177,294,365,361,
lightskyblue,177,294,365,361,
lightskyblue,177,294,365,
lightskyblue,177,294,365,361,
lightskyblue,365,361,
lightskyblue,365,361,
lightskyblue,365,
lightskyblue,365,361,
lightskyblue,294,179,365,361,
lightskyblue,294,179,365,361,
lightskyblue,294,179,365,
lightskyblue,294,179,365,361,
lightskyblue,294,229,365,361,
lightskyblue,294,229,365,361,
lightskyblue,294,229,365,
lightskyblue,294,229,365,361,
lightskyblue,221,296,374,370,
lightskyblue,221,296,374,370,
lightskyblue,221,296,374,
lightskyblue,221,296,374,370,
lightskyblue,181,296,374,370,
lightskyblue,181,296,374,370,
lightskyblue,181,296,374,
lightskyblue,181,296,374,370,
lightskyblue,374,370,
lightskyblue,374,370,
lightskyblue,374,
lightskyblue,374,370,
lightskyblue,296,183,374,370,
lightskyblue,296,183,374,370,
lightskyblue,296,183,374,
lightskyblue,296,183,374,370,
lightskyblue,296,313,374,370,
lightskyblue,296,313,374,370,
lightskyblue,296,313,374,
lightskyblue,296,313,374,370,
lightskyblue,221,296,370,
lightskyblue,221,296,370,
lightskyblue,221,296,
lightskyblue,221,296,370,
lightskyblue,181,296,370,
lightskyblue,181,296,370,
lightskyblue,181,296,
lightskyblue,181,296,370,
lightskyblue,370,
lightskyblue,370,
lightskyblue,370,
lightskyblue,296,183,370,
lightskyblue,296,183,370,
lightskyblue,296,183,
lightskyblue,296,183,370,
lightskyblue,296,313,370,
lightskyblue,296,313,370,
lightskyblue,296,313,
lightskyblue,296,313,370,
lightskyblue,221,296,374,370,
lightskyblue,221,296,374,370,
lightskyblue,221,296,374,
lightskyblue,221,296,374,370,
lightskyblue,181,296,374,370,
lightskyblue,181,296,374,370,
lightskyblue,181,296,374,
lightskyblue,181,296,374,370,
lightskyblue,374,370,
lightskyblue,374,370,
lightskyblue,374,
lightskyblue,374,370,
lightskyblue,296,183,374,370,
lightskyblue,296,183,374,370,
lightskyblue,296,183,374,
lightskyblue,296,183,374,370,
lightskyblue,296,313,374,370,
lightskyblue,296,313,374,370,
lightskyblue,296,313,374,
lightskyblue,296,313,374,370,
lightskyblue,223,286,340,283,
lightskyblue,223,286,340,283,
lightskyblue,223,286,340,
lightskyblue,223,286,340,283,
lightskyblue,185,286,340,283,
lightskyblue,185,286,340,283,
lightskyblue,185,286,340,
lightskyblue,185,286,340,283,
lightskyblue,340,283,
lightskyblue,340,283,
lightskyblue,340,
lightskyblue,340,283,
lightskyblue,286,187,340,283,
lightskyblue,286,187,340,283,
lightskyblue,286,187,340,
lightskyblue,286,187,340,283,
lightskyblue,286,307,340,283,
lightskyblue,286,307,340,283,
lightskyblue,286,307,340,
lightskyblue,286,307,340,283,
lightskyblue,223,286,283,
lightskyblue,223,286,283,
lightskyblue,223,286,
lightskyblue,223,286,283,
lightskyblue,185,286,283,
lightskyblue,185,286,283,
lightskyblue,185,286,
lightskyblue,185,286,283,
lightskyblue,283,
lightskyblue,283,
lightskyblue,283,
lightskyblue,286,187,283,
lightskyblue,286,187,283,
lightskyblue,286,187,
lightskyblue,286,187,283,
lightskyblue,286,307,283,
lightskyblue,286,307,283,
lightskyblue,286,307,
lightskyblue,286,307,283,
lightskyblue,223,286,340,283,
lightskyblue,223,286,340,283,
lightskyblue,223,286,340,
lightskyblue,223,286,340,283,
lightskyblue,185,286,340,283,
lightskyblue,185,286,340,283,
lightskyblue,185,286,340,
lightskyblue,185,286,340,283,
lightskyblue,340,283,
lightskyblue,340,283,
lightskyblue,340,
lightskyblue,340,283,
lightskyblue,286,187,340,283,
lightskyblue,286,187,340,283,
lightskyblue,286,187,340,
lightskyblue,286,187,340,283,
lightskyblue,286,307,340,283,
lightskyblue,286,307,340,283,
lightskyblue,286,307,340,
lightskyblue,286,307,340,283,
lightskyblue,115,118,121,125,
lightskyblue,115,118,121,125,
lightskyblue,115,118,121,
lightskyblue,115,118,121,125,
lightskyblue,111,118,121,125,
lightskyblue,111,118,121,125,
lightskyblue,111,118,121,
lightskyblue,111,118,121,125,
lightskyblue,121,125,
lightskyblue,121,125,
lightskyblue,121,
lightskyblue,121,125,
lightskyblue,118,113,121,125,
lightskyblue,118,113,121,125,
lightskyblue,118,113,121,
lightskyblue,118,113,121,125,
lightskyblue,118,117,121,125,
lightskyblue,118,117,121,125,
lightskyblue,118,117,121,
lightskyblue,118,117,121,125,
lightskyblue,115,118,125,
lightskyblue,115,118,125,
lightskyblue,115,118,
lightskyblue,115,118,125,
lightskyblue,111,118,125,
lightskyblue,111,118,125,
lightskyblue,111,118,
lightskyblue,111,118,125,
lightskyblue,125,
lightskyblue,125,
lightskyblue,125,
lightskyblue,118,113,125,
lightskyblue,118,113,125,
lightskyblue,118,113,
lightskyblue,118,113,125,
lightskyblue,118,117,125,
lightskyblue,118,117,125,
lightskyblue,118,117,
lightskyblue,118,117,125,
lightskyblue,115,118,121,125,
lightskyblue,115,118,121,125,
lightskyblue,115,118,121,
lightskyblue,115,118,121,125,
lightskyblue,111,118,121,125,
lightskyblue,111,118,121,125,
lightskyblue,111,118,121,
lightskyblue,111,118,121,125,
lightskyblue,121,125,
lightskyblue,121,125,
lightskyblue,121,
lightskyblue,121,125,
lightskyblue,118,113,121,125,
lightskyblue,118,113,121,125,
lightskyblue,118,113,121,
lightskyblue,118,113,121,125,
lightskyblue,118,117,121,125,
lightskyblue,118,117,121,125,
lightskyblue,118,117,121,
lightskyblue,118,117,121,125,
lightskyblue,225,292,273,350,
lightskyblue,225,292,273,350,
lightskyblue,225,292,273,
lightskyblue,225,292,273,350,
lightskyblue,303,292,273,350,
lightskyblue,303,292,273,350,
lightskyblue,303,292,273,
lightskyblue,303,292,273,350,
lightskyblue,273,350,
lightskyblue,273,350,
lightskyblue,273,
lightskyblue,273,350,
lightskyblue,292,189,273,350,
lightskyblue,292,189,273,350,
lightskyblue,292,189,273,
lightskyblue,292,189,273,350,
lightskyblue,292,231,273,350,
lightskyblue,292,231,273,350,
lightskyblue,292,231,273,
lightskyblue,292,231,273,350,
lightskyblue,225,292,350,
lightskyblue,225,292,350,
lightskyblue,225,292,
lightskyblue,225,292,350,
lightskyblue,303,292,350,
lightskyblue,303,292,350,
lightskyblue,303,292,
lightskyblue,303,292,350,
lightskyblue,350,
lightskyblue,350,
lightskyblue,350,
lightskyblue,292,189,350,
lightskyblue,292,189,350,
lightskyblue,292,189,
lightskyblue,292,189,350,
lightskyblue,292,231,350,
lightskyblue,292,231,350,
lightskyblue,292,231,
lightskyblue,292,231,350,
lightskyblue,225,292,273,350,
lightskyblue,225,292,273,350,
lightskyblue,225,292,273,
lightskyblue,225,292,273,350,
lightskyblue,303,292,273,350,
lightskyblue,303,292,273,350,
lightskyblue,303,292,273,
lightskyblue,303,292,273,350,
lightskyblue,273,350,
lightskyblue,273,350,
lightskyblue,273,
lightskyblue,273,350,
lightskyblue,292,189,273,350,
lightskyblue,292,189,273,350,
lightskyblue,292,189,273,
lightskyblue,292,189,273,350,
lightskyblue,292,231,273,350,
lightskyblue,292,231,273,350,
lightskyblue,292,231,273,
lightskyblue,292,231,273,350,
lightskyblue,316,198,288,253,336,
lightskyblue,316,199,288,253,336,
lightskyblue,314,198,266,257,263,397,
lightskyblue,314,199,266,257,263,397,
lightskyblue,316,245,288,254,336,
lightskyblue,316,246,288,254,336,
lightskyblue,316,247,288,254,336,
lightskyblue,316,248,288,254,336,
lightskyblue,316,249,288,254,336,
lightskyblue,314,245,266,258,263,398,
lightskyblue,314,246,266,258,263,398,
lightskyblue,314,247,266,258,263,398,
lightskyblue,314,248,266,258,263,398,
lightskyblue,314,249,266,258,263,398,
lightskyblue,316,238,288,253,336,
lightskyblue,316,239,288,253,336,
lightskyblue,316,240,288,253,336,
lightskyblue,316,241,288,253,336,
lightskyblue,314,238,266,257,263,399,
lightskyblue,314,239,266,257,263,399,
lightskyblue,314,240,266,257,263,399,
lightskyblue,314,241,266,257,263,399,
lightskyblue,316,203,288,253,336,
lightskyblue,316,204,288,253,336,
lightskyblue,314,203,266,257,263,399,
lightskyblue,314,204,266,257,263,399,
lightskyblue,322,198,290,268,345,
lightskyblue,322,199,290,268,345,
lightskyblue,322,200,290,268,345,
lightskyblue,324,198,294,364,361,
lightskyblue,324,199,294,364,361,
lightskyblue,324,200,294,364,361,
lightskyblue,326,198,296,373,370,409,
lightskyblue,326,199,296,373,370,409,
lightskyblue,326,200,296,373,370,409,
lightskyblue,328,198,292,272,350,405,
lightskyblue,328,199,292,272,350,405,
lightskyblue,328,200,292,272,350,405,
lightskyblue,322,245,290,269,345,
lightskyblue,322,246,290,269,345,
lightskyblue,322,247,290,269,345,
lightskyblue,322,248,290,269,345,
lightskyblue,322,249,290,269,345,
lightskyblue,322,250,290,269,345,
lightskyblue,324,245,294,365,361,
lightskyblue,324,246,294,365,361,
lightskyblue,324,247,294,365,361,
lightskyblue,324,248,294,365,361,
lightskyblue,324,249,294,365,361,
lightskyblue,324,250,294,365,361,
lightskyblue,326,245,296,374,370,410,
lightskyblue,326,246,296,374,370,410,
lightskyblue,326,247,296,374,370,410,
lightskyblue,326,248,296,374,370,410,
lightskyblue,326,249,296,374,370,410,
lightskyblue,326,250,296,374,370,410,
lightskyblue,328,245,292,273,350,406,
lightskyblue,328,246,292,273,350,406,
lightskyblue,328,247,292,273,350,406,
lightskyblue,328,248,292,273,350,406,
lightskyblue,328,249,292,273,350,406,
lightskyblue,328,250,292,273,350,406,
lightskyblue,322,159,290,268,345,
lightskyblue,324,159,294,364,361,
lightskyblue,326,159,296,373,370,410,
lightskyblue,328,159,292,272,350,406,
lightskyblue,322,238,290,268,345,
lightskyblue,322,239,290,268,345,
lightskyblue,322,240,290,268,345,
lightskyblue,322,241,290,268,345,
lightskyblue,322,242,290,268,345,
lightskyblue,324,238,294,364,361,
lightskyblue,324,239,294,364,361,
lightskyblue,324,240,294,364,361,
lightskyblue,324,241,294,364,361,
lightskyblue,324,242,294,364,361,
lightskyblue,326,238,296,373,370,411,
lightskyblue,326,239,296,373,370,411,
lightskyblue,326,240,296,373,370,411,
lightskyblue,326,241,296,373,370,411,
lightskyblue,326,242,296,373,370,411,
lightskyblue,328,238,292,272,350,407,
lightskyblue,328,239,292,272,350,407,
lightskyblue,328,240,292,272,350,407,
lightskyblue,328,241,292,272,350,407,
lightskyblue,328,242,292,272,350,407,
lightskyblue,322,203,290,268,345,
lightskyblue,322,204,290,268,345,
lightskyblue,322,205,290,268,345,
lightskyblue,324,203,294,364,361,
lightskyblue,324,204,294,364,361,
lightskyblue,324,205,294,364,361,
lightskyblue,326,203,296,373,370,411,
lightskyblue,326,204,296,373,370,411,
lightskyblue,326,205,296,373,370,411,
lightskyblue,328,203,292,272,350,407,
lightskyblue,328,204,292,272,350,407,
lightskyblue,328,205,292,272,350,407,
lightskyblue,330,198,298,382,379,401,
lightskyblue,330,199,298,382,379,401,
lightskyblue,330,200,298,382,379,401,
lightskyblue,330,201,298,382,379,401,
lightskyblue,318,198,357,353,278,
lightskyblue,318,199,357,353,278,
lightskyblue,318,200,357,353,278,
lightskyblue,318,201,357,353,278,
lightskyblue,332,198,395,391,388,413,
lightskyblue,332,199,395,391,388,413,
lightskyblue,332,200,395,391,388,413,
lightskyblue,332,201,395,391,388,413,
lightskyblue,320,198,286,339,283,
lightskyblue,320,199,286,339,283,
lightskyblue,320,200,286,339,283,
lightskyblue,320,201,286,339,283,
lightskyblue,330,245,298,383,379,402,
lightskyblue,330,246,298,383,379,402,
lightskyblue,330,247,298,383,379,402,
lightskyblue,330,248,298,383,379,402,
lightskyblue,330,249,298,383,379,402,
lightskyblue,330,250,298,383,379,402,
lightskyblue,330,251,298,383,379,402,
lightskyblue,318,245,357,354,278,
lightskyblue,318,246,357,354,278,
lightskyblue,318,247,357,354,278,
lightskyblue,318,248,357,354,278,
lightskyblue,318,249,357,354,278,
lightskyblue,318,250,357,354,278,
lightskyblue,318,251,357,354,278,
lightskyblue,332,245,395,392,388,414,
lightskyblue,332,246,395,392,388,414,
lightskyblue,332,247,395,392,388,414,
lightskyblue,332,248,395,392,388,414,
lightskyblue,332,249,395,392,388,414,
lightskyblue,332,250,395,392,388,414,
lightskyblue,332,251,395,392,388,414,
lightskyblue,320,245,286,340,283,
lightskyblue,320,246,286,340,283,
lightskyblue,320,247,286,340,283,
lightskyblue,320,248,286,340,283,
lightskyblue,320,249,286,340,283,
lightskyblue,320,250,286,340,283,
lightskyblue,320,251,286,340,283,
lightskyblue,330,159,298,382,379,402,
lightskyblue,330,160,298,382,379,402,
lightskyblue,318,159,357,353,278,
lightskyblue,318,160,357,353,278,
lightskyblue,332,159,395,391,388,414,
lightskyblue,332,160,395,391,388,414,
lightskyblue,320,159,286,339,283,
lightskyblue,320,160,286,339,283,
lightskyblue,330,238,298,382,379,403,
lightskyblue,330,239,298,382,379,403,
lightskyblue,330,240,298,382,379,403,
lightskyblue,330,241,298,382,379,403,
lightskyblue,330,242,298,382,379,403,
lightskyblue,330,243,298,382,379,403,
lightskyblue,318,238,357,353,278,
lightskyblue,318,239,357,353,278,
lightskyblue,318,240,357,353,278,
lightskyblue,318,241,357,353,278,
lightskyblue,318,242,357,353,278,
lightskyblue,318,243,357,353,278,
lightskyblue,332,238,395,391,388,415,
lightskyblue,332,239,395,391,388,415,
lightskyblue,332,240,395,391,388,415,
lightskyblue,332,241,395,391,388,415,
lightskyblue,332,242,395,391,388,415,
lightskyblue,332,243,395,391,388,415,
lightskyblue,320,238,286,339,283,
lightskyblue,320,239,286,339,283,
lightskyblue,320,240,286,339,283,
lightskyblue,320,241,286,339,283,
lightskyblue,320,242,286,339,283,
lightskyblue,320,243,286,339,283,
lightskyblue,330,203,298,382,379,403,
lightskyblue,330,204,298,382,379,403,
lightskyblue,330,205,298,382,379,403,
lightskyblue,330,206,298,382,379,403,
lightskyblue,318,203,357,353,278,
lightskyblue,318,204,357,353,278,
lightskyblue,318,205,357,353,278,
lightskyblue,318,206,357,353,278,
lightskyblue,332,203,395,391,388,415,
lightskyblue,332,204,395,391,388,415,
lightskyblue,332,205,395,391,388,415,
lightskyblue,332,206,395,391,388,415,
lightskyblue,320,203,286,339,283,
lightskyblue,320,204,286,339,283,
lightskyblue,320,205,286,339,283,
lightskyblue,320,206,286,339,283,
lightskyblue,208,289,337,
lightskyblue,208,289,337,
lightskyblue,288,337,
lightskyblue,288,337,
lightskyblue,289,308,337,
lightskyblue,289,308,337,
lightskyblue,210,299,380,
lightskyblue,210,299,380,
lightskyblue,298,380,
lightskyblue,298,380,
lightskyblue,299,236,380,
lightskyblue,299,236,380,
lightskyblue,212,358,279,
lightskyblue,212,358,279,
lightskyblue,357,279,
lightskyblue,357,279,
lightskyblue,358,234,279,
lightskyblue,358,234,279,
lightskyblue,304,291,346,
lightskyblue,304,291,346,
lightskyblue,290,346,
lightskyblue,290,346,
lightskyblue,291,232,346,
lightskyblue,291,232,346,
lightskyblue,135,134,142,
lightskyblue,135,134,142,
lightskyblue,133,142,
lightskyblue,133,142,
lightskyblue,134,131,142,
lightskyblue,134,131,142,
lightskyblue,214,267,264,
lightskyblue,214,267,264,
lightskyblue,266,264,
lightskyblue,266,264,
lightskyblue,267,300,264,
lightskyblue,267,300,264,
lightskyblue,216,396,389,
lightskyblue,216,396,389,
lightskyblue,395,389,
lightskyblue,395,389,
lightskyblue,396,226,389,
lightskyblue,396,226,389,
lightskyblue,218,295,362,
lightskyblue,218,295,362,
lightskyblue,294,362,
lightskyblue,294,362,
lightskyblue,295,228,362,
lightskyblue,295,228,362,
lightskyblue,220,297,371,
lightskyblue,220,297,371,
lightskyblue,296,371,
lightskyblue,296,371,
lightskyblue,297,312,371,
lightskyblue,297,312,371,
lightskyblue,222,287,284,
lightskyblue,222,287,284,
lightskyblue,286,284,
lightskyblue,286,284,
lightskyblue,287,306,284,
lightskyblue,287,306,284,
lightskyblue,114,119,126,
lightskyblue,114,119,126,
lightskyblue,118,126,
lightskyblue,118,126,
lightskyblue,119,116,126,
lightskyblue,119,116,126,
lightskyblue,224,293,351,
lightskyblue,224,293,351,
lightskyblue,292,351,
lightskyblue,292,351,
lightskyblue,293,230,351,
lightskyblue,293,230,351,
lightskyblue,144,152,
lightskyblue,146,153,
lightskyblue,148,154,
lightskyblue,150,155,
lightskyblue,158,156,
lightskyblue,143,151,
lightskyblue,145,151,
lightskyblue,147,151,
lightskyblue,149,151,
lightskyblue,157,151,
