green,
green,
green,
green,
green,
green,
green,
green,
green,
green,
green,
green,
green,
green,
green,
green,
green,
green,
green,
green,
green,
green,
green,
green,
green,
green,
green,
green,
green,
green,
green,
green,
green,
green,
green,
green,
green,
green,
green,
green,
green,
green,
green,
green,
green,
green,
green,
green,
green,
green,
green,
green,
green,
green,
green,
green,
green,
green,
green,
green,
green,
green,
green,
green,
green,
green,
green,
green,
green,
green,
green,
green,
green,
green,
green,
green,
green,
green,
green,
green,
green,
green,
green,
green,
green,
green,
green,
green,
green,
green,
green,
green,
green,
green,
green,
green,
green,
green,
green,
green,
green,
green,
green,
green,
green,
green,
green,
green,
green,
green,
green,
green,
green,
green,
green,
green,
green,
green,
green,
green,
green,
gold,0,1192,1193,1194,1195,1216,1217,1218,1219,1993,1994,1995,1996,2017,2018,2019,2020,2040,2041,2042,2043,
gold,0,
gold,1,1188,1189,1190,1191,1212,1213,1214,1215,1989,1990,1991,1992,2013,2014,2015,2016,2036,2037,2038,2039,
gold,1,
gold,2,1200,1201,1202,1203,1223,1224,1225,1226,2001,2002,2003,2004,2024,2025,2026,2027,2048,2049,2050,2051,
gold,2,
gold,3,1184,1185,1186,1187,1208,1209,1210,1211,1985,1986,1987,1988,2009,2010,2011,2012,2032,2033,2034,2035,
gold,3,
gold,4,1204,1205,1206,1207,1227,1228,1229,1230,2005,2006,2007,2008,2028,2029,2030,2031,2052,2053,2054,2055,
gold,4,
gold,5,1196,1197,1198,1199,1220,1221,1222,1997,1998,1999,2000,2021,2022,2023,2044,2045,2046,2047,
gold,5,
gold,6,1985,1986,1987,1988,1989,1990,1991,1992,1993,1994,1995,1996,1997,1998,1999,2000,2001,2002,2003,2004,2005,2006,2007,2008,
gold,6,1184,1185,1186,1187,1188,1189,1190,1191,1192,1193,1194,1195,1196,1197,1198,1199,1200,1201,1202,1203,1204,1205,1206,1207,1336,1338,1340,2009,2010,2011,2012,2013,2014,2015,2016,2017,2018,2019,2020,2021,2022,2023,2024,2025,2026,2027,2028,2029,2030,2031,2405,2407,2409,
red,6,1208,1209,1210,1211,1212,1213,1214,1215,1216,1217,1218,1219,1220,1221,1222,1223,1224,1225,1226,1227,1228,1229,1230,1337,1339,1341,2032,2033,2034,2035,2036,2037,2038,2039,2040,2041,2042,2043,2044,2045,2046,2047,2048,2049,2050,2051,2052,2053,2054,2055,2406,2408,2410,
gold,7,1184,1188,1192,1196,1200,1204,1208,1212,1216,1220,1223,1227,1985,1989,1993,1997,2001,2005,2009,2013,2017,2021,2024,2028,2032,2036,2040,2044,2048,2052,
gold,7,1185,1189,1193,1197,1201,1205,1209,1213,1217,1221,1224,1228,1986,1990,1994,1998,2002,2006,2010,2014,2018,2022,2025,2029,2033,2037,2041,2045,2049,2053,
gold,7,737,738,739,740,741,1186,1190,1194,1198,1202,1206,1210,1214,1218,1225,1229,1336,1337,1338,1339,1340,1341,1987,1991,1995,1999,2003,2007,2011,2015,2019,2026,2030,2034,2038,2042,2046,2050,2054,2405,2406,2407,2408,2409,2410,
red,7,1187,1191,1195,1199,1203,1207,1211,1215,1219,1222,1226,1230,1988,1992,1996,2000,2004,2008,2012,2016,2020,2023,2027,2031,2035,2039,2043,2047,2051,2055,
gold,8,950,951,952,953,974,975,976,977,1651,1652,1653,1654,1674,1675,1676,1677,
gold,8,
gold,9,946,947,948,949,970,971,972,973,1647,1648,1649,1650,1670,1671,1672,1673,
gold,9,
gold,10,958,959,960,961,981,982,983,984,1658,1659,1660,1661,1682,1683,1684,1685,
gold,10,
gold,11,962,963,964,965,985,986,987,988,1662,1663,1664,1665,1686,1687,1688,1689,
gold,11,
gold,12,954,955,956,957,978,979,980,1655,1656,1657,1678,1679,1680,1681,
gold,12,
red,13,942,943,944,945,966,967,968,969,1643,1644,1645,1646,1666,1667,1668,1669,
gold,13,
red,14,942,943,944,945,946,947,948,949,950,951,952,953,954,955,956,957,958,959,960,961,962,963,964,965,1300,1302,1304,1643,1644,1645,1646,1647,1648,1649,1650,1651,1652,1653,1654,1655,1656,1657,1658,1659,1660,1661,1662,1663,1664,1665,2369,2371,2373,
gold,14,966,967,968,969,970,971,972,973,974,975,976,977,978,979,980,981,982,983,984,985,986,987,988,1301,1303,1305,1666,1667,1668,1669,1670,1671,1672,1673,1674,1675,1676,1677,1678,1679,1680,1681,1682,1683,1684,1685,1686,1687,1688,1689,2370,2372,2374,
gold,15,942,946,950,954,958,962,966,970,974,978,981,985,1643,1647,1651,1655,1658,1662,1666,1670,1674,1678,1682,1686,
gold,15,943,947,951,955,959,963,967,971,975,979,982,986,1644,1648,1652,1656,1659,1663,1667,1671,1675,1679,1683,1687,
gold,15,707,708,709,710,711,944,948,952,956,960,964,968,972,976,983,987,1300,1301,1302,1303,1304,1305,1645,1649,1653,1660,1664,1668,1672,1676,1680,1684,1688,2369,2370,2371,2372,2373,2374,
red,15,945,949,953,957,961,965,969,973,977,980,984,988,1646,1650,1654,1657,1661,1665,1669,1673,1677,1681,1685,1689,
gold,16,2115,2116,2117,2118,2119,2120,2143,2144,2145,2146,2147,2148,2149,2150,2151,2152,2153,2154,2155,2156,2157,2158,2219,2220,2221,2222,2223,2224,2225,2226,2227,2228,2229,2230,2231,2232,2233,2234,2235,2236,2237,2238,2239,2240,2241,2242,2243,2417,
gold,16,
gold,17,2121,2122,2123,2124,2125,2126,2127,2128,2159,2160,2161,2162,2163,2164,2165,2166,2167,2168,2169,2170,2171,2172,2173,2174,2175,2176,2177,2178,2244,2245,2246,2247,2248,2249,2250,2251,2252,2253,2254,2255,2256,2257,2258,2259,2260,2261,2262,2263,2264,2265,2266,2267,2268,2269,2270,2271,2272,2273,2418,
gold,17,
gold,18,2129,2130,2179,2180,2181,2182,2183,2184,2185,2186,2274,2275,2276,2277,2278,2279,2280,2281,2282,2283,2284,2285,2286,2287,2288,2419,
gold,18,
gold,19,2131,2132,2133,2134,2135,2136,2137,2138,2139,2140,2141,2142,2187,2188,2189,2190,2191,2192,2193,2194,2195,2196,2197,2198,2199,2200,2201,2202,2203,2204,2205,2206,2207,2208,2209,2210,2211,2212,2213,2214,2289,2290,2291,2292,2293,2294,2295,2296,2297,2298,2299,2300,2301,2302,2303,2304,2305,2306,2307,2308,2309,2310,2311,2312,2313,2314,2315,2316,2317,2318,2319,2320,2321,2322,2323,2324,2325,2326,2327,2328,2420,
gold,19,
gold,20,2417,2418,2419,2420,2421,
gold,20,458,459,460,461,462,463,486,487,488,489,490,491,492,493,494,495,496,497,498,499,500,501,562,563,564,565,566,567,568,569,570,571,572,573,574,575,576,577,578,579,580,581,582,583,584,585,586,2422,
gold,20,464,465,466,467,468,469,470,471,502,503,504,505,506,507,508,509,510,511,512,513,514,515,516,517,518,519,520,521,587,588,589,590,591,592,593,594,595,596,597,598,599,600,601,602,603,604,605,606,607,608,609,610,611,612,613,614,615,616,2423,
gold,20,472,473,522,523,524,525,526,527,528,529,617,618,619,620,621,622,623,624,625,626,627,628,629,630,631,2424,
gold,20,474,475,476,477,478,479,480,481,482,483,484,485,530,531,532,533,534,535,536,537,538,539,540,541,542,543,544,545,546,547,548,549,550,551,552,553,554,555,556,557,632,633,634,635,636,637,638,639,640,641,642,643,644,645,646,647,648,649,650,651,652,653,654,655,656,657,658,659,660,661,662,663,664,665,666,667,668,669,670,671,2425,
gold,20,558,559,560,561,672,673,674,675,676,677,678,679,680,681,2426,
gold,21,2215,2216,2217,2218,2329,2330,2331,2332,2333,2334,2335,2336,2337,2338,2421,
gold,21,
gold,22,
gold,22,672,674,676,678,680,2329,2331,2333,2335,2337,
gold,22,558,559,560,561,673,675,677,679,681,2215,2216,2217,2218,2330,2332,2334,2336,2338,
gold,23,
gold,23,617,620,623,626,629,2274,2277,2280,2283,2286,
gold,23,522,524,526,528,618,621,624,627,630,2179,2181,2183,2185,2275,2278,2281,2284,2287,
gold,23,472,473,523,525,527,529,619,622,625,628,631,2129,2130,2180,2182,2184,2186,2276,2279,2282,2285,2288,
gold,24,751,752,753,754,771,772,773,774,1352,1353,1354,1355,1372,1373,1374,1375,1391,1392,1393,1394,
gold,24,
gold,25,790,791,792,793,810,811,812,813,1411,1412,1413,1414,1431,1432,1433,1434,1450,1451,1452,1453,
gold,25,
gold,26,829,830,831,832,849,850,851,852,1470,1471,1472,1473,1490,1491,1492,1493,1509,1510,1511,1512,
gold,26,
gold,27,868,869,870,871,888,889,890,891,1529,1530,1531,1532,1549,1550,1551,1552,1568,1569,1570,1571,
gold,27,
gold,28,907,908,909,910,927,928,929,930,1588,1589,1590,1591,1608,1609,1610,1611,1627,1628,1629,1630,
gold,28,
gold,29,1032,1033,1034,1035,1052,1053,1054,1055,1753,1754,1755,1756,1773,1774,1775,1776,1792,1793,1794,1795,
gold,29,
gold,30,1040,1041,1042,1043,1059,1060,1061,1062,1761,1762,1763,1764,1780,1781,1782,1783,1800,1801,1802,1803,
gold,30,
gold,31,1071,1072,1073,1074,1091,1092,1093,1094,1812,1813,1814,1815,1832,1833,1834,1835,1851,1852,1853,1854,
gold,31,
gold,32,1079,1080,1081,1082,1098,1099,1100,1101,1820,1821,1822,1823,1839,1840,1841,1842,1859,1860,1861,1862,
gold,32,
gold,33,1110,1111,1112,1113,1130,1131,1132,1133,1871,1872,1873,1874,1891,1892,1893,1894,1910,1911,1912,1913,
gold,33,
gold,34,1118,1119,1120,1121,1137,1138,1139,1140,1879,1880,1881,1882,1898,1899,1900,1901,1918,1919,1920,1921,
gold,34,
gold,35,1149,1150,1151,1152,1169,1170,1171,1172,1930,1931,1932,1933,1950,1951,1952,1953,1969,1970,1971,1972,
gold,35,
gold,36,1157,1158,1159,1160,1176,1177,1178,1179,1938,1939,1940,1941,1957,1958,1959,1960,1977,1978,1979,1980,
gold,36,
gold,37,1243,1244,1245,1246,1262,1263,1264,1265,2068,2069,2070,2071,2087,2088,2089,2090,2107,2108,2109,2110,
gold,37,
gold,38,915,916,917,918,934,935,936,937,1596,1597,1598,1599,1615,1616,1617,1618,1635,1636,1637,1638,
gold,38,
gold,39,993,994,995,996,1013,1014,1015,1016,1694,1695,1696,1697,1714,1715,1716,1717,1733,1734,1735,1736,
gold,39,
gold,40,1001,1002,1003,1004,1020,1021,1022,1023,1702,1703,1704,1705,1721,1722,1723,1724,1741,1742,1743,1744,
gold,40,
gold,41,876,877,878,879,895,896,897,898,1537,1538,1539,1540,1556,1557,1558,1559,1576,1577,1578,1579,
gold,41,
gold,42,837,838,839,840,856,857,858,859,1478,1479,1480,1481,1497,1498,1499,1500,1517,1518,1519,1520,
gold,42,
gold,43,759,760,761,762,778,779,780,781,1360,1361,1362,1363,1379,1380,1381,1382,1399,1400,1401,1402,
gold,43,
gold,44,747,748,749,750,767,768,769,770,1348,1349,1350,1351,1368,1369,1370,1371,1387,1388,1389,1390,
gold,44,
gold,45,786,787,788,789,806,807,808,809,1407,1408,1409,1410,1427,1428,1429,1430,1446,1447,1448,1449,
gold,45,
gold,46,825,826,827,828,845,846,847,848,1466,1467,1468,1469,1486,1487,1488,1489,1505,1506,1507,1508,
gold,46,
gold,47,1028,1029,1030,1031,1048,1049,1050,1051,1749,1750,1751,1752,1769,1770,1771,1772,1788,1789,1790,1791,
gold,47,
gold,48,1044,1045,1046,1047,1063,1064,1065,1066,1765,1766,1767,1768,1784,1785,1786,1787,1804,1805,1806,1807,
gold,48,
gold,49,1067,1068,1069,1070,1087,1088,1089,1090,1808,1809,1810,1811,1828,1829,1830,1831,1847,1848,1849,1850,
gold,49,
gold,50,1083,1084,1085,1086,1102,1103,1104,1105,1824,1825,1826,1827,1843,1844,1845,1846,1863,1864,1865,1866,
gold,50,
gold,51,1106,1107,1108,1109,1126,1127,1128,1129,1867,1868,1869,1870,1887,1888,1889,1890,1906,1907,1908,1909,
gold,51,
gold,52,1145,1146,1147,1148,1165,1166,1167,1168,1926,1927,1928,1929,1946,1947,1948,1949,1965,1966,1967,1968,
gold,52,
gold,53,1231,1232,1233,1234,1251,1252,1253,1254,2056,2057,2058,2059,2076,2077,2078,2079,2095,2096,2097,2098,
gold,53,
gold,54,1247,1248,1249,1250,1266,1267,1268,1269,2072,2073,2074,2075,2091,2092,2093,2094,2111,2112,2113,2114,
gold,54,
gold,55,919,920,921,922,938,939,940,941,1600,1601,1602,1603,1619,1620,1621,1622,1639,1640,1641,1642,
gold,55,
gold,56,989,990,991,992,1009,1010,1011,1012,1690,1691,1692,1693,1710,1711,1712,1713,1729,1730,1731,1732,
gold,56,
gold,57,880,881,882,883,899,900,901,902,1541,1542,1543,1544,1560,1561,1562,1563,1580,1581,1582,1583,
gold,57,
gold,58,841,842,843,844,860,861,862,863,1482,1483,1484,1485,1501,1502,1503,1504,1521,1522,1523,1524,
gold,58,
gold,59,802,803,804,805,821,822,823,824,1423,1424,1425,1426,1442,1443,1444,1445,1462,1463,1464,1465,
gold,59,
gold,60,
gold,60,562,567,572,577,582,2219,2224,2229,2234,2239,
gold,60,486,490,494,498,563,568,573,578,583,2143,2147,2151,2155,2220,2225,2230,2235,2240,
gold,60,458,461,487,491,495,499,564,569,574,579,584,2115,2118,2144,2148,2152,2156,2221,2226,2231,2236,2241,
gold,60,459,462,488,492,496,500,565,570,575,580,585,2116,2119,2145,2149,2153,2157,2222,2227,2232,2237,2242,
gold,60,460,463,489,493,497,501,566,571,576,581,586,2117,2120,2146,2150,2154,2158,2223,2228,2233,2238,2243,
gold,61,
gold,61,587,593,599,605,611,2244,2250,2256,2262,2268,
gold,61,502,507,512,517,588,594,600,606,612,2159,2164,2169,2174,2245,2251,2257,2263,2269,
gold,61,464,468,503,508,513,518,589,595,601,607,613,2121,2125,2160,2165,2170,2175,2246,2252,2258,2264,2270,
gold,61,465,469,504,509,514,519,590,596,602,608,614,2122,2126,2161,2166,2171,2176,2247,2253,2259,2265,2271,
gold,61,466,470,505,510,515,520,591,597,603,609,615,2123,2127,2162,2167,2172,2177,2248,2254,2260,2266,2272,
gold,61,467,471,506,511,516,521,592,598,604,610,616,2124,2128,2163,2168,2173,2178,2249,2255,2261,2267,2273,
gold,62,
gold,62,632,640,648,656,664,2289,2297,2305,2313,2321,
gold,62,530,537,544,551,633,641,649,657,665,2187,2194,2201,2208,2290,2298,2306,2314,2322,
gold,62,474,480,531,538,545,552,634,642,650,658,666,2131,2137,2188,2195,2202,2209,2291,2299,2307,2315,2323,
gold,62,475,481,532,539,546,553,635,643,651,659,667,2132,2138,2189,2196,2203,2210,2292,2300,2308,2316,2324,
gold,62,476,482,533,540,547,554,636,644,652,660,668,2133,2139,2190,2197,2204,2211,2293,2301,2309,2317,2325,
gold,62,477,483,534,541,548,555,637,645,653,661,669,2134,2140,2191,2198,2205,2212,2294,2302,2310,2318,2326,
gold,62,478,484,535,542,549,556,638,646,654,662,670,2135,2141,2192,2199,2206,2213,2295,2303,2311,2319,2327,
gold,62,479,485,536,543,550,557,639,647,655,663,671,2136,2142,2193,2200,2207,2214,2296,2304,2312,2320,2328,
gold,63,1348,1349,1350,1351,1352,1353,1354,1355,1356,1357,1358,1359,1360,1361,1362,1363,1364,1365,1366,1367,
gold,63,747,748,749,750,751,752,753,754,755,756,757,758,759,760,761,762,763,764,765,766,1270,1272,1274,1368,1369,1370,1371,1372,1373,1374,1375,1376,1377,1378,1379,1380,1381,1382,1383,1384,1385,1386,2339,2341,2343,
gold,63,767,768,769,770,771,772,773,774,775,776,777,778,779,780,781,782,783,784,785,1271,1273,1275,1387,1388,1389,1390,1391,1392,1393,1394,1395,1396,1397,1398,1399,1400,1401,1402,1403,1404,1405,1406,2340,2342,2344,
gold,63,
gold,64,1690,1691,1692,1693,1694,1695,1696,1697,1698,1699,1700,1701,1702,1703,1704,1705,1706,1707,1708,1709,
gold,64,989,990,991,992,993,994,995,996,997,998,999,1000,1001,1002,1003,1004,1005,1006,1007,1008,1306,1308,1310,1710,1711,1712,1713,1714,1715,1716,1717,1718,1719,1720,1721,1722,1723,1724,1725,1726,1727,1728,2375,2377,2379,
gold,64,1009,1010,1011,1012,1013,1014,1015,1016,1017,1018,1019,1020,1021,1022,1023,1024,1025,1026,1027,1307,1309,1311,1729,1730,1731,1732,1733,1734,1735,1736,1737,1738,1739,1740,1741,1742,1743,1744,1745,1746,1747,1748,2376,2378,2380,
gold,64,
gold,65,989,993,997,1001,1005,1009,1013,1017,1020,1024,1690,1694,1698,1702,1706,1710,1714,1718,1721,1725,1729,1733,1737,1741,1745,
gold,65,990,994,998,1002,1006,1010,1014,1018,1021,1025,1691,1695,1699,1703,1707,1711,1715,1719,1722,1726,1730,1734,1738,1742,1746,
gold,65,712,713,714,715,716,991,995,999,1003,1007,1011,1015,1022,1026,1306,1307,1308,1309,1310,1311,1692,1696,1700,1704,1708,1712,1716,1723,1727,1731,1735,1739,1743,1747,2375,2376,2377,2378,2379,2380,
gold,65,992,996,1000,1004,1008,1012,1016,1019,1023,1027,1693,1697,1701,1705,1709,1713,1717,1720,1724,1728,1732,1736,1740,1744,1748,
gold,65,461,462,463,468,469,470,471,473,480,481,482,483,484,485,2118,2119,2120,2125,2126,2127,2128,2130,2137,2138,2139,2140,2141,2142,
gold,66,997,998,999,1000,1017,1018,1019,1698,1699,1700,1701,1718,1719,1720,1737,1738,1739,1740,
gold,66,
gold,67,1525,1526,1527,1528,1529,1530,1531,1532,1533,1534,1535,1536,1537,1538,1539,1540,1541,1542,1543,1544,
gold,67,864,865,866,867,868,869,870,871,872,873,874,875,876,877,878,879,880,881,882,883,1288,1290,1292,1545,1546,1547,1548,1549,1550,1551,1552,1553,1554,1555,1556,1557,1558,1559,1560,1561,1562,1563,2357,2359,2361,
gold,67,884,885,886,887,888,889,890,891,892,893,894,895,896,897,898,899,900,901,902,1289,1291,1293,1564,1565,1566,1567,1568,1569,1570,1571,1572,1573,1574,1575,1576,1577,1578,1579,1580,1581,1582,1583,2358,2360,2362,
gold,67,
gold,68,2056,2057,2058,2059,2060,2061,2062,2063,2064,2065,2066,2067,2068,2069,2070,2071,2072,2073,2074,2075,
gold,68,1231,1232,1233,1234,1235,1236,1237,1238,1239,1240,1241,1242,1243,1244,1245,1246,1247,1248,1249,1250,1342,1344,1346,2076,2077,2078,2079,2080,2081,2082,2083,2084,2085,2086,2087,2088,2089,2090,2091,2092,2093,2094,2411,2413,2415,
gold,68,1251,1252,1253,1254,1255,1256,1257,1258,1259,1260,1261,1262,1263,1264,1265,1266,1267,1268,1269,1343,1345,1347,2095,2096,2097,2098,2099,2100,2101,2102,2103,2104,2105,2106,2107,2108,2109,2110,2111,2112,2113,2114,2412,2414,2416,
gold,68,
gold,69,825,829,833,837,841,845,849,853,856,860,1466,1470,1474,1478,1482,1486,1490,1494,1497,1501,1505,1509,1513,1517,1521,
gold,69,826,830,834,838,842,846,850,854,857,861,1467,1471,1475,1479,1483,1487,1491,1495,1498,1502,1506,1510,1514,1518,1522,
gold,69,692,693,694,695,696,827,831,835,839,843,847,851,858,862,1282,1283,1284,1285,1286,1287,1468,1472,1476,1480,1484,1488,1492,1499,1503,1507,1511,1515,1519,1523,2351,2352,2353,2354,2355,2356,
gold,69,828,832,836,840,844,848,852,855,859,863,1469,1473,1477,1481,1485,1489,1493,1496,1500,1504,1508,1512,1516,1520,1524,
gold,69,567,568,569,570,571,593,594,595,596,597,598,620,621,622,640,641,642,643,644,645,646,647,674,675,2224,2225,2226,2227,2228,2250,2251,2252,2253,2254,2255,2277,2278,2279,2297,2298,2299,2300,2301,2302,2303,2304,2331,2332,
gold,70,1145,1149,1153,1157,1161,1165,1169,1173,1176,1180,1926,1930,1934,1938,1942,1946,1950,1954,1957,1961,1965,1969,1973,1977,1981,
gold,70,1146,1150,1154,1158,1162,1166,1170,1174,1177,1181,1927,1931,1935,1939,1943,1947,1951,1955,1958,1962,1966,1970,1974,1978,1982,
gold,70,732,733,734,735,736,1147,1151,1155,1159,1163,1167,1171,1178,1182,1330,1331,1332,1333,1334,1335,1928,1932,1936,1940,1944,1948,1952,1959,1963,1967,1971,1975,1979,1983,2399,2400,2401,2402,2403,2404,
gold,70,1148,1152,1156,1160,1164,1168,1172,1175,1179,1183,1929,1933,1937,1941,1945,1949,1953,1956,1960,1964,1968,1972,1976,1980,1984,
gold,70,582,583,584,585,586,611,612,613,614,615,616,629,630,631,664,665,666,667,668,669,670,671,680,681,2239,2240,2241,2242,2243,2268,2269,2270,2271,2272,2273,2286,2287,2288,2321,2322,2323,2324,2325,2326,2327,2328,2337,2338,
gold,71,1153,1154,1155,1156,1173,1174,1175,1934,1935,1936,1937,1954,1955,1956,1973,1974,1975,1976,
gold,71,
gold,72,755,756,757,758,775,776,777,1356,1357,1358,1359,1376,1377,1378,1395,1396,1397,1398,
gold,72,
gold,73,872,873,874,875,892,893,894,1533,1534,1535,1536,1553,1554,1555,1572,1573,1574,1575,
gold,73,
gold,74,1239,1240,1241,1242,1259,1260,1261,2064,2065,2066,2067,2084,2085,2086,2103,2104,2105,2106,
gold,74,
gold,75,1075,1076,1077,1078,1095,1096,1097,1816,1817,1818,1819,1836,1837,1838,1855,1856,1857,1858,
gold,75,
gold,76,1114,1115,1116,1117,1134,1135,1136,1875,1876,1877,1878,1895,1896,1897,1914,1915,1916,1917,
gold,76,
gold,77,794,795,796,797,814,815,816,1415,1416,1417,1418,1435,1436,1437,1454,1455,1456,1457,
gold,77,
gold,78,911,912,913,914,931,932,933,1592,1593,1594,1595,1612,1613,1614,1631,1632,1633,1634,
gold,78,
red,79,1005,1006,1007,1008,1024,1025,1026,1027,1706,1707,1708,1709,1725,1726,1727,1728,1745,1746,1747,1748,
gold,79,
red,80,1235,1236,1237,1238,1255,1256,1257,1258,2060,2061,2062,2063,2080,2081,2082,2083,2099,2100,2101,2102,
gold,80,
red,81,1161,1162,1163,1164,1180,1181,1182,1183,1942,1943,1944,1945,1961,1962,1963,1964,1981,1982,1983,1984,
gold,81,
red,82,763,764,765,766,782,783,784,785,1364,1365,1366,1367,1383,1384,1385,1386,1403,1404,1405,1406,
gold,82,
red,83,864,865,866,867,884,885,886,887,1525,1526,1527,1528,1545,1546,1547,1548,1564,1565,1566,1567,
gold,83,
red,84,798,799,800,801,817,818,819,820,1419,1420,1421,1422,1438,1439,1440,1441,1458,1459,1460,1461,
gold,84,
red,85,903,904,905,906,923,924,925,926,1584,1585,1586,1587,1604,1605,1606,1607,1623,1624,1625,1626,
gold,85,
red,86,1122,1123,1124,1125,1141,1142,1143,1144,1883,1884,1885,1886,1902,1903,1904,1905,1922,1923,1924,1925,
gold,86,
red,87,712,713,714,715,716,989,990,991,992,993,994,995,996,997,998,999,1000,1001,1002,1003,1004,1005,1006,1007,1008,1009,1010,1011,1012,1013,1014,1015,1016,1017,1018,1019,1020,1021,1022,1023,1024,1025,1026,1027,1306,1307,1308,1309,1310,1311,1690,1691,1692,1693,1694,1695,1696,1697,1698,1699,1700,1701,1702,1703,1704,1705,1706,1707,1708,1709,1710,1711,1712,1713,1714,1715,1716,1717,1718,1719,1720,1721,1722,1723,1724,1725,1726,1727,1728,1729,1730,1731,1732,1733,1734,1735,1736,1737,1738,1739,1740,1741,1742,1743,1744,1745,1746,1747,1748,2375,2376,2377,2378,2379,2380,
gold,87,
red,88,682,683,684,685,686,747,748,749,750,751,752,753,754,755,756,757,758,759,760,761,762,763,764,765,766,767,768,769,770,771,772,773,774,775,776,777,778,779,780,781,782,783,784,785,1270,1271,1272,1273,1274,1275,1348,1349,1350,1351,1352,1353,1354,1355,1356,1357,1358,1359,1360,1361,1362,1363,1364,1365,1366,1367,1368,1369,1370,1371,1372,1373,1374,1375,1376,1377,1378,1379,1380,1381,1382,1383,1384,1385,1386,1387,1388,1389,1390,1391,1392,1393,1394,1395,1396,1397,1398,1399,1400,1401,1402,1403,1404,1405,1406,2339,2340,2341,2342,2343,2344,
gold,88,
red,89,692,693,694,695,696,825,826,827,828,829,830,831,832,833,834,835,836,837,838,839,840,841,842,843,844,845,846,847,848,849,850,851,852,853,854,855,856,857,858,859,860,861,862,863,1282,1283,1284,1285,1286,1287,1466,1467,1468,1469,1470,1471,1472,1473,1474,1475,1476,1477,1478,1479,1480,1481,1482,1483,1484,1485,1486,1487,1488,1489,1490,1491,1492,1493,1494,1495,1496,1497,1498,1499,1500,1501,1502,1503,1504,1505,1506,1507,1508,1509,1510,1511,1512,1513,1514,1515,1516,1517,1518,1519,1520,1521,1522,1523,1524,2351,2352,2353,2354,2355,2356,
gold,89,
red,90,732,733,734,735,736,1145,1146,1147,1148,1149,1150,1151,1152,1153,1154,1155,1156,1157,1158,1159,1160,1161,1162,1163,1164,1165,1166,1167,1168,1169,1170,1171,1172,1173,1174,1175,1176,1177,1178,1179,1180,1181,1182,1183,1330,1331,1332,1333,1334,1335,1926,1927,1928,1929,1930,1931,1932,1933,1934,1935,1936,1937,1938,1939,1940,1941,1942,1943,1944,1945,1946,1947,1948,1949,1950,1951,1952,1953,1954,1955,1956,1957,1958,1959,1960,1961,1962,1963,1964,1965,1966,1967,1968,1969,1970,1971,1972,1973,1974,1975,1976,1977,1978,1979,1980,1981,1982,1983,1984,2399,2400,2401,2402,2403,2404,
gold,90,
red,91,697,698,699,700,701,864,865,866,867,868,869,870,871,872,873,874,875,876,877,878,879,880,881,882,883,884,885,886,887,888,889,890,891,892,893,894,895,896,897,898,899,900,901,902,1288,1289,1290,1291,1292,1293,1525,1526,1527,1528,1529,1530,1531,1532,1533,1534,1535,1536,1537,1538,1539,1540,1541,1542,1543,1544,1545,1546,1547,1548,1549,1550,1551,1552,1553,1554,1555,1556,1557,1558,1559,1560,1561,1562,1563,1564,1565,1566,1567,1568,1569,1570,1571,1572,1573,1574,1575,1576,1577,1578,1579,1580,1581,1582,1583,2357,2358,2359,2360,2361,2362,
gold,91,
red,92,722,723,724,725,726,1067,1068,1069,1070,1071,1072,1073,1074,1075,1076,1077,1078,1079,1080,1081,1082,1083,1084,1085,1086,1087,1088,1089,1090,1091,1092,1093,1094,1095,1096,1097,1098,1099,1100,1101,1102,1103,1104,1105,1318,1319,1320,1321,1322,1323,1808,1809,1810,1811,1812,1813,1814,1815,1816,1817,1818,1819,1820,1821,1822,1823,1824,1825,1826,1827,1828,1829,1830,1831,1832,1833,1834,1835,1836,1837,1838,1839,1840,1841,1842,1843,1844,1845,1846,1847,1848,1849,1850,1851,1852,1853,1854,1855,1856,1857,1858,1859,1860,1861,1862,1863,1864,1865,1866,2387,2388,2389,2390,2391,2392,
gold,92,
red,93,727,728,729,730,731,1106,1107,1108,1109,1110,1111,1112,1113,1114,1115,1116,1117,1118,1119,1120,1121,1122,1123,1124,1125,1126,1127,1128,1129,1130,1131,1132,1133,1134,1135,1136,1137,1138,1139,1140,1141,1142,1143,1144,1324,1325,1326,1327,1328,1329,1867,1868,1869,1870,1871,1872,1873,1874,1875,1876,1877,1878,1879,1880,1881,1882,1883,1884,1885,1886,1887,1888,1889,1890,1891,1892,1893,1894,1895,1896,1897,1898,1899,1900,1901,1902,1903,1904,1905,1906,1907,1908,1909,1910,1911,1912,1913,1914,1915,1916,1917,1918,1919,1920,1921,1922,1923,1924,1925,2393,2394,2395,2396,2397,2398,
gold,93,
red,94,742,743,744,745,746,1231,1232,1233,1234,1235,1236,1237,1238,1239,1240,1241,1242,1243,1244,1245,1246,1247,1248,1249,1250,1251,1252,1253,1254,1255,1256,1257,1258,1259,1260,1261,1262,1263,1264,1265,1266,1267,1268,1269,1342,1343,1344,1345,1346,1347,2056,2057,2058,2059,2060,2061,2062,2063,2064,2065,2066,2067,2068,2069,2070,2071,2072,2073,2074,2075,2076,2077,2078,2079,2080,2081,2082,2083,2084,2085,2086,2087,2088,2089,2090,2091,2092,2093,2094,2095,2096,2097,2098,2099,2100,2101,2102,2103,2104,2105,2106,2107,2108,2109,2110,2111,2112,2113,2114,2411,2412,2413,2414,2415,2416,
gold,94,
red,95,687,688,689,690,691,786,787,788,789,790,791,792,793,794,795,796,797,798,799,800,801,802,803,804,805,806,807,808,809,810,811,812,813,814,815,816,817,818,819,820,821,822,823,824,1276,1277,1278,1279,1280,1281,1407,1408,1409,1410,1411,1412,1413,1414,1415,1416,1417,1418,1419,1420,1421,1422,1423,1424,1425,1426,1427,1428,1429,1430,1431,1432,1433,1434,1435,1436,1437,1438,1439,1440,1441,1442,1443,1444,1445,1446,1447,1448,1449,1450,1451,1452,1453,1454,1455,1456,1457,1458,1459,1460,1461,1462,1463,1464,1465,2345,2346,2347,2348,2349,2350,
gold,95,
red,96,702,703,704,705,706,903,904,905,906,907,908,909,910,911,912,913,914,915,916,917,918,919,920,921,922,923,924,925,926,927,928,929,930,931,932,933,934,935,936,937,938,939,940,941,1294,1295,1296,1297,1298,1299,1584,1585,1586,1587,1588,1589,1590,1591,1592,1593,1594,1595,1596,1597,1598,1599,1600,1601,1602,1603,1604,1605,1606,1607,1608,1609,1610,1611,1612,1613,1614,1615,1616,1617,1618,1619,1620,1621,1622,1623,1624,1625,1626,1627,1628,1629,1630,1631,1632,1633,1634,1635,1636,1637,1638,1639,1640,1641,1642,2363,2364,2365,2366,2367,2368,
gold,96,
red,97,717,718,719,720,721,1028,1029,1030,1031,1032,1033,1034,1035,1036,1037,1038,1039,1040,1041,1042,1043,1044,1045,1046,1047,1048,1049,1050,1051,1052,1053,1054,1055,1056,1057,1058,1059,1060,1061,1062,1063,1064,1065,1066,1312,1313,1314,1315,1316,1317,1749,1750,1751,1752,1753,1754,1755,1756,1757,1758,1759,1760,1761,1762,1763,1764,1765,1766,1767,1768,1769,1770,1771,1772,1773,1774,1775,1776,1777,1778,1779,1780,1781,1782,1783,1784,1785,1786,1787,1788,1789,1790,1791,1792,1793,1794,1795,1796,1797,1798,1799,1800,1801,1802,1803,1804,1805,1806,1807,2381,2382,2383,2384,2385,2386,
gold,97,
gold,98,747,751,755,759,763,767,771,775,778,782,1348,1352,1356,1360,1364,1368,1372,1376,1379,1383,1387,1391,1395,1399,1403,
gold,98,748,752,756,760,764,768,772,776,779,783,1349,1353,1357,1361,1365,1369,1373,1377,1380,1384,1388,1392,1396,1400,1404,
gold,98,682,683,684,685,686,749,753,757,761,765,769,773,780,784,1270,1271,1272,1273,1274,1275,1350,1354,1358,1362,1366,1370,1374,1381,1385,1389,1393,1397,1401,1405,2339,2340,2341,2342,2343,2344,
red,98,750,754,758,762,766,770,774,777,781,785,1351,1355,1359,1363,1367,1371,1375,1378,1382,1386,1390,1394,1398,1402,1406,
gold,98,458,459,460,464,465,466,467,472,474,475,476,477,478,479,2115,2116,2117,2121,2122,2123,2124,2129,2131,2132,2133,2134,2135,2136,
gold,99,1926,1927,1928,1929,1930,1931,1932,1933,1934,1935,1936,1937,1938,1939,1940,1941,1942,1943,1944,1945,
red,99,1145,1146,1147,1148,1149,1150,1151,1152,1153,1154,1155,1156,1157,1158,1159,1160,1161,1162,1163,1164,1330,1332,1334,1946,1947,1948,1949,1950,1951,1952,1953,1954,1955,1956,1957,1958,1959,1960,1961,1962,1963,1964,2399,2401,2403,
gold,99,1165,1166,1167,1168,1169,1170,1171,1172,1173,1174,1175,1176,1177,1178,1179,1180,1181,1182,1183,1331,1333,1335,1965,1966,1967,1968,1969,1970,1971,1972,1973,1974,1975,1976,1977,1978,1979,1980,1981,1982,1983,1984,2400,2402,2404,
gold,99,
gold,100,864,868,872,876,880,884,888,892,895,899,1525,1529,1533,1537,1541,1545,1549,1553,1556,1560,1564,1568,1572,1576,1580,
gold,100,865,869,873,877,881,885,889,893,896,900,1526,1530,1534,1538,1542,1546,1550,1554,1557,1561,1565,1569,1573,1577,1581,
gold,100,697,698,699,700,701,866,870,874,878,882,886,890,897,901,1288,1289,1290,1291,1292,1293,1527,1531,1535,1539,1543,1547,1551,1558,1562,1566,1570,1574,1578,1582,2357,2358,2359,2360,2361,2362,
red,100,867,871,875,879,883,887,891,894,898,902,1528,1532,1536,1540,1544,1548,1552,1555,1559,1563,1567,1571,1575,1579,1583,
gold,100,486,487,488,489,502,503,504,505,506,522,523,530,531,532,533,534,535,536,558,2143,2144,2145,2146,2159,2160,2161,2162,2163,2179,2180,2187,2188,2189,2190,2191,2192,2193,2215,
gold,101,1231,1235,1239,1243,1247,1251,1255,1259,1262,1266,2056,2060,2064,2068,2072,2076,2080,2084,2087,2091,2095,2099,2103,2107,2111,
red,101,1232,1236,1240,1244,1248,1252,1256,1260,1263,1267,2057,2061,2065,2069,2073,2077,2081,2085,2088,2092,2096,2100,2104,2108,2112,
gold,101,742,743,744,745,746,1233,1237,1241,1245,1249,1253,1257,1264,1268,1342,1343,1344,1345,1346,1347,2058,2062,2066,2070,2074,2078,2082,2089,2093,2097,2101,2105,2109,2113,2411,2412,2413,2414,2415,2416,
gold,101,1234,1238,1242,1246,1250,1254,1258,1261,1265,1269,2059,2063,2067,2071,2075,2079,2083,2086,2090,2094,2098,2102,2106,2110,2114,
gold,101,498,499,500,501,517,518,519,520,521,528,529,551,552,553,554,555,556,557,561,2155,2156,2157,2158,2174,2175,2176,2177,2178,2185,2186,2208,2209,2210,2211,2212,2213,2214,2218,
gold,102,1466,1467,1468,1469,1470,1471,1472,1473,1474,1475,1476,1477,1478,1479,1480,1481,1482,1483,1484,1485,
red,102,825,826,827,828,829,830,831,832,833,834,835,836,837,838,839,840,841,842,843,844,1282,1284,1286,1486,1487,1488,1489,1490,1491,1492,1493,1494,1495,1496,1497,1498,1499,1500,1501,1502,1503,1504,2351,2353,2355,
gold,102,845,846,847,848,849,850,851,852,853,854,855,856,857,858,859,860,861,862,863,1283,1285,1287,1505,1506,1507,1508,1509,1510,1511,1512,1513,1514,1515,1516,1517,1518,1519,1520,1521,1522,1523,1524,2352,2354,2356,
gold,102,
red,103,833,834,835,836,853,854,855,1474,1475,1476,1477,1494,1495,1496,1513,1514,1515,1516,
gold,103,
gold,104,1067,1071,1075,1079,1083,1087,1091,1095,1098,1102,1808,1812,1816,1820,1824,1828,1832,1836,1839,1843,1847,1851,1855,1859,1863,
red,104,1068,1072,1076,1080,1084,1088,1092,1096,1099,1103,1809,1813,1817,1821,1825,1829,1833,1837,1840,1844,1848,1852,1856,1860,1864,
gold,104,722,723,724,725,726,1069,1073,1077,1081,1085,1089,1093,1100,1104,1318,1319,1320,1321,1322,1323,1810,1814,1818,1822,1826,1830,1834,1841,1845,1849,1853,1857,1861,1865,2387,2388,2389,2390,2391,2392,
gold,104,1070,1074,1078,1082,1086,1090,1094,1097,1101,1105,1811,1815,1819,1823,1827,1831,1835,1838,1842,1846,1850,1854,1858,1862,1866,
gold,104,490,491,492,493,507,508,509,510,511,524,525,537,538,539,540,541,542,543,559,2147,2148,2149,2150,2164,2165,2166,2167,2168,2181,2182,2194,2195,2196,2197,2198,2199,2200,2216,
gold,105,1808,1809,1810,1811,1812,1813,1814,1815,1816,1817,1818,1819,1820,1821,1822,1823,1824,1825,1826,1827,
gold,105,1067,1068,1069,1070,1071,1072,1073,1074,1075,1076,1077,1078,1079,1080,1081,1082,1083,1084,1085,1086,1318,1320,1322,1828,1829,1830,1831,1832,1833,1834,1835,1836,1837,1838,1839,1840,1841,1842,1843,1844,1845,1846,2387,2389,2391,
red,105,1087,1088,1089,1090,1091,1092,1093,1094,1095,1096,1097,1098,1099,1100,1101,1102,1103,1104,1105,1319,1321,1323,1847,1848,1849,1850,1851,1852,1853,1854,1855,1856,1857,1858,1859,1860,1861,1862,1863,1864,1865,1866,2388,2390,2392,
gold,105,
gold,106,1106,1110,1114,1118,1122,1126,1130,1134,1137,1141,1867,1871,1875,1879,1883,1887,1891,1895,1898,1902,1906,1910,1914,1918,1922,
red,106,1107,1111,1115,1119,1123,1127,1131,1135,1138,1142,1868,1872,1876,1880,1884,1888,1892,1896,1899,1903,1907,1911,1915,1919,1923,
gold,106,727,728,729,730,731,1108,1112,1116,1120,1124,1128,1132,1139,1143,1324,1325,1326,1327,1328,1329,1869,1873,1877,1881,1885,1889,1893,1900,1904,1908,1912,1916,1920,1924,2393,2394,2395,2396,2397,2398,
gold,106,1109,1113,1117,1121,1125,1129,1133,1136,1140,1144,1870,1874,1878,1882,1886,1890,1894,1897,1901,1905,1909,1913,1917,1921,1925,
gold,106,494,495,496,497,512,513,514,515,516,526,527,544,545,546,547,548,549,550,560,2151,2152,2153,2154,2169,2170,2171,2172,2173,2183,2184,2201,2202,2203,2204,2205,2206,2207,2217,
gold,107,1867,1868,1869,1870,1871,1872,1873,1874,1875,1876,1877,1878,1879,1880,1881,1882,1883,1884,1885,1886,
gold,107,1106,1107,1108,1109,1110,1111,1112,1113,1114,1115,1116,1117,1118,1119,1120,1121,1122,1123,1124,1125,1324,1326,1328,1887,1888,1889,1890,1891,1892,1893,1894,1895,1896,1897,1898,1899,1900,1901,1902,1903,1904,1905,2393,2395,2397,
red,107,1126,1127,1128,1129,1130,1131,1132,1133,1134,1135,1136,1137,1138,1139,1140,1141,1142,1143,1144,1325,1327,1329,1906,1907,1908,1909,1910,1911,1912,1913,1914,1915,1916,1917,1918,1919,1920,1921,1922,1923,1924,1925,2394,2396,2398,
gold,107,
gold,108,786,790,794,798,802,806,810,814,817,821,1407,1411,1415,1419,1423,1427,1431,1435,1438,1442,1446,1450,1454,1458,1462,
red,108,787,791,795,799,803,807,811,815,818,822,1408,1412,1416,1420,1424,1428,1432,1436,1439,1443,1447,1451,1455,1459,1463,
gold,108,687,688,689,690,691,788,792,796,800,804,808,812,819,823,1276,1277,1278,1279,1280,1281,1409,1413,1417,1421,1425,1429,1433,1440,1444,1448,1452,1456,1460,1464,2345,2346,2347,2348,2349,2350,
gold,108,789,793,797,801,805,809,813,816,820,824,1410,1414,1418,1422,1426,1430,1434,1437,1441,1445,1449,1453,1457,1461,1465,
gold,108,562,563,564,565,566,587,588,589,590,591,592,617,618,619,632,633,634,635,636,637,638,639,672,673,2219,2220,2221,2222,2223,2244,2245,2246,2247,2248,2249,2274,2275,2276,2289,2290,2291,2292,2293,2294,2295,2296,2329,2330,
gold,109,1407,1408,1409,1410,1411,1412,1413,1414,1415,1416,1417,1418,1419,1420,1421,1422,1423,1424,1425,1426,
gold,109,786,787,788,789,790,791,792,793,794,795,796,797,798,799,800,801,802,803,804,805,1276,1278,1280,1427,1428,1429,1430,1431,1432,1433,1434,1435,1436,1437,1438,1439,1440,1441,1442,1443,1444,1445,2345,2347,2349,
red,109,806,807,808,809,810,811,812,813,814,815,816,817,818,819,820,821,822,823,824,1277,1279,1281,1446,1447,1448,1449,1450,1451,1452,1453,1454,1455,1456,1457,1458,1459,1460,1461,1462,1463,1464,1465,2346,2348,2350,
gold,109,
gold,110,903,907,911,915,919,923,927,931,934,938,1584,1588,1592,1596,1600,1604,1608,1612,1615,1619,1623,1627,1631,1635,1639,
red,110,904,908,912,916,920,924,928,932,935,939,1585,1589,1593,1597,1601,1605,1609,1613,1616,1620,1624,1628,1632,1636,1640,
gold,110,702,703,704,705,706,905,909,913,917,921,925,929,936,940,1294,1295,1296,1297,1298,1299,1586,1590,1594,1598,1602,1606,1610,1617,1621,1625,1629,1633,1637,1641,2363,2364,2365,2366,2367,2368,
gold,110,906,910,914,918,922,926,930,933,937,941,1587,1591,1595,1599,1603,1607,1611,1614,1618,1622,1626,1630,1634,1638,1642,
gold,110,572,573,574,575,576,599,600,601,602,603,604,623,624,625,648,649,650,651,652,653,654,655,676,677,2229,2230,2231,2232,2233,2256,2257,2258,2259,2260,2261,2280,2281,2282,2305,2306,2307,2308,2309,2310,2311,2312,2333,2334,
gold,111,1584,1585,1586,1587,1588,1589,1590,1591,1592,1593,1594,1595,1596,1597,1598,1599,1600,1601,1602,1603,
red,111,903,904,905,906,907,908,909,910,911,912,913,914,915,916,917,918,919,920,921,922,1294,1296,1298,1604,1605,1606,1607,1608,1609,1610,1611,1612,1613,1614,1615,1616,1617,1618,1619,1620,1621,1622,2363,2365,2367,
gold,111,923,924,925,926,927,928,929,930,931,932,933,934,935,936,937,938,939,940,941,1295,1297,1299,1623,1624,1625,1626,1627,1628,1629,1630,1631,1632,1633,1634,1635,1636,1637,1638,1639,1640,1641,1642,2364,2366,2368,
gold,111,
gold,112,1028,1032,1036,1040,1044,1048,1052,1056,1059,1063,1749,1753,1757,1761,1765,1769,1773,1777,1780,1784,1788,1792,1796,1800,1804,
red,112,1029,1033,1037,1041,1045,1049,1053,1057,1060,1064,1750,1754,1758,1762,1766,1770,1774,1778,1781,1785,1789,1793,1797,1801,1805,
gold,112,717,718,719,720,721,1030,1034,1038,1042,1046,1050,1054,1061,1065,1312,1313,1314,1315,1316,1317,1751,1755,1759,1763,1767,1771,1775,1782,1786,1790,1794,1798,1802,1806,2381,2382,2383,2384,2385,2386,
gold,112,1031,1035,1039,1043,1047,1051,1055,1058,1062,1066,1752,1756,1760,1764,1768,1772,1776,1779,1783,1787,1791,1795,1799,1803,1807,
gold,112,577,578,579,580,581,605,606,607,608,609,610,626,627,628,656,657,658,659,660,661,662,663,678,679,2234,2235,2236,2237,2238,2262,2263,2264,2265,2266,2267,2283,2284,2285,2313,2314,2315,2316,2317,2318,2319,2320,2335,2336,
gold,113,1749,1750,1751,1752,1753,1754,1755,1756,1757,1758,1759,1760,1761,1762,1763,1764,1765,1766,1767,1768,
gold,113,1028,1029,1030,1031,1032,1033,1034,1035,1036,1037,1038,1039,1040,1041,1042,1043,1044,1045,1046,1047,1312,1314,1316,1769,1770,1771,1772,1773,1774,1775,1776,1777,1778,1779,1780,1781,1782,1783,1784,1785,1786,1787,2381,2383,2385,
red,113,1048,1049,1050,1051,1052,1053,1054,1055,1056,1057,1058,1059,1060,1061,1062,1063,1064,1065,1066,1313,1315,1317,1788,1789,1790,1791,1792,1793,1794,1795,1796,1797,1798,1799,1800,1801,1802,1803,1804,1805,1806,1807,2382,2384,2386,
gold,113,
red,114,1036,1037,1038,1039,1056,1057,1058,1757,1758,1759,1760,1777,1778,1779,1796,1797,1798,1799,
gold,114,
gold,115,
red,115,
gold,115,
gold,115,
red,116,
gold,116,
gold,116,
gold,116,
gold,117,
red,117,
gold,117,
gold,117,
gold,118,
gold,118,
red,118,
gold,118,
gold,119,
gold,119,
red,119,
gold,119,
gold,120,
gold,120,
red,120,
gold,120,
lightskyblue,342,253,310,275,364,
lightskyblue,342,254,310,275,364,
lightskyblue,342,255,310,275,364,
lightskyblue,340,253,288,279,285,434,
lightskyblue,340,254,288,279,285,434,
lightskyblue,340,255,288,279,285,434,
lightskyblue,342,259,310,276,364,
lightskyblue,342,260,310,276,364,
lightskyblue,342,261,310,276,364,
lightskyblue,342,262,310,276,364,
lightskyblue,340,259,288,280,285,435,
lightskyblue,340,260,288,280,285,435,
lightskyblue,340,261,288,280,285,435,
lightskyblue,340,262,288,280,285,435,
lightskyblue,342,177,310,275,364,
lightskyblue,340,177,288,279,285,435,
lightskyblue,342,266,310,275,364,
lightskyblue,342,267,310,275,364,
lightskyblue,342,268,310,275,364,
lightskyblue,342,269,310,275,364,
lightskyblue,342,270,310,275,364,
lightskyblue,342,271,310,275,364,
lightskyblue,340,266,288,279,285,436,
lightskyblue,340,267,288,279,285,436,
lightskyblue,340,268,288,279,285,436,
lightskyblue,340,269,288,279,285,436,
lightskyblue,340,270,288,279,285,436,
lightskyblue,340,271,288,279,285,436,
lightskyblue,348,253,312,290,373,
lightskyblue,348,254,312,290,373,
lightskyblue,348,255,312,290,373,
lightskyblue,348,256,312,290,373,
lightskyblue,350,253,316,392,389,
lightskyblue,350,254,316,392,389,
lightskyblue,350,255,316,392,389,
lightskyblue,350,256,316,392,389,
lightskyblue,352,253,318,401,398,450,
lightskyblue,352,254,318,401,398,450,
lightskyblue,352,255,318,401,398,450,
lightskyblue,352,256,318,401,398,450,
lightskyblue,354,253,314,294,378,446,
lightskyblue,354,254,314,294,378,446,
lightskyblue,354,255,314,294,378,446,
lightskyblue,354,256,314,294,378,446,
lightskyblue,348,259,312,291,373,
lightskyblue,348,260,312,291,373,
lightskyblue,348,261,312,291,373,
lightskyblue,348,262,312,291,373,
lightskyblue,348,263,312,291,373,
lightskyblue,350,259,316,393,389,
lightskyblue,350,260,316,393,389,
lightskyblue,350,261,316,393,389,
lightskyblue,350,262,316,393,389,
lightskyblue,350,263,316,393,389,
lightskyblue,352,259,318,402,398,451,
lightskyblue,352,260,318,402,398,451,
lightskyblue,352,261,318,402,398,451,
lightskyblue,352,262,318,402,398,451,
lightskyblue,352,263,318,402,398,451,
lightskyblue,354,259,314,295,378,447,
lightskyblue,354,260,314,295,378,447,
lightskyblue,354,261,314,295,378,447,
lightskyblue,354,262,314,295,378,447,
lightskyblue,354,263,314,295,378,447,
lightskyblue,348,177,312,290,373,
lightskyblue,348,178,312,290,373,
lightskyblue,350,177,316,392,389,
lightskyblue,350,178,316,392,389,
lightskyblue,352,177,318,401,398,451,
lightskyblue,352,178,318,401,398,451,
lightskyblue,354,177,314,294,378,447,
lightskyblue,354,178,314,294,378,447,
lightskyblue,348,266,312,290,373,
lightskyblue,348,267,312,290,373,
lightskyblue,348,268,312,290,373,
lightskyblue,348,269,312,290,373,
lightskyblue,348,270,312,290,373,
lightskyblue,348,271,312,290,373,
lightskyblue,348,272,312,290,373,
lightskyblue,350,266,316,392,389,
lightskyblue,350,267,316,392,389,
lightskyblue,350,268,316,392,389,
lightskyblue,350,269,316,392,389,
lightskyblue,350,270,316,392,389,
lightskyblue,350,271,316,392,389,
lightskyblue,350,272,316,392,389,
lightskyblue,352,266,318,401,398,452,
lightskyblue,352,267,318,401,398,452,
lightskyblue,352,268,318,401,398,452,
lightskyblue,352,269,318,401,398,452,
lightskyblue,352,270,318,401,398,452,
lightskyblue,352,271,318,401,398,452,
lightskyblue,352,272,318,401,398,452,
lightskyblue,354,266,314,294,378,448,
lightskyblue,354,267,314,294,378,448,
lightskyblue,354,268,314,294,378,448,
lightskyblue,354,269,314,294,378,448,
lightskyblue,354,270,314,294,378,448,
lightskyblue,354,271,314,294,378,448,
lightskyblue,354,272,314,294,378,448,
lightskyblue,348,174,312,290,373,
lightskyblue,350,174,316,392,389,
lightskyblue,352,174,318,401,398,452,
lightskyblue,354,174,314,294,378,448,
lightskyblue,356,253,320,410,407,442,
lightskyblue,356,254,320,410,407,442,
lightskyblue,356,255,320,410,407,442,
lightskyblue,356,256,320,410,407,442,
lightskyblue,356,257,320,410,407,442,
lightskyblue,344,253,385,381,300,
lightskyblue,344,254,385,381,300,
lightskyblue,344,255,385,381,300,
lightskyblue,344,256,385,381,300,
lightskyblue,344,257,385,381,300,
lightskyblue,358,253,322,419,416,438,
lightskyblue,358,254,322,419,416,438,
lightskyblue,358,255,322,419,416,438,
lightskyblue,358,256,322,419,416,438,
lightskyblue,358,257,322,419,416,438,
lightskyblue,360,253,432,428,425,454,
lightskyblue,360,254,432,428,425,454,
lightskyblue,360,255,432,428,425,454,
lightskyblue,360,256,432,428,425,454,
lightskyblue,360,257,432,428,425,454,
lightskyblue,346,253,308,367,305,
lightskyblue,346,254,308,367,305,
lightskyblue,346,255,308,367,305,
lightskyblue,346,256,308,367,305,
lightskyblue,346,257,308,367,305,
lightskyblue,356,259,320,411,407,443,
lightskyblue,356,260,320,411,407,443,
lightskyblue,356,261,320,411,407,443,
lightskyblue,356,262,320,411,407,443,
lightskyblue,356,263,320,411,407,443,
lightskyblue,356,264,320,411,407,443,
lightskyblue,344,259,385,382,300,
lightskyblue,344,260,385,382,300,
lightskyblue,344,261,385,382,300,
lightskyblue,344,262,385,382,300,
lightskyblue,344,263,385,382,300,
lightskyblue,344,264,385,382,300,
lightskyblue,358,259,322,420,416,439,
lightskyblue,358,260,322,420,416,439,
lightskyblue,358,261,322,420,416,439,
lightskyblue,358,262,322,420,416,439,
lightskyblue,358,263,322,420,416,439,
lightskyblue,358,264,322,420,416,439,
lightskyblue,360,259,432,429,425,455,
lightskyblue,360,260,432,429,425,455,
lightskyblue,360,261,432,429,425,455,
lightskyblue,360,262,432,429,425,455,
lightskyblue,360,263,432,429,425,455,
lightskyblue,360,264,432,429,425,455,
lightskyblue,346,259,308,368,305,
lightskyblue,346,260,308,368,305,
lightskyblue,346,261,308,368,305,
lightskyblue,346,262,308,368,305,
lightskyblue,346,263,308,368,305,
lightskyblue,346,264,308,368,305,
lightskyblue,356,177,320,410,407,443,
lightskyblue,356,178,320,410,407,443,
lightskyblue,356,179,320,410,407,443,
lightskyblue,344,177,385,381,300,
lightskyblue,344,178,385,381,300,
lightskyblue,344,179,385,381,300,
lightskyblue,358,177,322,419,416,439,
lightskyblue,358,178,322,419,416,439,
lightskyblue,358,179,322,419,416,439,
lightskyblue,360,177,432,428,425,455,
lightskyblue,360,178,432,428,425,455,
lightskyblue,360,179,432,428,425,455,
lightskyblue,346,177,308,367,305,
lightskyblue,346,178,308,367,305,
lightskyblue,346,179,308,367,305,
lightskyblue,356,266,320,410,407,444,
lightskyblue,356,267,320,410,407,444,
lightskyblue,356,268,320,410,407,444,
lightskyblue,356,269,320,410,407,444,
lightskyblue,356,270,320,410,407,444,
lightskyblue,356,271,320,410,407,444,
lightskyblue,356,272,320,410,407,444,
lightskyblue,356,273,320,410,407,444,
lightskyblue,344,266,385,381,300,
lightskyblue,344,267,385,381,300,
lightskyblue,344,268,385,381,300,
lightskyblue,344,269,385,381,300,
lightskyblue,344,270,385,381,300,
lightskyblue,344,271,385,381,300,
lightskyblue,344,272,385,381,300,
lightskyblue,344,273,385,381,300,
lightskyblue,358,266,322,419,416,440,
lightskyblue,358,267,322,419,416,440,
lightskyblue,358,268,322,419,416,440,
lightskyblue,358,269,322,419,416,440,
lightskyblue,358,270,322,419,416,440,
lightskyblue,358,271,322,419,416,440,
lightskyblue,358,272,322,419,416,440,
lightskyblue,358,273,322,419,416,440,
lightskyblue,360,266,432,428,425,456,
lightskyblue,360,267,432,428,425,456,
lightskyblue,360,268,432,428,425,456,
lightskyblue,360,269,432,428,425,456,
lightskyblue,360,270,432,428,425,456,
lightskyblue,360,271,432,428,425,456,
lightskyblue,360,272,432,428,425,456,
lightskyblue,360,273,432,428,425,456,
lightskyblue,346,266,308,367,305,
lightskyblue,346,267,308,367,305,
lightskyblue,346,268,308,367,305,
lightskyblue,346,269,308,367,305,
lightskyblue,346,270,308,367,305,
lightskyblue,346,271,308,367,305,
lightskyblue,346,272,308,367,305,
lightskyblue,346,273,308,367,305,
lightskyblue,356,174,320,410,407,444,
lightskyblue,356,175,320,410,407,444,
lightskyblue,344,174,385,381,300,
lightskyblue,344,175,385,381,300,
lightskyblue,358,174,322,419,416,440,
lightskyblue,358,175,322,419,416,440,
lightskyblue,360,174,432,428,425,456,
lightskyblue,360,175,432,428,425,456,
lightskyblue,346,174,308,367,305,
lightskyblue,346,175,308,367,305,
lightskyblue,221,311,363,
lightskyblue,181,311,363,
lightskyblue,310,363,
lightskyblue,311,219,363,
lightskyblue,311,330,363,
lightskyblue,223,321,406,
lightskyblue,183,321,406,
lightskyblue,320,406,
lightskyblue,321,334,406,
lightskyblue,321,251,406,
lightskyblue,225,386,299,
lightskyblue,185,386,299,
lightskyblue,385,299,
lightskyblue,386,217,299,
lightskyblue,386,249,299,
lightskyblue,332,313,372,
lightskyblue,187,313,372,
lightskyblue,312,372,
lightskyblue,313,215,372,
lightskyblue,313,247,372,
lightskyblue,336,323,415,
lightskyblue,189,323,415,
lightskyblue,322,415,
lightskyblue,323,209,415,
lightskyblue,323,243,415,
lightskyblue,150,149,155,
lightskyblue,142,149,155,
lightskyblue,148,155,
lightskyblue,149,144,155,
lightskyblue,149,146,155,
lightskyblue,245,289,284,
lightskyblue,211,289,284,
lightskyblue,288,284,
lightskyblue,289,213,284,
lightskyblue,289,324,284,
lightskyblue,227,433,424,
lightskyblue,191,433,424,
lightskyblue,432,424,
lightskyblue,433,193,424,
lightskyblue,433,229,424,
lightskyblue,231,317,388,
lightskyblue,195,317,388,
lightskyblue,316,388,
lightskyblue,317,197,388,
lightskyblue,317,233,388,
lightskyblue,235,319,397,
lightskyblue,199,319,397,
lightskyblue,318,397,
lightskyblue,319,201,397,
lightskyblue,319,338,397,
lightskyblue,237,309,304,
lightskyblue,203,309,304,
lightskyblue,308,304,
lightskyblue,309,205,304,
lightskyblue,309,328,304,
lightskyblue,127,132,137,
lightskyblue,123,132,137,
lightskyblue,131,137,
lightskyblue,132,125,137,
lightskyblue,132,129,137,
lightskyblue,239,315,377,
lightskyblue,326,315,377,
lightskyblue,314,377,
lightskyblue,315,207,377,
lightskyblue,315,241,377,
lightskyblue,222,310,277,364,
lightskyblue,222,310,277,364,
lightskyblue,222,310,277,
lightskyblue,222,310,277,362,
lightskyblue,182,310,277,364,
lightskyblue,182,310,277,364,
lightskyblue,182,310,277,
lightskyblue,182,310,277,362,
lightskyblue,277,364,
lightskyblue,277,364,
lightskyblue,277,
lightskyblue,277,362,
lightskyblue,310,220,277,364,
lightskyblue,310,220,277,364,
lightskyblue,310,220,277,
lightskyblue,310,220,277,362,
lightskyblue,310,331,277,364,
lightskyblue,310,331,277,364,
lightskyblue,310,331,277,
lightskyblue,310,331,277,362,
lightskyblue,222,310,364,
lightskyblue,222,310,364,
lightskyblue,222,310,
lightskyblue,222,310,362,
lightskyblue,182,310,364,
lightskyblue,182,310,364,
lightskyblue,182,310,
lightskyblue,182,310,362,
lightskyblue,364,
lightskyblue,364,
lightskyblue,362,
lightskyblue,310,220,364,
lightskyblue,310,220,364,
lightskyblue,310,220,
lightskyblue,310,220,362,
lightskyblue,310,331,364,
lightskyblue,310,331,364,
lightskyblue,310,331,
lightskyblue,310,331,362,
lightskyblue,224,320,412,407,
lightskyblue,224,320,412,407,
lightskyblue,224,320,412,
lightskyblue,224,320,412,405,
lightskyblue,184,320,412,407,
lightskyblue,184,320,412,407,
lightskyblue,184,320,412,
lightskyblue,184,320,412,405,
lightskyblue,412,407,
lightskyblue,412,407,
lightskyblue,412,
lightskyblue,412,405,
lightskyblue,320,335,412,407,
lightskyblue,320,335,412,407,
lightskyblue,320,335,412,
lightskyblue,320,335,412,405,
lightskyblue,320,252,412,407,
lightskyblue,320,252,412,407,
lightskyblue,320,252,412,
lightskyblue,320,252,412,405,
lightskyblue,224,320,407,
lightskyblue,224,320,407,
lightskyblue,224,320,
lightskyblue,224,320,405,
lightskyblue,184,320,407,
lightskyblue,184,320,407,
lightskyblue,184,320,
lightskyblue,184,320,405,
lightskyblue,407,
lightskyblue,407,
lightskyblue,405,
lightskyblue,320,335,407,
lightskyblue,320,335,407,
lightskyblue,320,335,
lightskyblue,320,335,405,
lightskyblue,320,252,407,
lightskyblue,320,252,407,
lightskyblue,320,252,
lightskyblue,320,252,405,
lightskyblue,226,385,383,300,
lightskyblue,226,385,383,300,
lightskyblue,226,385,383,
lightskyblue,226,385,383,298,
lightskyblue,186,385,383,300,
lightskyblue,186,385,383,300,
lightskyblue,186,385,383,
lightskyblue,186,385,383,298,
lightskyblue,383,300,
lightskyblue,383,300,
lightskyblue,383,
lightskyblue,383,298,
lightskyblue,385,218,383,300,
lightskyblue,385,218,383,300,
lightskyblue,385,218,383,
lightskyblue,385,218,383,298,
lightskyblue,385,250,383,300,
lightskyblue,385,250,383,300,
lightskyblue,385,250,383,
lightskyblue,385,250,383,298,
lightskyblue,226,385,300,
lightskyblue,226,385,300,
lightskyblue,226,385,
lightskyblue,226,385,298,
lightskyblue,186,385,300,
lightskyblue,186,385,300,
lightskyblue,186,385,
lightskyblue,186,385,298,
lightskyblue,300,
lightskyblue,300,
lightskyblue,298,
lightskyblue,385,218,300,
lightskyblue,385,218,300,
lightskyblue,385,218,
lightskyblue,385,218,298,
lightskyblue,385,250,300,
lightskyblue,385,250,300,
lightskyblue,385,250,
lightskyblue,385,250,298,
lightskyblue,333,312,292,373,
lightskyblue,333,312,292,373,
lightskyblue,333,312,292,
lightskyblue,333,312,292,371,
lightskyblue,188,312,292,373,
lightskyblue,188,312,292,373,
lightskyblue,188,312,292,
lightskyblue,188,312,292,371,
lightskyblue,292,373,
lightskyblue,292,373,
lightskyblue,292,
lightskyblue,292,371,
lightskyblue,312,216,292,373,
lightskyblue,312,216,292,373,
lightskyblue,312,216,292,
lightskyblue,312,216,292,371,
lightskyblue,312,248,292,373,
lightskyblue,312,248,292,373,
lightskyblue,312,248,292,
lightskyblue,312,248,292,371,
lightskyblue,333,312,373,
lightskyblue,333,312,373,
lightskyblue,333,312,
lightskyblue,333,312,371,
lightskyblue,188,312,373,
lightskyblue,188,312,373,
lightskyblue,188,312,
lightskyblue,188,312,371,
lightskyblue,373,
lightskyblue,373,
lightskyblue,371,
lightskyblue,312,216,373,
lightskyblue,312,216,373,
lightskyblue,312,216,
lightskyblue,312,216,371,
lightskyblue,312,248,373,
lightskyblue,312,248,373,
lightskyblue,312,248,
lightskyblue,312,248,371,
lightskyblue,337,322,421,416,
lightskyblue,337,322,421,416,
lightskyblue,337,322,421,
lightskyblue,337,322,421,414,
lightskyblue,190,322,421,416,
lightskyblue,190,322,421,416,
lightskyblue,190,322,421,
lightskyblue,190,322,421,414,
lightskyblue,421,416,
lightskyblue,421,416,
lightskyblue,421,
lightskyblue,421,414,
lightskyblue,322,210,421,416,
lightskyblue,322,210,421,416,
lightskyblue,322,210,421,
lightskyblue,322,210,421,414,
lightskyblue,322,244,421,416,
lightskyblue,322,244,421,416,
lightskyblue,322,244,421,
lightskyblue,322,244,421,414,
lightskyblue,337,322,416,
lightskyblue,337,322,416,
lightskyblue,337,322,
lightskyblue,337,322,414,
lightskyblue,190,322,416,
lightskyblue,190,322,416,
lightskyblue,190,322,
lightskyblue,190,322,414,
lightskyblue,416,
lightskyblue,416,
lightskyblue,414,
lightskyblue,322,210,416,
lightskyblue,322,210,416,
lightskyblue,322,210,
lightskyblue,322,210,414,
lightskyblue,322,244,416,
lightskyblue,322,244,416,
lightskyblue,322,244,
lightskyblue,322,244,414,
lightskyblue,151,148,153,156,
lightskyblue,151,148,153,156,
lightskyblue,151,148,153,
lightskyblue,151,148,153,154,
lightskyblue,143,148,153,156,
lightskyblue,143,148,153,156,
lightskyblue,143,148,153,
lightskyblue,143,148,153,154,
lightskyblue,141,148,153,156,
lightskyblue,141,148,153,156,
lightskyblue,141,148,153,
lightskyblue,141,148,153,154,
lightskyblue,153,156,
lightskyblue,153,156,
lightskyblue,153,
lightskyblue,153,154,
lightskyblue,148,145,153,156,
lightskyblue,148,145,153,156,
lightskyblue,148,145,153,
lightskyblue,148,145,153,154,
lightskyblue,148,147,153,156,
lightskyblue,148,147,153,156,
lightskyblue,148,147,153,
lightskyblue,148,147,153,154,
lightskyblue,151,148,156,
lightskyblue,151,148,156,
lightskyblue,151,148,
lightskyblue,151,148,154,
lightskyblue,143,148,156,
lightskyblue,143,148,156,
lightskyblue,143,148,
lightskyblue,143,148,154,
lightskyblue,141,148,156,
lightskyblue,141,148,156,
lightskyblue,141,148,
lightskyblue,141,148,154,
lightskyblue,156,
lightskyblue,156,
lightskyblue,154,
lightskyblue,148,145,156,
lightskyblue,148,145,156,
lightskyblue,148,145,
lightskyblue,148,145,154,
lightskyblue,148,147,156,
lightskyblue,148,147,156,
lightskyblue,148,147,
lightskyblue,148,147,154,
lightskyblue,246,288,281,285,
lightskyblue,246,288,281,285,
lightskyblue,246,288,281,
lightskyblue,246,288,281,283,
lightskyblue,212,288,281,285,
lightskyblue,212,288,281,285,
lightskyblue,212,288,281,
lightskyblue,212,288,281,283,
lightskyblue,281,285,
lightskyblue,281,285,
lightskyblue,281,
lightskyblue,281,283,
lightskyblue,288,214,281,285,
lightskyblue,288,214,281,285,
lightskyblue,288,214,281,
lightskyblue,288,214,281,283,
lightskyblue,288,325,281,285,
lightskyblue,288,325,281,285,
lightskyblue,288,325,281,
lightskyblue,288,325,281,283,
lightskyblue,246,288,285,
lightskyblue,246,288,285,
lightskyblue,246,288,
lightskyblue,246,288,283,
lightskyblue,212,288,285,
lightskyblue,212,288,285,
lightskyblue,212,288,
lightskyblue,212,288,283,
lightskyblue,285,
lightskyblue,285,
lightskyblue,283,
lightskyblue,288,214,285,
lightskyblue,288,214,285,
lightskyblue,288,214,
lightskyblue,288,214,283,
lightskyblue,288,325,285,
lightskyblue,288,325,285,
lightskyblue,288,325,
lightskyblue,288,325,283,
lightskyblue,228,432,430,425,
lightskyblue,228,432,430,425,
lightskyblue,228,432,430,
lightskyblue,228,432,430,423,
lightskyblue,192,432,430,425,
lightskyblue,192,432,430,425,
lightskyblue,192,432,430,
lightskyblue,192,432,430,423,
lightskyblue,430,425,
lightskyblue,430,425,
lightskyblue,430,
lightskyblue,430,423,
lightskyblue,432,194,430,425,
lightskyblue,432,194,430,425,
lightskyblue,432,194,430,
lightskyblue,432,194,430,423,
lightskyblue,432,230,430,425,
lightskyblue,432,230,430,425,
lightskyblue,432,230,430,
lightskyblue,432,230,430,423,
lightskyblue,228,432,425,
lightskyblue,228,432,425,
lightskyblue,228,432,
lightskyblue,228,432,423,
lightskyblue,192,432,425,
lightskyblue,192,432,425,
lightskyblue,192,432,
lightskyblue,192,432,423,
lightskyblue,425,
lightskyblue,425,
lightskyblue,423,
lightskyblue,432,194,425,
lightskyblue,432,194,425,
lightskyblue,432,194,
lightskyblue,432,194,423,
lightskyblue,432,230,425,
lightskyblue,432,230,425,
lightskyblue,432,230,
lightskyblue,432,230,423,
lightskyblue,232,316,394,389,
lightskyblue,232,316,394,389,
lightskyblue,232,316,394,
lightskyblue,232,316,394,387,
lightskyblue,196,316,394,389,
lightskyblue,196,316,394,389,
lightskyblue,196,316,394,
lightskyblue,196,316,394,387,
lightskyblue,394,389,
lightskyblue,394,389,
lightskyblue,394,
lightskyblue,394,387,
lightskyblue,316,198,394,389,
lightskyblue,316,198,394,389,
lightskyblue,316,198,394,
lightskyblue,316,198,394,387,
lightskyblue,316,234,394,389,
lightskyblue,316,234,394,389,
lightskyblue,316,234,394,
lightskyblue,316,234,394,387,
lightskyblue,232,316,389,
lightskyblue,232,316,389,
lightskyblue,232,316,
lightskyblue,232,316,387,
lightskyblue,196,316,389,
lightskyblue,196,316,389,
lightskyblue,196,316,
lightskyblue,196,316,387,
lightskyblue,389,
lightskyblue,389,
lightskyblue,387,
lightskyblue,316,198,389,
lightskyblue,316,198,389,
lightskyblue,316,198,
lightskyblue,316,198,387,
lightskyblue,316,234,389,
lightskyblue,316,234,389,
lightskyblue,316,234,
lightskyblue,316,234,387,
lightskyblue,236,318,403,398,
lightskyblue,236,318,403,398,
lightskyblue,236,318,403,
lightskyblue,236,318,403,396,
lightskyblue,200,318,403,398,
lightskyblue,200,318,403,398,
lightskyblue,200,318,403,
lightskyblue,200,318,403,396,
lightskyblue,403,398,
lightskyblue,403,398,
lightskyblue,403,
lightskyblue,403,396,
lightskyblue,318,202,403,398,
lightskyblue,318,202,403,398,
lightskyblue,318,202,403,
lightskyblue,318,202,403,396,
lightskyblue,318,339,403,398,
lightskyblue,318,339,403,398,
lightskyblue,318,339,403,
lightskyblue,318,339,403,396,
lightskyblue,236,318,398,
lightskyblue,236,318,398,
lightskyblue,236,318,
lightskyblue,236,318,396,
lightskyblue,200,318,398,
lightskyblue,200,318,398,
lightskyblue,200,318,
lightskyblue,200,318,396,
lightskyblue,398,
lightskyblue,398,
lightskyblue,396,
lightskyblue,318,202,398,
lightskyblue,318,202,398,
lightskyblue,318,202,
lightskyblue,318,202,396,
lightskyblue,318,339,398,
lightskyblue,318,339,398,
lightskyblue,318,339,
lightskyblue,318,339,396,
lightskyblue,238,308,369,305,
lightskyblue,238,308,369,305,
lightskyblue,238,308,369,
lightskyblue,238,308,369,303,
lightskyblue,204,308,369,305,
lightskyblue,204,308,369,305,
lightskyblue,204,308,369,
lightskyblue,204,308,369,303,
lightskyblue,369,305,
lightskyblue,369,305,
lightskyblue,369,
lightskyblue,369,303,
lightskyblue,308,206,369,305,
lightskyblue,308,206,369,305,
lightskyblue,308,206,369,
lightskyblue,308,206,369,303,
lightskyblue,308,329,369,305,
lightskyblue,308,329,369,305,
lightskyblue,308,329,369,
lightskyblue,308,329,369,303,
lightskyblue,238,308,305,
lightskyblue,238,308,305,
lightskyblue,238,308,
lightskyblue,238,308,303,
lightskyblue,204,308,305,
lightskyblue,204,308,305,
lightskyblue,204,308,
lightskyblue,204,308,303,
lightskyblue,305,
lightskyblue,305,
lightskyblue,303,
lightskyblue,308,206,305,
lightskyblue,308,206,305,
lightskyblue,308,206,
lightskyblue,308,206,303,
lightskyblue,308,329,305,
lightskyblue,308,329,305,
lightskyblue,308,329,
lightskyblue,308,329,303,
lightskyblue,128,131,135,138,
lightskyblue,128,131,135,138,
lightskyblue,128,131,135,
lightskyblue,128,131,135,136,
lightskyblue,124,131,135,138,
lightskyblue,124,131,135,138,
lightskyblue,124,131,135,
lightskyblue,124,131,135,136,
lightskyblue,122,131,135,138,
lightskyblue,122,131,135,138,
lightskyblue,122,131,135,
lightskyblue,122,131,135,136,
lightskyblue,135,138,
lightskyblue,135,138,
lightskyblue,135,
lightskyblue,135,136,
lightskyblue,131,126,135,138,
lightskyblue,131,126,135,138,
lightskyblue,131,126,135,
lightskyblue,131,126,135,136,
lightskyblue,131,130,135,138,
lightskyblue,131,130,135,138,
lightskyblue,131,130,135,
lightskyblue,131,130,135,136,
lightskyblue,128,131,138,
lightskyblue,128,131,138,
lightskyblue,128,131,
lightskyblue,128,131,136,
lightskyblue,124,131,138,
lightskyblue,124,131,138,
lightskyblue,124,131,
lightskyblue,124,131,136,
lightskyblue,122,131,138,
lightskyblue,122,131,138,
lightskyblue,122,131,
lightskyblue,122,131,136,
lightskyblue,138,
lightskyblue,138,
lightskyblue,136,
lightskyblue,131,126,138,
lightskyblue,131,126,138,
lightskyblue,131,126,
lightskyblue,131,126,136,
lightskyblue,131,130,138,
lightskyblue,131,130,138,
lightskyblue,131,130,
lightskyblue,131,130,136,
lightskyblue,240,314,296,378,
lightskyblue,240,314,296,378,
lightskyblue,240,314,296,
lightskyblue,240,314,296,376,
lightskyblue,327,314,296,378,
lightskyblue,327,314,296,378,
lightskyblue,327,314,296,
lightskyblue,327,314,296,376,
lightskyblue,296,378,
lightskyblue,296,378,
lightskyblue,296,
lightskyblue,296,376,
lightskyblue,314,208,296,378,
lightskyblue,314,208,296,378,
lightskyblue,314,208,296,
lightskyblue,314,208,296,376,
lightskyblue,314,242,296,378,
lightskyblue,314,242,296,378,
lightskyblue,314,242,296,
lightskyblue,314,242,296,376,
lightskyblue,240,314,378,
lightskyblue,240,314,378,
lightskyblue,240,314,
lightskyblue,240,314,376,
lightskyblue,327,314,378,
lightskyblue,327,314,378,
lightskyblue,327,314,
lightskyblue,327,314,376,
lightskyblue,378,
lightskyblue,378,
lightskyblue,376,
lightskyblue,314,208,378,
lightskyblue,314,208,378,
lightskyblue,314,208,
lightskyblue,314,208,376,
lightskyblue,314,242,378,
lightskyblue,314,242,378,
lightskyblue,314,242,
lightskyblue,314,242,376,
lightskyblue,221,311,365,
lightskyblue,221,311,365,
lightskyblue,310,365,
lightskyblue,310,365,
lightskyblue,311,330,365,
lightskyblue,311,330,365,
lightskyblue,223,321,408,
lightskyblue,223,321,408,
lightskyblue,320,408,
lightskyblue,320,408,
lightskyblue,321,251,408,
lightskyblue,321,251,408,
lightskyblue,225,386,301,
lightskyblue,225,386,301,
lightskyblue,385,301,
lightskyblue,385,301,
lightskyblue,386,249,301,
lightskyblue,386,249,301,
lightskyblue,332,313,374,
lightskyblue,332,313,374,
lightskyblue,312,374,
lightskyblue,312,374,
lightskyblue,313,247,374,
lightskyblue,313,247,374,
lightskyblue,336,323,417,
lightskyblue,336,323,417,
lightskyblue,322,417,
lightskyblue,322,417,
lightskyblue,323,243,417,
lightskyblue,323,243,417,
lightskyblue,150,149,157,
lightskyblue,150,149,157,
lightskyblue,148,157,
lightskyblue,148,157,
lightskyblue,149,146,157,
lightskyblue,149,146,157,
lightskyblue,245,289,286,
lightskyblue,245,289,286,
lightskyblue,288,286,
lightskyblue,288,286,
lightskyblue,289,324,286,
lightskyblue,289,324,286,
lightskyblue,227,433,426,
lightskyblue,227,433,426,
lightskyblue,432,426,
lightskyblue,432,426,
lightskyblue,433,229,426,
lightskyblue,433,229,426,
lightskyblue,231,317,390,
lightskyblue,231,317,390,
lightskyblue,316,390,
lightskyblue,316,390,
lightskyblue,317,233,390,
lightskyblue,317,233,390,
lightskyblue,235,319,399,
lightskyblue,235,319,399,
lightskyblue,318,399,
lightskyblue,318,399,
lightskyblue,319,338,399,
lightskyblue,319,338,399,
lightskyblue,237,309,306,
lightskyblue,237,309,306,
lightskyblue,308,306,
lightskyblue,308,306,
lightskyblue,309,328,306,
lightskyblue,309,328,306,
lightskyblue,127,132,139,
lightskyblue,127,132,139,
lightskyblue,131,139,
lightskyblue,131,139,
lightskyblue,132,129,139,
lightskyblue,132,129,139,
lightskyblue,239,315,379,
lightskyblue,239,315,379,
lightskyblue,314,379,
lightskyblue,314,379,
lightskyblue,315,241,379,
lightskyblue,315,241,379,
lightskyblue,222,310,276,364,
lightskyblue,222,310,276,364,
lightskyblue,222,310,276,
lightskyblue,222,310,276,364,
lightskyblue,182,310,276,364,
lightskyblue,182,310,276,364,
lightskyblue,182,310,276,
lightskyblue,182,310,276,364,
lightskyblue,276,364,
lightskyblue,276,364,
lightskyblue,276,
lightskyblue,276,364,
lightskyblue,310,220,276,364,
lightskyblue,310,220,276,364,
lightskyblue,310,220,276,
lightskyblue,310,220,276,364,
lightskyblue,310,331,276,364,
lightskyblue,310,331,276,364,
lightskyblue,310,331,276,
lightskyblue,310,331,276,364,
lightskyblue,222,310,364,
lightskyblue,222,310,364,
lightskyblue,222,310,
lightskyblue,222,310,364,
lightskyblue,182,310,364,
lightskyblue,182,310,364,
lightskyblue,182,310,
lightskyblue,182,310,364,
lightskyblue,364,
lightskyblue,364,
lightskyblue,364,
lightskyblue,310,220,364,
lightskyblue,310,220,364,
lightskyblue,310,220,
lightskyblue,310,220,364,
lightskyblue,310,331,364,
lightskyblue,310,331,364,
lightskyblue,310,331,
lightskyblue,310,331,364,
lightskyblue,222,310,276,364,
lightskyblue,222,310,276,364,
lightskyblue,222,310,276,
lightskyblue,222,310,276,364,
lightskyblue,182,310,276,364,
lightskyblue,182,310,276,364,
lightskyblue,182,310,276,
lightskyblue,182,310,276,364,
lightskyblue,276,364,
lightskyblue,276,364,
lightskyblue,276,
lightskyblue,276,364,
lightskyblue,310,220,276,364,
lightskyblue,310,220,276,364,
lightskyblue,310,220,276,
lightskyblue,310,220,276,364,
lightskyblue,310,331,276,364,
lightskyblue,310,331,276,364,
lightskyblue,310,331,276,
lightskyblue,310,331,276,364,
lightskyblue,224,320,411,407,
lightskyblue,224,320,411,407,
lightskyblue,224,320,411,
lightskyblue,224,320,411,407,
lightskyblue,184,320,411,407,
lightskyblue,184,320,411,407,
lightskyblue,184,320,411,
lightskyblue,184,320,411,407,
lightskyblue,411,407,
lightskyblue,411,407,
lightskyblue,411,
lightskyblue,411,407,
lightskyblue,320,335,411,407,
lightskyblue,320,335,411,407,
lightskyblue,320,335,411,
lightskyblue,320,335,411,407,
lightskyblue,320,252,411,407,
lightskyblue,320,252,411,407,
lightskyblue,320,252,411,
lightskyblue,320,252,411,407,
lightskyblue,224,320,407,
lightskyblue,224,320,407,
lightskyblue,224,320,
lightskyblue,224,320,407,
lightskyblue,184,320,407,
lightskyblue,184,320,407,
lightskyblue,184,320,
lightskyblue,184,320,407,
lightskyblue,407,
lightskyblue,407,
lightskyblue,407,
lightskyblue,320,335,407,
lightskyblue,320,335,407,
lightskyblue,320,335,
lightskyblue,320,335,407,
lightskyblue,320,252,407,
lightskyblue,320,252,407,
lightskyblue,320,252,
lightskyblue,320,252,407,
lightskyblue,224,320,411,407,
lightskyblue,224,320,411,407,
lightskyblue,224,320,411,
lightskyblue,224,320,411,407,
lightskyblue,184,320,411,407,
lightskyblue,184,320,411,407,
lightskyblue,184,320,411,
lightskyblue,184,320,411,407,
lightskyblue,411,407,
lightskyblue,411,407,
lightskyblue,411,
lightskyblue,411,407,
lightskyblue,320,335,411,407,
lightskyblue,320,335,411,407,
lightskyblue,320,335,411,
lightskyblue,320,335,411,407,
lightskyblue,320,252,411,407,
lightskyblue,320,252,411,407,
lightskyblue,320,252,411,
lightskyblue,320,252,411,407,
lightskyblue,226,385,382,300,
lightskyblue,226,385,382,300,
lightskyblue,226,385,382,
lightskyblue,226,385,382,300,
lightskyblue,186,385,382,300,
lightskyblue,186,385,382,300,
lightskyblue,186,385,382,
lightskyblue,186,385,382,300,
lightskyblue,382,300,
lightskyblue,382,300,
lightskyblue,382,
lightskyblue,382,300,
lightskyblue,385,218,382,300,
lightskyblue,385,218,382,300,
lightskyblue,385,218,382,
lightskyblue,385,218,382,300,
lightskyblue,385,250,382,300,
lightskyblue,385,250,382,300,
lightskyblue,385,250,382,
lightskyblue,385,250,382,300,
lightskyblue,226,385,300,
lightskyblue,226,385,300,
lightskyblue,226,385,
lightskyblue,226,385,300,
lightskyblue,186,385,300,
lightskyblue,186,385,300,
lightskyblue,186,385,
lightskyblue,186,385,300,
lightskyblue,300,
lightskyblue,300,
lightskyblue,300,
lightskyblue,385,218,300,
lightskyblue,385,218,300,
lightskyblue,385,218,
lightskyblue,385,218,300,
lightskyblue,385,250,300,
lightskyblue,385,250,300,
lightskyblue,385,250,
lightskyblue,385,250,300,
lightskyblue,226,385,382,300,
lightskyblue,226,385,382,300,
lightskyblue,226,385,382,
lightskyblue,226,385,382,300,
lightskyblue,186,385,382,300,
lightskyblue,186,385,382,300,
lightskyblue,186,385,382,
lightskyblue,186,385,382,300,
lightskyblue,382,300,
lightskyblue,382,300,
lightskyblue,382,
lightskyblue,382,300,
lightskyblue,385,218,382,300,
lightskyblue,385,218,382,300,
lightskyblue,385,218,382,
lightskyblue,385,218,382,300,
lightskyblue,385,250,382,300,
lightskyblue,385,250,382,300,
lightskyblue,385,250,382,
lightskyblue,385,250,382,300,
lightskyblue,333,312,291,373,
lightskyblue,333,312,291,373,
lightskyblue,333,312,291,
lightskyblue,333,312,291,373,
lightskyblue,188,312,291,373,
lightskyblue,188,312,291,373,
lightskyblue,188,312,291,
lightskyblue,188,312,291,373,
lightskyblue,291,373,
lightskyblue,291,373,
lightskyblue,291,
lightskyblue,291,373,
lightskyblue,312,216,291,373,
lightskyblue,312,216,291,373,
lightskyblue,312,216,291,
lightskyblue,312,216,291,373,
lightskyblue,312,248,291,373,
lightskyblue,312,248,291,373,
lightskyblue,312,248,291,
lightskyblue,312,248,291,373,
lightskyblue,333,312,373,
lightskyblue,333,312,373,
lightskyblue,333,312,
lightskyblue,333,312,373,
lightskyblue,188,312,373,
lightskyblue,188,312,373,
lightskyblue,188,312,
lightskyblue,188,312,373,
lightskyblue,373,
lightskyblue,373,
lightskyblue,373,
lightskyblue,312,216,373,
lightskyblue,312,216,373,
lightskyblue,312,216,
lightskyblue,312,216,373,
lightskyblue,312,248,373,
lightskyblue,312,248,373,
lightskyblue,312,248,
lightskyblue,312,248,373,
lightskyblue,333,312,291,373,
lightskyblue,333,312,291,373,
lightskyblue,333,312,291,
lightskyblue,333,312,291,373,
lightskyblue,188,312,291,373,
lightskyblue,188,312,291,373,
lightskyblue,188,312,291,
lightskyblue,188,312,291,373,
lightskyblue,291,373,
lightskyblue,291,373,
lightskyblue,291,
lightskyblue,291,373,
lightskyblue,312,216,291,373,
lightskyblue,312,216,291,373,
lightskyblue,312,216,291,
lightskyblue,312,216,291,373,
lightskyblue,312,248,291,373,
lightskyblue,312,248,291,373,
lightskyblue,312,248,291,
lightskyblue,312,248,291,373,
lightskyblue,337,322,420,416,
lightskyblue,337,322,420,416,
lightskyblue,337,322,420,
lightskyblue,337,322,420,416,
lightskyblue,190,322,420,416,
lightskyblue,190,322,420,416,
lightskyblue,190,322,420,
lightskyblue,190,322,420,416,
lightskyblue,420,416,
lightskyblue,420,416,
lightskyblue,420,
lightskyblue,420,416,
lightskyblue,322,210,420,416,
lightskyblue,322,210,420,416,
lightskyblue,322,210,420,
lightskyblue,322,210,420,416,
lightskyblue,322,244,420,416,
lightskyblue,322,244,420,416,
lightskyblue,322,244,420,
lightskyblue,322,244,420,416,
lightskyblue,337,322,416,
lightskyblue,337,322,416,
lightskyblue,337,322,
lightskyblue,337,322,416,
lightskyblue,190,322,416,
lightskyblue,190,322,416,
lightskyblue,190,322,
lightskyblue,190,322,416,
lightskyblue,416,
lightskyblue,416,
lightskyblue,416,
lightskyblue,322,210,416,
lightskyblue,322,210,416,
lightskyblue,322,210,
lightskyblue,322,210,416,
lightskyblue,322,244,416,
lightskyblue,322,244,416,
lightskyblue,322,244,
lightskyblue,322,244,416,
lightskyblue,337,322,420,416,
lightskyblue,337,322,420,416,
lightskyblue,337,322,420,
lightskyblue,337,322,420,416,
lightskyblue,190,322,420,416,
lightskyblue,190,322,420,416,
lightskyblue,190,322,420,
lightskyblue,190,322,420,416,
lightskyblue,420,416,
lightskyblue,420,416,
lightskyblue,420,
lightskyblue,420,416,
lightskyblue,322,210,420,416,
lightskyblue,322,210,420,416,
lightskyblue,322,210,420,
lightskyblue,322,210,420,416,
lightskyblue,322,244,420,416,
lightskyblue,322,244,420,416,
lightskyblue,322,244,420,
lightskyblue,322,244,420,416,
lightskyblue,151,148,156,
lightskyblue,151,148,156,
lightskyblue,151,148,
lightskyblue,151,148,156,
lightskyblue,143,148,156,
lightskyblue,143,148,156,
lightskyblue,143,148,
lightskyblue,143,148,156,
lightskyblue,141,148,156,
lightskyblue,141,148,156,
lightskyblue,141,148,
lightskyblue,141,148,156,
lightskyblue,156,
lightskyblue,156,
lightskyblue,156,
lightskyblue,148,145,156,
lightskyblue,148,145,156,
lightskyblue,148,145,
lightskyblue,148,145,156,
lightskyblue,148,147,156,
lightskyblue,148,147,156,
lightskyblue,148,147,
lightskyblue,148,147,156,
lightskyblue,151,148,152,156,
lightskyblue,151,148,152,156,
lightskyblue,151,148,152,
lightskyblue,151,148,152,156,
lightskyblue,143,148,152,156,
lightskyblue,143,148,152,156,
lightskyblue,143,148,152,
lightskyblue,143,148,152,156,
lightskyblue,141,148,152,156,
lightskyblue,141,148,152,156,
lightskyblue,141,148,152,
lightskyblue,141,148,152,156,
lightskyblue,152,156,
lightskyblue,152,156,
lightskyblue,152,
lightskyblue,152,156,
lightskyblue,148,145,152,156,
lightskyblue,148,145,152,156,
lightskyblue,148,145,152,
lightskyblue,148,145,152,156,
lightskyblue,148,147,152,156,
lightskyblue,148,147,152,156,
lightskyblue,148,147,152,
lightskyblue,148,147,152,156,
lightskyblue,246,288,280,285,
lightskyblue,246,288,280,285,
lightskyblue,246,288,280,
lightskyblue,246,288,280,285,
lightskyblue,212,288,280,285,
lightskyblue,212,288,280,285,
lightskyblue,212,288,280,
lightskyblue,212,288,280,285,
lightskyblue,280,285,
lightskyblue,280,285,
lightskyblue,280,
lightskyblue,280,285,
lightskyblue,288,214,280,285,
lightskyblue,288,214,280,285,
lightskyblue,288,214,280,
lightskyblue,288,214,280,285,
lightskyblue,288,325,280,285,
lightskyblue,288,325,280,285,
lightskyblue,288,325,280,
lightskyblue,288,325,280,285,
lightskyblue,246,288,285,
lightskyblue,246,288,285,
lightskyblue,246,288,
lightskyblue,246,288,285,
lightskyblue,212,288,285,
lightskyblue,212,288,285,
lightskyblue,212,288,
lightskyblue,212,288,285,
lightskyblue,285,
lightskyblue,285,
lightskyblue,285,
lightskyblue,288,214,285,
lightskyblue,288,214,285,
lightskyblue,288,214,
lightskyblue,288,214,285,
lightskyblue,288,325,285,
lightskyblue,288,325,285,
lightskyblue,288,325,
lightskyblue,288,325,285,
lightskyblue,246,288,280,285,
lightskyblue,246,288,280,285,
lightskyblue,246,288,280,
lightskyblue,246,288,280,285,
lightskyblue,212,288,280,285,
lightskyblue,212,288,280,285,
lightskyblue,212,288,280,
lightskyblue,212,288,280,285,
lightskyblue,280,285,
lightskyblue,280,285,
lightskyblue,280,
lightskyblue,280,285,
lightskyblue,288,214,280,285,
lightskyblue,288,214,280,285,
lightskyblue,288,214,280,
lightskyblue,288,214,280,285,
lightskyblue,288,325,280,285,
lightskyblue,288,325,280,285,
lightskyblue,288,325,280,
lightskyblue,288,325,280,285,
lightskyblue,228,432,429,425,
lightskyblue,228,432,429,425,
lightskyblue,228,432,429,
lightskyblue,228,432,429,425,
lightskyblue,192,432,429,425,
lightskyblue,192,432,429,425,
lightskyblue,192,432,429,
lightskyblue,192,432,429,425,
lightskyblue,429,425,
lightskyblue,429,425,
lightskyblue,429,
lightskyblue,429,425,
lightskyblue,432,194,429,425,
lightskyblue,432,194,429,425,
lightskyblue,432,194,429,
lightskyblue,432,194,429,425,
lightskyblue,432,230,429,425,
lightskyblue,432,230,429,425,
lightskyblue,432,230,429,
lightskyblue,432,230,429,425,
lightskyblue,228,432,425,
lightskyblue,228,432,425,
lightskyblue,228,432,
lightskyblue,228,432,425,
lightskyblue,192,432,425,
lightskyblue,192,432,425,
lightskyblue,192,432,
lightskyblue,192,432,425,
lightskyblue,425,
lightskyblue,425,
lightskyblue,425,
lightskyblue,432,194,425,
lightskyblue,432,194,425,
lightskyblue,432,194,
lightskyblue,432,194,425,
lightskyblue,432,230,425,
lightskyblue,432,230,425,
lightskyblue,432,230,
lightskyblue,432,230,425,
lightskyblue,228,432,429,425,
lightskyblue,228,432,429,425,
lightskyblue,228,432,429,
lightskyblue,228,432,429,425,
lightskyblue,192,432,429,425,
lightskyblue,192,432,429,425,
lightskyblue,192,432,429,
lightskyblue,192,432,429,425,
lightskyblue,429,425,
lightskyblue,429,425,
lightskyblue,429,
lightskyblue,429,425,
lightskyblue,432,194,429,425,
lightskyblue,432,194,429,425,
lightskyblue,432,194,429,
lightskyblue,432,194,429,425,
lightskyblue,432,230,429,425,
lightskyblue,432,230,429,425,
lightskyblue,432,230,429,
lightskyblue,432,230,429,425,
lightskyblue,232,316,393,389,
lightskyblue,232,316,393,389,
lightskyblue,232,316,393,
lightskyblue,232,316,393,389,
lightskyblue,196,316,393,389,
lightskyblue,196,316,393,389,
lightskyblue,196,316,393,
lightskyblue,196,316,393,389,
lightskyblue,393,389,
lightskyblue,393,389,
lightskyblue,393,
lightskyblue,393,389,
lightskyblue,316,198,393,389,
lightskyblue,316,198,393,389,
lightskyblue,316,198,393,
lightskyblue,316,198,393,389,
lightskyblue,316,234,393,389,
lightskyblue,316,234,393,389,
lightskyblue,316,234,393,
lightskyblue,316,234,393,389,
lightskyblue,232,316,389,
lightskyblue,232,316,389,
lightskyblue,232,316,
lightskyblue,232,316,389,
lightskyblue,196,316,389,
lightskyblue,196,316,389,
lightskyblue,196,316,
lightskyblue,196,316,389,
lightskyblue,389,
lightskyblue,389,
lightskyblue,389,
lightskyblue,316,198,389,
lightskyblue,316,198,389,
lightskyblue,316,198,
lightskyblue,316,198,389,
lightskyblue,316,234,389,
lightskyblue,316,234,389,
lightskyblue,316,234,
lightskyblue,316,234,389,
lightskyblue,232,316,393,389,
lightskyblue,232,316,393,389,
lightskyblue,232,316,393,
lightskyblue,232,316,393,389,
lightskyblue,196,316,393,389,
lightskyblue,196,316,393,389,
lightskyblue,196,316,393,
lightskyblue,196,316,393,389,
lightskyblue,393,389,
lightskyblue,393,389,
lightskyblue,393,
lightskyblue,393,389,
lightskyblue,316,198,393,389,
lightskyblue,316,198,393,389,
lightskyblue,316,198,393,
lightskyblue,316,198,393,389,
lightskyblue,316,234,393,389,
lightskyblue,316,234,393,389,
lightskyblue,316,234,393,
lightskyblue,316,234,393,389,
lightskyblue,236,318,402,398,
lightskyblue,236,318,402,398,
lightskyblue,236,318,402,
lightskyblue,236,318,402,398,
lightskyblue,200,318,402,398,
lightskyblue,200,318,402,398,
lightskyblue,200,318,402,
lightskyblue,200,318,402,398,
lightskyblue,402,398,
lightskyblue,402,398,
lightskyblue,402,
lightskyblue,402,398,
lightskyblue,318,202,402,398,
lightskyblue,318,202,402,398,
lightskyblue,318,202,402,
lightskyblue,318,202,402,398,
lightskyblue,318,339,402,398,
lightskyblue,318,339,402,398,
lightskyblue,318,339,402,
lightskyblue,318,339,402,398,
lightskyblue,236,318,398,
lightskyblue,236,318,398,
lightskyblue,236,318,
lightskyblue,236,318,398,
lightskyblue,200,318,398,
lightskyblue,200,318,398,
lightskyblue,200,318,
lightskyblue,200,318,398,
lightskyblue,398,
lightskyblue,398,
lightskyblue,398,
lightskyblue,318,202,398,
lightskyblue,318,202,398,
lightskyblue,318,202,
lightskyblue,318,202,398,
lightskyblue,318,339,398,
lightskyblue,318,339,398,
lightskyblue,318,339,
lightskyblue,318,339,398,
lightskyblue,236,318,402,398,
lightskyblue,236,318,402,398,
lightskyblue,236,318,402,
lightskyblue,236,318,402,398,
lightskyblue,200,318,402,398,
lightskyblue,200,318,402,398,
lightskyblue,200,318,402,
lightskyblue,200,318,402,398,
lightskyblue,402,398,
lightskyblue,402,398,
lightskyblue,402,
lightskyblue,402,398,
lightskyblue,318,202,402,398,
lightskyblue,318,202,402,398,
lightskyblue,318,202,402,
lightskyblue,318,202,402,398,
lightskyblue,318,339,402,398,
lightskyblue,318,339,402,398,
lightskyblue,318,339,402,
lightskyblue,318,339,402,398,
lightskyblue,238,308,368,305,
lightskyblue,238,308,368,305,
lightskyblue,238,308,368,
lightskyblue,238,308,368,305,
lightskyblue,204,308,368,305,
lightskyblue,204,308,368,305,
lightskyblue,204,308,368,
lightskyblue,204,308,368,305,
lightskyblue,368,305,
lightskyblue,368,305,
lightskyblue,368,
lightskyblue,368,305,
lightskyblue,308,206,368,305,
lightskyblue,308,206,368,305,
lightskyblue,308,206,368,
lightskyblue,308,206,368,305,
lightskyblue,308,329,368,305,
lightskyblue,308,329,368,305,
lightskyblue,308,329,368,
lightskyblue,308,329,368,305,
lightskyblue,238,308,305,
lightskyblue,238,308,305,
lightskyblue,238,308,
lightskyblue,238,308,305,
lightskyblue,204,308,305,
lightskyblue,204,308,305,
lightskyblue,204,308,
lightskyblue,204,308,305,
lightskyblue,305,
lightskyblue,305,
lightskyblue,305,
lightskyblue,308,206,305,
lightskyblue,308,206,305,
lightskyblue,308,206,
lightskyblue,308,206,305,
lightskyblue,308,329,305,
lightskyblue,308,329,305,
lightskyblue,308,329,
lightskyblue,308,329,305,
lightskyblue,238,308,368,305,
lightskyblue,238,308,368,305,
lightskyblue,238,308,368,
lightskyblue,238,308,368,305,
lightskyblue,204,308,368,305,
lightskyblue,204,308,368,305,
lightskyblue,204,308,368,
lightskyblue,204,308,368,305,
lightskyblue,368,305,
lightskyblue,368,305,
lightskyblue,368,
lightskyblue,368,305,
lightskyblue,308,206,368,305,
lightskyblue,308,206,368,305,
lightskyblue,308,206,368,
lightskyblue,308,206,368,305,
lightskyblue,308,329,368,305,
lightskyblue,308,329,368,305,
lightskyblue,308,329,368,
lightskyblue,308,329,368,305,
lightskyblue,128,131,134,138,
lightskyblue,128,131,134,138,
lightskyblue,128,131,134,
lightskyblue,128,131,134,138,
lightskyblue,124,131,134,138,
lightskyblue,124,131,134,138,
lightskyblue,124,131,134,
lightskyblue,124,131,134,138,
lightskyblue,122,131,134,138,
lightskyblue,122,131,134,138,
lightskyblue,122,131,134,
lightskyblue,122,131,134,138,
lightskyblue,134,138,
lightskyblue,134,138,
lightskyblue,134,
lightskyblue,134,138,
lightskyblue,131,126,134,138,
lightskyblue,131,126,134,138,
lightskyblue,131,126,134,
lightskyblue,131,126,134,138,
lightskyblue,131,130,134,138,
lightskyblue,131,130,134,138,
lightskyblue,131,130,134,
lightskyblue,131,130,134,138,
lightskyblue,128,131,138,
lightskyblue,128,131,138,
lightskyblue,128,131,
lightskyblue,128,131,138,
lightskyblue,124,131,138,
lightskyblue,124,131,138,
lightskyblue,124,131,
lightskyblue,124,131,138,
lightskyblue,122,131,138,
lightskyblue,122,131,138,
lightskyblue,122,131,
lightskyblue,122,131,138,
lightskyblue,138,
lightskyblue,138,
lightskyblue,138,
lightskyblue,131,126,138,
lightskyblue,131,126,138,
lightskyblue,131,126,
lightskyblue,131,126,138,
lightskyblue,131,130,138,
lightskyblue,131,130,138,
lightskyblue,131,130,
lightskyblue,131,130,138,
lightskyblue,128,131,134,138,
lightskyblue,128,131,134,138,
lightskyblue,128,131,134,
lightskyblue,128,131,134,138,
lightskyblue,124,131,134,138,
lightskyblue,124,131,134,138,
lightskyblue,124,131,134,
lightskyblue,124,131,134,138,
lightskyblue,122,131,134,138,
lightskyblue,122,131,134,138,
lightskyblue,122,131,134,
lightskyblue,122,131,134,138,
lightskyblue,134,138,
lightskyblue,134,138,
lightskyblue,134,
lightskyblue,134,138,
lightskyblue,131,126,134,138,
lightskyblue,131,126,134,138,
lightskyblue,131,126,134,
lightskyblue,131,126,134,138,
lightskyblue,131,130,134,138,
lightskyblue,131,130,134,138,
lightskyblue,131,130,134,
lightskyblue,131,130,134,138,
lightskyblue,240,314,295,378,
lightskyblue,240,314,295,378,
lightskyblue,240,314,295,
lightskyblue,240,314,295,378,
lightskyblue,327,314,295,378,
lightskyblue,327,314,295,378,
lightskyblue,327,314,295,
lightskyblue,327,314,295,378,
lightskyblue,295,378,
lightskyblue,295,378,
lightskyblue,295,
lightskyblue,295,378,
lightskyblue,314,208,295,378,
lightskyblue,314,208,295,378,
lightskyblue,314,208,295,
lightskyblue,314,208,295,378,
lightskyblue,314,242,295,378,
lightskyblue,314,242,295,378,
lightskyblue,314,242,295,
lightskyblue,314,242,295,378,
lightskyblue,240,314,378,
lightskyblue,240,314,378,
lightskyblue,240,314,
lightskyblue,240,314,378,
lightskyblue,327,314,378,
lightskyblue,327,314,378,
lightskyblue,327,314,
lightskyblue,327,314,378,
lightskyblue,378,
lightskyblue,378,
lightskyblue,378,
lightskyblue,314,208,378,
lightskyblue,314,208,378,
lightskyblue,314,208,
lightskyblue,314,208,378,
lightskyblue,314,242,378,
lightskyblue,314,242,378,
lightskyblue,314,242,
lightskyblue,314,242,378,
lightskyblue,240,314,295,378,
lightskyblue,240,314,295,378,
lightskyblue,240,314,295,
lightskyblue,240,314,295,378,
lightskyblue,327,314,295,378,
lightskyblue,327,314,295,378,
lightskyblue,327,314,295,
lightskyblue,327,314,295,378,
lightskyblue,295,378,
lightskyblue,295,378,
lightskyblue,295,
lightskyblue,295,378,
lightskyblue,314,208,295,378,
lightskyblue,314,208,295,378,
lightskyblue,314,208,295,
lightskyblue,314,208,295,378,
lightskyblue,314,242,295,378,
lightskyblue,314,242,295,378,
lightskyblue,314,242,295,
lightskyblue,314,242,295,378,
lightskyblue,342,253,310,275,364,
lightskyblue,342,254,310,275,364,
lightskyblue,342,255,310,275,364,
lightskyblue,340,253,288,279,285,434,
lightskyblue,340,254,288,279,285,434,
lightskyblue,340,255,288,279,285,434,
lightskyblue,342,259,310,276,364,
lightskyblue,342,260,310,276,364,
lightskyblue,342,261,310,276,364,
lightskyblue,342,262,310,276,364,
lightskyblue,340,259,288,280,285,435,
lightskyblue,340,260,288,280,285,435,
lightskyblue,340,261,288,280,285,435,
lightskyblue,340,262,288,280,285,435,
lightskyblue,342,177,310,275,364,
lightskyblue,340,177,288,279,285,435,
lightskyblue,342,266,310,275,364,
lightskyblue,342,267,310,275,364,
lightskyblue,342,268,310,275,364,
lightskyblue,342,269,310,275,364,
lightskyblue,342,270,310,275,364,
lightskyblue,342,271,310,275,364,
lightskyblue,340,266,288,279,285,436,
lightskyblue,340,267,288,279,285,436,
lightskyblue,340,268,288,279,285,436,
lightskyblue,340,269,288,279,285,436,
lightskyblue,340,270,288,279,285,436,
lightskyblue,340,271,288,279,285,436,
lightskyblue,348,253,312,290,373,
lightskyblue,348,254,312,290,373,
lightskyblue,348,255,312,290,373,
lightskyblue,348,256,312,290,373,
lightskyblue,350,253,316,392,389,
lightskyblue,350,254,316,392,389,
lightskyblue,350,255,316,392,389,
lightskyblue,350,256,316,392,389,
lightskyblue,352,253,318,401,398,450,
lightskyblue,352,254,318,401,398,450,
lightskyblue,352,255,318,401,398,450,
lightskyblue,352,256,318,401,398,450,
lightskyblue,354,253,314,294,378,446,
lightskyblue,354,254,314,294,378,446,
lightskyblue,354,255,314,294,378,446,
lightskyblue,354,256,314,294,378,446,
lightskyblue,348,259,312,291,373,
lightskyblue,348,260,312,291,373,
lightskyblue,348,261,312,291,373,
lightskyblue,348,262,312,291,373,
lightskyblue,348,263,312,291,373,
lightskyblue,350,259,316,393,389,
lightskyblue,350,260,316,393,389,
lightskyblue,350,261,316,393,389,
lightskyblue,350,262,316,393,389,
lightskyblue,350,263,316,393,389,
lightskyblue,352,259,318,402,398,451,
lightskyblue,352,260,318,402,398,451,
lightskyblue,352,261,318,402,398,451,
lightskyblue,352,262,318,402,398,451,
lightskyblue,352,263,318,402,398,451,
lightskyblue,354,259,314,295,378,447,
lightskyblue,354,260,314,295,378,447,
lightskyblue,354,261,314,295,378,447,
lightskyblue,354,262,314,295,378,447,
lightskyblue,354,263,314,295,378,447,
lightskyblue,348,177,312,290,373,
lightskyblue,348,178,312,290,373,
lightskyblue,350,177,316,392,389,
lightskyblue,350,178,316,392,389,
lightskyblue,352,177,318,401,398,451,
lightskyblue,352,178,318,401,398,451,
lightskyblue,354,177,314,294,378,447,
lightskyblue,354,178,314,294,378,447,
lightskyblue,348,266,312,290,373,
lightskyblue,348,267,312,290,373,
lightskyblue,348,268,312,290,373,
lightskyblue,348,269,312,290,373,
lightskyblue,348,270,312,290,373,
lightskyblue,348,271,312,290,373,
lightskyblue,348,272,312,290,373,
lightskyblue,350,266,316,392,389,
lightskyblue,350,267,316,392,389,
lightskyblue,350,268,316,392,389,
lightskyblue,350,269,316,392,389,
lightskyblue,350,270,316,392,389,
lightskyblue,350,271,316,392,389,
lightskyblue,350,272,316,392,389,
lightskyblue,352,266,318,401,398,452,
lightskyblue,352,267,318,401,398,452,
lightskyblue,352,268,318,401,398,452,
lightskyblue,352,269,318,401,398,452,
lightskyblue,352,270,318,401,398,452,
lightskyblue,352,271,318,401,398,452,
lightskyblue,352,272,318,401,398,452,
lightskyblue,354,266,314,294,378,448,
lightskyblue,354,267,314,294,378,448,
lightskyblue,354,268,314,294,378,448,
lightskyblue,354,269,314,294,378,448,
lightskyblue,354,270,314,294,378,448,
lightskyblue,354,271,314,294,378,448,
lightskyblue,354,272,314,294,378,448,
lightskyblue,348,174,312,290,373,
lightskyblue,350,174,316,392,389,
lightskyblue,352,174,318,401,398,452,
lightskyblue,354,174,314,294,378,448,
lightskyblue,356,253,320,410,407,442,
lightskyblue,356,254,320,410,407,442,
lightskyblue,356,255,320,410,407,442,
lightskyblue,356,256,320,410,407,442,
lightskyblue,356,257,320,410,407,442,
lightskyblue,344,253,385,381,300,
lightskyblue,344,254,385,381,300,
lightskyblue,344,255,385,381,300,
lightskyblue,344,256,385,381,300,
lightskyblue,344,257,385,381,300,
lightskyblue,358,253,322,419,416,438,
lightskyblue,358,254,322,419,416,438,
lightskyblue,358,255,322,419,416,438,
lightskyblue,358,256,322,419,416,438,
lightskyblue,358,257,322,419,416,438,
lightskyblue,360,253,432,428,425,454,
lightskyblue,360,254,432,428,425,454,
lightskyblue,360,255,432,428,425,454,
lightskyblue,360,256,432,428,425,454,
lightskyblue,360,257,432,428,425,454,
lightskyblue,346,253,308,367,305,
lightskyblue,346,254,308,367,305,
lightskyblue,346,255,308,367,305,
lightskyblue,346,256,308,367,305,
lightskyblue,346,257,308,367,305,
lightskyblue,356,259,320,411,407,443,
lightskyblue,356,260,320,411,407,443,
lightskyblue,356,261,320,411,407,443,
lightskyblue,356,262,320,411,407,443,
lightskyblue,356,263,320,411,407,443,
lightskyblue,356,264,320,411,407,443,
lightskyblue,344,259,385,382,300,
lightskyblue,344,260,385,382,300,
lightskyblue,344,261,385,382,300,
lightskyblue,344,262,385,382,300,
lightskyblue,344,263,385,382,300,
lightskyblue,344,264,385,382,300,
lightskyblue,358,259,322,420,416,439,
lightskyblue,358,260,322,420,416,439,
lightskyblue,358,261,322,420,416,439,
lightskyblue,358,262,322,420,416,439,
lightskyblue,358,263,322,420,416,439,
lightskyblue,358,264,322,420,416,439,
lightskyblue,360,259,432,429,425,455,
lightskyblue,360,260,432,429,425,455,
lightskyblue,360,261,432,429,425,455,
lightskyblue,360,262,432,429,425,455,
lightskyblue,360,263,432,429,425,455,
lightskyblue,360,264,432,429,425,455,
lightskyblue,346,259,308,368,305,
lightskyblue,346,260,308,368,305,
lightskyblue,346,261,308,368,305,
lightskyblue,346,262,308,368,305,
lightskyblue,346,263,308,368,305,
lightskyblue,346,264,308,368,305,
lightskyblue,356,177,320,410,407,443,
lightskyblue,356,178,320,410,407,443,
lightskyblue,356,179,320,410,407,443,
lightskyblue,344,177,385,381,300,
lightskyblue,344,178,385,381,300,
lightskyblue,344,179,385,381,300,
lightskyblue,358,177,322,419,416,439,
lightskyblue,358,178,322,419,416,439,
lightskyblue,358,179,322,419,416,439,
lightskyblue,360,177,432,428,425,455,
lightskyblue,360,178,432,428,425,455,
lightskyblue,360,179,432,428,425,455,
lightskyblue,346,177,308,367,305,
lightskyblue,346,178,308,367,305,
lightskyblue,346,179,308,367,305,
lightskyblue,356,266,320,410,407,444,
lightskyblue,356,267,320,410,407,444,
lightskyblue,356,268,320,410,407,444,
lightskyblue,356,269,320,410,407,444,
lightskyblue,356,270,320,410,407,444,
lightskyblue,356,271,320,410,407,444,
lightskyblue,356,272,320,410,407,444,
lightskyblue,356,273,320,410,407,444,
lightskyblue,344,266,385,381,300,
lightskyblue,344,267,385,381,300,
lightskyblue,344,268,385,381,300,
lightskyblue,344,269,385,381,300,
lightskyblue,344,270,385,381,300,
lightskyblue,344,271,385,381,300,
lightskyblue,344,272,385,381,300,
lightskyblue,344,273,385,381,300,
lightskyblue,358,266,322,419,416,440,
lightskyblue,358,267,322,419,416,440,
lightskyblue,358,268,322,419,416,440,
lightskyblue,358,269,322,419,416,440,
lightskyblue,358,270,322,419,416,440,
lightskyblue,358,271,322,419,416,440,
lightskyblue,358,272,322,419,416,440,
lightskyblue,358,273,322,419,416,440,
lightskyblue,360,266,432,428,425,456,
lightskyblue,360,267,432,428,425,456,
lightskyblue,360,268,432,428,425,456,
lightskyblue,360,269,432,428,425,456,
lightskyblue,360,270,432,428,425,456,
lightskyblue,360,271,432,428,425,456,
lightskyblue,360,272,432,428,425,456,
lightskyblue,360,273,432,428,425,456,
lightskyblue,346,266,308,367,305,
lightskyblue,346,267,308,367,305,
lightskyblue,346,268,308,367,305,
lightskyblue,346,269,308,367,305,
lightskyblue,346,270,308,367,305,
lightskyblue,346,271,308,367,305,
lightskyblue,346,272,308,367,305,
lightskyblue,346,273,308,367,305,
lightskyblue,356,174,320,410,407,444,
lightskyblue,356,175,320,410,407,444,
lightskyblue,344,174,385,381,300,
lightskyblue,344,175,385,381,300,
lightskyblue,358,174,322,419,416,440,
lightskyblue,358,175,322,419,416,440,
lightskyblue,360,174,432,428,425,456,
lightskyblue,360,175,432,428,425,456,
lightskyblue,346,174,308,367,305,
lightskyblue,346,175,308,367,305,
lightskyblue,221,311,365,
lightskyblue,221,311,365,
lightskyblue,310,365,
lightskyblue,310,365,
lightskyblue,311,330,365,
lightskyblue,311,330,365,
lightskyblue,223,321,408,
lightskyblue,223,321,408,
lightskyblue,320,408,
lightskyblue,320,408,
lightskyblue,321,251,408,
lightskyblue,321,251,408,
lightskyblue,225,386,301,
lightskyblue,225,386,301,
lightskyblue,385,301,
lightskyblue,385,301,
lightskyblue,386,249,301,
lightskyblue,386,249,301,
lightskyblue,332,313,374,
lightskyblue,332,313,374,
lightskyblue,312,374,
lightskyblue,312,374,
lightskyblue,313,247,374,
lightskyblue,313,247,374,
lightskyblue,336,323,417,
lightskyblue,336,323,417,
lightskyblue,322,417,
lightskyblue,322,417,
lightskyblue,323,243,417,
lightskyblue,323,243,417,
lightskyblue,150,149,157,
lightskyblue,150,149,157,
lightskyblue,148,157,
lightskyblue,148,157,
lightskyblue,149,146,157,
lightskyblue,149,146,157,
lightskyblue,245,289,286,
lightskyblue,245,289,286,
lightskyblue,288,286,
lightskyblue,288,286,
lightskyblue,289,324,286,
lightskyblue,289,324,286,
lightskyblue,227,433,426,
lightskyblue,227,433,426,
lightskyblue,432,426,
lightskyblue,432,426,
lightskyblue,433,229,426,
lightskyblue,433,229,426,
lightskyblue,231,317,390,
lightskyblue,231,317,390,
lightskyblue,316,390,
lightskyblue,316,390,
lightskyblue,317,233,390,
lightskyblue,317,233,390,
lightskyblue,235,319,399,
lightskyblue,235,319,399,
lightskyblue,318,399,
lightskyblue,318,399,
lightskyblue,319,338,399,
lightskyblue,319,338,399,
lightskyblue,237,309,306,
lightskyblue,237,309,306,
lightskyblue,308,306,
lightskyblue,308,306,
lightskyblue,309,328,306,
lightskyblue,309,328,306,
lightskyblue,127,132,139,
lightskyblue,127,132,139,
lightskyblue,131,139,
lightskyblue,131,139,
lightskyblue,132,129,139,
lightskyblue,132,129,139,
lightskyblue,239,315,379,
lightskyblue,239,315,379,
lightskyblue,314,379,
lightskyblue,314,379,
lightskyblue,315,241,379,
lightskyblue,315,241,379,
lightskyblue,159,167,
lightskyblue,161,168,
lightskyblue,163,169,
lightskyblue,165,170,
lightskyblue,173,171,
lightskyblue,158,166,
lightskyblue,160,166,
lightskyblue,162,166,
lightskyblue,164,166,
lightskyblue,172,166,
