green,
green,
green,
green,
green,
green,
green,
green,
green,
green,
green,
green,
green,
green,
green,
green,
green,
green,
green,
green,
green,
green,
green,
green,
green,
green,
green,
green,
green,
green,
green,
green,
green,
green,
green,
green,
green,
green,
green,
green,
green,
green,
green,
green,
green,
green,
green,
green,
green,
green,
green,
green,
green,
green,
green,
green,
green,
green,
green,
green,
green,
green,
green,
green,
green,
green,
green,
green,
green,
green,
green,
green,
green,
green,
green,
green,
green,
green,
green,
green,
green,
green,
green,
green,
green,
green,
green,
green,
green,
green,
green,
green,
green,
green,
green,
green,
green,
green,
green,
green,
green,
green,
green,
green,
green,
green,
green,
green,
green,
green,
green,
green,
green,
green,
green,
green,
green,
green,
green,
gold,0,1131,1132,1133,1134,1155,1156,1157,1158,2043,2044,2045,2046,2066,2067,2068,2069,
gold,0,
gold,1,1135,1136,1137,1138,1159,1160,1161,1162,2047,2048,2049,2050,2070,2071,2072,2073,
gold,1,
gold,2,1151,1152,1153,1154,1174,1175,1176,1177,2062,2063,2064,2065,2086,2087,2088,2089,
gold,2,
gold,3,1139,1140,1141,1142,1163,1164,1165,1166,2051,2052,2053,2054,2074,2075,2076,2077,
gold,3,
gold,4,1131,1132,1133,1134,1135,1136,1137,1138,1139,1140,1141,1142,1143,1144,1145,1146,1147,1148,1149,1150,1151,1152,1153,1154,1310,1312,1314,1316,1318,1320,2043,2044,2045,2046,2047,2048,2049,2050,2051,2052,2053,2054,2055,2056,2057,2058,2059,2060,2061,2062,2063,2064,2065,2364,2366,2368,2370,2372,2374,
gold,4,1155,1156,1157,1158,1159,1160,1161,1162,1163,1164,1165,1166,1167,1168,1169,1170,1171,1172,1173,1174,1175,1176,1177,1311,1313,1315,1317,1319,1321,2066,2067,2068,2069,2070,2071,2072,2073,2074,2075,2076,2077,2078,2079,2080,2081,2082,2083,2084,2085,2086,2087,2088,2089,2365,2367,2369,2371,2373,2375,
gold,5,1147,1148,1149,1150,1171,1172,1173,2059,2060,2061,2082,2083,2084,2085,
gold,5,
red,6,1143,1144,1145,1146,1167,1168,1169,1170,2055,2056,2057,2058,2078,2079,2080,2081,
gold,6,
gold,7,1131,1135,1139,1143,1147,1151,1155,1159,1163,1167,1171,1174,2043,2047,2051,2055,2059,2062,2066,2070,2074,2078,2082,2086,
gold,7,1132,1136,1140,1144,1148,1152,1156,1160,1164,1168,1172,1175,2044,2048,2052,2056,2060,2063,2067,2071,2075,2079,2083,2087,
gold,7,604,605,1133,1137,1141,1145,1149,1153,1157,1161,1165,1169,1176,1310,1311,1312,1313,1314,1315,1316,1317,1318,1319,1320,1321,2045,2049,2053,2057,2064,2068,2072,2076,2080,2084,2088,2364,2365,2366,2367,2368,2369,2370,2371,2372,2373,2374,2375,
red,7,1134,1138,1142,1146,1150,1154,1158,1162,1166,1170,1173,1177,2046,2050,2054,2058,2061,2065,2069,2073,2077,2081,2085,2089,
gold,8,1049,1050,1051,1052,1076,1077,1078,1079,1909,1910,1911,1912,1936,1937,1938,1939,1964,1965,1966,1967,
gold,8,
gold,9,1029,1030,1031,1032,1057,1058,1059,1060,1889,1890,1891,1892,1917,1918,1919,1920,1944,1945,1946,1947,
gold,9,
gold,10,1033,1034,1035,1036,1061,1062,1063,1064,1893,1894,1895,1896,1921,1922,1923,1924,1948,1949,1950,1951,
gold,10,
gold,11,1037,1038,1039,1040,1065,1066,1067,1068,1897,1898,1899,1900,1925,1926,1927,1928,1952,1953,1954,1955,
gold,11,
gold,12,1041,1042,1043,1044,1069,1070,1071,1072,1901,1902,1903,1904,1929,1930,1931,1932,1956,1957,1958,1959,
gold,12,
gold,13,1045,1046,1047,1048,1073,1074,1075,1905,1906,1907,1908,1933,1934,1935,1960,1961,1962,1963,
gold,13,
red,14,1053,1054,1055,1056,1080,1081,1082,1083,1913,1914,1915,1916,1940,1941,1942,1943,1968,1969,1970,1971,
gold,14,
gold,15,1889,1890,1891,1892,1893,1894,1895,1896,1897,1898,1899,1900,1901,1902,1903,1904,1905,1906,1907,1908,1909,1910,1911,1912,1913,1914,1915,1916,
gold,15,1029,1030,1031,1032,1033,1034,1035,1036,1037,1038,1039,1040,1041,1042,1043,1044,1045,1046,1047,1048,1049,1050,1051,1052,1053,1054,1055,1056,1286,1288,1290,1292,1294,1296,1917,1918,1919,1920,1921,1922,1923,1924,1925,1926,1927,1928,1929,1930,1931,1932,1933,1934,1935,1936,1937,1938,1939,1940,1941,1942,1943,2340,2342,2344,2346,2348,2350,
red,15,1057,1058,1059,1060,1061,1062,1063,1064,1065,1066,1067,1068,1069,1070,1071,1072,1073,1074,1075,1076,1077,1078,1079,1080,1081,1082,1083,1287,1289,1291,1293,1295,1297,1944,1945,1946,1947,1948,1949,1950,1951,1952,1953,1954,1955,1956,1957,1958,1959,1960,1961,1962,1963,1964,1965,1966,1967,1968,1969,1970,1971,2341,2343,2345,2347,2349,2351,
gold,16,1029,1033,1037,1041,1045,1049,1053,1057,1061,1065,1069,1073,1076,1080,1889,1893,1897,1901,1905,1909,1913,1917,1921,1925,1929,1933,1936,1940,1944,1948,1952,1956,1960,1964,1968,
gold,16,1030,1034,1038,1042,1046,1050,1054,1058,1062,1066,1070,1074,1077,1081,1890,1894,1898,1902,1906,1910,1914,1918,1922,1926,1930,1934,1937,1941,1945,1949,1953,1957,1961,1965,1969,
gold,16,600,601,1031,1035,1039,1043,1047,1051,1055,1059,1063,1067,1071,1078,1082,1286,1287,1288,1289,1290,1291,1292,1293,1294,1295,1296,1297,1891,1895,1899,1903,1907,1911,1915,1919,1923,1927,1931,1938,1942,1946,1950,1954,1958,1962,1966,1970,2340,2341,2342,2343,2344,2345,2346,2347,2348,2349,2350,2351,
red,16,1032,1036,1040,1044,1048,1052,1056,1060,1064,1068,1072,1075,1079,1083,1892,1896,1900,1904,1908,1912,1916,1920,1924,1928,1932,1935,1939,1943,1947,1951,1955,1959,1963,1967,1971,
gold,17,888,889,890,891,912,913,914,915,1700,1701,1702,1703,1723,1724,1725,1726,
gold,17,
gold,18,892,893,894,895,916,917,918,919,1704,1705,1706,1707,1727,1728,1729,1730,
gold,18,
gold,19,908,909,910,911,931,932,933,934,1719,1720,1721,1722,1743,1744,1745,1746,
gold,19,
gold,20,900,901,902,903,924,925,926,927,1712,1713,1714,1715,1735,1736,1737,1738,
gold,20,
gold,21,888,892,896,900,904,908,912,916,920,924,928,931,1700,1704,1708,1712,1716,1719,1723,1727,1731,1735,1739,1743,
gold,21,889,893,897,901,905,909,913,917,921,925,929,932,1701,1705,1709,1713,1717,1720,1724,1728,1732,1736,1740,1744,
gold,21,594,595,890,894,898,902,906,910,914,918,922,926,933,1250,1251,1252,1253,1254,1255,1256,1257,1258,1259,1260,1261,1702,1706,1710,1714,1721,1725,1729,1733,1737,1741,1745,2304,2305,2306,2307,2308,2309,2310,2311,2312,2313,2314,2315,
gold,21,891,895,899,903,907,911,915,919,923,927,930,934,1703,1707,1711,1715,1718,1722,1726,1730,1734,1738,1742,1746,
gold,22,904,905,906,907,928,929,930,1716,1717,1718,1739,1740,1741,1742,
gold,22,
red,23,896,897,898,899,920,921,922,923,1708,1709,1710,1711,1731,1732,1733,1734,
gold,23,
gold,24,888,889,890,891,892,893,894,895,896,897,898,899,900,901,902,903,904,905,906,907,908,909,910,911,1250,1252,1254,1256,1258,1260,1700,1701,1702,1703,1704,1705,1706,1707,1708,1709,1710,1711,1712,1713,1714,1715,1716,1717,1718,1719,1720,1721,1722,2304,2306,2308,2310,2312,2314,
red,24,912,913,914,915,916,917,918,919,920,921,922,923,924,925,926,927,928,929,930,931,932,933,934,1251,1253,1255,1257,1259,1261,1723,1724,1725,1726,1727,1728,1729,1730,1731,1732,1733,1734,1735,1736,1737,1738,1739,1740,1741,1742,1743,1744,1745,1746,2305,2307,2309,2311,2313,2315,
gold,25,657,658,659,660,681,682,683,684,1373,1374,1375,1376,1396,1397,1398,1399,
gold,25,
gold,26,673,674,675,676,696,697,698,699,1388,1389,1390,1391,1412,1413,1414,1415,
gold,26,
gold,27,661,662,663,664,685,686,687,688,1377,1378,1379,1380,1400,1401,1402,1403,
gold,27,
gold,28,665,666,667,668,689,690,691,692,1381,1382,1383,1384,1404,1405,1406,1407,
gold,28,
gold,29,653,654,655,656,657,658,659,660,661,662,663,664,665,666,667,668,669,670,671,672,673,674,675,676,1190,1192,1194,1196,1198,1200,1369,1370,1371,1372,1373,1374,1375,1376,1377,1378,1379,1380,1381,1382,1383,1384,1385,1386,1387,1388,1389,1390,1391,2244,2246,2248,2250,2252,2254,
gold,29,677,678,679,680,681,682,683,684,685,686,687,688,689,690,691,692,693,694,695,696,697,698,699,1191,1193,1195,1197,1199,1201,1392,1393,1394,1395,1396,1397,1398,1399,1400,1401,1402,1403,1404,1405,1406,1407,1408,1409,1410,1411,1412,1413,1414,1415,2245,2247,2249,2251,2253,2255,
gold,30,669,670,671,672,693,694,695,1385,1386,1387,1408,1409,1410,1411,
gold,30,
red,31,653,654,655,656,677,678,679,680,1369,1370,1371,1372,1392,1393,1394,1395,
gold,31,
gold,32,653,657,661,665,669,673,677,681,685,689,693,696,1369,1373,1377,1381,1385,1388,1392,1396,1400,1404,1408,1412,
gold,32,654,658,662,666,670,674,678,682,686,690,694,697,1370,1374,1378,1382,1386,1389,1393,1397,1401,1405,1409,1413,
gold,32,584,585,655,659,663,667,671,675,679,683,687,691,698,1190,1191,1192,1193,1194,1195,1196,1197,1198,1199,1200,1201,1371,1375,1379,1383,1390,1394,1398,1402,1406,1410,1414,2244,2245,2246,2247,2248,2249,2250,2251,2252,2253,2254,2255,
red,32,656,660,664,668,672,676,680,684,688,692,695,699,1372,1376,1380,1384,1387,1391,1395,1399,1403,1407,1411,1415,
gold,33,606,607,608,609,630,631,632,633,1322,1323,1324,1325,1345,1346,1347,1348,
gold,33,
gold,34,610,611,612,613,634,635,636,637,1326,1327,1328,1329,1349,1350,1351,1352,
gold,34,
gold,35,626,627,628,629,649,650,651,652,1341,1342,1343,1344,1365,1366,1367,1368,
gold,35,
gold,36,614,615,616,617,638,639,640,641,1330,1331,1332,1333,1353,1354,1355,1356,
gold,36,
gold,37,618,619,620,621,642,643,644,645,1334,1335,1336,1337,1357,1358,1359,1360,
gold,37,
gold,38,606,610,614,618,622,626,630,634,638,642,646,649,1322,1326,1330,1334,1338,1341,1345,1349,1353,1357,1361,1365,
gold,38,607,611,615,619,623,627,631,635,639,643,647,650,1323,1327,1331,1335,1339,1342,1346,1350,1354,1358,1362,1366,
gold,38,582,583,608,612,616,620,624,628,632,636,640,644,651,1178,1179,1180,1181,1182,1183,1184,1185,1186,1187,1188,1189,1324,1328,1332,1336,1343,1347,1351,1355,1359,1363,1367,2232,2233,2234,2235,2236,2237,2238,2239,2240,2241,2242,2243,
gold,38,609,613,617,621,625,629,633,637,641,645,648,652,1325,1329,1333,1337,1340,1344,1348,1352,1356,1360,1364,1368,
gold,39,622,623,624,625,646,647,648,1338,1339,1340,1361,1362,1363,1364,
gold,39,
red,40,606,607,608,609,610,611,612,613,614,615,616,617,618,619,620,621,622,623,624,625,626,627,628,629,1178,1180,1182,1184,1186,1188,1322,1323,1324,1325,1326,1327,1328,1329,1330,1331,1332,1333,1334,1335,1336,1337,1338,1339,1340,1341,1342,1343,1344,2232,2234,2236,2238,2240,2242,
gold,40,630,631,632,633,634,635,636,637,638,639,640,641,642,643,644,645,646,647,648,649,650,651,652,1179,1181,1183,1185,1187,1189,1345,1346,1347,1348,1349,1350,1351,1352,1353,1354,1355,1356,1357,1358,1359,1360,1361,1362,1363,1364,1365,1366,1367,1368,2233,2235,2237,2239,2241,2243,
gold,41,2090,2091,2092,2093,2094,2095,2096,2097,2098,2099,2100,2101,2102,2103,2104,2105,2106,2107,2108,2109,2180,2181,2182,2183,2184,2185,2186,2187,2188,2189,2190,2191,2376,
gold,41,
gold,42,2110,2111,2112,2113,2114,2115,2116,2117,2118,2119,2120,2121,2122,2123,2124,2125,2126,2127,2128,2129,2130,2131,2132,2133,2134,2135,2136,2137,2138,2139,2140,2141,2142,2143,2144,2192,2193,2194,2195,2196,2197,2198,2199,2200,2201,2202,2203,2204,2205,2206,2207,2208,2209,2377,
gold,42,
gold,43,2145,2146,2147,2148,2149,2150,2151,2152,2153,2154,2155,2156,2157,2158,2159,2160,2161,2162,2163,2164,2210,2211,2212,2213,2214,2215,2216,2217,2218,2219,2220,2221,2378,
gold,43,
gold,44,2376,2377,2378,2379,
gold,44,440,441,442,443,444,445,446,447,448,449,450,451,452,453,454,455,456,457,458,459,530,531,532,533,534,535,536,537,538,539,540,541,2380,
gold,44,460,461,462,463,464,465,466,467,468,469,470,471,472,473,474,475,476,477,478,479,480,481,482,483,484,485,486,487,488,489,490,491,492,493,494,542,543,544,545,546,547,548,549,550,551,552,553,554,555,556,557,558,559,2381,
gold,44,495,496,497,498,499,500,501,502,503,504,505,506,507,508,509,510,511,512,513,514,560,561,562,563,564,565,566,567,568,569,570,571,2382,
gold,44,515,516,517,518,519,520,521,522,523,524,525,526,527,528,529,572,573,574,575,576,577,578,579,580,581,2383,
gold,45,2165,2166,2167,2168,2169,2170,2171,2172,2173,2174,2175,2176,2177,2178,2179,2222,2223,2224,2225,2226,2227,2228,2229,2230,2231,2379,
gold,45,
gold,46,
gold,46,572,577,2222,2227,
gold,46,573,578,2223,2228,
gold,46,515,518,521,524,527,574,579,2165,2168,2171,2174,2177,2224,2229,
gold,46,516,519,522,525,528,575,580,2166,2169,2172,2175,2178,2225,2230,
gold,46,517,520,523,526,529,576,581,2167,2170,2173,2176,2179,2226,2231,
gold,47,
gold,47,530,536,2180,2186,
gold,47,531,537,2181,2187,
gold,47,440,444,448,452,456,532,538,2090,2094,2098,2102,2106,2182,2188,
gold,47,441,445,449,453,457,533,539,2091,2095,2099,2103,2107,2183,2189,
gold,47,442,446,450,454,458,534,540,2092,2096,2100,2104,2108,2184,2190,
gold,47,443,447,451,455,459,535,541,2093,2097,2101,2105,2109,2185,2191,
gold,48,
gold,48,560,566,2210,2216,
gold,48,561,567,2211,2217,
gold,48,495,499,503,507,511,562,568,2145,2149,2153,2157,2161,2212,2218,
gold,48,496,500,504,508,512,563,569,2146,2150,2154,2158,2162,2213,2219,
gold,48,497,501,505,509,513,564,570,2147,2151,2155,2159,2163,2214,2220,
gold,48,498,502,506,510,514,565,571,2148,2152,2156,2160,2164,2215,2221,
gold,49,700,701,702,703,724,725,726,727,1416,1417,1418,1419,1440,1441,1442,1443,1463,1464,1465,1466,
gold,49,
gold,50,704,705,706,707,728,729,730,731,1420,1421,1422,1423,1444,1445,1446,1447,1467,1468,1469,1470,
gold,50,
gold,51,747,748,749,750,771,772,773,774,1487,1488,1489,1490,1511,1512,1513,1514,1534,1535,1536,1537,
gold,51,
gold,52,751,752,753,754,775,776,777,778,1491,1492,1493,1494,1515,1516,1517,1518,1538,1539,1540,1541,
gold,52,
gold,53,794,795,796,797,818,819,820,821,1558,1559,1560,1561,1582,1583,1584,1585,1605,1606,1607,1608,
gold,53,
gold,54,798,799,800,801,822,823,824,825,1562,1563,1564,1565,1586,1587,1588,1589,1609,1610,1611,1612,
gold,54,
gold,55,841,842,843,844,865,866,867,868,1629,1630,1631,1632,1653,1654,1655,1656,1676,1677,1678,1679,
gold,55,
gold,56,845,846,847,848,869,870,871,872,1633,1634,1635,1636,1657,1658,1659,1660,1680,1681,1682,1683,
gold,56,
gold,57,935,936,937,938,959,960,961,962,1747,1748,1749,1750,1771,1772,1773,1774,1794,1795,1796,1797,
gold,57,
gold,58,955,956,957,958,978,979,980,981,1767,1768,1769,1770,1790,1791,1792,1793,1814,1815,1816,1817,
gold,58,
gold,59,982,983,984,985,1006,1007,1008,1009,1818,1819,1820,1821,1842,1843,1844,1845,1865,1866,1867,1868,
gold,59,
gold,60,986,987,988,989,1010,1011,1012,1013,1822,1823,1824,1825,1846,1847,1848,1849,1869,1870,1871,1872,
gold,60,
gold,61,1002,1003,1004,1005,1025,1026,1027,1028,1838,1839,1840,1841,1861,1862,1863,1864,1885,1886,1887,1888,
gold,61,
gold,62,1084,1085,1086,1087,1108,1109,1110,1111,1972,1973,1974,1975,1996,1997,1998,1999,2019,2020,2021,2022,
gold,62,
gold,63,1088,1089,1090,1091,1112,1113,1114,1115,1976,1977,1978,1979,2000,2001,2002,2003,2023,2024,2025,2026,
gold,63,
gold,64,1104,1105,1106,1107,1127,1128,1129,1130,1992,1993,1994,1995,2015,2016,2017,2018,2039,2040,2041,2042,
gold,64,
gold,65,861,862,863,864,884,885,886,887,1649,1650,1651,1652,1672,1673,1674,1675,1696,1697,1698,1699,
gold,65,
gold,66,814,815,816,817,837,838,839,840,1578,1579,1580,1581,1601,1602,1603,1604,1625,1626,1627,1628,
gold,66,
gold,67,767,768,769,770,790,791,792,793,1507,1508,1509,1510,1530,1531,1532,1533,1554,1555,1556,1557,
gold,67,
gold,68,720,721,722,723,743,744,745,746,1436,1437,1438,1439,1459,1460,1461,1462,1483,1484,1485,1486,
gold,68,
gold,69,943,944,945,946,967,968,969,970,1755,1756,1757,1758,1779,1780,1781,1782,1802,1803,1804,1805,
gold,69,
gold,70,947,948,949,950,971,972,973,974,1759,1760,1761,1762,1783,1784,1785,1786,1806,1807,1808,1809,
gold,70,
gold,71,990,991,992,993,1014,1015,1016,1017,1826,1827,1828,1829,1850,1851,1852,1853,1873,1874,1875,1876,
gold,71,
gold,72,1096,1097,1098,1099,1120,1121,1122,1123,1984,1985,1986,1987,2008,2009,2010,2011,2031,2032,2033,2034,
gold,72,
gold,73,849,850,851,852,873,874,875,876,1637,1638,1639,1640,1661,1662,1663,1664,1684,1685,1686,1687,
gold,73,
gold,74,853,854,855,856,877,878,879,880,1641,1642,1643,1644,1665,1666,1667,1668,1688,1689,1690,1691,
gold,74,
gold,75,806,807,808,809,830,831,832,833,1570,1571,1572,1573,1594,1595,1596,1597,1617,1618,1619,1620,
gold,75,
gold,76,755,756,757,758,779,780,781,782,1495,1496,1497,1498,1519,1520,1521,1522,1542,1543,1544,1545,
gold,76,
gold,77,759,760,761,762,783,784,785,786,1499,1500,1501,1502,1523,1524,1525,1526,1546,1547,1548,1549,
gold,77,
gold,78,712,713,714,715,736,737,738,739,1428,1429,1430,1431,1452,1453,1454,1455,1475,1476,1477,1478,
gold,78,
gold,79,
gold,79,542,551,2192,2201,
gold,79,543,552,2193,2202,
gold,79,460,467,474,481,488,544,553,2110,2117,2124,2131,2138,2194,2203,
gold,79,461,468,475,482,489,545,554,2111,2118,2125,2132,2139,2195,2204,
gold,79,462,469,476,483,490,546,555,2112,2119,2126,2133,2140,2196,2205,
gold,79,463,470,477,484,491,547,556,2113,2120,2127,2134,2141,2197,2206,
gold,79,464,471,478,485,492,548,557,2114,2121,2128,2135,2142,2198,2207,
gold,79,465,472,479,486,493,549,558,2115,2122,2129,2136,2143,2199,2208,
gold,79,466,473,480,487,494,550,559,2116,2123,2130,2137,2144,2200,2209,
gold,80,1747,1748,1749,1750,1751,1752,1753,1754,1755,1756,1757,1758,1759,1760,1761,1762,1763,1764,1765,1766,1767,1768,1769,1770,
gold,80,935,936,937,938,939,940,941,942,943,944,945,946,947,948,949,950,951,952,953,954,955,956,957,958,1262,1264,1266,1268,1270,1272,1771,1772,1773,1774,1775,1776,1777,1778,1779,1780,1781,1782,1783,1784,1785,1786,1787,1788,1789,1790,1791,1792,1793,2316,2318,2320,2322,2324,2326,
gold,80,959,960,961,962,963,964,965,966,967,968,969,970,971,972,973,974,975,976,977,978,979,980,981,1263,1265,1267,1269,1271,1273,1794,1795,1796,1797,1798,1799,1800,1801,1802,1803,1804,1805,1806,1807,1808,1809,1810,1811,1812,1813,1814,1815,1816,1817,2317,2319,2321,2323,2325,2327,
gold,80,
gold,81,1487,1488,1489,1490,1491,1492,1493,1494,1495,1496,1497,1498,1499,1500,1501,1502,1503,1504,1505,1506,1507,1508,1509,1510,
gold,81,747,748,749,750,751,752,753,754,755,756,757,758,759,760,761,762,763,764,765,766,767,768,769,770,1214,1216,1218,1220,1222,1224,1511,1512,1513,1514,1515,1516,1517,1518,1519,1520,1521,1522,1523,1524,1525,1526,1527,1528,1529,1530,1531,1532,1533,2268,2270,2272,2274,2276,2278,
gold,81,771,772,773,774,775,776,777,778,779,780,781,782,783,784,785,786,787,788,789,790,791,792,793,1215,1217,1219,1221,1223,1225,1534,1535,1536,1537,1538,1539,1540,1541,1542,1543,1544,1545,1546,1547,1548,1549,1550,1551,1552,1553,1554,1555,1556,1557,2269,2271,2273,2275,2277,2279,
gold,81,
gold,82,1558,1559,1560,1561,1562,1563,1564,1565,1566,1567,1568,1569,1570,1571,1572,1573,1574,1575,1576,1577,1578,1579,1580,1581,
gold,82,794,795,796,797,798,799,800,801,802,803,804,805,806,807,808,809,810,811,812,813,814,815,816,817,1226,1228,1230,1232,1234,1236,1582,1583,1584,1585,1586,1587,1588,1589,1590,1591,1592,1593,1594,1595,1596,1597,1598,1599,1600,1601,1602,1603,1604,2280,2282,2284,2286,2288,2290,
gold,82,818,819,820,821,822,823,824,825,826,827,828,829,830,831,832,833,834,835,836,837,838,839,840,1227,1229,1231,1233,1235,1237,1605,1606,1607,1608,1609,1610,1611,1612,1613,1614,1615,1616,1617,1618,1619,1620,1621,1622,1623,1624,1625,1626,1627,1628,2281,2283,2285,2287,2289,2291,
gold,82,
gold,83,951,952,953,954,975,976,977,1763,1764,1765,1766,1787,1788,1789,1810,1811,1812,1813,
gold,83,
gold,84,810,811,812,813,834,835,836,1574,1575,1576,1577,1598,1599,1600,1621,1622,1623,1624,
gold,84,
gold,85,857,858,859,860,881,882,883,1645,1646,1647,1648,1669,1670,1671,1692,1693,1694,1695,
gold,85,
gold,86,716,717,718,719,740,741,742,1432,1433,1434,1435,1456,1457,1458,1479,1480,1481,1482,
gold,86,
gold,87,998,999,1000,1001,1022,1023,1024,1834,1835,1836,1837,1858,1859,1860,1881,1882,1883,1884,
gold,87,
gold,88,1100,1101,1102,1103,1124,1125,1126,1988,1989,1990,1991,2012,2013,2014,2035,2036,2037,2038,
gold,88,
red,89,939,940,941,942,963,964,965,966,1751,1752,1753,1754,1775,1776,1777,1778,1798,1799,1800,1801,
gold,89,
red,90,802,803,804,805,826,827,828,829,1566,1567,1568,1569,1590,1591,1592,1593,1613,1614,1615,1616,
gold,90,
red,91,994,995,996,997,1018,1019,1020,1021,1830,1831,1832,1833,1854,1855,1856,1857,1877,1878,1879,1880,
gold,91,
red,92,1092,1093,1094,1095,1116,1117,1118,1119,1980,1981,1982,1983,2004,2005,2006,2007,2027,2028,2029,2030,
gold,92,
red,93,708,709,710,711,732,733,734,735,1424,1425,1426,1427,1448,1449,1450,1451,1471,1472,1473,1474,
gold,93,
red,94,586,587,700,701,702,703,704,705,706,707,708,709,710,711,712,713,714,715,716,717,718,719,720,721,722,723,724,725,726,727,728,729,730,731,732,733,734,735,736,737,738,739,740,741,742,743,744,745,746,1202,1203,1204,1205,1206,1207,1208,1209,1210,1211,1212,1213,1416,1417,1418,1419,1420,1421,1422,1423,1424,1425,1426,1427,1428,1429,1430,1431,1432,1433,1434,1435,1436,1437,1438,1439,1440,1441,1442,1443,1444,1445,1446,1447,1448,1449,1450,1451,1452,1453,1454,1455,1456,1457,1458,1459,1460,1461,1462,1463,1464,1465,1466,1467,1468,1469,1470,1471,1472,1473,1474,1475,1476,1477,1478,1479,1480,1481,1482,1483,1484,1485,1486,2256,2257,2258,2259,2260,2261,2262,2263,2264,2265,2266,2267,
gold,94,
red,95,592,593,841,842,843,844,845,846,847,848,849,850,851,852,853,854,855,856,857,858,859,860,861,862,863,864,865,866,867,868,869,870,871,872,873,874,875,876,877,878,879,880,881,882,883,884,885,886,887,1238,1239,1240,1241,1242,1243,1244,1245,1246,1247,1248,1249,1629,1630,1631,1632,1633,1634,1635,1636,1637,1638,1639,1640,1641,1642,1643,1644,1645,1646,1647,1648,1649,1650,1651,1652,1653,1654,1655,1656,1657,1658,1659,1660,1661,1662,1663,1664,1665,1666,1667,1668,1669,1670,1671,1672,1673,1674,1675,1676,1677,1678,1679,1680,1681,1682,1683,1684,1685,1686,1687,1688,1689,1690,1691,1692,1693,1694,1695,1696,1697,1698,1699,2292,2293,2294,2295,2296,2297,2298,2299,2300,2301,2302,2303,
gold,95,
red,96,596,597,935,936,937,938,939,940,941,942,943,944,945,946,947,948,949,950,951,952,953,954,955,956,957,958,959,960,961,962,963,964,965,966,967,968,969,970,971,972,973,974,975,976,977,978,979,980,981,1262,1263,1264,1265,1266,1267,1268,1269,1270,1271,1272,1273,1747,1748,1749,1750,1751,1752,1753,1754,1755,1756,1757,1758,1759,1760,1761,1762,1763,1764,1765,1766,1767,1768,1769,1770,1771,1772,1773,1774,1775,1776,1777,1778,1779,1780,1781,1782,1783,1784,1785,1786,1787,1788,1789,1790,1791,1792,1793,1794,1795,1796,1797,1798,1799,1800,1801,1802,1803,1804,1805,1806,1807,1808,1809,1810,1811,1812,1813,1814,1815,1816,1817,2316,2317,2318,2319,2320,2321,2322,2323,2324,2325,2326,2327,
gold,96,
red,97,598,599,982,983,984,985,986,987,988,989,990,991,992,993,994,995,996,997,998,999,1000,1001,1002,1003,1004,1005,1006,1007,1008,1009,1010,1011,1012,1013,1014,1015,1016,1017,1018,1019,1020,1021,1022,1023,1024,1025,1026,1027,1028,1274,1275,1276,1277,1278,1279,1280,1281,1282,1283,1284,1285,1818,1819,1820,1821,1822,1823,1824,1825,1826,1827,1828,1829,1830,1831,1832,1833,1834,1835,1836,1837,1838,1839,1840,1841,1842,1843,1844,1845,1846,1847,1848,1849,1850,1851,1852,1853,1854,1855,1856,1857,1858,1859,1860,1861,1862,1863,1864,1865,1866,1867,1868,1869,1870,1871,1872,1873,1874,1875,1876,1877,1878,1879,1880,1881,1882,1883,1884,1885,1886,1887,1888,2328,2329,2330,2331,2332,2333,2334,2335,2336,2337,2338,2339,
gold,97,
red,98,602,603,1084,1085,1086,1087,1088,1089,1090,1091,1092,1093,1094,1095,1096,1097,1098,1099,1100,1101,1102,1103,1104,1105,1106,1107,1108,1109,1110,1111,1112,1113,1114,1115,1116,1117,1118,1119,1120,1121,1122,1123,1124,1125,1126,1127,1128,1129,1130,1298,1299,1300,1301,1302,1303,1304,1305,1306,1307,1308,1309,1972,1973,1974,1975,1976,1977,1978,1979,1980,1981,1982,1983,1984,1985,1986,1987,1988,1989,1990,1991,1992,1993,1994,1995,1996,1997,1998,1999,2000,2001,2002,2003,2004,2005,2006,2007,2008,2009,2010,2011,2012,2013,2014,2015,2016,2017,2018,2019,2020,2021,2022,2023,2024,2025,2026,2027,2028,2029,2030,2031,2032,2033,2034,2035,2036,2037,2038,2039,2040,2041,2042,2352,2353,2354,2355,2356,2357,2358,2359,2360,2361,2362,2363,
gold,98,
red,99,588,589,747,748,749,750,751,752,753,754,755,756,757,758,759,760,761,762,763,764,765,766,767,768,769,770,771,772,773,774,775,776,777,778,779,780,781,782,783,784,785,786,787,788,789,790,791,792,793,1214,1215,1216,1217,1218,1219,1220,1221,1222,1223,1224,1225,1487,1488,1489,1490,1491,1492,1493,1494,1495,1496,1497,1498,1499,1500,1501,1502,1503,1504,1505,1506,1507,1508,1509,1510,1511,1512,1513,1514,1515,1516,1517,1518,1519,1520,1521,1522,1523,1524,1525,1526,1527,1528,1529,1530,1531,1532,1533,1534,1535,1536,1537,1538,1539,1540,1541,1542,1543,1544,1545,1546,1547,1548,1549,1550,1551,1552,1553,1554,1555,1556,1557,2268,2269,2270,2271,2272,2273,2274,2275,2276,2277,2278,2279,
gold,99,
red,100,590,591,794,795,796,797,798,799,800,801,802,803,804,805,806,807,808,809,810,811,812,813,814,815,816,817,818,819,820,821,822,823,824,825,826,827,828,829,830,831,832,833,834,835,836,837,838,839,840,1226,1227,1228,1229,1230,1231,1232,1233,1234,1235,1236,1237,1558,1559,1560,1561,1562,1563,1564,1565,1566,1567,1568,1569,1570,1571,1572,1573,1574,1575,1576,1577,1578,1579,1580,1581,1582,1583,1584,1585,1586,1587,1588,1589,1590,1591,1592,1593,1594,1595,1596,1597,1598,1599,1600,1601,1602,1603,1604,1605,1606,1607,1608,1609,1610,1611,1612,1613,1614,1615,1616,1617,1618,1619,1620,1621,1622,1623,1624,1625,1626,1627,1628,2280,2281,2282,2283,2284,2285,2286,2287,2288,2289,2290,2291,
gold,100,
gold,101,935,939,943,947,951,955,959,963,967,971,975,978,1747,1751,1755,1759,1763,1767,1771,1775,1779,1783,1787,1790,1794,1798,1802,1806,1810,1814,
gold,101,936,940,944,948,952,956,960,964,968,972,976,979,1748,1752,1756,1760,1764,1768,1772,1776,1780,1784,1788,1791,1795,1799,1803,1807,1811,1815,
gold,101,596,597,937,941,945,949,953,957,961,965,969,973,980,1262,1263,1264,1265,1266,1267,1268,1269,1270,1271,1272,1273,1749,1753,1757,1761,1765,1769,1773,1777,1781,1785,1792,1796,1800,1804,1808,1812,1816,2316,2317,2318,2319,2320,2321,2322,2323,2324,2325,2326,2327,
red,101,938,942,946,950,954,958,962,966,970,974,977,981,1750,1754,1758,1762,1766,1770,1774,1778,1782,1786,1789,1793,1797,1801,1805,1809,1813,1817,
gold,101,448,449,450,451,474,475,476,477,478,479,480,503,504,505,506,521,522,523,2098,2099,2100,2101,2124,2125,2126,2127,2128,2129,2130,2153,2154,2155,2156,2171,2172,2173,
gold,102,794,798,802,806,810,814,818,822,826,830,834,837,1558,1562,1566,1570,1574,1578,1582,1586,1590,1594,1598,1601,1605,1609,1613,1617,1621,1625,
red,102,795,799,803,807,811,815,819,823,827,831,835,838,1559,1563,1567,1571,1575,1579,1583,1587,1591,1595,1599,1602,1606,1610,1614,1618,1622,1626,
gold,102,590,591,796,800,804,808,812,816,820,824,828,832,839,1226,1227,1228,1229,1230,1231,1232,1233,1234,1235,1236,1237,1560,1564,1568,1572,1576,1580,1584,1588,1592,1596,1603,1607,1611,1615,1619,1623,1627,2280,2281,2282,2283,2284,2285,2286,2287,2288,2289,2290,2291,
gold,102,797,801,805,809,813,817,821,825,829,833,836,840,1561,1565,1569,1573,1577,1581,1585,1589,1593,1597,1600,1604,1608,1612,1616,1620,1624,1628,
gold,102,536,537,538,539,540,541,551,552,553,554,555,556,557,558,559,566,567,568,569,570,571,577,578,579,580,581,2186,2187,2188,2189,2190,2191,2201,2202,2203,2204,2205,2206,2207,2208,2209,2216,2217,2218,2219,2220,2221,2227,2228,2229,2230,2231,
gold,103,747,751,755,759,763,767,771,775,779,783,787,790,1487,1491,1495,1499,1503,1507,1511,1515,1519,1523,1527,1530,1534,1538,1542,1546,1550,1554,
gold,103,748,752,756,760,764,768,772,776,780,784,788,791,1488,1492,1496,1500,1504,1508,1512,1516,1520,1524,1528,1531,1535,1539,1543,1547,1551,1555,
gold,103,588,589,749,753,757,761,765,769,773,777,781,785,792,1214,1215,1216,1217,1218,1219,1220,1221,1222,1223,1224,1225,1489,1493,1497,1501,1505,1509,1513,1517,1521,1525,1532,1536,1540,1544,1548,1552,1556,2268,2269,2270,2271,2272,2273,2274,2275,2276,2277,2278,2279,
red,103,750,754,758,762,766,770,774,778,782,786,789,793,1490,1494,1498,1502,1506,1510,1514,1518,1522,1526,1529,1533,1537,1541,1545,1549,1553,1557,
gold,103,530,531,532,533,534,535,542,543,544,545,546,547,548,549,550,560,561,562,563,564,565,572,573,574,575,576,2180,2181,2182,2183,2184,2185,2192,2193,2194,2195,2196,2197,2198,2199,2200,2210,2211,2212,2213,2214,2215,2222,2223,2224,2225,2226,
red,104,763,764,765,766,787,788,789,1503,1504,1505,1506,1527,1528,1529,1550,1551,1552,1553,
gold,104,
gold,105,1416,1417,1418,1419,1420,1421,1422,1423,1424,1425,1426,1427,1428,1429,1430,1431,1432,1433,1434,1435,1436,1437,1438,1439,
red,105,700,701,702,703,704,705,706,707,708,709,710,711,712,713,714,715,716,717,718,719,720,721,722,723,1202,1204,1206,1208,1210,1212,1440,1441,1442,1443,1444,1445,1446,1447,1448,1449,1450,1451,1452,1453,1454,1455,1456,1457,1458,1459,1460,1461,1462,2256,2258,2260,2262,2264,2266,
gold,105,724,725,726,727,728,729,730,731,732,733,734,735,736,737,738,739,740,741,742,743,744,745,746,1203,1205,1207,1209,1211,1213,1463,1464,1465,1466,1467,1468,1469,1470,1471,1472,1473,1474,1475,1476,1477,1478,1479,1480,1481,1482,1483,1484,1485,1486,2257,2259,2261,2263,2265,2267,
gold,105,
gold,106,700,704,708,712,716,720,724,728,732,736,740,743,1416,1420,1424,1428,1432,1436,1440,1444,1448,1452,1456,1459,1463,1467,1471,1475,1479,1483,
red,106,701,705,709,713,717,721,725,729,733,737,741,744,1417,1421,1425,1429,1433,1437,1441,1445,1449,1453,1457,1460,1464,1468,1472,1476,1480,1484,
gold,106,586,587,702,706,710,714,718,722,726,730,734,738,745,1202,1203,1204,1205,1206,1207,1208,1209,1210,1211,1212,1213,1418,1422,1426,1430,1434,1438,1442,1446,1450,1454,1461,1465,1469,1473,1477,1481,1485,2256,2257,2258,2259,2260,2261,2262,2263,2264,2265,2266,2267,
gold,106,703,707,711,715,719,723,727,731,735,739,742,746,1419,1423,1427,1431,1435,1439,1443,1447,1451,1455,1458,1462,1466,1470,1474,1478,1482,1486,
gold,106,440,441,442,443,460,461,462,463,464,465,466,495,496,497,498,515,516,517,2090,2091,2092,2093,2110,2111,2112,2113,2114,2115,2116,2145,2146,2147,2148,2165,2166,2167,
gold,107,1629,1630,1631,1632,1633,1634,1635,1636,1637,1638,1639,1640,1641,1642,1643,1644,1645,1646,1647,1648,1649,1650,1651,1652,
gold,107,841,842,843,844,845,846,847,848,849,850,851,852,853,854,855,856,857,858,859,860,861,862,863,864,1238,1240,1242,1244,1246,1248,1653,1654,1655,1656,1657,1658,1659,1660,1661,1662,1663,1664,1665,1666,1667,1668,1669,1670,1671,1672,1673,1674,1675,2292,2294,2296,2298,2300,2302,
red,107,865,866,867,868,869,870,871,872,873,874,875,876,877,878,879,880,881,882,883,884,885,886,887,1239,1241,1243,1245,1247,1249,1676,1677,1678,1679,1680,1681,1682,1683,1684,1685,1686,1687,1688,1689,1690,1691,1692,1693,1694,1695,1696,1697,1698,1699,2293,2295,2297,2299,2301,2303,
gold,107,
gold,108,841,845,849,853,857,861,865,869,873,877,881,884,1629,1633,1637,1641,1645,1649,1653,1657,1661,1665,1669,1672,1676,1680,1684,1688,1692,1696,
gold,108,842,846,850,854,858,862,866,870,874,878,882,885,1630,1634,1638,1642,1646,1650,1654,1658,1662,1666,1670,1673,1677,1681,1685,1689,1693,1697,
gold,108,592,593,843,847,851,855,859,863,867,871,875,879,886,1238,1239,1240,1241,1242,1243,1244,1245,1246,1247,1248,1249,1631,1635,1639,1643,1647,1651,1655,1659,1663,1667,1674,1678,1682,1686,1690,1694,1698,2292,2293,2294,2295,2296,2297,2298,2299,2300,2301,2302,2303,
red,108,844,848,852,856,860,864,868,872,876,880,883,887,1632,1636,1640,1644,1648,1652,1656,1660,1664,1668,1671,1675,1679,1683,1687,1691,1695,1699,
gold,108,444,445,446,447,467,468,469,470,471,472,473,499,500,501,502,518,519,520,2094,2095,2096,2097,2117,2118,2119,2120,2121,2122,2123,2149,2150,2151,2152,2168,2169,2170,
gold,109,1818,1819,1820,1821,1822,1823,1824,1825,1826,1827,1828,1829,1830,1831,1832,1833,1834,1835,1836,1837,1838,1839,1840,1841,
red,109,982,983,984,985,986,987,988,989,990,991,992,993,994,995,996,997,998,999,1000,1001,1002,1003,1004,1005,1274,1276,1278,1280,1282,1284,1842,1843,1844,1845,1846,1847,1848,1849,1850,1851,1852,1853,1854,1855,1856,1857,1858,1859,1860,1861,1862,1863,1864,2328,2330,2332,2334,2336,2338,
gold,109,1006,1007,1008,1009,1010,1011,1012,1013,1014,1015,1016,1017,1018,1019,1020,1021,1022,1023,1024,1025,1026,1027,1028,1275,1277,1279,1281,1283,1285,1865,1866,1867,1868,1869,1870,1871,1872,1873,1874,1875,1876,1877,1878,1879,1880,1881,1882,1883,1884,1885,1886,1887,1888,2329,2331,2333,2335,2337,2339,
gold,109,
gold,110,982,986,990,994,998,1002,1006,1010,1014,1018,1022,1025,1818,1822,1826,1830,1834,1838,1842,1846,1850,1854,1858,1861,1865,1869,1873,1877,1881,1885,
red,110,983,987,991,995,999,1003,1007,1011,1015,1019,1023,1026,1819,1823,1827,1831,1835,1839,1843,1847,1851,1855,1859,1862,1866,1870,1874,1878,1882,1886,
gold,110,598,599,984,988,992,996,1000,1004,1008,1012,1016,1020,1027,1274,1275,1276,1277,1278,1279,1280,1281,1282,1283,1284,1285,1820,1824,1828,1832,1836,1840,1844,1848,1852,1856,1863,1867,1871,1875,1879,1883,1887,2328,2329,2330,2331,2332,2333,2334,2335,2336,2337,2338,2339,
gold,110,985,989,993,997,1001,1005,1009,1013,1017,1021,1024,1028,1821,1825,1829,1833,1837,1841,1845,1849,1853,1857,1860,1864,1868,1872,1876,1880,1884,1888,
gold,110,452,453,454,455,481,482,483,484,485,486,487,507,508,509,510,524,525,526,2102,2103,2104,2105,2131,2132,2133,2134,2135,2136,2137,2157,2158,2159,2160,2174,2175,2176,
gold,111,1972,1973,1974,1975,1976,1977,1978,1979,1980,1981,1982,1983,1984,1985,1986,1987,1988,1989,1990,1991,1992,1993,1994,1995,
gold,111,1084,1085,1086,1087,1088,1089,1090,1091,1092,1093,1094,1095,1096,1097,1098,1099,1100,1101,1102,1103,1104,1105,1106,1107,1298,1300,1302,1304,1306,1308,1996,1997,1998,1999,2000,2001,2002,2003,2004,2005,2006,2007,2008,2009,2010,2011,2012,2013,2014,2015,2016,2017,2018,2352,2354,2356,2358,2360,2362,
red,111,1108,1109,1110,1111,1112,1113,1114,1115,1116,1117,1118,1119,1120,1121,1122,1123,1124,1125,1126,1127,1128,1129,1130,1299,1301,1303,1305,1307,1309,2019,2020,2021,2022,2023,2024,2025,2026,2027,2028,2029,2030,2031,2032,2033,2034,2035,2036,2037,2038,2039,2040,2041,2042,2353,2355,2357,2359,2361,2363,
gold,111,
gold,112,1084,1088,1092,1096,1100,1104,1108,1112,1116,1120,1124,1127,1972,1976,1980,1984,1988,1992,1996,2000,2004,2008,2012,2015,2019,2023,2027,2031,2035,2039,
gold,112,1085,1089,1093,1097,1101,1105,1109,1113,1117,1121,1125,1128,1973,1977,1981,1985,1989,1993,1997,2001,2005,2009,2013,2016,2020,2024,2028,2032,2036,2040,
gold,112,602,603,1086,1090,1094,1098,1102,1106,1110,1114,1118,1122,1129,1298,1299,1300,1301,1302,1303,1304,1305,1306,1307,1308,1309,1974,1978,1982,1986,1990,1994,1998,2002,2006,2010,2017,2021,2025,2029,2033,2037,2041,2352,2353,2354,2355,2356,2357,2358,2359,2360,2361,2362,2363,
red,112,1087,1091,1095,1099,1103,1107,1111,1115,1119,1123,1126,1130,1975,1979,1983,1987,1991,1995,1999,2003,2007,2011,2014,2018,2022,2026,2030,2034,2038,2042,
gold,112,456,457,458,459,488,489,490,491,492,493,494,511,512,513,514,527,528,529,2106,2107,2108,2109,2138,2139,2140,2141,2142,2143,2144,2161,2162,2163,2164,2177,2178,2179,
gold,113,
gold,113,
red,113,
gold,113,
gold,114,
gold,114,
red,114,
gold,114,
red,115,
gold,115,
gold,115,
gold,115,
gold,116,
red,116,
gold,116,
gold,116,
red,117,
gold,117,
gold,117,
gold,117,
red,118,
gold,118,
gold,118,
gold,118,
lightskyblue,349,231,333,380,386,426,
lightskyblue,349,232,333,380,386,426,
lightskyblue,349,233,333,380,386,426,
lightskyblue,349,234,333,380,386,426,
lightskyblue,351,231,331,389,395,418,
lightskyblue,351,232,331,389,395,418,
lightskyblue,351,233,331,389,395,418,
lightskyblue,351,234,331,389,395,418,
lightskyblue,353,231,327,315,365,438,
lightskyblue,353,232,327,315,365,438,
lightskyblue,353,233,327,315,365,438,
lightskyblue,353,234,327,315,365,438,
lightskyblue,355,231,335,398,404,434,
lightskyblue,355,232,335,398,404,434,
lightskyblue,355,233,335,398,404,434,
lightskyblue,355,234,335,398,404,434,
lightskyblue,357,231,337,407,413,430,
lightskyblue,357,232,337,407,413,430,
lightskyblue,357,233,337,407,413,430,
lightskyblue,357,234,337,407,413,430,
lightskyblue,349,305,333,380,386,424,
lightskyblue,349,306,333,380,386,424,
lightskyblue,349,307,333,380,386,424,
lightskyblue,349,308,333,380,386,424,
lightskyblue,349,309,333,380,386,424,
lightskyblue,349,310,333,380,386,424,
lightskyblue,349,311,333,380,386,424,
lightskyblue,351,305,331,389,395,416,
lightskyblue,351,306,331,389,395,416,
lightskyblue,351,307,331,389,395,416,
lightskyblue,351,308,331,389,395,416,
lightskyblue,351,309,331,389,395,416,
lightskyblue,351,310,331,389,395,416,
lightskyblue,351,311,331,389,395,416,
lightskyblue,353,305,327,315,365,436,
lightskyblue,353,306,327,315,365,436,
lightskyblue,353,307,327,315,365,436,
lightskyblue,353,308,327,315,365,436,
lightskyblue,353,309,327,315,365,436,
lightskyblue,353,310,327,315,365,436,
lightskyblue,353,311,327,315,365,436,
lightskyblue,355,305,335,398,404,432,
lightskyblue,355,306,335,398,404,432,
lightskyblue,355,307,335,398,404,432,
lightskyblue,355,308,335,398,404,432,
lightskyblue,355,309,335,398,404,432,
lightskyblue,355,310,335,398,404,432,
lightskyblue,355,311,335,398,404,432,
lightskyblue,357,305,337,407,413,428,
lightskyblue,357,306,337,407,413,428,
lightskyblue,357,307,337,407,413,428,
lightskyblue,357,308,337,407,413,428,
lightskyblue,357,309,337,407,413,428,
lightskyblue,357,310,337,407,413,428,
lightskyblue,357,311,337,407,413,428,
lightskyblue,349,238,333,380,386,424,
lightskyblue,349,239,333,380,386,424,
lightskyblue,349,240,333,380,386,424,
lightskyblue,349,241,333,380,386,424,
lightskyblue,351,238,331,389,395,416,
lightskyblue,351,239,331,389,395,416,
lightskyblue,351,240,331,389,395,416,
lightskyblue,351,241,331,389,395,416,
lightskyblue,353,238,327,315,365,436,
lightskyblue,353,239,327,315,365,436,
lightskyblue,353,240,327,315,365,436,
lightskyblue,353,241,327,315,365,436,
lightskyblue,355,238,335,398,404,432,
lightskyblue,355,239,335,398,404,432,
lightskyblue,355,240,335,398,404,432,
lightskyblue,355,241,335,398,404,432,
lightskyblue,357,238,337,407,413,428,
lightskyblue,357,239,337,407,413,428,
lightskyblue,357,240,337,407,413,428,
lightskyblue,357,241,337,407,413,428,
lightskyblue,349,225,333,380,386,425,
lightskyblue,349,226,333,380,386,425,
lightskyblue,349,227,333,380,386,425,
lightskyblue,351,225,331,389,395,417,
lightskyblue,351,226,331,389,395,417,
lightskyblue,351,227,331,389,395,417,
lightskyblue,353,225,327,315,365,437,
lightskyblue,353,226,327,315,365,437,
lightskyblue,353,227,327,315,365,437,
lightskyblue,355,225,335,398,404,433,
lightskyblue,355,226,335,398,404,433,
lightskyblue,355,227,335,398,404,433,
lightskyblue,357,225,337,407,413,429,
lightskyblue,357,226,337,407,413,429,
lightskyblue,357,227,337,407,413,429,
lightskyblue,359,231,378,319,375,
lightskyblue,359,232,378,319,375,
lightskyblue,359,233,378,319,375,
lightskyblue,359,234,378,319,375,
lightskyblue,359,235,378,319,375,
lightskyblue,359,236,378,319,375,
lightskyblue,361,231,329,323,370,422,
lightskyblue,361,232,329,323,370,422,
lightskyblue,361,233,329,323,370,422,
lightskyblue,361,234,329,323,370,422,
lightskyblue,361,235,329,323,370,422,
lightskyblue,361,236,329,323,370,422,
lightskyblue,359,305,378,319,375,
lightskyblue,359,306,378,319,375,
lightskyblue,359,307,378,319,375,
lightskyblue,359,308,378,319,375,
lightskyblue,359,309,378,319,375,
lightskyblue,359,310,378,319,375,
lightskyblue,359,311,378,319,375,
lightskyblue,359,312,378,319,375,
lightskyblue,359,313,378,319,375,
lightskyblue,361,305,329,323,370,420,
lightskyblue,361,306,329,323,370,420,
lightskyblue,361,307,329,323,370,420,
lightskyblue,361,308,329,323,370,420,
lightskyblue,361,309,329,323,370,420,
lightskyblue,361,310,329,323,370,420,
lightskyblue,361,311,329,323,370,420,
lightskyblue,361,312,329,323,370,420,
lightskyblue,361,313,329,323,370,420,
lightskyblue,359,238,378,319,375,
lightskyblue,359,239,378,319,375,
lightskyblue,359,240,378,319,375,
lightskyblue,359,241,378,319,375,
lightskyblue,359,242,378,319,375,
lightskyblue,359,243,378,319,375,
lightskyblue,361,238,329,323,370,420,
lightskyblue,361,239,329,323,370,420,
lightskyblue,361,240,329,323,370,420,
lightskyblue,361,241,329,323,370,420,
lightskyblue,361,242,329,323,370,420,
lightskyblue,361,243,329,323,370,420,
lightskyblue,359,225,378,319,375,
lightskyblue,359,226,378,319,375,
lightskyblue,359,227,378,319,375,
lightskyblue,359,228,378,319,375,
lightskyblue,359,229,378,319,375,
lightskyblue,361,225,329,323,370,421,
lightskyblue,361,226,329,323,370,421,
lightskyblue,361,227,329,323,370,421,
lightskyblue,361,228,329,323,370,421,
lightskyblue,361,229,329,323,370,421,
lightskyblue,200,209,205,
lightskyblue,202,209,205,
lightskyblue,180,187,191,
lightskyblue,182,187,191,
lightskyblue,347,334,385,
lightskyblue,303,334,385,
lightskyblue,299,379,374,
lightskyblue,301,379,374,
lightskyblue,341,330,369,
lightskyblue,297,330,369,
lightskyblue,293,332,394,
lightskyblue,295,332,394,
lightskyblue,172,171,167,
lightskyblue,164,171,167,
lightskyblue,285,328,364,
lightskyblue,287,328,364,
lightskyblue,289,336,403,
lightskyblue,343,336,403,
lightskyblue,143,148,155,
lightskyblue,145,148,155,
lightskyblue,345,338,412,
lightskyblue,291,338,412,
lightskyblue,125,130,134,
lightskyblue,131,130,134,
lightskyblue,195,208,211,206,
lightskyblue,195,208,211,206,
lightskyblue,195,208,211,
lightskyblue,195,208,211,204,
lightskyblue,197,208,211,206,
lightskyblue,197,208,211,206,
lightskyblue,197,208,211,
lightskyblue,197,208,211,204,
lightskyblue,201,208,211,206,
lightskyblue,201,208,211,206,
lightskyblue,201,208,211,
lightskyblue,201,208,211,204,
lightskyblue,203,208,211,206,
lightskyblue,203,208,211,206,
lightskyblue,203,208,211,
lightskyblue,203,208,211,204,
lightskyblue,211,206,
lightskyblue,211,206,
lightskyblue,211,
lightskyblue,211,204,
lightskyblue,208,199,211,206,
lightskyblue,208,199,211,206,
lightskyblue,208,199,211,
lightskyblue,208,199,211,204,
lightskyblue,195,208,206,
lightskyblue,195,208,206,
lightskyblue,195,208,
lightskyblue,195,208,204,
lightskyblue,197,208,206,
lightskyblue,197,208,206,
lightskyblue,197,208,
lightskyblue,197,208,204,
lightskyblue,201,208,206,
lightskyblue,201,208,206,
lightskyblue,201,208,
lightskyblue,201,208,204,
lightskyblue,203,208,206,
lightskyblue,203,208,206,
lightskyblue,203,208,
lightskyblue,203,208,204,
lightskyblue,206,
lightskyblue,206,
lightskyblue,204,
lightskyblue,208,199,206,
lightskyblue,208,199,206,
lightskyblue,208,199,
lightskyblue,208,199,204,
lightskyblue,189,186,185,192,
lightskyblue,189,186,185,192,
lightskyblue,189,186,185,
lightskyblue,189,186,185,190,
lightskyblue,177,186,185,192,
lightskyblue,177,186,185,192,
lightskyblue,177,186,185,
lightskyblue,177,186,185,190,
lightskyblue,181,186,185,192,
lightskyblue,181,186,185,192,
lightskyblue,181,186,185,
lightskyblue,181,186,185,190,
lightskyblue,183,186,185,192,
lightskyblue,183,186,185,192,
lightskyblue,183,186,185,
lightskyblue,183,186,185,190,
lightskyblue,185,192,
lightskyblue,185,192,
lightskyblue,185,
lightskyblue,185,190,
lightskyblue,186,179,185,192,
lightskyblue,186,179,185,192,
lightskyblue,186,179,185,
lightskyblue,186,179,185,190,
lightskyblue,189,186,192,
lightskyblue,189,186,192,
lightskyblue,189,186,
lightskyblue,189,186,190,
lightskyblue,177,186,192,
lightskyblue,177,186,192,
lightskyblue,177,186,
lightskyblue,177,186,190,
lightskyblue,181,186,192,
lightskyblue,181,186,192,
lightskyblue,181,186,
lightskyblue,181,186,190,
lightskyblue,183,186,192,
lightskyblue,183,186,192,
lightskyblue,183,186,
lightskyblue,183,186,190,
lightskyblue,192,
lightskyblue,192,
lightskyblue,190,
lightskyblue,186,179,192,
lightskyblue,186,179,192,
lightskyblue,186,179,
lightskyblue,186,179,190,
lightskyblue,246,333,382,386,
lightskyblue,246,333,382,386,
lightskyblue,246,333,382,
lightskyblue,246,333,382,384,
lightskyblue,248,333,382,386,
lightskyblue,248,333,382,386,
lightskyblue,248,333,382,
lightskyblue,248,333,382,384,
lightskyblue,348,333,382,386,
lightskyblue,348,333,382,386,
lightskyblue,348,333,382,
lightskyblue,348,333,382,384,
lightskyblue,304,333,382,386,
lightskyblue,304,333,382,386,
lightskyblue,304,333,382,
lightskyblue,304,333,382,384,
lightskyblue,382,386,
lightskyblue,382,386,
lightskyblue,382,
lightskyblue,382,384,
lightskyblue,333,284,382,386,
lightskyblue,333,284,382,386,
lightskyblue,333,284,382,
lightskyblue,333,284,382,384,
lightskyblue,246,333,386,
lightskyblue,246,333,386,
lightskyblue,246,333,
lightskyblue,246,333,384,
lightskyblue,248,333,386,
lightskyblue,248,333,386,
lightskyblue,248,333,
lightskyblue,248,333,384,
lightskyblue,348,333,386,
lightskyblue,348,333,386,
lightskyblue,348,333,
lightskyblue,348,333,384,
lightskyblue,304,333,386,
lightskyblue,304,333,386,
lightskyblue,304,333,
lightskyblue,304,333,384,
lightskyblue,386,
lightskyblue,386,
lightskyblue,384,
lightskyblue,333,284,386,
lightskyblue,333,284,386,
lightskyblue,333,284,
lightskyblue,333,284,384,
lightskyblue,250,378,321,375,
lightskyblue,250,378,321,375,
lightskyblue,250,378,321,
lightskyblue,250,378,321,373,
lightskyblue,252,378,321,375,
lightskyblue,252,378,321,375,
lightskyblue,252,378,321,
lightskyblue,252,378,321,373,
lightskyblue,300,378,321,375,
lightskyblue,300,378,321,375,
lightskyblue,300,378,321,
lightskyblue,300,378,321,373,
lightskyblue,302,378,321,375,
lightskyblue,302,378,321,375,
lightskyblue,302,378,321,
lightskyblue,302,378,321,373,
lightskyblue,321,375,
lightskyblue,321,375,
lightskyblue,321,
lightskyblue,321,373,
lightskyblue,378,282,321,375,
lightskyblue,378,282,321,375,
lightskyblue,378,282,321,
lightskyblue,378,282,321,373,
lightskyblue,250,378,375,
lightskyblue,250,378,375,
lightskyblue,250,378,
lightskyblue,250,378,373,
lightskyblue,252,378,375,
lightskyblue,252,378,375,
lightskyblue,252,378,
lightskyblue,252,378,373,
lightskyblue,300,378,375,
lightskyblue,300,378,375,
lightskyblue,300,378,
lightskyblue,300,378,373,
lightskyblue,302,378,375,
lightskyblue,302,378,375,
lightskyblue,302,378,
lightskyblue,302,378,373,
lightskyblue,375,
lightskyblue,375,
lightskyblue,373,
lightskyblue,378,282,375,
lightskyblue,378,282,375,
lightskyblue,378,282,
lightskyblue,378,282,373,
lightskyblue,254,329,325,370,
lightskyblue,254,329,325,370,
lightskyblue,254,329,325,
lightskyblue,254,329,325,368,
lightskyblue,256,329,325,370,
lightskyblue,256,329,325,370,
lightskyblue,256,329,325,
lightskyblue,256,329,325,368,
lightskyblue,342,329,325,370,
lightskyblue,342,329,325,370,
lightskyblue,342,329,325,
lightskyblue,342,329,325,368,
lightskyblue,298,329,325,370,
lightskyblue,298,329,325,370,
lightskyblue,298,329,325,
lightskyblue,298,329,325,368,
lightskyblue,325,370,
lightskyblue,325,370,
lightskyblue,325,
lightskyblue,325,368,
lightskyblue,329,280,325,370,
lightskyblue,329,280,325,370,
lightskyblue,329,280,325,
lightskyblue,329,280,325,368,
lightskyblue,254,329,370,
lightskyblue,254,329,370,
lightskyblue,254,329,
lightskyblue,254,329,368,
lightskyblue,256,329,370,
lightskyblue,256,329,370,
lightskyblue,256,329,
lightskyblue,256,329,368,
lightskyblue,342,329,370,
lightskyblue,342,329,370,
lightskyblue,342,329,
lightskyblue,342,329,368,
lightskyblue,298,329,370,
lightskyblue,298,329,370,
lightskyblue,298,329,
lightskyblue,298,329,368,
lightskyblue,370,
lightskyblue,370,
lightskyblue,368,
lightskyblue,329,280,370,
lightskyblue,329,280,370,
lightskyblue,329,280,
lightskyblue,329,280,368,
lightskyblue,258,331,391,395,
lightskyblue,258,331,391,395,
lightskyblue,258,331,391,
lightskyblue,258,331,391,393,
lightskyblue,260,331,391,395,
lightskyblue,260,331,391,395,
lightskyblue,260,331,391,
lightskyblue,260,331,391,393,
lightskyblue,294,331,391,395,
lightskyblue,294,331,391,395,
lightskyblue,294,331,391,
lightskyblue,294,331,391,393,
lightskyblue,296,331,391,395,
lightskyblue,296,331,391,395,
lightskyblue,296,331,391,
lightskyblue,296,331,391,393,
lightskyblue,391,395,
lightskyblue,391,395,
lightskyblue,391,
lightskyblue,391,393,
lightskyblue,331,278,391,395,
lightskyblue,331,278,391,395,
lightskyblue,331,278,391,
lightskyblue,331,278,391,393,
lightskyblue,258,331,395,
lightskyblue,258,331,395,
lightskyblue,258,331,
lightskyblue,258,331,393,
lightskyblue,260,331,395,
lightskyblue,260,331,395,
lightskyblue,260,331,
lightskyblue,260,331,393,
lightskyblue,294,331,395,
lightskyblue,294,331,395,
lightskyblue,294,331,
lightskyblue,294,331,393,
lightskyblue,296,331,395,
lightskyblue,296,331,395,
lightskyblue,296,331,
lightskyblue,296,331,393,
lightskyblue,395,
lightskyblue,395,
lightskyblue,393,
lightskyblue,331,278,395,
lightskyblue,331,278,395,
lightskyblue,331,278,
lightskyblue,331,278,393,
lightskyblue,159,170,175,168,
lightskyblue,159,170,175,168,
lightskyblue,159,170,175,
lightskyblue,159,170,175,166,
lightskyblue,161,170,175,168,
lightskyblue,161,170,175,168,
lightskyblue,161,170,175,
lightskyblue,161,170,175,166,
lightskyblue,173,170,175,168,
lightskyblue,173,170,175,168,
lightskyblue,173,170,175,
lightskyblue,173,170,175,166,
lightskyblue,165,170,175,168,
lightskyblue,165,170,175,168,
lightskyblue,165,170,175,
lightskyblue,165,170,175,166,
lightskyblue,175,168,
lightskyblue,175,168,
lightskyblue,175,
lightskyblue,175,166,
lightskyblue,170,163,175,168,
lightskyblue,170,163,175,168,
lightskyblue,170,163,175,
lightskyblue,170,163,175,166,
lightskyblue,159,170,168,
lightskyblue,159,170,168,
lightskyblue,159,170,
lightskyblue,159,170,166,
lightskyblue,161,170,168,
lightskyblue,161,170,168,
lightskyblue,161,170,
lightskyblue,161,170,166,
lightskyblue,173,170,168,
lightskyblue,173,170,168,
lightskyblue,173,170,
lightskyblue,173,170,166,
lightskyblue,165,170,168,
lightskyblue,165,170,168,
lightskyblue,165,170,
lightskyblue,165,170,166,
lightskyblue,168,
lightskyblue,168,
lightskyblue,166,
lightskyblue,170,163,168,
lightskyblue,170,163,168,
lightskyblue,170,163,
lightskyblue,170,163,166,
lightskyblue,262,327,317,365,
lightskyblue,262,327,317,365,
lightskyblue,262,327,317,
lightskyblue,262,327,317,363,
lightskyblue,340,327,317,365,
lightskyblue,340,327,317,365,
lightskyblue,340,327,317,
lightskyblue,340,327,317,363,
lightskyblue,286,327,317,365,
lightskyblue,286,327,317,365,
lightskyblue,286,327,317,
lightskyblue,286,327,317,363,
lightskyblue,288,327,317,365,
lightskyblue,288,327,317,365,
lightskyblue,288,327,317,
lightskyblue,288,327,317,363,
lightskyblue,317,365,
lightskyblue,317,365,
lightskyblue,317,
lightskyblue,317,363,
lightskyblue,327,264,317,365,
lightskyblue,327,264,317,365,
lightskyblue,327,264,317,
lightskyblue,327,264,317,363,
lightskyblue,262,327,365,
lightskyblue,262,327,365,
lightskyblue,262,327,
lightskyblue,262,327,363,
lightskyblue,340,327,365,
lightskyblue,340,327,365,
lightskyblue,340,327,
lightskyblue,340,327,363,
lightskyblue,286,327,365,
lightskyblue,286,327,365,
lightskyblue,286,327,
lightskyblue,286,327,363,
lightskyblue,288,327,365,
lightskyblue,288,327,365,
lightskyblue,288,327,
lightskyblue,288,327,363,
lightskyblue,365,
lightskyblue,365,
lightskyblue,363,
lightskyblue,327,264,365,
lightskyblue,327,264,365,
lightskyblue,327,264,
lightskyblue,327,264,363,
lightskyblue,266,335,400,404,
lightskyblue,266,335,400,404,
lightskyblue,266,335,400,
lightskyblue,266,335,400,402,
lightskyblue,268,335,400,404,
lightskyblue,268,335,400,404,
lightskyblue,268,335,400,
lightskyblue,268,335,400,402,
lightskyblue,290,335,400,404,
lightskyblue,290,335,400,404,
lightskyblue,290,335,400,
lightskyblue,290,335,400,402,
lightskyblue,344,335,400,404,
lightskyblue,344,335,400,404,
lightskyblue,344,335,400,
lightskyblue,344,335,400,402,
lightskyblue,400,404,
lightskyblue,400,404,
lightskyblue,400,
lightskyblue,400,402,
lightskyblue,335,270,400,404,
lightskyblue,335,270,400,404,
lightskyblue,335,270,400,
lightskyblue,335,270,400,402,
lightskyblue,266,335,404,
lightskyblue,266,335,404,
lightskyblue,266,335,
lightskyblue,266,335,402,
lightskyblue,268,335,404,
lightskyblue,268,335,404,
lightskyblue,268,335,
lightskyblue,268,335,402,
lightskyblue,290,335,404,
lightskyblue,290,335,404,
lightskyblue,290,335,
lightskyblue,290,335,402,
lightskyblue,344,335,404,
lightskyblue,344,335,404,
lightskyblue,344,335,
lightskyblue,344,335,402,
lightskyblue,404,
lightskyblue,404,
lightskyblue,402,
lightskyblue,335,270,404,
lightskyblue,335,270,404,
lightskyblue,335,270,
lightskyblue,335,270,402,
lightskyblue,140,147,153,156,
lightskyblue,140,147,153,156,
lightskyblue,140,147,153,
lightskyblue,140,147,153,154,
lightskyblue,142,147,153,156,
lightskyblue,142,147,153,156,
lightskyblue,142,147,153,
lightskyblue,142,147,153,154,
lightskyblue,144,147,153,156,
lightskyblue,144,147,153,156,
lightskyblue,144,147,153,
lightskyblue,144,147,153,154,
lightskyblue,146,147,153,156,
lightskyblue,146,147,153,156,
lightskyblue,146,147,153,
lightskyblue,146,147,153,154,
lightskyblue,153,156,
lightskyblue,153,156,
lightskyblue,153,
lightskyblue,153,154,
lightskyblue,147,138,153,156,
lightskyblue,147,138,153,156,
lightskyblue,147,138,153,
lightskyblue,147,138,153,154,
lightskyblue,147,150,153,156,
lightskyblue,147,150,153,156,
lightskyblue,147,150,153,
lightskyblue,147,150,153,154,
lightskyblue,140,147,156,
lightskyblue,140,147,156,
lightskyblue,140,147,
lightskyblue,140,147,154,
lightskyblue,142,147,156,
lightskyblue,142,147,156,
lightskyblue,142,147,
lightskyblue,142,147,154,
lightskyblue,144,147,156,
lightskyblue,144,147,156,
lightskyblue,144,147,
lightskyblue,144,147,154,
lightskyblue,146,147,156,
lightskyblue,146,147,156,
lightskyblue,146,147,
lightskyblue,146,147,154,
lightskyblue,156,
lightskyblue,156,
lightskyblue,154,
lightskyblue,147,138,156,
lightskyblue,147,138,156,
lightskyblue,147,138,
lightskyblue,147,138,154,
lightskyblue,147,150,156,
lightskyblue,147,150,156,
lightskyblue,147,150,
lightskyblue,147,150,154,
lightskyblue,272,337,409,413,
lightskyblue,272,337,409,413,
lightskyblue,272,337,409,
lightskyblue,272,337,409,411,
lightskyblue,274,337,409,413,
lightskyblue,274,337,409,413,
lightskyblue,274,337,409,
lightskyblue,274,337,409,411,
lightskyblue,346,337,409,413,
lightskyblue,346,337,409,413,
lightskyblue,346,337,409,
lightskyblue,346,337,409,411,
lightskyblue,292,337,409,413,
lightskyblue,292,337,409,413,
lightskyblue,292,337,409,
lightskyblue,292,337,409,411,
lightskyblue,409,413,
lightskyblue,409,413,
lightskyblue,409,
lightskyblue,409,411,
lightskyblue,337,276,409,413,
lightskyblue,337,276,409,413,
lightskyblue,337,276,409,
lightskyblue,337,276,409,411,
lightskyblue,272,337,413,
lightskyblue,272,337,413,
lightskyblue,272,337,
lightskyblue,272,337,411,
lightskyblue,274,337,413,
lightskyblue,274,337,413,
lightskyblue,274,337,
lightskyblue,274,337,411,
lightskyblue,346,337,413,
lightskyblue,346,337,413,
lightskyblue,346,337,
lightskyblue,346,337,411,
lightskyblue,292,337,413,
lightskyblue,292,337,413,
lightskyblue,292,337,
lightskyblue,292,337,411,
lightskyblue,413,
lightskyblue,413,
lightskyblue,411,
lightskyblue,337,276,413,
lightskyblue,337,276,413,
lightskyblue,337,276,
lightskyblue,337,276,411,
lightskyblue,120,129,128,135,
lightskyblue,120,129,128,135,
lightskyblue,120,129,128,
lightskyblue,120,129,128,133,
lightskyblue,122,129,128,135,
lightskyblue,122,129,128,135,
lightskyblue,122,129,128,
lightskyblue,122,129,128,133,
lightskyblue,126,129,128,135,
lightskyblue,126,129,128,135,
lightskyblue,126,129,128,
lightskyblue,126,129,128,133,
lightskyblue,132,129,128,135,
lightskyblue,132,129,128,135,
lightskyblue,132,129,128,
lightskyblue,132,129,128,133,
lightskyblue,128,135,
lightskyblue,128,135,
lightskyblue,128,
lightskyblue,128,133,
lightskyblue,129,124,128,135,
lightskyblue,129,124,128,135,
lightskyblue,129,124,128,
lightskyblue,129,124,128,133,
lightskyblue,120,129,135,
lightskyblue,120,129,135,
lightskyblue,120,129,
lightskyblue,120,129,133,
lightskyblue,122,129,135,
lightskyblue,122,129,135,
lightskyblue,122,129,
lightskyblue,122,129,133,
lightskyblue,126,129,135,
lightskyblue,126,129,135,
lightskyblue,126,129,
lightskyblue,126,129,133,
lightskyblue,132,129,135,
lightskyblue,132,129,135,
lightskyblue,132,129,
lightskyblue,132,129,133,
lightskyblue,135,
lightskyblue,135,
lightskyblue,133,
lightskyblue,129,124,135,
lightskyblue,129,124,135,
lightskyblue,129,124,
lightskyblue,129,124,133,
lightskyblue,194,209,207,
lightskyblue,194,209,207,
lightskyblue,196,209,207,
lightskyblue,196,209,207,
lightskyblue,200,209,207,
lightskyblue,200,209,207,
lightskyblue,202,209,207,
lightskyblue,202,209,207,
lightskyblue,208,207,
lightskyblue,208,207,
lightskyblue,209,198,207,
lightskyblue,209,198,207,
lightskyblue,188,187,193,
lightskyblue,188,187,193,
lightskyblue,176,187,193,
lightskyblue,176,187,193,
lightskyblue,180,187,193,
lightskyblue,180,187,193,
lightskyblue,182,187,193,
lightskyblue,182,187,193,
lightskyblue,186,193,
lightskyblue,186,193,
lightskyblue,187,178,193,
lightskyblue,187,178,193,
lightskyblue,245,334,387,
lightskyblue,245,334,387,
lightskyblue,247,334,387,
lightskyblue,247,334,387,
lightskyblue,347,334,387,
lightskyblue,347,334,387,
lightskyblue,303,334,387,
lightskyblue,303,334,387,
lightskyblue,333,387,
lightskyblue,333,387,
lightskyblue,334,283,387,
lightskyblue,334,283,387,
lightskyblue,249,379,376,
lightskyblue,249,379,376,
lightskyblue,251,379,376,
lightskyblue,251,379,376,
lightskyblue,299,379,376,
lightskyblue,299,379,376,
lightskyblue,301,379,376,
lightskyblue,301,379,376,
lightskyblue,378,376,
lightskyblue,378,376,
lightskyblue,379,281,376,
lightskyblue,379,281,376,
lightskyblue,253,330,371,
lightskyblue,253,330,371,
lightskyblue,255,330,371,
lightskyblue,255,330,371,
lightskyblue,341,330,371,
lightskyblue,341,330,371,
lightskyblue,297,330,371,
lightskyblue,297,330,371,
lightskyblue,329,371,
lightskyblue,329,371,
lightskyblue,330,279,371,
lightskyblue,330,279,371,
lightskyblue,257,332,396,
lightskyblue,257,332,396,
lightskyblue,259,332,396,
lightskyblue,259,332,396,
lightskyblue,293,332,396,
lightskyblue,293,332,396,
lightskyblue,295,332,396,
lightskyblue,295,332,396,
lightskyblue,331,396,
lightskyblue,331,396,
lightskyblue,332,277,396,
lightskyblue,332,277,396,
lightskyblue,158,171,169,
lightskyblue,158,171,169,
lightskyblue,160,171,169,
lightskyblue,160,171,169,
lightskyblue,172,171,169,
lightskyblue,172,171,169,
lightskyblue,164,171,169,
lightskyblue,164,171,169,
lightskyblue,170,169,
lightskyblue,170,169,
lightskyblue,171,162,169,
lightskyblue,171,162,169,
lightskyblue,261,328,366,
lightskyblue,261,328,366,
lightskyblue,339,328,366,
lightskyblue,339,328,366,
lightskyblue,285,328,366,
lightskyblue,285,328,366,
lightskyblue,287,328,366,
lightskyblue,287,328,366,
lightskyblue,327,366,
lightskyblue,327,366,
lightskyblue,328,263,366,
lightskyblue,328,263,366,
lightskyblue,265,336,405,
lightskyblue,265,336,405,
lightskyblue,267,336,405,
lightskyblue,267,336,405,
lightskyblue,289,336,405,
lightskyblue,289,336,405,
lightskyblue,343,336,405,
lightskyblue,343,336,405,
lightskyblue,335,405,
lightskyblue,335,405,
lightskyblue,336,269,405,
lightskyblue,336,269,405,
lightskyblue,139,148,157,
lightskyblue,139,148,157,
lightskyblue,141,148,157,
lightskyblue,141,148,157,
lightskyblue,143,148,157,
lightskyblue,143,148,157,
lightskyblue,145,148,157,
lightskyblue,145,148,157,
lightskyblue,147,157,
lightskyblue,147,157,
lightskyblue,148,149,157,
lightskyblue,148,149,157,
lightskyblue,271,338,414,
lightskyblue,271,338,414,
lightskyblue,273,338,414,
lightskyblue,273,338,414,
lightskyblue,345,338,414,
lightskyblue,345,338,414,
lightskyblue,291,338,414,
lightskyblue,291,338,414,
lightskyblue,337,414,
lightskyblue,337,414,
lightskyblue,338,275,414,
lightskyblue,338,275,414,
lightskyblue,119,130,136,
lightskyblue,119,130,136,
lightskyblue,121,130,136,
lightskyblue,121,130,136,
lightskyblue,125,130,136,
lightskyblue,125,130,136,
lightskyblue,131,130,136,
lightskyblue,131,130,136,
lightskyblue,129,136,
lightskyblue,129,136,
lightskyblue,130,123,136,
lightskyblue,130,123,136,
lightskyblue,195,208,206,
lightskyblue,195,208,206,
lightskyblue,195,208,
lightskyblue,195,208,206,
lightskyblue,197,208,206,
lightskyblue,197,208,206,
lightskyblue,197,208,
lightskyblue,197,208,206,
lightskyblue,201,208,206,
lightskyblue,201,208,206,
lightskyblue,201,208,
lightskyblue,201,208,206,
lightskyblue,203,208,206,
lightskyblue,203,208,206,
lightskyblue,203,208,
lightskyblue,203,208,206,
lightskyblue,206,
lightskyblue,206,
lightskyblue,206,
lightskyblue,208,199,206,
lightskyblue,208,199,206,
lightskyblue,208,199,
lightskyblue,208,199,206,
lightskyblue,195,208,210,206,
lightskyblue,195,208,210,206,
lightskyblue,195,208,210,
lightskyblue,195,208,210,206,
lightskyblue,197,208,210,206,
lightskyblue,197,208,210,206,
lightskyblue,197,208,210,
lightskyblue,197,208,210,206,
lightskyblue,201,208,210,206,
lightskyblue,201,208,210,206,
lightskyblue,201,208,210,
lightskyblue,201,208,210,206,
lightskyblue,203,208,210,206,
lightskyblue,203,208,210,206,
lightskyblue,203,208,210,
lightskyblue,203,208,210,206,
lightskyblue,210,206,
lightskyblue,210,206,
lightskyblue,210,
lightskyblue,210,206,
lightskyblue,208,199,210,206,
lightskyblue,208,199,210,206,
lightskyblue,208,199,210,
lightskyblue,208,199,210,206,
lightskyblue,189,186,192,
lightskyblue,189,186,192,
lightskyblue,189,186,
lightskyblue,189,186,192,
lightskyblue,177,186,192,
lightskyblue,177,186,192,
lightskyblue,177,186,
lightskyblue,177,186,192,
lightskyblue,181,186,192,
lightskyblue,181,186,192,
lightskyblue,181,186,
lightskyblue,181,186,192,
lightskyblue,183,186,192,
lightskyblue,183,186,192,
lightskyblue,183,186,
lightskyblue,183,186,192,
lightskyblue,192,
lightskyblue,192,
lightskyblue,192,
lightskyblue,186,179,192,
lightskyblue,186,179,192,
lightskyblue,186,179,
lightskyblue,186,179,192,
lightskyblue,189,186,184,192,
lightskyblue,189,186,184,192,
lightskyblue,189,186,184,
lightskyblue,189,186,184,192,
lightskyblue,177,186,184,192,
lightskyblue,177,186,184,192,
lightskyblue,177,186,184,
lightskyblue,177,186,184,192,
lightskyblue,181,186,184,192,
lightskyblue,181,186,184,192,
lightskyblue,181,186,184,
lightskyblue,181,186,184,192,
lightskyblue,183,186,184,192,
lightskyblue,183,186,184,192,
lightskyblue,183,186,184,
lightskyblue,183,186,184,192,
lightskyblue,184,192,
lightskyblue,184,192,
lightskyblue,184,
lightskyblue,184,192,
lightskyblue,186,179,184,192,
lightskyblue,186,179,184,192,
lightskyblue,186,179,184,
lightskyblue,186,179,184,192,
lightskyblue,246,333,381,386,
lightskyblue,246,333,381,386,
lightskyblue,246,333,381,
lightskyblue,246,333,381,386,
lightskyblue,248,333,381,386,
lightskyblue,248,333,381,386,
lightskyblue,248,333,381,
lightskyblue,248,333,381,386,
lightskyblue,348,333,381,386,
lightskyblue,348,333,381,386,
lightskyblue,348,333,381,
lightskyblue,348,333,381,386,
lightskyblue,304,333,381,386,
lightskyblue,304,333,381,386,
lightskyblue,304,333,381,
lightskyblue,304,333,381,386,
lightskyblue,381,386,
lightskyblue,381,386,
lightskyblue,381,
lightskyblue,381,386,
lightskyblue,333,284,381,386,
lightskyblue,333,284,381,386,
lightskyblue,333,284,381,
lightskyblue,333,284,381,386,
lightskyblue,246,333,386,
lightskyblue,246,333,386,
lightskyblue,246,333,
lightskyblue,246,333,386,
lightskyblue,248,333,386,
lightskyblue,248,333,386,
lightskyblue,248,333,
lightskyblue,248,333,386,
lightskyblue,348,333,386,
lightskyblue,348,333,386,
lightskyblue,348,333,
lightskyblue,348,333,386,
lightskyblue,304,333,386,
lightskyblue,304,333,386,
lightskyblue,304,333,
lightskyblue,304,333,386,
lightskyblue,386,
lightskyblue,386,
lightskyblue,386,
lightskyblue,333,284,386,
lightskyblue,333,284,386,
lightskyblue,333,284,
lightskyblue,333,284,386,
lightskyblue,246,333,381,386,
lightskyblue,246,333,381,386,
lightskyblue,246,333,381,
lightskyblue,246,333,381,386,
lightskyblue,248,333,381,386,
lightskyblue,248,333,381,386,
lightskyblue,248,333,381,
lightskyblue,248,333,381,386,
lightskyblue,348,333,381,386,
lightskyblue,348,333,381,386,
lightskyblue,348,333,381,
lightskyblue,348,333,381,386,
lightskyblue,304,333,381,386,
lightskyblue,304,333,381,386,
lightskyblue,304,333,381,
lightskyblue,304,333,381,386,
lightskyblue,381,386,
lightskyblue,381,386,
lightskyblue,381,
lightskyblue,381,386,
lightskyblue,333,284,381,386,
lightskyblue,333,284,381,386,
lightskyblue,333,284,381,
lightskyblue,333,284,381,386,
lightskyblue,250,378,320,375,
lightskyblue,250,378,320,375,
lightskyblue,250,378,320,
lightskyblue,250,378,320,375,
lightskyblue,252,378,320,375,
lightskyblue,252,378,320,375,
lightskyblue,252,378,320,
lightskyblue,252,378,320,375,
lightskyblue,300,378,320,375,
lightskyblue,300,378,320,375,
lightskyblue,300,378,320,
lightskyblue,300,378,320,375,
lightskyblue,302,378,320,375,
lightskyblue,302,378,320,375,
lightskyblue,302,378,320,
lightskyblue,302,378,320,375,
lightskyblue,320,375,
lightskyblue,320,375,
lightskyblue,320,
lightskyblue,320,375,
lightskyblue,378,282,320,375,
lightskyblue,378,282,320,375,
lightskyblue,378,282,320,
lightskyblue,378,282,320,375,
lightskyblue,250,378,375,
lightskyblue,250,378,375,
lightskyblue,250,378,
lightskyblue,250,378,375,
lightskyblue,252,378,375,
lightskyblue,252,378,375,
lightskyblue,252,378,
lightskyblue,252,378,375,
lightskyblue,300,378,375,
lightskyblue,300,378,375,
lightskyblue,300,378,
lightskyblue,300,378,375,
lightskyblue,302,378,375,
lightskyblue,302,378,375,
lightskyblue,302,378,
lightskyblue,302,378,375,
lightskyblue,375,
lightskyblue,375,
lightskyblue,375,
lightskyblue,378,282,375,
lightskyblue,378,282,375,
lightskyblue,378,282,
lightskyblue,378,282,375,
lightskyblue,250,378,320,375,
lightskyblue,250,378,320,375,
lightskyblue,250,378,320,
lightskyblue,250,378,320,375,
lightskyblue,252,378,320,375,
lightskyblue,252,378,320,375,
lightskyblue,252,378,320,
lightskyblue,252,378,320,375,
lightskyblue,300,378,320,375,
lightskyblue,300,378,320,375,
lightskyblue,300,378,320,
lightskyblue,300,378,320,375,
lightskyblue,302,378,320,375,
lightskyblue,302,378,320,375,
lightskyblue,302,378,320,
lightskyblue,302,378,320,375,
lightskyblue,320,375,
lightskyblue,320,375,
lightskyblue,320,
lightskyblue,320,375,
lightskyblue,378,282,320,375,
lightskyblue,378,282,320,375,
lightskyblue,378,282,320,
lightskyblue,378,282,320,375,
lightskyblue,254,329,324,370,
lightskyblue,254,329,324,370,
lightskyblue,254,329,324,
lightskyblue,254,329,324,370,
lightskyblue,256,329,324,370,
lightskyblue,256,329,324,370,
lightskyblue,256,329,324,
lightskyblue,256,329,324,370,
lightskyblue,342,329,324,370,
lightskyblue,342,329,324,370,
lightskyblue,342,329,324,
lightskyblue,342,329,324,370,
lightskyblue,298,329,324,370,
lightskyblue,298,329,324,370,
lightskyblue,298,329,324,
lightskyblue,298,329,324,370,
lightskyblue,324,370,
lightskyblue,324,370,
lightskyblue,324,
lightskyblue,324,370,
lightskyblue,329,280,324,370,
lightskyblue,329,280,324,370,
lightskyblue,329,280,324,
lightskyblue,329,280,324,370,
lightskyblue,254,329,370,
lightskyblue,254,329,370,
lightskyblue,254,329,
lightskyblue,254,329,370,
lightskyblue,256,329,370,
lightskyblue,256,329,370,
lightskyblue,256,329,
lightskyblue,256,329,370,
lightskyblue,342,329,370,
lightskyblue,342,329,370,
lightskyblue,342,329,
lightskyblue,342,329,370,
lightskyblue,298,329,370,
lightskyblue,298,329,370,
lightskyblue,298,329,
lightskyblue,298,329,370,
lightskyblue,370,
lightskyblue,370,
lightskyblue,370,
lightskyblue,329,280,370,
lightskyblue,329,280,370,
lightskyblue,329,280,
lightskyblue,329,280,370,
lightskyblue,254,329,324,370,
lightskyblue,254,329,324,370,
lightskyblue,254,329,324,
lightskyblue,254,329,324,370,
lightskyblue,256,329,324,370,
lightskyblue,256,329,324,370,
lightskyblue,256,329,324,
lightskyblue,256,329,324,370,
lightskyblue,342,329,324,370,
lightskyblue,342,329,324,370,
lightskyblue,342,329,324,
lightskyblue,342,329,324,370,
lightskyblue,298,329,324,370,
lightskyblue,298,329,324,370,
lightskyblue,298,329,324,
lightskyblue,298,329,324,370,
lightskyblue,324,370,
lightskyblue,324,370,
lightskyblue,324,
lightskyblue,324,370,
lightskyblue,329,280,324,370,
lightskyblue,329,280,324,370,
lightskyblue,329,280,324,
lightskyblue,329,280,324,370,
lightskyblue,258,331,390,395,
lightskyblue,258,331,390,395,
lightskyblue,258,331,390,
lightskyblue,258,331,390,395,
lightskyblue,260,331,390,395,
lightskyblue,260,331,390,395,
lightskyblue,260,331,390,
lightskyblue,260,331,390,395,
lightskyblue,294,331,390,395,
lightskyblue,294,331,390,395,
lightskyblue,294,331,390,
lightskyblue,294,331,390,395,
lightskyblue,296,331,390,395,
lightskyblue,296,331,390,395,
lightskyblue,296,331,390,
lightskyblue,296,331,390,395,
lightskyblue,390,395,
lightskyblue,390,395,
lightskyblue,390,
lightskyblue,390,395,
lightskyblue,331,278,390,395,
lightskyblue,331,278,390,395,
lightskyblue,331,278,390,
lightskyblue,331,278,390,395,
lightskyblue,258,331,395,
lightskyblue,258,331,395,
lightskyblue,258,331,
lightskyblue,258,331,395,
lightskyblue,260,331,395,
lightskyblue,260,331,395,
lightskyblue,260,331,
lightskyblue,260,331,395,
lightskyblue,294,331,395,
lightskyblue,294,331,395,
lightskyblue,294,331,
lightskyblue,294,331,395,
lightskyblue,296,331,395,
lightskyblue,296,331,395,
lightskyblue,296,331,
lightskyblue,296,331,395,
lightskyblue,395,
lightskyblue,395,
lightskyblue,395,
lightskyblue,331,278,395,
lightskyblue,331,278,395,
lightskyblue,331,278,
lightskyblue,331,278,395,
lightskyblue,258,331,390,395,
lightskyblue,258,331,390,395,
lightskyblue,258,331,390,
lightskyblue,258,331,390,395,
lightskyblue,260,331,390,395,
lightskyblue,260,331,390,395,
lightskyblue,260,331,390,
lightskyblue,260,331,390,395,
lightskyblue,294,331,390,395,
lightskyblue,294,331,390,395,
lightskyblue,294,331,390,
lightskyblue,294,331,390,395,
lightskyblue,296,331,390,395,
lightskyblue,296,331,390,395,
lightskyblue,296,331,390,
lightskyblue,296,331,390,395,
lightskyblue,390,395,
lightskyblue,390,395,
lightskyblue,390,
lightskyblue,390,395,
lightskyblue,331,278,390,395,
lightskyblue,331,278,390,395,
lightskyblue,331,278,390,
lightskyblue,331,278,390,395,
lightskyblue,159,170,168,
lightskyblue,159,170,168,
lightskyblue,159,170,
lightskyblue,159,170,168,
lightskyblue,161,170,168,
lightskyblue,161,170,168,
lightskyblue,161,170,
lightskyblue,161,170,168,
lightskyblue,173,170,168,
lightskyblue,173,170,168,
lightskyblue,173,170,
lightskyblue,173,170,168,
lightskyblue,165,170,168,
lightskyblue,165,170,168,
lightskyblue,165,170,
lightskyblue,165,170,168,
lightskyblue,168,
lightskyblue,168,
lightskyblue,168,
lightskyblue,170,163,168,
lightskyblue,170,163,168,
lightskyblue,170,163,
lightskyblue,170,163,168,
lightskyblue,159,170,174,168,
lightskyblue,159,170,174,168,
lightskyblue,159,170,174,
lightskyblue,159,170,174,168,
lightskyblue,161,170,174,168,
lightskyblue,161,170,174,168,
lightskyblue,161,170,174,
lightskyblue,161,170,174,168,
lightskyblue,173,170,174,168,
lightskyblue,173,170,174,168,
lightskyblue,173,170,174,
lightskyblue,173,170,174,168,
lightskyblue,165,170,174,168,
lightskyblue,165,170,174,168,
lightskyblue,165,170,174,
lightskyblue,165,170,174,168,
lightskyblue,174,168,
lightskyblue,174,168,
lightskyblue,174,
lightskyblue,174,168,
lightskyblue,170,163,174,168,
lightskyblue,170,163,174,168,
lightskyblue,170,163,174,
lightskyblue,170,163,174,168,
lightskyblue,262,327,316,365,
lightskyblue,262,327,316,365,
lightskyblue,262,327,316,
lightskyblue,262,327,316,365,
lightskyblue,340,327,316,365,
lightskyblue,340,327,316,365,
lightskyblue,340,327,316,
lightskyblue,340,327,316,365,
lightskyblue,286,327,316,365,
lightskyblue,286,327,316,365,
lightskyblue,286,327,316,
lightskyblue,286,327,316,365,
lightskyblue,288,327,316,365,
lightskyblue,288,327,316,365,
lightskyblue,288,327,316,
lightskyblue,288,327,316,365,
lightskyblue,316,365,
lightskyblue,316,365,
lightskyblue,316,
lightskyblue,316,365,
lightskyblue,327,264,316,365,
lightskyblue,327,264,316,365,
lightskyblue,327,264,316,
lightskyblue,327,264,316,365,
lightskyblue,262,327,365,
lightskyblue,262,327,365,
lightskyblue,262,327,
lightskyblue,262,327,365,
lightskyblue,340,327,365,
lightskyblue,340,327,365,
lightskyblue,340,327,
lightskyblue,340,327,365,
lightskyblue,286,327,365,
lightskyblue,286,327,365,
lightskyblue,286,327,
lightskyblue,286,327,365,
lightskyblue,288,327,365,
lightskyblue,288,327,365,
lightskyblue,288,327,
lightskyblue,288,327,365,
lightskyblue,365,
lightskyblue,365,
lightskyblue,365,
lightskyblue,327,264,365,
lightskyblue,327,264,365,
lightskyblue,327,264,
lightskyblue,327,264,365,
lightskyblue,262,327,316,365,
lightskyblue,262,327,316,365,
lightskyblue,262,327,316,
lightskyblue,262,327,316,365,
lightskyblue,340,327,316,365,
lightskyblue,340,327,316,365,
lightskyblue,340,327,316,
lightskyblue,340,327,316,365,
lightskyblue,286,327,316,365,
lightskyblue,286,327,316,365,
lightskyblue,286,327,316,
lightskyblue,286,327,316,365,
lightskyblue,288,327,316,365,
lightskyblue,288,327,316,365,
lightskyblue,288,327,316,
lightskyblue,288,327,316,365,
lightskyblue,316,365,
lightskyblue,316,365,
lightskyblue,316,
lightskyblue,316,365,
lightskyblue,327,264,316,365,
lightskyblue,327,264,316,365,
lightskyblue,327,264,316,
lightskyblue,327,264,316,365,
lightskyblue,266,335,399,404,
lightskyblue,266,335,399,404,
lightskyblue,266,335,399,
lightskyblue,266,335,399,404,
lightskyblue,268,335,399,404,
lightskyblue,268,335,399,404,
lightskyblue,268,335,399,
lightskyblue,268,335,399,404,
lightskyblue,290,335,399,404,
lightskyblue,290,335,399,404,
lightskyblue,290,335,399,
lightskyblue,290,335,399,404,
lightskyblue,344,335,399,404,
lightskyblue,344,335,399,404,
lightskyblue,344,335,399,
lightskyblue,344,335,399,404,
lightskyblue,399,404,
lightskyblue,399,404,
lightskyblue,399,
lightskyblue,399,404,
lightskyblue,335,270,399,404,
lightskyblue,335,270,399,404,
lightskyblue,335,270,399,
lightskyblue,335,270,399,404,
lightskyblue,266,335,404,
lightskyblue,266,335,404,
lightskyblue,266,335,
lightskyblue,266,335,404,
lightskyblue,268,335,404,
lightskyblue,268,335,404,
lightskyblue,268,335,
lightskyblue,268,335,404,
lightskyblue,290,335,404,
lightskyblue,290,335,404,
lightskyblue,290,335,
lightskyblue,290,335,404,
lightskyblue,344,335,404,
lightskyblue,344,335,404,
lightskyblue,344,335,
lightskyblue,344,335,404,
lightskyblue,404,
lightskyblue,404,
lightskyblue,404,
lightskyblue,335,270,404,
lightskyblue,335,270,404,
lightskyblue,335,270,
lightskyblue,335,270,404,
lightskyblue,266,335,399,404,
lightskyblue,266,335,399,404,
lightskyblue,266,335,399,
lightskyblue,266,335,399,404,
lightskyblue,268,335,399,404,
lightskyblue,268,335,399,404,
lightskyblue,268,335,399,
lightskyblue,268,335,399,404,
lightskyblue,290,335,399,404,
lightskyblue,290,335,399,404,
lightskyblue,290,335,399,
lightskyblue,290,335,399,404,
lightskyblue,344,335,399,404,
lightskyblue,344,335,399,404,
lightskyblue,344,335,399,
lightskyblue,344,335,399,404,
lightskyblue,399,404,
lightskyblue,399,404,
lightskyblue,399,
lightskyblue,399,404,
lightskyblue,335,270,399,404,
lightskyblue,335,270,399,404,
lightskyblue,335,270,399,
lightskyblue,335,270,399,404,
lightskyblue,140,147,152,156,
lightskyblue,140,147,152,156,
lightskyblue,140,147,152,
lightskyblue,140,147,152,156,
lightskyblue,142,147,152,156,
lightskyblue,142,147,152,156,
lightskyblue,142,147,152,
lightskyblue,142,147,152,156,
lightskyblue,144,147,152,156,
lightskyblue,144,147,152,156,
lightskyblue,144,147,152,
lightskyblue,144,147,152,156,
lightskyblue,146,147,152,156,
lightskyblue,146,147,152,156,
lightskyblue,146,147,152,
lightskyblue,146,147,152,156,
lightskyblue,152,156,
lightskyblue,152,156,
lightskyblue,152,
lightskyblue,152,156,
lightskyblue,147,138,152,156,
lightskyblue,147,138,152,156,
lightskyblue,147,138,152,
lightskyblue,147,138,152,156,
lightskyblue,147,150,152,156,
lightskyblue,147,150,152,156,
lightskyblue,147,150,152,
lightskyblue,147,150,152,156,
lightskyblue,140,147,156,
lightskyblue,140,147,156,
lightskyblue,140,147,
lightskyblue,140,147,156,
lightskyblue,142,147,156,
lightskyblue,142,147,156,
lightskyblue,142,147,
lightskyblue,142,147,156,
lightskyblue,144,147,156,
lightskyblue,144,147,156,
lightskyblue,144,147,
lightskyblue,144,147,156,
lightskyblue,146,147,156,
lightskyblue,146,147,156,
lightskyblue,146,147,
lightskyblue,146,147,156,
lightskyblue,156,
lightskyblue,156,
lightskyblue,156,
lightskyblue,147,138,156,
lightskyblue,147,138,156,
lightskyblue,147,138,
lightskyblue,147,138,156,
lightskyblue,147,150,156,
lightskyblue,147,150,156,
lightskyblue,147,150,
lightskyblue,147,150,156,
lightskyblue,140,147,152,156,
lightskyblue,140,147,152,156,
lightskyblue,140,147,152,
lightskyblue,140,147,152,156,
lightskyblue,142,147,152,156,
lightskyblue,142,147,152,156,
lightskyblue,142,147,152,
lightskyblue,142,147,152,156,
lightskyblue,144,147,152,156,
lightskyblue,144,147,152,156,
lightskyblue,144,147,152,
lightskyblue,144,147,152,156,
lightskyblue,146,147,152,156,
lightskyblue,146,147,152,156,
lightskyblue,146,147,152,
lightskyblue,146,147,152,156,
lightskyblue,152,156,
lightskyblue,152,156,
lightskyblue,152,
lightskyblue,152,156,
lightskyblue,147,138,152,156,
lightskyblue,147,138,152,156,
lightskyblue,147,138,152,
lightskyblue,147,138,152,156,
lightskyblue,147,150,152,156,
lightskyblue,147,150,152,156,
lightskyblue,147,150,152,
lightskyblue,147,150,152,156,
lightskyblue,272,337,408,413,
lightskyblue,272,337,408,413,
lightskyblue,272,337,408,
lightskyblue,272,337,408,413,
lightskyblue,274,337,408,413,
lightskyblue,274,337,408,413,
lightskyblue,274,337,408,
lightskyblue,274,337,408,413,
lightskyblue,346,337,408,413,
lightskyblue,346,337,408,413,
lightskyblue,346,337,408,
lightskyblue,346,337,408,413,
lightskyblue,292,337,408,413,
lightskyblue,292,337,408,413,
lightskyblue,292,337,408,
lightskyblue,292,337,408,413,
lightskyblue,408,413,
lightskyblue,408,413,
lightskyblue,408,
lightskyblue,408,413,
lightskyblue,337,276,408,413,
lightskyblue,337,276,408,413,
lightskyblue,337,276,408,
lightskyblue,337,276,408,413,
lightskyblue,272,337,413,
lightskyblue,272,337,413,
lightskyblue,272,337,
lightskyblue,272,337,413,
lightskyblue,274,337,413,
lightskyblue,274,337,413,
lightskyblue,274,337,
lightskyblue,274,337,413,
lightskyblue,346,337,413,
lightskyblue,346,337,413,
lightskyblue,346,337,
lightskyblue,346,337,413,
lightskyblue,292,337,413,
lightskyblue,292,337,413,
lightskyblue,292,337,
lightskyblue,292,337,413,
lightskyblue,413,
lightskyblue,413,
lightskyblue,413,
lightskyblue,337,276,413,
lightskyblue,337,276,413,
lightskyblue,337,276,
lightskyblue,337,276,413,
lightskyblue,272,337,408,413,
lightskyblue,272,337,408,413,
lightskyblue,272,337,408,
lightskyblue,272,337,408,413,
lightskyblue,274,337,408,413,
lightskyblue,274,337,408,413,
lightskyblue,274,337,408,
lightskyblue,274,337,408,413,
lightskyblue,346,337,408,413,
lightskyblue,346,337,408,413,
lightskyblue,346,337,408,
lightskyblue,346,337,408,413,
lightskyblue,292,337,408,413,
lightskyblue,292,337,408,413,
lightskyblue,292,337,408,
lightskyblue,292,337,408,413,
lightskyblue,408,413,
lightskyblue,408,413,
lightskyblue,408,
lightskyblue,408,413,
lightskyblue,337,276,408,413,
lightskyblue,337,276,408,413,
lightskyblue,337,276,408,
lightskyblue,337,276,408,413,
lightskyblue,120,129,135,
lightskyblue,120,129,135,
lightskyblue,120,129,
lightskyblue,120,129,135,
lightskyblue,122,129,135,
lightskyblue,122,129,135,
lightskyblue,122,129,
lightskyblue,122,129,135,
lightskyblue,126,129,135,
lightskyblue,126,129,135,
lightskyblue,126,129,
lightskyblue,126,129,135,
lightskyblue,132,129,135,
lightskyblue,132,129,135,
lightskyblue,132,129,
lightskyblue,132,129,135,
lightskyblue,135,
lightskyblue,135,
lightskyblue,135,
lightskyblue,129,124,135,
lightskyblue,129,124,135,
lightskyblue,129,124,
lightskyblue,129,124,135,
lightskyblue,120,129,127,135,
lightskyblue,120,129,127,135,
lightskyblue,120,129,127,
lightskyblue,120,129,127,135,
lightskyblue,122,129,127,135,
lightskyblue,122,129,127,135,
lightskyblue,122,129,127,
lightskyblue,122,129,127,135,
lightskyblue,126,129,127,135,
lightskyblue,126,129,127,135,
lightskyblue,126,129,127,
lightskyblue,126,129,127,135,
lightskyblue,132,129,127,135,
lightskyblue,132,129,127,135,
lightskyblue,132,129,127,
lightskyblue,132,129,127,135,
lightskyblue,127,135,
lightskyblue,127,135,
lightskyblue,127,
lightskyblue,127,135,
lightskyblue,129,124,127,135,
lightskyblue,129,124,127,135,
lightskyblue,129,124,127,
lightskyblue,129,124,127,135,
lightskyblue,349,231,333,380,386,426,
lightskyblue,349,232,333,380,386,426,
lightskyblue,349,233,333,380,386,426,
lightskyblue,349,234,333,380,386,426,
lightskyblue,351,231,331,389,395,418,
lightskyblue,351,232,331,389,395,418,
lightskyblue,351,233,331,389,395,418,
lightskyblue,351,234,331,389,395,418,
lightskyblue,353,231,327,315,365,438,
lightskyblue,353,232,327,315,365,438,
lightskyblue,353,233,327,315,365,438,
lightskyblue,353,234,327,315,365,438,
lightskyblue,355,231,335,398,404,434,
lightskyblue,355,232,335,398,404,434,
lightskyblue,355,233,335,398,404,434,
lightskyblue,355,234,335,398,404,434,
lightskyblue,357,231,337,407,413,430,
lightskyblue,357,232,337,407,413,430,
lightskyblue,357,233,337,407,413,430,
lightskyblue,357,234,337,407,413,430,
lightskyblue,349,305,333,380,386,424,
lightskyblue,349,306,333,380,386,424,
lightskyblue,349,307,333,380,386,424,
lightskyblue,349,308,333,380,386,424,
lightskyblue,349,309,333,380,386,424,
lightskyblue,349,310,333,380,386,424,
lightskyblue,349,311,333,380,386,424,
lightskyblue,351,305,331,389,395,416,
lightskyblue,351,306,331,389,395,416,
lightskyblue,351,307,331,389,395,416,
lightskyblue,351,308,331,389,395,416,
lightskyblue,351,309,331,389,395,416,
lightskyblue,351,310,331,389,395,416,
lightskyblue,351,311,331,389,395,416,
lightskyblue,353,305,327,315,365,436,
lightskyblue,353,306,327,315,365,436,
lightskyblue,353,307,327,315,365,436,
lightskyblue,353,308,327,315,365,436,
lightskyblue,353,309,327,315,365,436,
lightskyblue,353,310,327,315,365,436,
lightskyblue,353,311,327,315,365,436,
lightskyblue,355,305,335,398,404,432,
lightskyblue,355,306,335,398,404,432,
lightskyblue,355,307,335,398,404,432,
lightskyblue,355,308,335,398,404,432,
lightskyblue,355,309,335,398,404,432,
lightskyblue,355,310,335,398,404,432,
lightskyblue,355,311,335,398,404,432,
lightskyblue,357,305,337,407,413,428,
lightskyblue,357,306,337,407,413,428,
lightskyblue,357,307,337,407,413,428,
lightskyblue,357,308,337,407,413,428,
lightskyblue,357,309,337,407,413,428,
lightskyblue,357,310,337,407,413,428,
lightskyblue,357,311,337,407,413,428,
lightskyblue,349,238,333,380,386,424,
lightskyblue,349,239,333,380,386,424,
lightskyblue,349,240,333,380,386,424,
lightskyblue,349,241,333,380,386,424,
lightskyblue,351,238,331,389,395,416,
lightskyblue,351,239,331,389,395,416,
lightskyblue,351,240,331,389,395,416,
lightskyblue,351,241,331,389,395,416,
lightskyblue,353,238,327,315,365,436,
lightskyblue,353,239,327,315,365,436,
lightskyblue,353,240,327,315,365,436,
lightskyblue,353,241,327,315,365,436,
lightskyblue,355,238,335,398,404,432,
lightskyblue,355,239,335,398,404,432,
lightskyblue,355,240,335,398,404,432,
lightskyblue,355,241,335,398,404,432,
lightskyblue,357,238,337,407,413,428,
lightskyblue,357,239,337,407,413,428,
lightskyblue,357,240,337,407,413,428,
lightskyblue,357,241,337,407,413,428,
lightskyblue,349,225,333,380,386,425,
lightskyblue,349,226,333,380,386,425,
lightskyblue,349,227,333,380,386,425,
lightskyblue,351,225,331,389,395,417,
lightskyblue,351,226,331,389,395,417,
lightskyblue,351,227,331,389,395,417,
lightskyblue,353,225,327,315,365,437,
lightskyblue,353,226,327,315,365,437,
lightskyblue,353,227,327,315,365,437,
lightskyblue,355,225,335,398,404,433,
lightskyblue,355,226,335,398,404,433,
lightskyblue,355,227,335,398,404,433,
lightskyblue,357,225,337,407,413,429,
lightskyblue,357,226,337,407,413,429,
lightskyblue,357,227,337,407,413,429,
lightskyblue,359,231,378,319,375,
lightskyblue,359,232,378,319,375,
lightskyblue,359,233,378,319,375,
lightskyblue,359,234,378,319,375,
lightskyblue,359,235,378,319,375,
lightskyblue,359,236,378,319,375,
lightskyblue,361,231,329,323,370,422,
lightskyblue,361,232,329,323,370,422,
lightskyblue,361,233,329,323,370,422,
lightskyblue,361,234,329,323,370,422,
lightskyblue,361,235,329,323,370,422,
lightskyblue,361,236,329,323,370,422,
lightskyblue,359,305,378,319,375,
lightskyblue,359,306,378,319,375,
lightskyblue,359,307,378,319,375,
lightskyblue,359,308,378,319,375,
lightskyblue,359,309,378,319,375,
lightskyblue,359,310,378,319,375,
lightskyblue,359,311,378,319,375,
lightskyblue,359,312,378,319,375,
lightskyblue,359,313,378,319,375,
lightskyblue,361,305,329,323,370,420,
lightskyblue,361,306,329,323,370,420,
lightskyblue,361,307,329,323,370,420,
lightskyblue,361,308,329,323,370,420,
lightskyblue,361,309,329,323,370,420,
lightskyblue,361,310,329,323,370,420,
lightskyblue,361,311,329,323,370,420,
lightskyblue,361,312,329,323,370,420,
lightskyblue,361,313,329,323,370,420,
lightskyblue,359,238,378,319,375,
lightskyblue,359,239,378,319,375,
lightskyblue,359,240,378,319,375,
lightskyblue,359,241,378,319,375,
lightskyblue,359,242,378,319,375,
lightskyblue,359,243,378,319,375,
lightskyblue,361,238,329,323,370,420,
lightskyblue,361,239,329,323,370,420,
lightskyblue,361,240,329,323,370,420,
lightskyblue,361,241,329,323,370,420,
lightskyblue,361,242,329,323,370,420,
lightskyblue,361,243,329,323,370,420,
lightskyblue,359,225,378,319,375,
lightskyblue,359,226,378,319,375,
lightskyblue,359,227,378,319,375,
lightskyblue,359,228,378,319,375,
lightskyblue,359,229,378,319,375,
lightskyblue,361,225,329,323,370,421,
lightskyblue,361,226,329,323,370,421,
lightskyblue,361,227,329,323,370,421,
lightskyblue,361,228,329,323,370,421,
lightskyblue,361,229,329,323,370,421,
lightskyblue,194,209,207,
lightskyblue,194,209,207,
lightskyblue,196,209,207,
lightskyblue,196,209,207,
lightskyblue,200,209,207,
lightskyblue,200,209,207,
lightskyblue,202,209,207,
lightskyblue,202,209,207,
lightskyblue,208,207,
lightskyblue,208,207,
lightskyblue,209,198,207,
lightskyblue,209,198,207,
lightskyblue,188,187,193,
lightskyblue,188,187,193,
lightskyblue,176,187,193,
lightskyblue,176,187,193,
lightskyblue,180,187,193,
lightskyblue,180,187,193,
lightskyblue,182,187,193,
lightskyblue,182,187,193,
lightskyblue,186,193,
lightskyblue,186,193,
lightskyblue,187,178,193,
lightskyblue,187,178,193,
lightskyblue,245,334,387,
lightskyblue,245,334,387,
lightskyblue,247,334,387,
lightskyblue,247,334,387,
lightskyblue,347,334,387,
lightskyblue,347,334,387,
lightskyblue,303,334,387,
lightskyblue,303,334,387,
lightskyblue,333,387,
lightskyblue,333,387,
lightskyblue,334,283,387,
lightskyblue,334,283,387,
lightskyblue,249,379,376,
lightskyblue,249,379,376,
lightskyblue,251,379,376,
lightskyblue,251,379,376,
lightskyblue,299,379,376,
lightskyblue,299,379,376,
lightskyblue,301,379,376,
lightskyblue,301,379,376,
lightskyblue,378,376,
lightskyblue,378,376,
lightskyblue,379,281,376,
lightskyblue,379,281,376,
lightskyblue,253,330,371,
lightskyblue,253,330,371,
lightskyblue,255,330,371,
lightskyblue,255,330,371,
lightskyblue,341,330,371,
lightskyblue,341,330,371,
lightskyblue,297,330,371,
lightskyblue,297,330,371,
lightskyblue,329,371,
lightskyblue,329,371,
lightskyblue,330,279,371,
lightskyblue,330,279,371,
lightskyblue,257,332,396,
lightskyblue,257,332,396,
lightskyblue,259,332,396,
lightskyblue,259,332,396,
lightskyblue,293,332,396,
lightskyblue,293,332,396,
lightskyblue,295,332,396,
lightskyblue,295,332,396,
lightskyblue,331,396,
lightskyblue,331,396,
lightskyblue,332,277,396,
lightskyblue,332,277,396,
lightskyblue,158,171,169,
lightskyblue,158,171,169,
lightskyblue,160,171,169,
lightskyblue,160,171,169,
lightskyblue,172,171,169,
lightskyblue,172,171,169,
lightskyblue,164,171,169,
lightskyblue,164,171,169,
lightskyblue,170,169,
lightskyblue,170,169,
lightskyblue,171,162,169,
lightskyblue,171,162,169,
lightskyblue,261,328,366,
lightskyblue,261,328,366,
lightskyblue,339,328,366,
lightskyblue,339,328,366,
lightskyblue,285,328,366,
lightskyblue,285,328,366,
lightskyblue,287,328,366,
lightskyblue,287,328,366,
lightskyblue,327,366,
lightskyblue,327,366,
lightskyblue,328,263,366,
lightskyblue,328,263,366,
lightskyblue,265,336,405,
lightskyblue,265,336,405,
lightskyblue,267,336,405,
lightskyblue,267,336,405,
lightskyblue,289,336,405,
lightskyblue,289,336,405,
lightskyblue,343,336,405,
lightskyblue,343,336,405,
lightskyblue,335,405,
lightskyblue,335,405,
lightskyblue,336,269,405,
lightskyblue,336,269,405,
lightskyblue,139,148,157,
lightskyblue,139,148,157,
lightskyblue,141,148,157,
lightskyblue,141,148,157,
lightskyblue,143,148,157,
lightskyblue,143,148,157,
lightskyblue,145,148,157,
lightskyblue,145,148,157,
lightskyblue,147,157,
lightskyblue,147,157,
lightskyblue,148,149,157,
lightskyblue,148,149,157,
lightskyblue,271,338,414,
lightskyblue,271,338,414,
lightskyblue,273,338,414,
lightskyblue,273,338,414,
lightskyblue,345,338,414,
lightskyblue,345,338,414,
lightskyblue,291,338,414,
lightskyblue,291,338,414,
lightskyblue,337,414,
lightskyblue,337,414,
lightskyblue,338,275,414,
lightskyblue,338,275,414,
lightskyblue,119,130,136,
lightskyblue,119,130,136,
lightskyblue,121,130,136,
lightskyblue,121,130,136,
lightskyblue,125,130,136,
lightskyblue,125,130,136,
lightskyblue,131,130,136,
lightskyblue,131,130,136,
lightskyblue,129,136,
lightskyblue,129,136,
lightskyblue,130,123,136,
lightskyblue,130,123,136,
lightskyblue,213,219,
lightskyblue,215,220,
lightskyblue,217,221,
lightskyblue,224,222,
lightskyblue,212,218,
lightskyblue,214,218,
lightskyblue,216,218,
lightskyblue,223,218,
