green,
green,
green,
green,
green,
green,
green,
green,
green,
green,
green,
green,
green,
green,
green,
green,
green,
green,
green,
green,
green,
green,
green,
green,
green,
green,
green,
green,
green,
green,
green,
green,
green,
green,
green,
green,
green,
green,
green,
green,
green,
green,
green,
green,
green,
green,
green,
green,
green,
green,
green,
green,
green,
gold,0,275,276,277,278,294,295,296,297,556,557,558,559,576,577,578,579,
gold,0,
gold,1,263,264,265,266,283,284,285,286,545,546,547,548,564,565,566,567,
gold,1,
gold,2,267,268,269,270,287,288,289,290,549,550,551,552,568,569,570,571,
gold,2,
gold,3,263,264,265,266,267,268,269,270,271,272,273,274,275,276,277,278,279,280,281,282,497,499,501,503,545,546,547,548,549,550,551,552,553,554,555,556,557,558,559,560,561,562,563,831,833,835,837,
gold,3,283,284,285,286,287,288,289,290,291,292,293,294,295,296,297,298,299,300,301,498,500,502,504,564,565,566,567,568,569,570,571,572,573,574,575,576,577,578,579,580,581,582,583,832,834,836,838,
gold,4,271,272,273,274,291,292,293,553,554,555,572,573,574,575,
gold,4,
red,5,279,280,281,282,298,299,300,301,560,561,562,563,580,581,582,583,
gold,5,
gold,6,263,267,271,275,279,283,287,291,294,298,545,549,553,556,560,564,568,572,576,580,
gold,6,264,268,272,276,280,284,288,292,295,299,546,550,554,557,561,565,569,573,577,581,
gold,6,245,246,247,265,269,273,277,281,285,289,296,300,497,498,499,500,501,502,503,504,547,551,558,562,566,570,574,578,582,831,832,833,834,835,836,837,838,
red,6,266,270,274,278,282,286,290,293,297,301,548,552,555,559,563,567,571,575,579,583,
gold,7,779,780,787,788,789,790,791,792,807,808,809,810,811,812,813,814,879,
gold,7,
gold,8,879,880,
gold,8,193,194,201,202,203,204,205,206,221,222,223,224,225,226,227,228,881,
gold,8,195,196,197,198,199,200,207,208,209,210,211,212,213,214,215,216,217,218,219,220,229,230,231,232,233,234,235,236,237,238,239,240,241,242,243,244,882,
gold,9,781,782,783,784,785,786,793,794,795,796,797,798,799,800,801,802,803,804,805,806,815,816,817,818,819,820,821,822,823,824,825,826,827,828,829,830,880,
gold,9,
gold,10,
gold,10,221,225,807,811,
gold,10,201,204,222,226,787,790,808,812,
gold,10,193,202,205,223,227,779,788,791,809,813,
gold,10,194,203,206,224,228,780,789,792,810,814,
gold,11,392,393,394,395,411,412,413,414,673,674,675,676,693,694,695,696,
gold,11,
gold,12,431,432,433,434,450,451,452,453,712,713,714,715,732,733,734,735,
gold,12,
gold,13,470,471,472,473,489,490,491,492,751,752,753,754,771,772,773,774,
gold,13,
gold,14,353,354,355,356,372,373,374,375,634,635,636,637,654,655,656,657,
gold,14,
gold,15,302,303,304,305,322,323,324,325,584,585,586,587,603,604,605,606,
gold,15,
gold,16,306,307,308,309,326,327,328,329,588,589,590,591,607,608,609,610,
gold,16,
gold,17,341,342,343,344,361,362,363,364,623,624,625,626,642,643,644,645,
gold,17,
gold,18,345,346,347,348,365,366,367,368,627,628,629,630,646,647,648,649,
gold,18,
gold,19,380,381,382,383,400,401,402,403,662,663,664,665,681,682,683,684,
gold,19,
gold,20,384,385,386,387,404,405,406,407,666,667,668,669,685,686,687,688,
gold,20,
gold,21,419,420,421,422,439,440,441,442,701,702,703,704,720,721,722,723,
gold,21,
gold,22,435,436,437,438,454,455,456,457,716,717,718,719,736,737,738,739,
gold,22,
gold,23,462,463,464,465,482,483,484,485,744,745,746,747,763,764,765,766,
gold,23,
gold,24,474,475,476,477,493,494,495,496,755,756,757,758,775,776,777,778,
gold,24,
gold,25,318,319,320,321,337,338,339,340,599,600,601,602,619,620,621,622,
gold,25,
gold,26,
gold,26,229,237,815,823,
gold,26,207,214,230,238,793,800,816,824,
gold,26,195,208,215,231,239,781,794,801,817,825,
gold,26,196,209,216,232,240,782,795,802,818,826,
gold,26,197,210,217,233,241,783,796,803,819,827,
gold,26,198,211,218,234,242,784,797,804,820,828,
gold,26,199,212,219,235,243,785,798,805,821,829,
gold,26,200,213,220,236,244,786,799,806,822,830,
gold,27,302,303,304,305,306,307,308,309,310,311,312,313,314,315,316,317,318,319,320,321,505,507,509,511,584,585,586,587,588,589,590,591,592,593,594,595,596,597,598,599,600,601,602,839,841,843,845,
gold,27,322,323,324,325,326,327,328,329,330,331,332,333,334,335,336,337,338,339,340,506,508,510,512,603,604,605,606,607,608,609,610,611,612,613,614,615,616,617,618,619,620,621,622,840,842,844,846,
gold,27,
gold,28,419,423,427,431,435,439,443,447,450,454,701,705,709,712,716,720,724,728,732,736,
gold,28,420,424,428,432,436,440,444,448,451,455,702,706,710,713,717,721,725,729,733,737,
gold,28,257,258,259,421,425,429,433,437,441,445,452,456,529,530,531,532,533,534,535,536,703,707,714,718,722,726,730,734,738,863,864,865,866,867,868,869,870,
gold,28,422,426,430,434,438,442,446,449,453,457,704,708,711,715,719,723,727,731,735,739,
gold,28,221,222,223,224,229,230,231,232,233,234,235,236,807,808,809,810,815,816,817,818,819,820,821,822,
gold,29,458,462,466,470,474,478,482,486,489,493,740,744,748,751,755,759,763,767,771,775,
gold,29,459,463,467,471,475,479,483,487,490,494,741,745,749,752,756,760,764,768,772,776,
gold,29,260,261,262,460,464,468,472,476,480,484,491,495,537,538,539,540,541,542,543,544,742,746,753,757,761,765,769,773,777,871,872,873,874,875,876,877,878,
gold,29,461,465,469,473,477,481,485,488,492,496,743,747,750,754,758,762,766,770,774,778,
gold,29,225,226,227,228,237,238,239,240,241,242,243,244,811,812,813,814,823,824,825,826,827,828,829,830,
gold,30,427,428,429,430,447,448,449,709,710,711,728,729,730,731,
gold,30,
gold,31,466,467,468,469,486,487,488,748,749,750,767,768,769,770,
gold,31,
gold,32,310,311,312,313,330,331,332,592,593,594,611,612,613,614,
gold,32,
gold,33,388,389,390,391,408,409,410,670,671,672,689,690,691,692,
gold,33,
gold,34,349,350,351,352,369,370,371,631,632,633,650,651,652,653,
gold,34,
red,35,257,258,259,419,420,421,422,423,424,425,426,427,428,429,430,431,432,433,434,435,436,437,438,439,440,441,442,443,444,445,446,447,448,449,450,451,452,453,454,455,456,457,529,530,531,532,533,534,535,536,701,702,703,704,705,706,707,708,709,710,711,712,713,714,715,716,717,718,719,720,721,722,723,724,725,726,727,728,729,730,731,732,733,734,735,736,737,738,739,863,864,865,866,867,868,869,870,
gold,35,
red,36,260,261,262,458,459,460,461,462,463,464,465,466,467,468,469,470,471,472,473,474,475,476,477,478,479,480,481,482,483,484,485,486,487,488,489,490,491,492,493,494,495,496,537,538,539,540,541,542,543,544,740,741,742,743,744,745,746,747,748,749,750,751,752,753,754,755,756,757,758,759,760,761,762,763,764,765,766,767,768,769,770,771,772,773,774,775,776,777,778,871,872,873,874,875,876,877,878,
gold,36,
red,37,254,255,256,380,381,382,383,384,385,386,387,388,389,390,391,392,393,394,395,396,397,398,399,400,401,402,403,404,405,406,407,408,409,410,411,412,413,414,415,416,417,418,521,522,523,524,525,526,527,528,662,663,664,665,666,667,668,669,670,671,672,673,674,675,676,677,678,679,680,681,682,683,684,685,686,687,688,689,690,691,692,693,694,695,696,697,698,699,700,855,856,857,858,859,860,861,862,
gold,37,
red,38,248,249,250,302,303,304,305,306,307,308,309,310,311,312,313,314,315,316,317,318,319,320,321,322,323,324,325,326,327,328,329,330,331,332,333,334,335,336,337,338,339,340,505,506,507,508,509,510,511,512,584,585,586,587,588,589,590,591,592,593,594,595,596,597,598,599,600,601,602,603,604,605,606,607,608,609,610,611,612,613,614,615,616,617,618,619,620,621,622,839,840,841,842,843,844,845,846,
gold,38,
red,39,251,252,253,341,342,343,344,345,346,347,348,349,350,351,352,353,354,355,356,357,358,359,360,361,362,363,364,365,366,367,368,369,370,371,372,373,374,375,376,377,378,379,513,514,515,516,517,518,519,520,623,624,625,626,627,628,629,630,631,632,633,634,635,636,637,638,639,640,641,642,643,644,645,646,647,648,649,650,651,652,653,654,655,656,657,658,659,660,661,847,848,849,850,851,852,853,854,
gold,39,
red,40,423,424,425,426,443,444,445,446,705,706,707,708,724,725,726,727,
gold,40,
red,41,458,459,460,461,478,479,480,481,740,741,742,743,759,760,761,762,
gold,41,
red,42,314,315,316,317,333,334,335,336,595,596,597,598,615,616,617,618,
gold,42,
red,43,396,397,398,399,415,416,417,418,677,678,679,680,697,698,699,700,
gold,43,
red,44,357,358,359,360,376,377,378,379,638,639,640,641,658,659,660,661,
gold,44,
gold,45,419,420,421,422,423,424,425,426,427,428,429,430,431,432,433,434,435,436,437,438,529,531,533,535,701,702,703,704,705,706,707,708,709,710,711,712,713,714,715,716,717,718,719,863,865,867,869,
red,45,439,440,441,442,443,444,445,446,447,448,449,450,451,452,453,454,455,456,457,530,532,534,536,720,721,722,723,724,725,726,727,728,729,730,731,732,733,734,735,736,737,738,739,864,866,868,870,
gold,45,
gold,46,458,459,460,461,462,463,464,465,466,467,468,469,470,471,472,473,474,475,476,477,537,539,541,543,740,741,742,743,744,745,746,747,748,749,750,751,752,753,754,755,756,757,758,871,873,875,877,
red,46,478,479,480,481,482,483,484,485,486,487,488,489,490,491,492,493,494,495,496,538,540,542,544,759,760,761,762,763,764,765,766,767,768,769,770,771,772,773,774,775,776,777,778,872,874,876,878,
gold,46,
gold,47,302,306,310,314,318,322,326,330,333,337,584,588,592,595,599,603,607,611,615,619,
gold,47,303,307,311,315,319,323,327,331,334,338,585,589,593,596,600,604,608,612,616,620,
gold,47,248,249,250,304,308,312,316,320,324,328,335,339,505,506,507,508,509,510,511,512,586,590,597,601,605,609,613,617,621,839,840,841,842,843,844,845,846,
red,47,305,309,313,317,321,325,329,332,336,340,587,591,594,598,602,606,610,614,618,622,
gold,47,201,202,203,207,208,209,210,211,212,213,787,788,789,793,794,795,796,797,798,799,
gold,48,380,381,382,383,384,385,386,387,388,389,390,391,392,393,394,395,396,397,398,399,521,523,525,527,662,663,664,665,666,667,668,669,670,671,672,673,674,675,676,677,678,679,680,855,857,859,861,
red,48,400,401,402,403,404,405,406,407,408,409,410,411,412,413,414,415,416,417,418,522,524,526,528,681,682,683,684,685,686,687,688,689,690,691,692,693,694,695,696,697,698,699,700,856,858,860,862,
gold,48,
gold,49,380,384,388,392,396,400,404,408,411,415,662,666,670,673,677,681,685,689,693,697,
gold,49,381,385,389,393,397,401,405,409,412,416,663,667,671,674,678,682,686,690,694,698,
gold,49,254,255,256,382,386,390,394,398,402,406,413,417,521,522,523,524,525,526,527,528,664,668,675,679,683,687,691,695,699,855,856,857,858,859,860,861,862,
red,49,383,387,391,395,399,403,407,410,414,418,665,669,672,676,680,684,688,692,696,700,
gold,49,193,194,195,196,197,198,199,200,779,780,781,782,783,784,785,786,
gold,50,341,342,343,344,345,346,347,348,349,350,351,352,353,354,355,356,357,358,359,360,513,515,517,519,623,624,625,626,627,628,629,630,631,632,633,634,635,636,637,638,639,640,641,847,849,851,853,
red,50,361,362,363,364,365,366,367,368,369,370,371,372,373,374,375,376,377,378,379,514,516,518,520,642,643,644,645,646,647,648,649,650,651,652,653,654,655,656,657,658,659,660,661,848,850,852,854,
gold,50,
gold,51,341,345,349,353,357,361,365,369,372,376,623,627,631,634,638,642,646,650,654,658,
red,51,342,346,350,354,358,362,366,370,373,377,624,628,632,635,639,643,647,651,655,659,
gold,51,251,252,253,343,347,351,355,359,363,367,374,378,513,514,515,516,517,518,519,520,625,629,636,640,644,648,652,656,660,847,848,849,850,851,852,853,854,
gold,51,344,348,352,356,360,364,368,371,375,379,626,630,633,637,641,645,649,653,657,661,
gold,51,204,205,206,214,215,216,217,218,219,220,790,791,792,800,801,802,803,804,805,806,
gold,52,
red,52,
gold,52,
lightskyblue,147,76,139,174,179,190,
lightskyblue,147,77,139,174,179,190,
lightskyblue,147,111,139,174,179,191,
lightskyblue,147,112,139,174,179,191,
lightskyblue,147,113,139,174,179,191,
lightskyblue,147,114,139,174,179,191,
lightskyblue,147,115,139,174,179,191,
lightskyblue,147,116,139,174,179,191,
lightskyblue,149,76,137,120,171,
lightskyblue,149,77,137,120,171,
lightskyblue,149,78,137,120,171,
lightskyblue,151,76,141,182,187,
lightskyblue,151,77,141,182,187,
lightskyblue,151,78,141,182,187,
lightskyblue,149,111,137,120,171,
lightskyblue,149,112,137,120,171,
lightskyblue,149,113,137,120,171,
lightskyblue,149,114,137,120,171,
lightskyblue,149,115,137,120,171,
lightskyblue,149,116,137,120,171,
lightskyblue,149,117,137,120,171,
lightskyblue,151,111,141,182,187,
lightskyblue,151,112,141,182,187,
lightskyblue,151,113,141,182,187,
lightskyblue,151,114,141,182,187,
lightskyblue,151,115,141,182,187,
lightskyblue,151,116,141,182,187,
lightskyblue,151,117,141,182,187,
lightskyblue,143,76,133,163,125,
lightskyblue,143,77,133,163,125,
lightskyblue,143,78,133,163,125,
lightskyblue,143,79,133,163,125,
lightskyblue,145,76,135,166,130,
lightskyblue,145,77,135,166,130,
lightskyblue,145,78,135,166,130,
lightskyblue,145,79,135,166,130,
lightskyblue,143,111,133,163,125,
lightskyblue,143,112,133,163,125,
lightskyblue,143,113,133,163,125,
lightskyblue,143,114,133,163,125,
lightskyblue,143,115,133,163,125,
lightskyblue,143,116,133,163,125,
lightskyblue,143,117,133,163,125,
lightskyblue,143,118,133,163,125,
lightskyblue,145,111,135,166,130,
lightskyblue,145,112,135,166,130,
lightskyblue,145,113,135,166,130,
lightskyblue,145,114,135,166,130,
lightskyblue,145,115,135,166,130,
lightskyblue,145,116,135,166,130,
lightskyblue,145,117,135,166,130,
lightskyblue,145,118,135,166,130,
lightskyblue,55,62,66,
lightskyblue,57,62,66,
lightskyblue,62,63,66,
lightskyblue,89,138,170,
lightskyblue,91,138,170,
lightskyblue,138,109,170,
lightskyblue,93,142,186,
lightskyblue,95,142,186,
lightskyblue,142,161,186,
lightskyblue,97,140,178,
lightskyblue,99,140,178,
lightskyblue,140,159,178,
lightskyblue,101,134,124,
lightskyblue,153,134,124,
lightskyblue,134,103,124,
lightskyblue,155,136,129,
lightskyblue,105,136,129,
lightskyblue,136,107,129,
lightskyblue,56,61,60,67,
lightskyblue,56,61,60,67,
lightskyblue,56,61,60,
lightskyblue,56,61,60,65,
lightskyblue,58,61,60,67,
lightskyblue,58,61,60,67,
lightskyblue,58,61,60,
lightskyblue,58,61,60,65,
lightskyblue,60,67,
lightskyblue,60,67,
lightskyblue,60,
lightskyblue,60,65,
lightskyblue,61,54,60,67,
lightskyblue,61,54,60,67,
lightskyblue,61,54,60,
lightskyblue,61,54,60,65,
lightskyblue,61,64,60,67,
lightskyblue,61,64,60,67,
lightskyblue,61,64,60,
lightskyblue,61,64,60,65,
lightskyblue,56,61,67,
lightskyblue,56,61,67,
lightskyblue,56,61,
lightskyblue,56,61,65,
lightskyblue,58,61,67,
lightskyblue,58,61,67,
lightskyblue,58,61,
lightskyblue,58,61,65,
lightskyblue,67,
lightskyblue,67,
lightskyblue,65,
lightskyblue,61,54,67,
lightskyblue,61,54,67,
lightskyblue,61,54,
lightskyblue,61,54,65,
lightskyblue,61,64,67,
lightskyblue,61,64,67,
lightskyblue,61,64,
lightskyblue,61,64,65,
lightskyblue,90,137,121,171,
lightskyblue,90,137,121,171,
lightskyblue,90,137,121,
lightskyblue,90,137,121,169,
lightskyblue,92,137,121,171,
lightskyblue,92,137,121,171,
lightskyblue,92,137,121,
lightskyblue,92,137,121,169,
lightskyblue,121,171,
lightskyblue,121,171,
lightskyblue,121,
lightskyblue,121,169,
lightskyblue,137,158,121,171,
lightskyblue,137,158,121,171,
lightskyblue,137,158,121,
lightskyblue,137,158,121,169,
lightskyblue,137,110,121,171,
lightskyblue,137,110,121,171,
lightskyblue,137,110,121,
lightskyblue,137,110,121,169,
lightskyblue,90,137,171,
lightskyblue,90,137,171,
lightskyblue,90,137,
lightskyblue,90,137,169,
lightskyblue,92,137,171,
lightskyblue,92,137,171,
lightskyblue,92,137,
lightskyblue,92,137,169,
lightskyblue,171,
lightskyblue,171,
lightskyblue,169,
lightskyblue,137,158,171,
lightskyblue,137,158,171,
lightskyblue,137,158,
lightskyblue,137,158,169,
lightskyblue,137,110,171,
lightskyblue,137,110,171,
lightskyblue,137,110,
lightskyblue,137,110,169,
lightskyblue,94,141,183,187,
lightskyblue,94,141,183,187,
lightskyblue,94,141,183,
lightskyblue,94,141,183,185,
lightskyblue,96,141,183,187,
lightskyblue,96,141,183,187,
lightskyblue,96,141,183,
lightskyblue,96,141,183,185,
lightskyblue,183,187,
lightskyblue,183,187,
lightskyblue,183,
lightskyblue,183,185,
lightskyblue,141,88,183,187,
lightskyblue,141,88,183,187,
lightskyblue,141,88,183,
lightskyblue,141,88,183,185,
lightskyblue,141,162,183,187,
lightskyblue,141,162,183,187,
lightskyblue,141,162,183,
lightskyblue,141,162,183,185,
lightskyblue,94,141,187,
lightskyblue,94,141,187,
lightskyblue,94,141,
lightskyblue,94,141,185,
lightskyblue,96,141,187,
lightskyblue,96,141,187,
lightskyblue,96,141,
lightskyblue,96,141,185,
lightskyblue,187,
lightskyblue,187,
lightskyblue,185,
lightskyblue,141,88,187,
lightskyblue,141,88,187,
lightskyblue,141,88,
lightskyblue,141,88,185,
lightskyblue,141,162,187,
lightskyblue,141,162,187,
lightskyblue,141,162,
lightskyblue,141,162,185,
lightskyblue,98,139,175,179,
lightskyblue,98,139,175,179,
lightskyblue,98,139,175,
lightskyblue,98,139,175,177,
lightskyblue,100,139,175,179,
lightskyblue,100,139,175,179,
lightskyblue,100,139,175,
lightskyblue,100,139,175,177,
lightskyblue,175,179,
lightskyblue,175,179,
lightskyblue,175,
lightskyblue,175,177,
lightskyblue,139,82,175,179,
lightskyblue,139,82,175,179,
lightskyblue,139,82,175,
lightskyblue,139,82,175,177,
lightskyblue,139,160,175,179,
lightskyblue,139,160,175,179,
lightskyblue,139,160,175,
lightskyblue,139,160,175,177,
lightskyblue,98,139,179,
lightskyblue,98,139,179,
lightskyblue,98,139,
lightskyblue,98,139,177,
lightskyblue,100,139,179,
lightskyblue,100,139,179,
lightskyblue,100,139,
lightskyblue,100,139,177,
lightskyblue,179,
lightskyblue,179,
lightskyblue,177,
lightskyblue,139,82,179,
lightskyblue,139,82,179,
lightskyblue,139,82,
lightskyblue,139,82,177,
lightskyblue,139,160,179,
lightskyblue,139,160,179,
lightskyblue,139,160,
lightskyblue,139,160,177,
lightskyblue,102,133,164,125,
lightskyblue,102,133,164,125,
lightskyblue,102,133,164,
lightskyblue,102,133,164,123,
lightskyblue,154,133,164,125,
lightskyblue,154,133,164,125,
lightskyblue,154,133,164,
lightskyblue,154,133,164,123,
lightskyblue,164,125,
lightskyblue,164,125,
lightskyblue,164,
lightskyblue,164,123,
lightskyblue,133,84,164,125,
lightskyblue,133,84,164,125,
lightskyblue,133,84,164,
lightskyblue,133,84,164,123,
lightskyblue,133,104,164,125,
lightskyblue,133,104,164,125,
lightskyblue,133,104,164,
lightskyblue,133,104,164,123,
lightskyblue,102,133,125,
lightskyblue,102,133,125,
lightskyblue,102,133,
lightskyblue,102,133,123,
lightskyblue,154,133,125,
lightskyblue,154,133,125,
lightskyblue,154,133,
lightskyblue,154,133,123,
lightskyblue,125,
lightskyblue,125,
lightskyblue,123,
lightskyblue,133,84,125,
lightskyblue,133,84,125,
lightskyblue,133,84,
lightskyblue,133,84,123,
lightskyblue,133,104,125,
lightskyblue,133,104,125,
lightskyblue,133,104,
lightskyblue,133,104,123,
lightskyblue,156,135,167,130,
lightskyblue,156,135,167,130,
lightskyblue,156,135,167,
lightskyblue,156,135,167,128,
lightskyblue,106,135,167,130,
lightskyblue,106,135,167,130,
lightskyblue,106,135,167,
lightskyblue,106,135,167,128,
lightskyblue,167,130,
lightskyblue,167,130,
lightskyblue,167,
lightskyblue,167,128,
lightskyblue,135,86,167,130,
lightskyblue,135,86,167,130,
lightskyblue,135,86,167,
lightskyblue,135,86,167,128,
lightskyblue,135,108,167,130,
lightskyblue,135,108,167,130,
lightskyblue,135,108,167,
lightskyblue,135,108,167,128,
lightskyblue,156,135,130,
lightskyblue,156,135,130,
lightskyblue,156,135,
lightskyblue,156,135,128,
lightskyblue,106,135,130,
lightskyblue,106,135,130,
lightskyblue,106,135,
lightskyblue,106,135,128,
lightskyblue,130,
lightskyblue,130,
lightskyblue,128,
lightskyblue,135,86,130,
lightskyblue,135,86,130,
lightskyblue,135,86,
lightskyblue,135,86,128,
lightskyblue,135,108,130,
lightskyblue,135,108,130,
lightskyblue,135,108,
lightskyblue,135,108,128,
lightskyblue,55,62,68,
lightskyblue,55,62,68,
lightskyblue,57,62,68,
lightskyblue,57,62,68,
lightskyblue,62,53,68,
lightskyblue,62,53,68,
lightskyblue,62,63,68,
lightskyblue,62,63,68,
lightskyblue,89,138,172,
lightskyblue,89,138,172,
lightskyblue,91,138,172,
lightskyblue,91,138,172,
lightskyblue,138,157,172,
lightskyblue,138,157,172,
lightskyblue,138,109,172,
lightskyblue,138,109,172,
lightskyblue,93,142,188,
lightskyblue,93,142,188,
lightskyblue,95,142,188,
lightskyblue,95,142,188,
lightskyblue,142,87,188,
lightskyblue,142,87,188,
lightskyblue,142,161,188,
lightskyblue,142,161,188,
lightskyblue,97,140,180,
lightskyblue,97,140,180,
lightskyblue,99,140,180,
lightskyblue,99,140,180,
lightskyblue,140,81,180,
lightskyblue,140,81,180,
lightskyblue,140,159,180,
lightskyblue,140,159,180,
lightskyblue,101,134,126,
lightskyblue,101,134,126,
lightskyblue,153,134,126,
lightskyblue,153,134,126,
lightskyblue,134,83,126,
lightskyblue,134,83,126,
lightskyblue,134,103,126,
lightskyblue,134,103,126,
lightskyblue,155,136,131,
lightskyblue,155,136,131,
lightskyblue,105,136,131,
lightskyblue,105,136,131,
lightskyblue,136,85,131,
lightskyblue,136,85,131,
lightskyblue,136,107,131,
lightskyblue,136,107,131,
lightskyblue,56,61,67,
lightskyblue,56,61,67,
lightskyblue,56,61,
lightskyblue,56,61,67,
lightskyblue,58,61,67,
lightskyblue,58,61,67,
lightskyblue,58,61,
lightskyblue,58,61,67,
lightskyblue,67,
lightskyblue,67,
lightskyblue,67,
lightskyblue,61,54,67,
lightskyblue,61,54,67,
lightskyblue,61,54,
lightskyblue,61,54,67,
lightskyblue,61,64,67,
lightskyblue,61,64,67,
lightskyblue,61,64,
lightskyblue,61,64,67,
lightskyblue,56,61,59,67,
lightskyblue,56,61,59,67,
lightskyblue,56,61,59,
lightskyblue,56,61,59,67,
lightskyblue,58,61,59,67,
lightskyblue,58,61,59,67,
lightskyblue,58,61,59,
lightskyblue,58,61,59,67,
lightskyblue,59,67,
lightskyblue,59,67,
lightskyblue,59,
lightskyblue,59,67,
lightskyblue,61,54,59,67,
lightskyblue,61,54,59,67,
lightskyblue,61,54,59,
lightskyblue,61,54,59,67,
lightskyblue,61,64,59,67,
lightskyblue,61,64,59,67,
lightskyblue,61,64,59,
lightskyblue,61,64,59,67,
lightskyblue,90,137,171,
lightskyblue,90,137,171,
lightskyblue,90,137,
lightskyblue,90,137,171,
lightskyblue,92,137,171,
lightskyblue,92,137,171,
lightskyblue,92,137,
lightskyblue,92,137,171,
lightskyblue,171,
lightskyblue,171,
lightskyblue,171,
lightskyblue,137,158,171,
lightskyblue,137,158,171,
lightskyblue,137,158,
lightskyblue,137,158,171,
lightskyblue,137,110,171,
lightskyblue,137,110,171,
lightskyblue,137,110,
lightskyblue,137,110,171,
lightskyblue,90,137,120,171,
lightskyblue,90,137,120,171,
lightskyblue,90,137,120,
lightskyblue,90,137,120,171,
lightskyblue,92,137,120,171,
lightskyblue,92,137,120,171,
lightskyblue,92,137,120,
lightskyblue,92,137,120,171,
lightskyblue,120,171,
lightskyblue,120,171,
lightskyblue,120,
lightskyblue,120,171,
lightskyblue,137,158,120,171,
lightskyblue,137,158,120,171,
lightskyblue,137,158,120,
lightskyblue,137,158,120,171,
lightskyblue,137,110,120,171,
lightskyblue,137,110,120,171,
lightskyblue,137,110,120,
lightskyblue,137,110,120,171,
lightskyblue,94,141,187,
lightskyblue,94,141,187,
lightskyblue,94,141,
lightskyblue,94,141,187,
lightskyblue,96,141,187,
lightskyblue,96,141,187,
lightskyblue,96,141,
lightskyblue,96,141,187,
lightskyblue,187,
lightskyblue,187,
lightskyblue,187,
lightskyblue,141,88,187,
lightskyblue,141,88,187,
lightskyblue,141,88,
lightskyblue,141,88,187,
lightskyblue,141,162,187,
lightskyblue,141,162,187,
lightskyblue,141,162,
lightskyblue,141,162,187,
lightskyblue,94,141,182,187,
lightskyblue,94,141,182,187,
lightskyblue,94,141,182,
lightskyblue,94,141,182,187,
lightskyblue,96,141,182,187,
lightskyblue,96,141,182,187,
lightskyblue,96,141,182,
lightskyblue,96,141,182,187,
lightskyblue,182,187,
lightskyblue,182,187,
lightskyblue,182,
lightskyblue,182,187,
lightskyblue,141,88,182,187,
lightskyblue,141,88,182,187,
lightskyblue,141,88,182,
lightskyblue,141,88,182,187,
lightskyblue,141,162,182,187,
lightskyblue,141,162,182,187,
lightskyblue,141,162,182,
lightskyblue,141,162,182,187,
lightskyblue,98,139,179,
lightskyblue,98,139,179,
lightskyblue,98,139,
lightskyblue,98,139,179,
lightskyblue,100,139,179,
lightskyblue,100,139,179,
lightskyblue,100,139,
lightskyblue,100,139,179,
lightskyblue,179,
lightskyblue,179,
lightskyblue,179,
lightskyblue,139,82,179,
lightskyblue,139,82,179,
lightskyblue,139,82,
lightskyblue,139,82,179,
lightskyblue,139,160,179,
lightskyblue,139,160,179,
lightskyblue,139,160,
lightskyblue,139,160,179,
lightskyblue,98,139,174,179,
lightskyblue,98,139,174,179,
lightskyblue,98,139,174,
lightskyblue,98,139,174,179,
lightskyblue,100,139,174,179,
lightskyblue,100,139,174,179,
lightskyblue,100,139,174,
lightskyblue,100,139,174,179,
lightskyblue,174,179,
lightskyblue,174,179,
lightskyblue,174,
lightskyblue,174,179,
lightskyblue,139,82,174,179,
lightskyblue,139,82,174,179,
lightskyblue,139,82,174,
lightskyblue,139,82,174,179,
lightskyblue,139,160,174,179,
lightskyblue,139,160,174,179,
lightskyblue,139,160,174,
lightskyblue,139,160,174,179,
lightskyblue,102,133,125,
lightskyblue,102,133,125,
lightskyblue,102,133,
lightskyblue,102,133,125,
lightskyblue,154,133,125,
lightskyblue,154,133,125,
lightskyblue,154,133,
lightskyblue,154,133,125,
lightskyblue,125,
lightskyblue,125,
lightskyblue,125,
lightskyblue,133,84,125,
lightskyblue,133,84,125,
lightskyblue,133,84,
lightskyblue,133,84,125,
lightskyblue,133,104,125,
lightskyblue,133,104,125,
lightskyblue,133,104,
lightskyblue,133,104,125,
lightskyblue,102,133,163,125,
lightskyblue,102,133,163,125,
lightskyblue,102,133,163,
lightskyblue,102,133,163,125,
lightskyblue,154,133,163,125,
lightskyblue,154,133,163,125,
lightskyblue,154,133,163,
lightskyblue,154,133,163,125,
lightskyblue,163,125,
lightskyblue,163,125,
lightskyblue,163,
lightskyblue,163,125,
lightskyblue,133,84,163,125,
lightskyblue,133,84,163,125,
lightskyblue,133,84,163,
lightskyblue,133,84,163,125,
lightskyblue,133,104,163,125,
lightskyblue,133,104,163,125,
lightskyblue,133,104,163,
lightskyblue,133,104,163,125,
lightskyblue,156,135,130,
lightskyblue,156,135,130,
lightskyblue,156,135,
lightskyblue,156,135,130,
lightskyblue,106,135,130,
lightskyblue,106,135,130,
lightskyblue,106,135,
lightskyblue,106,135,130,
lightskyblue,130,
lightskyblue,130,
lightskyblue,130,
lightskyblue,135,86,130,
lightskyblue,135,86,130,
lightskyblue,135,86,
lightskyblue,135,86,130,
lightskyblue,135,108,130,
lightskyblue,135,108,130,
lightskyblue,135,108,
lightskyblue,135,108,130,
lightskyblue,156,135,166,130,
lightskyblue,156,135,166,130,
lightskyblue,156,135,166,
lightskyblue,156,135,166,130,
lightskyblue,106,135,166,130,
lightskyblue,106,135,166,130,
lightskyblue,106,135,166,
lightskyblue,106,135,166,130,
lightskyblue,166,130,
lightskyblue,166,130,
lightskyblue,166,
lightskyblue,166,130,
lightskyblue,135,86,166,130,
lightskyblue,135,86,166,130,
lightskyblue,135,86,166,
lightskyblue,135,86,166,130,
lightskyblue,135,108,166,130,
lightskyblue,135,108,166,130,
lightskyblue,135,108,166,
lightskyblue,135,108,166,130,
lightskyblue,147,76,139,174,179,190,
lightskyblue,147,77,139,174,179,190,
lightskyblue,147,111,139,174,179,191,
lightskyblue,147,112,139,174,179,191,
lightskyblue,147,113,139,174,179,191,
lightskyblue,147,114,139,174,179,191,
lightskyblue,147,115,139,174,179,191,
lightskyblue,147,116,139,174,179,191,
lightskyblue,149,76,137,120,171,
lightskyblue,149,77,137,120,171,
lightskyblue,149,78,137,120,171,
lightskyblue,151,76,141,182,187,
lightskyblue,151,77,141,182,187,
lightskyblue,151,78,141,182,187,
lightskyblue,149,111,137,120,171,
lightskyblue,149,112,137,120,171,
lightskyblue,149,113,137,120,171,
lightskyblue,149,114,137,120,171,
lightskyblue,149,115,137,120,171,
lightskyblue,149,116,137,120,171,
lightskyblue,149,117,137,120,171,
lightskyblue,151,111,141,182,187,
lightskyblue,151,112,141,182,187,
lightskyblue,151,113,141,182,187,
lightskyblue,151,114,141,182,187,
lightskyblue,151,115,141,182,187,
lightskyblue,151,116,141,182,187,
lightskyblue,151,117,141,182,187,
lightskyblue,143,76,133,163,125,
lightskyblue,143,77,133,163,125,
lightskyblue,143,78,133,163,125,
lightskyblue,143,79,133,163,125,
lightskyblue,145,76,135,166,130,
lightskyblue,145,77,135,166,130,
lightskyblue,145,78,135,166,130,
lightskyblue,145,79,135,166,130,
lightskyblue,143,111,133,163,125,
lightskyblue,143,112,133,163,125,
lightskyblue,143,113,133,163,125,
lightskyblue,143,114,133,163,125,
lightskyblue,143,115,133,163,125,
lightskyblue,143,116,133,163,125,
lightskyblue,143,117,133,163,125,
lightskyblue,143,118,133,163,125,
lightskyblue,145,111,135,166,130,
lightskyblue,145,112,135,166,130,
lightskyblue,145,113,135,166,130,
lightskyblue,145,114,135,166,130,
lightskyblue,145,115,135,166,130,
lightskyblue,145,116,135,166,130,
lightskyblue,145,117,135,166,130,
lightskyblue,145,118,135,166,130,
lightskyblue,55,62,68,
lightskyblue,55,62,68,
lightskyblue,57,62,68,
lightskyblue,57,62,68,
lightskyblue,62,53,68,
lightskyblue,62,53,68,
lightskyblue,62,63,68,
lightskyblue,62,63,68,
lightskyblue,89,138,172,
lightskyblue,89,138,172,
lightskyblue,91,138,172,
lightskyblue,91,138,172,
lightskyblue,138,157,172,
lightskyblue,138,157,172,
lightskyblue,138,109,172,
lightskyblue,138,109,172,
lightskyblue,93,142,188,
lightskyblue,93,142,188,
lightskyblue,95,142,188,
lightskyblue,95,142,188,
lightskyblue,142,87,188,
lightskyblue,142,87,188,
lightskyblue,142,161,188,
lightskyblue,142,161,188,
lightskyblue,97,140,180,
lightskyblue,97,140,180,
lightskyblue,99,140,180,
lightskyblue,99,140,180,
lightskyblue,140,81,180,
lightskyblue,140,81,180,
lightskyblue,140,159,180,
lightskyblue,140,159,180,
lightskyblue,101,134,126,
lightskyblue,101,134,126,
lightskyblue,153,134,126,
lightskyblue,153,134,126,
lightskyblue,134,83,126,
lightskyblue,134,83,126,
lightskyblue,134,103,126,
lightskyblue,134,103,126,
lightskyblue,155,136,131,
lightskyblue,155,136,131,
lightskyblue,105,136,131,
lightskyblue,105,136,131,
lightskyblue,136,85,131,
lightskyblue,136,85,131,
lightskyblue,136,107,131,
lightskyblue,136,107,131,
lightskyblue,70,72,
lightskyblue,75,73,
lightskyblue,69,71,
lightskyblue,74,71,
