green,
green,
green,
green,
green,
green,
green,
green,
green,
green,
green,
green,
green,
green,
green,
green,
green,
green,
green,
green,
green,
green,
green,
green,
green,
green,
green,
green,
green,
green,
green,
green,
green,
green,
green,
green,
green,
green,
green,
green,
green,
green,
green,
green,
green,
green,
green,
green,
green,
green,
green,
green,
green,
green,
green,
green,
green,
green,
green,
green,
green,
green,
gold,0,904,905,906,907,908,909,910,911,912,913,914,915,916,917,918,919,920,921,922,923,924,925,926,927,928,929,930,931,932,933,934,935,936,937,938,939,940,941,942,943,944,945,946,947,948,989,990,991,992,993,994,995,996,997,998,999,1000,1001,1002,1003,1004,1005,1006,1007,1008,1085,
gold,0,
gold,1,949,950,951,952,953,954,955,956,957,958,959,960,961,962,963,964,965,966,967,968,969,970,971,972,973,974,975,976,977,978,979,980,981,982,983,984,985,986,987,988,1009,1010,1011,1012,1013,1014,1015,1016,1017,1018,1019,1020,1021,1022,1023,1024,1025,1026,1086,
gold,1,
gold,2,1085,1086,1087,
gold,2,243,244,245,246,247,248,249,250,251,252,253,254,255,256,257,258,259,260,261,262,263,264,265,266,267,268,269,270,271,272,273,274,275,276,277,278,279,280,281,282,283,284,285,286,287,328,329,330,331,332,333,334,335,336,337,338,339,340,341,342,343,344,345,346,347,1088,
gold,2,288,289,290,291,292,293,294,295,296,297,298,299,300,301,302,303,304,305,306,307,308,309,310,311,312,313,314,315,316,317,318,319,320,321,322,323,324,325,326,327,348,349,350,351,352,353,354,355,356,357,358,359,360,361,362,363,364,365,1089,
gold,2,366,367,1090,
gold,3,1027,1028,1087,
gold,3,
gold,4,
gold,4,366,367,1027,1028,
gold,5,390,391,392,393,405,406,407,408,662,663,664,665,678,679,680,681,
gold,5,
gold,6,421,422,423,424,436,437,438,439,693,694,695,696,709,710,711,712,
gold,6,
gold,7,452,453,454,455,467,468,469,470,724,725,726,727,740,741,742,743,
gold,7,
gold,8,514,515,516,517,529,530,531,532,802,803,804,805,818,819,820,821,
gold,8,
gold,9,413,414,415,416,429,430,431,432,686,687,688,689,701,702,703,704,
gold,9,
gold,10,444,445,446,447,460,461,462,463,717,718,719,720,732,733,734,735,
gold,10,
gold,11,518,519,520,521,533,534,535,536,806,807,808,809,822,823,824,825,
gold,11,
gold,12,537,538,539,540,553,554,555,556,826,827,828,829,841,842,843,844,
gold,12,
gold,13,549,550,551,552,564,565,566,567,837,838,839,840,853,854,855,856,
gold,13,
gold,14,425,426,427,428,440,441,442,443,697,698,699,700,713,714,715,716,
gold,14,
gold,15,394,395,396,397,409,410,411,412,666,667,668,669,682,683,684,685,
gold,15,
gold,16,483,484,485,486,498,499,500,501,756,757,758,759,771,772,773,774,787,788,789,790,
gold,16,
gold,17,576,577,578,579,591,592,593,594,865,866,867,868,880,881,882,883,896,897,898,899,
gold,17,
gold,18,475,476,477,478,491,492,493,494,748,749,750,751,764,765,766,767,779,780,781,782,
gold,18,
gold,19,568,569,570,571,584,585,586,587,857,858,859,860,873,874,875,876,888,889,890,891,
gold,19,
gold,20,580,581,582,583,595,596,597,598,869,870,871,872,884,885,886,887,900,901,902,903,
gold,20,
gold,21,487,488,489,490,502,503,504,505,760,761,762,763,775,776,777,778,791,792,793,794,
gold,21,
gold,22,
gold,22,
gold,22,288,296,304,312,320,348,357,949,957,965,973,981,1009,1018,
gold,22,349,358,1010,1019,
gold,22,289,297,305,313,321,350,359,950,958,966,974,982,1011,1020,
gold,22,290,298,306,314,322,351,360,951,959,967,975,983,1012,1021,
gold,22,291,299,307,315,323,352,361,952,960,968,976,984,1013,1022,
gold,22,292,300,308,316,324,353,362,953,961,969,977,985,1014,1023,
gold,22,293,301,309,317,325,354,363,954,962,970,978,986,1015,1024,
gold,22,294,302,310,318,326,355,364,955,963,971,979,987,1016,1025,
gold,22,295,303,311,319,327,356,365,956,964,972,980,988,1017,1026,
gold,23,
gold,23,
gold,23,243,252,261,270,279,328,338,904,913,922,931,940,989,999,
gold,23,244,253,262,271,280,329,339,905,914,923,932,941,990,1000,
gold,23,330,340,991,1001,
gold,23,245,254,263,272,281,331,341,906,915,924,933,942,992,1002,
gold,23,246,255,264,273,282,332,342,907,916,925,934,943,993,1003,
gold,23,247,256,265,274,283,333,343,908,917,926,935,944,994,1004,
gold,23,248,257,266,275,284,334,344,909,918,927,936,945,995,1005,
gold,23,249,258,267,276,285,335,345,910,919,928,937,946,996,1006,
gold,23,250,259,268,277,286,336,346,911,920,929,938,947,997,1007,
gold,23,251,260,269,278,287,337,347,912,921,930,939,948,998,1008,
gold,24,537,538,539,540,541,542,543,544,545,546,547,548,549,550,551,552,639,641,643,645,826,827,828,829,830,831,832,833,834,835,836,837,838,839,840,1069,1071,1073,1075,
gold,24,553,554,555,556,557,558,559,560,561,562,563,564,565,566,567,640,642,644,646,841,842,843,844,845,846,847,848,849,850,851,852,853,854,855,856,1070,1072,1074,1076,
gold,24,
gold,25,444,448,452,456,460,464,467,471,717,721,724,728,732,736,740,744,
gold,25,445,449,453,457,461,465,468,472,718,722,725,729,733,737,741,745,
gold,25,372,373,446,450,454,458,462,469,473,615,616,617,618,619,620,621,622,719,726,730,734,738,742,746,1045,1046,1047,1048,1049,1050,1051,1052,
gold,25,447,451,455,459,463,466,470,474,720,723,727,731,735,739,743,747,
gold,25,261,262,263,264,265,266,267,268,269,304,305,306,307,308,309,310,311,922,923,924,925,926,927,928,929,930,965,966,967,968,969,970,971,972,
gold,26,448,449,450,451,464,465,466,721,722,723,736,737,738,739,
gold,26,
gold,27,475,479,483,487,491,495,498,502,748,752,756,760,764,768,771,775,779,783,787,791,
gold,27,476,480,484,488,492,496,499,503,749,753,757,761,765,769,772,776,780,784,788,792,
gold,27,374,375,477,481,485,489,493,500,504,623,624,625,626,627,628,629,630,750,754,758,762,766,773,777,781,785,789,793,1053,1054,1055,1056,1057,1058,1059,1060,
gold,27,478,482,486,490,494,497,501,505,751,755,759,763,767,770,774,778,782,786,790,794,
gold,27,328,329,330,331,332,333,334,335,336,337,348,349,350,351,352,353,354,355,356,366,989,990,991,992,993,994,995,996,997,998,1009,1010,1011,1012,1013,1014,1015,1016,1017,1027,
gold,28,479,480,481,482,495,496,497,752,753,754,755,768,769,770,783,784,785,786,
gold,28,
gold,29,541,542,543,544,557,558,559,830,831,832,845,846,847,848,
gold,29,
gold,30,386,387,388,389,402,403,404,659,660,661,674,675,676,677,
gold,30,
gold,31,510,511,512,513,526,527,528,799,800,801,814,815,816,817,
gold,31,
gold,32,572,573,574,575,588,589,590,861,862,863,864,877,878,879,892,893,894,895,
gold,32,
red,33,372,373,444,445,446,447,448,449,450,451,452,453,454,455,456,457,458,459,460,461,462,463,464,465,466,467,468,469,470,471,472,473,474,615,616,617,618,619,620,621,622,717,718,719,720,721,722,723,724,725,726,727,728,729,730,731,732,733,734,735,736,737,738,739,740,741,742,743,744,745,746,747,1045,1046,1047,1048,1049,1050,1051,1052,
gold,33,
red,34,456,457,458,459,471,472,473,474,728,729,730,731,744,745,746,747,
gold,34,
red,35,368,369,382,383,384,385,386,387,388,389,390,391,392,393,394,395,396,397,398,399,400,401,402,403,404,405,406,407,408,409,410,411,412,599,600,601,602,603,604,605,606,655,656,657,658,659,660,661,662,663,664,665,666,667,668,669,670,671,672,673,674,675,676,677,678,679,680,681,682,683,684,685,1029,1030,1031,1032,1033,1034,1035,1036,
gold,35,
red,36,370,371,413,414,415,416,417,418,419,420,421,422,423,424,425,426,427,428,429,430,431,432,433,434,435,436,437,438,439,440,441,442,443,607,608,609,610,611,612,613,614,686,687,688,689,690,691,692,693,694,695,696,697,698,699,700,701,702,703,704,705,706,707,708,709,710,711,712,713,714,715,716,1037,1038,1039,1040,1041,1042,1043,1044,
gold,36,
red,37,376,377,506,507,508,509,510,511,512,513,514,515,516,517,518,519,520,521,522,523,524,525,526,527,528,529,530,531,532,533,534,535,536,631,632,633,634,635,636,637,638,795,796,797,798,799,800,801,802,803,804,805,806,807,808,809,810,811,812,813,814,815,816,817,818,819,820,821,822,823,824,825,1061,1062,1063,1064,1065,1066,1067,1068,
gold,37,
red,38,378,379,537,538,539,540,541,542,543,544,545,546,547,548,549,550,551,552,553,554,555,556,557,558,559,560,561,562,563,564,565,566,567,639,640,641,642,643,644,645,646,826,827,828,829,830,831,832,833,834,835,836,837,838,839,840,841,842,843,844,845,846,847,848,849,850,851,852,853,854,855,856,1069,1070,1071,1072,1073,1074,1075,1076,
gold,38,
red,39,545,546,547,548,560,561,562,563,833,834,835,836,849,850,851,852,
gold,39,
red,40,382,383,384,385,398,399,400,401,655,656,657,658,670,671,672,673,
gold,40,
red,41,506,507,508,509,522,523,524,525,795,796,797,798,810,811,812,813,
gold,41,
red,42,374,375,475,476,477,478,479,480,481,482,483,484,485,486,487,488,489,490,491,492,493,494,495,496,497,498,499,500,501,502,503,504,505,623,624,625,626,627,628,629,630,748,749,750,751,752,753,754,755,756,757,758,759,760,761,762,763,764,765,766,767,768,769,770,771,772,773,774,775,776,777,778,779,780,781,782,783,784,785,786,787,788,789,790,791,792,793,794,1053,1054,1055,1056,1057,1058,1059,1060,
gold,42,
red,43,380,381,568,569,570,571,572,573,574,575,576,577,578,579,580,581,582,583,584,585,586,587,588,589,590,591,592,593,594,595,596,597,598,647,648,649,650,651,652,653,654,857,858,859,860,861,862,863,864,865,866,867,868,869,870,871,872,873,874,875,876,877,878,879,880,881,882,883,884,885,886,887,888,889,890,891,892,893,894,895,896,897,898,899,900,901,902,903,1077,1078,1079,1080,1081,1082,1083,1084,
gold,43,
gold,44,444,445,446,447,448,449,450,451,452,453,454,455,456,457,458,459,615,617,619,621,717,718,719,720,721,722,723,724,725,726,727,728,729,730,731,1045,1047,1049,1051,
red,44,460,461,462,463,464,465,466,467,468,469,470,471,472,473,474,616,618,620,622,732,733,734,735,736,737,738,739,740,741,742,743,744,745,746,747,1046,1048,1050,1052,
gold,44,
gold,45,537,541,545,549,553,557,560,564,826,830,833,837,841,845,849,853,
gold,45,538,542,546,550,554,558,561,565,827,831,834,838,842,846,850,854,
gold,45,378,379,539,543,547,551,555,562,566,639,640,641,642,643,644,645,646,828,835,839,843,847,851,855,1069,1070,1071,1072,1073,1074,1075,1076,
red,45,540,544,548,552,556,559,563,567,829,832,836,840,844,848,852,856,
gold,45,279,280,281,282,283,284,285,286,287,320,321,322,323,324,325,326,327,940,941,942,943,944,945,946,947,948,981,982,983,984,985,986,987,988,
gold,46,382,386,390,394,398,402,405,409,655,659,662,666,670,674,678,682,
gold,46,383,387,391,395,399,403,406,410,656,660,663,667,671,675,679,683,
gold,46,368,369,384,388,392,396,400,407,411,599,600,601,602,603,604,605,606,657,664,668,672,676,680,684,1029,1030,1031,1032,1033,1034,1035,1036,
red,46,385,389,393,397,401,404,408,412,658,661,665,669,673,677,681,685,
gold,46,243,244,245,246,247,248,249,250,251,288,289,290,291,292,293,294,295,904,905,906,907,908,909,910,911,912,949,950,951,952,953,954,955,956,
red,47,382,383,384,385,386,387,388,389,390,391,392,393,394,395,396,397,599,601,603,605,655,656,657,658,659,660,661,662,663,664,665,666,667,668,669,1029,1031,1033,1035,
gold,47,398,399,400,401,402,403,404,405,406,407,408,409,410,411,412,600,602,604,606,670,671,672,673,674,675,676,677,678,679,680,681,682,683,684,685,1030,1032,1034,1036,
gold,47,
gold,48,506,510,514,518,522,526,529,533,795,799,802,806,810,814,818,822,
red,48,507,511,515,519,523,527,530,534,796,800,803,807,811,815,819,823,
gold,48,376,377,508,512,516,520,524,531,535,631,632,633,634,635,636,637,638,797,804,808,812,816,820,824,1061,1062,1063,1064,1065,1066,1067,1068,
gold,48,509,513,517,521,525,528,532,536,798,801,805,809,813,817,821,825,
gold,48,270,271,272,273,274,275,276,277,278,312,313,314,315,316,317,318,319,931,932,933,934,935,936,937,938,939,973,974,975,976,977,978,979,980,
gold,49,506,507,508,509,510,511,512,513,514,515,516,517,518,519,520,521,631,633,635,637,795,796,797,798,799,800,801,802,803,804,805,806,807,808,809,1061,1063,1065,1067,
red,49,522,523,524,525,526,527,528,529,530,531,532,533,534,535,536,632,634,636,638,810,811,812,813,814,815,816,817,818,819,820,821,822,823,824,825,1062,1064,1066,1068,
gold,49,
red,50,413,414,415,416,417,418,419,420,421,422,423,424,425,426,427,428,607,609,611,613,686,687,688,689,690,691,692,693,694,695,696,697,698,699,700,1037,1039,1041,1043,
gold,50,429,430,431,432,433,434,435,436,437,438,439,440,441,442,443,608,610,612,614,701,702,703,704,705,706,707,708,709,710,711,712,713,714,715,716,1038,1040,1042,1044,
gold,50,
gold,51,413,417,421,425,429,433,436,440,686,690,693,697,701,705,709,713,
gold,51,414,418,422,426,430,434,437,441,687,691,694,698,702,706,710,714,
gold,51,370,371,415,419,423,427,431,438,442,607,608,609,610,611,612,613,614,688,695,699,703,707,711,715,1037,1038,1039,1040,1041,1042,1043,1044,
red,51,416,420,424,428,432,435,439,443,689,692,696,700,704,708,712,716,
gold,51,252,253,254,255,256,257,258,259,260,296,297,298,299,300,301,302,303,913,914,915,916,917,918,919,920,921,957,958,959,960,961,962,963,964,
red,52,417,418,419,420,433,434,435,690,691,692,705,706,707,708,
gold,52,
gold,53,748,749,750,751,752,753,754,755,756,757,758,759,760,761,762,763,
red,53,475,476,477,478,479,480,481,482,483,484,485,486,487,488,489,490,623,625,627,629,764,765,766,767,768,769,770,771,772,773,774,775,776,777,778,1053,1055,1057,1059,
gold,53,491,492,493,494,495,496,497,498,499,500,501,502,503,504,505,624,626,628,630,779,780,781,782,783,784,785,786,787,788,789,790,791,792,793,794,1054,1056,1058,1060,
gold,53,
gold,54,568,572,576,580,584,588,591,595,857,861,865,869,873,877,880,884,888,892,896,900,
red,54,569,573,577,581,585,589,592,596,858,862,866,870,874,878,881,885,889,893,897,901,
gold,54,380,381,570,574,578,582,586,593,597,647,648,649,650,651,652,653,654,859,863,867,871,875,882,886,890,894,898,902,1077,1078,1079,1080,1081,1082,1083,1084,
gold,54,571,575,579,583,587,590,594,598,860,864,868,872,876,879,883,887,891,895,899,903,
gold,54,338,339,340,341,342,343,344,345,346,347,357,358,359,360,361,362,363,364,365,367,999,1000,1001,1002,1003,1004,1005,1006,1007,1008,1018,1019,1020,1021,1022,1023,1024,1025,1026,1028,
gold,55,857,858,859,860,861,862,863,864,865,866,867,868,869,870,871,872,
gold,55,568,569,570,571,572,573,574,575,576,577,578,579,580,581,582,583,647,649,651,653,873,874,875,876,877,878,879,880,881,882,883,884,885,886,887,1077,1079,1081,1083,
red,55,584,585,586,587,588,589,590,591,592,593,594,595,596,597,598,648,650,652,654,888,889,890,891,892,893,894,895,896,897,898,899,900,901,902,903,1078,1080,1082,1084,
gold,55,
red,56,
gold,56,
gold,56,
gold,57,
red,57,
gold,57,
gold,58,
red,58,
gold,58,
red,59,
gold,59,
gold,59,
red,60,
gold,60,
gold,60,
gold,61,
red,61,
gold,61,
lightskyblue,160,128,150,191,188,229,
lightskyblue,160,130,150,191,188,229,
lightskyblue,160,119,150,191,188,229,
lightskyblue,160,120,150,191,188,229,
lightskyblue,160,123,150,191,188,229,
lightskyblue,160,124,150,191,188,229,
lightskyblue,160,125,150,191,188,229,
lightskyblue,160,126,150,191,188,229,
lightskyblue,160,127,150,191,188,229,
lightskyblue,162,128,210,202,207,226,
lightskyblue,162,130,210,202,207,226,
lightskyblue,162,119,210,202,207,226,
lightskyblue,162,120,210,202,207,226,
lightskyblue,162,123,210,202,207,226,
lightskyblue,162,124,210,202,207,226,
lightskyblue,162,125,210,202,207,226,
lightskyblue,162,126,210,202,207,226,
lightskyblue,162,127,210,202,207,226,
lightskyblue,156,128,139,178,136,241,
lightskyblue,156,130,139,178,136,241,
lightskyblue,156,119,139,178,136,241,
lightskyblue,156,120,139,178,136,241,
lightskyblue,156,123,139,178,136,241,
lightskyblue,156,124,139,178,136,241,
lightskyblue,156,125,139,178,136,241,
lightskyblue,156,126,139,178,136,241,
lightskyblue,156,127,139,178,136,241,
lightskyblue,164,128,152,199,196,232,
lightskyblue,164,130,152,199,196,232,
lightskyblue,164,119,152,199,196,232,
lightskyblue,164,120,152,199,196,232,
lightskyblue,164,123,152,199,196,232,
lightskyblue,164,124,152,199,196,232,
lightskyblue,164,125,152,199,196,232,
lightskyblue,164,126,152,199,196,232,
lightskyblue,164,127,152,199,196,232,
lightskyblue,166,128,148,131,183,
lightskyblue,166,130,148,131,183,
lightskyblue,166,119,148,131,183,
lightskyblue,166,120,148,131,183,
lightskyblue,166,123,148,131,183,
lightskyblue,166,124,148,131,183,
lightskyblue,166,125,148,131,183,
lightskyblue,166,126,148,131,183,
lightskyblue,166,127,148,131,183,
lightskyblue,160,117,150,191,188,228,
lightskyblue,160,108,150,191,188,228,
lightskyblue,160,109,150,191,188,228,
lightskyblue,160,111,150,191,188,228,
lightskyblue,160,112,150,191,188,228,
lightskyblue,160,113,150,191,188,228,
lightskyblue,160,114,150,191,188,228,
lightskyblue,160,115,150,191,188,228,
lightskyblue,162,117,210,202,207,225,
lightskyblue,162,108,210,202,207,225,
lightskyblue,162,109,210,202,207,225,
lightskyblue,162,111,210,202,207,225,
lightskyblue,162,112,210,202,207,225,
lightskyblue,162,113,210,202,207,225,
lightskyblue,162,114,210,202,207,225,
lightskyblue,162,115,210,202,207,225,
lightskyblue,156,117,139,178,136,240,
lightskyblue,156,108,139,178,136,240,
lightskyblue,156,109,139,178,136,240,
lightskyblue,156,111,139,178,136,240,
lightskyblue,156,112,139,178,136,240,
lightskyblue,156,113,139,178,136,240,
lightskyblue,156,114,139,178,136,240,
lightskyblue,156,115,139,178,136,240,
lightskyblue,164,117,152,199,196,231,
lightskyblue,164,108,152,199,196,231,
lightskyblue,164,109,152,199,196,231,
lightskyblue,164,111,152,199,196,231,
lightskyblue,164,112,152,199,196,231,
lightskyblue,164,113,152,199,196,231,
lightskyblue,164,114,152,199,196,231,
lightskyblue,164,115,152,199,196,231,
lightskyblue,166,117,148,131,183,
lightskyblue,166,108,148,131,183,
lightskyblue,166,109,148,131,183,
lightskyblue,166,111,148,131,183,
lightskyblue,166,112,148,131,183,
lightskyblue,166,113,148,131,183,
lightskyblue,166,114,148,131,183,
lightskyblue,166,115,148,131,183,
lightskyblue,174,129,146,213,143,235,
lightskyblue,174,121,146,213,143,235,
lightskyblue,174,119,146,213,143,235,
lightskyblue,174,120,146,213,143,235,
lightskyblue,174,123,146,213,143,235,
lightskyblue,174,124,146,213,143,235,
lightskyblue,174,125,146,213,143,235,
lightskyblue,174,126,146,213,143,235,
lightskyblue,174,127,146,213,143,235,
lightskyblue,174,128,146,213,143,235,
lightskyblue,176,129,154,222,218,238,
lightskyblue,176,121,154,222,218,238,
lightskyblue,176,119,154,222,218,238,
lightskyblue,176,120,154,222,218,238,
lightskyblue,176,123,154,222,218,238,
lightskyblue,176,124,154,222,218,238,
lightskyblue,176,125,154,222,218,238,
lightskyblue,176,126,154,222,218,238,
lightskyblue,176,127,154,222,218,238,
lightskyblue,176,128,154,222,218,238,
lightskyblue,174,118,146,213,143,234,
lightskyblue,174,108,146,213,143,234,
lightskyblue,174,109,146,213,143,234,
lightskyblue,174,111,146,213,143,234,
lightskyblue,174,112,146,213,143,234,
lightskyblue,174,113,146,213,143,234,
lightskyblue,174,114,146,213,143,234,
lightskyblue,174,115,146,213,143,234,
lightskyblue,174,116,146,213,143,234,
lightskyblue,176,118,154,222,218,237,
lightskyblue,176,108,154,222,218,237,
lightskyblue,176,109,154,222,218,237,
lightskyblue,176,111,154,222,218,237,
lightskyblue,176,112,154,222,218,237,
lightskyblue,176,113,154,222,218,237,
lightskyblue,176,114,154,222,218,237,
lightskyblue,176,115,154,222,218,237,
lightskyblue,176,116,154,222,218,237,
lightskyblue,174,72,146,212,143,234,
lightskyblue,176,72,154,221,218,237,
lightskyblue,170,151,187,
lightskyblue,151,94,187,
lightskyblue,82,211,206,
lightskyblue,211,92,206,
lightskyblue,84,140,135,
lightskyblue,140,158,135,
lightskyblue,100,147,142,
lightskyblue,147,106,142,
lightskyblue,172,153,195,
lightskyblue,153,86,195,
lightskyblue,88,149,182,
lightskyblue,149,90,182,
lightskyblue,102,155,217,
lightskyblue,155,104,217,
lightskyblue,171,150,192,188,
lightskyblue,171,150,192,188,
lightskyblue,171,150,192,
lightskyblue,171,150,192,186,
lightskyblue,192,188,
lightskyblue,192,188,
lightskyblue,192,
lightskyblue,192,186,
lightskyblue,150,75,192,188,
lightskyblue,150,75,192,188,
lightskyblue,150,75,192,
lightskyblue,150,75,192,186,
lightskyblue,150,95,192,188,
lightskyblue,150,95,192,188,
lightskyblue,150,95,192,
lightskyblue,150,95,192,186,
lightskyblue,171,150,188,
lightskyblue,171,150,188,
lightskyblue,171,150,
lightskyblue,171,150,186,
lightskyblue,188,
lightskyblue,188,
lightskyblue,186,
lightskyblue,150,75,188,
lightskyblue,150,75,188,
lightskyblue,150,75,
lightskyblue,150,75,186,
lightskyblue,150,95,188,
lightskyblue,150,95,188,
lightskyblue,150,95,
lightskyblue,150,95,186,
lightskyblue,83,210,203,207,
lightskyblue,83,210,203,207,
lightskyblue,83,210,203,
lightskyblue,83,210,203,205,
lightskyblue,203,207,
lightskyblue,203,207,
lightskyblue,203,
lightskyblue,203,205,
lightskyblue,210,77,203,207,
lightskyblue,210,77,203,207,
lightskyblue,210,77,203,
lightskyblue,210,77,203,205,
lightskyblue,210,93,203,207,
lightskyblue,210,93,203,207,
lightskyblue,210,93,203,
lightskyblue,210,93,203,205,
lightskyblue,83,210,207,
lightskyblue,83,210,207,
lightskyblue,83,210,
lightskyblue,83,210,205,
lightskyblue,207,
lightskyblue,207,
lightskyblue,205,
lightskyblue,210,77,207,
lightskyblue,210,77,207,
lightskyblue,210,77,
lightskyblue,210,77,205,
lightskyblue,210,93,207,
lightskyblue,210,93,207,
lightskyblue,210,93,
lightskyblue,210,93,205,
lightskyblue,85,139,179,136,
lightskyblue,85,139,179,136,
lightskyblue,85,139,179,
lightskyblue,85,139,179,134,
lightskyblue,179,136,
lightskyblue,179,136,
lightskyblue,179,
lightskyblue,179,134,
lightskyblue,139,79,179,136,
lightskyblue,139,79,179,136,
lightskyblue,139,79,179,
lightskyblue,139,79,179,134,
lightskyblue,139,159,179,136,
lightskyblue,139,159,179,136,
lightskyblue,139,159,179,
lightskyblue,139,159,179,134,
lightskyblue,85,139,136,
lightskyblue,85,139,136,
lightskyblue,85,139,
lightskyblue,85,139,134,
lightskyblue,136,
lightskyblue,136,
lightskyblue,134,
lightskyblue,139,79,136,
lightskyblue,139,79,136,
lightskyblue,139,79,
lightskyblue,139,79,134,
lightskyblue,139,159,136,
lightskyblue,139,159,136,
lightskyblue,139,159,
lightskyblue,139,159,134,
lightskyblue,101,146,214,143,
lightskyblue,101,146,214,143,
lightskyblue,101,146,214,
lightskyblue,101,146,214,141,
lightskyblue,214,143,
lightskyblue,214,143,
lightskyblue,214,
lightskyblue,214,141,
lightskyblue,146,97,214,143,
lightskyblue,146,97,214,143,
lightskyblue,146,97,214,
lightskyblue,146,97,214,141,
lightskyblue,146,107,214,143,
lightskyblue,146,107,214,143,
lightskyblue,146,107,214,
lightskyblue,146,107,214,141,
lightskyblue,101,146,143,
lightskyblue,101,146,143,
lightskyblue,101,146,
lightskyblue,101,146,141,
lightskyblue,143,
lightskyblue,143,
lightskyblue,141,
lightskyblue,146,97,143,
lightskyblue,146,97,143,
lightskyblue,146,97,
lightskyblue,146,97,141,
lightskyblue,146,107,143,
lightskyblue,146,107,143,
lightskyblue,146,107,
lightskyblue,146,107,141,
lightskyblue,173,152,200,196,
lightskyblue,173,152,200,196,
lightskyblue,173,152,200,
lightskyblue,173,152,200,194,
lightskyblue,200,196,
lightskyblue,200,196,
lightskyblue,200,
lightskyblue,200,194,
lightskyblue,152,81,200,196,
lightskyblue,152,81,200,196,
lightskyblue,152,81,200,
lightskyblue,152,81,200,194,
lightskyblue,152,87,200,196,
lightskyblue,152,87,200,196,
lightskyblue,152,87,200,
lightskyblue,152,87,200,194,
lightskyblue,173,152,196,
lightskyblue,173,152,196,
lightskyblue,173,152,
lightskyblue,173,152,194,
lightskyblue,196,
lightskyblue,196,
lightskyblue,194,
lightskyblue,152,81,196,
lightskyblue,152,81,196,
lightskyblue,152,81,
lightskyblue,152,81,194,
lightskyblue,152,87,196,
lightskyblue,152,87,196,
lightskyblue,152,87,
lightskyblue,152,87,194,
lightskyblue,89,148,132,183,
lightskyblue,89,148,132,183,
lightskyblue,89,148,132,
lightskyblue,89,148,132,181,
lightskyblue,132,183,
lightskyblue,132,183,
lightskyblue,132,
lightskyblue,132,181,
lightskyblue,148,169,132,183,
lightskyblue,148,169,132,183,
lightskyblue,148,169,132,
lightskyblue,148,169,132,181,
lightskyblue,148,91,132,183,
lightskyblue,148,91,132,183,
lightskyblue,148,91,132,
lightskyblue,148,91,132,181,
lightskyblue,89,148,183,
lightskyblue,89,148,183,
lightskyblue,89,148,
lightskyblue,89,148,181,
lightskyblue,183,
lightskyblue,183,
lightskyblue,181,
lightskyblue,148,169,183,
lightskyblue,148,169,183,
lightskyblue,148,169,
lightskyblue,148,169,181,
lightskyblue,148,91,183,
lightskyblue,148,91,183,
lightskyblue,148,91,
lightskyblue,148,91,181,
lightskyblue,103,154,223,218,
lightskyblue,103,154,223,218,
lightskyblue,103,154,223,
lightskyblue,103,154,223,216,
lightskyblue,223,218,
lightskyblue,223,218,
lightskyblue,223,
lightskyblue,223,216,
lightskyblue,154,99,223,218,
lightskyblue,154,99,223,218,
lightskyblue,154,99,223,
lightskyblue,154,99,223,216,
lightskyblue,154,105,223,218,
lightskyblue,154,105,223,218,
lightskyblue,154,105,223,
lightskyblue,154,105,223,216,
lightskyblue,103,154,218,
lightskyblue,103,154,218,
lightskyblue,103,154,
lightskyblue,103,154,216,
lightskyblue,218,
lightskyblue,218,
lightskyblue,216,
lightskyblue,154,99,218,
lightskyblue,154,99,218,
lightskyblue,154,99,
lightskyblue,154,99,216,
lightskyblue,154,105,218,
lightskyblue,154,105,218,
lightskyblue,154,105,
lightskyblue,154,105,216,
lightskyblue,170,151,189,
lightskyblue,170,151,189,
lightskyblue,150,189,
lightskyblue,150,189,
lightskyblue,151,74,189,
lightskyblue,151,74,189,
lightskyblue,151,94,189,
lightskyblue,151,94,189,
lightskyblue,82,211,208,
lightskyblue,82,211,208,
lightskyblue,210,208,
lightskyblue,210,208,
lightskyblue,211,76,208,
lightskyblue,211,76,208,
lightskyblue,211,92,208,
lightskyblue,211,92,208,
lightskyblue,84,140,137,
lightskyblue,84,140,137,
lightskyblue,139,137,
lightskyblue,139,137,
lightskyblue,140,78,137,
lightskyblue,140,78,137,
lightskyblue,140,158,137,
lightskyblue,140,158,137,
lightskyblue,100,147,144,
lightskyblue,100,147,144,
lightskyblue,146,144,
lightskyblue,146,144,
lightskyblue,147,96,144,
lightskyblue,147,96,144,
lightskyblue,147,106,144,
lightskyblue,147,106,144,
lightskyblue,172,153,197,
lightskyblue,172,153,197,
lightskyblue,152,197,
lightskyblue,152,197,
lightskyblue,153,80,197,
lightskyblue,153,80,197,
lightskyblue,153,86,197,
lightskyblue,153,86,197,
lightskyblue,88,149,184,
lightskyblue,88,149,184,
lightskyblue,148,184,
lightskyblue,148,184,
lightskyblue,149,168,184,
lightskyblue,149,168,184,
lightskyblue,149,90,184,
lightskyblue,149,90,184,
lightskyblue,102,155,219,
lightskyblue,102,155,219,
lightskyblue,154,219,
lightskyblue,154,219,
lightskyblue,155,98,219,
lightskyblue,155,98,219,
lightskyblue,155,104,219,
lightskyblue,155,104,219,
lightskyblue,171,150,188,
lightskyblue,171,150,188,
lightskyblue,171,150,
lightskyblue,171,150,188,
lightskyblue,188,
lightskyblue,188,
lightskyblue,188,
lightskyblue,150,75,188,
lightskyblue,150,75,188,
lightskyblue,150,75,
lightskyblue,150,75,188,
lightskyblue,150,95,188,
lightskyblue,150,95,188,
lightskyblue,150,95,
lightskyblue,150,95,188,
lightskyblue,171,150,191,188,
lightskyblue,171,150,191,188,
lightskyblue,171,150,191,
lightskyblue,171,150,191,188,
lightskyblue,191,188,
lightskyblue,191,188,
lightskyblue,191,
lightskyblue,191,188,
lightskyblue,150,75,191,188,
lightskyblue,150,75,191,188,
lightskyblue,150,75,191,
lightskyblue,150,75,191,188,
lightskyblue,150,95,191,188,
lightskyblue,150,95,191,188,
lightskyblue,150,95,191,
lightskyblue,150,95,191,188,
lightskyblue,83,210,207,
lightskyblue,83,210,207,
lightskyblue,83,210,
lightskyblue,83,210,207,
lightskyblue,207,
lightskyblue,207,
lightskyblue,207,
lightskyblue,210,77,207,
lightskyblue,210,77,207,
lightskyblue,210,77,
lightskyblue,210,77,207,
lightskyblue,210,93,207,
lightskyblue,210,93,207,
lightskyblue,210,93,
lightskyblue,210,93,207,
lightskyblue,83,210,202,207,
lightskyblue,83,210,202,207,
lightskyblue,83,210,202,
lightskyblue,83,210,202,207,
lightskyblue,202,207,
lightskyblue,202,207,
lightskyblue,202,
lightskyblue,202,207,
lightskyblue,210,77,202,207,
lightskyblue,210,77,202,207,
lightskyblue,210,77,202,
lightskyblue,210,77,202,207,
lightskyblue,210,93,202,207,
lightskyblue,210,93,202,207,
lightskyblue,210,93,202,
lightskyblue,210,93,202,207,
lightskyblue,85,139,136,
lightskyblue,85,139,136,
lightskyblue,85,139,
lightskyblue,85,139,136,
lightskyblue,136,
lightskyblue,136,
lightskyblue,136,
lightskyblue,139,79,136,
lightskyblue,139,79,136,
lightskyblue,139,79,
lightskyblue,139,79,136,
lightskyblue,139,159,136,
lightskyblue,139,159,136,
lightskyblue,139,159,
lightskyblue,139,159,136,
lightskyblue,85,139,178,136,
lightskyblue,85,139,178,136,
lightskyblue,85,139,178,
lightskyblue,85,139,178,136,
lightskyblue,178,136,
lightskyblue,178,136,
lightskyblue,178,
lightskyblue,178,136,
lightskyblue,139,79,178,136,
lightskyblue,139,79,178,136,
lightskyblue,139,79,178,
lightskyblue,139,79,178,136,
lightskyblue,139,159,178,136,
lightskyblue,139,159,178,136,
lightskyblue,139,159,178,
lightskyblue,139,159,178,136,
lightskyblue,101,146,213,143,
lightskyblue,101,146,213,143,
lightskyblue,101,146,213,
lightskyblue,101,146,213,143,
lightskyblue,213,143,
lightskyblue,213,143,
lightskyblue,213,
lightskyblue,213,143,
lightskyblue,146,97,213,143,
lightskyblue,146,97,213,143,
lightskyblue,146,97,213,
lightskyblue,146,97,213,143,
lightskyblue,146,107,213,143,
lightskyblue,146,107,213,143,
lightskyblue,146,107,213,
lightskyblue,146,107,213,143,
lightskyblue,101,146,143,
lightskyblue,101,146,143,
lightskyblue,101,146,
lightskyblue,101,146,143,
lightskyblue,143,
lightskyblue,143,
lightskyblue,143,
lightskyblue,146,97,143,
lightskyblue,146,97,143,
lightskyblue,146,97,
lightskyblue,146,97,143,
lightskyblue,146,107,143,
lightskyblue,146,107,143,
lightskyblue,146,107,
lightskyblue,146,107,143,
lightskyblue,101,146,213,143,
lightskyblue,101,146,213,143,
lightskyblue,101,146,213,
lightskyblue,101,146,213,143,
lightskyblue,213,143,
lightskyblue,213,143,
lightskyblue,213,
lightskyblue,213,143,
lightskyblue,146,97,213,143,
lightskyblue,146,97,213,143,
lightskyblue,146,97,213,
lightskyblue,146,97,213,143,
lightskyblue,146,107,213,143,
lightskyblue,146,107,213,143,
lightskyblue,146,107,213,
lightskyblue,146,107,213,143,
lightskyblue,173,152,196,
lightskyblue,173,152,196,
lightskyblue,173,152,
lightskyblue,173,152,196,
lightskyblue,196,
lightskyblue,196,
lightskyblue,196,
lightskyblue,152,81,196,
lightskyblue,152,81,196,
lightskyblue,152,81,
lightskyblue,152,81,196,
lightskyblue,152,87,196,
lightskyblue,152,87,196,
lightskyblue,152,87,
lightskyblue,152,87,196,
lightskyblue,173,152,199,196,
lightskyblue,173,152,199,196,
lightskyblue,173,152,199,
lightskyblue,173,152,199,196,
lightskyblue,199,196,
lightskyblue,199,196,
lightskyblue,199,
lightskyblue,199,196,
lightskyblue,152,81,199,196,
lightskyblue,152,81,199,196,
lightskyblue,152,81,199,
lightskyblue,152,81,199,196,
lightskyblue,152,87,199,196,
lightskyblue,152,87,199,196,
lightskyblue,152,87,199,
lightskyblue,152,87,199,196,
lightskyblue,89,148,183,
lightskyblue,89,148,183,
lightskyblue,89,148,
lightskyblue,89,148,183,
lightskyblue,183,
lightskyblue,183,
lightskyblue,183,
lightskyblue,148,169,183,
lightskyblue,148,169,183,
lightskyblue,148,169,
lightskyblue,148,169,183,
lightskyblue,148,91,183,
lightskyblue,148,91,183,
lightskyblue,148,91,
lightskyblue,148,91,183,
lightskyblue,89,148,131,183,
lightskyblue,89,148,131,183,
lightskyblue,89,148,131,
lightskyblue,89,148,131,183,
lightskyblue,131,183,
lightskyblue,131,183,
lightskyblue,131,
lightskyblue,131,183,
lightskyblue,148,169,131,183,
lightskyblue,148,169,131,183,
lightskyblue,148,169,131,
lightskyblue,148,169,131,183,
lightskyblue,148,91,131,183,
lightskyblue,148,91,131,183,
lightskyblue,148,91,131,
lightskyblue,148,91,131,183,
lightskyblue,103,154,222,218,
lightskyblue,103,154,222,218,
lightskyblue,103,154,222,
lightskyblue,103,154,222,218,
lightskyblue,222,218,
lightskyblue,222,218,
lightskyblue,222,
lightskyblue,222,218,
lightskyblue,154,99,222,218,
lightskyblue,154,99,222,218,
lightskyblue,154,99,222,
lightskyblue,154,99,222,218,
lightskyblue,154,105,222,218,
lightskyblue,154,105,222,218,
lightskyblue,154,105,222,
lightskyblue,154,105,222,218,
lightskyblue,103,154,218,
lightskyblue,103,154,218,
lightskyblue,103,154,
lightskyblue,103,154,218,
lightskyblue,218,
lightskyblue,218,
lightskyblue,218,
lightskyblue,154,99,218,
lightskyblue,154,99,218,
lightskyblue,154,99,
lightskyblue,154,99,218,
lightskyblue,154,105,218,
lightskyblue,154,105,218,
lightskyblue,154,105,
lightskyblue,154,105,218,
lightskyblue,103,154,222,218,
lightskyblue,103,154,222,218,
lightskyblue,103,154,222,
lightskyblue,103,154,222,218,
lightskyblue,222,218,
lightskyblue,222,218,
lightskyblue,222,
lightskyblue,222,218,
lightskyblue,154,99,222,218,
lightskyblue,154,99,222,218,
lightskyblue,154,99,222,
lightskyblue,154,99,222,218,
lightskyblue,154,105,222,218,
lightskyblue,154,105,222,218,
lightskyblue,154,105,222,
lightskyblue,154,105,222,218,
lightskyblue,160,128,150,191,188,229,
lightskyblue,160,130,150,191,188,229,
lightskyblue,160,119,150,191,188,229,
lightskyblue,160,120,150,191,188,229,
lightskyblue,160,123,150,191,188,229,
lightskyblue,160,124,150,191,188,229,
lightskyblue,160,125,150,191,188,229,
lightskyblue,160,126,150,191,188,229,
lightskyblue,160,127,150,191,188,229,
lightskyblue,162,128,210,202,207,226,
lightskyblue,162,130,210,202,207,226,
lightskyblue,162,119,210,202,207,226,
lightskyblue,162,120,210,202,207,226,
lightskyblue,162,123,210,202,207,226,
lightskyblue,162,124,210,202,207,226,
lightskyblue,162,125,210,202,207,226,
lightskyblue,162,126,210,202,207,226,
lightskyblue,162,127,210,202,207,226,
lightskyblue,156,128,139,178,136,241,
lightskyblue,156,130,139,178,136,241,
lightskyblue,156,119,139,178,136,241,
lightskyblue,156,120,139,178,136,241,
lightskyblue,156,123,139,178,136,241,
lightskyblue,156,124,139,178,136,241,
lightskyblue,156,125,139,178,136,241,
lightskyblue,156,126,139,178,136,241,
lightskyblue,156,127,139,178,136,241,
lightskyblue,164,128,152,199,196,232,
lightskyblue,164,130,152,199,196,232,
lightskyblue,164,119,152,199,196,232,
lightskyblue,164,120,152,199,196,232,
lightskyblue,164,123,152,199,196,232,
lightskyblue,164,124,152,199,196,232,
lightskyblue,164,125,152,199,196,232,
lightskyblue,164,126,152,199,196,232,
lightskyblue,164,127,152,199,196,232,
lightskyblue,166,128,148,131,183,
lightskyblue,166,130,148,131,183,
lightskyblue,166,119,148,131,183,
lightskyblue,166,120,148,131,183,
lightskyblue,166,123,148,131,183,
lightskyblue,166,124,148,131,183,
lightskyblue,166,125,148,131,183,
lightskyblue,166,126,148,131,183,
lightskyblue,166,127,148,131,183,
lightskyblue,160,117,150,191,188,228,
lightskyblue,160,108,150,191,188,228,
lightskyblue,160,109,150,191,188,228,
lightskyblue,160,111,150,191,188,228,
lightskyblue,160,112,150,191,188,228,
lightskyblue,160,113,150,191,188,228,
lightskyblue,160,114,150,191,188,228,
lightskyblue,160,115,150,191,188,228,
lightskyblue,162,117,210,202,207,225,
lightskyblue,162,108,210,202,207,225,
lightskyblue,162,109,210,202,207,225,
lightskyblue,162,111,210,202,207,225,
lightskyblue,162,112,210,202,207,225,
lightskyblue,162,113,210,202,207,225,
lightskyblue,162,114,210,202,207,225,
lightskyblue,162,115,210,202,207,225,
lightskyblue,156,117,139,178,136,240,
lightskyblue,156,108,139,178,136,240,
lightskyblue,156,109,139,178,136,240,
lightskyblue,156,111,139,178,136,240,
lightskyblue,156,112,139,178,136,240,
lightskyblue,156,113,139,178,136,240,
lightskyblue,156,114,139,178,136,240,
lightskyblue,156,115,139,178,136,240,
lightskyblue,164,117,152,199,196,231,
lightskyblue,164,108,152,199,196,231,
lightskyblue,164,109,152,199,196,231,
lightskyblue,164,111,152,199,196,231,
lightskyblue,164,112,152,199,196,231,
lightskyblue,164,113,152,199,196,231,
lightskyblue,164,114,152,199,196,231,
lightskyblue,164,115,152,199,196,231,
lightskyblue,166,117,148,131,183,
lightskyblue,166,108,148,131,183,
lightskyblue,166,109,148,131,183,
lightskyblue,166,111,148,131,183,
lightskyblue,166,112,148,131,183,
lightskyblue,166,113,148,131,183,
lightskyblue,166,114,148,131,183,
lightskyblue,166,115,148,131,183,
lightskyblue,174,129,146,213,143,235,
lightskyblue,174,121,146,213,143,235,
lightskyblue,174,119,146,213,143,235,
lightskyblue,174,120,146,213,143,235,
lightskyblue,174,123,146,213,143,235,
lightskyblue,174,124,146,213,143,235,
lightskyblue,174,125,146,213,143,235,
lightskyblue,174,126,146,213,143,235,
lightskyblue,174,127,146,213,143,235,
lightskyblue,174,128,146,213,143,235,
lightskyblue,176,129,154,222,218,238,
lightskyblue,176,121,154,222,218,238,
lightskyblue,176,119,154,222,218,238,
lightskyblue,176,120,154,222,218,238,
lightskyblue,176,123,154,222,218,238,
lightskyblue,176,124,154,222,218,238,
lightskyblue,176,125,154,222,218,238,
lightskyblue,176,126,154,222,218,238,
lightskyblue,176,127,154,222,218,238,
lightskyblue,176,128,154,222,218,238,
lightskyblue,174,118,146,213,143,234,
lightskyblue,174,108,146,213,143,234,
lightskyblue,174,109,146,213,143,234,
lightskyblue,174,111,146,213,143,234,
lightskyblue,174,112,146,213,143,234,
lightskyblue,174,113,146,213,143,234,
lightskyblue,174,114,146,213,143,234,
lightskyblue,174,115,146,213,143,234,
lightskyblue,174,116,146,213,143,234,
lightskyblue,176,118,154,222,218,237,
lightskyblue,176,108,154,222,218,237,
lightskyblue,176,109,154,222,218,237,
lightskyblue,176,111,154,222,218,237,
lightskyblue,176,112,154,222,218,237,
lightskyblue,176,113,154,222,218,237,
lightskyblue,176,114,154,222,218,237,
lightskyblue,176,115,154,222,218,237,
lightskyblue,176,116,154,222,218,237,
lightskyblue,174,72,146,212,143,234,
lightskyblue,176,72,154,221,218,237,
lightskyblue,170,151,189,
lightskyblue,170,151,189,
lightskyblue,150,189,
lightskyblue,150,189,
lightskyblue,151,74,189,
lightskyblue,151,74,189,
lightskyblue,151,94,189,
lightskyblue,151,94,189,
lightskyblue,82,211,208,
lightskyblue,82,211,208,
lightskyblue,210,208,
lightskyblue,210,208,
lightskyblue,211,76,208,
lightskyblue,211,76,208,
lightskyblue,211,92,208,
lightskyblue,211,92,208,
lightskyblue,84,140,137,
lightskyblue,84,140,137,
lightskyblue,139,137,
lightskyblue,139,137,
lightskyblue,140,78,137,
lightskyblue,140,78,137,
lightskyblue,140,158,137,
lightskyblue,140,158,137,
lightskyblue,100,147,144,
lightskyblue,100,147,144,
lightskyblue,146,144,
lightskyblue,146,144,
lightskyblue,147,96,144,
lightskyblue,147,96,144,
lightskyblue,147,106,144,
lightskyblue,147,106,144,
lightskyblue,172,153,197,
lightskyblue,172,153,197,
lightskyblue,152,197,
lightskyblue,152,197,
lightskyblue,153,80,197,
lightskyblue,153,80,197,
lightskyblue,153,86,197,
lightskyblue,153,86,197,
lightskyblue,88,149,184,
lightskyblue,88,149,184,
lightskyblue,148,184,
lightskyblue,148,184,
lightskyblue,149,168,184,
lightskyblue,149,168,184,
lightskyblue,149,90,184,
lightskyblue,149,90,184,
lightskyblue,102,155,219,
lightskyblue,102,155,219,
lightskyblue,154,219,
lightskyblue,154,219,
lightskyblue,155,98,219,
lightskyblue,155,98,219,
lightskyblue,155,104,219,
lightskyblue,155,104,219,
lightskyblue,63,67,
lightskyblue,65,68,
lightskyblue,71,69,
lightskyblue,62,66,
lightskyblue,64,66,
lightskyblue,70,66,
