green,
green,
green,
green,
green,
green,
green,
green,
green,
green,
green,
green,
green,
green,
green,
green,
green,
green,
green,
green,
green,
green,
green,
green,
green,
green,
green,
green,
green,
green,
green,
green,
green,
green,
green,
green,
green,
green,
green,
green,
green,
green,
green,
green,
green,
green,
green,
green,
green,
green,
green,
green,
green,
green,
green,
green,
green,
green,
green,
green,
green,
green,
green,
green,
green,
green,
green,
green,
green,
green,
green,
green,
green,
green,
green,
green,
green,
green,
gold,0,674,675,676,677,698,699,700,701,1266,1267,1268,1269,1290,1291,1292,1293,1313,1314,1315,1316,
gold,0,
gold,1,686,687,688,689,709,710,711,712,1278,1279,1280,1281,1301,1302,1303,1304,1325,1326,1327,1328,
gold,1,
gold,2,666,667,668,669,690,691,692,693,1258,1259,1260,1261,1282,1283,1284,1285,1305,1306,1307,1308,
gold,2,
gold,3,670,671,672,673,694,695,696,697,1262,1263,1264,1265,1286,1287,1288,1289,1309,1310,1311,1312,
gold,3,
gold,4,682,683,684,685,705,706,707,708,1274,1275,1276,1277,1297,1298,1299,1300,1321,1322,1323,1324,
gold,4,
gold,5,1258,1259,1260,1261,1262,1263,1264,1265,1266,1267,1268,1269,1270,1271,1272,1273,1274,1275,1276,1277,1278,1279,1280,1281,
gold,5,666,667,668,669,670,671,672,673,674,675,676,677,678,679,680,681,682,683,684,685,686,687,688,689,832,834,836,838,840,842,1282,1283,1284,1285,1286,1287,1288,1289,1290,1291,1292,1293,1294,1295,1296,1297,1298,1299,1300,1301,1302,1303,1304,1538,1540,1542,1544,1546,1548,
gold,5,690,691,692,693,694,695,696,697,698,699,700,701,702,703,704,705,706,707,708,709,710,711,712,833,835,837,839,841,843,1305,1306,1307,1308,1309,1310,1311,1312,1313,1314,1315,1316,1317,1318,1319,1320,1321,1322,1323,1324,1325,1326,1327,1328,1539,1541,1543,1545,1547,1549,
gold,6,666,670,674,678,682,686,690,694,698,702,705,709,1258,1262,1266,1270,1274,1278,1282,1286,1290,1294,1297,1301,1305,1309,1313,1317,1321,1325,
gold,6,667,671,675,679,683,687,691,695,699,703,706,710,1259,1263,1267,1271,1275,1279,1283,1287,1291,1295,1298,1302,1306,1310,1314,1318,1322,1326,
gold,6,376,377,378,379,668,672,676,680,684,688,692,696,700,707,711,832,833,834,835,836,837,838,839,840,841,842,843,1260,1264,1268,1272,1276,1280,1284,1288,1292,1299,1303,1307,1311,1315,1319,1323,1327,1538,1539,1540,1541,1542,1543,1544,1545,1546,1547,1548,1549,
gold,6,669,673,677,681,685,689,693,697,701,704,708,712,1261,1265,1269,1273,1277,1281,1285,1289,1293,1296,1300,1304,1308,1312,1316,1320,1324,1328,
red,7,678,679,680,681,702,703,704,1270,1271,1272,1273,1294,1295,1296,1317,1318,1319,1320,
gold,7,
gold,8,439,440,441,442,463,464,465,466,911,912,913,914,935,936,937,938,958,959,960,961,
gold,8,
gold,9,431,432,433,434,455,456,457,458,903,904,905,906,927,928,929,930,950,951,952,953,
gold,9,
gold,10,435,436,437,438,459,460,461,462,907,908,909,910,931,932,933,934,954,955,956,957,
gold,10,
gold,11,447,448,449,450,470,471,472,473,919,920,921,922,942,943,944,945,966,967,968,969,
gold,11,
gold,12,903,904,905,906,907,908,909,910,911,912,913,914,915,916,917,918,919,920,921,922,923,924,925,926,
gold,12,431,432,433,434,435,436,437,438,439,440,441,442,443,444,445,446,447,448,449,450,451,452,453,454,772,774,776,778,780,782,927,928,929,930,931,932,933,934,935,936,937,938,939,940,941,942,943,944,945,946,947,948,949,1478,1480,1482,1484,1486,1488,
gold,12,455,456,457,458,459,460,461,462,463,464,465,466,467,468,469,470,471,472,473,474,475,476,477,773,775,777,779,781,783,950,951,952,953,954,955,956,957,958,959,960,961,962,963,964,965,966,967,968,969,970,971,972,973,1479,1481,1483,1485,1487,1489,
gold,13,443,444,445,446,467,468,469,915,916,917,918,939,940,941,962,963,964,965,
gold,13,
red,14,451,452,453,454,474,475,476,477,923,924,925,926,946,947,948,949,970,971,972,973,
gold,14,
gold,15,431,435,439,443,447,451,455,459,463,467,470,474,903,907,911,915,919,923,927,931,935,939,942,946,950,954,958,962,966,970,
gold,15,432,436,440,444,448,452,456,460,464,468,471,475,904,908,912,916,920,924,928,932,936,940,943,947,951,955,959,963,967,971,
gold,15,356,357,358,359,433,437,441,445,449,453,457,461,465,472,476,772,773,774,775,776,777,778,779,780,781,782,783,905,909,913,917,921,925,929,933,937,944,948,952,956,960,964,968,972,1478,1479,1480,1481,1482,1483,1484,1485,1486,1487,1488,1489,
red,15,434,438,442,446,450,454,458,462,466,469,473,477,906,910,914,918,922,926,930,934,938,941,945,949,953,957,961,965,969,973,
gold,16,392,393,394,395,416,417,418,419,864,865,866,867,887,888,889,890,
gold,16,
gold,17,404,405,406,407,427,428,429,430,875,876,877,878,899,900,901,902,
gold,17,
gold,18,384,385,386,387,408,409,410,411,856,857,858,859,879,880,881,882,
gold,18,
gold,19,400,401,402,403,423,424,425,426,871,872,873,874,895,896,897,898,
gold,19,
gold,20,384,388,392,396,400,404,408,412,416,420,423,427,856,860,864,868,871,875,879,883,887,891,895,899,
gold,20,385,389,393,397,401,405,409,413,417,421,424,428,857,861,865,869,872,876,880,884,888,892,896,900,
gold,20,352,353,354,355,386,390,394,398,402,406,410,414,418,425,429,760,761,762,763,764,765,766,767,768,769,770,771,858,862,866,873,877,881,885,889,893,897,901,1466,1467,1468,1469,1470,1471,1472,1473,1474,1475,1476,1477,
gold,20,387,391,395,399,403,407,411,415,419,422,426,430,859,863,867,870,874,878,882,886,890,894,898,902,
gold,21,396,397,398,399,420,421,422,868,869,870,891,892,893,894,
gold,21,
red,22,388,389,390,391,412,413,414,415,860,861,862,863,883,884,885,886,
gold,22,
red,23,384,385,386,387,388,389,390,391,392,393,394,395,396,397,398,399,400,401,402,403,404,405,406,407,760,762,764,766,768,770,856,857,858,859,860,861,862,863,864,865,866,867,868,869,870,871,872,873,874,875,876,877,878,1466,1468,1470,1472,1474,1476,
gold,23,408,409,410,411,412,413,414,415,416,417,418,419,420,421,422,423,424,425,426,427,428,429,430,761,763,765,767,769,771,879,880,881,882,883,884,885,886,887,888,889,890,891,892,893,894,895,896,897,898,899,900,901,902,1467,1469,1471,1473,1475,1477,
gold,24,1400,1401,1402,1403,1404,1405,1406,1407,1408,1409,1410,1411,1412,1413,1414,1415,1416,1417,1436,1437,1438,1439,1440,1441,1442,1450,1451,1452,1453,1454,1455,1456,1457,1562,
gold,24,
gold,25,1562,1563,
gold,25,286,287,288,289,290,291,292,293,294,295,296,297,298,299,300,301,302,303,322,323,324,325,326,327,328,336,337,338,339,340,341,342,343,1564,
gold,25,304,305,306,307,308,309,310,311,312,313,314,315,316,317,318,319,320,321,329,330,331,332,333,334,335,344,345,346,347,348,349,350,351,1565,
gold,26,1418,1419,1420,1421,1422,1423,1424,1425,1426,1427,1428,1429,1430,1431,1432,1433,1434,1435,1443,1444,1445,1446,1447,1448,1449,1458,1459,1460,1461,1462,1463,1464,1465,1563,
gold,26,
gold,27,
gold,27,336,1450,
gold,27,322,337,1436,1451,
gold,27,286,292,298,323,338,1400,1406,1412,1437,1452,
gold,27,287,293,299,324,339,1401,1407,1413,1438,1453,
gold,27,288,294,300,325,340,1402,1408,1414,1439,1454,
gold,27,289,295,301,326,341,1403,1409,1415,1440,1455,
gold,27,290,296,302,327,342,1404,1410,1416,1441,1456,
gold,27,291,297,303,328,343,1405,1411,1417,1442,1457,
gold,28,
gold,28,344,1458,
gold,28,329,345,1443,1459,
gold,28,304,310,316,330,346,1418,1424,1430,1444,1460,
gold,28,305,311,317,331,347,1419,1425,1431,1445,1461,
gold,28,306,312,318,332,348,1420,1426,1432,1446,1462,
gold,28,307,313,319,333,349,1421,1427,1433,1447,1463,
gold,28,308,314,320,334,350,1422,1428,1434,1448,1464,
gold,28,309,315,321,335,351,1423,1429,1435,1449,1465,
gold,29,580,581,582,583,604,605,606,607,1124,1125,1126,1127,1148,1149,1150,1151,1171,1172,1173,1174,
gold,29,
gold,30,592,593,594,595,615,616,617,618,1136,1137,1138,1139,1159,1160,1161,1162,1183,1184,1185,1186,
gold,30,
gold,31,627,628,629,630,651,652,653,654,1195,1196,1197,1198,1219,1220,1221,1222,1242,1243,1244,1245,
gold,31,
gold,32,639,640,641,642,662,663,664,665,1207,1208,1209,1210,1230,1231,1232,1233,1254,1255,1256,1257,
gold,32,
gold,33,721,722,723,724,745,746,747,748,1337,1338,1339,1340,1361,1362,1363,1364,1384,1385,1386,1387,
gold,33,
gold,34,733,734,735,736,756,757,758,759,1349,1350,1351,1352,1372,1373,1374,1375,1396,1397,1398,1399,
gold,34,
gold,35,533,534,535,536,557,558,559,560,1053,1054,1055,1056,1077,1078,1079,1080,1100,1101,1102,1103,
gold,35,
gold,36,545,546,547,548,568,569,570,571,1065,1066,1067,1068,1088,1089,1090,1091,1112,1113,1114,1115,
gold,36,
gold,37,498,499,500,501,521,522,523,524,994,995,996,997,1017,1018,1019,1020,1041,1042,1043,1044,
gold,37,
gold,38,478,479,480,481,502,503,504,505,974,975,976,977,998,999,1000,1001,1021,1022,1023,1024,
gold,38,
gold,39,482,483,484,485,506,507,508,509,978,979,980,981,1002,1003,1004,1005,1025,1026,1027,1028,
gold,39,
gold,40,529,530,531,532,553,554,555,556,1049,1050,1051,1052,1073,1074,1075,1076,1096,1097,1098,1099,
gold,40,
gold,41,576,577,578,579,600,601,602,603,1120,1121,1122,1123,1144,1145,1146,1147,1167,1168,1169,1170,
gold,41,
gold,42,588,589,590,591,611,612,613,614,1132,1133,1134,1135,1155,1156,1157,1158,1179,1180,1181,1182,
gold,42,
gold,43,619,620,621,622,643,644,645,646,1187,1188,1189,1190,1211,1212,1213,1214,1234,1235,1236,1237,
gold,43,
gold,44,623,624,625,626,647,648,649,650,1191,1192,1193,1194,1215,1216,1217,1218,1238,1239,1240,1241,
gold,44,
gold,45,713,714,715,716,737,738,739,740,1329,1330,1331,1332,1353,1354,1355,1356,1376,1377,1378,1379,
gold,45,
gold,46,717,718,719,720,741,742,743,744,1333,1334,1335,1336,1357,1358,1359,1360,1380,1381,1382,1383,
gold,46,
gold,47,729,730,731,732,752,753,754,755,1345,1346,1347,1348,1368,1369,1370,1371,1392,1393,1394,1395,
gold,47,
gold,48,541,542,543,544,564,565,566,567,1061,1062,1063,1064,1084,1085,1086,1087,1108,1109,1110,1111,
gold,48,
gold,49,494,495,496,497,517,518,519,520,990,991,992,993,1013,1014,1015,1016,1037,1038,1039,1040,
gold,49,
gold,50,1045,1046,1047,1048,1049,1050,1051,1052,1053,1054,1055,1056,1057,1058,1059,1060,1061,1062,1063,1064,1065,1066,1067,1068,
gold,50,525,526,527,528,529,530,531,532,533,534,535,536,537,538,539,540,541,542,543,544,545,546,547,548,796,798,800,802,804,806,1069,1070,1071,1072,1073,1074,1075,1076,1077,1078,1079,1080,1081,1082,1083,1084,1085,1086,1087,1088,1089,1090,1091,1502,1504,1506,1508,1510,1512,
gold,50,549,550,551,552,553,554,555,556,557,558,559,560,561,562,563,564,565,566,567,568,569,570,571,797,799,801,803,805,807,1092,1093,1094,1095,1096,1097,1098,1099,1100,1101,1102,1103,1104,1105,1106,1107,1108,1109,1110,1111,1112,1113,1114,1115,1503,1505,1507,1509,1511,1513,
gold,50,
gold,51,525,529,533,537,541,545,549,553,557,561,564,568,1045,1049,1053,1057,1061,1065,1069,1073,1077,1081,1084,1088,1092,1096,1100,1104,1108,1112,
gold,51,526,530,534,538,542,546,550,554,558,562,565,569,1046,1050,1054,1058,1062,1066,1070,1074,1078,1082,1085,1089,1093,1097,1101,1105,1109,1113,
gold,51,364,365,366,367,527,531,535,539,543,547,551,555,559,566,570,796,797,798,799,800,801,802,803,804,805,806,807,1047,1051,1055,1059,1063,1067,1071,1075,1079,1086,1090,1094,1098,1102,1106,1110,1114,1502,1503,1504,1505,1506,1507,1508,1509,1510,1511,1512,1513,
gold,51,528,532,536,540,544,548,552,556,560,563,567,571,1048,1052,1056,1060,1064,1068,1072,1076,1080,1083,1087,1091,1095,1099,1103,1107,1111,1115,
gold,51,292,293,294,295,296,297,310,311,312,313,314,315,1406,1407,1408,1409,1410,1411,1424,1425,1426,1427,1428,1429,
gold,52,537,538,539,540,561,562,563,1057,1058,1059,1060,1081,1082,1083,1104,1105,1106,1107,
gold,52,
gold,53,713,717,721,725,729,733,737,741,745,749,752,756,1329,1333,1337,1341,1345,1349,1353,1357,1361,1365,1368,1372,1376,1380,1384,1388,1392,1396,
gold,53,714,718,722,726,730,734,738,742,746,750,753,757,1330,1334,1338,1342,1346,1350,1354,1358,1362,1366,1369,1373,1377,1381,1385,1389,1393,1397,
gold,53,380,381,382,383,715,719,723,727,731,735,739,743,747,754,758,844,845,846,847,848,849,850,851,852,853,854,855,1331,1335,1339,1343,1347,1351,1355,1359,1363,1370,1374,1378,1382,1386,1390,1394,1398,1550,1551,1552,1553,1554,1555,1556,1557,1558,1559,1560,1561,
gold,53,716,720,724,728,732,736,740,744,748,751,755,759,1332,1336,1340,1344,1348,1352,1356,1360,1364,1367,1371,1375,1379,1383,1387,1391,1395,1399,
gold,53,336,337,338,339,340,341,342,343,344,345,346,347,348,349,350,351,1450,1451,1452,1453,1454,1455,1456,1457,1458,1459,1460,1461,1462,1463,1464,1465,
gold,54,725,726,727,728,749,750,751,1341,1342,1343,1344,1365,1366,1367,1388,1389,1390,1391,
gold,54,
gold,55,619,623,627,631,635,639,643,647,651,655,658,662,1187,1191,1195,1199,1203,1207,1211,1215,1219,1223,1226,1230,1234,1238,1242,1246,1250,1254,
gold,55,620,624,628,632,636,640,644,648,652,656,659,663,1188,1192,1196,1200,1204,1208,1212,1216,1220,1224,1227,1231,1235,1239,1243,1247,1251,1255,
gold,55,372,373,374,375,621,625,629,633,637,641,645,649,653,660,664,820,821,822,823,824,825,826,827,828,829,830,831,1189,1193,1197,1201,1205,1209,1213,1217,1221,1228,1232,1236,1240,1244,1248,1252,1256,1526,1527,1528,1529,1530,1531,1532,1533,1534,1535,1536,1537,
gold,55,622,626,630,634,638,642,646,650,654,657,661,665,1190,1194,1198,1202,1206,1210,1214,1218,1222,1225,1229,1233,1237,1241,1245,1249,1253,1257,
gold,55,322,323,324,325,326,327,328,329,330,331,332,333,334,335,1436,1437,1438,1439,1440,1441,1442,1443,1444,1445,1446,1447,1448,1449,
gold,56,631,632,633,634,655,656,657,1199,1200,1201,1202,1223,1224,1225,1246,1247,1248,1249,
gold,56,
gold,57,584,585,586,587,608,609,610,1128,1129,1130,1131,1152,1153,1154,1175,1176,1177,1178,
gold,57,
gold,58,490,491,492,493,514,515,516,986,987,988,989,1010,1011,1012,1033,1034,1035,1036,
gold,58,
red,59,364,365,366,367,525,526,527,528,529,530,531,532,533,534,535,536,537,538,539,540,541,542,543,544,545,546,547,548,549,550,551,552,553,554,555,556,557,558,559,560,561,562,563,564,565,566,567,568,569,570,571,796,797,798,799,800,801,802,803,804,805,806,807,1045,1046,1047,1048,1049,1050,1051,1052,1053,1054,1055,1056,1057,1058,1059,1060,1061,1062,1063,1064,1065,1066,1067,1068,1069,1070,1071,1072,1073,1074,1075,1076,1077,1078,1079,1080,1081,1082,1083,1084,1085,1086,1087,1088,1089,1090,1091,1092,1093,1094,1095,1096,1097,1098,1099,1100,1101,1102,1103,1104,1105,1106,1107,1108,1109,1110,1111,1112,1113,1114,1115,1502,1503,1504,1505,1506,1507,1508,1509,1510,1511,1512,1513,
gold,59,
red,60,380,381,382,383,713,714,715,716,717,718,719,720,721,722,723,724,725,726,727,728,729,730,731,732,733,734,735,736,737,738,739,740,741,742,743,744,745,746,747,748,749,750,751,752,753,754,755,756,757,758,759,844,845,846,847,848,849,850,851,852,853,854,855,1329,1330,1331,1332,1333,1334,1335,1336,1337,1338,1339,1340,1341,1342,1343,1344,1345,1346,1347,1348,1349,1350,1351,1352,1353,1354,1355,1356,1357,1358,1359,1360,1361,1362,1363,1364,1365,1366,1367,1368,1369,1370,1371,1372,1373,1374,1375,1376,1377,1378,1379,1380,1381,1382,1383,1384,1385,1386,1387,1388,1389,1390,1391,1392,1393,1394,1395,1396,1397,1398,1399,1550,1551,1552,1553,1554,1555,1556,1557,1558,1559,1560,1561,
gold,60,
red,61,372,373,374,375,619,620,621,622,623,624,625,626,627,628,629,630,631,632,633,634,635,636,637,638,639,640,641,642,643,644,645,646,647,648,649,650,651,652,653,654,655,656,657,658,659,660,661,662,663,664,665,820,821,822,823,824,825,826,827,828,829,830,831,1187,1188,1189,1190,1191,1192,1193,1194,1195,1196,1197,1198,1199,1200,1201,1202,1203,1204,1205,1206,1207,1208,1209,1210,1211,1212,1213,1214,1215,1216,1217,1218,1219,1220,1221,1222,1223,1224,1225,1226,1227,1228,1229,1230,1231,1232,1233,1234,1235,1236,1237,1238,1239,1240,1241,1242,1243,1244,1245,1246,1247,1248,1249,1250,1251,1252,1253,1254,1255,1256,1257,1526,1527,1528,1529,1530,1531,1532,1533,1534,1535,1536,1537,
gold,61,
red,62,525,526,527,528,549,550,551,552,1045,1046,1047,1048,1069,1070,1071,1072,1092,1093,1094,1095,
gold,62,
red,63,360,361,362,363,478,479,480,481,482,483,484,485,486,487,488,489,490,491,492,493,494,495,496,497,498,499,500,501,502,503,504,505,506,507,508,509,510,511,512,513,514,515,516,517,518,519,520,521,522,523,524,784,785,786,787,788,789,790,791,792,793,794,795,974,975,976,977,978,979,980,981,982,983,984,985,986,987,988,989,990,991,992,993,994,995,996,997,998,999,1000,1001,1002,1003,1004,1005,1006,1007,1008,1009,1010,1011,1012,1013,1014,1015,1016,1017,1018,1019,1020,1021,1022,1023,1024,1025,1026,1027,1028,1029,1030,1031,1032,1033,1034,1035,1036,1037,1038,1039,1040,1041,1042,1043,1044,1490,1491,1492,1493,1494,1495,1496,1497,1498,1499,1500,1501,
gold,63,
red,64,368,369,370,371,572,573,574,575,576,577,578,579,580,581,582,583,584,585,586,587,588,589,590,591,592,593,594,595,596,597,598,599,600,601,602,603,604,605,606,607,608,609,610,611,612,613,614,615,616,617,618,808,809,810,811,812,813,814,815,816,817,818,819,1116,1117,1118,1119,1120,1121,1122,1123,1124,1125,1126,1127,1128,1129,1130,1131,1132,1133,1134,1135,1136,1137,1138,1139,1140,1141,1142,1143,1144,1145,1146,1147,1148,1149,1150,1151,1152,1153,1154,1155,1156,1157,1158,1159,1160,1161,1162,1163,1164,1165,1166,1167,1168,1169,1170,1171,1172,1173,1174,1175,1176,1177,1178,1179,1180,1181,1182,1183,1184,1185,1186,1514,1515,1516,1517,1518,1519,1520,1521,1522,1523,1524,1525,
gold,64,
red,65,635,636,637,638,658,659,660,661,1203,1204,1205,1206,1226,1227,1228,1229,1250,1251,1252,1253,
gold,65,
red,66,486,487,488,489,510,511,512,513,982,983,984,985,1006,1007,1008,1009,1029,1030,1031,1032,
gold,66,
red,67,572,573,574,575,596,597,598,599,1116,1117,1118,1119,1140,1141,1142,1143,1163,1164,1165,1166,
gold,67,
gold,68,1329,1330,1331,1332,1333,1334,1335,1336,1337,1338,1339,1340,1341,1342,1343,1344,1345,1346,1347,1348,1349,1350,1351,1352,
red,68,713,714,715,716,717,718,719,720,721,722,723,724,725,726,727,728,729,730,731,732,733,734,735,736,844,846,848,850,852,854,1353,1354,1355,1356,1357,1358,1359,1360,1361,1362,1363,1364,1365,1366,1367,1368,1369,1370,1371,1372,1373,1374,1375,1550,1552,1554,1556,1558,1560,
gold,68,737,738,739,740,741,742,743,744,745,746,747,748,749,750,751,752,753,754,755,756,757,758,759,845,847,849,851,853,855,1376,1377,1378,1379,1380,1381,1382,1383,1384,1385,1386,1387,1388,1389,1390,1391,1392,1393,1394,1395,1396,1397,1398,1399,1551,1553,1555,1557,1559,1561,
gold,68,
gold,69,1187,1188,1189,1190,1191,1192,1193,1194,1195,1196,1197,1198,1199,1200,1201,1202,1203,1204,1205,1206,1207,1208,1209,1210,
gold,69,619,620,621,622,623,624,625,626,627,628,629,630,631,632,633,634,635,636,637,638,639,640,641,642,820,822,824,826,828,830,1211,1212,1213,1214,1215,1216,1217,1218,1219,1220,1221,1222,1223,1224,1225,1226,1227,1228,1229,1230,1231,1232,1233,1526,1528,1530,1532,1534,1536,
red,69,643,644,645,646,647,648,649,650,651,652,653,654,655,656,657,658,659,660,661,662,663,664,665,821,823,825,827,829,831,1234,1235,1236,1237,1238,1239,1240,1241,1242,1243,1244,1245,1246,1247,1248,1249,1250,1251,1252,1253,1254,1255,1256,1257,1527,1529,1531,1533,1535,1537,
gold,69,
gold,70,974,975,976,977,978,979,980,981,982,983,984,985,986,987,988,989,990,991,992,993,994,995,996,997,
gold,70,478,479,480,481,482,483,484,485,486,487,488,489,490,491,492,493,494,495,496,497,498,499,500,501,784,786,788,790,792,794,998,999,1000,1001,1002,1003,1004,1005,1006,1007,1008,1009,1010,1011,1012,1013,1014,1015,1016,1017,1018,1019,1020,1490,1492,1494,1496,1498,1500,
red,70,502,503,504,505,506,507,508,509,510,511,512,513,514,515,516,517,518,519,520,521,522,523,524,785,787,789,791,793,795,1021,1022,1023,1024,1025,1026,1027,1028,1029,1030,1031,1032,1033,1034,1035,1036,1037,1038,1039,1040,1041,1042,1043,1044,1491,1493,1495,1497,1499,1501,
gold,70,
gold,71,478,482,486,490,494,498,502,506,510,514,517,521,974,978,982,986,990,994,998,1002,1006,1010,1013,1017,1021,1025,1029,1033,1037,1041,
gold,71,479,483,487,491,495,499,503,507,511,515,518,522,975,979,983,987,991,995,999,1003,1007,1011,1014,1018,1022,1026,1030,1034,1038,1042,
gold,71,360,361,362,363,480,484,488,492,496,500,504,508,512,519,523,784,785,786,787,788,789,790,791,792,793,794,795,976,980,984,988,992,996,1000,1004,1008,1015,1019,1023,1027,1031,1035,1039,1043,1490,1491,1492,1493,1494,1495,1496,1497,1498,1499,1500,1501,
red,71,481,485,489,493,497,501,505,509,513,516,520,524,977,981,985,989,993,997,1001,1005,1009,1012,1016,1020,1024,1028,1032,1036,1040,1044,
gold,71,286,287,288,289,290,291,304,305,306,307,308,309,1400,1401,1402,1403,1404,1405,1418,1419,1420,1421,1422,1423,
gold,72,1116,1117,1118,1119,1120,1121,1122,1123,1124,1125,1126,1127,1128,1129,1130,1131,1132,1133,1134,1135,1136,1137,1138,1139,
gold,72,572,573,574,575,576,577,578,579,580,581,582,583,584,585,586,587,588,589,590,591,592,593,594,595,808,810,812,814,816,818,1140,1141,1142,1143,1144,1145,1146,1147,1148,1149,1150,1151,1152,1153,1154,1155,1156,1157,1158,1159,1160,1161,1162,1514,1516,1518,1520,1522,1524,
red,72,596,597,598,599,600,601,602,603,604,605,606,607,608,609,610,611,612,613,614,615,616,617,618,809,811,813,815,817,819,1163,1164,1165,1166,1167,1168,1169,1170,1171,1172,1173,1174,1175,1176,1177,1178,1179,1180,1181,1182,1183,1184,1185,1186,1515,1517,1519,1521,1523,1525,
gold,72,
gold,73,572,576,580,584,588,592,596,600,604,608,611,615,1116,1120,1124,1128,1132,1136,1140,1144,1148,1152,1155,1159,1163,1167,1171,1175,1179,1183,
gold,73,573,577,581,585,589,593,597,601,605,609,612,616,1117,1121,1125,1129,1133,1137,1141,1145,1149,1153,1156,1160,1164,1168,1172,1176,1180,1184,
gold,73,368,369,370,371,574,578,582,586,590,594,598,602,606,613,617,808,809,810,811,812,813,814,815,816,817,818,819,1118,1122,1126,1130,1134,1138,1142,1146,1150,1157,1161,1165,1169,1173,1177,1181,1185,1514,1515,1516,1517,1518,1519,1520,1521,1522,1523,1524,1525,
red,73,575,579,583,587,591,595,599,603,607,610,614,618,1119,1123,1127,1131,1135,1139,1143,1147,1151,1154,1158,1162,1166,1170,1174,1178,1182,1186,
gold,73,298,299,300,301,302,303,316,317,318,319,320,321,1412,1413,1414,1415,1416,1417,1430,1431,1432,1433,1434,1435,
gold,74,
red,74,
gold,74,
red,75,
gold,75,
gold,75,
red,76,
gold,76,
gold,76,
gold,77,
red,77,
gold,77,
lightskyblue,238,141,228,256,262,277,
lightskyblue,238,142,228,256,262,277,
lightskyblue,238,143,228,256,262,277,
lightskyblue,238,144,228,256,262,277,
lightskyblue,238,145,228,256,262,277,
lightskyblue,238,146,228,256,262,277,
lightskyblue,230,141,210,201,207,274,
lightskyblue,230,142,210,201,207,274,
lightskyblue,230,143,210,201,207,274,
lightskyblue,230,144,210,201,207,274,
lightskyblue,230,145,210,201,207,274,
lightskyblue,230,146,210,201,207,274,
lightskyblue,240,141,226,265,271,283,
lightskyblue,240,142,226,265,271,283,
lightskyblue,240,143,226,265,271,283,
lightskyblue,240,144,226,265,271,283,
lightskyblue,240,145,226,265,271,283,
lightskyblue,240,146,226,265,271,283,
lightskyblue,238,150,228,256,262,278,
lightskyblue,238,151,228,256,262,278,
lightskyblue,238,152,228,256,262,278,
lightskyblue,238,153,228,256,262,278,
lightskyblue,238,154,228,256,262,278,
lightskyblue,238,155,228,256,262,278,
lightskyblue,230,150,210,201,207,275,
lightskyblue,230,151,210,201,207,275,
lightskyblue,230,152,210,201,207,275,
lightskyblue,230,153,210,201,207,275,
lightskyblue,230,154,210,201,207,275,
lightskyblue,230,155,210,201,207,275,
lightskyblue,240,150,226,265,271,284,
lightskyblue,240,151,226,265,271,284,
lightskyblue,240,152,226,265,271,284,
lightskyblue,240,153,226,265,271,284,
lightskyblue,240,154,226,265,271,284,
lightskyblue,240,155,226,265,271,284,
lightskyblue,234,141,224,252,221,
lightskyblue,234,142,224,252,221,
lightskyblue,234,143,224,252,221,
lightskyblue,234,144,224,252,221,
lightskyblue,234,145,224,252,221,
lightskyblue,234,146,224,252,221,
lightskyblue,234,147,224,252,221,
lightskyblue,234,150,224,252,221,
lightskyblue,234,151,224,252,221,
lightskyblue,234,152,224,252,221,
lightskyblue,234,153,224,252,221,
lightskyblue,234,154,224,252,221,
lightskyblue,234,155,224,252,221,
lightskyblue,234,156,224,252,221,
lightskyblue,232,141,217,248,214,280,
lightskyblue,232,142,217,248,214,280,
lightskyblue,232,143,217,248,214,280,
lightskyblue,232,144,217,248,214,280,
lightskyblue,232,145,217,248,214,280,
lightskyblue,232,146,217,248,214,280,
lightskyblue,232,147,217,248,214,280,
lightskyblue,232,148,217,248,214,280,
lightskyblue,232,150,217,248,214,281,
lightskyblue,232,151,217,248,214,281,
lightskyblue,232,152,217,248,214,281,
lightskyblue,232,153,217,248,214,281,
lightskyblue,232,154,217,248,214,281,
lightskyblue,232,155,217,248,214,281,
lightskyblue,232,156,217,248,214,281,
lightskyblue,232,157,217,248,214,281,
lightskyblue,120,129,125,
lightskyblue,130,129,125,
lightskyblue,128,125,
lightskyblue,129,122,125,
lightskyblue,99,109,113,
lightskyblue,101,109,113,
lightskyblue,108,113,
lightskyblue,109,103,113,
lightskyblue,177,229,261,
lightskyblue,179,229,261,
lightskyblue,228,261,
lightskyblue,229,199,261,
lightskyblue,236,211,206,
lightskyblue,181,211,206,
lightskyblue,210,206,
lightskyblue,211,197,206,
lightskyblue,246,227,270,
lightskyblue,183,227,270,
lightskyblue,226,270,
lightskyblue,227,185,270,
lightskyblue,187,225,220,
lightskyblue,189,225,220,
lightskyblue,224,220,
lightskyblue,225,242,220,
lightskyblue,82,96,92,
lightskyblue,84,96,92,
lightskyblue,95,92,
lightskyblue,96,86,92,
lightskyblue,191,218,213,
lightskyblue,193,218,213,
lightskyblue,217,213,
lightskyblue,218,195,213,
lightskyblue,121,128,133,126,
lightskyblue,121,128,133,126,
lightskyblue,121,128,133,
lightskyblue,121,128,133,124,
lightskyblue,131,128,133,126,
lightskyblue,131,128,133,126,
lightskyblue,131,128,133,
lightskyblue,131,128,133,124,
lightskyblue,117,128,133,126,
lightskyblue,117,128,133,126,
lightskyblue,117,128,133,
lightskyblue,117,128,133,124,
lightskyblue,133,126,
lightskyblue,133,126,
lightskyblue,133,
lightskyblue,133,124,
lightskyblue,128,123,133,126,
lightskyblue,128,123,133,126,
lightskyblue,128,123,133,
lightskyblue,128,123,133,124,
lightskyblue,128,119,133,126,
lightskyblue,128,119,133,126,
lightskyblue,128,119,133,
lightskyblue,128,119,133,124,
lightskyblue,121,128,126,
lightskyblue,121,128,126,
lightskyblue,121,128,
lightskyblue,121,128,124,
lightskyblue,131,128,126,
lightskyblue,131,128,126,
lightskyblue,131,128,
lightskyblue,131,128,124,
lightskyblue,117,128,126,
lightskyblue,117,128,126,
lightskyblue,117,128,
lightskyblue,117,128,124,
lightskyblue,126,
lightskyblue,126,
lightskyblue,124,
lightskyblue,128,123,126,
lightskyblue,128,123,126,
lightskyblue,128,123,
lightskyblue,128,123,124,
lightskyblue,128,119,126,
lightskyblue,128,119,126,
lightskyblue,128,119,
lightskyblue,128,119,124,
lightskyblue,100,108,107,114,
lightskyblue,100,108,107,114,
lightskyblue,100,108,107,
lightskyblue,100,108,107,112,
lightskyblue,102,108,107,114,
lightskyblue,102,108,107,114,
lightskyblue,102,108,107,
lightskyblue,102,108,107,112,
lightskyblue,98,108,107,114,
lightskyblue,98,108,107,114,
lightskyblue,98,108,107,
lightskyblue,98,108,107,112,
lightskyblue,107,114,
lightskyblue,107,114,
lightskyblue,107,
lightskyblue,107,112,
lightskyblue,108,104,107,114,
lightskyblue,108,104,107,114,
lightskyblue,108,104,107,
lightskyblue,108,104,107,112,
lightskyblue,108,111,107,114,
lightskyblue,108,111,107,114,
lightskyblue,108,111,107,
lightskyblue,108,111,107,112,
lightskyblue,100,108,114,
lightskyblue,100,108,114,
lightskyblue,100,108,
lightskyblue,100,108,112,
lightskyblue,102,108,114,
lightskyblue,102,108,114,
lightskyblue,102,108,
lightskyblue,102,108,112,
lightskyblue,98,108,114,
lightskyblue,98,108,114,
lightskyblue,98,108,
lightskyblue,98,108,112,
lightskyblue,114,
lightskyblue,114,
lightskyblue,112,
lightskyblue,108,104,114,
lightskyblue,108,104,114,
lightskyblue,108,104,
lightskyblue,108,104,112,
lightskyblue,108,111,114,
lightskyblue,108,111,114,
lightskyblue,108,111,
lightskyblue,108,111,112,
lightskyblue,178,228,258,262,
lightskyblue,178,228,258,262,
lightskyblue,178,228,258,
lightskyblue,178,228,258,260,
lightskyblue,180,228,258,262,
lightskyblue,180,228,258,262,
lightskyblue,180,228,258,
lightskyblue,180,228,258,260,
lightskyblue,245,228,258,262,
lightskyblue,245,228,258,262,
lightskyblue,245,228,258,
lightskyblue,245,228,258,260,
lightskyblue,258,262,
lightskyblue,258,262,
lightskyblue,258,
lightskyblue,258,260,
lightskyblue,228,200,258,262,
lightskyblue,228,200,258,262,
lightskyblue,228,200,258,
lightskyblue,228,200,258,260,
lightskyblue,228,176,258,262,
lightskyblue,228,176,258,262,
lightskyblue,228,176,258,
lightskyblue,228,176,258,260,
lightskyblue,178,228,262,
lightskyblue,178,228,262,
lightskyblue,178,228,
lightskyblue,178,228,260,
lightskyblue,180,228,262,
lightskyblue,180,228,262,
lightskyblue,180,228,
lightskyblue,180,228,260,
lightskyblue,245,228,262,
lightskyblue,245,228,262,
lightskyblue,245,228,
lightskyblue,245,228,260,
lightskyblue,262,
lightskyblue,262,
lightskyblue,260,
lightskyblue,228,200,262,
lightskyblue,228,200,262,
lightskyblue,228,200,
lightskyblue,228,200,260,
lightskyblue,228,176,262,
lightskyblue,228,176,262,
lightskyblue,228,176,
lightskyblue,228,176,260,
lightskyblue,237,210,203,207,
lightskyblue,237,210,203,207,
lightskyblue,237,210,203,
lightskyblue,237,210,203,205,
lightskyblue,182,210,203,207,
lightskyblue,182,210,203,207,
lightskyblue,182,210,203,
lightskyblue,182,210,203,205,
lightskyblue,172,210,203,207,
lightskyblue,172,210,203,207,
lightskyblue,172,210,203,
lightskyblue,172,210,203,205,
lightskyblue,203,207,
lightskyblue,203,207,
lightskyblue,203,
lightskyblue,203,205,
lightskyblue,210,198,203,207,
lightskyblue,210,198,203,207,
lightskyblue,210,198,203,
lightskyblue,210,198,203,205,
lightskyblue,210,174,203,207,
lightskyblue,210,174,203,207,
lightskyblue,210,174,203,
lightskyblue,210,174,203,205,
lightskyblue,237,210,207,
lightskyblue,237,210,207,
lightskyblue,237,210,
lightskyblue,237,210,205,
lightskyblue,182,210,207,
lightskyblue,182,210,207,
lightskyblue,182,210,
lightskyblue,182,210,205,
lightskyblue,172,210,207,
lightskyblue,172,210,207,
lightskyblue,172,210,
lightskyblue,172,210,205,
lightskyblue,207,
lightskyblue,207,
lightskyblue,205,
lightskyblue,210,198,207,
lightskyblue,210,198,207,
lightskyblue,210,198,
lightskyblue,210,198,205,
lightskyblue,210,174,207,
lightskyblue,210,174,207,
lightskyblue,210,174,
lightskyblue,210,174,205,
lightskyblue,247,226,267,271,
lightskyblue,247,226,267,271,
lightskyblue,247,226,267,
lightskyblue,247,226,267,269,
lightskyblue,184,226,267,271,
lightskyblue,184,226,267,271,
lightskyblue,184,226,267,
lightskyblue,184,226,267,269,
lightskyblue,160,226,267,271,
lightskyblue,160,226,267,271,
lightskyblue,160,226,267,
lightskyblue,160,226,267,269,
lightskyblue,267,271,
lightskyblue,267,271,
lightskyblue,267,
lightskyblue,267,269,
lightskyblue,226,186,267,271,
lightskyblue,226,186,267,271,
lightskyblue,226,186,267,
lightskyblue,226,186,267,269,
lightskyblue,226,162,267,271,
lightskyblue,226,162,267,271,
lightskyblue,226,162,267,
lightskyblue,226,162,267,269,
lightskyblue,247,226,271,
lightskyblue,247,226,271,
lightskyblue,247,226,
lightskyblue,247,226,269,
lightskyblue,184,226,271,
lightskyblue,184,226,271,
lightskyblue,184,226,
lightskyblue,184,226,269,
lightskyblue,160,226,271,
lightskyblue,160,226,271,
lightskyblue,160,226,
lightskyblue,160,226,269,
lightskyblue,271,
lightskyblue,271,
lightskyblue,269,
lightskyblue,226,186,271,
lightskyblue,226,186,271,
lightskyblue,226,186,
lightskyblue,226,186,269,
lightskyblue,226,162,271,
lightskyblue,226,162,271,
lightskyblue,226,162,
lightskyblue,226,162,269,
lightskyblue,188,224,254,221,
lightskyblue,188,224,254,221,
lightskyblue,188,224,254,
lightskyblue,188,224,254,219,
lightskyblue,190,224,254,221,
lightskyblue,190,224,254,221,
lightskyblue,190,224,254,
lightskyblue,190,224,254,219,
lightskyblue,164,224,254,221,
lightskyblue,164,224,254,221,
lightskyblue,164,224,254,
lightskyblue,164,224,254,219,
lightskyblue,254,221,
lightskyblue,254,221,
lightskyblue,254,
lightskyblue,254,219,
lightskyblue,224,243,254,221,
lightskyblue,224,243,254,221,
lightskyblue,224,243,254,
lightskyblue,224,243,254,219,
lightskyblue,224,166,254,221,
lightskyblue,224,166,254,221,
lightskyblue,224,166,254,
lightskyblue,224,166,254,219,
lightskyblue,188,224,221,
lightskyblue,188,224,221,
lightskyblue,188,224,
lightskyblue,188,224,219,
lightskyblue,190,224,221,
lightskyblue,190,224,221,
lightskyblue,190,224,
lightskyblue,190,224,219,
lightskyblue,164,224,221,
lightskyblue,164,224,221,
lightskyblue,164,224,
lightskyblue,164,224,219,
lightskyblue,221,
lightskyblue,221,
lightskyblue,219,
lightskyblue,224,243,221,
lightskyblue,224,243,221,
lightskyblue,224,243,
lightskyblue,224,243,219,
lightskyblue,224,166,221,
lightskyblue,224,166,221,
lightskyblue,224,166,
lightskyblue,224,166,219,
lightskyblue,83,95,90,93,
lightskyblue,83,95,90,93,
lightskyblue,83,95,90,
lightskyblue,83,95,90,91,
lightskyblue,85,95,90,93,
lightskyblue,85,95,90,93,
lightskyblue,85,95,90,
lightskyblue,85,95,90,91,
lightskyblue,79,95,90,93,
lightskyblue,79,95,90,93,
lightskyblue,79,95,90,
lightskyblue,79,95,90,91,
lightskyblue,90,93,
lightskyblue,90,93,
lightskyblue,90,
lightskyblue,90,91,
lightskyblue,95,87,90,93,
lightskyblue,95,87,90,93,
lightskyblue,95,87,90,
lightskyblue,95,87,90,91,
lightskyblue,95,81,90,93,
lightskyblue,95,81,90,93,
lightskyblue,95,81,90,
lightskyblue,95,81,90,91,
lightskyblue,83,95,93,
lightskyblue,83,95,93,
lightskyblue,83,95,
lightskyblue,83,95,91,
lightskyblue,85,95,93,
lightskyblue,85,95,93,
lightskyblue,85,95,
lightskyblue,85,95,91,
lightskyblue,79,95,93,
lightskyblue,79,95,93,
lightskyblue,79,95,
lightskyblue,79,95,91,
lightskyblue,93,
lightskyblue,93,
lightskyblue,91,
lightskyblue,95,87,93,
lightskyblue,95,87,93,
lightskyblue,95,87,
lightskyblue,95,87,91,
lightskyblue,95,81,93,
lightskyblue,95,81,93,
lightskyblue,95,81,
lightskyblue,95,81,91,
lightskyblue,192,217,250,214,
lightskyblue,192,217,250,214,
lightskyblue,192,217,250,
lightskyblue,192,217,250,212,
lightskyblue,194,217,250,214,
lightskyblue,194,217,250,214,
lightskyblue,194,217,250,
lightskyblue,194,217,250,212,
lightskyblue,168,217,250,214,
lightskyblue,168,217,250,214,
lightskyblue,168,217,250,
lightskyblue,168,217,250,212,
lightskyblue,250,214,
lightskyblue,250,214,
lightskyblue,250,
lightskyblue,250,212,
lightskyblue,217,196,250,214,
lightskyblue,217,196,250,214,
lightskyblue,217,196,250,
lightskyblue,217,196,250,212,
lightskyblue,217,170,250,214,
lightskyblue,217,170,250,214,
lightskyblue,217,170,250,
lightskyblue,217,170,250,212,
lightskyblue,192,217,214,
lightskyblue,192,217,214,
lightskyblue,192,217,
lightskyblue,192,217,212,
lightskyblue,194,217,214,
lightskyblue,194,217,214,
lightskyblue,194,217,
lightskyblue,194,217,212,
lightskyblue,168,217,214,
lightskyblue,168,217,214,
lightskyblue,168,217,
lightskyblue,168,217,212,
lightskyblue,214,
lightskyblue,214,
lightskyblue,212,
lightskyblue,217,196,214,
lightskyblue,217,196,214,
lightskyblue,217,196,
lightskyblue,217,196,212,
lightskyblue,217,170,214,
lightskyblue,217,170,214,
lightskyblue,217,170,
lightskyblue,217,170,212,
lightskyblue,120,129,127,
lightskyblue,120,129,127,
lightskyblue,130,129,127,
lightskyblue,130,129,127,
lightskyblue,116,129,127,
lightskyblue,116,129,127,
lightskyblue,128,127,
lightskyblue,128,127,
lightskyblue,129,122,127,
lightskyblue,129,122,127,
lightskyblue,129,118,127,
lightskyblue,129,118,127,
lightskyblue,99,109,115,
lightskyblue,99,109,115,
lightskyblue,101,109,115,
lightskyblue,101,109,115,
lightskyblue,97,109,115,
lightskyblue,97,109,115,
lightskyblue,108,115,
lightskyblue,108,115,
lightskyblue,109,103,115,
lightskyblue,109,103,115,
lightskyblue,109,110,115,
lightskyblue,109,110,115,
lightskyblue,177,229,263,
lightskyblue,177,229,263,
lightskyblue,179,229,263,
lightskyblue,179,229,263,
lightskyblue,244,229,263,
lightskyblue,244,229,263,
lightskyblue,228,263,
lightskyblue,228,263,
lightskyblue,229,199,263,
lightskyblue,229,199,263,
lightskyblue,229,175,263,
lightskyblue,229,175,263,
lightskyblue,236,211,208,
lightskyblue,236,211,208,
lightskyblue,181,211,208,
lightskyblue,181,211,208,
lightskyblue,171,211,208,
lightskyblue,171,211,208,
lightskyblue,210,208,
lightskyblue,210,208,
lightskyblue,211,197,208,
lightskyblue,211,197,208,
lightskyblue,211,173,208,
lightskyblue,211,173,208,
lightskyblue,246,227,272,
lightskyblue,246,227,272,
lightskyblue,183,227,272,
lightskyblue,183,227,272,
lightskyblue,159,227,272,
lightskyblue,159,227,272,
lightskyblue,226,272,
lightskyblue,226,272,
lightskyblue,227,185,272,
lightskyblue,227,185,272,
lightskyblue,227,161,272,
lightskyblue,227,161,272,
lightskyblue,187,225,222,
lightskyblue,187,225,222,
lightskyblue,189,225,222,
lightskyblue,189,225,222,
lightskyblue,163,225,222,
lightskyblue,163,225,222,
lightskyblue,224,222,
lightskyblue,224,222,
lightskyblue,225,242,222,
lightskyblue,225,242,222,
lightskyblue,225,165,222,
lightskyblue,225,165,222,
lightskyblue,82,96,94,
lightskyblue,82,96,94,
lightskyblue,84,96,94,
lightskyblue,84,96,94,
lightskyblue,78,96,94,
lightskyblue,78,96,94,
lightskyblue,95,94,
lightskyblue,95,94,
lightskyblue,96,86,94,
lightskyblue,96,86,94,
lightskyblue,96,80,94,
lightskyblue,96,80,94,
lightskyblue,191,218,215,
lightskyblue,191,218,215,
lightskyblue,193,218,215,
lightskyblue,193,218,215,
lightskyblue,167,218,215,
lightskyblue,167,218,215,
lightskyblue,217,215,
lightskyblue,217,215,
lightskyblue,218,195,215,
lightskyblue,218,195,215,
lightskyblue,218,169,215,
lightskyblue,218,169,215,
lightskyblue,121,128,126,
lightskyblue,121,128,126,
lightskyblue,121,128,
lightskyblue,121,128,126,
lightskyblue,131,128,126,
lightskyblue,131,128,126,
lightskyblue,131,128,
lightskyblue,131,128,126,
lightskyblue,117,128,126,
lightskyblue,117,128,126,
lightskyblue,117,128,
lightskyblue,117,128,126,
lightskyblue,126,
lightskyblue,126,
lightskyblue,126,
lightskyblue,128,123,126,
lightskyblue,128,123,126,
lightskyblue,128,123,
lightskyblue,128,123,126,
lightskyblue,128,119,126,
lightskyblue,128,119,126,
lightskyblue,128,119,
lightskyblue,128,119,126,
lightskyblue,121,128,132,126,
lightskyblue,121,128,132,126,
lightskyblue,121,128,132,
lightskyblue,121,128,132,126,
lightskyblue,131,128,132,126,
lightskyblue,131,128,132,126,
lightskyblue,131,128,132,
lightskyblue,131,128,132,126,
lightskyblue,117,128,132,126,
lightskyblue,117,128,132,126,
lightskyblue,117,128,132,
lightskyblue,117,128,132,126,
lightskyblue,132,126,
lightskyblue,132,126,
lightskyblue,132,
lightskyblue,132,126,
lightskyblue,128,123,132,126,
lightskyblue,128,123,132,126,
lightskyblue,128,123,132,
lightskyblue,128,123,132,126,
lightskyblue,128,119,132,126,
lightskyblue,128,119,132,126,
lightskyblue,128,119,132,
lightskyblue,128,119,132,126,
lightskyblue,100,108,106,114,
lightskyblue,100,108,106,114,
lightskyblue,100,108,106,
lightskyblue,100,108,106,114,
lightskyblue,102,108,106,114,
lightskyblue,102,108,106,114,
lightskyblue,102,108,106,
lightskyblue,102,108,106,114,
lightskyblue,98,108,106,114,
lightskyblue,98,108,106,114,
lightskyblue,98,108,106,
lightskyblue,98,108,106,114,
lightskyblue,106,114,
lightskyblue,106,114,
lightskyblue,106,
lightskyblue,106,114,
lightskyblue,108,104,106,114,
lightskyblue,108,104,106,114,
lightskyblue,108,104,106,
lightskyblue,108,104,106,114,
lightskyblue,108,111,106,114,
lightskyblue,108,111,106,114,
lightskyblue,108,111,106,
lightskyblue,108,111,106,114,
lightskyblue,100,108,114,
lightskyblue,100,108,114,
lightskyblue,100,108,
lightskyblue,100,108,114,
lightskyblue,102,108,114,
lightskyblue,102,108,114,
lightskyblue,102,108,
lightskyblue,102,108,114,
lightskyblue,98,108,114,
lightskyblue,98,108,114,
lightskyblue,98,108,
lightskyblue,98,108,114,
lightskyblue,114,
lightskyblue,114,
lightskyblue,114,
lightskyblue,108,104,114,
lightskyblue,108,104,114,
lightskyblue,108,104,
lightskyblue,108,104,114,
lightskyblue,108,111,114,
lightskyblue,108,111,114,
lightskyblue,108,111,
lightskyblue,108,111,114,
lightskyblue,100,108,106,114,
lightskyblue,100,108,106,114,
lightskyblue,100,108,106,
lightskyblue,100,108,106,114,
lightskyblue,102,108,106,114,
lightskyblue,102,108,106,114,
lightskyblue,102,108,106,
lightskyblue,102,108,106,114,
lightskyblue,98,108,106,114,
lightskyblue,98,108,106,114,
lightskyblue,98,108,106,
lightskyblue,98,108,106,114,
lightskyblue,106,114,
lightskyblue,106,114,
lightskyblue,106,
lightskyblue,106,114,
lightskyblue,108,104,106,114,
lightskyblue,108,104,106,114,
lightskyblue,108,104,106,
lightskyblue,108,104,106,114,
lightskyblue,108,111,106,114,
lightskyblue,108,111,106,114,
lightskyblue,108,111,106,
lightskyblue,108,111,106,114,
lightskyblue,178,228,257,262,
lightskyblue,178,228,257,262,
lightskyblue,178,228,257,
lightskyblue,178,228,257,262,
lightskyblue,180,228,257,262,
lightskyblue,180,228,257,262,
lightskyblue,180,228,257,
lightskyblue,180,228,257,262,
lightskyblue,245,228,257,262,
lightskyblue,245,228,257,262,
lightskyblue,245,228,257,
lightskyblue,245,228,257,262,
lightskyblue,257,262,
lightskyblue,257,262,
lightskyblue,257,
lightskyblue,257,262,
lightskyblue,228,200,257,262,
lightskyblue,228,200,257,262,
lightskyblue,228,200,257,
lightskyblue,228,200,257,262,
lightskyblue,228,176,257,262,
lightskyblue,228,176,257,262,
lightskyblue,228,176,257,
lightskyblue,228,176,257,262,
lightskyblue,178,228,262,
lightskyblue,178,228,262,
lightskyblue,178,228,
lightskyblue,178,228,262,
lightskyblue,180,228,262,
lightskyblue,180,228,262,
lightskyblue,180,228,
lightskyblue,180,228,262,
lightskyblue,245,228,262,
lightskyblue,245,228,262,
lightskyblue,245,228,
lightskyblue,245,228,262,
lightskyblue,262,
lightskyblue,262,
lightskyblue,262,
lightskyblue,228,200,262,
lightskyblue,228,200,262,
lightskyblue,228,200,
lightskyblue,228,200,262,
lightskyblue,228,176,262,
lightskyblue,228,176,262,
lightskyblue,228,176,
lightskyblue,228,176,262,
lightskyblue,178,228,257,262,
lightskyblue,178,228,257,262,
lightskyblue,178,228,257,
lightskyblue,178,228,257,262,
lightskyblue,180,228,257,262,
lightskyblue,180,228,257,262,
lightskyblue,180,228,257,
lightskyblue,180,228,257,262,
lightskyblue,245,228,257,262,
lightskyblue,245,228,257,262,
lightskyblue,245,228,257,
lightskyblue,245,228,257,262,
lightskyblue,257,262,
lightskyblue,257,262,
lightskyblue,257,
lightskyblue,257,262,
lightskyblue,228,200,257,262,
lightskyblue,228,200,257,262,
lightskyblue,228,200,257,
lightskyblue,228,200,257,262,
lightskyblue,228,176,257,262,
lightskyblue,228,176,257,262,
lightskyblue,228,176,257,
lightskyblue,228,176,257,262,
lightskyblue,237,210,202,207,
lightskyblue,237,210,202,207,
lightskyblue,237,210,202,
lightskyblue,237,210,202,207,
lightskyblue,182,210,202,207,
lightskyblue,182,210,202,207,
lightskyblue,182,210,202,
lightskyblue,182,210,202,207,
lightskyblue,172,210,202,207,
lightskyblue,172,210,202,207,
lightskyblue,172,210,202,
lightskyblue,172,210,202,207,
lightskyblue,202,207,
lightskyblue,202,207,
lightskyblue,202,
lightskyblue,202,207,
lightskyblue,210,198,202,207,
lightskyblue,210,198,202,207,
lightskyblue,210,198,202,
lightskyblue,210,198,202,207,
lightskyblue,210,174,202,207,
lightskyblue,210,174,202,207,
lightskyblue,210,174,202,
lightskyblue,210,174,202,207,
lightskyblue,237,210,207,
lightskyblue,237,210,207,
lightskyblue,237,210,
lightskyblue,237,210,207,
lightskyblue,182,210,207,
lightskyblue,182,210,207,
lightskyblue,182,210,
lightskyblue,182,210,207,
lightskyblue,172,210,207,
lightskyblue,172,210,207,
lightskyblue,172,210,
lightskyblue,172,210,207,
lightskyblue,207,
lightskyblue,207,
lightskyblue,207,
lightskyblue,210,198,207,
lightskyblue,210,198,207,
lightskyblue,210,198,
lightskyblue,210,198,207,
lightskyblue,210,174,207,
lightskyblue,210,174,207,
lightskyblue,210,174,
lightskyblue,210,174,207,
lightskyblue,237,210,202,207,
lightskyblue,237,210,202,207,
lightskyblue,237,210,202,
lightskyblue,237,210,202,207,
lightskyblue,182,210,202,207,
lightskyblue,182,210,202,207,
lightskyblue,182,210,202,
lightskyblue,182,210,202,207,
lightskyblue,172,210,202,207,
lightskyblue,172,210,202,207,
lightskyblue,172,210,202,
lightskyblue,172,210,202,207,
lightskyblue,202,207,
lightskyblue,202,207,
lightskyblue,202,
lightskyblue,202,207,
lightskyblue,210,198,202,207,
lightskyblue,210,198,202,207,
lightskyblue,210,198,202,
lightskyblue,210,198,202,207,
lightskyblue,210,174,202,207,
lightskyblue,210,174,202,207,
lightskyblue,210,174,202,
lightskyblue,210,174,202,207,
lightskyblue,247,226,266,271,
lightskyblue,247,226,266,271,
lightskyblue,247,226,266,
lightskyblue,247,226,266,271,
lightskyblue,184,226,266,271,
lightskyblue,184,226,266,271,
lightskyblue,184,226,266,
lightskyblue,184,226,266,271,
lightskyblue,160,226,266,271,
lightskyblue,160,226,266,271,
lightskyblue,160,226,266,
lightskyblue,160,226,266,271,
lightskyblue,266,271,
lightskyblue,266,271,
lightskyblue,266,
lightskyblue,266,271,
lightskyblue,226,186,266,271,
lightskyblue,226,186,266,271,
lightskyblue,226,186,266,
lightskyblue,226,186,266,271,
lightskyblue,226,162,266,271,
lightskyblue,226,162,266,271,
lightskyblue,226,162,266,
lightskyblue,226,162,266,271,
lightskyblue,247,226,271,
lightskyblue,247,226,271,
lightskyblue,247,226,
lightskyblue,247,226,271,
lightskyblue,184,226,271,
lightskyblue,184,226,271,
lightskyblue,184,226,
lightskyblue,184,226,271,
lightskyblue,160,226,271,
lightskyblue,160,226,271,
lightskyblue,160,226,
lightskyblue,160,226,271,
lightskyblue,271,
lightskyblue,271,
lightskyblue,271,
lightskyblue,226,186,271,
lightskyblue,226,186,271,
lightskyblue,226,186,
lightskyblue,226,186,271,
lightskyblue,226,162,271,
lightskyblue,226,162,271,
lightskyblue,226,162,
lightskyblue,226,162,271,
lightskyblue,247,226,266,271,
lightskyblue,247,226,266,271,
lightskyblue,247,226,266,
lightskyblue,247,226,266,271,
lightskyblue,184,226,266,271,
lightskyblue,184,226,266,271,
lightskyblue,184,226,266,
lightskyblue,184,226,266,271,
lightskyblue,160,226,266,271,
lightskyblue,160,226,266,271,
lightskyblue,160,226,266,
lightskyblue,160,226,266,271,
lightskyblue,266,271,
lightskyblue,266,271,
lightskyblue,266,
lightskyblue,266,271,
lightskyblue,226,186,266,271,
lightskyblue,226,186,266,271,
lightskyblue,226,186,266,
lightskyblue,226,186,266,271,
lightskyblue,226,162,266,271,
lightskyblue,226,162,266,271,
lightskyblue,226,162,266,
lightskyblue,226,162,266,271,
lightskyblue,188,224,253,221,
lightskyblue,188,224,253,221,
lightskyblue,188,224,253,
lightskyblue,188,224,253,221,
lightskyblue,190,224,253,221,
lightskyblue,190,224,253,221,
lightskyblue,190,224,253,
lightskyblue,190,224,253,221,
lightskyblue,164,224,253,221,
lightskyblue,164,224,253,221,
lightskyblue,164,224,253,
lightskyblue,164,224,253,221,
lightskyblue,253,221,
lightskyblue,253,221,
lightskyblue,253,
lightskyblue,253,221,
lightskyblue,224,243,253,221,
lightskyblue,224,243,253,221,
lightskyblue,224,243,253,
lightskyblue,224,243,253,221,
lightskyblue,224,166,253,221,
lightskyblue,224,166,253,221,
lightskyblue,224,166,253,
lightskyblue,224,166,253,221,
lightskyblue,188,224,221,
lightskyblue,188,224,221,
lightskyblue,188,224,
lightskyblue,188,224,221,
lightskyblue,190,224,221,
lightskyblue,190,224,221,
lightskyblue,190,224,
lightskyblue,190,224,221,
lightskyblue,164,224,221,
lightskyblue,164,224,221,
lightskyblue,164,224,
lightskyblue,164,224,221,
lightskyblue,221,
lightskyblue,221,
lightskyblue,221,
lightskyblue,224,243,221,
lightskyblue,224,243,221,
lightskyblue,224,243,
lightskyblue,224,243,221,
lightskyblue,224,166,221,
lightskyblue,224,166,221,
lightskyblue,224,166,
lightskyblue,224,166,221,
lightskyblue,188,224,253,221,
lightskyblue,188,224,253,221,
lightskyblue,188,224,253,
lightskyblue,188,224,253,221,
lightskyblue,190,224,253,221,
lightskyblue,190,224,253,221,
lightskyblue,190,224,253,
lightskyblue,190,224,253,221,
lightskyblue,164,224,253,221,
lightskyblue,164,224,253,221,
lightskyblue,164,224,253,
lightskyblue,164,224,253,221,
lightskyblue,253,221,
lightskyblue,253,221,
lightskyblue,253,
lightskyblue,253,221,
lightskyblue,224,243,253,221,
lightskyblue,224,243,253,221,
lightskyblue,224,243,253,
lightskyblue,224,243,253,221,
lightskyblue,224,166,253,221,
lightskyblue,224,166,253,221,
lightskyblue,224,166,253,
lightskyblue,224,166,253,221,
lightskyblue,83,95,89,93,
lightskyblue,83,95,89,93,
lightskyblue,83,95,89,
lightskyblue,83,95,89,93,
lightskyblue,85,95,89,93,
lightskyblue,85,95,89,93,
lightskyblue,85,95,89,
lightskyblue,85,95,89,93,
lightskyblue,79,95,89,93,
lightskyblue,79,95,89,93,
lightskyblue,79,95,89,
lightskyblue,79,95,89,93,
lightskyblue,89,93,
lightskyblue,89,93,
lightskyblue,89,
lightskyblue,89,93,
lightskyblue,95,87,89,93,
lightskyblue,95,87,89,93,
lightskyblue,95,87,89,
lightskyblue,95,87,89,93,
lightskyblue,95,81,89,93,
lightskyblue,95,81,89,93,
lightskyblue,95,81,89,
lightskyblue,95,81,89,93,
lightskyblue,83,95,93,
lightskyblue,83,95,93,
lightskyblue,83,95,
lightskyblue,83,95,93,
lightskyblue,85,95,93,
lightskyblue,85,95,93,
lightskyblue,85,95,
lightskyblue,85,95,93,
lightskyblue,79,95,93,
lightskyblue,79,95,93,
lightskyblue,79,95,
lightskyblue,79,95,93,
lightskyblue,93,
lightskyblue,93,
lightskyblue,93,
lightskyblue,95,87,93,
lightskyblue,95,87,93,
lightskyblue,95,87,
lightskyblue,95,87,93,
lightskyblue,95,81,93,
lightskyblue,95,81,93,
lightskyblue,95,81,
lightskyblue,95,81,93,
lightskyblue,83,95,89,93,
lightskyblue,83,95,89,93,
lightskyblue,83,95,89,
lightskyblue,83,95,89,93,
lightskyblue,85,95,89,93,
lightskyblue,85,95,89,93,
lightskyblue,85,95,89,
lightskyblue,85,95,89,93,
lightskyblue,79,95,89,93,
lightskyblue,79,95,89,93,
lightskyblue,79,95,89,
lightskyblue,79,95,89,93,
lightskyblue,89,93,
lightskyblue,89,93,
lightskyblue,89,
lightskyblue,89,93,
lightskyblue,95,87,89,93,
lightskyblue,95,87,89,93,
lightskyblue,95,87,89,
lightskyblue,95,87,89,93,
lightskyblue,95,81,89,93,
lightskyblue,95,81,89,93,
lightskyblue,95,81,89,
lightskyblue,95,81,89,93,
lightskyblue,192,217,249,214,
lightskyblue,192,217,249,214,
lightskyblue,192,217,249,
lightskyblue,192,217,249,214,
lightskyblue,194,217,249,214,
lightskyblue,194,217,249,214,
lightskyblue,194,217,249,
lightskyblue,194,217,249,214,
lightskyblue,168,217,249,214,
lightskyblue,168,217,249,214,
lightskyblue,168,217,249,
lightskyblue,168,217,249,214,
lightskyblue,249,214,
lightskyblue,249,214,
lightskyblue,249,
lightskyblue,249,214,
lightskyblue,217,196,249,214,
lightskyblue,217,196,249,214,
lightskyblue,217,196,249,
lightskyblue,217,196,249,214,
lightskyblue,217,170,249,214,
lightskyblue,217,170,249,214,
lightskyblue,217,170,249,
lightskyblue,217,170,249,214,
lightskyblue,192,217,214,
lightskyblue,192,217,214,
lightskyblue,192,217,
lightskyblue,192,217,214,
lightskyblue,194,217,214,
lightskyblue,194,217,214,
lightskyblue,194,217,
lightskyblue,194,217,214,
lightskyblue,168,217,214,
lightskyblue,168,217,214,
lightskyblue,168,217,
lightskyblue,168,217,214,
lightskyblue,214,
lightskyblue,214,
lightskyblue,214,
lightskyblue,217,196,214,
lightskyblue,217,196,214,
lightskyblue,217,196,
lightskyblue,217,196,214,
lightskyblue,217,170,214,
lightskyblue,217,170,214,
lightskyblue,217,170,
lightskyblue,217,170,214,
lightskyblue,192,217,249,214,
lightskyblue,192,217,249,214,
lightskyblue,192,217,249,
lightskyblue,192,217,249,214,
lightskyblue,194,217,249,214,
lightskyblue,194,217,249,214,
lightskyblue,194,217,249,
lightskyblue,194,217,249,214,
lightskyblue,168,217,249,214,
lightskyblue,168,217,249,214,
lightskyblue,168,217,249,
lightskyblue,168,217,249,214,
lightskyblue,249,214,
lightskyblue,249,214,
lightskyblue,249,
lightskyblue,249,214,
lightskyblue,217,196,249,214,
lightskyblue,217,196,249,214,
lightskyblue,217,196,249,
lightskyblue,217,196,249,214,
lightskyblue,217,170,249,214,
lightskyblue,217,170,249,214,
lightskyblue,217,170,249,
lightskyblue,217,170,249,214,
lightskyblue,238,141,228,256,262,277,
lightskyblue,238,142,228,256,262,277,
lightskyblue,238,143,228,256,262,277,
lightskyblue,238,144,228,256,262,277,
lightskyblue,238,145,228,256,262,277,
lightskyblue,238,146,228,256,262,277,
lightskyblue,230,141,210,201,207,274,
lightskyblue,230,142,210,201,207,274,
lightskyblue,230,143,210,201,207,274,
lightskyblue,230,144,210,201,207,274,
lightskyblue,230,145,210,201,207,274,
lightskyblue,230,146,210,201,207,274,
lightskyblue,240,141,226,265,271,283,
lightskyblue,240,142,226,265,271,283,
lightskyblue,240,143,226,265,271,283,
lightskyblue,240,144,226,265,271,283,
lightskyblue,240,145,226,265,271,283,
lightskyblue,240,146,226,265,271,283,
lightskyblue,238,150,228,256,262,278,
lightskyblue,238,151,228,256,262,278,
lightskyblue,238,152,228,256,262,278,
lightskyblue,238,153,228,256,262,278,
lightskyblue,238,154,228,256,262,278,
lightskyblue,238,155,228,256,262,278,
lightskyblue,230,150,210,201,207,275,
lightskyblue,230,151,210,201,207,275,
lightskyblue,230,152,210,201,207,275,
lightskyblue,230,153,210,201,207,275,
lightskyblue,230,154,210,201,207,275,
lightskyblue,230,155,210,201,207,275,
lightskyblue,240,150,226,265,271,284,
lightskyblue,240,151,226,265,271,284,
lightskyblue,240,152,226,265,271,284,
lightskyblue,240,153,226,265,271,284,
lightskyblue,240,154,226,265,271,284,
lightskyblue,240,155,226,265,271,284,
lightskyblue,234,141,224,252,221,
lightskyblue,234,142,224,252,221,
lightskyblue,234,143,224,252,221,
lightskyblue,234,144,224,252,221,
lightskyblue,234,145,224,252,221,
lightskyblue,234,146,224,252,221,
lightskyblue,234,147,224,252,221,
lightskyblue,234,150,224,252,221,
lightskyblue,234,151,224,252,221,
lightskyblue,234,152,224,252,221,
lightskyblue,234,153,224,252,221,
lightskyblue,234,154,224,252,221,
lightskyblue,234,155,224,252,221,
lightskyblue,234,156,224,252,221,
lightskyblue,232,141,217,248,214,280,
lightskyblue,232,142,217,248,214,280,
lightskyblue,232,143,217,248,214,280,
lightskyblue,232,144,217,248,214,280,
lightskyblue,232,145,217,248,214,280,
lightskyblue,232,146,217,248,214,280,
lightskyblue,232,147,217,248,214,280,
lightskyblue,232,148,217,248,214,280,
lightskyblue,232,150,217,248,214,281,
lightskyblue,232,151,217,248,214,281,
lightskyblue,232,152,217,248,214,281,
lightskyblue,232,153,217,248,214,281,
lightskyblue,232,154,217,248,214,281,
lightskyblue,232,155,217,248,214,281,
lightskyblue,232,156,217,248,214,281,
lightskyblue,232,157,217,248,214,281,
lightskyblue,120,129,127,
lightskyblue,120,129,127,
lightskyblue,130,129,127,
lightskyblue,130,129,127,
lightskyblue,116,129,127,
lightskyblue,116,129,127,
lightskyblue,128,127,
lightskyblue,128,127,
lightskyblue,129,122,127,
lightskyblue,129,122,127,
lightskyblue,129,118,127,
lightskyblue,129,118,127,
lightskyblue,99,109,115,
lightskyblue,99,109,115,
lightskyblue,101,109,115,
lightskyblue,101,109,115,
lightskyblue,97,109,115,
lightskyblue,97,109,115,
lightskyblue,108,115,
lightskyblue,108,115,
lightskyblue,109,103,115,
lightskyblue,109,103,115,
lightskyblue,109,110,115,
lightskyblue,109,110,115,
lightskyblue,177,229,263,
lightskyblue,177,229,263,
lightskyblue,179,229,263,
lightskyblue,179,229,263,
lightskyblue,244,229,263,
lightskyblue,244,229,263,
lightskyblue,228,263,
lightskyblue,228,263,
lightskyblue,229,199,263,
lightskyblue,229,199,263,
lightskyblue,229,175,263,
lightskyblue,229,175,263,
lightskyblue,236,211,208,
lightskyblue,236,211,208,
lightskyblue,181,211,208,
lightskyblue,181,211,208,
lightskyblue,171,211,208,
lightskyblue,171,211,208,
lightskyblue,210,208,
lightskyblue,210,208,
lightskyblue,211,197,208,
lightskyblue,211,197,208,
lightskyblue,211,173,208,
lightskyblue,211,173,208,
lightskyblue,246,227,272,
lightskyblue,246,227,272,
lightskyblue,183,227,272,
lightskyblue,183,227,272,
lightskyblue,159,227,272,
lightskyblue,159,227,272,
lightskyblue,226,272,
lightskyblue,226,272,
lightskyblue,227,185,272,
lightskyblue,227,185,272,
lightskyblue,227,161,272,
lightskyblue,227,161,272,
lightskyblue,187,225,222,
lightskyblue,187,225,222,
lightskyblue,189,225,222,
lightskyblue,189,225,222,
lightskyblue,163,225,222,
lightskyblue,163,225,222,
lightskyblue,224,222,
lightskyblue,224,222,
lightskyblue,225,242,222,
lightskyblue,225,242,222,
lightskyblue,225,165,222,
lightskyblue,225,165,222,
lightskyblue,82,96,94,
lightskyblue,82,96,94,
lightskyblue,84,96,94,
lightskyblue,84,96,94,
lightskyblue,78,96,94,
lightskyblue,78,96,94,
lightskyblue,95,94,
lightskyblue,95,94,
lightskyblue,96,86,94,
lightskyblue,96,86,94,
lightskyblue,96,80,94,
lightskyblue,96,80,94,
lightskyblue,191,218,215,
lightskyblue,191,218,215,
lightskyblue,193,218,215,
lightskyblue,193,218,215,
lightskyblue,167,218,215,
lightskyblue,167,218,215,
lightskyblue,217,215,
lightskyblue,217,215,
lightskyblue,218,195,215,
lightskyblue,218,195,215,
lightskyblue,218,169,215,
lightskyblue,218,169,215,
lightskyblue,135,137,
lightskyblue,140,138,
lightskyblue,134,136,
lightskyblue,139,136,
