green,
green,
green,
green,
green,
green,
green,
green,
green,
green,
green,
green,
green,
green,
green,
green,
green,
green,
green,
green,
green,
green,
green,
green,
green,
green,
green,
green,
green,
green,
green,
green,
green,
green,
green,
green,
green,
green,
green,
green,
green,
green,
green,
green,
green,
green,
green,
green,
green,
green,
green,
green,
green,
green,
green,
green,
green,
green,
green,
green,
green,
green,
green,
green,
green,
green,
green,
green,
green,
green,
green,
green,
green,
green,
green,
green,
green,
green,
green,
green,
green,
green,
green,
green,
green,
green,
green,
green,
green,
green,
green,
green,
green,
green,
green,
gold,0,775,776,777,778,799,800,801,802,1393,1394,1395,1396,1417,1418,1419,1420,1440,1441,1442,1443,
gold,0,
gold,1,763,764,765,766,787,788,789,790,1381,1382,1383,1384,1405,1406,1407,1408,1428,1429,1430,1431,
gold,1,
gold,2,767,768,769,770,791,792,793,794,1385,1386,1387,1388,1409,1410,1411,1412,1432,1433,1434,1435,
gold,2,
gold,3,783,784,785,786,806,807,808,809,1401,1402,1403,1404,1424,1425,1426,1427,1448,1449,1450,1451,
gold,3,
gold,4,1381,1382,1383,1384,1385,1386,1387,1388,1389,1390,1391,1392,1393,1394,1395,1396,1397,1398,1399,1400,1401,1402,1403,1404,
gold,4,763,764,765,766,767,768,769,770,771,772,773,774,775,776,777,778,779,780,781,782,783,784,785,786,987,989,991,993,995,1405,1406,1407,1408,1409,1410,1411,1412,1413,1414,1415,1416,1417,1418,1419,1420,1421,1422,1423,1424,1425,1426,1427,1837,1839,1841,1843,1845,
gold,4,787,788,789,790,791,792,793,794,795,796,797,798,799,800,801,802,803,804,805,806,807,808,809,988,990,992,994,996,1428,1429,1430,1431,1432,1433,1434,1435,1436,1437,1438,1439,1440,1441,1442,1443,1444,1445,1446,1447,1448,1449,1450,1451,1838,1840,1842,1844,1846,
gold,5,763,767,771,775,779,783,787,791,795,799,803,806,1381,1385,1389,1393,1397,1401,1405,1409,1413,1417,1421,1424,1428,1432,1436,1440,1444,1448,
gold,5,764,768,772,776,780,784,788,792,796,800,804,807,1382,1386,1390,1394,1398,1402,1406,1410,1414,1418,1422,1425,1429,1433,1437,1441,1445,1449,
gold,5,521,522,765,769,773,777,781,785,789,793,797,801,808,987,988,989,990,991,992,993,994,995,996,1383,1387,1391,1395,1399,1403,1407,1411,1415,1419,1426,1430,1434,1438,1442,1446,1450,1837,1838,1839,1840,1841,1842,1843,1844,1845,1846,
gold,5,766,770,774,778,782,786,790,794,798,802,805,809,1384,1388,1392,1396,1400,1404,1408,1412,1416,1420,1423,1427,1431,1435,1439,1443,1447,1451,
gold,6,779,780,781,782,803,804,805,1397,1398,1399,1400,1421,1422,1423,1444,1445,1446,1447,
gold,6,
red,7,771,772,773,774,795,796,797,798,1389,1390,1391,1392,1413,1414,1415,1416,1436,1437,1438,1439,
gold,7,
gold,8,646,647,648,649,666,667,668,669,1204,1205,1206,1207,1224,1225,1226,1227,1243,1244,1245,1246,
gold,8,
gold,9,654,655,656,657,674,675,676,677,1212,1213,1214,1215,1232,1233,1234,1235,1251,1252,1253,1254,
gold,9,
gold,10,662,663,664,665,681,682,683,684,1220,1221,1222,1223,1239,1240,1241,1242,1259,1260,1261,1262,
gold,10,
gold,11,658,659,660,661,678,679,680,1216,1217,1218,1219,1236,1237,1238,1255,1256,1257,1258,
gold,11,
red,12,650,651,652,653,670,671,672,673,1208,1209,1210,1211,1228,1229,1230,1231,1247,1248,1249,1250,
gold,12,
gold,13,1204,1205,1206,1207,1208,1209,1210,1211,1212,1213,1214,1215,1216,1217,1218,1219,1220,1221,1222,1223,
gold,13,646,647,648,649,650,651,652,653,654,655,656,657,658,659,660,661,662,663,664,665,957,959,961,963,965,1224,1225,1226,1227,1228,1229,1230,1231,1232,1233,1234,1235,1236,1237,1238,1239,1240,1241,1242,1807,1809,1811,1813,1815,
red,13,666,667,668,669,670,671,672,673,674,675,676,677,678,679,680,681,682,683,684,958,960,962,964,966,1243,1244,1245,1246,1247,1248,1249,1250,1251,1252,1253,1254,1255,1256,1257,1258,1259,1260,1261,1262,1808,1810,1812,1814,1816,
gold,14,646,650,654,658,662,666,670,674,678,681,1204,1208,1212,1216,1220,1224,1228,1232,1236,1239,1243,1247,1251,1255,1259,
gold,14,647,651,655,659,663,667,671,675,679,682,1205,1209,1213,1217,1221,1225,1229,1233,1237,1240,1244,1248,1252,1256,1260,
gold,14,515,516,648,652,656,660,664,668,672,676,683,957,958,959,960,961,962,963,964,965,966,1206,1210,1214,1218,1222,1226,1230,1234,1241,1245,1249,1253,1257,1261,1807,1808,1809,1810,1811,1812,1813,1814,1815,1816,
red,14,649,653,657,661,665,669,673,677,680,684,1207,1211,1215,1219,1223,1227,1231,1235,1238,1242,1246,1250,1254,1258,1262,
gold,15,1629,1630,1631,1632,1633,1634,1635,1636,1637,1638,1639,1640,1641,1642,1643,1644,1645,1646,1647,1648,1649,1650,1651,1652,1693,1694,1695,1696,1697,1698,1699,1700,1701,1702,1703,1704,1705,1706,1707,1708,1709,1710,1711,1712,1713,1753,1754,1755,1756,1757,1758,1759,1760,1877,
gold,15,
gold,16,1653,1654,1655,1656,1657,1658,1659,1660,1661,1662,1663,1664,1665,1666,1667,1668,1669,1670,1671,1672,1673,1674,1675,1676,1677,1678,1679,1680,1714,1715,1716,1717,1718,1719,1720,1721,1722,1723,1724,1725,1726,1727,1728,1729,1730,1731,1732,1733,1734,1735,1736,1737,1761,1762,1763,1764,1765,1766,1767,1768,1769,1878,
gold,16,
gold,17,1681,1682,1683,1684,1738,1739,1740,1741,1742,1743,1770,1771,1772,1879,
gold,17,
gold,18,1877,1878,1879,1880,
gold,18,361,362,363,364,365,366,367,368,369,370,371,372,373,374,375,376,377,378,379,380,381,382,383,384,425,426,427,428,429,430,431,432,433,434,435,436,437,438,439,440,441,442,443,444,445,485,486,487,488,489,490,491,492,1881,
gold,18,385,386,387,388,389,390,391,392,393,394,395,396,397,398,399,400,401,402,403,404,405,406,407,408,409,410,411,412,446,447,448,449,450,451,452,453,454,455,456,457,458,459,460,461,462,463,464,465,466,467,468,469,493,494,495,496,497,498,499,500,501,1882,
gold,18,413,414,415,416,470,471,472,473,474,475,502,503,504,1883,
gold,18,417,418,419,420,421,422,423,424,476,477,478,479,480,481,482,483,484,505,506,507,508,1884,
gold,19,1685,1686,1687,1688,1689,1690,1691,1692,1744,1745,1746,1747,1748,1749,1750,1751,1752,1773,1774,1775,1776,1880,
gold,19,
gold,20,
gold,20,502,1770,
gold,20,470,472,474,503,1738,1740,1742,1771,
gold,20,413,414,415,416,471,473,475,504,1681,1682,1683,1684,1739,1741,1743,1772,
gold,21,
gold,21,505,1773,
gold,21,476,479,482,506,1744,1747,1750,1774,
gold,21,417,419,421,423,477,480,483,507,1685,1687,1689,1691,1745,1748,1751,1775,
gold,21,418,420,422,424,478,481,484,508,1686,1688,1690,1692,1746,1749,1752,1776,
gold,22,529,530,531,532,549,550,551,552,1027,1028,1029,1030,1047,1048,1049,1050,1066,1067,1068,1069,
gold,22,
gold,23,533,534,535,536,553,554,555,556,1031,1032,1033,1034,1051,1052,1053,1054,1070,1071,1072,1073,
gold,23,
gold,24,572,573,574,575,592,593,594,595,1090,1091,1092,1093,1110,1111,1112,1113,1129,1130,1131,1132,
gold,24,
gold,25,607,608,609,610,627,628,629,630,1145,1146,1147,1148,1165,1166,1167,1168,1184,1185,1186,1187,
gold,25,
gold,26,611,612,613,614,631,632,633,634,1149,1150,1151,1152,1169,1170,1171,1172,1188,1189,1190,1191,
gold,26,
gold,27,685,686,687,688,705,706,707,708,1263,1264,1265,1266,1283,1284,1285,1286,1302,1303,1304,1305,
gold,27,
gold,28,689,690,691,692,709,710,711,712,1267,1268,1269,1270,1287,1288,1289,1290,1306,1307,1308,1309,
gold,28,
gold,29,724,725,726,727,744,745,746,747,1322,1323,1324,1325,1342,1343,1344,1345,1361,1362,1363,1364,
gold,29,
gold,30,728,729,730,731,748,749,750,751,1326,1327,1328,1329,1346,1347,1348,1349,1365,1366,1367,1368,
gold,30,
gold,31,810,811,812,813,830,831,832,833,1452,1453,1454,1455,1472,1473,1474,1475,1491,1492,1493,1494,
gold,31,
gold,32,814,815,816,817,834,835,836,837,1456,1457,1458,1459,1476,1477,1478,1479,1495,1496,1497,1498,
gold,32,
gold,33,849,850,851,852,869,870,871,872,1511,1512,1513,1514,1531,1532,1533,1534,1550,1551,1552,1553,
gold,33,
gold,34,853,854,855,856,873,874,875,876,1515,1516,1517,1518,1535,1536,1537,1538,1554,1555,1556,1557,
gold,34,
gold,35,888,889,890,891,908,909,910,911,1570,1571,1572,1573,1590,1591,1592,1593,1609,1610,1611,1612,
gold,35,
gold,36,892,893,894,895,912,913,914,915,1574,1575,1576,1577,1594,1595,1596,1597,1613,1614,1615,1616,
gold,36,
gold,37,740,741,742,743,759,760,761,762,1338,1339,1340,1341,1357,1358,1359,1360,1377,1378,1379,1380,
gold,37,
gold,38,818,819,820,821,838,839,840,841,1460,1461,1462,1463,1480,1481,1482,1483,1499,1500,1501,1502,
gold,38,
gold,39,857,858,859,860,877,878,879,880,1519,1520,1521,1522,1539,1540,1541,1542,1558,1559,1560,1561,
gold,39,
gold,40,865,866,867,868,884,885,886,887,1527,1528,1529,1530,1546,1547,1548,1549,1566,1567,1568,1569,
gold,40,
gold,41,896,897,898,899,916,917,918,919,1578,1579,1580,1581,1598,1599,1600,1601,1617,1618,1619,1620,
gold,41,
gold,42,904,905,906,907,923,924,925,926,1586,1587,1588,1589,1605,1606,1607,1608,1625,1626,1627,1628,
gold,42,
gold,43,693,694,695,696,713,714,715,716,1271,1272,1273,1274,1291,1292,1293,1294,1310,1311,1312,1313,
gold,43,
gold,44,615,616,617,618,635,636,637,638,1153,1154,1155,1156,1173,1174,1175,1176,1192,1193,1194,1195,
gold,44,
gold,45,576,577,578,579,596,597,598,599,1094,1095,1096,1097,1114,1115,1116,1117,1133,1134,1135,1136,
gold,45,
gold,46,584,585,586,587,603,604,605,606,1102,1103,1104,1105,1121,1122,1123,1124,1141,1142,1143,1144,
gold,46,
gold,47,537,538,539,540,557,558,559,560,1035,1036,1037,1038,1055,1056,1057,1058,1074,1075,1076,1077,
gold,47,
gold,48,545,546,547,548,564,565,566,567,1043,1044,1045,1046,1062,1063,1064,1065,1082,1083,1084,1085,
gold,48,
gold,49,
gold,49,485,1753,
gold,49,425,432,439,486,1693,1700,1707,1754,
gold,49,361,367,373,379,426,433,440,487,1629,1635,1641,1647,1694,1701,1708,1755,
gold,49,362,368,374,380,427,434,441,488,1630,1636,1642,1648,1695,1702,1709,1756,
gold,49,363,369,375,381,428,435,442,489,1631,1637,1643,1649,1696,1703,1710,1757,
gold,49,364,370,376,382,429,436,443,490,1632,1638,1644,1650,1697,1704,1711,1758,
gold,49,365,371,377,383,430,437,444,491,1633,1639,1645,1651,1698,1705,1712,1759,
gold,49,366,372,378,384,431,438,445,492,1634,1640,1646,1652,1699,1706,1713,1760,
gold,50,
gold,50,493,1761,
gold,50,446,454,462,494,1714,1722,1730,1762,
gold,50,385,392,399,406,447,455,463,495,1653,1660,1667,1674,1715,1723,1731,1763,
gold,50,386,393,400,407,448,456,464,496,1654,1661,1668,1675,1716,1724,1732,1764,
gold,50,387,394,401,408,449,457,465,497,1655,1662,1669,1676,1717,1725,1733,1765,
gold,50,388,395,402,409,450,458,466,498,1656,1663,1670,1677,1718,1726,1734,1766,
gold,50,389,396,403,410,451,459,467,499,1657,1664,1671,1678,1719,1727,1735,1767,
gold,50,390,397,404,411,452,460,468,500,1658,1665,1672,1679,1720,1728,1736,1768,
gold,50,391,398,405,412,453,461,469,501,1659,1666,1673,1680,1721,1729,1737,1769,
gold,51,1027,1028,1029,1030,1031,1032,1033,1034,1035,1036,1037,1038,1039,1040,1041,1042,1043,1044,1045,1046,
gold,51,529,530,531,532,533,534,535,536,537,538,539,540,541,542,543,544,545,546,547,548,927,929,931,933,935,1047,1048,1049,1050,1051,1052,1053,1054,1055,1056,1057,1058,1059,1060,1061,1062,1063,1064,1065,1777,1779,1781,1783,1785,
gold,51,549,550,551,552,553,554,555,556,557,558,559,560,561,562,563,564,565,566,567,928,930,932,934,936,1066,1067,1068,1069,1070,1071,1072,1073,1074,1075,1076,1077,1078,1079,1080,1081,1082,1083,1084,1085,1778,1780,1782,1784,1786,
gold,51,
gold,52,1145,1146,1147,1148,1149,1150,1151,1152,1153,1154,1155,1156,1157,1158,1159,1160,1161,1162,1163,1164,
gold,52,607,608,609,610,611,612,613,614,615,616,617,618,619,620,621,622,623,624,625,626,947,949,951,953,955,1165,1166,1167,1168,1169,1170,1171,1172,1173,1174,1175,1176,1177,1178,1179,1180,1181,1182,1183,1797,1799,1801,1803,1805,
gold,52,627,628,629,630,631,632,633,634,635,636,637,638,639,640,641,642,643,644,645,948,950,952,954,956,1184,1185,1186,1187,1188,1189,1190,1191,1192,1193,1194,1195,1196,1197,1198,1199,1200,1201,1202,1203,1798,1800,1802,1804,1806,
gold,52,
gold,53,724,728,732,736,740,744,748,752,756,759,1322,1326,1330,1334,1338,1342,1346,1350,1354,1357,1361,1365,1369,1373,1377,
gold,53,725,729,733,737,741,745,749,753,757,760,1323,1327,1331,1335,1339,1343,1347,1351,1355,1358,1362,1366,1370,1374,1378,
gold,53,519,520,726,730,734,738,742,746,750,754,761,977,978,979,980,981,982,983,984,985,986,1324,1328,1332,1336,1340,1344,1348,1352,1359,1363,1367,1371,1375,1379,1827,1828,1829,1830,1831,1832,1833,1834,1835,1836,
gold,53,727,731,735,739,743,747,751,755,758,762,1325,1329,1333,1337,1341,1345,1349,1353,1356,1360,1364,1368,1372,1376,1380,
gold,53,373,374,375,376,377,378,399,400,401,402,403,404,405,415,421,422,1641,1642,1643,1644,1645,1646,1667,1668,1669,1670,1671,1672,1673,1683,1689,1690,
gold,54,736,737,738,739,756,757,758,1334,1335,1336,1337,1354,1355,1356,1373,1374,1375,1376,
gold,54,
gold,55,541,542,543,544,561,562,563,1039,1040,1041,1042,1059,1060,1061,1078,1079,1080,1081,
gold,55,
gold,56,619,620,621,622,639,640,641,1157,1158,1159,1160,1177,1178,1179,1196,1197,1198,1199,
gold,56,
gold,57,580,581,582,583,600,601,602,1098,1099,1100,1101,1118,1119,1120,1137,1138,1139,1140,
gold,57,
gold,58,697,698,699,700,717,718,719,1275,1276,1277,1278,1295,1296,1297,1314,1315,1316,1317,
gold,58,
gold,59,822,823,824,825,842,843,844,1464,1465,1466,1467,1484,1485,1486,1503,1504,1505,1506,
gold,59,
red,60,732,733,734,735,752,753,754,755,1330,1331,1332,1333,1350,1351,1352,1353,1369,1370,1371,1372,
gold,60,
red,61,623,624,625,626,642,643,644,645,1161,1162,1163,1164,1180,1181,1182,1183,1200,1201,1202,1203,
gold,61,
red,62,568,569,570,571,588,589,590,591,1086,1087,1088,1089,1106,1107,1108,1109,1125,1126,1127,1128,
gold,62,
red,63,826,827,828,829,845,846,847,848,1468,1469,1470,1471,1487,1488,1489,1490,1507,1508,1509,1510,
gold,63,
red,64,701,702,703,704,720,721,722,723,1279,1280,1281,1282,1298,1299,1300,1301,1318,1319,1320,1321,
gold,64,
red,65,519,520,724,725,726,727,728,729,730,731,732,733,734,735,736,737,738,739,740,741,742,743,744,745,746,747,748,749,750,751,752,753,754,755,756,757,758,759,760,761,762,977,978,979,980,981,982,983,984,985,986,1322,1323,1324,1325,1326,1327,1328,1329,1330,1331,1332,1333,1334,1335,1336,1337,1338,1339,1340,1341,1342,1343,1344,1345,1346,1347,1348,1349,1350,1351,1352,1353,1354,1355,1356,1357,1358,1359,1360,1361,1362,1363,1364,1365,1366,1367,1368,1369,1370,1371,1372,1373,1374,1375,1376,1377,1378,1379,1380,1827,1828,1829,1830,1831,1832,1833,1834,1835,1836,
gold,65,
red,66,511,512,568,569,570,571,572,573,574,575,576,577,578,579,580,581,582,583,584,585,586,587,588,589,590,591,592,593,594,595,596,597,598,599,600,601,602,603,604,605,606,937,938,939,940,941,942,943,944,945,946,1086,1087,1088,1089,1090,1091,1092,1093,1094,1095,1096,1097,1098,1099,1100,1101,1102,1103,1104,1105,1106,1107,1108,1109,1110,1111,1112,1113,1114,1115,1116,1117,1118,1119,1120,1121,1122,1123,1124,1125,1126,1127,1128,1129,1130,1131,1132,1133,1134,1135,1136,1137,1138,1139,1140,1141,1142,1143,1144,1787,1788,1789,1790,1791,1792,1793,1794,1795,1796,
gold,66,
red,67,517,518,685,686,687,688,689,690,691,692,693,694,695,696,697,698,699,700,701,702,703,704,705,706,707,708,709,710,711,712,713,714,715,716,717,718,719,720,721,722,723,967,968,969,970,971,972,973,974,975,976,1263,1264,1265,1266,1267,1268,1269,1270,1271,1272,1273,1274,1275,1276,1277,1278,1279,1280,1281,1282,1283,1284,1285,1286,1287,1288,1289,1290,1291,1292,1293,1294,1295,1296,1297,1298,1299,1300,1301,1302,1303,1304,1305,1306,1307,1308,1309,1310,1311,1312,1313,1314,1315,1316,1317,1318,1319,1320,1321,1817,1818,1819,1820,1821,1822,1823,1824,1825,1826,
gold,67,
red,68,527,528,888,889,890,891,892,893,894,895,896,897,898,899,900,901,902,903,904,905,906,907,908,909,910,911,912,913,914,915,916,917,918,919,920,921,922,923,924,925,926,1017,1018,1019,1020,1021,1022,1023,1024,1025,1026,1570,1571,1572,1573,1574,1575,1576,1577,1578,1579,1580,1581,1582,1583,1584,1585,1586,1587,1588,1589,1590,1591,1592,1593,1594,1595,1596,1597,1598,1599,1600,1601,1602,1603,1604,1605,1606,1607,1608,1609,1610,1611,1612,1613,1614,1615,1616,1617,1618,1619,1620,1621,1622,1623,1624,1625,1626,1627,1628,1867,1868,1869,1870,1871,1872,1873,1874,1875,1876,
gold,68,
red,69,509,510,529,530,531,532,533,534,535,536,537,538,539,540,541,542,543,544,545,546,547,548,549,550,551,552,553,554,555,556,557,558,559,560,561,562,563,564,565,566,567,927,928,929,930,931,932,933,934,935,936,1027,1028,1029,1030,1031,1032,1033,1034,1035,1036,1037,1038,1039,1040,1041,1042,1043,1044,1045,1046,1047,1048,1049,1050,1051,1052,1053,1054,1055,1056,1057,1058,1059,1060,1061,1062,1063,1064,1065,1066,1067,1068,1069,1070,1071,1072,1073,1074,1075,1076,1077,1078,1079,1080,1081,1082,1083,1084,1085,1777,1778,1779,1780,1781,1782,1783,1784,1785,1786,
gold,69,
red,70,513,514,607,608,609,610,611,612,613,614,615,616,617,618,619,620,621,622,623,624,625,626,627,628,629,630,631,632,633,634,635,636,637,638,639,640,641,642,643,644,645,947,948,949,950,951,952,953,954,955,956,1145,1146,1147,1148,1149,1150,1151,1152,1153,1154,1155,1156,1157,1158,1159,1160,1161,1162,1163,1164,1165,1166,1167,1168,1169,1170,1171,1172,1173,1174,1175,1176,1177,1178,1179,1180,1181,1182,1183,1184,1185,1186,1187,1188,1189,1190,1191,1192,1193,1194,1195,1196,1197,1198,1199,1200,1201,1202,1203,1797,1798,1799,1800,1801,1802,1803,1804,1805,1806,
gold,70,
red,71,525,526,849,850,851,852,853,854,855,856,857,858,859,860,861,862,863,864,865,866,867,868,869,870,871,872,873,874,875,876,877,878,879,880,881,882,883,884,885,886,887,1007,1008,1009,1010,1011,1012,1013,1014,1015,1016,1511,1512,1513,1514,1515,1516,1517,1518,1519,1520,1521,1522,1523,1524,1525,1526,1527,1528,1529,1530,1531,1532,1533,1534,1535,1536,1537,1538,1539,1540,1541,1542,1543,1544,1545,1546,1547,1548,1549,1550,1551,1552,1553,1554,1555,1556,1557,1558,1559,1560,1561,1562,1563,1564,1565,1566,1567,1568,1569,1857,1858,1859,1860,1861,1862,1863,1864,1865,1866,
gold,71,
red,72,523,524,810,811,812,813,814,815,816,817,818,819,820,821,822,823,824,825,826,827,828,829,830,831,832,833,834,835,836,837,838,839,840,841,842,843,844,845,846,847,848,997,998,999,1000,1001,1002,1003,1004,1005,1006,1452,1453,1454,1455,1456,1457,1458,1459,1460,1461,1462,1463,1464,1465,1466,1467,1468,1469,1470,1471,1472,1473,1474,1475,1476,1477,1478,1479,1480,1481,1482,1483,1484,1485,1486,1487,1488,1489,1490,1491,1492,1493,1494,1495,1496,1497,1498,1499,1500,1501,1502,1503,1504,1505,1506,1507,1508,1509,1510,1847,1848,1849,1850,1851,1852,1853,1854,1855,1856,
gold,72,
gold,73,1322,1323,1324,1325,1326,1327,1328,1329,1330,1331,1332,1333,1334,1335,1336,1337,1338,1339,1340,1341,
gold,73,724,725,726,727,728,729,730,731,732,733,734,735,736,737,738,739,740,741,742,743,977,979,981,983,985,1342,1343,1344,1345,1346,1347,1348,1349,1350,1351,1352,1353,1354,1355,1356,1357,1358,1359,1360,1827,1829,1831,1833,1835,
red,73,744,745,746,747,748,749,750,751,752,753,754,755,756,757,758,759,760,761,762,978,980,982,984,986,1361,1362,1363,1364,1365,1366,1367,1368,1369,1370,1371,1372,1373,1374,1375,1376,1377,1378,1379,1380,1828,1830,1832,1834,1836,
gold,73,
gold,74,529,533,537,541,545,549,553,557,561,564,1027,1031,1035,1039,1043,1047,1051,1055,1059,1062,1066,1070,1074,1078,1082,
red,74,530,534,538,542,546,550,554,558,562,565,1028,1032,1036,1040,1044,1048,1052,1056,1060,1063,1067,1071,1075,1079,1083,
gold,74,509,510,531,535,539,543,547,551,555,559,566,927,928,929,930,931,932,933,934,935,936,1029,1033,1037,1041,1045,1049,1053,1057,1064,1068,1072,1076,1080,1084,1777,1778,1779,1780,1781,1782,1783,1784,1785,1786,
gold,74,532,536,540,544,548,552,556,560,563,567,1030,1034,1038,1042,1046,1050,1054,1058,1061,1065,1069,1073,1077,1081,1085,
gold,74,425,426,427,428,429,430,431,446,447,448,449,450,451,452,453,470,471,476,477,478,1693,1694,1695,1696,1697,1698,1699,1714,1715,1716,1717,1718,1719,1720,1721,1738,1739,1744,1745,1746,
gold,75,607,611,615,619,623,627,631,635,639,642,1145,1149,1153,1157,1161,1165,1169,1173,1177,1180,1184,1188,1192,1196,1200,
gold,75,608,612,616,620,624,628,632,636,640,643,1146,1150,1154,1158,1162,1166,1170,1174,1178,1181,1185,1189,1193,1197,1201,
gold,75,513,514,609,613,617,621,625,629,633,637,644,947,948,949,950,951,952,953,954,955,956,1147,1151,1155,1159,1163,1167,1171,1175,1182,1186,1190,1194,1198,1202,1797,1798,1799,1800,1801,1802,1803,1804,1805,1806,
red,75,610,614,618,622,626,630,634,638,641,645,1148,1152,1156,1160,1164,1168,1172,1176,1179,1183,1187,1191,1195,1199,1203,
gold,75,432,433,434,435,436,437,438,454,455,456,457,458,459,460,461,472,473,479,480,481,1700,1701,1702,1703,1704,1705,1706,1722,1723,1724,1725,1726,1727,1728,1729,1740,1741,1747,1748,1749,
gold,76,1086,1087,1088,1089,1090,1091,1092,1093,1094,1095,1096,1097,1098,1099,1100,1101,1102,1103,1104,1105,
gold,76,568,569,570,571,572,573,574,575,576,577,578,579,580,581,582,583,584,585,586,587,937,939,941,943,945,1106,1107,1108,1109,1110,1111,1112,1113,1114,1115,1116,1117,1118,1119,1120,1121,1122,1123,1124,1787,1789,1791,1793,1795,
red,76,588,589,590,591,592,593,594,595,596,597,598,599,600,601,602,603,604,605,606,938,940,942,944,946,1125,1126,1127,1128,1129,1130,1131,1132,1133,1134,1135,1136,1137,1138,1139,1140,1141,1142,1143,1144,1788,1790,1792,1794,1796,
gold,76,
gold,77,568,572,576,580,584,588,592,596,600,603,1086,1090,1094,1098,1102,1106,1110,1114,1118,1121,1125,1129,1133,1137,1141,
gold,77,569,573,577,581,585,589,593,597,601,604,1087,1091,1095,1099,1103,1107,1111,1115,1119,1122,1126,1130,1134,1138,1142,
gold,77,511,512,570,574,578,582,586,590,594,598,605,937,938,939,940,941,942,943,944,945,946,1088,1092,1096,1100,1104,1108,1112,1116,1123,1127,1131,1135,1139,1143,1787,1788,1789,1790,1791,1792,1793,1794,1795,1796,
red,77,571,575,579,583,587,591,595,599,602,606,1089,1093,1097,1101,1105,1109,1113,1117,1120,1124,1128,1132,1136,1140,1144,
gold,77,361,362,363,364,365,366,385,386,387,388,389,390,391,413,417,418,1629,1630,1631,1632,1633,1634,1653,1654,1655,1656,1657,1658,1659,1681,1685,1686,
gold,78,1263,1264,1265,1266,1267,1268,1269,1270,1271,1272,1273,1274,1275,1276,1277,1278,1279,1280,1281,1282,
red,78,685,686,687,688,689,690,691,692,693,694,695,696,697,698,699,700,701,702,703,704,967,969,971,973,975,1283,1284,1285,1286,1287,1288,1289,1290,1291,1292,1293,1294,1295,1296,1297,1298,1299,1300,1301,1817,1819,1821,1823,1825,
gold,78,705,706,707,708,709,710,711,712,713,714,715,716,717,718,719,720,721,722,723,968,970,972,974,976,1302,1303,1304,1305,1306,1307,1308,1309,1310,1311,1312,1313,1314,1315,1316,1317,1318,1319,1320,1321,1818,1820,1822,1824,1826,
gold,78,
gold,79,685,689,693,697,701,705,709,713,717,720,1263,1267,1271,1275,1279,1283,1287,1291,1295,1298,1302,1306,1310,1314,1318,
red,79,686,690,694,698,702,706,710,714,718,721,1264,1268,1272,1276,1280,1284,1288,1292,1296,1299,1303,1307,1311,1315,1319,
gold,79,517,518,687,691,695,699,703,707,711,715,722,967,968,969,970,971,972,973,974,975,976,1265,1269,1273,1277,1281,1285,1289,1293,1300,1304,1308,1312,1316,1320,1817,1818,1819,1820,1821,1822,1823,1824,1825,1826,
gold,79,688,692,696,700,704,708,712,716,719,723,1266,1270,1274,1278,1282,1286,1290,1294,1297,1301,1305,1309,1313,1317,1321,
gold,79,367,368,369,370,371,372,392,393,394,395,396,397,398,414,419,420,1635,1636,1637,1638,1639,1640,1660,1661,1662,1663,1664,1665,1666,1682,1687,1688,
gold,80,810,814,818,822,826,830,834,838,842,845,1452,1456,1460,1464,1468,1472,1476,1480,1484,1487,1491,1495,1499,1503,1507,
red,80,811,815,819,823,827,831,835,839,843,846,1453,1457,1461,1465,1469,1473,1477,1481,1485,1488,1492,1496,1500,1504,1508,
gold,80,523,524,812,816,820,824,828,832,836,840,847,997,998,999,1000,1001,1002,1003,1004,1005,1006,1454,1458,1462,1466,1470,1474,1478,1482,1489,1493,1497,1501,1505,1509,1847,1848,1849,1850,1851,1852,1853,1854,1855,1856,
gold,80,813,817,821,825,829,833,837,841,844,848,1455,1459,1463,1467,1471,1475,1479,1483,1486,1490,1494,1498,1502,1506,1510,
gold,80,485,486,487,488,489,490,491,492,493,494,495,496,497,498,499,500,501,502,503,504,505,506,507,508,1753,1754,1755,1756,1757,1758,1759,1760,1761,1762,1763,1764,1765,1766,1767,1768,1769,1770,1771,1772,1773,1774,1775,1776,
gold,81,1452,1453,1454,1455,1456,1457,1458,1459,1460,1461,1462,1463,1464,1465,1466,1467,1468,1469,1470,1471,
gold,81,810,811,812,813,814,815,816,817,818,819,820,821,822,823,824,825,826,827,828,829,997,999,1001,1003,1005,1472,1473,1474,1475,1476,1477,1478,1479,1480,1481,1482,1483,1484,1485,1486,1487,1488,1489,1490,1847,1849,1851,1853,1855,
red,81,830,831,832,833,834,835,836,837,838,839,840,841,842,843,844,845,846,847,848,998,1000,1002,1004,1006,1491,1492,1493,1494,1495,1496,1497,1498,1499,1500,1501,1502,1503,1504,1505,1506,1507,1508,1509,1510,1848,1850,1852,1854,1856,
gold,81,
gold,82,1570,1571,1572,1573,1574,1575,1576,1577,1578,1579,1580,1581,1582,1583,1584,1585,1586,1587,1588,1589,
gold,82,888,889,890,891,892,893,894,895,896,897,898,899,900,901,902,903,904,905,906,907,1017,1019,1021,1023,1025,1590,1591,1592,1593,1594,1595,1596,1597,1598,1599,1600,1601,1602,1603,1604,1605,1606,1607,1608,1867,1869,1871,1873,1875,
red,82,908,909,910,911,912,913,914,915,916,917,918,919,920,921,922,923,924,925,926,1018,1020,1022,1024,1026,1609,1610,1611,1612,1613,1614,1615,1616,1617,1618,1619,1620,1621,1622,1623,1624,1625,1626,1627,1628,1868,1870,1872,1874,1876,
gold,82,
gold,83,888,892,896,900,904,908,912,916,920,923,1570,1574,1578,1582,1586,1590,1594,1598,1602,1605,1609,1613,1617,1621,1625,
gold,83,889,893,897,901,905,909,913,917,921,924,1571,1575,1579,1583,1587,1591,1595,1599,1603,1606,1610,1614,1618,1622,1626,
gold,83,527,528,890,894,898,902,906,910,914,918,925,1017,1018,1019,1020,1021,1022,1023,1024,1025,1026,1572,1576,1580,1584,1588,1592,1596,1600,1607,1611,1615,1619,1623,1627,1867,1868,1869,1870,1871,1872,1873,1874,1875,1876,
red,83,891,895,899,903,907,911,915,919,922,926,1573,1577,1581,1585,1589,1593,1597,1601,1604,1608,1612,1616,1620,1624,1628,
gold,83,379,380,381,382,383,384,406,407,408,409,410,411,412,416,423,424,1647,1648,1649,1650,1651,1652,1674,1675,1676,1677,1678,1679,1680,1684,1691,1692,
red,84,900,901,902,903,920,921,922,1582,1583,1584,1585,1602,1603,1604,1621,1622,1623,1624,
gold,84,
gold,85,849,853,857,861,865,869,873,877,881,884,1511,1515,1519,1523,1527,1531,1535,1539,1543,1546,1550,1554,1558,1562,1566,
gold,85,850,854,858,862,866,870,874,878,882,885,1512,1516,1520,1524,1528,1532,1536,1540,1544,1547,1551,1555,1559,1563,1567,
gold,85,525,526,851,855,859,863,867,871,875,879,886,1007,1008,1009,1010,1011,1012,1013,1014,1015,1016,1513,1517,1521,1525,1529,1533,1537,1541,1548,1552,1556,1560,1564,1568,1857,1858,1859,1860,1861,1862,1863,1864,1865,1866,
red,85,852,856,860,864,868,872,876,880,883,887,1514,1518,1522,1526,1530,1534,1538,1542,1545,1549,1553,1557,1561,1565,1569,
gold,85,439,440,441,442,443,444,445,462,463,464,465,466,467,468,469,474,475,482,483,484,1707,1708,1709,1710,1711,1712,1713,1730,1731,1732,1733,1734,1735,1736,1737,1742,1743,1750,1751,1752,
gold,86,1511,1512,1513,1514,1515,1516,1517,1518,1519,1520,1521,1522,1523,1524,1525,1526,1527,1528,1529,1530,
red,86,849,850,851,852,853,854,855,856,857,858,859,860,861,862,863,864,865,866,867,868,1007,1009,1011,1013,1015,1531,1532,1533,1534,1535,1536,1537,1538,1539,1540,1541,1542,1543,1544,1545,1546,1547,1548,1549,1857,1859,1861,1863,1865,
gold,86,869,870,871,872,873,874,875,876,877,878,879,880,881,882,883,884,885,886,887,1008,1010,1012,1014,1016,1550,1551,1552,1553,1554,1555,1556,1557,1558,1559,1560,1561,1562,1563,1564,1565,1566,1567,1568,1569,1858,1860,1862,1864,1866,
gold,86,
red,87,861,862,863,864,881,882,883,1523,1524,1525,1526,1543,1544,1545,1562,1563,1564,1565,
gold,87,
red,88,
gold,88,
gold,88,
gold,89,
red,89,
gold,89,
gold,90,
red,90,
gold,90,
gold,91,
red,91,
gold,91,
gold,92,
red,92,
gold,92,
gold,93,
red,93,
gold,93,
gold,94,
red,94,
gold,94,
lightskyblue,263,207,245,292,297,347,
lightskyblue,263,208,245,292,297,347,
lightskyblue,263,209,245,292,297,347,
lightskyblue,263,210,245,292,297,347,
lightskyblue,263,211,245,292,297,347,
lightskyblue,263,212,245,292,297,347,
lightskyblue,265,207,247,301,306,341,
lightskyblue,265,208,247,301,306,341,
lightskyblue,265,209,247,301,306,341,
lightskyblue,265,210,247,301,306,341,
lightskyblue,265,211,247,301,306,341,
lightskyblue,265,212,247,301,306,341,
lightskyblue,261,207,239,278,236,359,
lightskyblue,261,208,239,278,236,359,
lightskyblue,261,209,239,278,236,359,
lightskyblue,261,210,239,278,236,359,
lightskyblue,261,211,239,278,236,359,
lightskyblue,261,212,239,278,236,359,
lightskyblue,267,207,327,319,324,353,
lightskyblue,267,208,327,319,324,353,
lightskyblue,267,209,327,319,324,353,
lightskyblue,267,210,327,319,324,353,
lightskyblue,267,211,327,319,324,353,
lightskyblue,267,212,327,319,324,353,
lightskyblue,263,216,245,291,297,347,
lightskyblue,263,217,245,291,297,347,
lightskyblue,263,218,245,291,297,347,
lightskyblue,263,219,245,291,297,347,
lightskyblue,263,220,245,291,297,347,
lightskyblue,263,221,245,291,297,347,
lightskyblue,263,222,245,291,297,347,
lightskyblue,265,216,247,300,306,341,
lightskyblue,265,217,247,300,306,341,
lightskyblue,265,218,247,300,306,341,
lightskyblue,265,219,247,300,306,341,
lightskyblue,265,220,247,300,306,341,
lightskyblue,265,221,247,300,306,341,
lightskyblue,265,222,247,300,306,341,
lightskyblue,261,216,239,277,236,359,
lightskyblue,261,217,239,277,236,359,
lightskyblue,261,218,239,277,236,359,
lightskyblue,261,219,239,277,236,359,
lightskyblue,261,220,239,277,236,359,
lightskyblue,261,221,239,277,236,359,
lightskyblue,261,222,239,277,236,359,
lightskyblue,267,216,327,318,324,353,
lightskyblue,267,217,327,318,324,353,
lightskyblue,267,218,327,318,324,353,
lightskyblue,267,219,327,318,324,353,
lightskyblue,267,220,327,318,324,353,
lightskyblue,267,221,327,318,324,353,
lightskyblue,267,222,327,318,324,353,
lightskyblue,263,144,245,291,297,347,
lightskyblue,265,144,247,300,306,341,
lightskyblue,261,144,239,277,236,359,
lightskyblue,267,144,327,318,324,353,
lightskyblue,263,148,245,291,297,346,
lightskyblue,263,149,245,291,297,346,
lightskyblue,265,148,247,300,306,340,
lightskyblue,265,149,247,300,306,340,
lightskyblue,261,148,239,277,236,358,
lightskyblue,261,149,239,277,236,358,
lightskyblue,267,148,327,318,324,352,
lightskyblue,267,149,327,318,324,352,
lightskyblue,269,207,241,227,283,350,
lightskyblue,269,208,241,227,283,350,
lightskyblue,269,209,241,227,283,350,
lightskyblue,269,210,241,227,283,350,
lightskyblue,269,211,241,227,283,350,
lightskyblue,269,212,241,227,283,350,
lightskyblue,269,213,241,227,283,350,
lightskyblue,271,207,243,231,288,344,
lightskyblue,271,208,243,231,288,344,
lightskyblue,271,209,243,231,288,344,
lightskyblue,271,210,243,231,288,344,
lightskyblue,271,211,243,231,288,344,
lightskyblue,271,212,243,231,288,344,
lightskyblue,271,213,243,231,288,344,
lightskyblue,273,207,338,335,331,356,
lightskyblue,273,208,338,335,331,356,
lightskyblue,273,209,338,335,331,356,
lightskyblue,273,210,338,335,331,356,
lightskyblue,273,211,338,335,331,356,
lightskyblue,273,212,338,335,331,356,
lightskyblue,273,213,338,335,331,356,
lightskyblue,269,216,241,226,283,350,
lightskyblue,269,217,241,226,283,350,
lightskyblue,269,218,241,226,283,350,
lightskyblue,269,219,241,226,283,350,
lightskyblue,269,220,241,226,283,350,
lightskyblue,269,221,241,226,283,350,
lightskyblue,269,222,241,226,283,350,
lightskyblue,269,223,241,226,283,350,
lightskyblue,271,216,243,230,288,344,
lightskyblue,271,217,243,230,288,344,
lightskyblue,271,218,243,230,288,344,
lightskyblue,271,219,243,230,288,344,
lightskyblue,271,220,243,230,288,344,
lightskyblue,271,221,243,230,288,344,
lightskyblue,271,222,243,230,288,344,
lightskyblue,271,223,243,230,288,344,
lightskyblue,273,216,338,334,331,356,
lightskyblue,273,217,338,334,331,356,
lightskyblue,273,218,338,334,331,356,
lightskyblue,273,219,338,334,331,356,
lightskyblue,273,220,338,334,331,356,
lightskyblue,273,221,338,334,331,356,
lightskyblue,273,222,338,334,331,356,
lightskyblue,273,223,338,334,331,356,
lightskyblue,269,144,241,226,283,350,
lightskyblue,269,145,241,226,283,350,
lightskyblue,271,144,243,230,288,344,
lightskyblue,271,145,243,230,288,344,
lightskyblue,273,144,338,334,331,356,
lightskyblue,273,145,338,334,331,356,
lightskyblue,269,148,241,226,283,349,
lightskyblue,269,149,241,226,283,349,
lightskyblue,269,150,241,226,283,349,
lightskyblue,271,148,243,230,288,343,
lightskyblue,271,149,243,230,288,343,
lightskyblue,271,150,243,230,288,343,
lightskyblue,273,148,338,334,331,355,
lightskyblue,273,149,338,334,331,355,
lightskyblue,273,150,338,334,331,355,
lightskyblue,275,207,249,315,311,
lightskyblue,275,208,249,315,311,
lightskyblue,275,209,249,315,311,
lightskyblue,275,210,249,315,311,
lightskyblue,275,211,249,315,311,
lightskyblue,275,212,249,315,311,
lightskyblue,275,213,249,315,311,
lightskyblue,275,214,249,315,311,
lightskyblue,275,216,249,314,311,
lightskyblue,275,217,249,314,311,
lightskyblue,275,218,249,314,311,
lightskyblue,275,219,249,314,311,
lightskyblue,275,220,249,314,311,
lightskyblue,275,221,249,314,311,
lightskyblue,275,222,249,314,311,
lightskyblue,275,223,249,314,311,
lightskyblue,275,224,249,314,311,
lightskyblue,275,144,249,314,311,
lightskyblue,275,145,249,314,311,
lightskyblue,275,146,249,314,311,
lightskyblue,275,148,249,314,311,
lightskyblue,275,149,249,314,311,
lightskyblue,275,150,249,314,311,
lightskyblue,275,151,249,314,311,
lightskyblue,203,242,282,
lightskyblue,242,205,282,
lightskyblue,199,246,296,
lightskyblue,246,201,296,
lightskyblue,197,244,287,
lightskyblue,244,253,287,
lightskyblue,116,121,128,
lightskyblue,121,118,128,
lightskyblue,195,248,305,
lightskyblue,248,259,305,
lightskyblue,251,240,235,
lightskyblue,240,183,235,
lightskyblue,112,111,107,
lightskyblue,111,101,107,
lightskyblue,185,250,310,
lightskyblue,250,257,310,
lightskyblue,187,339,330,
lightskyblue,339,189,330,
lightskyblue,191,328,323,
lightskyblue,328,193,323,
lightskyblue,154,241,228,283,
lightskyblue,154,241,228,283,
lightskyblue,154,241,228,
lightskyblue,154,241,228,281,
lightskyblue,156,241,228,283,
lightskyblue,156,241,228,283,
lightskyblue,156,241,228,
lightskyblue,156,241,228,281,
lightskyblue,204,241,228,283,
lightskyblue,204,241,228,283,
lightskyblue,204,241,228,
lightskyblue,204,241,228,281,
lightskyblue,228,283,
lightskyblue,228,283,
lightskyblue,228,
lightskyblue,228,281,
lightskyblue,241,206,228,283,
lightskyblue,241,206,228,283,
lightskyblue,241,206,228,
lightskyblue,241,206,228,281,
lightskyblue,154,241,283,
lightskyblue,154,241,283,
lightskyblue,154,241,
lightskyblue,154,241,281,
lightskyblue,156,241,283,
lightskyblue,156,241,283,
lightskyblue,156,241,
lightskyblue,156,241,281,
lightskyblue,204,241,283,
lightskyblue,204,241,283,
lightskyblue,204,241,
lightskyblue,204,241,281,
lightskyblue,283,
lightskyblue,283,
lightskyblue,281,
lightskyblue,241,206,283,
lightskyblue,241,206,283,
lightskyblue,241,206,
lightskyblue,241,206,281,
lightskyblue,256,245,293,297,
lightskyblue,256,245,293,297,
lightskyblue,256,245,293,
lightskyblue,256,245,293,295,
lightskyblue,158,245,293,297,
lightskyblue,158,245,293,297,
lightskyblue,158,245,293,
lightskyblue,158,245,293,295,
lightskyblue,200,245,293,297,
lightskyblue,200,245,293,297,
lightskyblue,200,245,293,
lightskyblue,200,245,293,295,
lightskyblue,293,297,
lightskyblue,293,297,
lightskyblue,293,
lightskyblue,293,295,
lightskyblue,245,202,293,297,
lightskyblue,245,202,293,297,
lightskyblue,245,202,293,
lightskyblue,245,202,293,295,
lightskyblue,256,245,297,
lightskyblue,256,245,297,
lightskyblue,256,245,
lightskyblue,256,245,295,
lightskyblue,158,245,297,
lightskyblue,158,245,297,
lightskyblue,158,245,
lightskyblue,158,245,295,
lightskyblue,200,245,297,
lightskyblue,200,245,297,
lightskyblue,200,245,
lightskyblue,200,245,295,
lightskyblue,297,
lightskyblue,297,
lightskyblue,295,
lightskyblue,245,202,297,
lightskyblue,245,202,297,
lightskyblue,245,202,
lightskyblue,245,202,295,
lightskyblue,160,243,232,288,
lightskyblue,160,243,232,288,
lightskyblue,160,243,232,
lightskyblue,160,243,232,286,
lightskyblue,162,243,232,288,
lightskyblue,162,243,232,288,
lightskyblue,162,243,232,
lightskyblue,162,243,232,286,
lightskyblue,198,243,232,288,
lightskyblue,198,243,232,288,
lightskyblue,198,243,232,
lightskyblue,198,243,232,286,
lightskyblue,232,288,
lightskyblue,232,288,
lightskyblue,232,
lightskyblue,232,286,
lightskyblue,243,254,232,288,
lightskyblue,243,254,232,288,
lightskyblue,243,254,232,
lightskyblue,243,254,232,286,
lightskyblue,160,243,288,
lightskyblue,160,243,288,
lightskyblue,160,243,
lightskyblue,160,243,286,
lightskyblue,162,243,288,
lightskyblue,162,243,288,
lightskyblue,162,243,
lightskyblue,162,243,286,
lightskyblue,198,243,288,
lightskyblue,198,243,288,
lightskyblue,198,243,
lightskyblue,198,243,286,
lightskyblue,288,
lightskyblue,288,
lightskyblue,286,
lightskyblue,243,254,288,
lightskyblue,243,254,288,
lightskyblue,243,254,
lightskyblue,243,254,286,
lightskyblue,115,120,126,129,
lightskyblue,115,120,126,129,
lightskyblue,115,120,126,
lightskyblue,115,120,126,127,
lightskyblue,123,120,126,129,
lightskyblue,123,120,126,129,
lightskyblue,123,120,126,
lightskyblue,123,120,126,127,
lightskyblue,117,120,126,129,
lightskyblue,117,120,126,129,
lightskyblue,117,120,126,
lightskyblue,117,120,126,127,
lightskyblue,126,129,
lightskyblue,126,129,
lightskyblue,126,
lightskyblue,126,127,
lightskyblue,120,119,126,129,
lightskyblue,120,119,126,129,
lightskyblue,120,119,126,
lightskyblue,120,119,126,127,
lightskyblue,115,120,129,
lightskyblue,115,120,129,
lightskyblue,115,120,
lightskyblue,115,120,127,
lightskyblue,123,120,129,
lightskyblue,123,120,129,
lightskyblue,123,120,
lightskyblue,123,120,127,
lightskyblue,117,120,129,
lightskyblue,117,120,129,
lightskyblue,117,120,
lightskyblue,117,120,127,
lightskyblue,129,
lightskyblue,129,
lightskyblue,127,
lightskyblue,120,119,129,
lightskyblue,120,119,129,
lightskyblue,120,119,
lightskyblue,120,119,127,
lightskyblue,164,247,302,306,
lightskyblue,164,247,302,306,
lightskyblue,164,247,302,
lightskyblue,164,247,302,304,
lightskyblue,166,247,302,306,
lightskyblue,166,247,302,306,
lightskyblue,166,247,302,
lightskyblue,166,247,302,304,
lightskyblue,196,247,302,306,
lightskyblue,196,247,302,306,
lightskyblue,196,247,302,
lightskyblue,196,247,302,304,
lightskyblue,302,306,
lightskyblue,302,306,
lightskyblue,302,
lightskyblue,302,304,
lightskyblue,247,260,302,306,
lightskyblue,247,260,302,306,
lightskyblue,247,260,302,
lightskyblue,247,260,302,304,
lightskyblue,164,247,306,
lightskyblue,164,247,306,
lightskyblue,164,247,
lightskyblue,164,247,304,
lightskyblue,166,247,306,
lightskyblue,166,247,306,
lightskyblue,166,247,
lightskyblue,166,247,304,
lightskyblue,196,247,306,
lightskyblue,196,247,306,
lightskyblue,196,247,
lightskyblue,196,247,304,
lightskyblue,306,
lightskyblue,306,
lightskyblue,304,
lightskyblue,247,260,306,
lightskyblue,247,260,306,
lightskyblue,247,260,
lightskyblue,247,260,304,
lightskyblue,168,239,279,236,
lightskyblue,168,239,279,236,
lightskyblue,168,239,279,
lightskyblue,168,239,279,234,
lightskyblue,170,239,279,236,
lightskyblue,170,239,279,236,
lightskyblue,170,239,279,
lightskyblue,170,239,279,234,
lightskyblue,252,239,279,236,
lightskyblue,252,239,279,236,
lightskyblue,252,239,279,
lightskyblue,252,239,279,234,
lightskyblue,279,236,
lightskyblue,279,236,
lightskyblue,279,
lightskyblue,279,234,
lightskyblue,239,184,279,236,
lightskyblue,239,184,279,236,
lightskyblue,239,184,279,
lightskyblue,239,184,279,234,
lightskyblue,168,239,236,
lightskyblue,168,239,236,
lightskyblue,168,239,
lightskyblue,168,239,234,
lightskyblue,170,239,236,
lightskyblue,170,239,236,
lightskyblue,170,239,
lightskyblue,170,239,234,
lightskyblue,252,239,236,
lightskyblue,252,239,236,
lightskyblue,252,239,
lightskyblue,252,239,234,
lightskyblue,236,
lightskyblue,236,
lightskyblue,234,
lightskyblue,239,184,236,
lightskyblue,239,184,236,
lightskyblue,239,184,
lightskyblue,239,184,234,
lightskyblue,98,110,105,108,
lightskyblue,98,110,105,108,
lightskyblue,98,110,105,
lightskyblue,98,110,105,106,
lightskyblue,100,110,105,108,
lightskyblue,100,110,105,108,
lightskyblue,100,110,105,
lightskyblue,100,110,105,106,
lightskyblue,113,110,105,108,
lightskyblue,113,110,105,108,
lightskyblue,113,110,105,
lightskyblue,113,110,105,106,
lightskyblue,96,110,105,108,
lightskyblue,96,110,105,108,
lightskyblue,96,110,105,
lightskyblue,96,110,105,106,
lightskyblue,105,108,
lightskyblue,105,108,
lightskyblue,105,
lightskyblue,105,106,
lightskyblue,110,102,105,108,
lightskyblue,110,102,105,108,
lightskyblue,110,102,105,
lightskyblue,110,102,105,106,
lightskyblue,98,110,108,
lightskyblue,98,110,108,
lightskyblue,98,110,
lightskyblue,98,110,106,
lightskyblue,100,110,108,
lightskyblue,100,110,108,
lightskyblue,100,110,
lightskyblue,100,110,106,
lightskyblue,113,110,108,
lightskyblue,113,110,108,
lightskyblue,113,110,
lightskyblue,113,110,106,
lightskyblue,96,110,108,
lightskyblue,96,110,108,
lightskyblue,96,110,
lightskyblue,96,110,106,
lightskyblue,108,
lightskyblue,108,
lightskyblue,106,
lightskyblue,110,102,108,
lightskyblue,110,102,108,
lightskyblue,110,102,
lightskyblue,110,102,106,
lightskyblue,172,249,316,311,
lightskyblue,172,249,316,311,
lightskyblue,172,249,316,
lightskyblue,172,249,316,309,
lightskyblue,174,249,316,311,
lightskyblue,174,249,316,311,
lightskyblue,174,249,316,
lightskyblue,174,249,316,309,
lightskyblue,186,249,316,311,
lightskyblue,186,249,316,311,
lightskyblue,186,249,316,
lightskyblue,186,249,316,309,
lightskyblue,316,311,
lightskyblue,316,311,
lightskyblue,316,
lightskyblue,316,309,
lightskyblue,249,258,316,311,
lightskyblue,249,258,316,311,
lightskyblue,249,258,316,
lightskyblue,249,258,316,309,
lightskyblue,172,249,311,
lightskyblue,172,249,311,
lightskyblue,172,249,
lightskyblue,172,249,309,
lightskyblue,174,249,311,
lightskyblue,174,249,311,
lightskyblue,174,249,
lightskyblue,174,249,309,
lightskyblue,186,249,311,
lightskyblue,186,249,311,
lightskyblue,186,249,
lightskyblue,186,249,309,
lightskyblue,311,
lightskyblue,311,
lightskyblue,309,
lightskyblue,249,258,311,
lightskyblue,249,258,311,
lightskyblue,249,258,
lightskyblue,249,258,309,
lightskyblue,176,338,336,331,
lightskyblue,176,338,336,331,
lightskyblue,176,338,336,
lightskyblue,176,338,336,329,
lightskyblue,178,338,336,331,
lightskyblue,178,338,336,331,
lightskyblue,178,338,336,
lightskyblue,178,338,336,329,
lightskyblue,188,338,336,331,
lightskyblue,188,338,336,331,
lightskyblue,188,338,336,
lightskyblue,188,338,336,329,
lightskyblue,336,331,
lightskyblue,336,331,
lightskyblue,336,
lightskyblue,336,329,
lightskyblue,338,190,336,331,
lightskyblue,338,190,336,331,
lightskyblue,338,190,336,
lightskyblue,338,190,336,329,
lightskyblue,176,338,331,
lightskyblue,176,338,331,
lightskyblue,176,338,
lightskyblue,176,338,329,
lightskyblue,178,338,331,
lightskyblue,178,338,331,
lightskyblue,178,338,
lightskyblue,178,338,329,
lightskyblue,188,338,331,
lightskyblue,188,338,331,
lightskyblue,188,338,
lightskyblue,188,338,329,
lightskyblue,331,
lightskyblue,331,
lightskyblue,329,
lightskyblue,338,190,331,
lightskyblue,338,190,331,
lightskyblue,338,190,
lightskyblue,338,190,329,
lightskyblue,180,327,320,324,
lightskyblue,180,327,320,324,
lightskyblue,180,327,320,
lightskyblue,180,327,320,322,
lightskyblue,182,327,320,324,
lightskyblue,182,327,320,324,
lightskyblue,182,327,320,
lightskyblue,182,327,320,322,
lightskyblue,192,327,320,324,
lightskyblue,192,327,320,324,
lightskyblue,192,327,320,
lightskyblue,192,327,320,322,
lightskyblue,320,324,
lightskyblue,320,324,
lightskyblue,320,
lightskyblue,320,322,
lightskyblue,327,194,320,324,
lightskyblue,327,194,320,324,
lightskyblue,327,194,320,
lightskyblue,327,194,320,322,
lightskyblue,180,327,324,
lightskyblue,180,327,324,
lightskyblue,180,327,
lightskyblue,180,327,322,
lightskyblue,182,327,324,
lightskyblue,182,327,324,
lightskyblue,182,327,
lightskyblue,182,327,322,
lightskyblue,192,327,324,
lightskyblue,192,327,324,
lightskyblue,192,327,
lightskyblue,192,327,322,
lightskyblue,324,
lightskyblue,324,
lightskyblue,322,
lightskyblue,327,194,324,
lightskyblue,327,194,324,
lightskyblue,327,194,
lightskyblue,327,194,322,
lightskyblue,153,242,284,
lightskyblue,153,242,284,
lightskyblue,155,242,284,
lightskyblue,155,242,284,
lightskyblue,203,242,284,
lightskyblue,203,242,284,
lightskyblue,241,284,
lightskyblue,241,284,
lightskyblue,242,205,284,
lightskyblue,242,205,284,
lightskyblue,255,246,298,
lightskyblue,255,246,298,
lightskyblue,157,246,298,
lightskyblue,157,246,298,
lightskyblue,199,246,298,
lightskyblue,199,246,298,
lightskyblue,245,298,
lightskyblue,245,298,
lightskyblue,246,201,298,
lightskyblue,246,201,298,
lightskyblue,159,244,289,
lightskyblue,159,244,289,
lightskyblue,161,244,289,
lightskyblue,161,244,289,
lightskyblue,197,244,289,
lightskyblue,197,244,289,
lightskyblue,243,289,
lightskyblue,243,289,
lightskyblue,244,253,289,
lightskyblue,244,253,289,
lightskyblue,114,121,130,
lightskyblue,114,121,130,
lightskyblue,122,121,130,
lightskyblue,122,121,130,
lightskyblue,116,121,130,
lightskyblue,116,121,130,
lightskyblue,120,130,
lightskyblue,120,130,
lightskyblue,121,118,130,
lightskyblue,121,118,130,
lightskyblue,163,248,307,
lightskyblue,163,248,307,
lightskyblue,165,248,307,
lightskyblue,165,248,307,
lightskyblue,195,248,307,
lightskyblue,195,248,307,
lightskyblue,247,307,
lightskyblue,247,307,
lightskyblue,248,259,307,
lightskyblue,248,259,307,
lightskyblue,167,240,237,
lightskyblue,167,240,237,
lightskyblue,169,240,237,
lightskyblue,169,240,237,
lightskyblue,251,240,237,
lightskyblue,251,240,237,
lightskyblue,239,237,
lightskyblue,239,237,
lightskyblue,240,183,237,
lightskyblue,240,183,237,
lightskyblue,97,111,109,
lightskyblue,97,111,109,
lightskyblue,99,111,109,
lightskyblue,99,111,109,
lightskyblue,112,111,109,
lightskyblue,112,111,109,
lightskyblue,110,109,
lightskyblue,110,109,
lightskyblue,111,101,109,
lightskyblue,111,101,109,
lightskyblue,171,250,312,
lightskyblue,171,250,312,
lightskyblue,173,250,312,
lightskyblue,173,250,312,
lightskyblue,185,250,312,
lightskyblue,185,250,312,
lightskyblue,249,312,
lightskyblue,249,312,
lightskyblue,250,257,312,
lightskyblue,250,257,312,
lightskyblue,175,339,332,
lightskyblue,175,339,332,
lightskyblue,177,339,332,
lightskyblue,177,339,332,
lightskyblue,187,339,332,
lightskyblue,187,339,332,
lightskyblue,338,332,
lightskyblue,338,332,
lightskyblue,339,189,332,
lightskyblue,339,189,332,
lightskyblue,179,328,325,
lightskyblue,179,328,325,
lightskyblue,181,328,325,
lightskyblue,181,328,325,
lightskyblue,191,328,325,
lightskyblue,191,328,325,
lightskyblue,327,325,
lightskyblue,327,325,
lightskyblue,328,193,325,
lightskyblue,328,193,325,
lightskyblue,154,241,227,283,
lightskyblue,154,241,227,283,
lightskyblue,154,241,227,
lightskyblue,154,241,227,283,
lightskyblue,156,241,227,283,
lightskyblue,156,241,227,283,
lightskyblue,156,241,227,
lightskyblue,156,241,227,283,
lightskyblue,204,241,227,283,
lightskyblue,204,241,227,283,
lightskyblue,204,241,227,
lightskyblue,204,241,227,283,
lightskyblue,227,283,
lightskyblue,227,283,
lightskyblue,227,
lightskyblue,227,283,
lightskyblue,241,206,227,283,
lightskyblue,241,206,227,283,
lightskyblue,241,206,227,
lightskyblue,241,206,227,283,
lightskyblue,154,241,283,
lightskyblue,154,241,283,
lightskyblue,154,241,
lightskyblue,154,241,283,
lightskyblue,156,241,283,
lightskyblue,156,241,283,
lightskyblue,156,241,
lightskyblue,156,241,283,
lightskyblue,204,241,283,
lightskyblue,204,241,283,
lightskyblue,204,241,
lightskyblue,204,241,283,
lightskyblue,283,
lightskyblue,283,
lightskyblue,283,
lightskyblue,241,206,283,
lightskyblue,241,206,283,
lightskyblue,241,206,
lightskyblue,241,206,283,
lightskyblue,154,241,227,283,
lightskyblue,154,241,227,283,
lightskyblue,154,241,227,
lightskyblue,154,241,227,283,
lightskyblue,156,241,227,283,
lightskyblue,156,241,227,283,
lightskyblue,156,241,227,
lightskyblue,156,241,227,283,
lightskyblue,204,241,227,283,
lightskyblue,204,241,227,283,
lightskyblue,204,241,227,
lightskyblue,204,241,227,283,
lightskyblue,227,283,
lightskyblue,227,283,
lightskyblue,227,
lightskyblue,227,283,
lightskyblue,241,206,227,283,
lightskyblue,241,206,227,283,
lightskyblue,241,206,227,
lightskyblue,241,206,227,283,
lightskyblue,256,245,292,297,
lightskyblue,256,245,292,297,
lightskyblue,256,245,292,
lightskyblue,256,245,292,297,
lightskyblue,158,245,292,297,
lightskyblue,158,245,292,297,
lightskyblue,158,245,292,
lightskyblue,158,245,292,297,
lightskyblue,200,245,292,297,
lightskyblue,200,245,292,297,
lightskyblue,200,245,292,
lightskyblue,200,245,292,297,
lightskyblue,292,297,
lightskyblue,292,297,
lightskyblue,292,
lightskyblue,292,297,
lightskyblue,245,202,292,297,
lightskyblue,245,202,292,297,
lightskyblue,245,202,292,
lightskyblue,245,202,292,297,
lightskyblue,256,245,297,
lightskyblue,256,245,297,
lightskyblue,256,245,
lightskyblue,256,245,297,
lightskyblue,158,245,297,
lightskyblue,158,245,297,
lightskyblue,158,245,
lightskyblue,158,245,297,
lightskyblue,200,245,297,
lightskyblue,200,245,297,
lightskyblue,200,245,
lightskyblue,200,245,297,
lightskyblue,297,
lightskyblue,297,
lightskyblue,297,
lightskyblue,245,202,297,
lightskyblue,245,202,297,
lightskyblue,245,202,
lightskyblue,245,202,297,
lightskyblue,256,245,292,297,
lightskyblue,256,245,292,297,
lightskyblue,256,245,292,
lightskyblue,256,245,292,297,
lightskyblue,158,245,292,297,
lightskyblue,158,245,292,297,
lightskyblue,158,245,292,
lightskyblue,158,245,292,297,
lightskyblue,200,245,292,297,
lightskyblue,200,245,292,297,
lightskyblue,200,245,292,
lightskyblue,200,245,292,297,
lightskyblue,292,297,
lightskyblue,292,297,
lightskyblue,292,
lightskyblue,292,297,
lightskyblue,245,202,292,297,
lightskyblue,245,202,292,297,
lightskyblue,245,202,292,
lightskyblue,245,202,292,297,
lightskyblue,160,243,231,288,
lightskyblue,160,243,231,288,
lightskyblue,160,243,231,
lightskyblue,160,243,231,288,
lightskyblue,162,243,231,288,
lightskyblue,162,243,231,288,
lightskyblue,162,243,231,
lightskyblue,162,243,231,288,
lightskyblue,198,243,231,288,
lightskyblue,198,243,231,288,
lightskyblue,198,243,231,
lightskyblue,198,243,231,288,
lightskyblue,231,288,
lightskyblue,231,288,
lightskyblue,231,
lightskyblue,231,288,
lightskyblue,243,254,231,288,
lightskyblue,243,254,231,288,
lightskyblue,243,254,231,
lightskyblue,243,254,231,288,
lightskyblue,160,243,288,
lightskyblue,160,243,288,
lightskyblue,160,243,
lightskyblue,160,243,288,
lightskyblue,162,243,288,
lightskyblue,162,243,288,
lightskyblue,162,243,
lightskyblue,162,243,288,
lightskyblue,198,243,288,
lightskyblue,198,243,288,
lightskyblue,198,243,
lightskyblue,198,243,288,
lightskyblue,288,
lightskyblue,288,
lightskyblue,288,
lightskyblue,243,254,288,
lightskyblue,243,254,288,
lightskyblue,243,254,
lightskyblue,243,254,288,
lightskyblue,160,243,231,288,
lightskyblue,160,243,231,288,
lightskyblue,160,243,231,
lightskyblue,160,243,231,288,
lightskyblue,162,243,231,288,
lightskyblue,162,243,231,288,
lightskyblue,162,243,231,
lightskyblue,162,243,231,288,
lightskyblue,198,243,231,288,
lightskyblue,198,243,231,288,
lightskyblue,198,243,231,
lightskyblue,198,243,231,288,
lightskyblue,231,288,
lightskyblue,231,288,
lightskyblue,231,
lightskyblue,231,288,
lightskyblue,243,254,231,288,
lightskyblue,243,254,231,288,
lightskyblue,243,254,231,
lightskyblue,243,254,231,288,
lightskyblue,115,120,125,129,
lightskyblue,115,120,125,129,
lightskyblue,115,120,125,
lightskyblue,115,120,125,129,
lightskyblue,123,120,125,129,
lightskyblue,123,120,125,129,
lightskyblue,123,120,125,
lightskyblue,123,120,125,129,
lightskyblue,117,120,125,129,
lightskyblue,117,120,125,129,
lightskyblue,117,120,125,
lightskyblue,117,120,125,129,
lightskyblue,125,129,
lightskyblue,125,129,
lightskyblue,125,
lightskyblue,125,129,
lightskyblue,120,119,125,129,
lightskyblue,120,119,125,129,
lightskyblue,120,119,125,
lightskyblue,120,119,125,129,
lightskyblue,115,120,129,
lightskyblue,115,120,129,
lightskyblue,115,120,
lightskyblue,115,120,129,
lightskyblue,123,120,129,
lightskyblue,123,120,129,
lightskyblue,123,120,
lightskyblue,123,120,129,
lightskyblue,117,120,129,
lightskyblue,117,120,129,
lightskyblue,117,120,
lightskyblue,117,120,129,
lightskyblue,129,
lightskyblue,129,
lightskyblue,129,
lightskyblue,120,119,129,
lightskyblue,120,119,129,
lightskyblue,120,119,
lightskyblue,120,119,129,
lightskyblue,115,120,125,129,
lightskyblue,115,120,125,129,
lightskyblue,115,120,125,
lightskyblue,115,120,125,129,
lightskyblue,123,120,125,129,
lightskyblue,123,120,125,129,
lightskyblue,123,120,125,
lightskyblue,123,120,125,129,
lightskyblue,117,120,125,129,
lightskyblue,117,120,125,129,
lightskyblue,117,120,125,
lightskyblue,117,120,125,129,
lightskyblue,125,129,
lightskyblue,125,129,
lightskyblue,125,
lightskyblue,125,129,
lightskyblue,120,119,125,129,
lightskyblue,120,119,125,129,
lightskyblue,120,119,125,
lightskyblue,120,119,125,129,
lightskyblue,164,247,301,306,
lightskyblue,164,247,301,306,
lightskyblue,164,247,301,
lightskyblue,164,247,301,306,
lightskyblue,166,247,301,306,
lightskyblue,166,247,301,306,
lightskyblue,166,247,301,
lightskyblue,166,247,301,306,
lightskyblue,196,247,301,306,
lightskyblue,196,247,301,306,
lightskyblue,196,247,301,
lightskyblue,196,247,301,306,
lightskyblue,301,306,
lightskyblue,301,306,
lightskyblue,301,
lightskyblue,301,306,
lightskyblue,247,260,301,306,
lightskyblue,247,260,301,306,
lightskyblue,247,260,301,
lightskyblue,247,260,301,306,
lightskyblue,164,247,306,
lightskyblue,164,247,306,
lightskyblue,164,247,
lightskyblue,164,247,306,
lightskyblue,166,247,306,
lightskyblue,166,247,306,
lightskyblue,166,247,
lightskyblue,166,247,306,
lightskyblue,196,247,306,
lightskyblue,196,247,306,
lightskyblue,196,247,
lightskyblue,196,247,306,
lightskyblue,306,
lightskyblue,306,
lightskyblue,306,
lightskyblue,247,260,306,
lightskyblue,247,260,306,
lightskyblue,247,260,
lightskyblue,247,260,306,
lightskyblue,164,247,301,306,
lightskyblue,164,247,301,306,
lightskyblue,164,247,301,
lightskyblue,164,247,301,306,
lightskyblue,166,247,301,306,
lightskyblue,166,247,301,306,
lightskyblue,166,247,301,
lightskyblue,166,247,301,306,
lightskyblue,196,247,301,306,
lightskyblue,196,247,301,306,
lightskyblue,196,247,301,
lightskyblue,196,247,301,306,
lightskyblue,301,306,
lightskyblue,301,306,
lightskyblue,301,
lightskyblue,301,306,
lightskyblue,247,260,301,306,
lightskyblue,247,260,301,306,
lightskyblue,247,260,301,
lightskyblue,247,260,301,306,
lightskyblue,168,239,278,236,
lightskyblue,168,239,278,236,
lightskyblue,168,239,278,
lightskyblue,168,239,278,236,
lightskyblue,170,239,278,236,
lightskyblue,170,239,278,236,
lightskyblue,170,239,278,
lightskyblue,170,239,278,236,
lightskyblue,252,239,278,236,
lightskyblue,252,239,278,236,
lightskyblue,252,239,278,
lightskyblue,252,239,278,236,
lightskyblue,278,236,
lightskyblue,278,236,
lightskyblue,278,
lightskyblue,278,236,
lightskyblue,239,184,278,236,
lightskyblue,239,184,278,236,
lightskyblue,239,184,278,
lightskyblue,239,184,278,236,
lightskyblue,168,239,236,
lightskyblue,168,239,236,
lightskyblue,168,239,
lightskyblue,168,239,236,
lightskyblue,170,239,236,
lightskyblue,170,239,236,
lightskyblue,170,239,
lightskyblue,170,239,236,
lightskyblue,252,239,236,
lightskyblue,252,239,236,
lightskyblue,252,239,
lightskyblue,252,239,236,
lightskyblue,236,
lightskyblue,236,
lightskyblue,236,
lightskyblue,239,184,236,
lightskyblue,239,184,236,
lightskyblue,239,184,
lightskyblue,239,184,236,
lightskyblue,168,239,278,236,
lightskyblue,168,239,278,236,
lightskyblue,168,239,278,
lightskyblue,168,239,278,236,
lightskyblue,170,239,278,236,
lightskyblue,170,239,278,236,
lightskyblue,170,239,278,
lightskyblue,170,239,278,236,
lightskyblue,252,239,278,236,
lightskyblue,252,239,278,236,
lightskyblue,252,239,278,
lightskyblue,252,239,278,236,
lightskyblue,278,236,
lightskyblue,278,236,
lightskyblue,278,
lightskyblue,278,236,
lightskyblue,239,184,278,236,
lightskyblue,239,184,278,236,
lightskyblue,239,184,278,
lightskyblue,239,184,278,236,
lightskyblue,98,110,104,108,
lightskyblue,98,110,104,108,
lightskyblue,98,110,104,
lightskyblue,98,110,104,108,
lightskyblue,100,110,104,108,
lightskyblue,100,110,104,108,
lightskyblue,100,110,104,
lightskyblue,100,110,104,108,
lightskyblue,113,110,104,108,
lightskyblue,113,110,104,108,
lightskyblue,113,110,104,
lightskyblue,113,110,104,108,
lightskyblue,96,110,104,108,
lightskyblue,96,110,104,108,
lightskyblue,96,110,104,
lightskyblue,96,110,104,108,
lightskyblue,104,108,
lightskyblue,104,108,
lightskyblue,104,
lightskyblue,104,108,
lightskyblue,110,102,104,108,
lightskyblue,110,102,104,108,
lightskyblue,110,102,104,
lightskyblue,110,102,104,108,
lightskyblue,98,110,108,
lightskyblue,98,110,108,
lightskyblue,98,110,
lightskyblue,98,110,108,
lightskyblue,100,110,108,
lightskyblue,100,110,108,
lightskyblue,100,110,
lightskyblue,100,110,108,
lightskyblue,113,110,108,
lightskyblue,113,110,108,
lightskyblue,113,110,
lightskyblue,113,110,108,
lightskyblue,96,110,108,
lightskyblue,96,110,108,
lightskyblue,96,110,
lightskyblue,96,110,108,
lightskyblue,108,
lightskyblue,108,
lightskyblue,108,
lightskyblue,110,102,108,
lightskyblue,110,102,108,
lightskyblue,110,102,
lightskyblue,110,102,108,
lightskyblue,98,110,104,108,
lightskyblue,98,110,104,108,
lightskyblue,98,110,104,
lightskyblue,98,110,104,108,
lightskyblue,100,110,104,108,
lightskyblue,100,110,104,108,
lightskyblue,100,110,104,
lightskyblue,100,110,104,108,
lightskyblue,113,110,104,108,
lightskyblue,113,110,104,108,
lightskyblue,113,110,104,
lightskyblue,113,110,104,108,
lightskyblue,96,110,104,108,
lightskyblue,96,110,104,108,
lightskyblue,96,110,104,
lightskyblue,96,110,104,108,
lightskyblue,104,108,
lightskyblue,104,108,
lightskyblue,104,
lightskyblue,104,108,
lightskyblue,110,102,104,108,
lightskyblue,110,102,104,108,
lightskyblue,110,102,104,
lightskyblue,110,102,104,108,
lightskyblue,172,249,315,311,
lightskyblue,172,249,315,311,
lightskyblue,172,249,315,
lightskyblue,172,249,315,311,
lightskyblue,174,249,315,311,
lightskyblue,174,249,315,311,
lightskyblue,174,249,315,
lightskyblue,174,249,315,311,
lightskyblue,186,249,315,311,
lightskyblue,186,249,315,311,
lightskyblue,186,249,315,
lightskyblue,186,249,315,311,
lightskyblue,315,311,
lightskyblue,315,311,
lightskyblue,315,
lightskyblue,315,311,
lightskyblue,249,258,315,311,
lightskyblue,249,258,315,311,
lightskyblue,249,258,315,
lightskyblue,249,258,315,311,
lightskyblue,172,249,311,
lightskyblue,172,249,311,
lightskyblue,172,249,
lightskyblue,172,249,311,
lightskyblue,174,249,311,
lightskyblue,174,249,311,
lightskyblue,174,249,
lightskyblue,174,249,311,
lightskyblue,186,249,311,
lightskyblue,186,249,311,
lightskyblue,186,249,
lightskyblue,186,249,311,
lightskyblue,311,
lightskyblue,311,
lightskyblue,311,
lightskyblue,249,258,311,
lightskyblue,249,258,311,
lightskyblue,249,258,
lightskyblue,249,258,311,
lightskyblue,172,249,315,311,
lightskyblue,172,249,315,311,
lightskyblue,172,249,315,
lightskyblue,172,249,315,311,
lightskyblue,174,249,315,311,
lightskyblue,174,249,315,311,
lightskyblue,174,249,315,
lightskyblue,174,249,315,311,
lightskyblue,186,249,315,311,
lightskyblue,186,249,315,311,
lightskyblue,186,249,315,
lightskyblue,186,249,315,311,
lightskyblue,315,311,
lightskyblue,315,311,
lightskyblue,315,
lightskyblue,315,311,
lightskyblue,249,258,315,311,
lightskyblue,249,258,315,311,
lightskyblue,249,258,315,
lightskyblue,249,258,315,311,
lightskyblue,176,338,335,331,
lightskyblue,176,338,335,331,
lightskyblue,176,338,335,
lightskyblue,176,338,335,331,
lightskyblue,178,338,335,331,
lightskyblue,178,338,335,331,
lightskyblue,178,338,335,
lightskyblue,178,338,335,331,
lightskyblue,188,338,335,331,
lightskyblue,188,338,335,331,
lightskyblue,188,338,335,
lightskyblue,188,338,335,331,
lightskyblue,335,331,
lightskyblue,335,331,
lightskyblue,335,
lightskyblue,335,331,
lightskyblue,338,190,335,331,
lightskyblue,338,190,335,331,
lightskyblue,338,190,335,
lightskyblue,338,190,335,331,
lightskyblue,176,338,331,
lightskyblue,176,338,331,
lightskyblue,176,338,
lightskyblue,176,338,331,
lightskyblue,178,338,331,
lightskyblue,178,338,331,
lightskyblue,178,338,
lightskyblue,178,338,331,
lightskyblue,188,338,331,
lightskyblue,188,338,331,
lightskyblue,188,338,
lightskyblue,188,338,331,
lightskyblue,331,
lightskyblue,331,
lightskyblue,331,
lightskyblue,338,190,331,
lightskyblue,338,190,331,
lightskyblue,338,190,
lightskyblue,338,190,331,
lightskyblue,176,338,335,331,
lightskyblue,176,338,335,331,
lightskyblue,176,338,335,
lightskyblue,176,338,335,331,
lightskyblue,178,338,335,331,
lightskyblue,178,338,335,331,
lightskyblue,178,338,335,
lightskyblue,178,338,335,331,
lightskyblue,188,338,335,331,
lightskyblue,188,338,335,331,
lightskyblue,188,338,335,
lightskyblue,188,338,335,331,
lightskyblue,335,331,
lightskyblue,335,331,
lightskyblue,335,
lightskyblue,335,331,
lightskyblue,338,190,335,331,
lightskyblue,338,190,335,331,
lightskyblue,338,190,335,
lightskyblue,338,190,335,331,
lightskyblue,180,327,319,324,
lightskyblue,180,327,319,324,
lightskyblue,180,327,319,
lightskyblue,180,327,319,324,
lightskyblue,182,327,319,324,
lightskyblue,182,327,319,324,
lightskyblue,182,327,319,
lightskyblue,182,327,319,324,
lightskyblue,192,327,319,324,
lightskyblue,192,327,319,324,
lightskyblue,192,327,319,
lightskyblue,192,327,319,324,
lightskyblue,319,324,
lightskyblue,319,324,
lightskyblue,319,
lightskyblue,319,324,
lightskyblue,327,194,319,324,
lightskyblue,327,194,319,324,
lightskyblue,327,194,319,
lightskyblue,327,194,319,324,
lightskyblue,180,327,324,
lightskyblue,180,327,324,
lightskyblue,180,327,
lightskyblue,180,327,324,
lightskyblue,182,327,324,
lightskyblue,182,327,324,
lightskyblue,182,327,
lightskyblue,182,327,324,
lightskyblue,192,327,324,
lightskyblue,192,327,324,
lightskyblue,192,327,
lightskyblue,192,327,324,
lightskyblue,324,
lightskyblue,324,
lightskyblue,324,
lightskyblue,327,194,324,
lightskyblue,327,194,324,
lightskyblue,327,194,
lightskyblue,327,194,324,
lightskyblue,180,327,319,324,
lightskyblue,180,327,319,324,
lightskyblue,180,327,319,
lightskyblue,180,327,319,324,
lightskyblue,182,327,319,324,
lightskyblue,182,327,319,324,
lightskyblue,182,327,319,
lightskyblue,182,327,319,324,
lightskyblue,192,327,319,324,
lightskyblue,192,327,319,324,
lightskyblue,192,327,319,
lightskyblue,192,327,319,324,
lightskyblue,319,324,
lightskyblue,319,324,
lightskyblue,319,
lightskyblue,319,324,
lightskyblue,327,194,319,324,
lightskyblue,327,194,319,324,
lightskyblue,327,194,319,
lightskyblue,327,194,319,324,
lightskyblue,263,207,245,292,297,347,
lightskyblue,263,208,245,292,297,347,
lightskyblue,263,209,245,292,297,347,
lightskyblue,263,210,245,292,297,347,
lightskyblue,263,211,245,292,297,347,
lightskyblue,263,212,245,292,297,347,
lightskyblue,265,207,247,301,306,341,
lightskyblue,265,208,247,301,306,341,
lightskyblue,265,209,247,301,306,341,
lightskyblue,265,210,247,301,306,341,
lightskyblue,265,211,247,301,306,341,
lightskyblue,265,212,247,301,306,341,
lightskyblue,261,207,239,278,236,359,
lightskyblue,261,208,239,278,236,359,
lightskyblue,261,209,239,278,236,359,
lightskyblue,261,210,239,278,236,359,
lightskyblue,261,211,239,278,236,359,
lightskyblue,261,212,239,278,236,359,
lightskyblue,267,207,327,319,324,353,
lightskyblue,267,208,327,319,324,353,
lightskyblue,267,209,327,319,324,353,
lightskyblue,267,210,327,319,324,353,
lightskyblue,267,211,327,319,324,353,
lightskyblue,267,212,327,319,324,353,
lightskyblue,263,216,245,291,297,347,
lightskyblue,263,217,245,291,297,347,
lightskyblue,263,218,245,291,297,347,
lightskyblue,263,219,245,291,297,347,
lightskyblue,263,220,245,291,297,347,
lightskyblue,263,221,245,291,297,347,
lightskyblue,263,222,245,291,297,347,
lightskyblue,265,216,247,300,306,341,
lightskyblue,265,217,247,300,306,341,
lightskyblue,265,218,247,300,306,341,
lightskyblue,265,219,247,300,306,341,
lightskyblue,265,220,247,300,306,341,
lightskyblue,265,221,247,300,306,341,
lightskyblue,265,222,247,300,306,341,
lightskyblue,261,216,239,277,236,359,
lightskyblue,261,217,239,277,236,359,
lightskyblue,261,218,239,277,236,359,
lightskyblue,261,219,239,277,236,359,
lightskyblue,261,220,239,277,236,359,
lightskyblue,261,221,239,277,236,359,
lightskyblue,261,222,239,277,236,359,
lightskyblue,267,216,327,318,324,353,
lightskyblue,267,217,327,318,324,353,
lightskyblue,267,218,327,318,324,353,
lightskyblue,267,219,327,318,324,353,
lightskyblue,267,220,327,318,324,353,
lightskyblue,267,221,327,318,324,353,
lightskyblue,267,222,327,318,324,353,
lightskyblue,263,144,245,291,297,347,
lightskyblue,265,144,247,300,306,341,
lightskyblue,261,144,239,277,236,359,
lightskyblue,267,144,327,318,324,353,
lightskyblue,263,148,245,291,297,346,
lightskyblue,263,149,245,291,297,346,
lightskyblue,265,148,247,300,306,340,
lightskyblue,265,149,247,300,306,340,
lightskyblue,261,148,239,277,236,358,
lightskyblue,261,149,239,277,236,358,
lightskyblue,267,148,327,318,324,352,
lightskyblue,267,149,327,318,324,352,
lightskyblue,269,207,241,227,283,350,
lightskyblue,269,208,241,227,283,350,
lightskyblue,269,209,241,227,283,350,
lightskyblue,269,210,241,227,283,350,
lightskyblue,269,211,241,227,283,350,
lightskyblue,269,212,241,227,283,350,
lightskyblue,269,213,241,227,283,350,
lightskyblue,271,207,243,231,288,344,
lightskyblue,271,208,243,231,288,344,
lightskyblue,271,209,243,231,288,344,
lightskyblue,271,210,243,231,288,344,
lightskyblue,271,211,243,231,288,344,
lightskyblue,271,212,243,231,288,344,
lightskyblue,271,213,243,231,288,344,
lightskyblue,273,207,338,335,331,356,
lightskyblue,273,208,338,335,331,356,
lightskyblue,273,209,338,335,331,356,
lightskyblue,273,210,338,335,331,356,
lightskyblue,273,211,338,335,331,356,
lightskyblue,273,212,338,335,331,356,
lightskyblue,273,213,338,335,331,356,
lightskyblue,269,216,241,226,283,350,
lightskyblue,269,217,241,226,283,350,
lightskyblue,269,218,241,226,283,350,
lightskyblue,269,219,241,226,283,350,
lightskyblue,269,220,241,226,283,350,
lightskyblue,269,221,241,226,283,350,
lightskyblue,269,222,241,226,283,350,
lightskyblue,269,223,241,226,283,350,
lightskyblue,271,216,243,230,288,344,
lightskyblue,271,217,243,230,288,344,
lightskyblue,271,218,243,230,288,344,
lightskyblue,271,219,243,230,288,344,
lightskyblue,271,220,243,230,288,344,
lightskyblue,271,221,243,230,288,344,
lightskyblue,271,222,243,230,288,344,
lightskyblue,271,223,243,230,288,344,
lightskyblue,273,216,338,334,331,356,
lightskyblue,273,217,338,334,331,356,
lightskyblue,273,218,338,334,331,356,
lightskyblue,273,219,338,334,331,356,
lightskyblue,273,220,338,334,331,356,
lightskyblue,273,221,338,334,331,356,
lightskyblue,273,222,338,334,331,356,
lightskyblue,273,223,338,334,331,356,
lightskyblue,269,144,241,226,283,350,
lightskyblue,269,145,241,226,283,350,
lightskyblue,271,144,243,230,288,344,
lightskyblue,271,145,243,230,288,344,
lightskyblue,273,144,338,334,331,356,
lightskyblue,273,145,338,334,331,356,
lightskyblue,269,148,241,226,283,349,
lightskyblue,269,149,241,226,283,349,
lightskyblue,269,150,241,226,283,349,
lightskyblue,271,148,243,230,288,343,
lightskyblue,271,149,243,230,288,343,
lightskyblue,271,150,243,230,288,343,
lightskyblue,273,148,338,334,331,355,
lightskyblue,273,149,338,334,331,355,
lightskyblue,273,150,338,334,331,355,
lightskyblue,275,207,249,315,311,
lightskyblue,275,208,249,315,311,
lightskyblue,275,209,249,315,311,
lightskyblue,275,210,249,315,311,
lightskyblue,275,211,249,315,311,
lightskyblue,275,212,249,315,311,
lightskyblue,275,213,249,315,311,
lightskyblue,275,214,249,315,311,
lightskyblue,275,216,249,314,311,
lightskyblue,275,217,249,314,311,
lightskyblue,275,218,249,314,311,
lightskyblue,275,219,249,314,311,
lightskyblue,275,220,249,314,311,
lightskyblue,275,221,249,314,311,
lightskyblue,275,222,249,314,311,
lightskyblue,275,223,249,314,311,
lightskyblue,275,224,249,314,311,
lightskyblue,275,144,249,314,311,
lightskyblue,275,145,249,314,311,
lightskyblue,275,146,249,314,311,
lightskyblue,275,148,249,314,311,
lightskyblue,275,149,249,314,311,
lightskyblue,275,150,249,314,311,
lightskyblue,275,151,249,314,311,
lightskyblue,153,242,284,
lightskyblue,153,242,284,
lightskyblue,155,242,284,
lightskyblue,155,242,284,
lightskyblue,203,242,284,
lightskyblue,203,242,284,
lightskyblue,241,284,
lightskyblue,241,284,
lightskyblue,242,205,284,
lightskyblue,242,205,284,
lightskyblue,255,246,298,
lightskyblue,255,246,298,
lightskyblue,157,246,298,
lightskyblue,157,246,298,
lightskyblue,199,246,298,
lightskyblue,199,246,298,
lightskyblue,245,298,
lightskyblue,245,298,
lightskyblue,246,201,298,
lightskyblue,246,201,298,
lightskyblue,159,244,289,
lightskyblue,159,244,289,
lightskyblue,161,244,289,
lightskyblue,161,244,289,
lightskyblue,197,244,289,
lightskyblue,197,244,289,
lightskyblue,243,289,
lightskyblue,243,289,
lightskyblue,244,253,289,
lightskyblue,244,253,289,
lightskyblue,114,121,130,
lightskyblue,114,121,130,
lightskyblue,122,121,130,
lightskyblue,122,121,130,
lightskyblue,116,121,130,
lightskyblue,116,121,130,
lightskyblue,120,130,
lightskyblue,120,130,
lightskyblue,121,118,130,
lightskyblue,121,118,130,
lightskyblue,163,248,307,
lightskyblue,163,248,307,
lightskyblue,165,248,307,
lightskyblue,165,248,307,
lightskyblue,195,248,307,
lightskyblue,195,248,307,
lightskyblue,247,307,
lightskyblue,247,307,
lightskyblue,248,259,307,
lightskyblue,248,259,307,
lightskyblue,167,240,237,
lightskyblue,167,240,237,
lightskyblue,169,240,237,
lightskyblue,169,240,237,
lightskyblue,251,240,237,
lightskyblue,251,240,237,
lightskyblue,239,237,
lightskyblue,239,237,
lightskyblue,240,183,237,
lightskyblue,240,183,237,
lightskyblue,97,111,109,
lightskyblue,97,111,109,
lightskyblue,99,111,109,
lightskyblue,99,111,109,
lightskyblue,112,111,109,
lightskyblue,112,111,109,
lightskyblue,110,109,
lightskyblue,110,109,
lightskyblue,111,101,109,
lightskyblue,111,101,109,
lightskyblue,171,250,312,
lightskyblue,171,250,312,
lightskyblue,173,250,312,
lightskyblue,173,250,312,
lightskyblue,185,250,312,
lightskyblue,185,250,312,
lightskyblue,249,312,
lightskyblue,249,312,
lightskyblue,250,257,312,
lightskyblue,250,257,312,
lightskyblue,175,339,332,
lightskyblue,175,339,332,
lightskyblue,177,339,332,
lightskyblue,177,339,332,
lightskyblue,187,339,332,
lightskyblue,187,339,332,
lightskyblue,338,332,
lightskyblue,338,332,
lightskyblue,339,189,332,
lightskyblue,339,189,332,
lightskyblue,179,328,325,
lightskyblue,179,328,325,
lightskyblue,181,328,325,
lightskyblue,181,328,325,
lightskyblue,191,328,325,
lightskyblue,191,328,325,
lightskyblue,327,325,
lightskyblue,327,325,
lightskyblue,328,193,325,
lightskyblue,328,193,325,
lightskyblue,132,138,
lightskyblue,134,139,
lightskyblue,136,140,
lightskyblue,143,141,
lightskyblue,131,137,
lightskyblue,133,137,
lightskyblue,135,137,
lightskyblue,142,137,
