green,
green,
green,
green,
green,
green,
green,
green,
green,
green,
green,
green,
green,
green,
green,
green,
green,
green,
green,
green,
green,
green,
green,
green,
green,
green,
green,
green,
green,
green,
green,
green,
green,
green,
green,
green,
green,
green,
green,
green,
green,
green,
green,
green,
green,
green,
green,
green,
green,
green,
green,
green,
green,
green,
green,
green,
green,
green,
green,
green,
green,
green,
green,
green,
green,
green,
gold,0,1920,1921,1922,1934,1937,1940,1943,1946,1949,1952,1955,1958,1961,1964,1967,1970,1973,1976,1979,1982,1985,
gold,0,1923,1924,1925,1991,2000,2009,2018,2027,2036,2045,2054,2063,2072,2081,2090,2099,2108,2117,2126,2135,2144,2153,2162,2171,2180,2189,2198,2207,2216,2225,2234,2243,2252,2261,2270,2279,2288,2297,2306,
gold,0,1926,1927,1928,1994,2012,2030,2048,2066,2084,2102,2120,2138,2156,2174,2192,2210,2228,2246,2264,2282,2300,2312,2321,2330,2339,2348,2357,2366,2375,2384,2393,2402,2411,2420,2429,2438,2447,2456,2465,
gold,0,1929,1930,1931,1988,1997,2003,2006,2015,2021,2024,2033,2039,2042,2051,2057,2060,2069,2075,2078,2087,2093,2096,2105,2111,2114,2123,2129,2132,2141,2147,2150,2159,2165,2168,2177,2183,2186,2195,2201,2204,2213,2219,2222,2231,2237,2240,2249,2255,2258,2267,2273,2276,2285,2291,2294,2303,2309,2315,2318,2324,2327,2333,2336,2342,2345,2351,2354,2360,2363,2369,2372,2378,2381,2387,2390,2396,2399,2405,2408,2414,2417,2423,2426,2432,2435,2441,2444,2450,2453,2459,2462,2468,2471,
gold,1,1908,1909,1910,1933,1936,1939,1942,1945,1948,1951,1954,1957,1960,1963,1966,1969,1972,1975,1978,1981,1984,
gold,1,1911,1912,1913,1990,1999,2008,2017,2026,2035,2044,2053,2062,2071,2080,2089,2098,2107,2116,2125,2134,2143,2152,2161,2170,2179,2188,2197,2206,2215,2224,2233,2242,2251,2260,2269,2278,2287,2296,2305,
gold,1,1914,1915,1916,1993,2011,2029,2047,2065,2083,2101,2119,2137,2155,2173,2191,2209,2227,2245,2263,2281,2299,2311,2320,2329,2338,2347,2356,2365,2374,2383,2392,2401,2410,2419,2428,2437,2446,2455,2464,
gold,1,1917,1918,1919,1987,1996,2002,2005,2014,2020,2023,2032,2038,2041,2050,2056,2059,2068,2074,2077,2086,2092,2095,2104,2110,2113,2122,2128,2131,2140,2146,2149,2158,2164,2167,2176,2182,2185,2194,2200,2203,2212,2218,2221,2230,2236,2239,2248,2254,2257,2266,2272,2275,2284,2290,2293,2302,2308,2314,2317,2323,2326,2332,2335,2341,2344,2350,2353,2359,2362,2368,2371,2377,2380,2386,2389,2395,2398,2404,2407,2413,2416,2422,2425,2431,2434,2440,2443,2449,2452,2458,2461,2467,2470,
gold,2,1896,1897,1898,1932,1935,1938,1941,1944,1947,1950,1953,1956,1959,1962,1965,1968,1971,1974,1977,1980,1983,
gold,2,1899,1900,1901,1989,1998,2007,2016,2025,2034,2043,2052,2061,2070,2079,2088,2097,2106,2115,2124,2133,2142,2151,2160,2169,2178,2187,2196,2205,2214,2223,2232,2241,2250,2259,2268,2277,2286,2295,2304,
gold,2,1902,1903,1904,1992,2010,2028,2046,2064,2082,2100,2118,2136,2154,2172,2190,2208,2226,2244,2262,2280,2298,2310,2319,2328,2337,2346,2355,2364,2373,2382,2391,2400,2409,2418,2427,2436,2445,2454,2463,
gold,2,1905,1906,1907,1986,1995,2001,2004,2013,2019,2022,2031,2037,2040,2049,2055,2058,2067,2073,2076,2085,2091,2094,2103,2109,2112,2121,2127,2130,2139,2145,2148,2157,2163,2166,2175,2181,2184,2193,2199,2202,2211,2217,2220,2229,2235,2238,2247,2253,2256,2265,2271,2274,2283,2289,2292,2301,2307,2313,2316,2322,2325,2331,2334,2340,2343,2349,2352,2358,2361,2367,2370,2376,2379,2385,2388,2394,2397,2403,2406,2412,2415,2421,2424,2430,2433,2439,2442,2448,2451,2457,2460,2466,2469,
gold,3,2319,2320,2321,2322,2323,2324,2325,2326,2327,
gold,3,
gold,4,2328,2329,2330,2331,2332,2333,2334,2335,2336,
gold,4,
gold,5,2337,2338,2339,2340,2341,2342,2343,2344,2345,
gold,5,
gold,6,2346,2347,2348,2349,2350,2351,2352,2353,2354,
gold,6,
gold,7,2355,2356,2357,2358,2359,2360,2361,2362,2363,
gold,7,
gold,8,2364,2365,2366,2367,2368,2369,2370,2371,2372,
gold,8,
gold,9,2373,2374,2375,2376,2377,2378,2379,2380,2381,
gold,9,
gold,10,2382,2383,2384,2385,2386,2387,2388,2389,2390,
gold,10,
gold,11,2391,2392,2393,2394,2395,2396,2397,2398,2399,
gold,11,
gold,12,2400,2401,2402,2403,2404,2405,2406,2407,2408,
gold,12,
gold,13,2409,2410,2411,2412,2413,2414,2415,2416,2417,
gold,13,
gold,14,2418,2419,2420,2421,2422,2423,2424,2425,2426,
gold,14,
gold,15,2427,2428,2429,2430,2431,2432,2433,2434,2435,
gold,15,
gold,16,2436,2437,2438,2439,2440,2441,2442,2443,2444,
gold,16,
gold,17,2445,2446,2447,2448,2449,2450,2451,2452,2453,
gold,17,
gold,18,2454,2455,2456,2457,2458,2459,2460,2461,2462,
gold,18,
gold,19,2463,2464,2465,2466,2467,2468,2469,2470,2471,
gold,19,
gold,20,2310,2311,2312,2313,2314,2315,2316,2317,2318,
gold,20,
gold,21,1935,1936,1937,
gold,21,357,358,359,360,361,362,363,364,365,366,367,368,369,370,371,372,373,374,375,376,377,378,379,380,381,382,383,384,385,386,387,388,389,390,391,392,393,394,395,396,397,398,399,400,401,402,403,404,405,406,407,408,409,410,411,412,413,414,415,416,417,418,419,420,421,422,423,424,425,426,427,428,429,430,431,432,433,434,435,436,437,1743,1744,1745,1746,1747,1748,1749,1750,1751,
gold,21,2004,2007,2010,2013,2016,2019,2319,2322,2325,
gold,21,2005,2008,2011,2014,2017,2020,2320,2323,2326,
gold,21,2006,2009,2012,2015,2018,2021,2321,2324,2327,
gold,21,
gold,22,1938,1939,1940,
gold,22,438,439,440,441,442,443,444,445,446,447,448,449,450,451,452,453,454,455,456,457,458,459,460,461,462,463,464,465,466,467,468,469,470,471,472,473,474,475,476,477,478,479,480,481,482,483,484,485,486,487,488,489,490,491,492,493,494,495,496,497,498,499,500,501,502,503,504,505,506,507,508,509,510,511,512,513,514,515,516,517,518,1752,1753,1754,1755,1756,1757,1758,1759,1760,
gold,22,2022,2025,2028,2031,2034,2037,2328,2331,2334,
gold,22,2023,2026,2029,2032,2035,2038,2329,2332,2335,
gold,22,2024,2027,2030,2033,2036,2039,2330,2333,2336,
gold,22,
gold,23,1941,1942,1943,
gold,23,519,520,521,522,523,524,525,526,527,528,529,530,531,532,533,534,535,536,537,538,539,540,541,542,543,544,545,546,547,548,549,550,551,552,553,554,555,556,557,558,559,560,561,562,563,564,565,566,567,568,569,570,571,572,573,574,575,576,577,578,579,580,581,582,583,584,585,586,587,588,589,590,591,592,593,594,595,596,597,598,599,1761,1762,1763,1764,1765,1766,1767,1768,1769,
gold,23,2040,2043,2046,2049,2052,2055,2337,2340,2343,
gold,23,2041,2044,2047,2050,2053,2056,2338,2341,2344,
gold,23,2042,2045,2048,2051,2054,2057,2339,2342,2345,
gold,23,
gold,24,1944,1945,1946,
gold,24,600,601,602,603,604,605,606,607,608,609,610,611,612,613,614,615,616,617,618,619,620,621,622,623,624,625,626,627,628,629,630,631,632,633,634,635,636,637,638,639,640,641,642,643,644,645,646,647,648,649,650,651,652,653,654,655,656,657,658,659,660,661,662,663,664,665,666,667,668,669,670,671,672,673,674,675,676,677,678,679,680,1770,1771,1772,1773,1774,1775,1776,1777,1778,
gold,24,2058,2061,2064,2067,2070,2073,2346,2349,2352,
gold,24,2059,2062,2065,2068,2071,2074,2347,2350,2353,
gold,24,2060,2063,2066,2069,2072,2075,2348,2351,2354,
gold,24,
gold,25,1947,1948,1949,
gold,25,681,682,683,684,685,686,687,688,689,690,691,692,693,694,695,696,697,698,699,700,701,702,703,704,705,706,707,708,709,710,711,712,713,714,715,716,717,718,719,720,721,722,723,724,725,726,727,728,729,730,731,732,733,734,735,736,737,738,739,740,741,742,743,744,745,746,747,748,749,750,751,752,753,754,755,756,757,758,759,760,761,1779,1780,1781,1782,1783,1784,1785,1786,1787,
gold,25,2076,2079,2082,2085,2088,2091,2355,2358,2361,
gold,25,2077,2080,2083,2086,2089,2092,2356,2359,2362,
gold,25,2078,2081,2084,2087,2090,2093,2357,2360,2363,
gold,25,
gold,26,1950,1951,1952,
gold,26,762,763,764,765,766,767,768,769,770,771,772,773,774,775,776,777,778,779,780,781,782,783,784,785,786,787,788,789,790,791,792,793,794,795,796,797,798,799,800,801,802,803,804,805,806,807,808,809,810,811,812,813,814,815,816,817,818,819,820,821,822,823,824,825,826,827,828,829,830,831,832,833,834,835,836,837,838,839,840,841,842,1788,1789,1790,1791,1792,1793,1794,1795,1796,
gold,26,2094,2097,2100,2103,2106,2109,2364,2367,2370,
gold,26,2095,2098,2101,2104,2107,2110,2365,2368,2371,
gold,26,2096,2099,2102,2105,2108,2111,2366,2369,2372,
gold,26,
gold,27,1953,1954,1955,
gold,27,843,844,845,846,847,848,849,850,851,852,853,854,855,856,857,858,859,860,861,862,863,864,865,866,867,868,869,870,871,872,873,874,875,876,877,878,879,880,881,882,883,884,885,886,887,888,889,890,891,892,893,894,895,896,897,898,899,900,901,902,903,904,905,906,907,908,909,910,911,912,913,914,915,916,917,918,919,920,921,922,923,1797,1798,1799,1800,1801,1802,1803,1804,1805,
gold,27,2112,2115,2118,2121,2124,2127,2373,2376,2379,
gold,27,2113,2116,2119,2122,2125,2128,2374,2377,2380,
gold,27,2114,2117,2120,2123,2126,2129,2375,2378,2381,
gold,27,
gold,28,1956,1957,1958,
gold,28,924,925,926,927,928,929,930,931,932,933,934,935,936,937,938,939,940,941,942,943,944,945,946,947,948,949,950,951,952,953,954,955,956,957,958,959,960,961,962,963,964,965,966,967,968,969,970,971,972,973,974,975,976,977,978,979,980,981,982,983,984,985,986,987,988,989,990,991,992,993,994,995,996,997,998,999,1000,1001,1002,1003,1004,1806,1807,1808,1809,1810,1811,1812,1813,1814,
gold,28,2130,2133,2136,2139,2142,2145,2382,2385,2388,
gold,28,2131,2134,2137,2140,2143,2146,2383,2386,2389,
gold,28,2132,2135,2138,2141,2144,2147,2384,2387,2390,
gold,28,
gold,29,1959,1960,1961,
gold,29,1005,1006,1007,1008,1009,1010,1011,1012,1013,1014,1015,1016,1017,1018,1019,1020,1021,1022,1023,1024,1025,1026,1027,1028,1029,1030,1031,1032,1033,1034,1035,1036,1037,1038,1039,1040,1041,1042,1043,1044,1045,1046,1047,1048,1049,1050,1051,1052,1053,1054,1055,1056,1057,1058,1059,1060,1061,1062,1063,1064,1065,1066,1067,1068,1069,1070,1071,1072,1073,1074,1075,1076,1077,1078,1079,1080,1081,1082,1083,1084,1085,1815,1816,1817,1818,1819,1820,1821,1822,1823,
gold,29,2148,2151,2154,2157,2160,2163,2391,2394,2397,
gold,29,2149,2152,2155,2158,2161,2164,2392,2395,2398,
gold,29,2150,2153,2156,2159,2162,2165,2393,2396,2399,
gold,29,
gold,30,1962,1963,1964,
gold,30,1086,1087,1088,1089,1090,1091,1092,1093,1094,1095,1096,1097,1098,1099,1100,1101,1102,1103,1104,1105,1106,1107,1108,1109,1110,1111,1112,1113,1114,1115,1116,1117,1118,1119,1120,1121,1122,1123,1124,1125,1126,1127,1128,1129,1130,1131,1132,1133,1134,1135,1136,1137,1138,1139,1140,1141,1142,1143,1144,1145,1146,1147,1148,1149,1150,1151,1152,1153,1154,1155,1156,1157,1158,1159,1160,1161,1162,1163,1164,1165,1166,1824,1825,1826,1827,1828,1829,1830,1831,1832,
gold,30,2166,2169,2172,2175,2178,2181,2400,2403,2406,
gold,30,2167,2170,2173,2176,2179,2182,2401,2404,2407,
gold,30,2168,2171,2174,2177,2180,2183,2402,2405,2408,
gold,30,
gold,31,1965,1966,1967,
gold,31,1167,1168,1169,1170,1171,1172,1173,1174,1175,1176,1177,1178,1179,1180,1181,1182,1183,1184,1185,1186,1187,1188,1189,1190,1191,1192,1193,1194,1195,1196,1197,1198,1199,1200,1201,1202,1203,1204,1205,1206,1207,1208,1209,1210,1211,1212,1213,1214,1215,1216,1217,1218,1219,1220,1221,1222,1223,1224,1225,1226,1227,1228,1229,1230,1231,1232,1233,1234,1235,1236,1237,1238,1239,1240,1241,1242,1243,1244,1245,1246,1247,1833,1834,1835,1836,1837,1838,1839,1840,1841,
gold,31,2184,2187,2190,2193,2196,2199,2409,2412,2415,
gold,31,2185,2188,2191,2194,2197,2200,2410,2413,2416,
gold,31,2186,2189,2192,2195,2198,2201,2411,2414,2417,
gold,31,
gold,32,1968,1969,1970,
gold,32,1248,1249,1250,1251,1252,1253,1254,1255,1256,1257,1258,1259,1260,1261,1262,1263,1264,1265,1266,1267,1268,1269,1270,1271,1272,1273,1274,1275,1276,1277,1278,1279,1280,1281,1282,1283,1284,1285,1286,1287,1288,1289,1290,1291,1292,1293,1294,1295,1296,1297,1298,1299,1300,1301,1302,1303,1304,1305,1306,1307,1308,1309,1310,1311,1312,1313,1314,1315,1316,1317,1318,1319,1320,1321,1322,1323,1324,1325,1326,1327,1328,1842,1843,1844,1845,1846,1847,1848,1849,1850,
gold,32,2202,2205,2208,2211,2214,2217,2418,2421,2424,
gold,32,2203,2206,2209,2212,2215,2218,2419,2422,2425,
gold,32,2204,2207,2210,2213,2216,2219,2420,2423,2426,
gold,32,
gold,33,1971,1972,1973,
gold,33,1329,1330,1331,1332,1333,1334,1335,1336,1337,1338,1339,1340,1341,1342,1343,1344,1345,1346,1347,1348,1349,1350,1351,1352,1353,1354,1355,1356,1357,1358,1359,1360,1361,1362,1363,1364,1365,1366,1367,1368,1369,1370,1371,1372,1373,1374,1375,1376,1377,1378,1379,1380,1381,1382,1383,1384,1385,1386,1387,1388,1389,1390,1391,1392,1393,1394,1395,1396,1397,1398,1399,1400,1401,1402,1403,1404,1405,1406,1407,1408,1409,1851,1852,1853,1854,1855,1856,1857,1858,1859,
gold,33,2220,2223,2226,2229,2232,2235,2427,2430,2433,
gold,33,2221,2224,2227,2230,2233,2236,2428,2431,2434,
gold,33,2222,2225,2228,2231,2234,2237,2429,2432,2435,
gold,33,
gold,34,1974,1975,1976,
gold,34,1410,1411,1412,1413,1414,1415,1416,1417,1418,1419,1420,1421,1422,1423,1424,1425,1426,1427,1428,1429,1430,1431,1432,1433,1434,1435,1436,1437,1438,1439,1440,1441,1442,1443,1444,1445,1446,1447,1448,1449,1450,1451,1452,1453,1454,1455,1456,1457,1458,1459,1460,1461,1462,1463,1464,1465,1466,1467,1468,1469,1470,1471,1472,1473,1474,1475,1476,1477,1478,1479,1480,1481,1482,1483,1484,1485,1486,1487,1488,1489,1490,1860,1861,1862,1863,1864,1865,1866,1867,1868,
gold,34,2238,2241,2244,2247,2250,2253,2436,2439,2442,
gold,34,2239,2242,2245,2248,2251,2254,2437,2440,2443,
gold,34,2240,2243,2246,2249,2252,2255,2438,2441,2444,
gold,34,
gold,35,1977,1978,1979,
gold,35,1491,1492,1493,1494,1495,1496,1497,1498,1499,1500,1501,1502,1503,1504,1505,1506,1507,1508,1509,1510,1511,1512,1513,1514,1515,1516,1517,1518,1519,1520,1521,1522,1523,1524,1525,1526,1527,1528,1529,1530,1531,1532,1533,1534,1535,1536,1537,1538,1539,1540,1541,1542,1543,1544,1545,1546,1547,1548,1549,1550,1551,1552,1553,1554,1555,1556,1557,1558,1559,1560,1561,1562,1563,1564,1565,1566,1567,1568,1569,1570,1571,1869,1870,1871,1872,1873,1874,1875,1876,1877,
gold,35,2256,2259,2262,2265,2268,2271,2445,2448,2451,
gold,35,2257,2260,2263,2266,2269,2272,2446,2449,2452,
gold,35,2258,2261,2264,2267,2270,2273,2447,2450,2453,
gold,35,
gold,36,1980,1981,1982,
gold,36,1572,1573,1574,1575,1576,1577,1578,1579,1580,1581,1582,1583,1584,1585,1586,1587,1588,1589,1590,1591,1592,1593,1594,1595,1596,1597,1598,1599,1600,1601,1602,1603,1604,1605,1606,1607,1608,1609,1610,1611,1612,1613,1614,1615,1616,1617,1618,1619,1620,1621,1622,1623,1624,1625,1626,1627,1628,1629,1630,1631,1632,1633,1634,1635,1636,1637,1638,1639,1640,1641,1642,1643,1644,1645,1646,1647,1648,1649,1650,1651,1652,1878,1879,1880,1881,1882,1883,1884,1885,1886,
gold,36,2274,2277,2280,2283,2286,2289,2454,2457,2460,
gold,36,2275,2278,2281,2284,2287,2290,2455,2458,2461,
gold,36,2276,2279,2282,2285,2288,2291,2456,2459,2462,
gold,36,
gold,37,1983,1984,1985,
gold,37,1653,1654,1655,1656,1657,1658,1659,1660,1661,1662,1663,1664,1665,1666,1667,1668,1669,1670,1671,1672,1673,1674,1675,1676,1677,1678,1679,1680,1681,1682,1683,1684,1685,1686,1687,1688,1689,1690,1691,1692,1693,1694,1695,1696,1697,1698,1699,1700,1701,1702,1703,1704,1705,1706,1707,1708,1709,1710,1711,1712,1713,1714,1715,1716,1717,1718,1719,1720,1721,1722,1723,1724,1725,1726,1727,1728,1729,1730,1731,1732,1733,1887,1888,1889,1890,1891,1892,1893,1894,1895,
gold,37,2292,2295,2298,2301,2304,2307,2463,2466,2469,
gold,37,2293,2296,2299,2302,2305,2308,2464,2467,2470,
gold,37,2294,2297,2300,2303,2306,2309,2465,2468,2471,
gold,37,
gold,38,276,277,278,279,280,281,282,283,284,357,358,359,360,361,362,363,364,365,438,439,440,441,442,443,444,445,446,519,520,521,522,523,524,525,526,527,600,601,602,603,604,605,606,607,608,681,682,683,684,685,686,687,688,689,762,763,764,765,766,767,768,769,770,843,844,845,846,847,848,849,850,851,924,925,926,927,928,929,930,931,932,1005,1006,1007,1008,1009,1010,1011,1012,1013,1086,1087,1088,1089,1090,1091,1092,1093,1094,1167,1168,1169,1170,1171,1172,1173,1174,1175,1248,1249,1250,1251,1252,1253,1254,1255,1256,1329,1330,1331,1332,1333,1334,1335,1336,1337,1410,1411,1412,1413,1414,1415,1416,1417,1418,1491,1492,1493,1494,1495,1496,1497,1498,1499,1572,1573,1574,1575,1576,1577,1578,1579,1580,1653,1654,1655,1656,1657,1658,1659,1660,1661,
gold,38,
gold,39,276,285,294,303,312,321,330,339,348,357,366,375,384,393,402,411,420,429,438,447,456,465,474,483,492,501,510,519,528,537,546,555,564,573,582,591,600,609,618,627,636,645,654,663,672,681,690,699,708,717,726,735,744,753,762,771,780,789,798,807,816,825,834,843,852,861,870,879,888,897,906,915,924,933,942,951,960,969,978,987,996,1005,1014,1023,1032,1041,1050,1059,1068,1077,1086,1095,1104,1113,1122,1131,1140,1149,1158,1167,1176,1185,1194,1203,1212,1221,1230,1239,1248,1257,1266,1275,1284,1293,1302,1311,1320,1329,1338,1347,1356,1365,1374,1383,1392,1401,1410,1419,1428,1437,1446,1455,1464,1473,1482,1491,1500,1509,1518,1527,1536,1545,1554,1563,1572,1581,1590,1599,1608,1617,1626,1635,1644,1653,1662,1671,1680,1689,1698,1707,1716,1725,
gold,39,
gold,40,277,286,295,304,313,322,331,340,349,358,367,376,385,394,403,412,421,430,439,448,457,466,475,484,493,502,511,520,529,538,547,556,565,574,583,592,601,610,619,628,637,646,655,664,673,682,691,700,709,718,727,736,745,754,763,772,781,790,799,808,817,826,835,844,853,862,871,880,889,898,907,916,925,934,943,952,961,970,979,988,997,1006,1015,1024,1033,1042,1051,1060,1069,1078,1087,1096,1105,1114,1123,1132,1141,1150,1159,1168,1177,1186,1195,1204,1213,1222,1231,1240,1249,1258,1267,1276,1285,1294,1303,1312,1321,1330,1339,1348,1357,1366,1375,1384,1393,1402,1411,1420,1429,1438,1447,1456,1465,1474,1483,1492,1501,1510,1519,1528,1537,1546,1555,1564,1573,1582,1591,1600,1609,1618,1627,1636,1645,1654,1663,1672,1681,1690,1699,1708,1717,1726,
gold,40,
gold,41,285,286,287,288,289,290,291,292,293,366,367,368,369,370,371,372,373,374,447,448,449,450,451,452,453,454,455,528,529,530,531,532,533,534,535,536,609,610,611,612,613,614,615,616,617,690,691,692,693,694,695,696,697,698,771,772,773,774,775,776,777,778,779,852,853,854,855,856,857,858,859,860,933,934,935,936,937,938,939,940,941,1014,1015,1016,1017,1018,1019,1020,1021,1022,1095,1096,1097,1098,1099,1100,1101,1102,1103,1176,1177,1178,1179,1180,1181,1182,1183,1184,1257,1258,1259,1260,1261,1262,1263,1264,1265,1338,1339,1340,1341,1342,1343,1344,1345,1346,1419,1420,1421,1422,1423,1424,1425,1426,1427,1500,1501,1502,1503,1504,1505,1506,1507,1508,1581,1582,1583,1584,1585,1586,1587,1588,1589,1662,1663,1664,1665,1666,1667,1668,1669,1670,
gold,41,
gold,42,303,304,305,306,307,308,309,310,311,384,385,386,387,388,389,390,391,392,465,466,467,468,469,470,471,472,473,546,547,548,549,550,551,552,553,554,627,628,629,630,631,632,633,634,635,708,709,710,711,712,713,714,715,716,789,790,791,792,793,794,795,796,797,870,871,872,873,874,875,876,877,878,951,952,953,954,955,956,957,958,959,1032,1033,1034,1035,1036,1037,1038,1039,1040,1113,1114,1115,1116,1117,1118,1119,1120,1121,1194,1195,1196,1197,1198,1199,1200,1201,1202,1275,1276,1277,1278,1279,1280,1281,1282,1283,1356,1357,1358,1359,1360,1361,1362,1363,1364,1437,1438,1439,1440,1441,1442,1443,1444,1445,1518,1519,1520,1521,1522,1523,1524,1525,1526,1599,1600,1601,1602,1603,1604,1605,1606,1607,1680,1681,1682,1683,1684,1685,1686,1687,1688,
gold,42,
gold,43,279,288,297,306,315,324,333,342,351,360,369,378,387,396,405,414,423,432,441,450,459,468,477,486,495,504,513,522,531,540,549,558,567,576,585,594,603,612,621,630,639,648,657,666,675,684,693,702,711,720,729,738,747,756,765,774,783,792,801,810,819,828,837,846,855,864,873,882,891,900,909,918,927,936,945,954,963,972,981,990,999,1008,1017,1026,1035,1044,1053,1062,1071,1080,1089,1098,1107,1116,1125,1134,1143,1152,1161,1170,1179,1188,1197,1206,1215,1224,1233,1242,1251,1260,1269,1278,1287,1296,1305,1314,1323,1332,1341,1350,1359,1368,1377,1386,1395,1404,1413,1422,1431,1440,1449,1458,1467,1476,1485,1494,1503,1512,1521,1530,1539,1548,1557,1566,1575,1584,1593,1602,1611,1620,1629,1638,1647,1656,1665,1674,1683,1692,1701,1710,1719,1728,
gold,43,
gold,44,280,289,298,307,316,325,334,343,352,361,370,379,388,397,406,415,424,433,442,451,460,469,478,487,496,505,514,523,532,541,550,559,568,577,586,595,604,613,622,631,640,649,658,667,676,685,694,703,712,721,730,739,748,757,766,775,784,793,802,811,820,829,838,847,856,865,874,883,892,901,910,919,928,937,946,955,964,973,982,991,1000,1009,1018,1027,1036,1045,1054,1063,1072,1081,1090,1099,1108,1117,1126,1135,1144,1153,1162,1171,1180,1189,1198,1207,1216,1225,1234,1243,1252,1261,1270,1279,1288,1297,1306,1315,1324,1333,1342,1351,1360,1369,1378,1387,1396,1405,1414,1423,1432,1441,1450,1459,1468,1477,1486,1495,1504,1513,1522,1531,1540,1549,1558,1567,1576,1585,1594,1603,1612,1621,1630,1639,1648,1657,1666,1675,1684,1693,1702,1711,1720,1729,
gold,44,
gold,45,312,313,314,315,316,317,318,319,320,393,394,395,396,397,398,399,400,401,474,475,476,477,478,479,480,481,482,555,556,557,558,559,560,561,562,563,636,637,638,639,640,641,642,643,644,717,718,719,720,721,722,723,724,725,798,799,800,801,802,803,804,805,806,879,880,881,882,883,884,885,886,887,960,961,962,963,964,965,966,967,968,1041,1042,1043,1044,1045,1046,1047,1048,1049,1122,1123,1124,1125,1126,1127,1128,1129,1130,1203,1204,1205,1206,1207,1208,1209,1210,1211,1284,1285,1286,1287,1288,1289,1290,1291,1292,1365,1366,1367,1368,1369,1370,1371,1372,1373,1446,1447,1448,1449,1450,1451,1452,1453,1454,1527,1528,1529,1530,1531,1532,1533,1534,1535,1608,1609,1610,1611,1612,1613,1614,1615,1616,1689,1690,1691,1692,1693,1694,1695,1696,1697,
gold,45,
gold,46,330,331,332,333,334,335,336,337,338,411,412,413,414,415,416,417,418,419,492,493,494,495,496,497,498,499,500,573,574,575,576,577,578,579,580,581,654,655,656,657,658,659,660,661,662,735,736,737,738,739,740,741,742,743,816,817,818,819,820,821,822,823,824,897,898,899,900,901,902,903,904,905,978,979,980,981,982,983,984,985,986,1059,1060,1061,1062,1063,1064,1065,1066,1067,1140,1141,1142,1143,1144,1145,1146,1147,1148,1221,1222,1223,1224,1225,1226,1227,1228,1229,1302,1303,1304,1305,1306,1307,1308,1309,1310,1383,1384,1385,1386,1387,1388,1389,1390,1391,1464,1465,1466,1467,1468,1469,1470,1471,1472,1545,1546,1547,1548,1549,1550,1551,1552,1553,1626,1627,1628,1629,1630,1631,1632,1633,1634,1707,1708,1709,1710,1711,1712,1713,1714,1715,
gold,46,
gold,47,281,290,299,308,317,326,335,344,353,362,371,380,389,398,407,416,425,434,443,452,461,470,479,488,497,506,515,524,533,542,551,560,569,578,587,596,605,614,623,632,641,650,659,668,677,686,695,704,713,722,731,740,749,758,767,776,785,794,803,812,821,830,839,848,857,866,875,884,893,902,911,920,929,938,947,956,965,974,983,992,1001,1010,1019,1028,1037,1046,1055,1064,1073,1082,1091,1100,1109,1118,1127,1136,1145,1154,1163,1172,1181,1190,1199,1208,1217,1226,1235,1244,1253,1262,1271,1280,1289,1298,1307,1316,1325,1334,1343,1352,1361,1370,1379,1388,1397,1406,1415,1424,1433,1442,1451,1460,1469,1478,1487,1496,1505,1514,1523,1532,1541,1550,1559,1568,1577,1586,1595,1604,1613,1622,1631,1640,1649,1658,1667,1676,1685,1694,1703,1712,1721,1730,
gold,47,
gold,48,283,292,301,310,319,328,337,346,355,364,373,382,391,400,409,418,427,436,445,454,463,472,481,490,499,508,517,526,535,544,553,562,571,580,589,598,607,616,625,634,643,652,661,670,679,688,697,706,715,724,733,742,751,760,769,778,787,796,805,814,823,832,841,850,859,868,877,886,895,904,913,922,931,940,949,958,967,976,985,994,1003,1012,1021,1030,1039,1048,1057,1066,1075,1084,1093,1102,1111,1120,1129,1138,1147,1156,1165,1174,1183,1192,1201,1210,1219,1228,1237,1246,1255,1264,1273,1282,1291,1300,1309,1318,1327,1336,1345,1354,1363,1372,1381,1390,1399,1408,1417,1426,1435,1444,1453,1462,1471,1480,1489,1498,1507,1516,1525,1534,1543,1552,1561,1570,1579,1588,1597,1606,1615,1624,1633,1642,1651,1660,1669,1678,1687,1696,1705,1714,1723,1732,
gold,48,
gold,49,348,349,350,351,352,353,354,355,356,429,430,431,432,433,434,435,436,437,510,511,512,513,514,515,516,517,518,591,592,593,594,595,596,597,598,599,672,673,674,675,676,677,678,679,680,753,754,755,756,757,758,759,760,761,834,835,836,837,838,839,840,841,842,915,916,917,918,919,920,921,922,923,996,997,998,999,1000,1001,1002,1003,1004,1077,1078,1079,1080,1081,1082,1083,1084,1085,1158,1159,1160,1161,1162,1163,1164,1165,1166,1239,1240,1241,1242,1243,1244,1245,1246,1247,1320,1321,1322,1323,1324,1325,1326,1327,1328,1401,1402,1403,1404,1405,1406,1407,1408,1409,1482,1483,1484,1485,1486,1487,1488,1489,1490,1563,1564,1565,1566,1567,1568,1569,1570,1571,1644,1645,1646,1647,1648,1649,1650,1651,1652,1725,1726,1727,1728,1729,1730,1731,1732,1733,
gold,49,
gold,50,1932,1933,1934,
gold,50,276,277,278,279,280,281,282,283,284,285,286,287,288,289,290,291,292,293,294,295,296,297,298,299,300,301,302,303,304,305,306,307,308,309,310,311,312,313,314,315,316,317,318,319,320,321,322,323,324,325,326,327,328,329,330,331,332,333,334,335,336,337,338,339,340,341,342,343,344,345,346,347,348,349,350,351,352,353,354,355,356,1734,1735,1736,1737,1738,1739,1740,1741,1742,
gold,50,1986,1989,1992,1995,1998,2001,2310,2313,2316,
gold,50,1987,1990,1993,1996,1999,2002,2311,2314,2317,
gold,50,1988,1991,1994,1997,2000,2003,2312,2315,2318,
gold,50,
gold,51,294,295,296,297,298,299,300,301,302,375,376,377,378,379,380,381,382,383,456,457,458,459,460,461,462,463,464,537,538,539,540,541,542,543,544,545,618,619,620,621,622,623,624,625,626,699,700,701,702,703,704,705,706,707,780,781,782,783,784,785,786,787,788,861,862,863,864,865,866,867,868,869,942,943,944,945,946,947,948,949,950,1023,1024,1025,1026,1027,1028,1029,1030,1031,1104,1105,1106,1107,1108,1109,1110,1111,1112,1185,1186,1187,1188,1189,1190,1191,1192,1193,1266,1267,1268,1269,1270,1271,1272,1273,1274,1347,1348,1349,1350,1351,1352,1353,1354,1355,1428,1429,1430,1431,1432,1433,1434,1435,1436,1509,1510,1511,1512,1513,1514,1515,1516,1517,1590,1591,1592,1593,1594,1595,1596,1597,1598,1671,1672,1673,1674,1675,1676,1677,1678,1679,1734,1735,1736,1743,1744,1745,1752,1753,1754,1761,1762,1763,1770,1771,1772,1779,1780,1781,1788,1789,1790,1797,1798,1799,1806,1807,1808,1815,1816,1817,1824,1825,1826,1833,1834,1835,1842,1843,1844,1851,1852,1853,1860,1861,1862,1869,1870,1871,1878,1879,1880,1887,1888,1889,
gold,51,
gold,52,278,287,296,305,314,323,332,341,350,359,368,377,386,395,404,413,422,431,440,449,458,467,476,485,494,503,512,521,530,539,548,557,566,575,584,593,602,611,620,629,638,647,656,665,674,683,692,701,710,719,728,737,746,755,764,773,782,791,800,809,818,827,836,845,854,863,872,881,890,899,908,917,926,935,944,953,962,971,980,989,998,1007,1016,1025,1034,1043,1052,1061,1070,1079,1088,1097,1106,1115,1124,1133,1142,1151,1160,1169,1178,1187,1196,1205,1214,1223,1232,1241,1250,1259,1268,1277,1286,1295,1304,1313,1322,1331,1340,1349,1358,1367,1376,1385,1394,1403,1412,1421,1430,1439,1448,1457,1466,1475,1484,1493,1502,1511,1520,1529,1538,1547,1556,1565,1574,1583,1592,1601,1610,1619,1628,1637,1646,1655,1664,1673,1682,1691,1700,1709,1718,1727,1734,1737,1740,1743,1746,1749,1752,1755,1758,1761,1764,1767,1770,1773,1776,1779,1782,1785,1788,1791,1794,1797,1800,1803,1806,1809,1812,1815,1818,1821,1824,1827,1830,1833,1836,1839,1842,1845,1848,1851,1854,1857,1860,1863,1866,1869,1872,1875,1878,1881,1884,1887,1890,1893,
gold,52,
gold,53,282,291,300,309,318,327,336,345,354,363,372,381,390,399,408,417,426,435,444,453,462,471,480,489,498,507,516,525,534,543,552,561,570,579,588,597,606,615,624,633,642,651,660,669,678,687,696,705,714,723,732,741,750,759,768,777,786,795,804,813,822,831,840,849,858,867,876,885,894,903,912,921,930,939,948,957,966,975,984,993,1002,1011,1020,1029,1038,1047,1056,1065,1074,1083,1092,1101,1110,1119,1128,1137,1146,1155,1164,1173,1182,1191,1200,1209,1218,1227,1236,1245,1254,1263,1272,1281,1290,1299,1308,1317,1326,1335,1344,1353,1362,1371,1380,1389,1398,1407,1416,1425,1434,1443,1452,1461,1470,1479,1488,1497,1506,1515,1524,1533,1542,1551,1560,1569,1578,1587,1596,1605,1614,1623,1632,1641,1650,1659,1668,1677,1686,1695,1704,1713,1722,1731,1735,1738,1741,1744,1747,1750,1753,1756,1759,1762,1765,1768,1771,1774,1777,1780,1783,1786,1789,1792,1795,1798,1801,1804,1807,1810,1813,1816,1819,1822,1825,1828,1831,1834,1837,1840,1843,1846,1849,1852,1855,1858,1861,1864,1867,1870,1873,1876,1879,1882,1885,1888,1891,1894,
gold,53,
gold,54,321,322,323,324,325,326,327,328,329,402,403,404,405,406,407,408,409,410,483,484,485,486,487,488,489,490,491,564,565,566,567,568,569,570,571,572,645,646,647,648,649,650,651,652,653,726,727,728,729,730,731,732,733,734,807,808,809,810,811,812,813,814,815,888,889,890,891,892,893,894,895,896,969,970,971,972,973,974,975,976,977,1050,1051,1052,1053,1054,1055,1056,1057,1058,1131,1132,1133,1134,1135,1136,1137,1138,1139,1212,1213,1214,1215,1216,1217,1218,1219,1220,1293,1294,1295,1296,1297,1298,1299,1300,1301,1374,1375,1376,1377,1378,1379,1380,1381,1382,1455,1456,1457,1458,1459,1460,1461,1462,1463,1536,1537,1538,1539,1540,1541,1542,1543,1544,1617,1618,1619,1620,1621,1622,1623,1624,1625,1698,1699,1700,1701,1702,1703,1704,1705,1706,1737,1738,1739,1746,1747,1748,1755,1756,1757,1764,1765,1766,1773,1774,1775,1782,1783,1784,1791,1792,1793,1800,1801,1802,1809,1810,1811,1818,1819,1820,1827,1828,1829,1836,1837,1838,1845,1846,1847,1854,1855,1856,1863,1864,1865,1872,1873,1874,1881,1882,1883,1890,1891,1892,
gold,54,
gold,55,339,340,341,342,343,344,345,346,347,420,421,422,423,424,425,426,427,428,501,502,503,504,505,506,507,508,509,582,583,584,585,586,587,588,589,590,663,664,665,666,667,668,669,670,671,744,745,746,747,748,749,750,751,752,825,826,827,828,829,830,831,832,833,906,907,908,909,910,911,912,913,914,987,988,989,990,991,992,993,994,995,1068,1069,1070,1071,1072,1073,1074,1075,1076,1149,1150,1151,1152,1153,1154,1155,1156,1157,1230,1231,1232,1233,1234,1235,1236,1237,1238,1311,1312,1313,1314,1315,1316,1317,1318,1319,1392,1393,1394,1395,1396,1397,1398,1399,1400,1473,1474,1475,1476,1477,1478,1479,1480,1481,1554,1555,1556,1557,1558,1559,1560,1561,1562,1635,1636,1637,1638,1639,1640,1641,1642,1643,1716,1717,1718,1719,1720,1721,1722,1723,1724,1740,1741,1742,1749,1750,1751,1758,1759,1760,1767,1768,1769,1776,1777,1778,1785,1786,1787,1794,1795,1796,1803,1804,1805,1812,1813,1814,1821,1822,1823,1830,1831,1832,1839,1840,1841,1848,1849,1850,1857,1858,1859,1866,1867,1868,1875,1876,1877,1884,1885,1886,1893,1894,1895,
gold,55,
gold,56,284,293,302,311,320,329,338,347,356,365,374,383,392,401,410,419,428,437,446,455,464,473,482,491,500,509,518,527,536,545,554,563,572,581,590,599,608,617,626,635,644,653,662,671,680,689,698,707,716,725,734,743,752,761,770,779,788,797,806,815,824,833,842,851,860,869,878,887,896,905,914,923,932,941,950,959,968,977,986,995,1004,1013,1022,1031,1040,1049,1058,1067,1076,1085,1094,1103,1112,1121,1130,1139,1148,1157,1166,1175,1184,1193,1202,1211,1220,1229,1238,1247,1256,1265,1274,1283,1292,1301,1310,1319,1328,1337,1346,1355,1364,1373,1382,1391,1400,1409,1418,1427,1436,1445,1454,1463,1472,1481,1490,1499,1508,1517,1526,1535,1544,1553,1562,1571,1580,1589,1598,1607,1616,1625,1634,1643,1652,1661,1670,1679,1688,1697,1706,1715,1724,1733,1736,1739,1742,1745,1748,1751,1754,1757,1760,1763,1766,1769,1772,1775,1778,1781,1784,1787,1790,1793,1796,1799,1802,1805,1808,1811,1814,1817,1820,1823,1826,1829,1832,1835,1838,1841,1844,1847,1850,1853,1856,1859,1862,1865,1868,1871,1874,1877,1880,1883,1886,1889,1892,1895,
gold,56,
red,57,
gold,57,
red,58,
gold,58,
red,59,
gold,59,
red,60,
gold,60,
red,61,
gold,61,
red,62,
gold,62,
red,63,
gold,63,
red,64,
gold,64,
red,65,
gold,65,
lightskyblue,217,219,240,
lightskyblue,217,221,240,
lightskyblue,217,249,240,
lightskyblue,217,227,240,
lightskyblue,217,229,240,
lightskyblue,217,235,240,
lightskyblue,217,251,240,
lightskyblue,217,237,240,
lightskyblue,217,257,240,
lightskyblue,223,219,240,
lightskyblue,223,221,240,
lightskyblue,223,249,240,
lightskyblue,223,227,240,
lightskyblue,223,229,240,
lightskyblue,223,235,240,
lightskyblue,223,251,240,
lightskyblue,223,237,240,
lightskyblue,223,257,240,
lightskyblue,247,219,240,
lightskyblue,247,221,240,
lightskyblue,247,249,240,
lightskyblue,247,227,240,
lightskyblue,247,229,240,
lightskyblue,247,235,240,
lightskyblue,247,251,240,
lightskyblue,247,237,240,
lightskyblue,247,257,240,
lightskyblue,225,219,240,
lightskyblue,225,221,240,
lightskyblue,225,249,240,
lightskyblue,225,227,240,
lightskyblue,225,229,240,
lightskyblue,225,235,240,
lightskyblue,225,251,240,
lightskyblue,225,237,240,
lightskyblue,225,257,240,
lightskyblue,231,219,240,
lightskyblue,231,221,240,
lightskyblue,231,249,240,
lightskyblue,231,227,240,
lightskyblue,231,229,240,
lightskyblue,231,235,240,
lightskyblue,231,251,240,
lightskyblue,231,237,240,
lightskyblue,231,257,240,
lightskyblue,253,219,240,
lightskyblue,253,221,240,
lightskyblue,253,249,240,
lightskyblue,253,227,240,
lightskyblue,253,229,240,
lightskyblue,253,235,240,
lightskyblue,253,251,240,
lightskyblue,253,237,240,
lightskyblue,253,257,240,
lightskyblue,233,219,240,
lightskyblue,233,221,240,
lightskyblue,233,249,240,
lightskyblue,233,227,240,
lightskyblue,233,229,240,
lightskyblue,233,235,240,
lightskyblue,233,251,240,
lightskyblue,233,237,240,
lightskyblue,233,257,240,
lightskyblue,255,219,240,
lightskyblue,255,221,240,
lightskyblue,255,249,240,
lightskyblue,255,227,240,
lightskyblue,255,229,240,
lightskyblue,255,235,240,
lightskyblue,255,251,240,
lightskyblue,255,237,240,
lightskyblue,255,257,240,
lightskyblue,239,219,240,
lightskyblue,239,221,240,
lightskyblue,239,249,240,
lightskyblue,239,227,240,
lightskyblue,239,229,240,
lightskyblue,239,235,240,
lightskyblue,239,251,240,
lightskyblue,239,237,240,
lightskyblue,239,257,240,
lightskyblue,217,219,114,
lightskyblue,217,221,114,
lightskyblue,217,249,114,
lightskyblue,217,227,114,
lightskyblue,217,229,114,
lightskyblue,217,235,114,
lightskyblue,217,251,114,
lightskyblue,217,237,114,
lightskyblue,217,257,114,
lightskyblue,223,219,114,
lightskyblue,223,221,114,
lightskyblue,223,249,114,
lightskyblue,223,227,114,
lightskyblue,223,229,114,
lightskyblue,223,235,114,
lightskyblue,223,251,114,
lightskyblue,223,237,114,
lightskyblue,223,257,114,
lightskyblue,247,219,114,
lightskyblue,247,221,114,
lightskyblue,247,249,114,
lightskyblue,247,227,114,
lightskyblue,247,229,114,
lightskyblue,247,235,114,
lightskyblue,247,251,114,
lightskyblue,247,237,114,
lightskyblue,247,257,114,
lightskyblue,225,219,114,
lightskyblue,225,221,114,
lightskyblue,225,249,114,
lightskyblue,225,227,114,
lightskyblue,225,229,114,
lightskyblue,225,235,114,
lightskyblue,225,251,114,
lightskyblue,225,237,114,
lightskyblue,225,257,114,
lightskyblue,231,219,114,
lightskyblue,231,221,114,
lightskyblue,231,249,114,
lightskyblue,231,227,114,
lightskyblue,231,229,114,
lightskyblue,231,235,114,
lightskyblue,231,251,114,
lightskyblue,231,237,114,
lightskyblue,231,257,114,
lightskyblue,253,219,114,
lightskyblue,253,221,114,
lightskyblue,253,249,114,
lightskyblue,253,227,114,
lightskyblue,253,229,114,
lightskyblue,253,235,114,
lightskyblue,253,251,114,
lightskyblue,253,237,114,
lightskyblue,253,257,114,
lightskyblue,233,219,114,
lightskyblue,233,221,114,
lightskyblue,233,249,114,
lightskyblue,233,227,114,
lightskyblue,233,229,114,
lightskyblue,233,235,114,
lightskyblue,233,251,114,
lightskyblue,233,237,114,
lightskyblue,233,257,114,
lightskyblue,255,219,114,
lightskyblue,255,221,114,
lightskyblue,255,249,114,
lightskyblue,255,227,114,
lightskyblue,255,229,114,
lightskyblue,255,235,114,
lightskyblue,255,251,114,
lightskyblue,255,237,114,
lightskyblue,255,257,114,
lightskyblue,239,219,114,
lightskyblue,239,221,114,
lightskyblue,239,249,114,
lightskyblue,239,227,114,
lightskyblue,239,229,114,
lightskyblue,239,235,114,
lightskyblue,239,251,114,
lightskyblue,239,237,114,
lightskyblue,239,257,114,
lightskyblue,217,219,120,
lightskyblue,217,221,120,
lightskyblue,217,249,120,
lightskyblue,217,227,120,
lightskyblue,217,229,120,
lightskyblue,217,235,120,
lightskyblue,217,251,120,
lightskyblue,217,237,120,
lightskyblue,217,257,120,
lightskyblue,223,219,120,
lightskyblue,223,221,120,
lightskyblue,223,249,120,
lightskyblue,223,227,120,
lightskyblue,223,229,120,
lightskyblue,223,235,120,
lightskyblue,223,251,120,
lightskyblue,223,237,120,
lightskyblue,223,257,120,
lightskyblue,247,219,120,
lightskyblue,247,221,120,
lightskyblue,247,249,120,
lightskyblue,247,227,120,
lightskyblue,247,229,120,
lightskyblue,247,235,120,
lightskyblue,247,251,120,
lightskyblue,247,237,120,
lightskyblue,247,257,120,
lightskyblue,225,219,120,
lightskyblue,225,221,120,
lightskyblue,225,249,120,
lightskyblue,225,227,120,
lightskyblue,225,229,120,
lightskyblue,225,235,120,
lightskyblue,225,251,120,
lightskyblue,225,237,120,
lightskyblue,225,257,120,
lightskyblue,231,219,120,
lightskyblue,231,221,120,
lightskyblue,231,249,120,
lightskyblue,231,227,120,
lightskyblue,231,229,120,
lightskyblue,231,235,120,
lightskyblue,231,251,120,
lightskyblue,231,237,120,
lightskyblue,231,257,120,
lightskyblue,253,219,120,
lightskyblue,253,221,120,
lightskyblue,253,249,120,
lightskyblue,253,227,120,
lightskyblue,253,229,120,
lightskyblue,253,235,120,
lightskyblue,253,251,120,
lightskyblue,253,237,120,
lightskyblue,253,257,120,
lightskyblue,233,219,120,
lightskyblue,233,221,120,
lightskyblue,233,249,120,
lightskyblue,233,227,120,
lightskyblue,233,229,120,
lightskyblue,233,235,120,
lightskyblue,233,251,120,
lightskyblue,233,237,120,
lightskyblue,233,257,120,
lightskyblue,255,219,120,
lightskyblue,255,221,120,
lightskyblue,255,249,120,
lightskyblue,255,227,120,
lightskyblue,255,229,120,
lightskyblue,255,235,120,
lightskyblue,255,251,120,
lightskyblue,255,237,120,
lightskyblue,255,257,120,
lightskyblue,239,219,120,
lightskyblue,239,221,120,
lightskyblue,239,249,120,
lightskyblue,239,227,120,
lightskyblue,239,229,120,
lightskyblue,239,235,120,
lightskyblue,239,251,120,
lightskyblue,239,237,120,
lightskyblue,239,257,120,
lightskyblue,217,219,126,
lightskyblue,217,221,126,
lightskyblue,217,249,126,
lightskyblue,217,227,126,
lightskyblue,217,229,126,
lightskyblue,217,235,126,
lightskyblue,217,251,126,
lightskyblue,217,237,126,
lightskyblue,217,257,126,
lightskyblue,223,219,126,
lightskyblue,223,221,126,
lightskyblue,223,249,126,
lightskyblue,223,227,126,
lightskyblue,223,229,126,
lightskyblue,223,235,126,
lightskyblue,223,251,126,
lightskyblue,223,237,126,
lightskyblue,223,257,126,
lightskyblue,247,219,126,
lightskyblue,247,221,126,
lightskyblue,247,249,126,
lightskyblue,247,227,126,
lightskyblue,247,229,126,
lightskyblue,247,235,126,
lightskyblue,247,251,126,
lightskyblue,247,237,126,
lightskyblue,247,257,126,
lightskyblue,225,219,126,
lightskyblue,225,221,126,
lightskyblue,225,249,126,
lightskyblue,225,227,126,
lightskyblue,225,229,126,
lightskyblue,225,235,126,
lightskyblue,225,251,126,
lightskyblue,225,237,126,
lightskyblue,225,257,126,
lightskyblue,231,219,126,
lightskyblue,231,221,126,
lightskyblue,231,249,126,
lightskyblue,231,227,126,
lightskyblue,231,229,126,
lightskyblue,231,235,126,
lightskyblue,231,251,126,
lightskyblue,231,237,126,
lightskyblue,231,257,126,
lightskyblue,253,219,126,
lightskyblue,253,221,126,
lightskyblue,253,249,126,
lightskyblue,253,227,126,
lightskyblue,253,229,126,
lightskyblue,253,235,126,
lightskyblue,253,251,126,
lightskyblue,253,237,126,
lightskyblue,253,257,126,
lightskyblue,233,219,126,
lightskyblue,233,221,126,
lightskyblue,233,249,126,
lightskyblue,233,227,126,
lightskyblue,233,229,126,
lightskyblue,233,235,126,
lightskyblue,233,251,126,
lightskyblue,233,237,126,
lightskyblue,233,257,126,
lightskyblue,255,219,126,
lightskyblue,255,221,126,
lightskyblue,255,249,126,
lightskyblue,255,227,126,
lightskyblue,255,229,126,
lightskyblue,255,235,126,
lightskyblue,255,251,126,
lightskyblue,255,237,126,
lightskyblue,255,257,126,
lightskyblue,239,219,126,
lightskyblue,239,221,126,
lightskyblue,239,249,126,
lightskyblue,239,227,126,
lightskyblue,239,229,126,
lightskyblue,239,235,126,
lightskyblue,239,251,126,
lightskyblue,239,237,126,
lightskyblue,239,257,126,
lightskyblue,217,219,132,
lightskyblue,217,221,132,
lightskyblue,217,249,132,
lightskyblue,217,227,132,
lightskyblue,217,229,132,
lightskyblue,217,235,132,
lightskyblue,217,251,132,
lightskyblue,217,237,132,
lightskyblue,217,257,132,
lightskyblue,223,219,132,
lightskyblue,223,221,132,
lightskyblue,223,249,132,
lightskyblue,223,227,132,
lightskyblue,223,229,132,
lightskyblue,223,235,132,
lightskyblue,223,251,132,
lightskyblue,223,237,132,
lightskyblue,223,257,132,
lightskyblue,247,219,132,
lightskyblue,247,221,132,
lightskyblue,247,249,132,
lightskyblue,247,227,132,
lightskyblue,247,229,132,
lightskyblue,247,235,132,
lightskyblue,247,251,132,
lightskyblue,247,237,132,
lightskyblue,247,257,132,
lightskyblue,225,219,132,
lightskyblue,225,221,132,
lightskyblue,225,249,132,
lightskyblue,225,227,132,
lightskyblue,225,229,132,
lightskyblue,225,235,132,
lightskyblue,225,251,132,
lightskyblue,225,237,132,
lightskyblue,225,257,132,
lightskyblue,231,219,132,
lightskyblue,231,221,132,
lightskyblue,231,249,132,
lightskyblue,231,227,132,
lightskyblue,231,229,132,
lightskyblue,231,235,132,
lightskyblue,231,251,132,
lightskyblue,231,237,132,
lightskyblue,231,257,132,
lightskyblue,253,219,132,
lightskyblue,253,221,132,
lightskyblue,253,249,132,
lightskyblue,253,227,132,
lightskyblue,253,229,132,
lightskyblue,253,235,132,
lightskyblue,253,251,132,
lightskyblue,253,237,132,
lightskyblue,253,257,132,
lightskyblue,233,219,132,
lightskyblue,233,221,132,
lightskyblue,233,249,132,
lightskyblue,233,227,132,
lightskyblue,233,229,132,
lightskyblue,233,235,132,
lightskyblue,233,251,132,
lightskyblue,233,237,132,
lightskyblue,233,257,132,
lightskyblue,255,219,132,
lightskyblue,255,221,132,
lightskyblue,255,249,132,
lightskyblue,255,227,132,
lightskyblue,255,229,132,
lightskyblue,255,235,132,
lightskyblue,255,251,132,
lightskyblue,255,237,132,
lightskyblue,255,257,132,
lightskyblue,239,219,132,
lightskyblue,239,221,132,
lightskyblue,239,249,132,
lightskyblue,239,227,132,
lightskyblue,239,229,132,
lightskyblue,239,235,132,
lightskyblue,239,251,132,
lightskyblue,239,237,132,
lightskyblue,239,257,132,
lightskyblue,217,219,138,
lightskyblue,217,221,138,
lightskyblue,217,249,138,
lightskyblue,217,227,138,
lightskyblue,217,229,138,
lightskyblue,217,235,138,
lightskyblue,217,251,138,
lightskyblue,217,237,138,
lightskyblue,217,257,138,
lightskyblue,223,219,138,
lightskyblue,223,221,138,
lightskyblue,223,249,138,
lightskyblue,223,227,138,
lightskyblue,223,229,138,
lightskyblue,223,235,138,
lightskyblue,223,251,138,
lightskyblue,223,237,138,
lightskyblue,223,257,138,
lightskyblue,247,219,138,
lightskyblue,247,221,138,
lightskyblue,247,249,138,
lightskyblue,247,227,138,
lightskyblue,247,229,138,
lightskyblue,247,235,138,
lightskyblue,247,251,138,
lightskyblue,247,237,138,
lightskyblue,247,257,138,
lightskyblue,225,219,138,
lightskyblue,225,221,138,
lightskyblue,225,249,138,
lightskyblue,225,227,138,
lightskyblue,225,229,138,
lightskyblue,225,235,138,
lightskyblue,225,251,138,
lightskyblue,225,237,138,
lightskyblue,225,257,138,
lightskyblue,231,219,138,
lightskyblue,231,221,138,
lightskyblue,231,249,138,
lightskyblue,231,227,138,
lightskyblue,231,229,138,
lightskyblue,231,235,138,
lightskyblue,231,251,138,
lightskyblue,231,237,138,
lightskyblue,231,257,138,
lightskyblue,253,219,138,
lightskyblue,253,221,138,
lightskyblue,253,249,138,
lightskyblue,253,227,138,
lightskyblue,253,229,138,
lightskyblue,253,235,138,
lightskyblue,253,251,138,
lightskyblue,253,237,138,
lightskyblue,253,257,138,
lightskyblue,233,219,138,
lightskyblue,233,221,138,
lightskyblue,233,249,138,
lightskyblue,233,227,138,
lightskyblue,233,229,138,
lightskyblue,233,235,138,
lightskyblue,233,251,138,
lightskyblue,233,237,138,
lightskyblue,233,257,138,
lightskyblue,255,219,138,
lightskyblue,255,221,138,
lightskyblue,255,249,138,
lightskyblue,255,227,138,
lightskyblue,255,229,138,
lightskyblue,255,235,138,
lightskyblue,255,251,138,
lightskyblue,255,237,138,
lightskyblue,255,257,138,
lightskyblue,239,219,138,
lightskyblue,239,221,138,
lightskyblue,239,249,138,
lightskyblue,239,227,138,
lightskyblue,239,229,138,
lightskyblue,239,235,138,
lightskyblue,239,251,138,
lightskyblue,239,237,138,
lightskyblue,239,257,138,
lightskyblue,217,219,144,
lightskyblue,217,221,144,
lightskyblue,217,249,144,
lightskyblue,217,227,144,
lightskyblue,217,229,144,
lightskyblue,217,235,144,
lightskyblue,217,251,144,
lightskyblue,217,237,144,
lightskyblue,217,257,144,
lightskyblue,223,219,144,
lightskyblue,223,221,144,
lightskyblue,223,249,144,
lightskyblue,223,227,144,
lightskyblue,223,229,144,
lightskyblue,223,235,144,
lightskyblue,223,251,144,
lightskyblue,223,237,144,
lightskyblue,223,257,144,
lightskyblue,247,219,144,
lightskyblue,247,221,144,
lightskyblue,247,249,144,
lightskyblue,247,227,144,
lightskyblue,247,229,144,
lightskyblue,247,235,144,
lightskyblue,247,251,144,
lightskyblue,247,237,144,
lightskyblue,247,257,144,
lightskyblue,225,219,144,
lightskyblue,225,221,144,
lightskyblue,225,249,144,
lightskyblue,225,227,144,
lightskyblue,225,229,144,
lightskyblue,225,235,144,
lightskyblue,225,251,144,
lightskyblue,225,237,144,
lightskyblue,225,257,144,
lightskyblue,231,219,144,
lightskyblue,231,221,144,
lightskyblue,231,249,144,
lightskyblue,231,227,144,
lightskyblue,231,229,144,
lightskyblue,231,235,144,
lightskyblue,231,251,144,
lightskyblue,231,237,144,
lightskyblue,231,257,144,
lightskyblue,253,219,144,
lightskyblue,253,221,144,
lightskyblue,253,249,144,
lightskyblue,253,227,144,
lightskyblue,253,229,144,
lightskyblue,253,235,144,
lightskyblue,253,251,144,
lightskyblue,253,237,144,
lightskyblue,253,257,144,
lightskyblue,233,219,144,
lightskyblue,233,221,144,
lightskyblue,233,249,144,
lightskyblue,233,227,144,
lightskyblue,233,229,144,
lightskyblue,233,235,144,
lightskyblue,233,251,144,
lightskyblue,233,237,144,
lightskyblue,233,257,144,
lightskyblue,255,219,144,
lightskyblue,255,221,144,
lightskyblue,255,249,144,
lightskyblue,255,227,144,
lightskyblue,255,229,144,
lightskyblue,255,235,144,
lightskyblue,255,251,144,
lightskyblue,255,237,144,
lightskyblue,255,257,144,
lightskyblue,239,219,144,
lightskyblue,239,221,144,
lightskyblue,239,249,144,
lightskyblue,239,227,144,
lightskyblue,239,229,144,
lightskyblue,239,235,144,
lightskyblue,239,251,144,
lightskyblue,239,237,144,
lightskyblue,239,257,144,
lightskyblue,217,219,150,
lightskyblue,217,221,150,
lightskyblue,217,249,150,
lightskyblue,217,227,150,
lightskyblue,217,229,150,
lightskyblue,217,235,150,
lightskyblue,217,251,150,
lightskyblue,217,237,150,
lightskyblue,217,257,150,
lightskyblue,223,219,150,
lightskyblue,223,221,150,
lightskyblue,223,249,150,
lightskyblue,223,227,150,
lightskyblue,223,229,150,
lightskyblue,223,235,150,
lightskyblue,223,251,150,
lightskyblue,223,237,150,
lightskyblue,223,257,150,
lightskyblue,247,219,150,
lightskyblue,247,221,150,
lightskyblue,247,249,150,
lightskyblue,247,227,150,
lightskyblue,247,229,150,
lightskyblue,247,235,150,
lightskyblue,247,251,150,
lightskyblue,247,237,150,
lightskyblue,247,257,150,
lightskyblue,225,219,150,
lightskyblue,225,221,150,
lightskyblue,225,249,150,
lightskyblue,225,227,150,
lightskyblue,225,229,150,
lightskyblue,225,235,150,
lightskyblue,225,251,150,
lightskyblue,225,237,150,
lightskyblue,225,257,150,
lightskyblue,231,219,150,
lightskyblue,231,221,150,
lightskyblue,231,249,150,
lightskyblue,231,227,150,
lightskyblue,231,229,150,
lightskyblue,231,235,150,
lightskyblue,231,251,150,
lightskyblue,231,237,150,
lightskyblue,231,257,150,
lightskyblue,253,219,150,
lightskyblue,253,221,150,
lightskyblue,253,249,150,
lightskyblue,253,227,150,
lightskyblue,253,229,150,
lightskyblue,253,235,150,
lightskyblue,253,251,150,
lightskyblue,253,237,150,
lightskyblue,253,257,150,
lightskyblue,233,219,150,
lightskyblue,233,221,150,
lightskyblue,233,249,150,
lightskyblue,233,227,150,
lightskyblue,233,229,150,
lightskyblue,233,235,150,
lightskyblue,233,251,150,
lightskyblue,233,237,150,
lightskyblue,233,257,150,
lightskyblue,255,219,150,
lightskyblue,255,221,150,
lightskyblue,255,249,150,
lightskyblue,255,227,150,
lightskyblue,255,229,150,
lightskyblue,255,235,150,
lightskyblue,255,251,150,
lightskyblue,255,237,150,
lightskyblue,255,257,150,
lightskyblue,239,219,150,
lightskyblue,239,221,150,
lightskyblue,239,249,150,
lightskyblue,239,227,150,
lightskyblue,239,229,150,
lightskyblue,239,235,150,
lightskyblue,239,251,150,
lightskyblue,239,237,150,
lightskyblue,239,257,150,
lightskyblue,217,219,156,
lightskyblue,217,221,156,
lightskyblue,217,249,156,
lightskyblue,217,227,156,
lightskyblue,217,229,156,
lightskyblue,217,235,156,
lightskyblue,217,251,156,
lightskyblue,217,237,156,
lightskyblue,217,257,156,
lightskyblue,223,219,156,
lightskyblue,223,221,156,
lightskyblue,223,249,156,
lightskyblue,223,227,156,
lightskyblue,223,229,156,
lightskyblue,223,235,156,
lightskyblue,223,251,156,
lightskyblue,223,237,156,
lightskyblue,223,257,156,
lightskyblue,247,219,156,
lightskyblue,247,221,156,
lightskyblue,247,249,156,
lightskyblue,247,227,156,
lightskyblue,247,229,156,
lightskyblue,247,235,156,
lightskyblue,247,251,156,
lightskyblue,247,237,156,
lightskyblue,247,257,156,
lightskyblue,225,219,156,
lightskyblue,225,221,156,
lightskyblue,225,249,156,
lightskyblue,225,227,156,
lightskyblue,225,229,156,
lightskyblue,225,235,156,
lightskyblue,225,251,156,
lightskyblue,225,237,156,
lightskyblue,225,257,156,
lightskyblue,231,219,156,
lightskyblue,231,221,156,
lightskyblue,231,249,156,
lightskyblue,231,227,156,
lightskyblue,231,229,156,
lightskyblue,231,235,156,
lightskyblue,231,251,156,
lightskyblue,231,237,156,
lightskyblue,231,257,156,
lightskyblue,253,219,156,
lightskyblue,253,221,156,
lightskyblue,253,249,156,
lightskyblue,253,227,156,
lightskyblue,253,229,156,
lightskyblue,253,235,156,
lightskyblue,253,251,156,
lightskyblue,253,237,156,
lightskyblue,253,257,156,
lightskyblue,233,219,156,
lightskyblue,233,221,156,
lightskyblue,233,249,156,
lightskyblue,233,227,156,
lightskyblue,233,229,156,
lightskyblue,233,235,156,
lightskyblue,233,251,156,
lightskyblue,233,237,156,
lightskyblue,233,257,156,
lightskyblue,255,219,156,
lightskyblue,255,221,156,
lightskyblue,255,249,156,
lightskyblue,255,227,156,
lightskyblue,255,229,156,
lightskyblue,255,235,156,
lightskyblue,255,251,156,
lightskyblue,255,237,156,
lightskyblue,255,257,156,
lightskyblue,239,219,156,
lightskyblue,239,221,156,
lightskyblue,239,249,156,
lightskyblue,239,227,156,
lightskyblue,239,229,156,
lightskyblue,239,235,156,
lightskyblue,239,251,156,
lightskyblue,239,237,156,
lightskyblue,239,257,156,
lightskyblue,217,219,162,
lightskyblue,217,221,162,
lightskyblue,217,249,162,
lightskyblue,217,227,162,
lightskyblue,217,229,162,
lightskyblue,217,235,162,
lightskyblue,217,251,162,
lightskyblue,217,237,162,
lightskyblue,217,257,162,
lightskyblue,223,219,162,
lightskyblue,223,221,162,
lightskyblue,223,249,162,
lightskyblue,223,227,162,
lightskyblue,223,229,162,
lightskyblue,223,235,162,
lightskyblue,223,251,162,
lightskyblue,223,237,162,
lightskyblue,223,257,162,
lightskyblue,247,219,162,
lightskyblue,247,221,162,
lightskyblue,247,249,162,
lightskyblue,247,227,162,
lightskyblue,247,229,162,
lightskyblue,247,235,162,
lightskyblue,247,251,162,
lightskyblue,247,237,162,
lightskyblue,247,257,162,
lightskyblue,225,219,162,
lightskyblue,225,221,162,
lightskyblue,225,249,162,
lightskyblue,225,227,162,
lightskyblue,225,229,162,
lightskyblue,225,235,162,
lightskyblue,225,251,162,
lightskyblue,225,237,162,
lightskyblue,225,257,162,
lightskyblue,231,219,162,
lightskyblue,231,221,162,
lightskyblue,231,249,162,
lightskyblue,231,227,162,
lightskyblue,231,229,162,
lightskyblue,231,235,162,
lightskyblue,231,251,162,
lightskyblue,231,237,162,
lightskyblue,231,257,162,
lightskyblue,253,219,162,
lightskyblue,253,221,162,
lightskyblue,253,249,162,
lightskyblue,253,227,162,
lightskyblue,253,229,162,
lightskyblue,253,235,162,
lightskyblue,253,251,162,
lightskyblue,253,237,162,
lightskyblue,253,257,162,
lightskyblue,233,219,162,
lightskyblue,233,221,162,
lightskyblue,233,249,162,
lightskyblue,233,227,162,
lightskyblue,233,229,162,
lightskyblue,233,235,162,
lightskyblue,233,251,162,
lightskyblue,233,237,162,
lightskyblue,233,257,162,
lightskyblue,255,219,162,
lightskyblue,255,221,162,
lightskyblue,255,249,162,
lightskyblue,255,227,162,
lightskyblue,255,229,162,
lightskyblue,255,235,162,
lightskyblue,255,251,162,
lightskyblue,255,237,162,
lightskyblue,255,257,162,
lightskyblue,239,219,162,
lightskyblue,239,221,162,
lightskyblue,239,249,162,
lightskyblue,239,227,162,
lightskyblue,239,229,162,
lightskyblue,239,235,162,
lightskyblue,239,251,162,
lightskyblue,239,237,162,
lightskyblue,239,257,162,
lightskyblue,217,219,168,
lightskyblue,217,221,168,
lightskyblue,217,249,168,
lightskyblue,217,227,168,
lightskyblue,217,229,168,
lightskyblue,217,235,168,
lightskyblue,217,251,168,
lightskyblue,217,237,168,
lightskyblue,217,257,168,
lightskyblue,223,219,168,
lightskyblue,223,221,168,
lightskyblue,223,249,168,
lightskyblue,223,227,168,
lightskyblue,223,229,168,
lightskyblue,223,235,168,
lightskyblue,223,251,168,
lightskyblue,223,237,168,
lightskyblue,223,257,168,
lightskyblue,247,219,168,
lightskyblue,247,221,168,
lightskyblue,247,249,168,
lightskyblue,247,227,168,
lightskyblue,247,229,168,
lightskyblue,247,235,168,
lightskyblue,247,251,168,
lightskyblue,247,237,168,
lightskyblue,247,257,168,
lightskyblue,225,219,168,
lightskyblue,225,221,168,
lightskyblue,225,249,168,
lightskyblue,225,227,168,
lightskyblue,225,229,168,
lightskyblue,225,235,168,
lightskyblue,225,251,168,
lightskyblue,225,237,168,
lightskyblue,225,257,168,
lightskyblue,231,219,168,
lightskyblue,231,221,168,
lightskyblue,231,249,168,
lightskyblue,231,227,168,
lightskyblue,231,229,168,
lightskyblue,231,235,168,
lightskyblue,231,251,168,
lightskyblue,231,237,168,
lightskyblue,231,257,168,
lightskyblue,253,219,168,
lightskyblue,253,221,168,
lightskyblue,253,249,168,
lightskyblue,253,227,168,
lightskyblue,253,229,168,
lightskyblue,253,235,168,
lightskyblue,253,251,168,
lightskyblue,253,237,168,
lightskyblue,253,257,168,
lightskyblue,233,219,168,
lightskyblue,233,221,168,
lightskyblue,233,249,168,
lightskyblue,233,227,168,
lightskyblue,233,229,168,
lightskyblue,233,235,168,
lightskyblue,233,251,168,
lightskyblue,233,237,168,
lightskyblue,233,257,168,
lightskyblue,255,219,168,
lightskyblue,255,221,168,
lightskyblue,255,249,168,
lightskyblue,255,227,168,
lightskyblue,255,229,168,
lightskyblue,255,235,168,
lightskyblue,255,251,168,
lightskyblue,255,237,168,
lightskyblue,255,257,168,
lightskyblue,239,219,168,
lightskyblue,239,221,168,
lightskyblue,239,249,168,
lightskyblue,239,227,168,
lightskyblue,239,229,168,
lightskyblue,239,235,168,
lightskyblue,239,251,168,
lightskyblue,239,237,168,
lightskyblue,239,257,168,
lightskyblue,217,219,174,
lightskyblue,217,221,174,
lightskyblue,217,249,174,
lightskyblue,217,227,174,
lightskyblue,217,229,174,
lightskyblue,217,235,174,
lightskyblue,217,251,174,
lightskyblue,217,237,174,
lightskyblue,217,257,174,
lightskyblue,223,219,174,
lightskyblue,223,221,174,
lightskyblue,223,249,174,
lightskyblue,223,227,174,
lightskyblue,223,229,174,
lightskyblue,223,235,174,
lightskyblue,223,251,174,
lightskyblue,223,237,174,
lightskyblue,223,257,174,
lightskyblue,247,219,174,
lightskyblue,247,221,174,
lightskyblue,247,249,174,
lightskyblue,247,227,174,
lightskyblue,247,229,174,
lightskyblue,247,235,174,
lightskyblue,247,251,174,
lightskyblue,247,237,174,
lightskyblue,247,257,174,
lightskyblue,225,219,174,
lightskyblue,225,221,174,
lightskyblue,225,249,174,
lightskyblue,225,227,174,
lightskyblue,225,229,174,
lightskyblue,225,235,174,
lightskyblue,225,251,174,
lightskyblue,225,237,174,
lightskyblue,225,257,174,
lightskyblue,231,219,174,
lightskyblue,231,221,174,
lightskyblue,231,249,174,
lightskyblue,231,227,174,
lightskyblue,231,229,174,
lightskyblue,231,235,174,
lightskyblue,231,251,174,
lightskyblue,231,237,174,
lightskyblue,231,257,174,
lightskyblue,253,219,174,
lightskyblue,253,221,174,
lightskyblue,253,249,174,
lightskyblue,253,227,174,
lightskyblue,253,229,174,
lightskyblue,253,235,174,
lightskyblue,253,251,174,
lightskyblue,253,237,174,
lightskyblue,253,257,174,
lightskyblue,233,219,174,
lightskyblue,233,221,174,
lightskyblue,233,249,174,
lightskyblue,233,227,174,
lightskyblue,233,229,174,
lightskyblue,233,235,174,
lightskyblue,233,251,174,
lightskyblue,233,237,174,
lightskyblue,233,257,174,
lightskyblue,255,219,174,
lightskyblue,255,221,174,
lightskyblue,255,249,174,
lightskyblue,255,227,174,
lightskyblue,255,229,174,
lightskyblue,255,235,174,
lightskyblue,255,251,174,
lightskyblue,255,237,174,
lightskyblue,255,257,174,
lightskyblue,239,219,174,
lightskyblue,239,221,174,
lightskyblue,239,249,174,
lightskyblue,239,227,174,
lightskyblue,239,229,174,
lightskyblue,239,235,174,
lightskyblue,239,251,174,
lightskyblue,239,237,174,
lightskyblue,239,257,174,
lightskyblue,217,219,180,
lightskyblue,217,221,180,
lightskyblue,217,249,180,
lightskyblue,217,227,180,
lightskyblue,217,229,180,
lightskyblue,217,235,180,
lightskyblue,217,251,180,
lightskyblue,217,237,180,
lightskyblue,217,257,180,
lightskyblue,223,219,180,
lightskyblue,223,221,180,
lightskyblue,223,249,180,
lightskyblue,223,227,180,
lightskyblue,223,229,180,
lightskyblue,223,235,180,
lightskyblue,223,251,180,
lightskyblue,223,237,180,
lightskyblue,223,257,180,
lightskyblue,247,219,180,
lightskyblue,247,221,180,
lightskyblue,247,249,180,
lightskyblue,247,227,180,
lightskyblue,247,229,180,
lightskyblue,247,235,180,
lightskyblue,247,251,180,
lightskyblue,247,237,180,
lightskyblue,247,257,180,
lightskyblue,225,219,180,
lightskyblue,225,221,180,
lightskyblue,225,249,180,
lightskyblue,225,227,180,
lightskyblue,225,229,180,
lightskyblue,225,235,180,
lightskyblue,225,251,180,
lightskyblue,225,237,180,
lightskyblue,225,257,180,
lightskyblue,231,219,180,
lightskyblue,231,221,180,
lightskyblue,231,249,180,
lightskyblue,231,227,180,
lightskyblue,231,229,180,
lightskyblue,231,235,180,
lightskyblue,231,251,180,
lightskyblue,231,237,180,
lightskyblue,231,257,180,
lightskyblue,253,219,180,
lightskyblue,253,221,180,
lightskyblue,253,249,180,
lightskyblue,253,227,180,
lightskyblue,253,229,180,
lightskyblue,253,235,180,
lightskyblue,253,251,180,
lightskyblue,253,237,180,
lightskyblue,253,257,180,
lightskyblue,233,219,180,
lightskyblue,233,221,180,
lightskyblue,233,249,180,
lightskyblue,233,227,180,
lightskyblue,233,229,180,
lightskyblue,233,235,180,
lightskyblue,233,251,180,
lightskyblue,233,237,180,
lightskyblue,233,257,180,
lightskyblue,255,219,180,
lightskyblue,255,221,180,
lightskyblue,255,249,180,
lightskyblue,255,227,180,
lightskyblue,255,229,180,
lightskyblue,255,235,180,
lightskyblue,255,251,180,
lightskyblue,255,237,180,
lightskyblue,255,257,180,
lightskyblue,239,219,180,
lightskyblue,239,221,180,
lightskyblue,239,249,180,
lightskyblue,239,227,180,
lightskyblue,239,229,180,
lightskyblue,239,235,180,
lightskyblue,239,251,180,
lightskyblue,239,237,180,
lightskyblue,239,257,180,
lightskyblue,217,219,186,
lightskyblue,217,221,186,
lightskyblue,217,249,186,
lightskyblue,217,227,186,
lightskyblue,217,229,186,
lightskyblue,217,235,186,
lightskyblue,217,251,186,
lightskyblue,217,237,186,
lightskyblue,217,257,186,
lightskyblue,223,219,186,
lightskyblue,223,221,186,
lightskyblue,223,249,186,
lightskyblue,223,227,186,
lightskyblue,223,229,186,
lightskyblue,223,235,186,
lightskyblue,223,251,186,
lightskyblue,223,237,186,
lightskyblue,223,257,186,
lightskyblue,247,219,186,
lightskyblue,247,221,186,
lightskyblue,247,249,186,
lightskyblue,247,227,186,
lightskyblue,247,229,186,
lightskyblue,247,235,186,
lightskyblue,247,251,186,
lightskyblue,247,237,186,
lightskyblue,247,257,186,
lightskyblue,225,219,186,
lightskyblue,225,221,186,
lightskyblue,225,249,186,
lightskyblue,225,227,186,
lightskyblue,225,229,186,
lightskyblue,225,235,186,
lightskyblue,225,251,186,
lightskyblue,225,237,186,
lightskyblue,225,257,186,
lightskyblue,231,219,186,
lightskyblue,231,221,186,
lightskyblue,231,249,186,
lightskyblue,231,227,186,
lightskyblue,231,229,186,
lightskyblue,231,235,186,
lightskyblue,231,251,186,
lightskyblue,231,237,186,
lightskyblue,231,257,186,
lightskyblue,253,219,186,
lightskyblue,253,221,186,
lightskyblue,253,249,186,
lightskyblue,253,227,186,
lightskyblue,253,229,186,
lightskyblue,253,235,186,
lightskyblue,253,251,186,
lightskyblue,253,237,186,
lightskyblue,253,257,186,
lightskyblue,233,219,186,
lightskyblue,233,221,186,
lightskyblue,233,249,186,
lightskyblue,233,227,186,
lightskyblue,233,229,186,
lightskyblue,233,235,186,
lightskyblue,233,251,186,
lightskyblue,233,237,186,
lightskyblue,233,257,186,
lightskyblue,255,219,186,
lightskyblue,255,221,186,
lightskyblue,255,249,186,
lightskyblue,255,227,186,
lightskyblue,255,229,186,
lightskyblue,255,235,186,
lightskyblue,255,251,186,
lightskyblue,255,237,186,
lightskyblue,255,257,186,
lightskyblue,239,219,186,
lightskyblue,239,221,186,
lightskyblue,239,249,186,
lightskyblue,239,227,186,
lightskyblue,239,229,186,
lightskyblue,239,235,186,
lightskyblue,239,251,186,
lightskyblue,239,237,186,
lightskyblue,239,257,186,
lightskyblue,217,219,192,
lightskyblue,217,221,192,
lightskyblue,217,249,192,
lightskyblue,217,227,192,
lightskyblue,217,229,192,
lightskyblue,217,235,192,
lightskyblue,217,251,192,
lightskyblue,217,237,192,
lightskyblue,217,257,192,
lightskyblue,223,219,192,
lightskyblue,223,221,192,
lightskyblue,223,249,192,
lightskyblue,223,227,192,
lightskyblue,223,229,192,
lightskyblue,223,235,192,
lightskyblue,223,251,192,
lightskyblue,223,237,192,
lightskyblue,223,257,192,
lightskyblue,247,219,192,
lightskyblue,247,221,192,
lightskyblue,247,249,192,
lightskyblue,247,227,192,
lightskyblue,247,229,192,
lightskyblue,247,235,192,
lightskyblue,247,251,192,
lightskyblue,247,237,192,
lightskyblue,247,257,192,
lightskyblue,225,219,192,
lightskyblue,225,221,192,
lightskyblue,225,249,192,
lightskyblue,225,227,192,
lightskyblue,225,229,192,
lightskyblue,225,235,192,
lightskyblue,225,251,192,
lightskyblue,225,237,192,
lightskyblue,225,257,192,
lightskyblue,231,219,192,
lightskyblue,231,221,192,
lightskyblue,231,249,192,
lightskyblue,231,227,192,
lightskyblue,231,229,192,
lightskyblue,231,235,192,
lightskyblue,231,251,192,
lightskyblue,231,237,192,
lightskyblue,231,257,192,
lightskyblue,253,219,192,
lightskyblue,253,221,192,
lightskyblue,253,249,192,
lightskyblue,253,227,192,
lightskyblue,253,229,192,
lightskyblue,253,235,192,
lightskyblue,253,251,192,
lightskyblue,253,237,192,
lightskyblue,253,257,192,
lightskyblue,233,219,192,
lightskyblue,233,221,192,
lightskyblue,233,249,192,
lightskyblue,233,227,192,
lightskyblue,233,229,192,
lightskyblue,233,235,192,
lightskyblue,233,251,192,
lightskyblue,233,237,192,
lightskyblue,233,257,192,
lightskyblue,255,219,192,
lightskyblue,255,221,192,
lightskyblue,255,249,192,
lightskyblue,255,227,192,
lightskyblue,255,229,192,
lightskyblue,255,235,192,
lightskyblue,255,251,192,
lightskyblue,255,237,192,
lightskyblue,255,257,192,
lightskyblue,239,219,192,
lightskyblue,239,221,192,
lightskyblue,239,249,192,
lightskyblue,239,227,192,
lightskyblue,239,229,192,
lightskyblue,239,235,192,
lightskyblue,239,251,192,
lightskyblue,239,237,192,
lightskyblue,239,257,192,
lightskyblue,217,219,198,
lightskyblue,217,221,198,
lightskyblue,217,249,198,
lightskyblue,217,227,198,
lightskyblue,217,229,198,
lightskyblue,217,235,198,
lightskyblue,217,251,198,
lightskyblue,217,237,198,
lightskyblue,217,257,198,
lightskyblue,223,219,198,
lightskyblue,223,221,198,
lightskyblue,223,249,198,
lightskyblue,223,227,198,
lightskyblue,223,229,198,
lightskyblue,223,235,198,
lightskyblue,223,251,198,
lightskyblue,223,237,198,
lightskyblue,223,257,198,
lightskyblue,247,219,198,
lightskyblue,247,221,198,
lightskyblue,247,249,198,
lightskyblue,247,227,198,
lightskyblue,247,229,198,
lightskyblue,247,235,198,
lightskyblue,247,251,198,
lightskyblue,247,237,198,
lightskyblue,247,257,198,
lightskyblue,225,219,198,
lightskyblue,225,221,198,
lightskyblue,225,249,198,
lightskyblue,225,227,198,
lightskyblue,225,229,198,
lightskyblue,225,235,198,
lightskyblue,225,251,198,
lightskyblue,225,237,198,
lightskyblue,225,257,198,
lightskyblue,231,219,198,
lightskyblue,231,221,198,
lightskyblue,231,249,198,
lightskyblue,231,227,198,
lightskyblue,231,229,198,
lightskyblue,231,235,198,
lightskyblue,231,251,198,
lightskyblue,231,237,198,
lightskyblue,231,257,198,
lightskyblue,253,219,198,
lightskyblue,253,221,198,
lightskyblue,253,249,198,
lightskyblue,253,227,198,
lightskyblue,253,229,198,
lightskyblue,253,235,198,
lightskyblue,253,251,198,
lightskyblue,253,237,198,
lightskyblue,253,257,198,
lightskyblue,233,219,198,
lightskyblue,233,221,198,
lightskyblue,233,249,198,
lightskyblue,233,227,198,
lightskyblue,233,229,198,
lightskyblue,233,235,198,
lightskyblue,233,251,198,
lightskyblue,233,237,198,
lightskyblue,233,257,198,
lightskyblue,255,219,198,
lightskyblue,255,221,198,
lightskyblue,255,249,198,
lightskyblue,255,227,198,
lightskyblue,255,229,198,
lightskyblue,255,235,198,
lightskyblue,255,251,198,
lightskyblue,255,237,198,
lightskyblue,255,257,198,
lightskyblue,239,219,198,
lightskyblue,239,221,198,
lightskyblue,239,249,198,
lightskyblue,239,227,198,
lightskyblue,239,229,198,
lightskyblue,239,235,198,
lightskyblue,239,251,198,
lightskyblue,239,237,198,
lightskyblue,239,257,198,
lightskyblue,217,219,204,
lightskyblue,217,221,204,
lightskyblue,217,249,204,
lightskyblue,217,227,204,
lightskyblue,217,229,204,
lightskyblue,217,235,204,
lightskyblue,217,251,204,
lightskyblue,217,237,204,
lightskyblue,217,257,204,
lightskyblue,223,219,204,
lightskyblue,223,221,204,
lightskyblue,223,249,204,
lightskyblue,223,227,204,
lightskyblue,223,229,204,
lightskyblue,223,235,204,
lightskyblue,223,251,204,
lightskyblue,223,237,204,
lightskyblue,223,257,204,
lightskyblue,247,219,204,
lightskyblue,247,221,204,
lightskyblue,247,249,204,
lightskyblue,247,227,204,
lightskyblue,247,229,204,
lightskyblue,247,235,204,
lightskyblue,247,251,204,
lightskyblue,247,237,204,
lightskyblue,247,257,204,
lightskyblue,225,219,204,
lightskyblue,225,221,204,
lightskyblue,225,249,204,
lightskyblue,225,227,204,
lightskyblue,225,229,204,
lightskyblue,225,235,204,
lightskyblue,225,251,204,
lightskyblue,225,237,204,
lightskyblue,225,257,204,
lightskyblue,231,219,204,
lightskyblue,231,221,204,
lightskyblue,231,249,204,
lightskyblue,231,227,204,
lightskyblue,231,229,204,
lightskyblue,231,235,204,
lightskyblue,231,251,204,
lightskyblue,231,237,204,
lightskyblue,231,257,204,
lightskyblue,253,219,204,
lightskyblue,253,221,204,
lightskyblue,253,249,204,
lightskyblue,253,227,204,
lightskyblue,253,229,204,
lightskyblue,253,235,204,
lightskyblue,253,251,204,
lightskyblue,253,237,204,
lightskyblue,253,257,204,
lightskyblue,233,219,204,
lightskyblue,233,221,204,
lightskyblue,233,249,204,
lightskyblue,233,227,204,
lightskyblue,233,229,204,
lightskyblue,233,235,204,
lightskyblue,233,251,204,
lightskyblue,233,237,204,
lightskyblue,233,257,204,
lightskyblue,255,219,204,
lightskyblue,255,221,204,
lightskyblue,255,249,204,
lightskyblue,255,227,204,
lightskyblue,255,229,204,
lightskyblue,255,235,204,
lightskyblue,255,251,204,
lightskyblue,255,237,204,
lightskyblue,255,257,204,
lightskyblue,239,219,204,
lightskyblue,239,221,204,
lightskyblue,239,249,204,
lightskyblue,239,227,204,
lightskyblue,239,229,204,
lightskyblue,239,235,204,
lightskyblue,239,251,204,
lightskyblue,239,237,204,
lightskyblue,239,257,204,
lightskyblue,217,219,210,
lightskyblue,217,221,210,
lightskyblue,217,249,210,
lightskyblue,217,227,210,
lightskyblue,217,229,210,
lightskyblue,217,235,210,
lightskyblue,217,251,210,
lightskyblue,217,237,210,
lightskyblue,217,257,210,
lightskyblue,223,219,210,
lightskyblue,223,221,210,
lightskyblue,223,249,210,
lightskyblue,223,227,210,
lightskyblue,223,229,210,
lightskyblue,223,235,210,
lightskyblue,223,251,210,
lightskyblue,223,237,210,
lightskyblue,223,257,210,
lightskyblue,247,219,210,
lightskyblue,247,221,210,
lightskyblue,247,249,210,
lightskyblue,247,227,210,
lightskyblue,247,229,210,
lightskyblue,247,235,210,
lightskyblue,247,251,210,
lightskyblue,247,237,210,
lightskyblue,247,257,210,
lightskyblue,225,219,210,
lightskyblue,225,221,210,
lightskyblue,225,249,210,
lightskyblue,225,227,210,
lightskyblue,225,229,210,
lightskyblue,225,235,210,
lightskyblue,225,251,210,
lightskyblue,225,237,210,
lightskyblue,225,257,210,
lightskyblue,231,219,210,
lightskyblue,231,221,210,
lightskyblue,231,249,210,
lightskyblue,231,227,210,
lightskyblue,231,229,210,
lightskyblue,231,235,210,
lightskyblue,231,251,210,
lightskyblue,231,237,210,
lightskyblue,231,257,210,
lightskyblue,253,219,210,
lightskyblue,253,221,210,
lightskyblue,253,249,210,
lightskyblue,253,227,210,
lightskyblue,253,229,210,
lightskyblue,253,235,210,
lightskyblue,253,251,210,
lightskyblue,253,237,210,
lightskyblue,253,257,210,
lightskyblue,233,219,210,
lightskyblue,233,221,210,
lightskyblue,233,249,210,
lightskyblue,233,227,210,
lightskyblue,233,229,210,
lightskyblue,233,235,210,
lightskyblue,233,251,210,
lightskyblue,233,237,210,
lightskyblue,233,257,210,
lightskyblue,255,219,210,
lightskyblue,255,221,210,
lightskyblue,255,249,210,
lightskyblue,255,227,210,
lightskyblue,255,229,210,
lightskyblue,255,235,210,
lightskyblue,255,251,210,
lightskyblue,255,237,210,
lightskyblue,255,257,210,
lightskyblue,239,219,210,
lightskyblue,239,221,210,
lightskyblue,239,249,210,
lightskyblue,239,227,210,
lightskyblue,239,229,210,
lightskyblue,239,235,210,
lightskyblue,239,251,210,
lightskyblue,239,237,210,
lightskyblue,239,257,210,
lightskyblue,247,249,240,112,
lightskyblue,247,251,240,112,
lightskyblue,247,257,240,112,
lightskyblue,253,249,240,112,
lightskyblue,253,251,240,112,
lightskyblue,253,257,240,112,
lightskyblue,255,249,240,112,
lightskyblue,255,251,240,112,
lightskyblue,255,257,240,112,
lightskyblue,247,249,114,78,
lightskyblue,247,251,114,78,
lightskyblue,247,257,114,78,
lightskyblue,253,249,114,78,
lightskyblue,253,251,114,78,
lightskyblue,253,257,114,78,
lightskyblue,255,249,114,78,
lightskyblue,255,251,114,78,
lightskyblue,255,257,114,78,
lightskyblue,247,249,120,80,
lightskyblue,247,251,120,80,
lightskyblue,247,257,120,80,
lightskyblue,253,249,120,80,
lightskyblue,253,251,120,80,
lightskyblue,253,257,120,80,
lightskyblue,255,249,120,80,
lightskyblue,255,251,120,80,
lightskyblue,255,257,120,80,
lightskyblue,247,249,126,82,
lightskyblue,247,251,126,82,
lightskyblue,247,257,126,82,
lightskyblue,253,249,126,82,
lightskyblue,253,251,126,82,
lightskyblue,253,257,126,82,
lightskyblue,255,249,126,82,
lightskyblue,255,251,126,82,
lightskyblue,255,257,126,82,
lightskyblue,247,249,132,84,
lightskyblue,247,251,132,84,
lightskyblue,247,257,132,84,
lightskyblue,253,249,132,84,
lightskyblue,253,251,132,84,
lightskyblue,253,257,132,84,
lightskyblue,255,249,132,84,
lightskyblue,255,251,132,84,
lightskyblue,255,257,132,84,
lightskyblue,247,249,138,86,
lightskyblue,247,251,138,86,
lightskyblue,247,257,138,86,
lightskyblue,253,249,138,86,
lightskyblue,253,251,138,86,
lightskyblue,253,257,138,86,
lightskyblue,255,249,138,86,
lightskyblue,255,251,138,86,
lightskyblue,255,257,138,86,
lightskyblue,247,249,144,88,
lightskyblue,247,251,144,88,
lightskyblue,247,257,144,88,
lightskyblue,253,249,144,88,
lightskyblue,253,251,144,88,
lightskyblue,253,257,144,88,
lightskyblue,255,249,144,88,
lightskyblue,255,251,144,88,
lightskyblue,255,257,144,88,
lightskyblue,247,249,150,90,
lightskyblue,247,251,150,90,
lightskyblue,247,257,150,90,
lightskyblue,253,249,150,90,
lightskyblue,253,251,150,90,
lightskyblue,253,257,150,90,
lightskyblue,255,249,150,90,
lightskyblue,255,251,150,90,
lightskyblue,255,257,150,90,
lightskyblue,247,249,156,92,
lightskyblue,247,251,156,92,
lightskyblue,247,257,156,92,
lightskyblue,253,249,156,92,
lightskyblue,253,251,156,92,
lightskyblue,253,257,156,92,
lightskyblue,255,249,156,92,
lightskyblue,255,251,156,92,
lightskyblue,255,257,156,92,
lightskyblue,247,249,162,94,
lightskyblue,247,251,162,94,
lightskyblue,247,257,162,94,
lightskyblue,253,249,162,94,
lightskyblue,253,251,162,94,
lightskyblue,253,257,162,94,
lightskyblue,255,249,162,94,
lightskyblue,255,251,162,94,
lightskyblue,255,257,162,94,
lightskyblue,247,249,168,96,
lightskyblue,247,251,168,96,
lightskyblue,247,257,168,96,
lightskyblue,253,249,168,96,
lightskyblue,253,251,168,96,
lightskyblue,253,257,168,96,
lightskyblue,255,249,168,96,
lightskyblue,255,251,168,96,
lightskyblue,255,257,168,96,
lightskyblue,247,249,174,98,
lightskyblue,247,251,174,98,
lightskyblue,247,257,174,98,
lightskyblue,253,249,174,98,
lightskyblue,253,251,174,98,
lightskyblue,253,257,174,98,
lightskyblue,255,249,174,98,
lightskyblue,255,251,174,98,
lightskyblue,255,257,174,98,
lightskyblue,247,249,180,100,
lightskyblue,247,251,180,100,
lightskyblue,247,257,180,100,
lightskyblue,253,249,180,100,
lightskyblue,253,251,180,100,
lightskyblue,253,257,180,100,
lightskyblue,255,249,180,100,
lightskyblue,255,251,180,100,
lightskyblue,255,257,180,100,
lightskyblue,247,249,186,102,
lightskyblue,247,251,186,102,
lightskyblue,247,257,186,102,
lightskyblue,253,249,186,102,
lightskyblue,253,251,186,102,
lightskyblue,253,257,186,102,
lightskyblue,255,249,186,102,
lightskyblue,255,251,186,102,
lightskyblue,255,257,186,102,
lightskyblue,247,249,192,104,
lightskyblue,247,251,192,104,
lightskyblue,247,257,192,104,
lightskyblue,253,249,192,104,
lightskyblue,253,251,192,104,
lightskyblue,253,257,192,104,
lightskyblue,255,249,192,104,
lightskyblue,255,251,192,104,
lightskyblue,255,257,192,104,
lightskyblue,247,249,198,106,
lightskyblue,247,251,198,106,
lightskyblue,247,257,198,106,
lightskyblue,253,249,198,106,
lightskyblue,253,251,198,106,
lightskyblue,253,257,198,106,
lightskyblue,255,249,198,106,
lightskyblue,255,251,198,106,
lightskyblue,255,257,198,106,
lightskyblue,247,249,204,108,
lightskyblue,247,251,204,108,
lightskyblue,247,257,204,108,
lightskyblue,253,249,204,108,
lightskyblue,253,251,204,108,
lightskyblue,253,257,204,108,
lightskyblue,255,249,204,108,
lightskyblue,255,251,204,108,
lightskyblue,255,257,204,108,
lightskyblue,247,249,210,110,
lightskyblue,247,251,210,110,
lightskyblue,247,257,210,110,
lightskyblue,253,249,210,110,
lightskyblue,253,251,210,110,
lightskyblue,253,257,210,110,
lightskyblue,255,249,210,110,
lightskyblue,255,251,210,110,
lightskyblue,255,257,210,110,
lightskyblue,75,
lightskyblue,76,
lightskyblue,77,
lightskyblue,74,
lightskyblue,76,
lightskyblue,77,
lightskyblue,74,
lightskyblue,75,
lightskyblue,77,
lightskyblue,74,
lightskyblue,75,
lightskyblue,76,
lightskyblue,71,
lightskyblue,72,
lightskyblue,73,
lightskyblue,70,
lightskyblue,72,
lightskyblue,73,
lightskyblue,70,
lightskyblue,71,
lightskyblue,73,
lightskyblue,70,
lightskyblue,71,
lightskyblue,72,
lightskyblue,67,
lightskyblue,68,
lightskyblue,69,
lightskyblue,66,
lightskyblue,68,
lightskyblue,69,
lightskyblue,66,
lightskyblue,67,
lightskyblue,69,
lightskyblue,66,
lightskyblue,67,
lightskyblue,68,
lightskyblue,242,
lightskyblue,243,
lightskyblue,244,
lightskyblue,116,
lightskyblue,117,
lightskyblue,118,
lightskyblue,122,
lightskyblue,123,
lightskyblue,124,
lightskyblue,128,
lightskyblue,129,
lightskyblue,130,
lightskyblue,134,
lightskyblue,135,
lightskyblue,136,
lightskyblue,140,
lightskyblue,141,
lightskyblue,142,
lightskyblue,146,
lightskyblue,147,
lightskyblue,148,
lightskyblue,152,
lightskyblue,153,
lightskyblue,154,
lightskyblue,158,
lightskyblue,159,
lightskyblue,160,
lightskyblue,164,
lightskyblue,165,
lightskyblue,166,
lightskyblue,170,
lightskyblue,171,
lightskyblue,172,
lightskyblue,176,
lightskyblue,177,
lightskyblue,178,
lightskyblue,182,
lightskyblue,183,
lightskyblue,184,
lightskyblue,188,
lightskyblue,189,
lightskyblue,190,
lightskyblue,194,
lightskyblue,195,
lightskyblue,196,
lightskyblue,200,
lightskyblue,201,
lightskyblue,202,
lightskyblue,206,
lightskyblue,207,
lightskyblue,208,
lightskyblue,212,
lightskyblue,213,
lightskyblue,214,
lightskyblue,245,268,
lightskyblue,245,268,
lightskyblue,245,268,
lightskyblue,245,266,
lightskyblue,245,266,
lightskyblue,245,266,
lightskyblue,245,264,
lightskyblue,245,264,
lightskyblue,245,264,
lightskyblue,245,262,
lightskyblue,245,262,
lightskyblue,245,262,
lightskyblue,245,260,
lightskyblue,245,260,
lightskyblue,245,260,
lightskyblue,245,258,
lightskyblue,245,258,
lightskyblue,245,258,
lightskyblue,119,268,
lightskyblue,119,268,
lightskyblue,119,268,
lightskyblue,119,266,
lightskyblue,119,266,
lightskyblue,119,266,
lightskyblue,119,264,
lightskyblue,119,264,
lightskyblue,119,264,
lightskyblue,119,262,
lightskyblue,119,262,
lightskyblue,119,262,
lightskyblue,119,260,
lightskyblue,119,260,
lightskyblue,119,260,
lightskyblue,119,258,
lightskyblue,119,258,
lightskyblue,119,258,
lightskyblue,125,268,
lightskyblue,125,268,
lightskyblue,125,268,
lightskyblue,125,266,
lightskyblue,125,266,
lightskyblue,125,266,
lightskyblue,125,264,
lightskyblue,125,264,
lightskyblue,125,264,
lightskyblue,125,262,
lightskyblue,125,262,
lightskyblue,125,262,
lightskyblue,125,260,
lightskyblue,125,260,
lightskyblue,125,260,
lightskyblue,125,258,
lightskyblue,125,258,
lightskyblue,125,258,
lightskyblue,131,268,
lightskyblue,131,268,
lightskyblue,131,268,
lightskyblue,131,266,
lightskyblue,131,266,
lightskyblue,131,266,
lightskyblue,131,264,
lightskyblue,131,264,
lightskyblue,131,264,
lightskyblue,131,262,
lightskyblue,131,262,
lightskyblue,131,262,
lightskyblue,131,260,
lightskyblue,131,260,
lightskyblue,131,260,
lightskyblue,131,258,
lightskyblue,131,258,
lightskyblue,131,258,
lightskyblue,137,268,
lightskyblue,137,268,
lightskyblue,137,268,
lightskyblue,137,266,
lightskyblue,137,266,
lightskyblue,137,266,
lightskyblue,137,264,
lightskyblue,137,264,
lightskyblue,137,264,
lightskyblue,137,262,
lightskyblue,137,262,
lightskyblue,137,262,
lightskyblue,137,260,
lightskyblue,137,260,
lightskyblue,137,260,
lightskyblue,137,258,
lightskyblue,137,258,
lightskyblue,137,258,
lightskyblue,143,268,
lightskyblue,143,268,
lightskyblue,143,268,
lightskyblue,143,266,
lightskyblue,143,266,
lightskyblue,143,266,
lightskyblue,143,264,
lightskyblue,143,264,
lightskyblue,143,264,
lightskyblue,143,262,
lightskyblue,143,262,
lightskyblue,143,262,
lightskyblue,143,260,
lightskyblue,143,260,
lightskyblue,143,260,
lightskyblue,143,258,
lightskyblue,143,258,
lightskyblue,143,258,
lightskyblue,149,268,
lightskyblue,149,268,
lightskyblue,149,268,
lightskyblue,149,266,
lightskyblue,149,266,
lightskyblue,149,266,
lightskyblue,149,264,
lightskyblue,149,264,
lightskyblue,149,264,
lightskyblue,149,262,
lightskyblue,149,262,
lightskyblue,149,262,
lightskyblue,149,260,
lightskyblue,149,260,
lightskyblue,149,260,
lightskyblue,149,258,
lightskyblue,149,258,
lightskyblue,149,258,
lightskyblue,155,268,
lightskyblue,155,268,
lightskyblue,155,268,
lightskyblue,155,266,
lightskyblue,155,266,
lightskyblue,155,266,
lightskyblue,155,264,
lightskyblue,155,264,
lightskyblue,155,264,
lightskyblue,155,262,
lightskyblue,155,262,
lightskyblue,155,262,
lightskyblue,155,260,
lightskyblue,155,260,
lightskyblue,155,260,
lightskyblue,155,258,
lightskyblue,155,258,
lightskyblue,155,258,
lightskyblue,161,268,
lightskyblue,161,268,
lightskyblue,161,268,
lightskyblue,161,266,
lightskyblue,161,266,
lightskyblue,161,266,
lightskyblue,161,264,
lightskyblue,161,264,
lightskyblue,161,264,
lightskyblue,161,262,
lightskyblue,161,262,
lightskyblue,161,262,
lightskyblue,161,260,
lightskyblue,161,260,
lightskyblue,161,260,
lightskyblue,161,258,
lightskyblue,161,258,
lightskyblue,161,258,
lightskyblue,167,268,
lightskyblue,167,268,
lightskyblue,167,268,
lightskyblue,167,266,
lightskyblue,167,266,
lightskyblue,167,266,
lightskyblue,167,264,
lightskyblue,167,264,
lightskyblue,167,264,
lightskyblue,167,262,
lightskyblue,167,262,
lightskyblue,167,262,
lightskyblue,167,260,
lightskyblue,167,260,
lightskyblue,167,260,
lightskyblue,167,258,
lightskyblue,167,258,
lightskyblue,167,258,
lightskyblue,173,268,
lightskyblue,173,268,
lightskyblue,173,268,
lightskyblue,173,266,
lightskyblue,173,266,
lightskyblue,173,266,
lightskyblue,173,264,
lightskyblue,173,264,
lightskyblue,173,264,
lightskyblue,173,262,
lightskyblue,173,262,
lightskyblue,173,262,
lightskyblue,173,260,
lightskyblue,173,260,
lightskyblue,173,260,
lightskyblue,173,258,
lightskyblue,173,258,
lightskyblue,173,258,
lightskyblue,179,268,
lightskyblue,179,268,
lightskyblue,179,268,
lightskyblue,179,266,
lightskyblue,179,266,
lightskyblue,179,266,
lightskyblue,179,264,
lightskyblue,179,264,
lightskyblue,179,264,
lightskyblue,179,262,
lightskyblue,179,262,
lightskyblue,179,262,
lightskyblue,179,260,
lightskyblue,179,260,
lightskyblue,179,260,
lightskyblue,179,258,
lightskyblue,179,258,
lightskyblue,179,258,
lightskyblue,185,268,
lightskyblue,185,268,
lightskyblue,185,268,
lightskyblue,185,266,
lightskyblue,185,266,
lightskyblue,185,266,
lightskyblue,185,264,
lightskyblue,185,264,
lightskyblue,185,264,
lightskyblue,185,262,
lightskyblue,185,262,
lightskyblue,185,262,
lightskyblue,185,260,
lightskyblue,185,260,
lightskyblue,185,260,
lightskyblue,185,258,
lightskyblue,185,258,
lightskyblue,185,258,
lightskyblue,191,268,
lightskyblue,191,268,
lightskyblue,191,268,
lightskyblue,191,266,
lightskyblue,191,266,
lightskyblue,191,266,
lightskyblue,191,264,
lightskyblue,191,264,
lightskyblue,191,264,
lightskyblue,191,262,
lightskyblue,191,262,
lightskyblue,191,262,
lightskyblue,191,260,
lightskyblue,191,260,
lightskyblue,191,260,
lightskyblue,191,258,
lightskyblue,191,258,
lightskyblue,191,258,
lightskyblue,197,268,
lightskyblue,197,268,
lightskyblue,197,268,
lightskyblue,197,266,
lightskyblue,197,266,
lightskyblue,197,266,
lightskyblue,197,264,
lightskyblue,197,264,
lightskyblue,197,264,
lightskyblue,197,262,
lightskyblue,197,262,
lightskyblue,197,262,
lightskyblue,197,260,
lightskyblue,197,260,
lightskyblue,197,260,
lightskyblue,197,258,
lightskyblue,197,258,
lightskyblue,197,258,
lightskyblue,203,268,
lightskyblue,203,268,
lightskyblue,203,268,
lightskyblue,203,266,
lightskyblue,203,266,
lightskyblue,203,266,
lightskyblue,203,264,
lightskyblue,203,264,
lightskyblue,203,264,
lightskyblue,203,262,
lightskyblue,203,262,
lightskyblue,203,262,
lightskyblue,203,260,
lightskyblue,203,260,
lightskyblue,203,260,
lightskyblue,203,258,
lightskyblue,203,258,
lightskyblue,203,258,
lightskyblue,209,268,
lightskyblue,209,268,
lightskyblue,209,268,
lightskyblue,209,266,
lightskyblue,209,266,
lightskyblue,209,266,
lightskyblue,209,264,
lightskyblue,209,264,
lightskyblue,209,264,
lightskyblue,209,262,
lightskyblue,209,262,
lightskyblue,209,262,
lightskyblue,209,260,
lightskyblue,209,260,
lightskyblue,209,260,
lightskyblue,209,258,
lightskyblue,209,258,
lightskyblue,209,258,
lightskyblue,215,268,
lightskyblue,215,268,
lightskyblue,215,268,
lightskyblue,215,266,
lightskyblue,215,266,
lightskyblue,215,266,
lightskyblue,215,264,
lightskyblue,215,264,
lightskyblue,215,264,
lightskyblue,215,262,
lightskyblue,215,262,
lightskyblue,215,262,
lightskyblue,215,260,
lightskyblue,215,260,
lightskyblue,215,260,
lightskyblue,215,258,
lightskyblue,215,258,
lightskyblue,215,258,
lightskyblue,245,274,
lightskyblue,245,274,
lightskyblue,245,274,
lightskyblue,245,272,
lightskyblue,245,272,
lightskyblue,245,272,
lightskyblue,245,270,
lightskyblue,245,270,
lightskyblue,245,270,
lightskyblue,119,274,
lightskyblue,119,274,
lightskyblue,119,274,
lightskyblue,119,272,
lightskyblue,119,272,
lightskyblue,119,272,
lightskyblue,119,270,
lightskyblue,119,270,
lightskyblue,119,270,
lightskyblue,125,274,
lightskyblue,125,274,
lightskyblue,125,274,
lightskyblue,125,272,
lightskyblue,125,272,
lightskyblue,125,272,
lightskyblue,125,270,
lightskyblue,125,270,
lightskyblue,125,270,
lightskyblue,131,274,
lightskyblue,131,274,
lightskyblue,131,274,
lightskyblue,131,272,
lightskyblue,131,272,
lightskyblue,131,272,
lightskyblue,131,270,
lightskyblue,131,270,
lightskyblue,131,270,
lightskyblue,137,274,
lightskyblue,137,274,
lightskyblue,137,274,
lightskyblue,137,272,
lightskyblue,137,272,
lightskyblue,137,272,
lightskyblue,137,270,
lightskyblue,137,270,
lightskyblue,137,270,
lightskyblue,143,274,
lightskyblue,143,274,
lightskyblue,143,274,
lightskyblue,143,272,
lightskyblue,143,272,
lightskyblue,143,272,
lightskyblue,143,270,
lightskyblue,143,270,
lightskyblue,143,270,
lightskyblue,149,274,
lightskyblue,149,274,
lightskyblue,149,274,
lightskyblue,149,272,
lightskyblue,149,272,
lightskyblue,149,272,
lightskyblue,149,270,
lightskyblue,149,270,
lightskyblue,149,270,
lightskyblue,155,274,
lightskyblue,155,274,
lightskyblue,155,274,
lightskyblue,155,272,
lightskyblue,155,272,
lightskyblue,155,272,
lightskyblue,155,270,
lightskyblue,155,270,
lightskyblue,155,270,
lightskyblue,161,274,
lightskyblue,161,274,
lightskyblue,161,274,
lightskyblue,161,272,
lightskyblue,161,272,
lightskyblue,161,272,
lightskyblue,161,270,
lightskyblue,161,270,
lightskyblue,161,270,
lightskyblue,167,274,
lightskyblue,167,274,
lightskyblue,167,274,
lightskyblue,167,272,
lightskyblue,167,272,
lightskyblue,167,272,
lightskyblue,167,270,
lightskyblue,167,270,
lightskyblue,167,270,
lightskyblue,173,274,
lightskyblue,173,274,
lightskyblue,173,274,
lightskyblue,173,272,
lightskyblue,173,272,
lightskyblue,173,272,
lightskyblue,173,270,
lightskyblue,173,270,
lightskyblue,173,270,
lightskyblue,179,274,
lightskyblue,179,274,
lightskyblue,179,274,
lightskyblue,179,272,
lightskyblue,179,272,
lightskyblue,179,272,
lightskyblue,179,270,
lightskyblue,179,270,
lightskyblue,179,270,
lightskyblue,185,274,
lightskyblue,185,274,
lightskyblue,185,274,
lightskyblue,185,272,
lightskyblue,185,272,
lightskyblue,185,272,
lightskyblue,185,270,
lightskyblue,185,270,
lightskyblue,185,270,
lightskyblue,191,274,
lightskyblue,191,274,
lightskyblue,191,274,
lightskyblue,191,272,
lightskyblue,191,272,
lightskyblue,191,272,
lightskyblue,191,270,
lightskyblue,191,270,
lightskyblue,191,270,
lightskyblue,197,274,
lightskyblue,197,274,
lightskyblue,197,274,
lightskyblue,197,272,
lightskyblue,197,272,
lightskyblue,197,272,
lightskyblue,197,270,
lightskyblue,197,270,
lightskyblue,197,270,
lightskyblue,203,274,
lightskyblue,203,274,
lightskyblue,203,274,
lightskyblue,203,272,
lightskyblue,203,272,
lightskyblue,203,272,
lightskyblue,203,270,
lightskyblue,203,270,
lightskyblue,203,270,
lightskyblue,209,274,
lightskyblue,209,274,
lightskyblue,209,274,
lightskyblue,209,272,
lightskyblue,209,272,
lightskyblue,209,272,
lightskyblue,209,270,
lightskyblue,209,270,
lightskyblue,209,270,
lightskyblue,215,274,
lightskyblue,215,274,
lightskyblue,215,274,
lightskyblue,215,272,
lightskyblue,215,272,
lightskyblue,215,272,
lightskyblue,215,270,
lightskyblue,215,270,
lightskyblue,215,270,
