0,44
0,68
0,53
0,47
0,62
0,71
0,65
0,74
0,59
0,56
0,77
0,80,50
0
0
0
0
0,83
0,86
0
0
0
0
0
0
0,43
0,70
0,73
0,76
0,79
0,82
0,85
0
0,46
0,49
0,52
0,55
0,58
0,61
0,64
0,67
1,618
1,619
2,43
2,44
2
2,46
2,47
2
2,49
2,50
2
2,52
2,53
2
2,55
2,56
2
2,58
2,59
2
2,61
2,62
2
2,64
2,65
2
2,67
2,68
2
2,70
2,71
2
2,73
2,74
2
2,76
2,77
2
2,79
2,80
2
2,82
2,83
2
2,85
2,86
2
3,153,160
3,162,156
3,164,158,441,154
3,163,157,87,155,394,161,88,159,606,152,89
3,178,445,174
3,166,180
3,182,169
3,447,176,167,173,444,171
3,92,395,179,177,93,170,172,165,175,168,91,94,396,181,607
3,461,188,202
3,184,198
3,454,204,193
3,206,457,196
3,195,187,200,453,450,463,192,185,460,190,456
3,199,197,189,96,397,98,400,186,99,399,398,183,191,205,194,97,201,608,203,401,100
3,212,218,467
3,208,214
3,466,469,216,211,209
3,215,213,207,104,609,210,403,402,102,217,103
3,240,225
3,236,220
3,223,238
3,475,481,234,226
3,472,232,230,480,221,228,478,474
3,229,106,227,235,407,222,239,108,237,110,610,233,107,404,231,406,219,109,224,405
3,484,242,248,490
3,487,489,246,244
3,408,245,409,113,243,247,611,112,241,410
3,255,251,498,494
3,496,493,250,253
3,115,249,612,413,412,411,116,252,254
3,507,275,510,267
3,277,262,264,501,509,506,504
3,257,279
3,273,270,517,283
3,272,513,285
3,516,269,512,281,260,258,266
3,123,417,613,271,278,268,418,415,416,284,419,259,280,282,263,121,265,276,118,261,274,414,119,122,256,120
3,537,532,307,525,540,293,295,534,529,297
3,309,287
3,305,521,291,526
3,300,298,311,538
3,313,541,301
3,288,520,303,290,523
3,130,310,425,292,294,420,614,302,421,424,128,306,289,422,129,126,308,125,127,304,312,286,427,296,426,423,299
3,323,547,333,321,556,553
3,335,315
3,548,331,545,319
3,337,554,324,326
3,339,327,557
3,550,329,318,316,544
3,322,429,432,431,325,330,134,430,336,317,332,334,328,320,338,135,136,428,137,133,314,132,615
3,362,346
3,358,341
3,360,344
3,347,563,356,352
3,342,351,354,560,562,349
3,143,616,343,140,141,359,433,139,345,355,361,348,353,434,340,142,357,350
3,579,375,383,378
3,570,376,385,370
3,387,373,379,574
3,391,364
3,367,393
3,369,566,372,389,573,365,578,576,381,569
3,371,388,438,386,146,382,363,439,374,366,617,368,150,377,384,380,392,149,437,436,147,148,390,435,145
4,153
4,154
4
4,156
4
4,158
4
4,160
4
4,162
4
4,164
4
4,166
4,167
4
4,169
4
4,171
4
4,173
4,174
4
4,176
4
4,178
4
4,180
4
4,182
4
4,184
4,185
4
4,187
4,188
4
4,190
4
4,192
4,193
4
4,195
4,196
4
4,198
4
4,200
4
4,202
4
4,204
4
4,206
4
4,208
4,209
4
4,211
4,212
4
4,214
4
4,216
4
4,218
4
4,220
4,221
4
4,223
4
4,225
4,226
4
4,228
4
4,230
4
4,232
4
4,234
4
4,236
4
4,238
4
4,240
4
4,242
4
4,244
4
4,246
4
4,248
4
4,250
4,251
4
4,253
4
4,255
4
4,257
4,258
4
4,260
4
4,262
4
4,264
4
4,266
4,267
4
4,269
4,270
4
4,272
4,273
4
4,275
4
4,277
4
4,279
4
4,281
4
4,283
4
4,285
4
4,287
4,288
4
4,290
4,291
4
4,293
4
4,295
4
4,297
4,298
4
4,300
4,301
4
4,303
4
4,305
4
4,307
4
4,309
4
4,311
4
4,313
4
4,315
4,316
4
4,318
4,319
4
4,321
4
4,323
4,324
4
4,326
4,327
4
4,329
4
4,331
4
4,333
4
4,335
4
4,337
4
4,339
4
4,341
4,342
4
4,344
4
4,346
4,347
4
4,349
4
4,351
4,352
4
4,354
4
4,356
4
4,358
4
4,360
4
4,362
4
4,364
4,365
4
4,367
4
4,369
4,370
4
4,372
4,373
4
4,375
4,376
4
4,378
4,379
4
4,381
4
4,383
4
4,385
4
4,387
4
4,389
4
4,391
4
4,393
4
5,440
5,442
5,446
5,448
5,451
5,455
5,458
5,462
5,464
5,468
5,470
5,473
5,476
5,479
5,482
5,485
5,488
5,491
5,495
5,497
5,499
5,502
5,505
5,508
5,511
5,514
5,518
5,522
5,524
5,527
5,530
5,533
5,535
5,539
5,542
5,546
5,549
5,551
5,555
5,558
5,561
5,564
5,567
5,571
5,575
5,577
6,441
6
6,443
6,444
6,445
6
6,447
6
6,449
6,450
6
6,452
6,453
6,454
6
6,456
6,457
6
6,459
6,460
6,461
6
6,463
6
6,465
6,466
6,467
6
6,469
6
6,471
6,472
6
6,474
6,475
6
6,477
6,478
6
6,480
6,481
6
6,483
6,484
6
6,486
6,487
6
6,489
6,490
6
6,492
6,493
6,494
6
6,496
6
6,498
6
6,500
6,501
6
6,503
6,504
6
6,506
6,507
6
6,509
6,510
6
6,512
6,513
6
6,515
6,516
6,517
6
6,519
6,520
6,521
6
6,523
6
6,525
6,526
6
6,528
6,529
6
6,531
6,532
6
6,534
6
6,536
6,537
6,538
6
6,540
6,541
6
6,543
6,544
6,545
6
6,547
6,548
6
6,550
6
6,552
6,553
6,554
6
6,556
6,557
6
6,559
6,560
6
6,562
6,563
6
6,565
6,566
6
6,568
6,569
6,570
6
6,572
6,573
6,574
6
6,576
6
6,578
6,579
6
14,614,40,606,611,617,609,615,612,613,608,607
14,616,41,610
12,263,477,446,440,229,294,531,500
12,374
12,377
12,84,66,368,69,317,371,568,265,505,63,289,524,48,459,186,465,78,72,81,543,561,210,54,60,75,45,572,519,473,42,546,577,57,51
12,224,345
12,227,471,559,549,468,170,522,503,348,462,292,157,528,261
12,343,495,366,155,222,168,486,243
12,286,165,340,256,488,249,152,219,207,492,183,363,314
12,299,325,271
12,241,483,497
12,449,259,189,575
12,194
12,455,536,552,296,515,539,511,452,268,322,555,191
12,177,274,217
12,201,382
12,247,254
12,361,239
12,278,237,213,359,159,245,334,308,252,235,390,392,197,179,161,357,181
12,233,304,330,386,355,384
12,205,284,336,203,282,338,310,312
12,388,280,163,199,332,306
12,215,328,175,231,353,302,276
12,565,320,533,380
12,479,508,443,350,172
7,618
7,618
7,618
7,618
7,619
7,618
7,618
7,618
7,618
7,618
7,619
7,618
15
15