0,118
0,127
0,100
0,178
0,142
0,172
0,169
0,112
0,151
0,202
0,136
0,124
0,133
0,160
0,181
0,130
0,109
0,139
0,106
0,196
0,199
0,157
0,190
0,148
0,121
0,115
0,94
0,103
0,193
0,175
0,184
0,163
0,187
0,145
0,97
0,154
0,166
0
0
0
0
0,211,208
0,205
0
0
0
0
0
0
0,93
0,120
0,123
0,126
0,129
0,132
0,135
0,138
0,141
0,144
0,147
0,96
0,150
0,153
0,156
0,159
0,162
0,165
0,168
0,171
0,174
0,177
0,99
0,180
0,183
0,186
0,189
0,192
0,195
0,198
0,201
0,204
0,207
0,102
0,210
0
0,105
0,108
0,111
0,114
0,117
1,743
1,744
2,93
2,94
2
2,96
2,97
2
2,99
2,100
2
2,102
2,103
2
2,105
2,106
2
2,108
2,109
2
2,111
2,112
2
2,114
2,115
2
2,117
2,118
2
2,120
2,121
2
2,123
2,124
2
2,126
2,127
2
2,129
2,130
2
2,132
2,133
2
2,135
2,136
2
2,138
2,139
2
2,141
2,142
2
2,144
2,145
2
2,147
2,148
2
2,150
2,151
2
2,153
2,154
2
2,156
2,157
2
2,159
2,160
2
2,162
2,163
2
2,165
2,166
2
2,168
2,169
2
2,171
2,172
2
2,174
2,175
2
2,177
2,178
2
2,180
2,181
2
2,183
2,184
2
2,186
2,187
2
2,189
2,190
2
2,192
2,193
2
2,195
2,196
2
2,198
2,199
2
2,201
2,202
2
2,204
2,205
2
2,207
2,208
2
2,210
2,211
2
3,278,285
3,287,281
3,289,283,566,279
3,282,212,280,288,519,286,213,284,731,277,214
3,303,570,299
3,291,305
3,307,294
3,572,301,292,298,569,296
3,520,304,302,219,218,295,297,290,300,293,217,521,216,306,732
3,586,313,327
3,309,323
3,579,329,318
3,331,582,321
3,320,312,325,578,575,315,588,317,310,585,581
3,324,322,221,522,223,523,525,311,224,308,316,314,330,222,524,326,733,319,328,526,225
3,337,343,592
3,333,339
3,591,594,341,336,334
3,340,338,332,229,335,528,734,527,227,342,228
3,365,350
3,361,345
3,348,363
3,600,606,359,351
3,597,357,355,346,605,353,603,599
3,354,231,352,360,532,364,233,362,735,358,235,232,529,234,349,356,531,344,347,530
3,609,367,373,615
3,612,614,371,369
3,370,534,533,238,368,372,736,237,366,535
3,380,376,623,619
3,621,618,375,378
3,240,538,537,737,377,536,374,241,379
3,632,400,635,392
3,402,387,389,626,634,631,629
3,382,404
3,398,395,642,408
3,397,638,410
3,641,394,637,406,385,383,391
3,396,403,393,405,540,543,541,386,409,384,407,388,246,390,401,542,248,738,243,399,539,244,247,544,381,245
3,662,432,650,665,418,654,420,659,657,422
3,412,434
3,430,646,416,651
3,425,423,436,663
3,438,426,666
3,413,645,428,415,648
3,739,255,435,550,417,419,545,427,546,549,253,411,431,414,251,547,433,250,252,254,429,437,552,421,551,548,424
3,672,458,446,681,678,448
3,460,440
3,673,456,670,444
3,451,462,679,449
3,464,452,682
3,675,454,443,441,669
3,447,554,557,556,450,455,259,555,442,457,459,453,445,461,463,260,261,553,262,258,439,257,740
3,487,471
3,483,466
3,485,469
3,688,472,481,477
3,467,476,479,685,687,474
3,268,559,741,468,265,266,484,482,558,264,480,486,473,478,465,267,475,470
3,704,500,503,508
3,695,501,510,495
3,512,504,699,498
3,516,489
3,492,518
3,494,691,701,497,514,698,490,703,506,694
3,273,513,560,502,563,511,271,507,488,564,499,496,491,742,493,275,509,505,562,517,274,561,272,515,270
4,278
4,279
4
4,281
4
4,283
4
4,285
4
4,287
4
4,289
4
4,291
4,292
4
4,294
4
4,296
4
4,298
4,299
4
4,301
4
4,303
4
4,305
4
4,307
4
4,309
4,310
4
4,312
4,313
4
4,315
4
4,317
4,318
4
4,320
4,321
4
4,323
4
4,325
4
4,327
4
4,329
4
4,331
4
4,333
4,334
4
4,336
4,337
4
4,339
4
4,341
4
4,343
4
4,345
4,346
4
4,348
4
4,350
4,351
4
4,353
4
4,355
4
4,357
4
4,359
4
4,361
4
4,363
4
4,365
4
4,367
4
4,369
4
4,371
4
4,373
4
4,375
4,376
4
4,378
4
4,380
4
4,382
4,383
4
4,385
4
4,387
4
4,389
4
4,391
4,392
4
4,394
4,395
4
4,397
4,398
4
4,400
4
4,402
4
4,404
4
4,406
4
4,408
4
4,410
4
4,412
4,413
4
4,415
4,416
4
4,418
4
4,420
4
4,422
4,423
4
4,425
4,426
4
4,428
4
4,430
4
4,432
4
4,434
4
4,436
4
4,438
4
4,440
4,441
4
4,443
4,444
4
4,446
4
4,448
4,449
4
4,451
4,452
4
4,454
4
4,456
4
4,458
4
4,460
4
4,462
4
4,464
4
4,466
4,467
4
4,469
4
4,471
4,472
4
4,474
4
4,476
4,477
4
4,479
4
4,481
4
4,483
4
4,485
4
4,487
4
4,489
4,490
4
4,492
4
4,494
4,495
4
4,497
4,498
4
4,500
4,501
4
4,503
4,504
4
4,506
4
4,508
4
4,510
4
4,512
4
4,514
4
4,516
4
4,518
4
5,565
5,567
5,571
5,573
5,576
5,580
5,583
5,587
5,589
5,593
5,595
5,598
5,601
5,604
5,607
5,610
5,613
5,616
5,620
5,622
5,624
5,627
5,630
5,633
5,636
5,639
5,643
5,647
5,649
5,652
5,655
5,658
5,660
5,664
5,667
5,671
5,674
5,676
5,680
5,683
5,686
5,689
5,692
5,696
5,700
5,702
6,566
6
6,568
6,569
6,570
6
6,572
6
6,574
6,575
6
6,577
6,578
6,579
6
6,581
6,582
6
6,584
6,585
6,586
6
6,588
6
6,590
6,591
6,592
6
6,594
6
6,596
6,597
6
6,599
6,600
6
6,602
6,603
6
6,605
6,606
6
6,608
6,609
6
6,611
6,612
6
6,614
6,615
6
6,617
6,618
6,619
6
6,621
6
6,623
6
6,625
6,626
6
6,628
6,629
6
6,631
6,632
6
6,634
6,635
6
6,637
6,638
6
6,640
6,641
6,642
6
6,644
6,645
6,646
6
6,648
6
6,650
6,651
6
6,653
6,654
6
6,656
6,657
6
6,659
6
6,661
6,662
6,663
6
6,665
6,666
6
6,668
6,669
6,670
6
6,672
6,673
6
6,675
6
6,677
6,678
6,679
6
6,681
6,682
6
6,684
6,685
6
6,687
6,688
6
6,690
6,691
6
6,693
6,694
6,695
6
6,697
6,698
6,699
6
6,701
6
6,703
6,704
6
14,739,90,731,736,742,734,740,737,738,733,732
14,741,91,735
12,388,602,571,565,354,419,656,625
12,499
12,502
12,134,116,203,493,119,442,496,194,173,693,390,185,122,630,113,137,414,158,161,164,649,98,584,209,143,149,140,311,191,590,188,128,146,197,131,668,686,176,335,104,110,170,179,167,125,155,95,697,644,598,92,206,671,702,107,200,101,152,182
12,349,470
12,352,596,684,674,593,295,647,628,473,587,417,653,386,282
12,468,620,491,280,347,293,611,368
12,332,290,465,381,374,277,344,613,617,411,308,488,439
12,424,450,396
12,366,608,622
12,574,700,384,314
12,319
12,580,677,421,640,664,636,661,393,447,577,680,316
12,302,399,342
12,326,507
12,372,379
12,364,486
12,403,362,338,484,284,370,459,433,377,360,515,482,517,322,304,286,306
12,429,455,511,480,509,358
12,330,409,461,328,407,463,435,437
12,513,405,288,324,457,431
12,340,453,300,356,478,427,401
12,690,445,505,658
12,604,633,568,475,297
7,743
7,743
7,743
7,743
7,744
7,743
7,743
7,743
7,743
7,743
7,744
7,743
15
15