0,23,29,26
0
0
0
0
0
0
0
0
0
0
0
0
0
0
0,22
0,25
0,28
0
1,561
1,562
2,22
2,23
2
2,25
2,26
2
2,28
2,29
2
3,96,103
3,105,99
3,107,101,384,97
3,106,100,30,98,102,95,549,104,31,337,32
3,121,388,117
3,109,123
3,125,112
3,390,119,110,116,387,114
3,338,35,122,120,36,113,115,108,118,111,37,339,34,124,550
3,404,131,145
3,127,141
3,397,136,147
3,149,400,139
3,138,130,143,396,393,133,406,135,128,403,399
3,142,140,39,340,41,343,129,42,342,341,126,134,148,137,132,40,144,551,146,344,43
3,155,161,410
3,151,157
3,409,159,154,152,412
3,158,156,150,47,153,346,552,345,45,160,46
3,183,168
3,179,163
3,166,181
3,418,424,177,169
3,415,175,173,423,164,171,421,417
3,172,49,349,178,350,165,182,51,53,553,176,50,347,52,180,174,170,162,167,348
3,427,185,191,433
3,430,432,189,187
3,351,188,352,190,56,186,554,55,184,353
3,198,194,441,437
3,439,436,193,196
3,58,192,555,356,355,354,59,195,197
3,450,218,453,210
3,220,205,207,444,452,449,447
3,200,222
3,216,213,460,226
3,215,456,228
3,459,212,455,224,203,201,209
3,66,556,214,221,211,223,361,358,359,227,357,202,362,225,206,64,208,219,360,61,204,217,62,65,199,63
3,480,475,250,468,483,236,238,477,472,240
3,252,230
3,248,464,234,469
3,243,241,254,481
3,256,484,244
3,231,463,246,233,466
3,73,253,368,235,237,363,557,245,364,367,71,249,232,365,72,69,251,68,70,247,255,229,370,239,242,369,366
3,266,490,276,264,499,496
3,278,258
3,491,274,488,262
3,280,497,267,269
3,282,270,500
3,493,272,261,259,487
3,268,265,372,375,374,273,77,373,279,260,275,277,271,263,281,78,79,371,80,76,257,75,558
3,305,289
3,301,284
3,303,287
3,290,506,299,295
3,285,294,297,503,505,292
3,86,559,286,83,84,302,376,82,288,298,304,291,296,377,283,85,300,293
3,522,318,321,326
3,513,319,328,313
3,330,316,322,517
3,334,307
3,310,336
3,312,509,315,332,516,308,521,519,324,512
3,314,331,381,329,89,325,306,382,317,309,560,311,93,320,327,323,335,92,380,379,90,91,333,378,88
4,96
4,97
4
4,99
4
4,101
4
4,103
4
4,105
4
4,107
4
4,109
4,110
4
4,112
4
4,114
4
4,116
4,117
4
4,119
4
4,121
4
4,123
4
4,125
4
4,127
4,128
4
4,130
4,131
4
4,133
4
4,135
4,136
4
4,138
4,139
4
4,141
4
4,143
4
4,145
4
4,147
4
4,149
4
4,151
4,152
4
4,154
4,155
4
4,157
4
4,159
4
4,161
4
4,163
4,164
4
4,166
4
4,168
4,169
4
4,171
4
4,173
4
4,175
4
4,177
4
4,179
4
4,181
4
4,183
4
4,185
4
4,187
4
4,189
4
4,191
4
4,193
4,194
4
4,196
4
4,198
4
4,200
4,201
4
4,203
4
4,205
4
4,207
4
4,209
4,210
4
4,212
4,213
4
4,215
4,216
4
4,218
4
4,220
4
4,222
4
4,224
4
4,226
4
4,228
4
4,230
4,231
4
4,233
4,234
4
4,236
4
4,238
4
4,240
4,241
4
4,243
4,244
4
4,246
4
4,248
4
4,250
4
4,252
4
4,254
4
4,256
4
4,258
4,259
4
4,261
4,262
4
4,264
4
4,266
4,267
4
4,269
4,270
4
4,272
4
4,274
4
4,276
4
4,278
4
4,280
4
4,282
4
4,284
4,285
4
4,287
4
4,289
4,290
4
4,292
4
4,294
4,295
4
4,297
4
4,299
4
4,301
4
4,303
4
4,305
4
4,307
4,308
4
4,310
4
4,312
4,313
4
4,315
4,316
4
4,318
4,319
4
4,321
4,322
4
4,324
4
4,326
4
4,328
4
4,330
4
4,332
4
4,334
4
4,336
4
5,383
5,385
5,389
5,391
5,394
5,398
5,401
5,405
5,407
5,411
5,413
5,416
5,419
5,422
5,425
5,428
5,431
5,434
5,438
5,440
5,442
5,445
5,448
5,451
5,454
5,457
5,461
5,465
5,467
5,470
5,473
5,476
5,478
5,482
5,485
5,489
5,492
5,494
5,498
5,501
5,504
5,507
5,510
5,514
5,518
5,520
6,384
6
6,386
6,387
6,388
6
6,390
6
6,392
6,393
6
6,395
6,396
6,397
6
6,399
6,400
6
6,402
6,403
6,404
6
6,406
6
6,408
6,409
6,410
6
6,412
6
6,414
6,415
6
6,417
6,418
6
6,420
6,421
6
6,423
6,424
6
6,426
6,427
6
6,429
6,430
6
6,432
6,433
6
6,435
6,436
6,437
6
6,439
6
6,441
6
6,443
6,444
6
6,446
6,447
6
6,449
6,450
6
6,452
6,453
6
6,455
6,456
6
6,458
6,459
6,460
6
6,462
6,463
6,464
6
6,466
6
6,468
6,469
6
6,471
6,472
6
6,474
6,475
6
6,477
6
6,479
6,480
6,481
6
6,483
6,484
6
6,486
6,487
6,488
6
6,490
6,491
6
6,493
6
6,495
6,496
6,497
6
6,499
6,500
6
6,502
6,503
6
6,505
6,506
6
6,508
6,509
6
6,511
6,512
6,513
6
6,515
6,516
6,517
6
6,519
6
6,521
6,522
6
14,557,19,549,554,552,558,555,556,560,550,551
14,20,553,559
12,206,420,389,383,172,237,474,443
12,317
12,320
12,311,260,314,511,208,448,232,489,467,27,402,129,408,486,504,153,24,515,462,416,21,520
12,167,288
12,170,414,502,492,411,113,465,446,291,405,235,100,471,204
12,286,438,309,98,165,111,429,186
12,229,108,283,126,199,431,192,95,162,150,435,306,257
12,242,268,214
12,184,426,440
12,202,132,518,392
12,137
12,398,479,239,458,482,454,395,211,265,495,498,134
12,120,217,160
12,144,325
12,190,197
12,304,182
12,221,180,302,102,188,277,251,195,178,300,333,335,140,122,156,104,124
12,176,247,273,298,327,329
12,148,227,279,146,225,281,253,255
12,331,223,106,142,275,249
12,158,271,118,174,296,245,219
12,508,263,476,323
12,422,451,386,293,115
7,561
7,561
7,561
7,561
7,562
7,561
7,561
7,561
7,561
7,561
7,562
7,561
15
15