0,51
0,87
0,81
0,66
0,60
0,72
0,69
0,93
0,78
0,96
0,57
0,90
0,75
0,84
0,63
0,54
0
0
0
0
0
0
0
0
0
0
0
0
0
0
0,50
0,77
0,80
0,83
0,86
0,89
0,92
0,95
0
0,53
0,56
0,59
0,62
0,65
0,68
0,71
0,74
1,628
1,629
2,50
2,51
2
2,53
2,54
2
2,56
2,57
2
2,59
2,60
2
2,62
2,63
2
2,65
2,66
2
2,68
2,69
2
2,71
2,72
2
2,74
2,75
2
2,77
2,78
2
2,80
2,81
2
2,83
2,84
2
2,86
2,87
2
2,89
2,90
2
2,92
2,93
2
2,95
2,96
2
3,163,170
3,172,166
3,174,168,451,164
3,173,167,97,165,162,99,404,171,98,169,616
3,188,455,184
3,176,190
3,192,179
3,457,186,177,183,454,181
3,405,101,102,189,187,103,180,182,175,185,178,104,406,191,617
3,471,198,212
3,194,208
3,464,214,203
3,216,467,206
3,205,197,210,463,460,200,473,202,195,470,466
3,209,207,106,407,108,410,196,109,409,408,193,201,199,215,204,107,211,618,213,411,110
3,222,228,477
3,218,224
3,476,226,221,219,479
3,225,223,217,114,220,413,619,412,113,112,227
3,250,235
3,246,230
3,233,248
3,485,491,244,236
3,482,242,240,490,231,238,488,484
3,239,116,237,245,417,232,249,118,247,120,620,243,117,414,241,416,229,119,234,415
3,494,252,258,500
3,497,499,256,254
3,418,255,419,123,253,257,621,122,251,420
3,265,261,508,504
3,506,503,260,263
3,125,259,622,423,422,421,126,262,264
3,517,285,520,277
3,287,272,274,511,519,516,514
3,267,289
3,283,280,527,293
3,282,523,295
3,526,279,291,270,268,276,522
3,623,281,288,278,290,427,428,425,426,294,429,269,292,273,131,275,286,133,128,271,284,424,129,132,266,130
3,547,542,317,535,550,303,305,307,544,539
3,319,297
3,315,531,301,536
3,310,308,321,548
3,323,551,311
3,298,530,313,300,533
3,624,140,320,435,302,304,430,312,431,434,138,316,299,432,139,136,318,135,137,314,322,296,437,306,436,433,309
3,333,343,331,566,563,557
3,345,325
3,558,341,555,329
3,347,564,334,336
3,349,337,567
3,560,339,328,326,554
3,332,439,442,441,335,340,144,440,346,327,342,344,338,330,348,145,146,438,147,143,324,142,625
3,372,356
3,368,351
3,370,354
3,573,357,366,362
3,352,361,364,570,572,359
3,153,626,353,150,151,369,443,149,355,365,371,358,363,444,350,152,367,360
3,589,385,388,393
3,580,386,395,380
3,397,383,389,584
3,374,401
3,377,403
3,379,576,382,399,583,375,391,588,586,579
3,381,398,448,396,156,392,373,449,384,376,627,378,160,387,394,390,402,159,447,446,157,158,400,445,155
4,163
4,164
4
4,166
4
4,168
4
4,170
4
4,172
4
4,174
4
4,176
4,177
4
4,179
4
4,181
4
4,183
4,184
4
4,186
4
4,188
4
4,190
4
4,192
4
4,194
4,195
4
4,197
4,198
4
4,200
4
4,202
4,203
4
4,205
4,206
4
4,208
4
4,210
4
4,212
4
4,214
4
4,216
4
4,218
4,219
4
4,221
4,222
4
4,224
4
4,226
4
4,228
4
4,230
4,231
4
4,233
4
4,235
4,236
4
4,238
4
4,240
4
4,242
4
4,244
4
4,246
4
4,248
4
4,250
4
4,252
4
4,254
4
4,256
4
4,258
4
4,260
4,261
4
4,263
4
4,265
4
4,267
4,268
4
4,270
4
4,272
4
4,274
4
4,276
4,277
4
4,279
4,280
4
4,282
4,283
4
4,285
4
4,287
4
4,289
4
4,291
4
4,293
4
4,295
4
4,297
4,298
4
4,300
4,301
4
4,303
4
4,305
4
4,307
4,308
4
4,310
4,311
4
4,313
4
4,315
4
4,317
4
4,319
4
4,321
4
4,323
4
4,325
4,326
4
4,328
4,329
4
4,331
4
4,333
4,334
4
4,336
4,337
4
4,339
4
4,341
4
4,343
4
4,345
4
4,347
4
4,349
4
4,351
4,352
4
4,354
4
4,356
4,357
4
4,359
4
4,361
4,362
4
4,364
4
4,366
4
4,368
4
4,370
4
4,372
4
4,374
4,375
4
4,377
4
4,379
4,380
4
4,382
4,383
4
4,385
4,386
4
4,388
4,389
4
4,391
4
4,393
4
4,395
4
4,397
4
4,399
4
4,401
4
4,403
4
5,450
5,452
5,456
5,458
5,461
5,465
5,468
5,472
5,474
5,478
5,480
5,483
5,486
5,489
5,492
5,495
5,498
5,501
5,505
5,507
5,509
5,512
5,515
5,518
5,521
5,524
5,528
5,532
5,534
5,537
5,540
5,543
5,545
5,549
5,552
5,556
5,559
5,561
5,565
5,568
5,571
5,574
5,577
5,581
5,585
5,587
6,451
6
6,453
6,454
6,455
6
6,457
6
6,459
6,460
6
6,462
6,463
6,464
6
6,466
6,467
6
6,469
6,470
6,471
6
6,473
6
6,475
6,476
6,477
6
6,479
6
6,481
6,482
6
6,484
6,485
6
6,487
6,488
6
6,490
6,491
6
6,493
6,494
6
6,496
6,497
6
6,499
6,500
6
6,502
6,503
6,504
6
6,506
6
6,508
6
6,510
6,511
6
6,513
6,514
6
6,516
6,517
6
6,519
6,520
6
6,522
6,523
6
6,525
6,526
6,527
6
6,529
6,530
6,531
6
6,533
6
6,535
6,536
6
6,538
6,539
6
6,541
6,542
6
6,544
6
6,546
6,547
6,548
6
6,550
6,551
6
6,553
6,554
6,555
6
6,557
6,558
6
6,560
6
6,562
6,563
6,564
6
6,566
6,567
6
6,569
6,570
6
6,572
6,573
6
6,575
6,576
6
6,578
6,579
6,580
6
6,582
6,583
6,584
6
6,586
6
6,588
6,589
6
14,624,47,616,621,627,619,625,622,623,618,617
14,626,48,620
12,273,487,456,450,239,304,541,510
12,384
12,387
12,91,73,378,76,327,381,578,275,515,70,94,299,556,534,55,469,196,475,85,79,88,553,571,220,61,67,82,52,582,529,483,49,587,64,58
12,234,355
12,237,481,569,559,478,180,532,513,358,472,302,167,538,271
12,353,376,165,232,178,496,253,505
12,296,175,350,266,498,259,162,229,217,502,193,373,324
12,309,335,281
12,251,493,507
12,459,585,269,199
12,204
12,465,546,562,306,525,549,521,462,278,332,565,201
12,187,284,227
12,211,392
12,257,264
12,371,249
12,288,247,223,369,169,255,344,318,262,245,400,402,207,189,171,367,191
12,243,314,340,396,365,394
12,215,294,346,213,292,348,320,322
12,398,290,173,209,342,316
12,225,338,185,241,363,312,286
12,575,330,543,390
12,489,518,453,360,182
7,628
7,628
7,628
7,628
7,629
7,628
7,628
7,628
7,628
7,628
7,629
7,628
15
15