0,117
0,75
0,81
0,138
0,120
0,87
0,132
0,102
0,84
0,111
0,114
0,123
0,90
0,69
0,129
0,96
0,72
0,141
0,135
0,78
0,99
0,126
0,93
0,105
0,108
0
0
0
0
0
0
0
0
0
0
0
0
0
0
0,68
0,95
0,98
0,101
0,104
0,107
0,110
0,113
0,116
0,119
0,122
0,71
0,125
0,128
0,131
0,134
0,137
0,140
0
0,74
0,77
0,80
0,83
0,86
0,89
0,92
1,673
1,674
2,68
2,69
2
2,71
2,72
2
2,74
2,75
2
2,77
2,78
2
2,80
2,81
2
2,83
2,84
2
2,86
2,87
2
2,89
2,90
2
2,92
2,93
2
2,95
2,96
2
2,98
2,99
2
2,101
2,102
2
2,104
2,105
2
2,107
2,108
2
2,110
2,111
2
2,113
2,114
2
2,116
2,117
2
2,119
2,120
2
2,122
2,123
2
2,125
2,126
2
2,128
2,129
2
2,131
2,132
2
2,134
2,135
2
2,137
2,138
2
2,140
2,141
2
3,208,215
3,217,211
3,219,496,209,213
3,218,212,142,210,449,216,143,214,661,207,144
3,233,500,229
3,221,235
3,237,224
3,502,231,222,228,499,226
3,450,234,232,148,225,227,220,230,223,149,147,451,146,236,662
3,516,243,257
3,239,253
3,509,259,248
3,261,512,251
3,250,242,255,508,505,245,518,247,240,515,511
3,254,252,151,452,153,455,241,154,454,453,238,246,244,260,152,256,663,249,258,456,155
3,267,273,522
3,263,269
3,521,524,271,266,264
3,270,268,262,159,265,458,664,457,157,272,158
3,295,280
3,291,275
3,278,293
3,530,536,289,281
3,527,287,285,535,276,283,533,529
3,161,282,290,284,462,294,163,292,665,288,165,162,459,164,279,286,461,274,277,460
3,539,297,303,545
3,542,301,544,299
3,463,300,464,168,298,302,666,167,296,465
3,310,306,553,549
3,551,548,305,308
3,170,307,304,667,468,467,466,171,309
3,562,330,565,322
3,332,319,556,564,561,317,559
3,312,334
3,328,325,572,338
3,327,568,340
3,571,324,567,336,315,313,321
3,178,668,326,333,323,335,473,470,471,316,339,314,474,337,318,176,320,331,472,173,329,469,174,177,311,175
3,592,587,362,580,595,348,350,589,584,352
3,364,342
3,360,576,346,581
3,355,353,366,593
3,368,356,596
3,343,575,358,345,578
3,669,185,365,480,347,349,475,357,476,479,183,361,344,477,184,181,363,180,182,359,367,341,482,351,481,478,354
3,602,388,376,611,608,378
3,390,370
3,386,600,603,374
3,392,609,379,381
3,394,382,612
3,605,384,373,371,599
3,377,484,487,380,385,192,486,189,485,391,372,387,389,383,375,393,190,191,483,188,369,187,670
3,417,401
3,413,396
3,415,399
3,618,402,411,407
3,397,406,409,615,617,404
3,198,671,398,195,196,414,488,194,410,416,403,408,489,395,197,412,405,400
3,634,430,433,438
3,625,431,440,425
3,442,428,434,629
3,446,419
3,422,448
3,424,621,427,444,628,420,633,631,436,624
3,426,443,441,201,437,418,494,490,493,429,435,421,672,423,205,432,439,447,204,492,491,202,203,445,200
4,208
4,209
4
4,211
4
4,213
4
4,215
4
4,217
4
4,219
4
4,221
4,222
4
4,224
4
4,226
4
4,228
4,229
4
4,231
4
4,233
4
4,235
4
4,237
4
4,239
4,240
4
4,242
4,243
4
4,245
4
4,247
4,248
4
4,250
4,251
4
4,253
4
4,255
4
4,257
4
4,259
4
4,261
4
4,263
4,264
4
4,266
4,267
4
4,269
4
4,271
4
4,273
4
4,275
4,276
4
4,278
4
4,280
4,281
4
4,283
4
4,285
4
4,287
4
4,289
4
4,291
4
4,293
4
4,295
4
4,297
4
4,299
4
4,301
4
4,303
4
4,305
4,306
4
4,308
4
4,310
4
4,312
4,313
4
4,315
4
4,317
4
4,319
4
4,321
4,322
4
4,324
4,325
4
4,327
4,328
4
4,330
4
4,332
4
4,334
4
4,336
4
4,338
4
4,340
4
4,342
4,343
4
4,345
4,346
4
4,348
4
4,350
4
4,352
4,353
4
4,355
4,356
4
4,358
4
4,360
4
4,362
4
4,364
4
4,366
4
4,368
4
4,370
4,371
4
4,373
4,374
4
4,376
4
4,378
4,379
4
4,381
4,382
4
4,384
4
4,386
4
4,388
4
4,390
4
4,392
4
4,394
4
4,396
4,397
4
4,399
4
4,401
4,402
4
4,404
4
4,406
4,407
4
4,409
4
4,411
4
4,413
4
4,415
4
4,417
4
4,419
4,420
4
4,422
4
4,424
4,425
4
4,427
4,428
4
4,430
4,431
4
4,433
4,434
4
4,436
4
4,438
4
4,440
4
4,442
4
4,444
4
4,446
4
4,448
4
5,495
5,497
5,501
5,503
5,506
5,510
5,513
5,517
5,519
5,523
5,525
5,528
5,531
5,534
5,537
5,540
5,543
5,546
5,550
5,552
5,554
5,557
5,560
5,563
5,566
5,569
5,573
5,577
5,579
5,582
5,585
5,588
5,590
5,594
5,597
5,601
5,604
5,606
5,610
5,613
5,616
5,619
5,622
5,626
5,630
5,632
6,496
6
6,498
6,499
6,500
6
6,502
6
6,504
6,505
6
6,507
6,508
6,509
6
6,511
6,512
6
6,514
6,515
6,516
6
6,518
6
6,520
6,521
6,522
6
6,524
6
6,526
6,527
6
6,529
6,530
6
6,532
6,533
6
6,535
6,536
6
6,538
6,539
6
6,541
6,542
6
6,544
6,545
6
6,547
6,548
6,549
6
6,551
6
6,553
6
6,555
6,556
6
6,558
6,559
6
6,561
6,562
6
6,564
6,565
6
6,567
6,568
6
6,570
6,571
6,572
6
6,574
6,575
6,576
6
6,578
6
6,580
6,581
6
6,583
6,584
6
6,586
6,587
6
6,589
6
6,591
6,592
6,593
6
6,595
6,596
6
6,598
6,599
6,600
6
6,602
6,603
6
6,605
6
6,607
6,608
6,609
6
6,611
6,612
6
6,614
6,615
6
6,617
6,618
6
6,620
6,621
6
6,623
6,624
6,625
6
6,627
6,628
6,629
6
6,631
6
6,633
6,634
6
14,65,661,666,672,664,670,669,667,668,662,663
14,671,66,665
12,318,532,501,495,284,349,586,555
12,429
12,432
12,109,91,423,94,372,426,623,320,560,88,112,344,601,136,139,73,514,118,124,115,241,520,103,97,121,106,598,616,265,79,85,579,100,133,130,70,627,574,528,67,632,82,76,127
12,279,400
12,282,526,614,604,523,225,577,558,403,517,347,583,316,212
12,398,550,421,210,277,541,298,223
12,341,220,395,238,311,543,304,207,274,262,547,418,369
12,354,380,326
12,296,538,552
12,314,244,630,504
12,249
12,510,591,607,351,570,594,566,507,323,377,610,246
12,232,329,272
12,256,437
12,302,309
12,294,416
12,333,292,268,414,214,300,389,363,307,290,445,447,252,234,216,412,236
12,359,385,441,410,439,288
12,260,339,391,258,393,337,365,367
12,443,335,218,254,387,361
12,270,383,230,286,408,357,331
12,620,375,588,435
12,534,563,498,405,227
7,673
7,673
7,673
7,673
7,674
7,673
7,673
7,673
7,673
7,673
7,674
7,673
15
15