0,28
0,25
0,34
0,37,31
0
0
0
0,40
0
0
0
0
0
0
0,24
0,27
0,30
0,33
0,36
0,39
0
1,572
1,573
2,24
2,25
2
2,27
2,28
2
2,30
2,31
2
2,33
2,34
2
2,36
2,37
2
2,39
2,40
2
3,107,114
3,116,110
3,118,112,395,108
3,117,111,41,109,106,43,560,115,42,113,348
3,132,399,128
3,120,134
3,136,123
3,401,130,121,127,398,125
3,349,46,133,131,47,124,126,119,129,122,48,350,45,135,561
3,415,142,156
3,138,152
3,408,147,158
3,160,411,150
3,149,141,154,407,404,144,417,146,139,414,410
3,153,151,50,351,52,354,140,53,353,352,137,145,143,159,148,51,155,562,157,355,54
3,166,172,421
3,162,168
3,420,170,165,163,423
3,169,167,161,58,164,357,563,356,56,171,57
3,194,179
3,190,174
3,177,192
3,429,435,188,180
3,186,184,434,426,175,182,432,428
3,183,60,360,189,361,193,62,191,64,564,187,61,358,63,185,181,173,176,178,359
3,438,196,202,444
3,441,443,200,198
3,362,199,363,201,67,197,565,66,195,364
3,209,205,452,448
3,450,447,204,207
3,69,203,566,367,366,365,70,206,208
3,461,229,464,221
3,231,216,218,455,463,460,458
3,211,233
3,227,224,471,237
3,226,467,239
3,470,223,466,235,214,212,220
3,77,567,225,232,222,234,372,369,370,238,368,213,373,236,217,75,219,230,371,72,215,228,73,76,210,74
3,491,486,261,479,494,247,249,488,483,251
3,263,241
3,259,475,245,480
3,254,252,265,492
3,267,495,255
3,242,474,257,244,477
3,84,264,379,246,248,374,568,256,375,378,82,260,243,376,83,80,262,79,81,258,266,240,381,250,380,377,253
3,277,501,287,275,510,507
3,289,269
3,502,285,499,273
3,291,508,278,280
3,293,281,511
3,504,283,272,270,498
3,279,276,383,386,385,284,88,384,290,271,286,288,282,274,292,89,90,382,91,87,268,86,569
3,316,300
3,312,295
3,314,298
3,301,517,310,306
3,296,305,308,514,516,303
3,97,570,297,94,95,313,387,93,299,309,315,302,307,388,294,96,311,304
3,533,329,332,337
3,524,330,339,324
3,341,327,333,528
3,345,318
3,321,347
3,323,520,326,343,527,319,532,530,335,523
3,325,342,392,340,100,336,317,393,328,320,571,322,104,331,338,334,346,103,391,390,101,102,344,389,99
4,107
4,108
4
4,110
4
4,112
4
4,114
4
4,116
4
4,118
4
4,120
4,121
4
4,123
4
4,125
4
4,127
4,128
4
4,130
4
4,132
4
4,134
4
4,136
4
4,138
4,139
4
4,141
4,142
4
4,144
4
4,146
4,147
4
4,149
4,150
4
4,152
4
4,154
4
4,156
4
4,158
4
4,160
4
4,162
4,163
4
4,165
4,166
4
4,168
4
4,170
4
4,172
4
4,174
4,175
4
4,177
4
4,179
4,180
4
4,182
4
4,184
4
4,186
4
4,188
4
4,190
4
4,192
4
4,194
4
4,196
4
4,198
4
4,200
4
4,202
4
4,204
4,205
4
4,207
4
4,209
4
4,211
4,212
4
4,214
4
4,216
4
4,218
4
4,220
4,221
4
4,223
4,224
4
4,226
4,227
4
4,229
4
4,231
4
4,233
4
4,235
4
4,237
4
4,239
4
4,241
4,242
4
4,244
4,245
4
4,247
4
4,249
4
4,251
4,252
4
4,254
4,255
4
4,257
4
4,259
4
4,261
4
4,263
4
4,265
4
4,267
4
4,269
4,270
4
4,272
4,273
4
4,275
4
4,277
4,278
4
4,280
4,281
4
4,283
4
4,285
4
4,287
4
4,289
4
4,291
4
4,293
4
4,295
4,296
4
4,298
4
4,300
4,301
4
4,303
4
4,305
4,306
4
4,308
4
4,310
4
4,312
4
4,314
4
4,316
4
4,318
4,319
4
4,321
4
4,323
4,324
4
4,326
4,327
4
4,329
4,330
4
4,332
4,333
4
4,335
4
4,337
4
4,339
4
4,341
4
4,343
4
4,345
4
4,347
4
5,394
5,396
5,400
5,402
5,405
5,409
5,412
5,416
5,418
5,422
5,424
5,427
5,430
5,433
5,436
5,439
5,442
5,445
5,449
5,451
5,453
5,456
5,459
5,462
5,465
5,468
5,472
5,476
5,478
5,481
5,484
5,487
5,489
5,493
5,496
5,500
5,503
5,505
5,509
5,512
5,515
5,518
5,521
5,525
5,529
5,531
6,395
6
6,397
6,398
6,399
6
6,401
6
6,403
6,404
6
6,406
6,407
6,408
6
6,410
6,411
6
6,413
6,414
6,415
6
6,417
6
6,419
6,420
6,421
6
6,423
6
6,425
6,426
6
6,428
6,429
6
6,431
6,432
6
6,434
6,435
6
6,437
6,438
6
6,440
6,441
6
6,443
6,444
6
6,446
6,447
6,448
6
6,450
6
6,452
6
6,454
6,455
6
6,457
6,458
6
6,460
6,461
6
6,463
6,464
6
6,466
6,467
6
6,469
6,470
6,471
6
6,473
6,474
6,475
6
6,477
6
6,479
6,480
6
6,482
6,483
6
6,485
6,486
6
6,488
6
6,490
6,491
6,492
6
6,494
6,495
6
6,497
6,498
6,499
6
6,501
6,502
6
6,504
6
6,506
6,507
6,508
6
6,510
6,511
6
6,513
6,514
6
6,516
6,517
6
6,519
6,520
6
6,522
6,523
6,524
6
6,526
6,527
6,528
6
6,530
6
6,532
6,533
6
14,568,21,560,565,571,563,569,566,567,561,562
14,22,564,570
12,217,431,400,394,183,248,485,454
12,328
12,331
12,322,271,325,522,219,459,243,500,478,29,413,140,419,497,515,164,35,26,526,473,427,23,531,38,32
12,178,299
12,181,425,513,503,422,124,476,457,302,416,246,111,482,215
12,297,449,320,109,176,122,440,197
12,240,119,294,137,210,442,203,106,173,161,446,317,268
12,253,279,225
12,195,437,451
12,213,143,529,403
12,148
12,409,490,506,250,469,493,465,406,222,276,509,145
12,131,228,171
12,155,336
12,201,208
12,315,193
12,191,313,113,199,288,262,206,189,344,346,151,133,167,115,311,135,232
12,187,258,284,309,338,340
12,159,238,290,157,236,292,264,266
12,342,234,117,153,286,260
12,169,282,129,185,307,256,230
12,519,274,487,334
12,433,462,397,304,126
7,572
7,572
7,572
7,572
7,573
7,572
7,572
7,572
7,572
7,572
7,573
7,572
15
15