0,48
0,57
0,66
0,72
0,69
0,60
0,45
0,63
0,54
0,81,51
0
0
0
0
0
0
0
0,84
0,78
0,75
0
0
0
0
0
0
0,44
0,71
0,74
0,77
0,80
0,83
0
0,47
0,50
0,53
0,56
0,59
0,62
0,65
0,68
1,616
1,617
2,44
2,45
2
2,47
2,48
2
2,50
2,51
2
2,53
2,54
2
2,56
2,57
2
2,59
2,60
2
2,62
2,63
2
2,65
2,66
2
2,68
2,69
2
2,71
2,72
2
2,74
2,75
2
2,77
2,78
2
2,80
2,81
2
2,83
2,84
2
3,151,158
3,160,154
3,162,156,439,152
3,161,155,85,153,150,392,159,86,157,604,87
3,176,443,172
3,164,178
3,180,167
3,445,174,165,171,442,169
3,393,90,177,175,91,168,170,163,173,166,89,92,394,179,605
3,459,186,200
3,182,196
3,452,202,191
3,204,455,194
3,193,185,198,451,448,188,461,190,183,458,454
3,197,195,94,395,96,398,184,97,397,396,181,189,187,203,192,95,199,606,201,399,98
3,210,216,465
3,206,212
3,464,214,209,207,467
3,213,211,205,102,208,401,607,400,100,215,101
3,238,223
3,234,218
3,221,236
3,473,479,232,224
3,470,230,228,478,219,226,476,472
3,227,104,225,233,405,220,237,106,235,108,608,231,105,402,229,404,217,107,222,403
3,482,240,246,488
3,485,487,244,242
3,406,243,407,111,241,245,609,110,239,408
3,253,249,496,492
3,494,491,248,251
3,113,247,610,411,410,409,114,250,252
3,505,273,508,265
3,275,260,262,499,507,502,504
3,255,277
3,271,268,515,281
3,270,511,283
3,514,267,510,279,258,256,264
3,121,611,269,276,266,278,416,413,414,282,417,257,280,261,263,274,415,116,119,259,272,412,117,120,254,118
3,535,530,305,523,538,291,293,532,527,295
3,307,285
3,303,519,289,524
3,298,296,309,536
3,311,539,299
3,286,518,301,288,521
3,128,308,423,290,292,418,612,300,419,422,126,304,287,420,127,124,306,123,125,302,310,284,425,294,424,421,297
3,321,545,331,319,554,551
3,333,313
3,546,329,317,543
3,335,552,322,324
3,337,325,555
3,548,327,316,314,542
3,326,320,427,430,429,323,328,428,334,315,330,332,318,336,133,134,132,426,135,131,312,130,613
3,360,344
3,356,339
3,358,342
3,345,561,354,350
3,340,349,352,558,560,347
3,141,359,614,341,138,139,357,431,137,343,353,346,351,432,338,140,355,348
3,577,373,376,381
3,568,374,383,368
3,385,371,377,572
3,389,362
3,365,391
3,367,564,370,387,571,363,576,574,379,567
3,369,386,390,436,384,144,380,437,372,364,615,366,361,148,375,382,378,147,435,434,145,146,388,433,143
4,151
4,152
4
4,154
4
4,156
4
4,158
4
4,160
4
4,162
4
4,164
4,165
4
4,167
4
4,169
4
4,171
4,172
4
4,174
4
4,176
4
4,178
4
4,180
4
4,182
4,183
4
4,185
4,186
4
4,188
4
4,190
4,191
4
4,193
4,194
4
4,196
4
4,198
4
4,200
4
4,202
4
4,204
4
4,206
4,207
4
4,209
4,210
4
4,212
4
4,214
4
4,216
4
4,218
4,219
4
4,221
4
4,223
4,224
4
4,226
4
4,228
4
4,230
4
4,232
4
4,234
4
4,236
4
4,238
4
4,240
4
4,242
4
4,244
4
4,246
4
4,248
4,249
4
4,251
4
4,253
4
4,255
4,256
4
4,258
4
4,260
4
4,262
4
4,264
4,265
4
4,267
4,268
4
4,270
4,271
4
4,273
4
4,275
4
4,277
4
4,279
4
4,281
4
4,283
4
4,285
4,286
4
4,288
4,289
4
4,291
4
4,293
4
4,295
4,296
4
4,298
4,299
4
4,301
4
4,303
4
4,305
4
4,307
4
4,309
4
4,311
4
4,313
4,314
4
4,316
4,317
4
4,319
4
4,321
4,322
4
4,324
4,325
4
4,327
4
4,329
4
4,331
4
4,333
4
4,335
4
4,337
4
4,339
4,340
4
4,342
4
4,344
4,345
4
4,347
4
4,349
4,350
4
4,352
4
4,354
4
4,356
4
4,358
4
4,360
4
4,362
4,363
4
4,365
4
4,367
4,368
4
4,370
4,371
4
4,373
4,374
4
4,376
4,377
4
4,379
4
4,381
4
4,383
4
4,385
4
4,387
4
4,389
4
4,391
4
5,438
5,440
5,444
5,446
5,449
5,453
5,456
5,460
5,462
5,466
5,468
5,471
5,474
5,477
5,480
5,483
5,486
5,489
5,493
5,495
5,497
5,500
5,503
5,506
5,509
5,512
5,516
5,520
5,522
5,525
5,528
5,531
5,533
5,537
5,540
5,544
5,547
5,549
5,553
5,556
5,559
5,562
5,565
5,569
5,573
5,575
6,439
6
6,441
6,442
6,443
6
6,445
6
6,447
6,448
6
6,450
6,451
6,452
6
6,454
6,455
6
6,457
6,458
6,459
6
6,461
6
6,463
6,464
6,465
6
6,467
6
6,469
6,470
6
6,472
6,473
6
6,475
6,476
6
6,478
6,479
6
6,481
6,482
6
6,484
6,485
6
6,487
6,488
6
6,490
6,491
6,492
6
6,494
6
6,496
6
6,498
6,499
6
6,501
6,502
6
6,504
6,505
6
6,507
6,508
6
6,510
6,511
6
6,513
6,514
6,515
6
6,517
6,518
6,519
6
6,521
6
6,523
6,524
6
6,526
6,527
6
6,529
6,530
6
6,532
6
6,534
6,535
6,536
6
6,538
6,539
6
6,541
6,542
6,543
6
6,545
6,546
6
6,548
6
6,550
6,551
6,552
6
6,554
6,555
6
6,557
6,558
6
6,560
6,561
6
6,563
6,564
6
6,566
6,567
6,568
6
6,570
6,571
6,572
6
6,574
6
6,576
6,577
6
14,612,41,604,609,607,613,610,611,615,606,605
14,42,614,608
12,261,475,444,438,227,292,529,498
12,372
12,375
12,61,67,366,70,315,369,566,263,503,64,287,544,522,49,457,184,463,79,73,82,541,559,208,55,76,46,570,517,471,43,575,58,52
12,222,343
12,225,469,557,547,466,168,520,501,346,460,290,155,526,259
12,341,493,364,153,220,166,484,241
12,163,338,254,486,247,150,217,205,490,284,181,361,312
12,297,323,269
12,239,481,495
12,447,257,187,573
12,192
12,453,534,550,294,513,537,509,450,266,320,553,189
12,175,272,215
12,199,380
12,245,252
12,359,237
12,276,235,211,357,157,243,332,306,250,233,388,390,195,177,159,355,179
12,231,302,328,384,353,382
12,203,282,334,201,280,336,308,310
12,386,278,161,197,330,304
12,213,326,173,229,351,300,274
12,563,318,531,378
12,477,506,441,348,170
7,616
7,616
7,616
7,616
7,617
7,616
7,616
7,616
7,616
7,616
7,617
7,616
15
15