0,116
0,74
0,80
0,119
0,104
0,86
0,128
0,92
0,83
0,95
0,98
0,122
0,113
0,71
0,140,131
0,137,125
0,77
0,101
0,68
0,110
0,107
0,89
0
0
0
0
0
0
0
0,134
0
0
0
0
0
0
0
0
0,67
0,94
0,97
0,100
0,103
0,106
0,109
0,112
0,115
0,118
0,121
0,70
0,124
0,127
0,130
0,133
0,136
0,139
0
0,73
0,76
0,79
0,82
0,85
0,88
0,91
1,672
1,673
2,67
2,68
2
2,70
2,71
2
2,73
2,74
2
2,76
2,77
2
2,79
2,80
2
2,82
2,83
2
2,85
2,86
2
2,88
2,89
2
2,91
2,92
2
2,94
2,95
2
2,97
2,98
2
2,100
2,101
2
2,103
2,104
2
2,106
2,107
2
2,109
2,110
2
2,112
2,113
2
2,115
2,116
2
2,118
2,119
2
2,121
2,122
2
2,124
2,125
2
2,127
2,128
2
2,130
2,131
2
2,133
2,134
2
2,136
2,137
2
2,139
2,140
2
3,207,214
3,216,210
3,218,212,495,208
3,217,211,141,209,448,215,142,213,660,206,143
3,232,499,228
3,220,234
3,236,223
3,501,230,221,227,498,225
3,449,146,233,231,147,224,226,219,229,222,148,450,145,235,661
3,515,242,256
3,238,252
3,508,258,247
3,260,511,250
3,249,241,254,507,504,244,517,246,239,514,510
3,253,251,150,451,152,454,240,153,453,452,237,245,243,259,248,151,255,662,257,455,154
3,266,272,521
3,262,268
3,520,523,270,265,263
3,269,267,261,158,264,457,663,456,156,271,157
3,294,279
3,290,274
3,277,292
3,529,535,288,280
3,526,286,284,534,275,282,532,528
3,283,160,281,289,461,293,162,291,664,287,164,161,458,163,278,285,460,273,276,459
3,538,296,302,544
3,541,300,543,298
3,462,299,463,167,297,301,665,166,295,464
3,309,305,552,548
3,550,547,304,307
3,169,303,666,467,466,306,465,170,308
3,561,329,564,321
3,331,316,318,555,563,558,560
3,311,333
3,327,324,571,337
3,326,567,339
3,570,323,566,335,312,314,320
3,177,667,325,332,322,334,472,469,470,315,338,313,473,336,317,175,319,330,471,172,328,468,173,176,310,174
3,591,586,361,579,594,347,349,588,583,351
3,363,341
3,359,575,345,580
3,365,354,352,592
3,367,355,595
3,342,574,357,344,577
3,668,184,364,479,346,348,474,356,475,478,182,360,343,476,180,362,179,181,183,358,366,340,481,350,480,477,353
3,601,387,375,610,607,377
3,389,369
3,602,385,373,599
3,391,608,378,380
3,393,381,611
3,604,383,372,370,598
3,376,486,379,384,485,188,484,390,371,386,388,382,374,392,189,190,483,191,187,368,186,669,482
3,416,400
3,412,395
3,414,398
3,617,401,410,406
3,396,405,408,614,616,403
3,197,670,397,194,413,195,487,193,409,415,402,407,488,394,196,411,404,399
3,633,429,432,437
3,624,430,439,424
3,441,427,433,628
3,445,418
3,421,447
3,423,620,426,443,627,419,630,632,435,623
3,202,442,420,492,440,200,436,417,493,489,428,425,434,671,422,204,431,438,446,203,491,490,201,444,199
4,207
4,208
4
4,210
4
4,212
4
4,214
4
4,216
4
4,218
4
4,220
4,221
4
4,223
4
4,225
4
4,227
4,228
4
4,230
4
4,232
4
4,234
4
4,236
4
4,238
4,239
4
4,241
4,242
4
4,244
4
4,246
4,247
4
4,249
4,250
4
4,252
4
4,254
4
4,256
4
4,258
4
4,260
4
4,262
4,263
4
4,265
4,266
4
4,268
4
4,270
4
4,272
4
4,274
4,275
4
4,277
4
4,279
4,280
4
4,282
4
4,284
4
4,286
4
4,288
4
4,290
4
4,292
4
4,294
4
4,296
4
4,298
4
4,300
4
4,302
4
4,304
4,305
4
4,307
4
4,309
4
4,311
4,312
4
4,314
4
4,316
4
4,318
4
4,320
4,321
4
4,323
4,324
4
4,326
4,327
4
4,329
4
4,331
4
4,333
4
4,335
4
4,337
4
4,339
4
4,341
4,342
4
4,344
4,345
4
4,347
4
4,349
4
4,351
4,352
4
4,354
4,355
4
4,357
4
4,359
4
4,361
4
4,363
4
4,365
4
4,367
4
4,369
4,370
4
4,372
4,373
4
4,375
4
4,377
4,378
4
4,380
4,381
4
4,383
4
4,385
4
4,387
4
4,389
4
4,391
4
4,393
4
4,395
4,396
4
4,398
4
4,400
4,401
4
4,403
4
4,405
4,406
4
4,408
4
4,410
4
4,412
4
4,414
4
4,416
4
4,418
4,419
4
4,421
4
4,423
4,424
4
4,426
4,427
4
4,429
4,430
4
4,432
4,433
4
4,435
4
4,437
4
4,439
4
4,441
4
4,443
4
4,445
4
4,447
4
5,494
5,496
5,500
5,502
5,505
5,509
5,512
5,516
5,518
5,522
5,524
5,527
5,530
5,533
5,536
5,539
5,542
5,545
5,549
5,551
5,553
5,556
5,559
5,562
5,565
5,568
5,572
5,576
5,578
5,581
5,584
5,587
5,589
5,593
5,596
5,600
5,603
5,605
5,609
5,612
5,615
5,618
5,621
5,625
5,629
5,631
6,495
6
6,497
6,498
6,499
6
6,501
6
6,503
6,504
6
6,506
6,507
6,508
6
6,510
6,511
6
6,513
6,514
6,515
6
6,517
6
6,519
6,520
6,521
6
6,523
6
6,525
6,526
6
6,528
6,529
6
6,531
6,532
6
6,534
6,535
6
6,537
6,538
6
6,540
6,541
6
6,543
6,544
6
6,546
6,547
6,548
6
6,550
6
6,552
6
6,554
6,555
6
6,557
6,558
6
6,560
6,561
6
6,563
6,564
6
6,566
6,567
6
6,569
6,570
6,571
6
6,573
6,574
6,575
6
6,577
6
6,579
6,580
6
6,582
6,583
6
6,585
6,586
6
6,588
6
6,590
6,591
6,592
6
6,594
6,595
6
6,597
6,598
6,599
6
6,601
6,602
6
6,604
6
6,606
6,607
6,608
6
6,610
6,611
6
6,613
6,614
6
6,616
6,617
6
6,619
6,620
6
6,622
6,623
6,624
6
6,626
6,627
6,628
6
6,630
6
6,632
6,633
6
14,64,660,665,671,663,669,668,666,667,661,662
14,670,65,664
12,317,531,500,494,348,585,283,554
12,428
12,431
12,108,90,422,93,371,425,622,319,559,87,111,343,132,600,135,138,578,72,513,117,123,114,240,519,96,102,120,105,597,615,264,78,84,99,129,69,626,573,527,66,631,81,75,126
12,278,399
12,281,525,613,603,522,224,576,557,402,516,346,211,582,315
12,397,549,420,209,276,222,540,297
12,340,219,394,237,310,542,303,206,273,261,546,417,368
12,353,379,325
12,295,537,551
12,629,313,243,503
12,248
12,509,590,350,606,569,593,565,506,322,376,609,245
12,231,328,271
12,255,436
12,301,308
12,293,415
12,332,291,267,413,213,299,388,362,306,289,444,446,251,233,215,411,235
12,358,384,440,409,438,287
12,259,338,390,257,336,392,364,366
12,442,334,217,253,386,360
12,269,382,229,285,407,356,330
12,619,374,587,434
12,533,562,497,404,226
7,672
7,672
7,672
7,672
7,673
7,672
7,672
7,672
7,672
7,672
7,673
7,672
15
15