0,136
0,73
0,109
0,121
0,88
0,139
0,148
0,82
0,85
0,142
0,79
0,94
0,124
0,103
0,127
0,97
0,91
0,130
0,76
0,112
0,145
0,133
0,115
0,106
0,100
0,118
0
0
0
0
0
0
0
0
0
0
0
0
0
0
0
0
0,72
0,99
0,102
0,105
0,108
0,111
0,114
0,117
0,120
0,123
0,126
0,75
0,129
0,132
0,135
0,138
0,141
0,144
0,147
0
0,78
0,81
0,84
0,87
0,90
0,93
0,96
1,680
1,681
2,72
2,73
2
2,75
2,76
2
2,78
2,79
2
2,81
2,82
2
2,84
2,85
2
2,87
2,88
2
2,90
2,91
2
2,93
2,94
2
2,96
2,97
2
2,99
2,100
2
2,102
2,103
2
2,105
2,106
2
2,108
2,109
2
2,111
2,112
2
2,114
2,115
2
2,117
2,118
2
2,120
2,121
2
2,123
2,124
2
2,126
2,127
2
2,129
2,130
2
2,132
2,133
2
2,135
2,136
2
2,138
2,139
2
2,141
2,142
2
2,144
2,145
2
2,147
2,148
2
3,215,222
3,224,218
3,226,220,503,216
3,225,219,149,217,456,223,150,221,668,214,151
3,240,507,236
3,228,242
3,244,231
3,509,238,229,235,506,233
3,154,241,239,155,232,234,227,237,230,156,458,153,243,457,669
3,523,250,264
3,246,260
3,516,266,255
3,268,258,519
3,257,249,262,515,512,252,525,254,247,522,518
3,261,259,158,459,160,462,248,161,461,460,245,253,251,267,159,263,670,256,265,463,162
3,274,280,529
3,270,276
3,528,531,278,273,271
3,277,275,269,166,272,465,671,464,164,279,165
3,302,287
3,298,282
3,285,300
3,537,543,296,288
3,534,294,292,542,283,290,540,536
3,291,168,289,297,469,301,170,299,295,672,172,169,466,171,286,293,468,281,284,467
3,546,304,310,552
3,549,551,308,306
3,470,307,471,175,305,309,673,174,303,472
3,317,313,560,556
3,558,555,312,315
3,177,311,674,475,474,314,473,178,316
3,569,337,572,329
3,339,324,326,563,571,568,566
3,319,341
3,335,332,579,345
3,334,575,347
3,578,331,574,343,322,320,328
3,185,675,333,340,330,342,480,477,478,323,346,321,481,344,325,183,327,338,479,180,336,476,181,184,318,182
3,599,594,369,587,602,355,591,357,596,359
3,371,349
3,353,367,583,588
3,362,360,373,600
3,375,363,603
3,350,582,365,352,585
3,676,192,486,372,487,354,356,482,364,370,483,190,368,351,484,191,188,187,189,366,374,348,489,358,488,485,361
3,385,609,395,383,618,615
3,397,377
3,610,393,607,381
3,399,616,386,388
3,401,389,619
3,612,391,380,378,606
3,384,491,494,493,387,392,196,492,398,379,394,396,390,382,400,197,198,490,199,195,376,194,677
3,424,408
3,420,403
3,422,406
3,625,409,418,414
3,404,413,416,622,624,411
3,205,423,678,405,202,203,421,201,417,410,415,496,402,204,419,412,495,407
3,641,437,440,445
3,632,438,447,432
3,449,435,441,636
3,426,453
3,429,455
3,431,628,638,434,451,635,427,640,443,631
3,433,450,500,448,208,444,425,501,497,428,679,430,212,439,446,442,436,454,211,499,498,209,210,452,207
4,215
4,216
4
4,218
4
4,220
4
4,222
4
4,224
4
4,226
4
4,228
4,229
4
4,231
4
4,233
4
4,235
4,236
4
4,238
4
4,240
4
4,242
4
4,244
4
4,246
4,247
4
4,249
4,250
4
4,252
4
4,254
4,255
4
4,257
4,258
4
4,260
4
4,262
4
4,264
4
4,266
4
4,268
4
4,270
4,271
4
4,273
4,274
4
4,276
4
4,278
4
4,280
4
4,282
4,283
4
4,285
4
4,287
4,288
4
4,290
4
4,292
4
4,294
4
4,296
4
4,298
4
4,300
4
4,302
4
4,304
4
4,306
4
4,308
4
4,310
4
4,312
4,313
4
4,315
4
4,317
4
4,319
4,320
4
4,322
4
4,324
4
4,326
4
4,328
4,329
4
4,331
4,332
4
4,334
4,335
4
4,337
4
4,339
4
4,341
4
4,343
4
4,345
4
4,347
4
4,349
4,350
4
4,352
4,353
4
4,355
4
4,357
4
4,359
4,360
4
4,362
4,363
4
4,365
4
4,367
4
4,369
4
4,371
4
4,373
4
4,375
4
4,377
4,378
4
4,380
4,381
4
4,383
4
4,385
4,386
4
4,388
4,389
4
4,391
4
4,393
4
4,395
4
4,397
4
4,399
4
4,401
4
4,403
4,404
4
4,406
4
4,408
4,409
4
4,411
4
4,413
4,414
4
4,416
4
4,418
4
4,420
4
4,422
4
4,424
4
4,426
4,427
4
4,429
4
4,431
4,432
4
4,434
4,435
4
4,437
4,438
4
4,440
4,441
4
4,443
4
4,445
4
4,447
4
4,449
4
4,451
4
4,453
4
4,455
4
5,502
5,504
5,508
5,510
5,513
5,517
5,520
5,524
5,526
5,530
5,532
5,535
5,538
5,541
5,544
5,547
5,550
5,553
5,557
5,559
5,561
5,564
5,567
5,570
5,573
5,576
5,580
5,584
5,586
5,589
5,592
5,595
5,597
5,601
5,604
5,608
5,611
5,613
5,617
5,620
5,623
5,626
5,629
5,633
5,637
5,639
6,503
6
6,505
6,506
6,507
6
6,509
6
6,511
6,512
6
6,514
6,515
6,516
6
6,518
6,519
6
6,521
6,522
6,523
6
6,525
6
6,527
6,528
6,529
6
6,531
6
6,533
6,534
6
6,536
6,537
6
6,539
6,540
6
6,542
6,543
6
6,545
6,546
6
6,548
6,549
6
6,551
6,552
6
6,554
6,555
6,556
6
6,558
6
6,560
6
6,562
6,563
6
6,565
6,566
6
6,568
6,569
6
6,571
6,572
6
6,574
6,575
6
6,577
6,578
6,579
6
6,581
6,582
6,583
6
6,585
6
6,587
6,588
6
6,590
6,591
6
6,593
6,594
6
6,596
6
6,598
6,599
6,600
6
6,602
6,603
6
6,605
6,606
6,607
6
6,609
6,610
6
6,612
6
6,614
6,615
6,616
6
6,618
6,619
6
6,621
6,622
6
6,624
6,625
6
6,627
6,628
6
6,630
6,631
6,632
6
6,634
6,635
6,636
6
6,638
6
6,640
6,641
6
14,676,69,668,673,679,671,677,674,675,669,670
14,678,70,672
12,325,539,508,502,291,356,593,562
12,436
12,439
12,113,95,430,98,379,433,327,630,101,125,567,92,351,137,608,140,143,586,77,521,122,128,119,248,527,107,110,605,146,623,272,83,89,116,104,134,74,634,581,535,71,639,86,80,131
12,286,407
12,289,533,621,611,530,232,584,565,410,219,524,354,590,323
12,405,557,428,217,284,548,230,305
12,348,227,402,245,550,311,425,214,281,269,554,318,376
12,361,387,333
12,303,545,559
12,321,251,637,511
12,256
12,517,598,614,330,358,577,601,573,514,384,617,253
12,239,336,279
12,263,444
12,309,316
12,301,423
12,340,299,275,421,221,307,396,370,314,297,452,454,259,241,223,419,243
12,366,392,448,417,446,295
12,267,346,398,265,344,400,372,374
12,394,450,342,225,261,368
12,277,390,237,293,415,364,338
12,627,382,595,442
12,541,505,412,570,234
7,680
7,680
7,680
7,680
7,681
7,680
7,680
7,680
7,680
7,680
7,681
7,680
15
15