0,91
0,121
0,109
0,73
0,82
0,112
0,118
0,85
0,79,133
0,67
0,130,76,136
0,100
0,115
0,103
0,124
0,88
0,106
0,94
0,70
0,97
0
0
0
0
0
0
0
0
0,127
0
0
0
0
0
0
0
0
0
0,66
0,93
0,96
0,99
0,102
0,105
0,108
0,111
0,114
0,117
0,120
0,69
0,123
0,126
0,129
0,132
0,135
0
0,72
0,75
0,78
0,81
0,84
0,87
0,90
1,668
1,669
2,66
2,67
2
2,69
2,70
2
2,72
2,73
2
2,75
2,76
2
2,78
2,79
2
2,81
2,82
2
2,84
2,85
2
2,87
2,88
2
2,90
2,91
2
2,93
2,94
2
2,96
2,97
2
2,99
2,100
2
2,102
2,103
2
2,105
2,106
2
2,108
2,109
2
2,111
2,112
2
2,114
2,115
2
2,117
2,118
2
2,120
2,121
2
2,123
2,124
2
2,126
2,127
2
2,129
2,130
2
2,132
2,133
2
2,135
2,136
2
3,203,210
3,212,206
3,214,208,491,204
3,213,207,137,205,444,211,138,209,656,202,139
3,228,495,224
3,216,230
3,232,219
3,497,226,217,223,494,221
3,445,446,142,229,227,143,220,222,215,225,218,144,141,231,657
3,511,238,252
3,234,248
3,504,254,243
3,256,507,246
3,245,237,250,503,500,240,513,242,235,510,506
3,249,247,146,447,148,450,236,149,449,448,233,241,239,255,244,147,251,658,253,451,150
3,262,268,517
3,258,264
3,516,519,266,261,259
3,265,263,257,154,260,453,659,452,152,267,153
3,290,275
3,286,270
3,273,288
3,525,531,284,276
3,522,282,280,530,271,278,528,524
3,279,156,277,285,457,289,158,287,160,660,456,283,157,454,159,274,281,269,272,455
3,534,292,298,540
3,537,539,296,294
3,458,295,459,163,293,297,661,162,291,460
3,305,301,548,544
3,546,543,300,303
3,165,299,461,662,463,462,302,166,304
3,557,325,560,317
3,327,312,314,551,559,556,554
3,307,329
3,323,320,567,333
3,322,563,335
3,566,319,562,331,310,308,316
3,173,663,321,328,318,330,468,465,466,311,334,309,469,332,313,171,315,326,467,168,324,464,169,172,306,170
3,587,357,575,590,343,345,584,582,579,347
3,337,359
3,355,571,341,576
3,350,348,361,588
3,351,363,591
3,338,570,353,340,573
3,664,180,360,475,342,344,470,352,358,471,474,178,356,339,472,179,176,175,177,354,362,336,477,346,476,473,349
3,373,597,383,371,606,603
3,385,365
3,598,381,595,369
3,387,604,374,376
3,389,377,607
3,600,379,368,366,594
3,372,479,482,481,375,380,184,480,386,367,382,384,378,370,388,185,186,478,187,183,364,182,665
3,412,396
3,408,391
3,410,394
3,613,397,406,402
3,392,401,404,610,612,399
3,193,666,393,190,191,409,483,189,405,411,398,403,484,390,192,407,400,395
3,629,425,428,433
3,620,426,435,420
3,437,423,429,624
3,441,414
3,417,443
3,419,616,422,439,623,415,628,626,431,619
3,421,438,416,488,436,196,432,413,489,485,667,418,200,427,434,430,424,442,199,487,486,197,198,440,195
4,203
4,204
4
4,206
4
4,208
4
4,210
4
4,212
4
4,214
4
4,216
4,217
4
4,219
4
4,221
4
4,223
4,224
4
4,226
4
4,228
4
4,230
4
4,232
4
4,234
4,235
4
4,237
4,238
4
4,240
4
4,242
4,243
4
4,245
4,246
4
4,248
4
4,250
4
4,252
4
4,254
4
4,256
4
4,258
4,259
4
4,261
4,262
4
4,264
4
4,266
4
4,268
4
4,270
4,271
4
4,273
4
4,275
4,276
4
4,278
4
4,280
4
4,282
4
4,284
4
4,286
4
4,288
4
4,290
4
4,292
4
4,294
4
4,296
4
4,298
4
4,300
4,301
4
4,303
4
4,305
4
4,307
4,308
4
4,310
4
4,312
4
4,314
4
4,316
4,317
4
4,319
4,320
4
4,322
4,323
4
4,325
4
4,327
4
4,329
4
4,331
4
4,333
4
4,335
4
4,337
4,338
4
4,340
4,341
4
4,343
4
4,345
4
4,347
4,348
4
4,350
4,351
4
4,353
4
4,355
4
4,357
4
4,359
4
4,361
4
4,363
4
4,365
4,366
4
4,368
4,369
4
4,371
4
4,373
4,374
4
4,376
4,377
4
4,379
4
4,381
4
4,383
4
4,385
4
4,387
4
4,389
4
4,391
4,392
4
4,394
4
4,396
4,397
4
4,399
4
4,401
4,402
4
4,404
4
4,406
4
4,408
4
4,410
4
4,412
4
4,414
4,415
4
4,417
4
4,419
4,420
4
4,422
4,423
4
4,425
4,426
4
4,428
4,429
4
4,431
4
4,433
4
4,435
4
4,437
4
4,439
4
4,441
4
4,443
4
5,490
5,492
5,496
5,498
5,501
5,505
5,508
5,512
5,514
5,518
5,520
5,523
5,526
5,529
5,532
5,535
5,538
5,541
5,545
5,547
5,549
5,552
5,555
5,558
5,561
5,564
5,568
5,572
5,574
5,577
5,580
5,583
5,585
5,589
5,592
5,596
5,599
5,601
5,605
5,608
5,611
5,614
5,617
5,621
5,625
5,627
6,491
6
6,493
6,494
6,495
6
6,497
6
6,499
6,500
6
6,502
6,503
6,504
6
6,506
6,507
6
6,509
6,510
6,511
6
6,513
6
6,515
6,516
6,517
6
6,519
6
6,521
6,522
6
6,524
6,525
6
6,527
6,528
6
6,530
6,531
6
6,533
6,534
6
6,536
6,537
6
6,539
6,540
6
6,542
6,543
6,544
6
6,546
6
6,548
6
6,550
6,551
6
6,553
6,554
6
6,556
6,557
6
6,559
6,560
6
6,562
6,563
6
6,565
6,566
6,567
6
6,569
6,570
6,571
6
6,573
6
6,575
6,576
6
6,578
6,579
6
6,581
6,582
6
6,584
6
6,586
6,587
6,588
6
6,590
6,591
6
6,593
6,594
6,595
6
6,597
6,598
6
6,600
6
6,602
6,603
6,604
6
6,606
6,607
6
6,609
6,610
6
6,612
6,613
6
6,615
6,616
6
6,618
6,619
6,620
6
6,622
6,623
6,624
6
6,626
6
6,628
6,629
6
14,664,63,656,661,667,665,662,663,659,657,658
14,666,64,660
12,313,527,496,490,279,344,581,550
12,424
12,427
12,107,89,418,92,367,421,315,618,555,86,110,339,119,596,134,574,71,509,116,122,113,236,515,101,95,104,593,611,260,77,83,98,131,128,68,622,569,523,65,627,80,74,125
12,274,395
12,277,521,609,599,518,220,572,553,398,207,512,342,578,311
12,393,545,416,205,272,218,536,293
12,215,390,233,306,538,299,202,269,257,542,336,413,364
12,349,375,321
12,291,533,547
12,309,239,625,499
12,244
12,505,586,602,346,565,589,561,502,318,372,605,241
12,227,324,267
12,251,432
12,297,304
12,289,411
12,328,287,263,409,209,295,384,358,302,285,440,442,247,229,211,407,231
12,354,380,436,405,434,283
12,255,334,386,253,332,388,360,362
12,438,330,213,249,382,356
12,265,378,225,281,403,352,326
12,615,370,583,430
12,529,558,493,400,222
7,668
7,668
7,668
7,668
7,669
7,668
7,668
7,668
7,668
7,668
7,669
7,668
15
15