0,101
0,62
0,68
0,104
0,89
0,71
0,113
0,77
0,125,80
0,83
0,98
0,107
0,116
0,122,110
0,65
0,86
0,59
0,95
0,92
0,74
0
0
0,128
0,119
0
0
0
0
0
0
0,58
0,85
0,88
0,91
0,94
0,97
0,100
0,103
0,106
0,109
0,112
0,61
0,115
0,118
0,121
0,124
0,127
0
0,64
0,67
0,70
0,73
0,76
0,79
0,82
1,660
1,661
2,58
2,59
2
2,61
2,62
2
2,64
2,65
2
2,67
2,68
2
2,70
2,71
2
2,73
2,74
2
2,76
2,77
2
2,79
2,80
2
2,82
2,83
2
2,85
2,86
2
2,88
2,89
2
2,91
2,92
2
2,94
2,95
2
2,97
2,98
2
2,100
2,101
2
2,103
2,104
2
2,106
2,107
2
2,109
2,110
2
2,112
2,113
2
2,115
2,116
2
2,118
2,119
2
2,121
2,122
2
2,124
2,125
2
2,127
2,128
2
3,195,202
3,204,198
3,206,200,483,196
3,205,199,129,197,436,203,130,201,648,194,131
3,220,487,216
3,208,222
3,224,211
3,489,218,209,215,486,213
3,437,134,221,219,135,212,214,207,217,210,136,438,133,223,649
3,503,230,244
3,226,240
3,496,246,235
3,248,499,238
3,237,229,242,505,495,492,232,234,227,502,498
3,241,239,231,138,439,140,442,228,141,441,440,225,233,247,236,139,243,650,245,443,142
3,254,260,509
3,250,256
3,508,511,258,253,251
3,257,255,249,146,252,445,651,444,145,144,259
3,282,267
3,278,262
3,265,280
3,517,523,276,268
3,514,274,272,522,263,270,520,516
3,271,148,269,277,449,281,150,279,652,275,152,149,446,151,266,273,448,261,264,447
3,526,284,290,532
3,529,531,288,286
3,450,287,451,155,285,289,653,154,283,452
3,297,293,540,536
3,538,535,292,295
3,157,291,654,455,454,294,453,158,296
3,549,317,552,309
3,319,304,306,543,551,546,548
3,299,321
3,315,559,312,325
3,314,555,327
3,558,311,554,323,302,300,308
3,165,655,313,320,310,322,460,457,458,303,326,301,461,324,305,163,307,318,459,160,316,456,161,164,298,162
3,579,574,349,567,582,335,337,576,571,339
3,351,329
3,347,563,333,568
3,342,340,353,580
3,355,343,583
3,330,562,345,332,565
3,462,656,172,352,467,334,336,344,463,466,170,348,331,464,171,168,350,167,169,346,354,328,469,338,468,465,341
3,365,589,375,363,598,595
3,377,357
3,590,373,361,587
3,379,366,596,368
3,381,369,599
3,592,371,360,358,586
3,364,471,474,473,367,372,176,472,378,359,374,376,370,362,380,177,178,470,179,175,356,174,657
3,404,388
3,400,383
3,402,386
3,605,389,398,394
3,384,393,396,602,604,391
3,185,658,385,182,183,401,475,181,397,403,390,395,476,382,184,399,392,387
3,621,417,425,420
3,612,418,427,412
3,429,415,421,616
3,406,433
3,409,435
3,411,608,414,431,615,407,620,618,423,611
3,413,430,480,428,188,424,405,481,477,416,408,659,410,192,419,426,422,434,191,479,478,189,190,432,187
4,195
4,196
4
4,198
4
4,200
4
4,202
4
4,204
4
4,206
4
4,208
4,209
4
4,211
4
4,213
4
4,215
4,216
4
4,218
4
4,220
4
4,222
4
4,224
4
4,226
4,227
4
4,229
4,230
4
4,232
4
4,234
4,235
4
4,237
4,238
4
4,240
4
4,242
4
4,244
4
4,246
4
4,248
4
4,250
4,251
4
4,253
4,254
4
4,256
4
4,258
4
4,260
4
4,262
4,263
4
4,265
4
4,267
4,268
4
4,270
4
4,272
4
4,274
4
4,276
4
4,278
4
4,280
4
4,282
4
4,284
4
4,286
4
4,288
4
4,290
4
4,292
4,293
4
4,295
4
4,297
4
4,299
4,300
4
4,302
4
4,304
4
4,306
4
4,308
4,309
4
4,311
4,312
4
4,314
4,315
4
4,317
4
4,319
4
4,321
4
4,323
4
4,325
4
4,327
4
4,329
4,330
4
4,332
4,333
4
4,335
4
4,337
4
4,339
4,340
4
4,342
4,343
4
4,345
4
4,347
4
4,349
4
4,351
4
4,353
4
4,355
4
4,357
4,358
4
4,360
4,361
4
4,363
4
4,365
4,366
4
4,368
4,369
4
4,371
4
4,373
4
4,375
4
4,377
4
4,379
4
4,381
4
4,383
4,384
4
4,386
4
4,388
4,389
4
4,391
4
4,393
4,394
4
4,396
4
4,398
4
4,400
4
4,402
4
4,404
4
4,406
4,407
4
4,409
4
4,411
4,412
4
4,414
4,415
4
4,417
4,418
4
4,420
4,421
4
4,423
4
4,425
4
4,427
4
4,429
4
4,431
4
4,433
4
4,435
4
5,482
5,484
5,488
5,490
5,493
5,497
5,500
5,504
5,506
5,510
5,512
5,515
5,518
5,521
5,524
5,527
5,530
5,533
5,537
5,539
5,541
5,544
5,547
5,550
5,553
5,556
5,560
5,564
5,566
5,569
5,572
5,575
5,577
5,581
5,584
5,588
5,591
5,593
5,597
5,600
5,603
5,606
5,609
5,613
5,617
5,619
6,483
6
6,485
6,486
6,487
6
6,489
6
6,491
6,492
6
6,494
6,495
6,496
6
6,498
6,499
6
6,501
6,502
6,503
6
6,505
6
6,507
6,508
6,509
6
6,511
6
6,513
6,514
6
6,516
6,517
6
6,519
6,520
6
6,522
6,523
6
6,525
6,526
6
6,528
6,529
6
6,531
6,532
6
6,534
6,535
6,536
6
6,538
6
6,540
6
6,542
6,543
6
6,545
6,546
6
6,548
6,549
6
6,551
6,552
6
6,554
6,555
6
6,557
6,558
6,559
6
6,561
6,562
6,563
6
6,565
6
6,567
6,568
6
6,570
6,571
6
6,573
6,574
6
6,576
6
6,578
6,579
6,580
6
6,582
6,583
6
6,585
6,586
6,587
6
6,589
6,590
6
6,592
6
6,594
6,595
6,596
6
6,598
6,599
6
6,601
6,602
6
6,604
6,605
6
6,607
6,608
6
6,610
6,611
6,612
6
6,614
6,615
6,616
6
6,618
6
6,620
6,621
6
14,656,55,648,653,659,651,657,654,655,649,650
14,658,56,652
12,305,519,488,482,271,336,573,542
12,416
12,419
12,99,81,410,84,359,413,610,307,547,78,102,331,111,588,126,566,63,501,108,114,105,117,228,507,93,87,96,585,603,252,69,75,90,123,120,60,614,561,515,57,619,72,66
12,266,387
12,269,513,601,591,510,212,564,545,390,504,334,199,570,303
12,385,537,408,197,264,210,528,285
12,328,207,382,225,298,530,291,194,261,249,534,405,356
12,341,367,313
12,283,525,539
12,301,231,617,491
12,236
12,497,578,594,310,338,557,581,553,494,364,597,233
12,219,316,259
12,243,424
12,289,296
12,281,403
12,320,279,255,401,201,287,376,350,294,277,432,434,239,221,203,399,223
12,346,372,428,397,426,275
12,247,326,378,245,324,380,352,354
12,430,322,205,241,374,348
12,257,370,217,273,395,344,318
12,607,362,575,422
12,521,550,485,392,214
7,660
7,660
7,660
7,660
7,661
7,660
7,660
7,660
7,660
7,660
7,661
7,660
15
15