0,105
0,177
0,180
0,138
0,174
0,129
0,183
0,135
0,117
0,102
0,141
0,132
0,204
0,198
0,192
0,96
0,159
0,108
0,195
0,153
0,147
0,144
0,201
0,99
0,150
0,171
0,111
0,120
0,168
0,123
0,93
0,162
0,156
0,207
0,189
0,165
0,126
0,186
0,114
0
0
0
0
0
0
0
0
0
0
0,92
0,119
0,122
0,125
0,128
0,131
0,134
0,137
0,140
0,143
0,146
0,95
0,149
0,152
0,155
0,158
0,161
0,164
0,167
0,170
0,173
0,176
0,98
0,179
0,182
0,185
0,188
0,191
0,194
0,197
0,200
0,203
0,206
0,101
0
0,104
0,107
0,110
0,113
0,116
1,739
1,740
2,92
2,93
2
2,95
2,96
2
2,98
2,99
2
2,101
2,102
2
2,104
2,105
2
2,107
2,108
2
2,110
2,111
2
2,113
2,114
2
2,116
2,117
2
2,119
2,120
2
2,122
2,123
2
2,125
2,126
2
2,128
2,129
2
2,131
2,132
2
2,134
2,135
2
2,137
2,138
2
2,140
2,141
2
2,143
2,144
2
2,146
2,147
2
2,149
2,150
2
2,152
2,153
2
2,155
2,156
2
2,158
2,159
2
2,161
2,162
2
2,164
2,165
2
2,167
2,168
2
2,170
2,171
2
2,173
2,174
2
2,176
2,177
2
2,179
2,180
2
2,182
2,183
2
2,185
2,186
2
2,188
2,189
2
2,191
2,192
2
2,194
2,195
2
2,197
2,198
2
2,200
2,201
2
2,203
2,204
2
2,206
2,207
2
3,274,281
3,283,277
3,285,279,562,275
3,284,278,208,276,515,282,209,280,727,273,210
3,299,566,295
3,287,301
3,303,290
3,568,297,288,294,565,292
3,516,213,300,298,214,291,293,286,296,289,215,517,212,302,728
3,582,309,323
3,305,319
3,575,325,314
3,327,578,317
3,308,321,313,316,574,571,311,584,306,581,577
3,320,318,217,518,219,519,521,307,220,304,312,310,326,218,520,322,729,315,324,522,221
3,333,339,588
3,329,335
3,587,590,337,332,330
3,336,334,328,225,331,524,730,523,223,338,224
3,346,361
3,357,341
3,344,359
3,596,602,355,347
3,593,353,351,601,342,349,599,595
3,350,227,348,356,528,360,229,358,731,354,231,228,525,230,345,352,527,340,343,526
3,605,363,369,611
3,608,610,367,365
3,529,366,530,234,364,368,732,233,362,531
3,376,372,619,615
3,617,614,371,374
3,236,733,534,533,373,532,370,237,375
3,628,396,631,388
3,398,383,385,622,630,627,625
3,378,400
3,394,391,638,404
3,393,634,406
3,637,390,633,402,381,379,387
3,244,392,399,389,401,539,536,537,382,405,540,380,403,384,242,386,397,538,734,239,395,535,240,243,377,241
3,658,653,428,646,661,414,650,416,655,418
3,430,408
3,426,642,412,647
3,419,421,432,659
3,434,422,662
3,409,641,424,411,644
3,547,735,251,431,546,413,415,541,423,429,542,545,249,427,410,543,247,246,248,250,425,433,407,548,417,544,420
3,444,668,454,442,677,674
3,456,436
3,669,452,666,440
3,458,675,445,447
3,460,448,678
3,671,450,439,437,665
3,449,443,550,553,552,446,451,255,551,457,438,453,455,441,459,256,736,549,257,258,254,435,253
3,483,467
3,479,462
3,481,465
3,684,468,477,473
3,472,463,475,681,683,470
3,264,555,737,464,261,262,480,478,554,260,476,482,469,474,461,263,471,466
3,700,496,499,504
3,691,497,506,491
3,508,500,695,494
3,512,485
3,488,514
3,490,687,493,510,694,486,699,697,502,690
3,269,509,556,559,270,507,267,503,484,560,492,487,738,489,271,498,505,501,495,513,558,557,268,511,266
4,274
4,275
4
4,277
4
4,279
4
4,281
4
4,283
4
4,285
4
4,287
4,288
4
4,290
4
4,292
4
4,294
4,295
4
4,297
4
4,299
4
4,301
4
4,303
4
4,305
4,306
4
4,308
4,309
4
4,311
4
4,313
4,314
4
4,316
4,317
4
4,319
4
4,321
4
4,323
4
4,325
4
4,327
4
4,329
4,330
4
4,332
4,333
4
4,335
4
4,337
4
4,339
4
4,341
4,342
4
4,344
4
4,346
4,347
4
4,349
4
4,351
4
4,353
4
4,355
4
4,357
4
4,359
4
4,361
4
4,363
4
4,365
4
4,367
4
4,369
4
4,371
4,372
4
4,374
4
4,376
4
4,378
4,379
4
4,381
4
4,383
4
4,385
4
4,387
4,388
4
4,390
4,391
4
4,393
4,394
4
4,396
4
4,398
4
4,400
4
4,402
4
4,404
4
4,406
4
4,408
4,409
4
4,411
4,412
4
4,414
4
4,416
4
4,418
4,419
4
4,421
4,422
4
4,424
4
4,426
4
4,428
4
4,430
4
4,432
4
4,434
4
4,436
4,437
4
4,439
4,440
4
4,442
4
4,444
4,445
4
4,447
4,448
4
4,450
4
4,452
4
4,454
4
4,456
4
4,458
4
4,460
4
4,462
4,463
4
4,465
4
4,467
4,468
4
4,470
4
4,472
4,473
4
4,475
4
4,477
4
4,479
4
4,481
4
4,483
4
4,485
4,486
4
4,488
4
4,490
4,491
4
4,493
4,494
4
4,496
4,497
4
4,499
4,500
4
4,502
4
4,504
4
4,506
4
4,508
4
4,510
4
4,512
4
4,514
4
5,561
5,563
5,567
5,569
5,572
5,576
5,579
5,583
5,585
5,589
5,591
5,594
5,597
5,600
5,603
5,606
5,609
5,612
5,616
5,618
5,620
5,623
5,626
5,629
5,632
5,635
5,639
5,643
5,645
5,648
5,651
5,654
5,656
5,660
5,663
5,667
5,670
5,672
5,676
5,679
5,682
5,685
5,688
5,692
5,696
5,698
6,562
6
6,564
6,565
6,566
6
6,568
6
6,570
6,571
6
6,573
6,574
6,575
6
6,577
6,578
6
6,580
6,581
6,582
6
6,584
6
6,586
6,587
6,588
6
6,590
6
6,592
6,593
6
6,595
6,596
6
6,598
6,599
6
6,601
6,602
6
6,604
6,605
6
6,607
6,608
6
6,610
6,611
6
6,613
6,614
6,615
6
6,617
6
6,619
6
6,621
6,622
6
6,624
6,625
6
6,627
6,628
6
6,630
6,631
6
6,633
6,634
6
6,636
6,637
6,638
6
6,640
6,641
6,642
6
6,644
6
6,646
6,647
6
6,649
6,650
6
6,652
6,653
6
6,655
6
6,657
6,658
6,659
6
6,661
6,662
6
6,664
6,665
6,666
6
6,668
6,669
6
6,671
6
6,673
6,674
6,675
6
6,677
6,678
6
6,680
6,681
6
6,683
6,684
6
6,686
6,687
6
6,689
6,690
6,691
6
6,693
6,694
6,695
6
6,697
6
6,699
6,700
6
14,735,89,727,732,738,730,736,733,734,728,729
14,737,90,731
12,384,598,567,561,350,415,652,621
12,495
12,498
12,133,115,202,438,492,193,172,386,689,184,626,112,136,410,157,160,163,645,97,580,142,148,139,307,190,586,205,187,127,121,145,196,130,664,118,682,175,331,103,109,169,489,178,166,124,154,94,693,640,594,91,667,698,106,199,100,151,181
12,345,466
12,348,592,680,670,589,291,643,624,469,278,583,413,649,382
12,616,487,464,276,343,289,607,364
12,328,407,286,461,377,609,370,273,340,613,304,484,435
12,420,446,392
12,362,604,618
12,570,380,310,696
12,315
12,673,576,443,417,636,660,632,657,389,573,676,312
12,298,395,338
12,322,503
12,368,375
12,360,482
12,399,358,334,480,280,282,366,455,429,373,356,511,513,318,300,478,302
12,425,451,507,476,505,354
12,326,405,457,324,403,459,431,433
12,509,401,284,320,453,427
12,336,449,296,474,423,397,352
12,686,441,501,654
12,600,629,564,471,293
7,739
7,739
7,739
7,739
7,740
7,739
7,739
7,739
7,739
7,739
7,740
7,739
15
15