0,29
0,38
0,32
0,35
0
0
0
0
0
0
0
0
0
0
0
0
0
0
0
0
0,28
0,31
0,34
0,37
0
1,570
1,571
2,28
2,29
2
2,31
2,32
2
2,34
2,35
2
2,37
2,38
2
3,105,112
3,114,108
3,116,110,393,106
3,115,109,39,107,111,104,41,558,113,40,346
3,130,397,126
3,118,132
3,134,121
3,399,128,119,125,396,123
3,347,44,131,129,45,122,124,117,127,120,46,348,43,133,559
3,413,140,154
3,136,150
3,406,145,156
3,158,409,148
3,147,139,152,405,402,142,415,144,137,412,408
3,151,149,48,349,50,352,138,51,351,350,135,143,141,157,146,49,153,560,155,353,52
3,164,170,419
3,160,166
3,418,168,163,161,421
3,167,165,159,56,162,355,561,354,54,169,55
3,192,177
3,188,172
3,175,190
3,427,433,186,178
3,424,184,182,432,173,180,430,426
3,181,58,358,187,359,174,191,60,62,562,185,59,356,61,189,183,179,171,176,357
3,436,194,200,442
3,439,441,198,196
3,360,197,361,199,65,195,563,64,193,362
3,207,203,450,446
3,448,445,202,205
3,67,201,564,365,364,363,68,204,206
3,459,227,462,219
3,229,214,216,453,461,458,456
3,209,231
3,225,222,469,235
3,224,465,237
3,468,221,464,233,212,210,218
3,75,565,223,230,220,232,370,367,368,236,366,211,371,234,215,73,217,228,369,70,213,226,71,74,208,72
3,489,484,259,477,492,245,247,486,481,249
3,261,239
3,257,473,243,478
3,252,250,263,490
3,265,493,253
3,240,472,255,242,475
3,82,262,377,244,246,372,566,254,373,376,80,258,241,374,81,78,260,77,79,256,264,238,379,248,251,378,375
3,275,499,285,273,508,505
3,287,267
3,500,283,497,271
3,289,506,276,278
3,291,279,509
3,502,281,270,268,496
3,277,274,381,384,383,282,86,382,288,269,284,286,280,272,290,87,88,380,89,85,266,84,567
3,314,298
3,310,293
3,312,296
3,299,515,308,304
3,294,303,306,512,514,301
3,95,568,295,92,93,311,385,91,297,307,313,300,305,386,292,94,309,302
3,531,327,330,335
3,522,328,337,322
3,339,325,331,526
3,343,316
3,319,345
3,321,518,324,341,525,317,530,528,333,521
3,323,340,390,338,98,334,315,391,326,318,569,320,102,329,336,332,344,101,389,388,99,100,342,387,97
4,105
4,106
4
4,108
4
4,110
4
4,112
4
4,114
4
4,116
4
4,118
4,119
4
4,121
4
4,123
4
4,125
4,126
4
4,128
4
4,130
4
4,132
4
4,134
4
4,136
4,137
4
4,139
4,140
4
4,142
4
4,144
4,145
4
4,147
4,148
4
4,150
4
4,152
4
4,154
4
4,156
4
4,158
4
4,160
4,161
4
4,163
4,164
4
4,166
4
4,168
4
4,170
4
4,172
4,173
4
4,175
4
4,177
4,178
4
4,180
4
4,182
4
4,184
4
4,186
4
4,188
4
4,190
4
4,192
4
4,194
4
4,196
4
4,198
4
4,200
4
4,202
4,203
4
4,205
4
4,207
4
4,209
4,210
4
4,212
4
4,214
4
4,216
4
4,218
4,219
4
4,221
4,222
4
4,224
4,225
4
4,227
4
4,229
4
4,231
4
4,233
4
4,235
4
4,237
4
4,239
4,240
4
4,242
4,243
4
4,245
4
4,247
4
4,249
4,250
4
4,252
4,253
4
4,255
4
4,257
4
4,259
4
4,261
4
4,263
4
4,265
4
4,267
4,268
4
4,270
4,271
4
4,273
4
4,275
4,276
4
4,278
4,279
4
4,281
4
4,283
4
4,285
4
4,287
4
4,289
4
4,291
4
4,293
4,294
4
4,296
4
4,298
4,299
4
4,301
4
4,303
4,304
4
4,306
4
4,308
4
4,310
4
4,312
4
4,314
4
4,316
4,317
4
4,319
4
4,321
4,322
4
4,324
4,325
4
4,327
4,328
4
4,330
4,331
4
4,333
4
4,335
4
4,337
4
4,339
4
4,341
4
4,343
4
4,345
4
5,392
5,394
5,398
5,400
5,403
5,407
5,410
5,414
5,416
5,420
5,422
5,425
5,428
5,431
5,434
5,437
5,440
5,443
5,447
5,449
5,451
5,454
5,457
5,460
5,463
5,466
5,470
5,474
5,476
5,479
5,482
5,485
5,487
5,491
5,494
5,498
5,501
5,503
5,507
5,510
5,513
5,516
5,519
5,523
5,527
5,529
6,393
6
6,395
6,396
6,397
6
6,399
6
6,401
6,402
6
6,404
6,405
6,406
6
6,408
6,409
6
6,411
6,412
6,413
6
6,415
6
6,417
6,418
6,419
6
6,421
6
6,423
6,424
6
6,426
6,427
6
6,429
6,430
6
6,432
6,433
6
6,435
6,436
6
6,438
6,439
6
6,441
6,442
6
6,444
6,445
6,446
6
6,448
6
6,450
6
6,452
6,453
6
6,455
6,456
6
6,458
6,459
6
6,461
6,462
6
6,464
6,465
6
6,467
6,468
6,469
6
6,471
6,472
6,473
6
6,475
6
6,477
6,478
6
6,480
6,481
6
6,483
6,484
6
6,486
6
6,488
6,489
6,490
6
6,492
6,493
6
6,495
6,496
6,497
6
6,499
6,500
6
6,502
6
6,504
6,505
6,506
6
6,508
6,509
6
6,511
6,512
6
6,514
6,515
6
6,517
6,518
6
6,520
6,521
6,522
6
6,524
6,525
6,526
6
6,528
6
6,530
6,531
6
14,566,25,558,563,569,561,567,564,565,559,560
14,26,562,568
12,215,429,398,392,181,246,483,452
12,326
12,329
12,320,269,323,520,217,457,241,498,476,33,411,138,417,495,513,162,30,524,471,425,27,529,36
12,176,297
12,179,423,511,501,420,122,474,455,300,414,244,109,480,213
12,295,447,318,107,174,120,438,195
12,238,117,292,135,208,440,201,104,171,159,444,315,266
12,251,277,223
12,193,435,449
12,211,141,527,401
12,146
12,407,488,248,467,491,463,404,220,274,504,507,143
12,129,226,169
12,153,334
12,199,206
12,313,191
12,230,189,311,111,197,286,260,204,187,342,344,149,131,165,113,309,133
12,185,256,282,307,336,338
12,157,236,288,155,234,290,262,264
12,340,232,115,151,284,258
12,167,280,127,183,305,254,228
12,517,272,485,332
12,431,460,395,302,124
7,570
7,570
7,570
7,570
7,571
7,570
7,570
7,570
7,570
7,570
7,571
7,570
15
15