0
0,31
0,38,58
0,34
0,37,47
0,56,40
0,43
0,53,46
0,49,44
0,52
0,35,55
0
0
0
0
0
0
0
0
0
0
0
0
0
0,50
0,32
0,59
0,41
0
0
2,31
2,32
2
2,34
2,35
2
2,37
2,38
2
2,40
2,41
2
2,43
2,44
2
2,46
2,47
2
2,49
2,50
2
2,52
2,53
2
2,55
2,56
2
2,58
2,59
2
3,191,88,85,194
3,86,90,192
3,195,92
3,91,170,61,89,87,60,84,169,62
3,111,95,98,204
3,102,200,105,197,94
3,211,107,209,103,201,203
3,207,97,109,100,212
3,104,173,67,66,172,176,171,101,174,93,65,108,106,99,175,96,110,64
3,132,114,216,119
3,116,113,218,225,126
3,230,222,128,121,124,219,215,118
3,231,122,130,227
3,179,127,180,177,131,129,120,72,71,69,125,123,182,115,181,117,112,70,178
3,149,138,135
3,140,234,240,143,134
3,235,141,237,145
3,147,238,137
3,76,148,139,184,75,77,142,74,136,185,183,144,133,146
3,168,155,152
3,249,151,157,162,247
3,243,250,164,159
3,154,244,160,166
3,186,153,158,79,163,156,188,165,167,161,187,80,150,81,82
4,85
4,86
4
4,88
4
4,90
4
4,92
4
4,94
4,95
4
4,97
4,98
4
4,100
4
4,102
4,103
4
4,105
4
4,107
4
4,109
4
4,111
4
4,113
4,114
4
4,116
4
4,118
4,119
4
4,121
4,122
4
4,124
4
4,126
4
4,128
4
4,130
4
4,132
4
4,134
4,135
4
4,137
4,138
4
4,140
4,141
4
4,143
4
4,145
4
4,147
4
4,149
4
4,151
4,152
4
4,154
4,155
4
4,157
4
4,159
4,160
4
4,162
4
4,164
4
4,166
4
4,168
4
5,189
5,193
5,196
5,198
5,202
5,205
5,208
5,210
5,213
5,217
5,220
5,223
5,226
5,228
5,232
5,236
5,239
5,241
5,245
5,248
6,190
6,191
6,192
6
6,194
6,195
6
6,197
6
6,199
6,200
6,201
6
6,203
6,204
6
6,206
6,207
6
6,209
6
6,211
6,212
6
6,214
6,215
6,216
6
6,218
6,219
6
6,221
6,222
6
6,224
6,225
6
6,227
6
6,229
6,230
6,231
6
6,233
6,234
6,235
6
6,237
6,238
6
6,240
6
6,242
6,243
6,244
6
6,246
6,247
6
6,249
6,250
6
12,214,93,133,190,150,153,96,136,84,193,112,202,117
12,224,239,115,156,196,246
12,206,221,208,226,99,123
12,236,242,158
12,101,217,233,139,199,248
12,30,39,42,229,45,51,120,48,36,210,33,54,57
12,106,144,163,127
12
12
12,161,125,142,104
12
12
12,110,131,148,167,89,91
12,129,108
12,165,146,87