0
0,38
0,65
0,68
0,60,71
0,74,72
0,41,66
0,44,63
0,47
0,42,50
0,53,51
0,56
0,57,59
0,54,62
0
0
0
0
0
0
0
0
0
0
0
0
0
0
0
0
0,39
0,69
0,75
0,48
0,45
0
0
2,38
2,39
2
2,41
2,42
2
2,44
2,45
2
2,47
2,48
2
2,50
2,51
2
2,53
2,54
2
2,56
2,57
2
2,59
2,60
2
2,62
2,63
2
2,65
2,66
2
2,68
2,69
2
2,71
2,72
2
2,74
2,75
2
3,207,104,101,210
3,102,106,208
3,211,108
3,107,186,77,105,103,76,100,185,78
3,127,111,114,220
3,118,216,121,213,110
3,227,119,123,225,217,219
3,223,113,125,116,228
3,120,189,83,82,188,192,187,117,190,109,81,124,122,115,191,112,126,80
3,148,130,232,135
3,132,129,234,241,142
3,246,238,144,137,140,235,231,134
3,247,138,146,243
3,195,143,196,193,147,145,136,88,198,141,87,85,139,131,197,133,128,86,194
3,165,154,151
3,156,250,256,159,150
3,251,157,253,161
3,163,254,153
3,92,164,155,200,91,93,158,90,152,201,199,160,149,162
3,184,171,168
3,265,167,173,178,263
3,259,266,180,175
3,170,260,176,182
3,202,169,174,95,179,172,204,181,183,177,203,96,166,97,98
4,101
4,102
4
4,104
4
4,106
4
4,108
4
4,110
4,111
4
4,113
4,114
4
4,116
4
4,118
4,119
4
4,121
4
4,123
4
4,125
4
4,127
4
4,129
4,130
4
4,132
4
4,134
4,135
4
4,137
4,138
4
4,140
4
4,142
4
4,144
4
4,146
4
4,148
4
4,150
4,151
4
4,153
4,154
4
4,156
4,157
4
4,159
4
4,161
4
4,163
4
4,165
4
4,167
4,168
4
4,170
4,171
4
4,173
4
4,175
4,176
4
4,178
4
4,180
4
4,182
4
4,184
4
5,205
5,209
5,212
5,214
5,218
5,221
5,224
5,226
5,229
5,233
5,236
5,239
5,242
5,244
5,248
5,252
5,255
5,257
5,261
5,264
6,206
6,207
6,208
6
6,210
6,211
6
6,213
6
6,215
6,216
6,217
6
6,219
6,220
6
6,222
6,223
6
6,225
6
6,227
6,228
6
6,230
6,231
6,232
6
6,234
6,235
6
6,237
6,238
6
6,240
6,241
6
6,243
6
6,245
6,246
6,247
6
6,249
6,250
6,251
6
6,253
6,254
6
6,256
6
6,258
6,259
6,260
6
6,262
6,263
6
6,265
6,266
6
12,230,109,149,206,166,169,112,152,100,209,128,218,133
12,240,255,131,172,212,262
12,222,237,224,242,115,139
12,252,258,174
12,117,233,249,155,215,264
12,46,73,49,245,52,58,37,136,55,70,43,226,40,67,61,64
12,122,160,179,143
12
12
12,177,141,158,120
12
12
12,126,147,164,183,105,107
12,145,124
12,181,162,103