0
0,39
0,70,66
0,69
0,72,49
0,75,61
0,76,78
0,42
0,45,43
0,58,48
0,73,51
0,54,46
0,57
0,60
0,55,63
0
0
0
0
0
0
0
0
0
0
0
0
0
0
0
0
0,40
0,67
0,79
0,52
0,64
0
0
2,39
2,40
2
2,42
2,43
2
2,45
2,46
2
2,48
2,49
2
2,51
2,52
2
2,54
2,55
2
2,57
2,58
2
2,60
2,61
2
2,63
2,64
2
2,66
2,67
2
2,69
2,70
2
2,72
2,73
2
2,75
2,76
2
2,78
2,79
2
3,211,108,105,214
3,106,110,212
3,215,112
3,111,190,81,109,107,80,104,189,82
3,131,115,118,224
3,122,220,125,217,114
3,231,127,229,123,221,223
3,227,117,129,120,232
3,124,193,87,86,192,196,191,121,194,113,85,128,126,119,195,116,130,84
3,152,134,236,139
3,136,133,238,245,146
3,250,242,148,141,144,239,235,138
3,251,142,150,247
3,199,147,200,197,151,149,140,92,202,145,91,89,143,135,201,137,132,90,198
3,169,158,155
3,160,254,260,163,154
3,255,161,257,165
3,167,258,157
3,96,168,159,204,95,97,162,94,156,205,203,164,153,166
3,188,175,172
3,269,171,177,182,267
3,263,270,184,179
3,174,264,180,186
3,206,178,173,99,183,176,208,185,187,181,207,100,170,101,102
4,105
4,106
4
4,108
4
4,110
4
4,112
4
4,114
4,115
4
4,117
4,118
4
4,120
4
4,122
4,123
4
4,125
4
4,127
4
4,129
4
4,131
4
4,133
4,134
4
4,136
4
4,138
4,139
4
4,141
4,142
4
4,144
4
4,146
4
4,148
4
4,150
4
4,152
4
4,154
4,155
4
4,157
4,158
4
4,160
4,161
4
4,163
4
4,165
4
4,167
4
4,169
4
4,171
4,172
4
4,174
4,175
4
4,177
4
4,179
4,180
4
4,182
4
4,184
4
4,186
4
4,188
4
5,209
5,213
5,216
5,218
5,222
5,225
5,228
5,230
5,233
5,237
5,240
5,243
5,246
5,248
5,252
5,256
5,259
5,261
5,265
5,268
6,210
6,211
6,212
6
6,214
6,215
6
6,217
6
6,219
6,220
6,221
6
6,223
6,224
6
6,226
6,227
6
6,229
6
6,231
6,232
6
6,234
6,235
6,236
6
6,238
6,239
6
6,241
6,242
6
6,244
6,245
6
6,247
6
6,249
6,250
6,251
6
6,253
6,254
6,255
6
6,257
6,258
6
6,260
6
6,262
6,263
6,264
6
6,266
6,267
6
6,269
6,270
6
12,234,113,153,210,170,173,116,156,104,213,132,222,137
12,244,259,135,176,216,266
12,226,241,228,246,119,143
12,256,262,178
12,121,237,253,159,219,268
12,38,47,74,50,249,53,59,140,56,71,44,230,41,68,77,62,65
12,126,164,183,147
12
12
12,181,145,162,124
12
12
12,130,151,168,187,109,111
12,149,128
12,185,166,107