0
0,29
0,32
0
0,35
0,33,38
0,41
0
0
0
0
0
0
0
0
0
0
0
0
0
0,39
0,36
0,30
0
0,42
0
0
0
2,29
2,30
2
2,32
2,33
2
2,35
2,36
2
2,38
2,39
2
2,41
2,42
2
3,174,71,68,177
3,69,73,175
3,178,75
3,74,153,44,72,70,43,67,152,45
3,94,78,81,187
3,85,183,88,180,77
3,194,86,90,192,184,186
3,190,80,92,83,195
3,87,156,155,50,49,159,154,84,157,76,48,91,89,82,158,79,93,47
3,115,97,199,102
3,99,96,201,208,109
3,213,205,111,104,107,202,198,101
3,214,105,113,210
3,162,110,163,160,114,112,108,103,55,165,54,52,106,98,164,100,95,53,161
3,132,121,118
3,123,217,223,126,117
3,218,124,220,128
3,130,221,120
3,59,131,122,167,58,60,125,57,119,168,166,127,116,129
3,135,151,138
3,232,134,140,145,230
3,226,147,233,142
3,137,227,143,149
3,169,136,141,62,146,139,171,150,144,170,63,133,148,64,65
4,68
4,69
4
4,71
4
4,73
4
4,75
4
4,77
4,78
4
4,80
4,81
4
4,83
4
4,85
4,86
4
4,88
4
4,90
4
4,92
4
4,94
4
4,96
4,97
4
4,99
4
4,101
4,102
4
4,104
4,105
4
4,107
4
4,109
4
4,111
4
4,113
4
4,115
4
4,117
4,118
4
4,120
4,121
4
4,123
4,124
4
4,126
4
4,128
4
4,130
4
4,132
4
4,134
4,135
4
4,137
4,138
4
4,140
4
4,142
4,143
4
4,145
4
4,147
4
4,149
4
4,151
4
5,172
5,176
5,179
5,181
5,185
5,188
5,191
5,193
5,196
5,200
5,203
5,206
5,209
5,211
5,215
5,219
5,222
5,224
5,228
5,231
6,173
6,174
6,175
6
6,177
6,178
6
6,180
6
6,182
6,183
6,184
6
6,186
6,187
6
6,189
6,190
6
6,192
6
6,194
6,195
6
6,197
6,198
6,199
6
6,201
6,202
6
6,204
6,205
6
6,207
6,208
6
6,210
6
6,212
6,213
6,214
6
6,216
6,217
6,218
6
6,220
6,221
6
6,223
6
6,225
6,226
6,227
6
6,229
6,230
6
6,232
6,233
6
12,197,76,116,173,133,136,79,119,67,176,95,185,100
12,207,222,98,139,179,229
12,189,204,191,209,82,106
12,225,219,141
12,84,200,216,122,182,231
12,40,212,28,103,34,193,37,31
12,89,127,146,110
12
12
12,144,108,125,87
12
12
12,93,114,131,150,72,74
12,112,91
12,148,129,70