0
0,43,33
0,36,46
0,39
0,42
0,45
0
0
0
0
0
0
0
0
0
0
0
0
0
0
0
0
0
0
0
0,40
0,34
0
0
0,37
0
0
2,33
2,34
2
2,36
2,37
2
2,39
2,40
2
2,42
2,43
2
2,45
2,46
2
3,178,75,72,181
3,73,77,179
3,182,79
3,78,157,48,76,74,71,47,156,49
3,98,82,85,191
3,89,187,92,184,81
3,198,94,196,90,188,190
3,194,84,96,87,199
3,91,160,54,53,163,159,158,88,161,80,52,95,93,86,162,83,97,51
3,119,101,203,106
3,103,100,212,113,205
3,217,209,115,108,111,206,202,105
3,218,109,117,214
3,166,114,167,164,118,116,107,59,169,58,56,112,110,102,168,104,99,57,165
3,136,125,122
3,127,221,227,130,121
3,222,128,224,132
3,134,225,124
3,63,135,126,171,62,64,129,61,123,172,170,131,120,133
3,139,155,142
3,236,138,144,149,234
3,230,237,151,146
3,141,231,147,153
3,173,140,145,66,150,143,175,154,152,148,174,67,137,68,69
4,72
4,73
4
4,75
4
4,77
4
4,79
4
4,81
4,82
4
4,84
4,85
4
4,87
4
4,89
4,90
4
4,92
4
4,94
4
4,96
4
4,98
4
4,100
4,101
4
4,103
4
4,105
4,106
4
4,108
4,109
4
4,111
4
4,113
4
4,115
4
4,117
4
4,119
4
4,121
4,122
4
4,124
4,125
4
4,127
4,128
4
4,130
4
4,132
4
4,134
4
4,136
4
4,138
4,139
4
4,141
4,142
4
4,144
4
4,146
4,147
4
4,149
4
4,151
4
4,153
4
4,155
4
5,176
5,180
5,183
5,185
5,189
5,192
5,195
5,197
5,200
5,204
5,207
5,210
5,213
5,215
5,219
5,223
5,226
5,228
5,232
5,235
6,177
6,178
6,179
6
6,181
6,182
6
6,184
6
6,186
6,187
6,188
6
6,190
6,191
6
6,193
6,194
6
6,196
6
6,198
6,199
6
6,201
6,202
6,203
6
6,205
6,206
6
6,208
6,209
6
6,211
6,212
6
6,214
6
6,216
6,217
6,218
6
6,220
6,221
6,222
6
6,224
6,225
6
6,227
6
6,229
6,230
6,231
6
6,233
6,234
6
6,236
6,237
6
12,201,80,120,177,137,140,104,83,123,71,180,99,189
12,211,226,102,143,183,233
12,193,208,195,213,86,110
12,229,223,145
12,88,204,220,126,186,235
12,32,44,216,107,38,197,41,35
12,93,131,150,114
12
12
12,148,112,129,91
12
12
12,118,97,135,154,76,78
12,116,95
12,152,133,74