0
0
0
0
0
0
0
0,46
0
0
0
0
0,64
0
0
0
0
0
0
0
0
0
0
0
0,55
0,58
0,49
0
0,52
0
0
0,61
0
0,45
0,48
0,51
0,54
0,57
0,60
0,63
0
0
0
0
2,45
2,46
2
2,48
2,49
2
2,51
2,52
2
2,54
2,55
2
2,57
2,58
2
2,60
2,61
2
2,63
2,64
2
3,97,103,106
3,100,93,102,179
3,95,105,182
3,178,181,91,99
3,104,165,90,101,96,68,98,66,164,67,65,94,92
3,188,114,108,185
3,115,186,110
3,189,112
3,109,111,113,167,71,166,70,107,72
3,119,196,126
3,124,121,127,193
3,195,117,192,123
3,125,75,118,74,168,122,169,116,120,76
3,133,136,139,200
3,138,202,129,199
3,135,203,131
3,128,80,132,78,170,134,79,130,137,171
3,148,207,143,150
3,145,210,151
3,209,206,141,147
3,144,146,140,83,149,173,172,82,84,142
3,160,217,157
3,162,213,216,153
3,159,163,155,214
3,88,158,152,161,174,87,156,175,86,154
4,91
4
4,93
4
4,95
4
4,97
4
4,99
4,100
4
4,102
4,103
4
4,105
4,106
4
4,108
4
4,110
4
4,112
4
4,114
4,115
4
4,117
4
4,119
4
4,121
4
4,123
4,124
4
4,126
4,127
4
4,129
4
4,131
4
4,133
4
4,135
4,136
4
4,138
4,139
4
4,141
4
4,143
4
4,145
4
4,147
4,148
4
4,150
4,151
4
4,153
4
4,155
4
4,157
4
4,159
4,160
4
4,162
4,163
4
5,176
5,180
5,183
5,187
5,190
5,194
5,197
5,201
5,204
5,208
5,211
5,215
6,177
6,178
6,179
6
6,181
6,182
6
6,184
6,185
6,186
6
6,188
6,189
6
6,191
6,192
6,193
6
6,195
6,196
6
6,198
6,199
6,200
6
6,202
6,203
6
6,205
6,206
6,207
6
6,209
6,210
6
6,212
6,213
6,214
6
6,216
6,217
6
12,107,142,118
12,111,109
12,44,215,53,177,122,198,98,191,62,184,47,208,56,125,134,59,187,180,149,50,137,158,113
12,96
12,161,201,212,146,205,194
12,101,104
12,92,144,94,132,120,156
12,128,152,116,140
12,130,90,154