0
0
0
0
0
0
0,30
0
0,39,27
0
0,33
0,36
0,24
0
0,23
0,26
0,29
0,32
0,35
0,38
0
0
2,23
2,24
2
2,26
2,27
2
2,29
2,30
2
2,32
2,33
2
2,35
2,36
2
2,38
2,39
2
3,72,78,81
3,68,75,77,154
3,70,157,80
3,153,156,66,74
3,79,140,40,65,76,71,69,43,73,41,139,42,67
3,163,89,83,160
3,161,85,90
3,164,87
3,84,86,88,142,46,141,45,82,47
3,94,171,101
3,99,96,102,168
3,170,92,167,98
3,100,50,93,49,143,97,144,95,51,91
3,108,114,111,175
3,113,177,104,174
3,110,178,106
3,103,55,53,145,109,54,105,107,112,146
3,123,125,182,118
3,120,185,126
3,184,181,116,122
3,119,121,115,58,124,148,147,57,59,117
3,135,192,132
3,188,128,137,191
3,134,138,130,189
3,63,133,127,149,62,136,131,150,61,129
4,66
4
4,68
4
4,70
4
4,72
4
4,74
4,75
4
4,77
4,78
4
4,80
4,81
4
4,83
4
4,85
4
4,87
4
4,89
4,90
4
4,92
4
4,94
4
4,96
4
4,98
4,99
4
4,101
4,102
4
4,104
4
4,106
4
4,108
4
4,110
4,111
4
4,113
4,114
4
4,116
4
4,118
4
4,120
4
4,122
4,123
4
4,125
4,126
4
4,128
4
4,130
4
4,132
4
4,134
4,135
4
4,137
4,138
4
5,151
5,155
5,158
5,162
5,165
5,169
5,172
5,176
5,179
5,183
5,186
5,190
6,152
6,153
6,154
6
6,156
6,157
6
6,159
6,160
6,161
6
6,163
6,164
6
6,166
6,167
6,168
6
6,170
6,171
6
6,173
6,174
6,175
6
6,177
6,178
6
6,180
6,181
6,182
6
6,184
6,185
6
6,187
6,188
6,189
6
6,191
6,192
6
12,82,117,93
12,84,86
12,22,190,31,152,97,73,166,124,159,25,173,183,34,100,109,37,162,155,28,112,133,88
12,71
12,136,187,121,176,180,169
12,76,79
12,67,119,69,107,95,131
12,103,127,91,115
12,65,129,105