0
0
0
0,24
0,27,18
0
0
0,21
0,30
0,17
0,20
0,23
0,26
0,29
0
0
2,17
2,18
2
2,20
2,21
2
2,23
2,24
2
2,26
2,27
2
2,29
2,30
2
3,63,69,72
3,59,66,68,145
3,61,71,148
3,144,147,57,65
3,70,131,33,56,67,62,60,34,64,32,130,31,58
3,154,80,74,151
3,152,76,81
3,155,78
3,75,77,79,133,37,132,36,73,38
3,85,162,92
3,90,87,93,159
3,161,83,158,89
3,91,41,84,40,134,88,135,86,42,82
3,99,105,102,166
3,104,168,95,165
3,101,169,97
3,94,46,44,136,100,45,96,98,103,137
3,114,116,173,109
3,111,176,117
3,175,172,107,113
3,110,112,106,49,115,139,138,48,50,108
3,126,183,123
3,179,119,128,182
3,125,129,121,180
3,54,124,118,127,140,141,53,122,52,120
4,57
4
4,59
4
4,61
4
4,63
4
4,65
4,66
4
4,68
4,69
4
4,71
4,72
4
4,74
4
4,76
4
4,78
4
4,80
4,81
4
4,83
4
4,85
4
4,87
4
4,89
4,90
4
4,92
4,93
4
4,95
4
4,97
4
4,99
4
4,101
4,102
4
4,104
4,105
4
4,107
4
4,109
4
4,111
4
4,113
4,114
4
4,116
4,117
4
4,119
4
4,121
4
4,123
4
4,125
4,126
4
4,128
4,129
4
5,142
5,146
5,149
5,153
5,156
5,160
5,163
5,167
5,170
5,174
5,177
5,181
6,143
6,144
6,145
6
6,147
6,148
6
6,150
6,151
6,152
6
6,154
6,155
6
6,157
6,158
6,159
6
6,161
6,162
6
6,164
6,165
6,166
6
6,168
6,169
6
6,171
6,172
6,173
6
6,175
6,176
6
6,178
6,179
6,180
6
6,182
6,183
6
12,73,108,84
12,75,77
12,16,181,25,143,88,164,64,157,150,19,174,28,91,100,153,146,115,22,103,124,79
12,62
12,127,178,112,167,171,160
12,67,70
12,58,110,60,98,122,86
12,94,118,82,106
12,96,56,120