0,22,34,28
0
0
0
0
0
0,18
0,21
0,24
0,27
0,30
0,33
0,19,25,31
1,283
1,284
1,285
1,286
2,18
2,19
2
2,21
2,22
2
2,24
2,25
2
2,27
2,28
2
2,30
2,31
2
2,33
2,34
2
3,195,67,73
3,75,69,198
3,197,194,71,66
3,74,70,170,72,36,35,65,276,171,37,68
3,85,77,204,200
3,81,78,205,87,207
3,201,89,210,83,80
3,84,39,88,173,40,175,76,174,82,277,79,41,172,86
3,99,212,91,216
3,101,219,92,95,217
3,213,94,103,222,97
3,178,179,45,44,93,96,100,278,177,90,176,98,102,43
3,106,122,228
3,116,105,108
3,112,120,109
3,114,118,225,227,111
3,48,115,117,110,181,104,113,49,107,180,119,279,121,47,50
3,141,125,234
3,124,135,127
3,139,128,131
3,231,233,137,130,133
3,132,182,134,136,183,54,52,53,280,129,126,55,138,123,140
3,236,151,240,143
3,243,153,241,144,147
3,146,155,246,237,149
3,57,150,58,142,152,145,184,185,281,186,148,154,187,59
3,248,252,157,165
3,158,167,255,161,253
3,163,258,160,249,169
3,282,164,156,159,61,63,162,190,62,168,191,188,189,166
4,66
4,67
4
4,69
4
4,71
4
4,73
4
4,75
4
4,77
4,78
4
4,80
4,81
4
4,83
4
4,85
4
4,87
4
4,89
4
4,91
4,92
4
4,94
4,95
4
4,97
4
4,99
4
4,101
4
4,103
4
4,105
4,106
4
4,108
4,109
4
4,111
4,112
4
4,114
4
4,116
4
4,118
4
4,120
4
4,122
4
4,124
4,125
4
4,127
4,128
4
4,130
4,131
4
4,133
4
4,135
4
4,137
4
4,139
4
4,141
4
4,143
4,144
4
4,146
4,147
4
4,149
4
4,151
4
4,153
4
4,155
4
4,157
4,158
4
4,160
4,161
4
4,163
4
4,165
4
4,167
4
4,169
4
5,192
5,196
5,199
5,202
5,206
5,208
5,211
5,214
5,218
5,220
5,223
5,226
5,229
5,232
5,235
5,238
5,242
5,244
5,247
5,250
5,254
5,256
6,193
6,194
6,195
6
6,197
6,198
6
6,200
6,201
6
6,203
6,204
6,205
6
6,207
6
6,209
6,210
6
6,212
6,213
6
6,215
6,216
6,217
6
6,219
6
6,221
6,222
6
6,224
6,225
6
6,227
6,228
6
6,230
6,231
6
6,233
6,234
6
6,236
6,237
6
6,239
6,240
6,241
6
6,243
6
6,245
6,246
6
6,248
6,249
6
6,251
6,252
6,253
6
6,255
6
6,257
6,258
6
14,281,13,277,278
14,280,279,14
14,282,15
14,16,276
12,68
12,230,254,162,224,113,206,245,209,82,242,221,148,218,257,132,96
12,110,79
12
12,93
12,26,226,232,29,17,20,32,23
12,145
12,215,156,142,239,76,211,251,90,126,235,203,107,199,247
12,196,193,123,65,104
12,140,74,72,121
12,84,164,115,150,70,98,134
12,100,168,88,166,136,119,86,102,138,117,154,152
12,159,129
7,286
7,283
7,283
7,284
7,284
7,283
7,285
15
15
15
15