0,110,74,80,140,128,56,116,104,98,86,92,134,68,152,62,122,146
0
0
0
0
0
0
0
0
0
0
0,52
0,55
0,58
0,61
0,64
0,67
0,70
0,73
0,76
0,79
0,82
0,85
0,88
0,91
0,94
0,97
0,100
0,103
0,106
0,109
0,112
0,115
0,118
0,121
0,124
0,127
0,130
0,133
0,136
0,139
0,142
0,145
0,148
0,151
0,154
0,131,107,149,155,113,101,71,53,59,89,65,119,95,83,143,137,125,77
1,404
1,405
1,406
1,407
2,52
2,53
2
2,55
2,56
2
2,58
2,59
2
2,61
2,62
2
2,64
2,65
2
2,67
2,68
2
2,70
2,71
2
2,73
2,74
2
2,76
2,77
2
2,79
2,80
2
2,82
2,83
2
2,85
2,86
2
2,88
2,89
2
2,91
2,92
2
2,94
2,95
2
2,97
2,98
2
2,100
2,101
2
2,103
2,104
2
2,106
2,107
2
2,109
2,110
2
2,112
2,113
2
2,115
2,116
2
2,118
2,119
2
2,121
2,122
2
2,124
2,125
2
2,127
2,128
2
2,130
2,131
2
2,133
2,134
2
2,136
2,137
2
2,139
2,140
2
2,142
2,143
2
2,145
2,146
2
2,148
2,149
2
2,151
2,152
2
2,154
2,155
2
3,316,188,194
3,196,190,319
3,318,315,192,187
3,195,191,291,193,157,156,186,397,292,189,158
3,206,198,325,321
3,202,326,208,199,328
3,331,322,201,210,204
3,160,209,294,161,296,197,205,295,203,398,200,162,293,207
3,220,333,212,337
3,222,340,213,216,338
3,334,215,343,224,218
3,299,300,166,165,214,217,221,399,298,211,297,219,223,164
3,227,243,349
3,237,226,229
3,233,241,230
3,235,239,346,348,232
3,228,236,238,231,302,225,234,169,170,301,240,400,242,168,171
3,246,262,355
3,245,256,248
3,260,249,252
3,352,354,258,251,254
3,253,303,255,257,304,175,173,174,401,250,247,176,259,244,261
3,357,272,361,264
3,364,274,362,265,268
3,267,276,367,358,270
3,178,271,179,263,266,305,273,306,402,307,269,275,308,180
3,369,286,373,278
3,279,288,376,282,374
3,284,379,281,370,290
3,403,285,277,280,182,184,283,183,289,311,312,309,310,287
4,187
4,188
4
4,190
4
4,192
4
4,194
4
4,196
4
4,198
4,199
4
4,201
4,202
4
4,204
4
4,206
4
4,208
4
4,210
4
4,212
4,213
4
4,215
4,216
4
4,218
4
4,220
4
4,222
4
4,224
4
4,226
4,227
4
4,229
4,230
4
4,232
4,233
4
4,235
4
4,237
4
4,239
4
4,241
4
4,243
4
4,245
4,246
4
4,248
4,249
4
4,251
4,252
4
4,254
4
4,256
4
4,258
4
4,260
4
4,262
4
4,264
4,265
4
4,267
4,268
4
4,270
4
4,272
4
4,274
4
4,276
4
4,278
4,279
4
4,281
4,282
4
4,284
4
4,286
4
4,288
4
4,290
4
5,313
5,317
5,320
5,323
5,327
5,329
5,332
5,335
5,339
5,341
5,344
5,347
5,350
5,353
5,356
5,359
5,363
5,365
5,368
5,371
5,375
5,377
6,314
6,315
6,316
6
6,318
6,319
6
6,321
6,322
6
6,324
6,325
6,326
6
6,328
6
6,330
6,331
6
6,333
6,334
6
6,336
6,337
6,338
6
6,340
6
6,342
6,343
6
6,345
6,346
6
6,348
6,349
6
6,351
6,352
6
6,354
6,355
6
6,357
6,358
6
6,360
6,361
6,362
6
6,364
6
6,366
6,367
6
6,369
6,370
6
6,372
6,373
6,374
6
6,376
6
6,378
6,379
6
14,402,47,398,399
14,400,401,48
14,403,49
14,50,397
12,189
12,283,345,234,327,366,330,375,351,363,269,339,378,253,342,217,203
12,231,200
12
12,214
12,99,60,93,135,132,347,117,353,63,51,81,78,120,96,54,102,153,138,111,84,87,126,123,144,66,90,129,57,141,108,75,147,72,114,69,150,105
12,266
12,336,277,263,368,360,197,332,372,211,247,356,324,228,320
12,317,314,244,186,225
12,261,195,193,242
12,205,236,285,271,219,255,191
12,221,289,209,287,257,240,207,223,259,238,275,273
12,280,250
7,407
7,404
7,404
7,405
7,405
7,404
7,406
15
15
15
15