0,463,135
0,159,214
0,340,411
0,414,475
0,139,417
0,292
0,145,420
0,423
0
0,469,426
0,429,148
0,268
0,162,448
0,432,358
0,490,435
0,438,211
0,160,441
0,232,444
0,447,427
0,450
0,453,262
0,456,199
0,190,459
0,165,154
0,462,259
0,465,244
0,468,445
0,471,406
0,499,474
0,477,418
0,480,331
0,483,247
0,486,175
0,489,496
0,168,451
0,271,492
0,495,409
0,163,498
0,439,501
0,504,481
0,171,412
0,217,174
0,355,177
0,180,349
0,183,298
0,186,169
0,289,138
0,472,189
0,192
0,505,195
0,319,198
0,201,265
0,204,466
0,207,226
0,235,210
0,388,213
0,216,454
0,295,141
0,205,219
0,222
0,225,382
0,307
0,436,228
0,151
0,231,181
0,234,166
0,328,237
0,460
0,144,502
0,274,240
0,343,243
0,352,246
0,249,277
0,253
0,415
0,252,310
0,346,255
0,385,258
0,325,261
0,280
0,264,208
0,267,433
0,442,270
0,376,273
0,276,322
0,279,430
0,282,250
0,285
0,288
0,196,291
0,367,147
0,294,394
0,256,297
0,300,220
0,457,303
0,306,193
0,391,309
0,373,312
0,301,315
0,484,318
0,337,321
0,178,150
0,324,229
0,327,478
0,330,397
0
0,333,400
0,202,336
0,493,339
0,342,304
0,361,345
0,348,286
0,153,184
0,351,142
0,283,354
0,364,357
0,360,370
0,223,363
0,366,334
0,369,403
0,372,487
0,375,424
0,241,378
0,172,156
0,381,421
0,316,384
0,387
0,390,238
0,393,313
0,396,379
0,157,399
0,402
0,405,136
0,408,187
2,135
2,136
2
2,138
2,139
2
2,141
2,142
2
2,144
2,145
2
2,147
2,148
2
2,150
2,151
2
2,153
2,154
2
2,156
2,157
2
2,159
2,160
2
2,162
2,163
2
2,165
2,166
2
2,168
2,169
2
2,171
2,172
2
2,174
2,175
2
2,177
2,178
2
2,180
2,181
2
2,183
2,184
2
2,186
2,187
2
2,189
2,190
2
2,192
2,193
2
2,195
2,196
2
2,198
2,199
2
2,201
2,202
2
2,204
2,205
2
2,207
2,208
2
2,210
2,211
2
2,213
2,214
2
2,216
2,217
2
2,219
2,220
2
2,222
2,223
2
2,225
2,226
2
2,228
2,229
2
2,231
2,232
2
2,234
2,235
2
2,237
2,238
2
2,240
2,241
2
2,243
2,244
2
2,246
2,247
2
2,249
2,250
2
2,252
2,253
2
2,255
2,256
2
2,258
2,259
2
2,261
2,262
2
2,264
2,265
2
2,267
2,268
2
2,270
2,271
2
2,273
2,274
2
2,276
2,277
2
2,279
2,280
2
2,282
2,283
2
2,285
2,286
2
2,288
2,289
2
2,291
2,292
2
2,294
2,295
2
2,297
2,298
2
2,300
2,301
2
2,303
2,304
2
2,306
2,307
2
2,309
2,310
2
2,312
2,313
2
2,315
2,316
2
2,318
2,319
2
2,321
2,322
2
2,324
2,325
2
2,327
2,328
2
2,330
2,331
2
2,333
2,334
2
2,336
2,337
2
2,339
2,340
2
2,342
2,343
2
2,345
2,346
2
2,348
2,349
2
2,351
2,352
2
2,354
2,355
2
2,357
2,358
2
2,360
2,361
2
2,363
2,364
2
2,366
2,367
2
2,369
2,370
2
2,372
2,373
2
2,375
2,376
2
2,378
2,379
2
2,381
2,382
2
2,384
2,385
2
2,387
2,388
2
2,390
2,391
2
2,393
2,394
2
2,396
2,397
2
2,399
2,400
2
2,402
2,403
2
2,405
2,406
2
2,408
2,409
2
2,411
2,412
2
2,414
2,415
2
2,417
2,418
2
2,420
2,421
2
2,423
2,424
2
2,426
2,427
2
2,429
2,430
2
2,432
2,433
2
2,435
2,436
2
2,438
2,439
2
2,441
2,442
2
2,444
2,445
2
2,447
2,448
2
2,450
2,451
2
2,453
2,454
2
2,456
2,457
2
2,459
2,460
2
2,462
2,463
2
2,465
2,466
2
2,468
2,469
2
2,471
2,472
2
2,474
2,475
2
2,477
2,478
2
2,480
2,481
2
2,483
2,484
2
2,486
2,487
2
2,489
2,490
2
2,492
2,493
2
2,495
2,496
2
2,498
2,499
2
2,501
2,502
2
2,504
2,505
2
3,552,558,555,517,519
3,516,534,520,536,518,535,533,506
3,522,568,565,562
3,537,538,540,521,539,508
3,571,580,573,526
3,574,524,577
3,543,542,545,523,541,525,511,544,510
3,587,528,591,582,531
3,529,584,588
3,548,514,527,549,546,550,513,547,530,532
4,517
4
4,519
4
4
4,522
4
4,524
4
4,526
4
4,528
4,529
4
4,531
4
4
5,551
5,553
5,556
5,559
5,561
5,563
5,564
5,566
5,569
5,570
5,572
5,575
5,578
5,581
5,583
5,585
5,589
5,592
6,552
6
6,554
6,555
6
6,557
6,558
6
6,560
6
6,562
6
6
6,565
6
6,567
6,568
6
6
6,571
6
6,573
6,574
6
6,576
6,577
6
6,579
6,580
6
6,582
6
6,584
6
6,586
6,587
6,588
6
6,590
6,591
6
6,593
6
12,563,593,520,532,560,569
12,570,530,590,583,576,516,554,523,561
12,579,525,551,567,581,521
12,281,485,476,419,194,371,170,203,209,407,425,353,482,290,586,242,182,134,500,434,191,143,338,395,401,428,341,488,314,491,206,497,437,503,215,275,356,302,311,146,377,398,350,458,527,461,413,299,446,278,359,188,332,365,197,233,152,227,347,368,326,260,380,212,383,389,410,443,269,464,221,479,254,431,257,248,149,344,296,155,305,245,386,392,218,251,230,224,455,293,572,239,179,329,266,308,167,362,440,140,200,317,452,404,263,236,467,473,494,176,137,449,272,164,284,161,287,374,173,320,185,158,422,335,323,470,416
12,564,557,518