0,193
0,220
0,278,478
0,539,481
0,602,484
0,266,487
0,490,416
0,493,467
0,275,496
0,499,563
0,686,502
0,320,505
0,223,380
0,251,508
0,311,511
0,514,662
0,517,290
0,520,419
0,523,209
0,575,526
0,245,529
0,554,532
0,248,535
0,226,401
0,538,698
0,332,541
0,596,544
0,461,547
0,550,506
0,368,553
0,556,713
0,559,497
0,562,308
0,565,620
0,629,229
0,568,398
0,485
0,571,335
0,574,371
0,577,668
0,580,500
0,680
0,716,583
0,479,586
0,589,536
0,232,197
0,635
0,592,509
0,512
0,728
0,305,595
0,598,653
0,566,601
0,314,604
0,593,607
0,610,527
0,233,235
0,302,613
0,616,389
0,619,254
0,622,617
0,299
0,625,224
0,628,722
0,631,530
0,634,431
0,637,440
0,238,464
0,614,640
0,643
0,646,677
0,649,326
0,341,652
0,611,655
0,658,293
0,242,661
0,664,503
0,695,667
0,241,587
0,670,443
0,410,673
0,356,676
0,392,679
0,323,682
0,685,287
0,263,688
0,281,691
0,694,647
0,697,317
0,434,244
0,700
0,703
0,584,706
0,608,709
0,395,712
0,491,715
0,359,718
0,721,425
0,239,724
0,482,727
0,247,599
0,569,730
0,733,452
0,736,533
0,338,196
0,250,344
0,253,692
0,428,256
0,557,259
0,262,572
0,265,446
0,350,268
0,374,271
0,274,236
0,277,590
0,449,199
0,280,212
0,353,283
0,286,518
0,470,289
0,257,292
0,295
0,710,298
0,301,707
0,365,304
0,659
0,329,202
0,269,307
0,310,578
0,227,313
0,641,316
0,319,683
0,560,322
0,638
0,521,325
0,328,737
0,331
0,205,218
0,455,334
0,337,194
0,284,340
0,437
0,343,494
0,476,346
0,349,548
0,352,623
0,626,355
0,358
0,674,208
0,361,734
0,422,364
0,545,367
0,701,370
0,373,704
0,376,689
0,632,379
0,382
0,581,385
0,388,221
0,211,377
0,391,656
0,272,394
0,397,200
0,347,400
0,403,719
0,406,644
0,473,409
0,412,362
0,415,383
0,418,551
0,214,203
0,421,725
0,424,458
0,427,260
0,430
0,433,524
0,542
0,650,436
0,439,407
0,230,442
0,445,404
0,731,217
0,605,448
0,451,215
0,454,206
0,457,413
0,488,460
0,463,386
0,665,466
0,469,671
0,515,472
0,475,296
2,193
2,194
2
2,196
2,197
2
2,199
2,200
2
2,202
2,203
2
2,205
2,206
2
2,208
2,209
2
2,211
2,212
2
2,214
2,215
2
2,217
2,218
2
2,220
2,221
2
2,223
2,224
2
2,226
2,227
2
2,229
2,230
2
2,232
2,233
2
2,235
2,236
2
2,238
2,239
2
2,241
2,242
2
2,244
2,245
2
2,247
2,248
2
2,250
2,251
2
2,253
2,254
2
2,256
2,257
2
2,259
2,260
2
2,262
2,263
2
2,265
2,266
2
2,268
2,269
2
2,271
2,272
2
2,274
2,275
2
2,277
2,278
2
2,280
2,281
2
2,283
2,284
2
2,286
2,287
2
2,289
2,290
2
2,292
2,293
2
2,295
2,296
2
2,298
2,299
2
2,301
2,302
2
2,304
2,305
2
2,307
2,308
2
2,310
2,311
2
2,313
2,314
2
2,316
2,317
2
2,319
2,320
2
2,322
2,323
2
2,325
2,326
2
2,328
2,329
2
2,331
2,332
2
2,334
2,335
2
2,337
2,338
2
2,340
2,341
2
2,343
2,344
2
2,346
2,347
2
2,349
2,350
2
2,352
2,353
2
2,355
2,356
2
2,358
2,359
2
2,361
2,362
2
2,364
2,365
2
2,367
2,368
2
2,370
2,371
2
2,373
2,374
2
2,376
2,377
2
2,379
2,380
2
2,382
2,383
2
2,385
2,386
2
2,388
2,389
2
2,391
2,392
2
2,394
2,395
2
2,397
2,398
2
2,400
2,401
2
2,403
2,404
2
2,406
2,407
2
2,409
2,410
2
2,412
2,413
2
2,415
2,416
2
2,418
2,419
2
2,421
2,422
2
2,424
2,425
2
2,427
2,428
2
2,430
2,431
2
2,433
2,434
2
2,436
2,437
2
2,439
2,440
2
2,442
2,443
2
2,445
2,446
2
2,448
2,449
2
2,451
2,452
2
2,454
2,455
2
2,457
2,458
2
2,460
2,461
2
2,463
2,464
2
2,466
2,467
2
2,469
2,470
2
2,472
2,473
2
2,475
2,476
2
2,478
2,479
2
2,481
2,482
2
2,484
2,485
2
2,487
2,488
2
2,490
2,491
2
2,493
2,494
2
2,496
2,497
2
2,499
2,500
2
2,502
2,503
2
2,505
2,506
2
2,508
2,509
2
2,511
2,512
2
2,514
2,515
2
2,517
2,518
2
2,520
2,521
2
2,523
2,524
2
2,526
2,527
2
2,529
2,530
2
2,532
2,533
2
2,535
2,536
2
2,538
2,539
2
2,541
2,542
2
2,544
2,545
2
2,547
2,548
2
2,550
2,551
2
2,553
2,554
2
2,556
2,557
2
2,559
2,560
2
2,562
2,563
2
2,565
2,566
2
2,568
2,569
2
2,571
2,572
2
2,574
2,575
2
2,577
2,578
2
2,580
2,581
2
2,583
2,584
2
2,586
2,587
2
2,589
2,590
2
2,592
2,593
2
2,595
2,596
2
2,598
2,599
2
2,601
2,602
2
2,604
2,605
2
2,607
2,608
2
2,610
2,611
2
2,613
2,614
2
2,616
2,617
2
2,619
2,620
2
2,622
2,623
2
2,625
2,626
2
2,628
2,629
2
2,631
2,632
2
2,634
2,635
2
2,637
2,638
2
2,640
2,641
2
2,643
2,644
2
2,646
2,647
2
2,649
2,650
2
2,652
2,653
2
2,655
2,656
2
2,658
2,659
2
2,661
2,662
2
2,664
2,665
2
2,667
2,668
2
2,670
2,671
2
2,673
2,674
2
2,676
2,677
2
2,679
2,680
2
2,682
2,683
2
2,685
2,686
2
2,688
2,689
2
2,691
2,692
2
2,694
2,695
2
2,697
2,698
2
2,700
2,701
2
2,703
2,704
2
2,706
2,707
2
2,709
2,710
2
2,712
2,713
2
2,715
2,716
2
2,718
2,719
2
2,721
2,722
2
2,724
2,725
2
2,727
2,728
2
2,730
2,731
2
2,733
2,734
2
2,736
2,737
2
3,784,751,787,790,749
3,766,748,752,768,750,767,765,738
3,754,800,794,797
3,769,770,772,753,771,740
3,803,812,805,758
3,806,756,809
3,775,757,742,755,777,774,773,743,776
3,819,760,763,814,823
3,820,816,761
3,780,759,781,779,778,764,782,746,762,745
4,749
4
4,751
4
4
4,754
4
4,756
4
4,758
4
4,760
4,761
4
4,763
4
4
5,783
5,785
5,788
5,791
5,793
5,795
5,796
5,798
5,801
5,802
5,804
5,807
5,810
5,813
5,815
5,817
5,821
5,824
6,784
6
6,786
6,787
6
6,789
6,790
6
6,792
6
6,794
6
6
6,797
6
6,799
6,800
6
6
6,803
6
6,805
6,806
6
6,808
6,809
6
6,811
6,812
6
6,814
6
6,816
6
6,818
6,819
6,820
6
6,822
6,823
6
6,825
6
12,795,752,825,801,764,792
12,822,802,815,762,808,748,786,755,793
12,811,757,783,799,753,813
12,339,534,615,483,702,543,564,600,477,708,252,429,603,261,663,267,465,411,348,531,300,240,192,537,474,648,249,396,453,684,597,459,486,399,228,630,546,372,579,633,549,585,306,264,666,495,654,273,675,720,333,681,414,360,657,714,818,369,423,204,435,516,711,519,717,582,471,636,357,504,588,417,246,561,390,255,567,336,291,285,405,384,729,318,270,735,441,447,468,501,327,522,279,669,621,312,627,489,315,570,297,723,618,696,573,207,402,354,699,213,363,303,444,450,276,591,309,288,282,624,513,426,540,351,687,237,639,660,693,672,387,324,726,210,438,594,366,225,420,498,198,492,258,375,510,462,321,294,456,609,525,201,690,759,552,234,558,642,408,195,645,507,705,651,678,330,732,222,342,555,345,432,231,378,804,243,216,606,393,219,381,528,612,480,576
12,796,750,789