0,53,28
0,68,49
0,62
0,86,52
0,35,55
0,41,58
0,61,47
0,44,64
0,83
0,80,67
0,70
0,31,56
0,73
0,76,38
0,74,79
0
0
0
0,77,82
0,85,59
0,34,71
0,50
0,29
0,32,37
0,40
0,43
0,46,65
2,28
2,29
2
2,31
2,32
2
2,34
2,35
2
2,37
2,38
2
2,40
2,41
2
2,43
2,44
2
2,46
2,47
2
2,49
2,50
2
2,52
2,53
2
2,55
2,56
2
2,58
2,59
2
2,61
2,62
2
2,64
2,65
2
2,67
2,68
2
2,70
2,71
2
2,73
2,74
2
2,76
2,77
2
2,79
2,80
2
2,82
2,83
2
2,85
2,86
2
3,136,98,133,139,100
3,97,99,114,115,101,117,116,87
3,143,103,149,146
3,89,118,102,121,119,120
3,152,107,161,154
3,105,158,155
3,123,104,92,122,125,91,126,106,124
3,168,163,109,112,172
3,110,169,165
3,95,128,129,111,113,130,131,108,127,94
4,98
4
4,100
4
4
4,103
4
4,105
4
4,107
4
4,109
4,110
4
4,112
4
4
5,132
5,134
5,137
5,140
5,142
5,144
5,145
5,147
5,150
5,151
5,153
5,156
5,159
5,162
5,164
5,166
5,170
5,173
6,133
6
6,135
6,136
6
6,138
6,139
6
6,141
6
6,143
6
6
6,146
6
6,148
6,149
6
6
6,152
6
6,154
6,155
6
6,157
6,158
6
6,160
6,161
6
6,163
6
6,165
6
6,167
6,168
6,169
6
6,171
6,172
6
6,174
6
12,144,113,150,174,141,101
12,135,151,104,157,97,171,111,164,142
12,162,148,102,160,132,106
12,60,33,39,42,75,167,48,69,27,81,30,84,36,57,63,66,72,153,78,51,108,54,45
12,145,99,138