0,82,224
0,152,109
0
0,112,89
0,115,194
0,118,155
0,121,104
0,161,124
0,127,266
0,130,110
0,290,133
0,203,85
0,296
0,125,136
0
0,139,113
0,142,200
0,209,145
0,182,148
0,173,151
0,154
0,157,245
0,119,88
0,160,233
0,131,163
0,166,107
0,197,169
0,172,86
0,254,175
0,176
0,178
0,227,181
0,184
0,275,91
0,187
0,272,190
0,134
0,193,122
0,158,196
0,251,199
0,281,202
0,205,263
0,185,208
0,215
0,278,94
0,299,211
0,101,214
0,236,217
0,167,220
0,223,239
0,226,218
0,229,206
0,232,143
0,235,284
0,170,238
0,97
0,241,188
0,140,244
0,247,92
0,250,287
0,146,253
0,256,83
0,95,259
0,257,262
0,128
0,149,265
0,212,100
0,242,268
0,271,164
0,274,116
0,248,277
0,179,280
0,283,98
0,191,286
0,260,289
0,292,137
0,295,293
0,103,269
0,221,298
0,230
0,106
2,82
2,83
2
2,85
2,86
2
2,88
2,89
2
2,91
2,92
2
2,94
2,95
2
2,97
2,98
2
2,100
2,101
2
2,103
2,104
2
2,106
2,107
2
2,109
2,110
2
2,112
2,113
2
2,115
2,116
2
2,118
2,119
2
2,121
2,122
2
2,124
2,125
2
2,127
2,128
2
2,130
2,131
2
2,133
2,134
2
2,136
2,137
2
2,139
2,140
2
2,142
2,143
2
2,145
2,146
2
2,148
2,149
2
2,151
2,152
2
2,154
2,155
2
2,157
2,158
2
2,160
2,161
2
2,163
2,164
2
2,166
2,167
2
2,169
2,170
2
2,172
2,173
2
2,175
2,176
2
2,178
2,179
2
2,181
2,182
2
2,184
2,185
2
2,187
2,188
2
2,190
2,191
2
2,193
2,194
2
2,196
2,197
2
2,199
2,200
2
2,202
2,203
2
2,205
2,206
2
2,208
2,209
2
2,211
2,212
2
2,214
2,215
2
2,217
2,218
2
2,220
2,221
2
2,223
2,224
2
2,226
2,227
2
2,229
2,230
2
2,232
2,233
2
2,235
2,236
2
2,238
2,239
2
2,241
2,242
2
2,244
2,245
2
2,247
2,248
2
2,250
2,251
2
2,253
2,254
2
2,256
2,257
2
2,259
2,260
2
2,262
2,263
2
2,265
2,266
2
2,268
2,269
2
2,271
2,272
2
2,274
2,275
2
2,277
2,278
2
2,280
2,281
2
2,283
2,284
2
2,286
2,287
2
2,289
2,290
2
2,292
2,293
2
2,295
2,296
2
2,298
2,299
2
3,352,346,349,311,313
3,312,314,310,328,330,329,327,300
3,316,362,359,356
3,331,332,334,315,333,302
3,365,374,367,320
3,318,368,371
3,337,317,336,335,319,305,338,304,339
3,381,322,376,325,385
3,323,382,378
3,342,326,321,340,307,344,343,341,308,324
4,311
4
4,313
4
4
4,316
4
4,318
4
4,320
4
4,322
4,323
4
4,325
4
4
5,345
5,347
5,350
5,353
5,355
5,357
5,358
5,360
5,363
5,364
5,366
5,369
5,372
5,375
5,377
5,379
5,383
5,386
6,346
6
6,348
6,349
6
6,351
6,352
6
6,354
6
6,356
6
6
6,359
6
6,361
6,362
6
6
6,365
6
6,367
6,368
6
6,370
6,371
6
6,373
6,374
6
6,376
6
6,378
6
6,380
6,381
6,382
6
6,384
6,385
6
6,387
6
12,357,387,314,363,326,354
12,364,384,377,324,370,310,348,317,355
12,373,319,361,345,375,315
12,228,141,150,156,237,189,129,81,138,90,285,288,117,261,153,162,222,258,93,297,321,246,135,279,144,225,180,174,294,273,207,159,216,168,201,204,195,249,96,291,243,102,252,192,165,198,177,171,240,366,186,126,276,213,99,255,114,87,147,264,105,210,183,380,123,84,219,111,231,234,120,267,132,282,108,270
12,358,351,312