0,184
0,120
0,123,109
0,126,241
0,129,250
0,132
0,298
0,135,139
0,307,138
0,141,160
0,112,144
0,316,96
0,205,147
0,142,150
0,153,256
0,337,156
0,159,343
0,162,247
0,165,163
0,168,226
0,171,355
0,271,174
0,99,106
0,280,177
0,313,180
0,262,183
0,175,186
0,220,189
0,192,127
0,195,349
0,198,331
0,201
0,204,103
0,102,181
0,187
0,157,207
0,210,190
0,213,334
0,238,216
0,319,219
0,222,340
0,253,225
0,346,228
0,231,166
0,199,105
0,234,244
0,237,304
0,229,240
0,286,243
0,100,246
0,172
0,249,268
0,252
0,255,193
0,274,258
0,108
0,196,261
0,208,264
0,267,295
0,270,232
0,214,273
0,276,178
0,279,148
0,282
0,285,217
0,288,115
0,121,111
0
0,291,235
0,265,294
0,297,97
0,292,300
0,283,303
0,133,306
0,289
0,277,309
0,259,312
0,114,211
0,315,118
0,328,318
0,151
0,352,321
0,202,324
0,327,145
0,330
0,130
0,154,333
0,336,124
0,169,117
0,339,325
0,342,310
0,345,136
0,348,322
0,223,351
0,301,354
2,96
2,97
2
2,99
2,100
2
2,102
2,103
2
2,105
2,106
2
2,108
2,109
2
2,111
2,112
2
2,114
2,115
2
2,117
2,118
2
2,120
2,121
2
2,123
2,124
2
2,126
2,127
2
2,129
2,130
2
2,132
2,133
2
2,135
2,136
2
2,138
2,139
2
2,141
2,142
2
2,144
2,145
2
2,147
2,148
2
2,150
2,151
2
2,153
2,154
2
2,156
2,157
2
2,159
2,160
2
2,162
2,163
2
2,165
2,166
2
2,168
2,169
2
2,171
2,172
2
2,174
2,175
2
2,177
2,178
2
2,180
2,181
2
2,183
2,184
2
2,186
2,187
2
2,189
2,190
2
2,192
2,193
2
2,195
2,196
2
2,198
2,199
2
2,201
2,202
2
2,204
2,205
2
2,207
2,208
2
2,210
2,211
2
2,213
2,214
2
2,216
2,217
2
2,219
2,220
2
2,222
2,223
2
2,225
2,226
2
2,228
2,229
2
2,231
2,232
2
2,234
2,235
2
2,237
2,238
2
2,240
2,241
2
2,243
2,244
2
2,246
2,247
2
2,249
2,250
2
2,252
2,253
2
2,255
2,256
2
2,258
2,259
2
2,261
2,262
2
2,264
2,265
2
2,267
2,268
2
2,270
2,271
2
2,273
2,274
2
2,276
2,277
2
2,279
2,280
2
2,282
2,283
2
2,285
2,286
2
2,288
2,289
2
2,291
2,292
2
2,294
2,295
2
2,297
2,298
2
2,300
2,301
2
2,303
2,304
2
2,306
2,307
2
2,309
2,310
2
2,312
2,313
2
2,315
2,316
2
2,318
2,319
2
2,321
2,322
2
2,324
2,325
2
2,327
2,328
2
2,330
2,331
2
2,333
2,334
2
2,336
2,337
2
2,339
2,340
2
2,342
2,343
2
2,345
2,346
2
2,348
2,349
2
2,351
2,352
2
2,354
2,355
2
3,408,402,405,367,369
3,368,366,384,370,386,385,356,383
3,372,418,415,412
3,387,388,390,371,389,358
3,430,421,423,376
3,374,424,427
3,393,392,373,391,375,361,394,360,395
3,437,378,432,381,441
3,379,438,434
3,382,377,380,398,399,396,363,364,400,397
4,367
4
4,369
4
4
4,372
4
4,374
4
4,376
4
4,378
4,379
4
4,381
4
4
5,401
5,403
5,406
5,409
5,411
5,413
5,414
5,416
5,419
5,420
5,422
5,425
5,428
5,431
5,433
5,435
5,439
5,442
6,402
6
6,404
6,405
6
6,407
6,408
6
6,410
6
6,412
6
6
6,415
6
6,417
6,418
6
6
6,421
6
6,423
6,424
6
6,426
6,427
6
6,429
6,430
6
6,432
6
6,434
6
6,436
6,437
6,438
6
6,440
6,441
6
6,443
6
12,413,443,370,382,410,419
12,420,440,380,433,366,404,426,373,411
12,429,375,401,417,371,431
12,242,155,332,164,170,422,314,251,203,143,95,152,299,302,131,275,167,377,176,236,317,272,326,107,338,311,260,320,149,293,158,239,194,188,308,329,221,173,344,350,230,182,215,218,209,263,110,305,257,140,116,341,266,206,347,353,179,212,191,185,254,287,200,290,227,113,269,128,323,101,161,278,224,197,104,436,137,98,233,125,245,248,335,134,281,146,119,296,122,284
12,414,407,368