0
0,257,121
0,314,370
0,164,373
0,376,302
0,124,308
0,127,290
0,122,130
0,133,173
0,260,136
0,139
0,113
0,128,142
0,266,145
0,371
0,148
0,281,151
0,154
0,332,157
0,167
0,160,254
0,163,362
0,166,344
0,335,169
0,212,172
0,347,103
0,182,175
0,269,178
0,181,116
0,184,149
0,296,187
0,190,218
0,193,221
0,196,146
0,191,199
0,107,202
0,106
0,205,263
0,208,185
0,323,211
0,119,214
0,217,275
0,287,220
0,223,227
0,226,299
0
0,215,229
0,200,109
0,232
0,235,104
0,238,233
0,320,241
0,244,305
0,247,356
0,250,350
0,253,242
0,256
0,259,377
0,293
0,374,262
0,143,265
0,268,125
0,271,278
0,137
0,203,274
0,284,277
0,176
0,326,280
0,283
0,194,112
0,353,286
0,359,289
0,292,230
0,295,206
0,365,298
0,224,301
0,317
0,304,140
0,188,307
0,134,310
0,115,179
0,313,152
0,316,338
0,319
0,322,197
0,155,325
0,161,328
0,331,239
0,334,251
0,170,337
0,340,272
0,118,368
0,343,329
0,248,346
0,236
0,158,349
0,352,131
0,355,311
0,245,358
0,361,209
0,364,341
0,367,110
2,103
2,104
2
2,106
2,107
2
2,109
2,110
2
2,112
2,113
2
2,115
2,116
2
2,118
2,119
2
2,121
2,122
2
2,124
2,125
2
2,127
2,128
2
2,130
2,131
2
2,133
2,134
2
2,136
2,137
2
2,139
2,140
2
2,142
2,143
2
2,145
2,146
2
2,148
2,149
2
2,151
2,152
2
2,154
2,155
2
2,157
2,158
2
2,160
2,161
2
2,163
2,164
2
2,166
2,167
2
2,169
2,170
2
2,172
2,173
2
2,175
2,176
2
2,178
2,179
2
2,181
2,182
2
2,184
2,185
2
2,187
2,188
2
2,190
2,191
2
2,193
2,194
2
2,196
2,197
2
2,199
2,200
2
2,202
2,203
2
2,205
2,206
2
2,208
2,209
2
2,211
2,212
2
2,214
2,215
2
2,217
2,218
2
2,220
2,221
2
2,223
2,224
2
2,226
2,227
2
2,229
2,230
2
2,232
2,233
2
2,235
2,236
2
2,238
2,239
2
2,241
2,242
2
2,244
2,245
2
2,247
2,248
2
2,250
2,251
2
2,253
2,254
2
2,256
2,257
2
2,259
2,260
2
2,262
2,263
2
2,265
2,266
2
2,268
2,269
2
2,271
2,272
2
2,274
2,275
2
2,277
2,278
2
2,280
2,281
2
2,283
2,284
2
2,286
2,287
2
2,289
2,290
2
2,292
2,293
2
2,295
2,296
2
2,298
2,299
2
2,301
2,302
2
2,304
2,305
2
2,307
2,308
2
2,310
2,311
2
2,313
2,314
2
2,316
2,317
2
2,319
2,320
2
2,322
2,323
2
2,325
2,326
2
2,328
2,329
2
2,331
2,332
2
2,334
2,335
2
2,337
2,338
2
2,340
2,341
2
2,343
2,344
2
2,346
2,347
2
2,349
2,350
2
2,352
2,353
2
2,355
2,356
2
2,358
2,359
2
2,361
2,362
2
2,364
2,365
2
2,367
2,368
2
2,370
2,371
2
2,373
2,374
2
2,376
2,377
2
3,430,424,427,389,391
3,390,406,388,392,408,407,405,378
3,440,394,437,434
3,409,410,412,411,393,380
3,452,443,445,398
3,396,446,449
3,395,415,382,414,413,397,383,416,417
3,459,400,463,454,403
3,401,460,456
3,402,404,399,420,421,418,385,419,422,386
4,389
4
4,391
4
4
4,394
4
4,396
4
4,398
4
4,400
4,401
4
4,403
4
4
5,423
5,425
5,428
5,431
5,433
5,435
5,436
5,438
5,441
5,442
5,444
5,447
5,450
5,453
5,455
5,457
5,461
5,464
6,424
6
6,426
6,427
6
6,429
6,430
6
6,432
6
6,434
6
6
6,437
6
6,439
6,440
6
6
6,443
6
6,445
6,446
6
6,448
6,449
6
6,451
6,452
6
6,454
6
6,456
6
6,458
6,459
6,460
6
6,462
6,463
6
6,465
6
12,435,465,432,392,441,404
12,395,442,462,455,448,388,426,402,433
12,397,439,423,451,453,393
12,249,162,171,177,375,321,258,210,150,102,282,159,111,306,363,369,309,138,174,399,183,243,339,324,279,333,345,366,318,234,267,327,156,300,165,246,201,120,195,315,336,294,228,348,180,351,372,237,189,222,225,216,270,117,312,264,123,273,213,354,360,186,219,198,192,261,444,207,147,297,276,135,330,108,114,168,285,231,204,458,144,105,357,240,132,252,255,342,141,288,153,126,303,129,291
12,436,429,390