0,110,34
0,86
0,58,74
0,61,116
0,64
0,101,67
0,70,77
0,35,73
0,76
0,79
0,82
0,37,83
0,85,65
0,92
0,88,44
0,41,91
0,119,94
0,97,107
0,100,95
0,89
0,59,103
0,56,106
0,62,40
0,68,109
0,112,104
0,38,115
0,118,53
0,43,113
0,47
0,50,46
0,49,80
0,52,98
0,55,71
2,34
2,35
2
2,37
2,38
2
2,40
2,41
2
2,43
2,44
2
2,46
2,47
2
2,49
2,50
2
2,52
2,53
2
2,55
2,56
2
2,58
2,59
2
2,61
2,62
2
2,64
2,65
2
2,67
2,68
2
2,70
2,71
2
2,73
2,74
2
2,76
2,77
2
2,79
2,80
2
2,82
2,83
2
2,85
2,86
2
2,88
2,89
2
2,91
2,92
2
2,94
2,95
2
2,97
2,98
2
2,100
2,101
2
2,103
2,104
2
2,106
2,107
2
2,109
2,110
2
2,112
2,113
2
2,115
2,116
2
2,118
2,119
2
3,169,131,166,133,172
3,130,147,134,132,150,148,149,120
3,176,136,182,179
3,122,151,135,153,152,154
3,194,185,140,187
3,138,191,188
3,156,137,125,158,155,159,124,139,157
3,201,196,142,145,205
3,143,202,198
3,161,128,164,144,141,146,163,162,160,127
4,131
4
4,133
4
4
4,136
4
4,138
4
4,140
4
4,142
4,143
4
4,145
4
4
5,165
5,167
5,170
5,173
5,175
5,177
5,178
5,180
5,183
5,184
5,186
5,189
5,192
5,195
5,197
5,199
5,203
5,206
6,166
6
6,168
6,169
6
6,171
6,172
6
6,174
6
6,176
6
6
6,179
6
6,181
6,182
6
6
6,185
6
6,187
6,188
6
6,190
6,191
6
6,193
6,194
6
6,196
6
6,198
6
6,200
6,201
6,202
6
6,204
6,205
6
6,207
6
12,177,146,183,134,207,174
12,168,184,190,130,204,144,137,197,175
12,195,181,165,135,139,193
12,66,39,45,93,102,108,117,48,81,200,54,75,33,87,36,90,96,42,63,69,99,72,78,186,84,105,111,57,141,114,60,51
12,132,178,171