0,265,126
0,154
0,274,396
0,399,283
0,361,402
0,405,337
0,408,436
0,184,411
0,232,414
0,417
0,457,420
0,208
0,226
0,423,181
0,426
0,175,429
0,145,432
0,435,340
0,438,169
0,441,415
0,444,379
0,447
0,202,450
0,150,409
0,394
0,453,133
0,271
0,456,241
0,459,433
0,462
0,196,153
0,156,268
0,159
0,334,162
0,165
0,445,168
0,171,385
0,129
0,163,174
0,397
0,177,403
0,180,253
0,183,295
0,247,186
0,136,189
0,192,406
0,195,292
0,346,198
0,193,132
0,205,201
0,204,352
0,211,207
0,210,172
0,298,213
0,216,343
0,219
0,222,157
0,225,289
0,228,307
0,364,135
0,235,231
0,142,234
0,301
0,237,454
0,442,240
0,259,243
0,246,313
0,249,382
0,252,244
0,255,358
0,220,138
0,388,258
0,261,325
0,310
0,400,264
0,238,267
0,270,190
0,273,214
0,276,427
0,355
0,151
0,256,141
0,463,279
0,282,328
0,285,331
0,288,139
0,291,160
0,294,130
0,297,370
0,300,304
0,391,303
0,306,376
0,322,144
0,309,166
0,148,312
0,315,262
0,418
0,318
0,127,321
0,319,324
0,327,217
0,199,330
0,333
0,147,412
0,336,439
0,339,277
0,342,349
0,345,430
0,178,348
0,351,424
0,448,354
0,451,357
0,360,367
0,363,460
0,373
0,366,286
0,369,316
0,372,229
0,280,375
0,378,421
0,223,381
0,384,187
0,387
0,390
0,393,250
2,126
2,127
2
2,129
2,130
2
2,132
2,133
2
2,135
2,136
2
2,138
2,139
2
2,141
2,142
2
2,144
2,145
2
2,147
2,148
2
2,150
2,151
2
2,153
2,154
2
2,156
2,157
2
2,159
2,160
2
2,162
2,163
2
2,165
2,166
2
2,168
2,169
2
2,171
2,172
2
2,174
2,175
2
2,177
2,178
2
2,180
2,181
2
2,183
2,184
2
2,186
2,187
2
2,189
2,190
2
2,192
2,193
2
2,195
2,196
2
2,198
2,199
2
2,201
2,202
2
2,204
2,205
2
2,207
2,208
2
2,210
2,211
2
2,213
2,214
2
2,216
2,217
2
2,219
2,220
2
2,222
2,223
2
2,225
2,226
2
2,228
2,229
2
2,231
2,232
2
2,234
2,235
2
2,237
2,238
2
2,240
2,241
2
2,243
2,244
2
2,246
2,247
2
2,249
2,250
2
2,252
2,253
2
2,255
2,256
2
2,258
2,259
2
2,261
2,262
2
2,264
2,265
2
2,267
2,268
2
2,270
2,271
2
2,273
2,274
2
2,276
2,277
2
2,279
2,280
2
2,282
2,283
2
2,285
2,286
2
2,288
2,289
2
2,291
2,292
2
2,294
2,295
2
2,297
2,298
2
2,300
2,301
2
2,303
2,304
2
2,306
2,307
2
2,309
2,310
2
2,312
2,313
2
2,315
2,316
2
2,318
2,319
2
2,321
2,322
2
2,324
2,325
2
2,327
2,328
2
2,330
2,331
2
2,333
2,334
2
2,336
2,337
2
2,339
2,340
2
2,342
2,343
2
2,345
2,346
2
2,348
2,349
2
2,351
2,352
2
2,354
2,355
2
2,357
2,358
2
2,360
2,361
2
2,363
2,364
2
2,366
2,367
2
2,369
2,370
2
2,372
2,373
2
2,375
2,376
2
2,378
2,379
2
2,381
2,382
2
2,384
2,385
2
2,387
2,388
2
2,390
2,391
2
2,393
2,394
2
2,396
2,397
2
2,399
2,400
2
2,402
2,403
2
2,405
2,406
2
2,408
2,409
2
2,411
2,412
2
2,414
2,415
2
2,417
2,418
2
2,420
2,421
2
2,423
2,424
2
2,426
2,427
2
2,429
2,430
2
2,432
2,433
2
2,435
2,436
2
2,438
2,439
2
2,441
2,442
2
2,444
2,445
2
2,447
2,448
2
2,450
2,451
2
2,453
2,454
2
2,456
2,457
2
2,459
2,460
2
2,462
2,463
2
3,513,516,510,475,477
3,476,492,478,494,474,493,491,464
3,526,480,523,520
3,495,496,498,479,497,466
3,538,529,531,484
3,482,532,535
3,481,501,502,500,499,483,469,468,503
3,545,486,540,489,549
3,487,546,542
3,506,488,485,507,504,472,505,508,490,471
4,475
4
4,477
4
4
4,480
4
4,482
4
4,484
4
4,486
4,487
4
4,489
4
4
5,509
5,511
5,514
5,517
5,519
5,521
5,522
5,524
5,527
5,528
5,530
5,533
5,536
5,539
5,541
5,543
5,547
5,550
6,510
6
6,512
6,513
6
6,515
6,516
6
6,518
6
6,520
6
6
6,523
6
6,525
6,526
6
6
6,529
6
6,531
6,532
6
6,534
6,535
6
6,537
6,538
6
6,540
6
6,542
6
6,544
6,545
6,546
6
6,548
6,549
6
6,551
6
12,521,551,478,527,518,490
12,528,548,488,541,534,474,512,481,519
12,537,483,525,509,479,539
12,272,416,410,185,362,200,398,344,281,233,173,125,425,182,134,329,386,392,419,332,161,305,197,428,206,347,302,356,137,368,341,188,449,485,452,404,290,437,350,194,179,323,269,224,218,338,359,155,317,251,203,266,440,374,380,434,260,455,212,407,245,422,248,239,293,140,335,287,296,146,353,236,377,383,209,242,221,215,446,164,284,530,230,170,320,143,371,299,158,431,131,191,308,443,395,254,389,227,458,544,167,128,257,401,263,275,278,365,311,176,149,326,152,314,461,413
12,522,515,476