0,36
0,60,55
0,63,103
0,66,106
0,115
0,69,109
0,72,70
0,79
0,75,82
0,100,78
0
0,39,88
0,85
0,94
0,61,81
0,40,84
0,87,64
0,76,90
0,67,93
0,46,96
0,99
0,43,102
0,73,42
0,52,105
0
0,37,108
0,97,111
0,114,118
0,112,117
0,45,49
0,91
0,48,58
0,51
0,54
0,57
2,36
2,37
2
2,39
2,40
2
2,42
2,43
2
2,45
2,46
2
2,48
2,49
2
2,51
2,52
2
2,54
2,55
2
2,57
2,58
2
2,60
2,61
2
2,63
2,64
2
2,66
2,67
2
2,69
2,70
2
2,72
2,73
2
2,75
2,76
2
2,78
2,79
2
2,81
2,82
2
2,84
2,85
2
2,87
2,88
2
2,90
2,91
2
2,93
2,94
2
2,96
2,97
2
2,99
2,100
2
2,102
2,103
2
2,105
2,106
2
2,108
2,109
2
2,111
2,112
2
2,114
2,115
2
2,117
2,118
2
3,168,130,165,171,132
3,129,131,146,147,133,149,148,119
3,175,135,181,178
3,150,134,152,151,153,121
3,193,184,139,186
3,137,190,187
3,155,136,124,154,157,123,158,138,156
3,200,195,141,144,204
3,142,201,197
3,160,127,143,159,161,163,162,145,140,126
4,130
4
4,132
4
4
4,135
4
4,137
4
4,139
4
4,141
4,142
4
4,144
4
4
5,164
5,166
5,169
5,172
5,174
5,176
5,177
5,179
5,182
5,183
5,185
5,188
5,191
5,194
5,196
5,198
5,202
5,205
6,165
6
6,167
6,168
6
6,170
6,171
6
6,173
6
6,175
6
6
6,178
6
6,180
6,181
6
6
6,184
6
6,186
6,187
6
6,189
6,190
6
6,192
6,193
6
6,195
6
6,197
6
6,199
6,200
6,201
6
6,203
6,204
6
6,206
6
12,176,182,206,145,173,133
12,167,183,189,129,203,143,136,196,174
12,194,134,192,164,138,180
12,101,68,95,47,104,50,83,199,56,77,35,89,38,92,98,44,65,41,71,110,74,80,185,86,107,113,59,140,116,62,53
12,177,131,170