0,309,137
0,155,339
0,378
0,401,390
0
0,171,404
0,407,222
0,396,410
0,413,459
0,416,156
0,419,201
0,192,422
0,402,158
0,425
0,428,486
0,177,431
0,434,492
0,369,437
0,228,440
0,288
0,144,443
0,213,446
0,453,449
0,161,426
0,452,318
0,455,399
0,312,458
0,414,461
0,207,464
0
0,282,467
0,470
0,417,473
0,138,476
0,489,164
0,479,381
0,482
0,485,195
0,488
0,330
0,491,294
0,273,494
0,168
0,219,167
0,170,468
0,173,258
0,176,405
0,477,179
0,198
0,182,276
0,384,185
0,188,435
0,441,191
0,252,194
0,197,375
0,336,200
0,203,357
0
0,495,206
0,140,225
0,153,209
0,411,212
0,423
0,215,246
0,438,218
0,285,221
0,447,224
0,333,227
0,230,147
0,233,243
0,143,165
0,236,159
0,239,321
0
0,480,242
0,245
0,471,248
0,251
0,254,450
0,216,257
0,444,260
0,372
0,263
0,408
0,266,210
0,237,269
0,300,272
0,275,174
0,240,278
0,306,281
0,327,284
0,287
0,279
0,420,290
0,293,255
0,432
0,291
0,296,354
0,186
0,474,299
0,302,465
0,305
0,308,363
0,146,315
0,303,311
0,314,189
0,317,462
0,320,393
0,323
0,326,270
0,141,329
0,332,429
0,297,335
0,338,345
0,149,261
0,341,267
0,351,344
0,347
0,456,350
0,353
0,150,356
0,359,387
0,362,249
0,204,365
0,368,360
0,152,183
0,324,371
0,374,234
0,377,180
0,380,264
0,348,383
0,231,386
0,389,483
0,392,366
0,342,395
0,398,162
2,137
2,138
2
2,140
2,141
2
2,143
2,144
2
2,146
2,147
2
2,149
2,150
2
2,152
2,153
2
2,155
2,156
2
2,158
2,159
2
2,161
2,162
2
2,164
2,165
2
2,167
2,168
2
2,170
2,171
2
2,173
2,174
2
2,176
2,177
2
2,179
2,180
2
2,182
2,183
2
2,185
2,186
2
2,188
2,189
2
2,191
2,192
2
2,194
2,195
2
2,197
2,198
2
2,200
2,201
2
2,203
2,204
2
2,206
2,207
2
2,209
2,210
2
2,212
2,213
2
2,215
2,216
2
2,218
2,219
2
2,221
2,222
2
2,224
2,225
2
2,227
2,228
2
2,230
2,231
2
2,233
2,234
2
2,236
2,237
2
2,239
2,240
2
2,242
2,243
2
2,245
2,246
2
2,248
2,249
2
2,251
2,252
2
2,254
2,255
2
2,257
2,258
2
2,260
2,261
2
2,263
2,264
2
2,266
2,267
2
2,269
2,270
2
2,272
2,273
2
2,275
2,276
2
2,278
2,279
2
2,281
2,282
2
2,284
2,285
2
2,287
2,288
2
2,290
2,291
2
2,293
2,294
2
2,296
2,297
2
2,299
2,300
2
2,302
2,303
2
2,305
2,306
2
2,308
2,309
2
2,311
2,312
2
2,314
2,315
2
2,317
2,318
2
2,320
2,321
2
2,323
2,324
2
2,326
2,327
2
2,329
2,330
2
2,332
2,333
2
2,335
2,336
2
2,338
2,339
2
2,341
2,342
2
2,344
2,345
2
2,347
2,348
2
2,350
2,351
2
2,353
2,354
2
2,356
2,357
2
2,359
2,360
2
2,362
2,363
2
2,365
2,366
2
2,368
2,369
2
2,371
2,372
2
2,374
2,375
2
2,377
2,378
2
2,380
2,381
2
2,383
2,384
2
2,386
2,387
2
2,389
2,390
2
2,392
2,393
2
2,395
2,396
2
2,398
2,399
2
2,401
2,402
2
2,404
2,405
2
2,407
2,408
2
2,410
2,411
2
2,413
2,414
2
2,416
2,417
2
2,419
2,420
2
2,422
2,423
2
2,425
2,426
2
2,428
2,429
2
2,431
2,432
2
2,434
2,435
2
2,437
2,438
2
2,440
2,441
2
2,443
2,444
2
2,446
2,447
2
2,449
2,450
2
2,452
2,453
2
2,455
2,456
2
2,458
2,459
2
2,461
2,462
2
2,464
2,465
2
2,467
2,468
2
2,470
2,471
2
2,473
2,474
2
2,476
2,477
2
2,479
2,480
2
2,482
2,483
2
2,485
2,486
2
2,488
2,489
2
2,491
2,492
2
2,494
2,495
2
3,507,542,548,545,509
3,508,526,506,524,510,525,523,496
3,512,558,555,552
3,527,529,530,528,511,498
3,561,570,563,516
3,564,514,567
3,533,500,532,513,531,515,534,501,535
3,577,518,581,572,521
3,519,578,574
3,538,517,522,539,540,503,537,504,520,536
4,507
4
4,509
4
4
4,512
4
4,514
4
4,516
4
4,518
4,519
4
4,521
4
4
5,541
5,543
5,546
5,549
5,551
5,553
5,554
5,556
5,559
5,560
5,562
5,565
5,568
5,571
5,573
5,575
5,579
5,582
6,542
6
6,544
6,545
6
6,547
6,548
6
6,550
6
6,552
6
6
6,555
6
6,557
6,558
6
6
6,561
6
6,563
6,564
6
6,566
6,567
6
6,569
6,570
6
6,572
6
6,574
6
6,576
6,577
6,578
6
6,580
6,581
6
6,583
6
12,553,583,550,510,559,522
12,560,580,520,573,566,506,544,551,513
12,569,541,515,557,571,511
12,283,478,427,481,487,421,196,373,205,211,409,355,292,244,184,136,436,193,145,340,397,403,430,343,172,490,316,433,493,208,217,277,358,439,304,576,313,367,148,379,400,352,460,463,415,301,448,361,190,334,199,280,235,229,349,328,262,214,451,391,412,271,466,223,418,256,259,250,151,346,298,157,307,247,388,394,220,253,232,226,457,370,295,241,181,331,268,154,382,310,169,364,442,142,202,319,454,160,406,265,469,517,475,178,385,139,274,166,286,484,289,376,445,175,322,562,238,187,337,163,325,472,424
12,554,547,508