0,61,107
0,82,152
0,68,85
0,88,176
0,158,91
0,94,143
0,128
0,97,92
0,170
0,134,100
0,110,103
0,173,64
0,106
0,215,109
0,112,161
0,104,115
0,118,206
0,121
0,62,124
0,127,116
0
0,131
0,203,67
0,155,130
0,133,185
0,136,182
0,139,95
0,122,142
0,80,145
0,148,188
0,113,151
0,154,197
0,157,137
0,119,70
0,194,160
0,163,77
0,166,89
0,83,169
0,172
0,175,149
0,178,71
0,181,167
0,184,74
0
0,73,209
0,187
0,200,190
0,125,193
0,212,196
0,146,199
0,202,191
0,205,140
0,208,86
0,211
0,164,214
0,179
0,217,65
0,218,76
0,79,98
0,101
2,61
2,62
2
2,64
2,65
2
2,67
2,68
2
2,70
2,71
2
2,73
2,74
2
2,76
2,77
2
2,79
2,80
2
2,82
2,83
2
2,85
2,86
2
2,88
2,89
2
2,91
2,92
2
2,94
2,95
2
2,97
2,98
2
2,100
2,101
2
2,103
2,104
2
2,106
2,107
2
2,109
2,110
2
2,112
2,113
2
2,115
2,116
2
2,118
2,119
2
2,121
2,122
2
2,124
2,125
2
2,127
2,128
2
2,130
2,131
2
2,133
2,134
2
2,136
2,137
2
2,139
2,140
2
2,142
2,143
2
2,145
2,146
2
2,148
2,149
2
2,151
2,152
2
2,154
2,155
2
2,157
2,158
2
2,160
2,161
2
2,163
2,164
2
2,166
2,167
2
2,169
2,170
2
2,172
2,173
2
2,175
2,176
2
2,178
2,179
2
2,181
2,182
2
2,184
2,185
2
2,187
2,188
2
2,190
2,191
2
2,193
2,194
2
2,196
2,197
2
2,199
2,200
2
2,202
2,203
2
2,205
2,206
2
2,208
2,209
2
2,211
2,212
2
2,214
2,215
2
2,217
2,218
2
3,271,265,268,230,232
3,231,229,247,233,249,248,246,219
3,235,281,278,275
3,250,251,253,234,252,221
3,286,293,284,239
3,237,287,290
3,256,255,254,236,238,224,257,223,258
3,300,241,304,295,244
3,242,301,297
3,245,240,261,262,259,263,260,227,243,226
4,230
4
4,232
4
4
4,235
4
4,237
4
4,239
4
4,241
4,242
4
4,244
4
4
5,264
5,266
5,269
5,272
5,274
5,276
5,277
5,279
5,282
5,283
5,285
5,288
5,291
5,294
5,296
5,298
5,302
5,305
6,265
6
6,267
6,268
6
6,270
6,271
6
6,273
6
6,275
6
6
6,278
6
6,280
6,281
6
6
6,284
6
6,286
6,287
6
6,289
6,290
6
6,292
6,293
6
6,295
6
6,297
6
6,299
6,300
6,301
6
6,303
6,304
6
6,306
6
12,276,306,233,282,245,273
12,283,303,296,243,289,229,267,236,274
12,292,234,238,280,264,294
12,207,120,129,135,216,168,108,60,69,96,132,240,141,201,72,114,123,204,159,153,285,186,210,195,147,180,183,174,75,81,171,144,177,156,150,165,105,192,78,93,138,66,126,117,189,162,299,102,63,198,90,213,99,111,84,87
12,277,270,231