0,183,74
0,98,126
0,101,153
0,104,168
0,198
0,231,107
0,110,177
0,113,228
0,84,116
0,207,119
0,122,249
0,258,77
0,156,125
0,75,128
0,131,150
0,117,134
0,137,108
0,140,273
0,143,171
0,146,186
0,149
0,195,152
0,102,80
0,155,201
0,158,93
0,161,105
0,237,164
0,144,167
0,170
0,173,90
0,176,99
0,81,179
0,182,180
0,138,83
0,174
0,135,185
0,234,188
0,191,246
0,87,194
0,132,197
0,141
0,200,204
0,264
0,203,225
0,219,86
0,206,165
0,209,159
0,212,129
0,215
0,218
0,252,221
0,224,162
0,255
0,227,240
0,216,230
0,114,89
0,96,233
0,236
0,239,192
0,267,242
0,245
0,248,78
0,270,251
0,210,254
0,243,257
0,147,260
0,92,123
0,263,111
0,266,120
0,269,213
0,222,272
0,95,261
0,189
2,74
2,75
2
2,77
2,78
2
2,80
2,81
2
2,83
2,84
2
2,86
2,87
2
2,89
2,90
2
2,92
2,93
2
2,95
2,96
2
2,98
2,99
2
2,101
2,102
2
2,104
2,105
2
2,107
2,108
2
2,110
2,111
2
2,113
2,114
2
2,116
2,117
2
2,119
2,120
2
2,122
2,123
2
2,125
2,126
2
2,128
2,129
2
2,131
2,132
2
2,134
2,135
2
2,137
2,138
2
2,140
2,141
2
2,143
2,144
2
2,146
2,147
2
2,149
2,150
2
2,152
2,153
2
2,155
2,156
2
2,158
2,159
2
2,161
2,162
2
2,164
2,165
2
2,167
2,168
2
2,170
2,171
2
2,173
2,174
2
2,176
2,177
2
2,179
2,180
2
2,182
2,183
2
2,185
2,186
2
2,188
2,189
2
2,191
2,192
2
2,194
2,195
2
2,197
2,198
2
2,200
2,201
2
2,203
2,204
2
2,206
2,207
2
2,209
2,210
2
2,212
2,213
2
2,215
2,216
2
2,218
2,219
2
2,221
2,222
2
2,224
2,225
2
2,227
2,228
2
2,230
2,231
2
2,233
2,234
2
2,236
2,237
2
2,239
2,240
2
2,242
2,243
2
2,245
2,246
2
2,248
2,249
2
2,251
2,252
2
2,254
2,255
2
2,257
2,258
2
2,260
2,261
2
2,263
2,264
2
2,266
2,267
2
2,269
2,270
2
2,272
2,273
2
3,326,320,323,285,287
3,286,284,302,288,304,303,301,274
3,336,290,333,330
3,305,306,308,289,307,276
3,339,348,341,294
3,292,342,345
3,311,310,291,309,293,279,312,278,313
3,355,296,359,350,299
3,297,356,352
3,316,295,317,314,281,318,315,282,298,300
4,285
4
4,287
4
4
4,290
4
4,292
4
4,294
4
4,296
4,297
4
4,299
4
4
5,319
5,321
5,324
5,327
5,329
5,331
5,332
5,334
5,337
5,338
5,340
5,343
5,346
5,349
5,351
5,353
5,357
5,360
6,320
6
6,322
6,323
6
6,325
6,326
6
6,328
6
6,330
6
6
6,333
6
6,335
6,336
6
6
6,339
6
6,341
6,342
6
6,344
6,345
6
6,347
6,348
6
6,350
6
6,352
6
6,354
6,355
6,356
6
6,358
6,359
6
6,361
6
12,331,361,288,337,300,328
12,338,358,351,298,344,284,322,291,329
12,347,293,319,335,349,289
12,220,133,142,148,229,181,121,73,130,82,109,253,145,256,295,154,214,250,85,238,217,127,271,136,172,166,265,199,151,208,160,193,196,187,241,88,235,94,244,184,157,190,169,163,232,340,178,118,268,205,91,247,106,79,139,202,175,354,115,76,211,103,223,226,112,259,124,97,100,262
12,332,325,286