0,102
0,122,354
0,125
0,128,207
0,131,129
0,222,134
0,137,312
0,140
0,147
0,143,165
0,153,146
0,98,318
0,126,149
0,171,152
0,155,291
0,300,158
0,161,237
0,164,357
0,167,219
0,170,162
0,173,123
0,234,176
0,101,156
0,179
0,303,182
0,243,185
0,267,188
0,264,191
0,194,105
0,197
0,200,198
0,111
0,249,203
0,104,294
0,261,206
0,209
0,212
0,215
0,132,218
0,186,221
0,224,150
0,227,258
0,159,230
0,233,141
0,107,189
0,210,236
0,213,239
0,270,242
0,192,245
0,248,216
0,251
0,180
0,117,254
0,257,195
0,168
0,120,110
0,348,260
0,138
0,263,276
0,266,201
0,228,269
0,272,339
0,275,297
0,360,278
0,135,281
0,99,284
0,240,113
0,287,285
0,336,290
0,306,293
0,288,296
0,299,246
0,342,302
0,305,273
0,333,308
0,311,309
0,327
0,116,231
0,321,314
0,317
0,282
0,279,320
0,252,323
0,255,326
0,144,329
0,332,330
0,351,335
0,114,338
0,204,119
0,341,345
0,324
0,225,344
0,177,347
0,350,174
0,353,315
0,108,356
0,183,359
2,98
2,99
2
2,101
2,102
2
2,104
2,105
2
2,107
2,108
2
2,110
2,111
2
2,113
2,114
2
2,116
2,117
2
2,119
2,120
2
2,122
2,123
2
2,125
2,126
2
2,128
2,129
2
2,131
2,132
2
2,134
2,135
2
2,137
2,138
2
2,140
2,141
2
2,143
2,144
2
2,146
2,147
2
2,149
2,150
2
2,152
2,153
2
2,155
2,156
2
2,158
2,159
2
2,161
2,162
2
2,164
2,165
2
2,167
2,168
2
2,170
2,171
2
2,173
2,174
2
2,176
2,177
2
2,179
2,180
2
2,182
2,183
2
2,185
2,186
2
2,188
2,189
2
2,191
2,192
2
2,194
2,195
2
2,197
2,198
2
2,200
2,201
2
2,203
2,204
2
2,206
2,207
2
2,209
2,210
2
2,212
2,213
2
2,215
2,216
2
2,218
2,219
2
2,221
2,222
2
2,224
2,225
2
2,227
2,228
2
2,230
2,231
2
2,233
2,234
2
2,236
2,237
2
2,239
2,240
2
2,242
2,243
2
2,245
2,246
2
2,248
2,249
2
2,251
2,252
2
2,254
2,255
2
2,257
2,258
2
2,260
2,261
2
2,263
2,264
2
2,266
2,267
2
2,269
2,270
2
2,272
2,273
2
2,275
2,276
2
2,278
2,279
2
2,281
2,282
2
2,284
2,285
2
2,287
2,288
2
2,290
2,291
2
2,293
2,294
2
2,296
2,297
2
2,299
2,300
2
2,302
2,303
2
2,305
2,306
2
2,308
2,309
2
2,311
2,312
2
2,314
2,315
2
2,317
2,318
2
2,320
2,321
2
2,323
2,324
2
2,326
2,327
2
2,329
2,330
2
2,332
2,333
2
2,335
2,336
2
2,338
2,339
2
2,341
2,342
2
2,344
2,345
2
2,347
2,348
2
2,350
2,351
2
2,353
2,354
2
2,356
2,357
2
2,359
2,360
2
3,413,407,410,372,374
3,373,371,389,375,391,390,361,388
3,423,420,377,417
3,392,395,393,376,394,363
3,435,426,428,381
3,379,429,432
3,398,397,378,380,366,396,399,365,400
3,442,383,446,437,386
3,384,443,439
3,387,382,403,404,401,368,405,402,369,385
4,372
4
4,374
4
4
4,377
4
4,379
4
4,381
4
4,383
4,384
4
4,386
4
4
5,406
5,408
5,411
5,414
5,416
5,418
5,419
5,421
5,424
5,425
5,427
5,430
5,433
5,436
5,438
5,440
5,444
5,447
6,407
6
6,409
6,410
6
6,412
6,413
6
6,415
6
6,417
6
6
6,420
6
6,422
6,423
6
6
6,426
6
6,428
6,429
6
6,431
6,432
6
6,434
6,435
6
6,437
6
6,439
6
6,441
6,442
6,443
6
6,445
6,446
6
6,448
6
12,418,375,448,387,415,424
12,445,385,438,431,371,409,378,425,416
12,434,380,406,422,376,436
12,244,157,334,166,172,427,253,205,145,97,154,106,301,358,304,133,277,169,382,178,238,319,274,109,313,262,322,151,295,328,160,241,196,190,310,331,289,223,175,316,346,352,232,184,217,220,211,112,307,259,118,343,268,208,349,355,181,214,193,187,256,202,142,292,229,115,271,130,325,103,163,280,340,226,199,441,139,121,100,235,127,247,250,337,136,283,148,265,298,124,286
12,419,412,373