0,36
0
0
0
0
0
0
0
0
0
0
0
0
0
0
0
0
0,39
0,42
0,45
0,48
0,51
0,54
0,57
0,60
0,40
0,58
0,37
0,49
0
0,52
0,55,43,46
0
0,61
0
2,36
2,37
2
2,39
2,40
2
2,42
2,43
2
2,45
2,46
2
2,48
2,49
2
2,51
2,52
2
2,54
2,55
2
2,57
2,58
2
2,60
2,61
2
3,185,96,91,182
3,100,92,183,89
3,186,88,98,189,94
3,166,63,168,95,97,93,87,62,99,64,90,167
3,105,108,195,192
3,112,196,103
3,102,198,193,110,106
3,111,170,104,66,101,67,109,171,169,107,68
3,117,129
3,125,120,115,202
3,127,205,121
3,114,123,204,201,118
3,122,116,124,113,173,72,128,70,73,119,172,71,126
3,132,141,209,135
3,211,208,134,137
3,139,131,212
3,138,130,77,136,175,140,75,133,76,174
3,144,153,219
3,218,215,146,149
3,143,147,151,216
3,148,142,150,79,81,145,177,152,176,80
3,161,225,155,222
3,158,223,163,156
3,165,159,226
3,157,84,164,83,179,178,85,160,154,162
4,88
4,89
4
4,91
4,92
4
4,94
4
4,96
4
4,98
4
4,100
4
4,102
4,103
4
4,105
4,106
4
4,108
4
4,110
4
4,112
4
4,114
4,115
4
4,117
4,118
4
4,120
4,121
4
4,123
4
4,125
4
4,127
4
4,129
4
4,131
4,132
4
4,134
4,135
4
4,137
4
4,139
4
4,141
4
4,143
4,144
4
4,146
4,147
4
4,149
4
4,151
4
4,153
4
4,155
4,156
4
4,158
4,159
4
4,161
4
4,163
4
4,165
4
5,180
5,184
5,187
5,190
5,194
5,197
5,199
5,203
5,206
5,210
5,213
5,217
5,220
5,224
6,181
6,182
6,183
6
6,185
6,186
6
6,188
6,189
6
6,191
6,192
6,193
6
6,195
6,196
6
6,198
6
6,200
6,201
6,202
6
6,204
6,205
6
6,207
6,208
6,209
6
6,211
6,212
6
6,214
6,215
6,216
6
6,218
6,219
6
6,221
6,222
6,223
6
6,225
6,226
6
12,35,224,44,181,207,59,200,133,53,38,142,87,217,154,50,194,221,47,203,101,41,56,130,113,90
12,104,116,191,184
12,197,188,93
12,210,214,145
12,119
12,157
12,128,95,107,160
12
12,140,124,164,111,126,152,162,99
12,136,148
12,109,150,97,122,138