0,44
0
0
0
0
0
0
0
0
0
0
0
0
0
0
0
0
0
0,53
0,80
0,83
0,86
0,56
0,59
0,62
0,65
0,68
0,71
0,74
0,77
0,84,78
0,66,87,60,75
0,45
0
0
0,54,72
0,48,57,51,69
0,81
0,63
0
0,47
0,50
0
2,44
2,45
2
2,47
2,48
2
2,50
2,51
2
2,53
2,54
2
2,56
2,57
2
2,59
2,60
2
2,62
2,63
2
2,65
2,66
2
2,68
2,69
2
2,71
2,72
2
2,74
2,75
2
2,77
2,78
2
2,80
2,81
2
2,83
2,84
2
2,86
2,87
2
3,117,208,211,122
3,126,118,115,209
3,114,215,120,212,124
3,89,125,116,192,119,90,88,193,113,194,123,121
3,134,221,131,218
3,138,129,222
3,132,128,136,219,224
3,135,92,93,133,137,196,197,195,94,130,127
3,143,155
3,228,151,141,146
3,231,153,147
3,227,230,144,140,149
3,148,142,97,152,199,154,99,139,198,150,98,96,145
3,167,158,161,235
3,163,160,237,234
3,165,157,238
3,156,162,164,200,101,201,103,166,159,102
3,179,245,170
3,241,172,244,175
3,242,173,169,177
3,168,105,178,106,176,171,174,203,107,202
3,248,251,181,187
3,182,249,189,184
3,252,185,191
3,110,205,111,183,186,188,204,180,190,109
4,114
4,115
4
4,117
4,118
4
4,120
4
4,122
4
4,124
4
4,126
4
4,128
4,129
4
4,131
4,132
4
4,134
4
4,136
4
4,138
4
4,140
4,141
4
4,143
4,144
4
4,146
4,147
4
4,149
4
4,151
4
4,153
4
4,155
4
4,157
4,158
4
4,160
4,161
4
4,163
4
4,165
4
4,167
4
4,169
4,170
4
4,172
4,173
4
4,175
4
4,177
4
4,179
4
4,181
4,182
4
4,184
4,185
4
4,187
4
4,189
4
4,191
4
5,206
5,210
5,213
5,216
5,220
5,223
5,225
5,229
5,232
5,236
5,239
5,243
5,246
5,250
6,207
6,208
6,209
6
6,211
6,212
6
6,214
6,215
6
6,217
6,218
6,219
6
6,221
6,222
6
6,224
6
6,226
6,227
6,228
6
6,230
6,231
6
6,233
6,234
6,235
6
6,237
6,238
6
6,240
6,241
6,242
6
6,244
6,245
6
6,247
6,248
6,249
6
6,251
6,252
6
12,226,233,70,247,127,64,156,73,207,67,61,79,168,229,43,76,159,46,113,243,55,82,58,220,180,139,116,250,52,85,49
12,142,130,217,210
12,223,214,119
12,240,236,171
12,145
12,183
12,186,121,133,154
12
12,152,188,150,190,137,178,166,125
12,174,162
12,176,164,123,135,148