0,81
0
0
0
0
0
0
0
0
0
0
0
0
0
0
0
0
0
0
0
0
0
0
0
0
0
0
0
0
0
0
0
0
0
0
0
0
0
0
0
0
0
0
0
0
0
0,87
0,114
0,90
0,93
0,96
0,99
0,102
0,105
0,108
0,111
0
0
0,88
0,115,112
0
0
0
0,94
0
0,91
0
0,85
0
0,106
0,97
0
0,109
0,82,100
0
0,103
0
0
0
0,84
2,81
2,82
2
2,84
2,85
2
2,87
2,88
2
2,90
2,91
2
2,93
2,94
2
2,96
2,97
2
2,99
2,100
2
2,102
2,103
2
2,105
2,106
2
2,108
2,109
2
2,111
2,112
2
2,114
2,115
2
3,239,150,145,236
3,154,146,237,143
3,240,152,243,148,142
3,222,149,117,147,141,151,116,153,118,220,144,221
3,159,162,246,249
3,166,157,250
3,156,252,247,164,160
3,165,224,158,120,155,121,225,163,223,161,122
3,183,171
3,179,174,169,256
3,181,175,259
3,168,172,177,258,255
3,176,170,178,167,227,126,182,124,127,180,173,226,125
3,186,195,189,263
3,265,262,188,191
3,193,185,266
3,192,184,228,131,190,229,194,130,129,187
3,198,273,207
3,272,269,200,203
3,201,205,197,270
3,202,196,204,133,135,199,231,206,230,134
3,279,276,209,215
3,212,210,277,217
3,219,213,280
3,211,138,218,137,233,232,139,214,208,216
4,142
4,143
4
4,145
4,146
4
4,148
4
4,150
4
4,152
4
4,154
4
4,156
4,157
4
4,159
4,160
4
4,162
4
4,164
4
4,166
4
4,168
4,169
4
4,171
4,172
4
4,174
4,175
4
4,177
4
4,179
4
4,181
4
4,183
4
4,185
4,186
4
4,188
4,189
4
4,191
4
4,193
4
4,195
4
4,197
4,198
4
4,200
4,201
4
4,203
4
4,205
4
4,207
4
4,209
4,210
4
4,212
4,213
4
4,215
4
4,217
4
4,219
4
5,234
5,238
5,241
5,244
5,248
5,251
5,253
5,257
5,260
5,264
5,267
5,271
5,274
5,278
6,235
6,236
6,237
6
6,239
6,240
6
6,242
6,243
6
6,245
6,246
6,247
6
6,249
6,250
6
6,252
6
6,254
6,255
6,256
6
6,258
6,259
6
6,261
6,262
6,263
6
6,265
6,266
6
6,268
6,269
6,270
6
6,272
6,273
6
6,275
6,276
6,277
6
6,279
6,280
6
12,278,89,235,261,104,254,80,98,113,83,196,141,271,107,208,92,95,248,275,187,110,257,155,86,101,184,167,144
12,158,170,245,238
12,251,242,147
12,264,268,199
12,173
12,211
12,182,149,161,214
12
12,194,178,218,180,216,206,165,153
12,190,202
12,163,192,204,151,176