0,87
0
0
0
0
0
0
0
0
0
0
0
0
0
0
0
0
0
0
0
0
0
0
0
0
0
0
0
0
0
0
0
0
0
0
0
0
0
0
0
0
0
0
0
0
0
0,93
0,120
0,123
0,126
0,129
0,132
0,135
0,138
0,96
0,99
0,102
0,105
0,108
0,111
0,114
0,117
0
0
0,94
0,118,121,133
0
0,127
0
0,100,124
0,130
0,97
0
0,91
0
0,139,112
0,103
0
0,115
0,88,106
0
0,109
0
0,136
0
0,90
2,87
2,88
2
2,90
2,91
2
2,93
2,94
2
2,96
2,97
2
2,99
2,100
2
2,102
2,103
2
2,105
2,106
2
2,108
2,109
2
2,111
2,112
2
2,114
2,115
2
2,117
2,118
2
2,120
2,121
2
2,123
2,124
2
2,126
2,127
2
2,129
2,130
2
2,132
2,133
2
2,135
2,136
2
2,138
2,139
2
3,169,260,263,174
3,178,167,170,261
3,267,166,172,264,176
3,141,173,177,168,244,171,142,140,245,165,175,246
3,183,186,273,270
3,181,190,274
3,184,180,188,271,276
3,187,248,144,145,185,189,249,247,146,182,179
3,195,207
3,280,203,193,198
3,283,205,199
3,279,282,201,196,192
3,194,149,200,204,251,191,206,151,250,202,150,148,197
3,219,210,287,213
3,215,212,289,286
3,217,209,290
3,208,214,216,252,153,253,155,218,211,154
3,231,297,222
3,293,224,296,227
3,294,225,221,229
3,220,157,230,158,228,223,226,255,159,254
3,300,303,233,239
3,234,301,241,236
3,304,237,243
3,162,242,163,235,238,240,256,232,257,161
4,166
4,167
4
4,169
4,170
4
4,172
4
4,174
4
4,176
4
4,178
4
4,180
4,181
4
4,183
4,184
4
4,186
4
4,188
4
4,190
4
4,192
4,193
4
4,195
4,196
4
4,198
4,199
4
4,201
4
4,203
4
4,205
4
4,207
4
4,209
4,210
4
4,212
4,213
4
4,215
4
4,217
4
4,219
4
4,221
4,222
4
4,224
4,225
4
4,227
4
4,229
4
4,231
4
4,233
4,234
4
4,236
4,237
4
4,239
4
4,241
4
4,243
4
5,258
5,262
5,265
5,268
5,272
5,275
5,277
5,281
5,284
5,288
5,291
5,295
5,298
5,302
6,259
6,260
6,261
6
6,263
6,264
6
6,266
6,267
6
6,269
6,270
6,271
6
6,273
6,274
6
6,276
6
6,278
6,279
6,280
6
6,282
6,283
6
6,285
6,286
6,287
6
6,289
6,290
6
6,292
6,293
6,294
6
6,296
6,297
6
6,299
6,300
6,301
6
6,303
6,304
6
12,278,285,86,113,134,137,299,179,107,116,208,259,110,104,122,220,281,119,89,165,295,98,125,101,272,232,211,191,168,302,95,128,131,92
12,182,194,269,262
12,275,266,171
12,292,288,223
12,197
12,235
12,238,173,185,206
12
12,204,240,202,242,189,230,218,177
12,226,214
12,228,216,175,187,200