0,91
0
0
0
0
0
0
0
0
0
0
0
0
0
0
0
0
0
0
0
0
0
0
0
0
0
0
0
0
0
0
0
0
0
0
0
0
0
0
0
0
0
0
0
0
0
0,97
0,124
0,127
0,130
0,133
0,136
0,139
0,142
0,145
0,148
0,151
0,100
0,154
0,103
0,106
0,109
0,112
0,115
0,118
0,121
0
0
0,98
0,122,125,137
0
0,131
0
0,104,128
0,134
0,101
0,146
0,95
0,155
0,143,116
0,107
0
0,119
0,92,110
0,152
0,113
0
0,140
0,149
0,94
2,91
2,92
2
2,94
2,95
2
2,97
2,98
2
2,100
2,101
2
2,103
2,104
2
2,106
2,107
2
2,109
2,110
2
2,112
2,113
2
2,115
2,116
2
2,118
2,119
2
2,121
2,122
2
2,124
2,125
2
2,127
2,128
2
2,130
2,131
2
2,133
2,134
2
2,136
2,137
2
2,139
2,140
2
2,142
2,143
2
2,145
2,146
2
2,148
2,149
2
2,151
2,152
2
2,154
2,155
2
3,185,276,279,190
3,194,183,186,277
3,283,182,188,280,192
3,157,189,193,184,260,187,158,156,261,181,191,262
3,199,202,289,286
3,197,206,290
3,200,196,204,287,292
3,203,264,160,161,201,205,265,263,162,198,195
3,211,223
3,296,219,209,214
3,299,221,215
3,295,217,298,212,208
3,210,165,216,220,267,207,167,266,222,218,166,164,213
3,235,226,229,303
3,231,228,305,302
3,233,225,306
3,224,230,232,268,169,269,171,234,227,170
3,247,313,238
3,309,240,312,243
3,310,241,237,245
3,236,173,246,174,244,239,242,271,175,270
3,316,319,249,255
3,250,317,257,252
3,320,253,259
3,178,258,179,251,254,256,272,248,273,177
4,182
4,183
4
4,185
4,186
4
4,188
4
4,190
4
4,192
4
4,194
4
4,196
4,197
4
4,199
4,200
4
4,202
4
4,204
4
4,206
4
4,208
4,209
4
4,211
4,212
4
4,214
4,215
4
4,217
4
4,219
4
4,221
4
4,223
4
4,225
4,226
4
4,228
4,229
4
4,231
4
4,233
4
4,235
4
4,237
4,238
4
4,240
4,241
4
4,243
4
4,245
4
4,247
4
4,249
4,250
4
4,252
4,253
4
4,255
4
4,257
4
4,259
4
5,274
5,278
5,281
5,284
5,288
5,291
5,293
5,297
5,300
5,304
5,307
5,311
5,314
5,318
6,275
6,276
6,277
6
6,279
6,280
6
6,282
6,283
6
6,285
6,286
6,287
6
6,289
6,290
6
6,292
6
6,294
6,295
6,296
6
6,298
6,299
6
6,301
6,302
6,303
6
6,305
6,306
6
6,308
6,309
6,310
6
6,312
6,313
6
6,315
6,316
6,317
6
6,319
6,320
6
12,150,294,301,90,117,138,141,315,195,111,120,224,275,147,114,108,126,236,297,123,93,181,311,102,129,105,288,153,248,227,207,184,318,99,132,135,96,144
12,210,198,285,278
12,291,282,187
12,308,304,239
12,213
12,251
12,254,189,201,222
12
12,220,256,218,258,205,246,234,193
12,242,230
12,244,232,191,203,216