0,88
0
0
0
0
0
0
0
0
0
0
0
0
0
0
0
0
0
0
0
0
0
0
0
0
0
0
0
0
0
0
0
0
0
0
0
0
0
0
0
0
0
0
0
0
0
0,91
0,118
0,121
0,124
0,127
0,130
0,133
0,94
0,97
0,100
0,103
0,106
0,109
0,112
0,115
0
0
0,131
0
0,107,95,92
0
0
0,101
0
0,98
0,104
0
0,125
0,116
0,89
0,113
0
0
0
0
0
0,134,122
0,128
0
0,119,110
0
2,88
2,89
2
2,91
2,92
2
2,94
2,95
2
2,97
2,98
2
2,100
2,101
2
2,103
2,104
2
2,106
2,107
2
2,109
2,110
2
2,112
2,113
2
2,115
2,116
2
2,118
2,119
2
2,121
2,122
2
2,124
2,125
2
2,127
2,128
2
2,130
2,131
2
2,133
2,134
2
3,164,255,258,169
3,173,162,165,256
3,161,262,167,259,171
3,136,168,172,163,239,166,137,135,240,160,170,241
3,181,268,178,265
3,176,185,269
3,179,175,183,266,271
3,182,243,139,140,180,184,244,242,141,177,174
3,190,202
3,275,198,188,193
3,278,200,194
3,274,277,196,191,187
3,189,144,195,199,246,186,201,146,245,197,145,143,192
3,214,205,208,282
3,210,207,284,281
3,212,204,285
3,203,209,211,247,148,248,150,213,206,149
3,226,292,217
3,288,219,291,222
3,289,220,216,224
3,215,152,225,153,223,218,221,250,154,249
3,295,298,228,234
3,229,296,236,231
3,299,232,238
3,157,237,252,158,230,233,235,251,227,156
4,161
4,162
4
4,164
4,165
4
4,167
4
4,169
4
4,171
4
4,173
4
4,175
4,176
4
4,178
4,179
4
4,181
4
4,183
4
4,185
4
4,187
4,188
4
4,190
4,191
4
4,193
4,194
4
4,196
4
4,198
4
4,200
4
4,202
4
4,204
4,205
4
4,207
4,208
4
4,210
4
4,212
4
4,214
4
4,216
4,217
4
4,219
4,220
4
4,222
4
4,224
4
4,226
4
4,228
4,229
4
4,231
4,232
4
4,234
4
4,236
4
4,238
4
5,253
5,257
5,260
5,263
5,267
5,270
5,272
5,276
5,279
5,283
5,286
5,290
5,293
5,297
6,254
6,255
6,256
6
6,258
6,259
6
6,261
6,262
6
6,264
6,265
6,266
6
6,268
6,269
6
6,271
6
6,273
6,274
6,275
6
6,277
6,278
6
6,280
6,281
6,282
6
6,284
6,285
6
6,287
6,288
6,289
6
6,291
6,292
6
6,294
6,295
6,296
6
6,298
6,299
6
12,273,280,114,294,174,108,117,203,254,111,105,123,215,276,87,120,90,206,160,290,126,102,267,227,186,163,297,96,129,132,99,93
12,177,189,264,257
12,270,261,166
12,287,283,218
12,192
12,230
12,233,168,180,201
12
12,199,235,197,237,184,225,213,172
12,221,209
12,170,211,223,182,195