0,80
0
0
0
0
0
0
0
0
0
0
0
0
0
0
0
0
0
0
0
0
0
0
0
0
0
0
0
0
0
0
0
0
0
0
0
0
0
0
0
0
0
0
0
0
0
0
0
0,86
0,89
0,92
0,95
0
0
0
0
0,90
0
0
0,84
0
0,81
0,87
0
0
0
0
0
0,96
0
0
0
0
0
0
0
0
0,93
0,83
2,80
2,81
2
2,83
2,84
2
2,86
2,87
2
2,89
2,90
2
2,92
2,93
2
2,95
2,96
2
3,220,131,126,217
3,135,127,218,124
3,221,123,133,224,129
3,201,203,130,132,98,128,122,97,134,99,125,202
3,140,143,230,227
3,147,231,138
3,137,233,141,228,145
3,146,144,205,139,101,136,102,206,204,142,103
3,152,164
3,160,155,150,237
3,162,156,240
3,149,153,158,239,236
3,157,151,159,208,107,163,105,108,154,148,207,106,161
3,167,176,170,244
3,246,243,169,172
3,174,166,247
3,173,165,112,171,210,175,110,168,111,209
3,179,254,188
3,253,250,181,184
3,178,182,186,251
3,177,183,185,114,116,180,212,187,211,115
3,260,257,190,196
3,193,191,258,198
3,194,200,261
3,192,119,199,118,214,213,120,195,189,197
4,123
4,124
4
4,126
4,127
4
4,129
4
4,131
4
4,133
4
4,135
4
4,137
4,138
4
4,140
4,141
4
4,143
4
4,145
4
4,147
4
4,149
4,150
4
4,152
4,153
4
4,155
4,156
4
4,158
4
4,160
4
4,162
4
4,164
4
4,166
4,167
4
4,169
4,170
4
4,172
4
4,174
4
4,176
4
4,178
4,179
4
4,181
4,182
4
4,184
4
4,186
4
4,188
4
4,190
4,191
4
4,193
4,194
4
4,196
4
4,198
4
4,200
4
5,215
5,219
5,222
5,225
5,229
5,232
5,234
5,238
5,241
5,245
5,248
5,252
5,255
5,259
6,216
6,217
6,218
6
6,220
6,221
6
6,223
6,224
6
6,226
6,227
6,228
6
6,230
6,231
6
6,233
6
6,235
6,236
6,237
6
6,239
6,240
6
6,242
6,243
6,244
6
6,246
6,247
6
6,249
6,250
6,251
6
6,253
6,254
6
6,256
6,257
6,258
6
6,260
6,261
6
12,79,259,88,216,242,235,189,168,82,177,122,252,91,94,229,256,238,136,85,165,148,125
12,139,151,226,219
12,232,223,128
12,245,249,180
12,154
12,192
12,163,130,142,195
12
12,175,159,199,187,161,197,146,134
12,171,183
12,144,173,185,132,157