0,48
0,51
0
0
0
0
0
0
0
0
0
0
0
0
0
0
0
0
0
0
0,60
0,84
0,87
0,90
0,63
0,66
0,69
0,72
0,75
0,78
0
0,81
0,67,73
0,55,64
0,76
0,85,88
0,91
0,82
0,52,61
0,49,58
0,70
0,79
0
0,54
0
0
0,57
2,48
2,49
2
2,51
2,52
2
2,54
2,55
2
2,57
2,58
2
2,60
2,61
2
2,63
2,64
2
2,66
2,67
2
2,69
2,70
2
2,72
2,73
2
2,75
2,76
2
2,78
2,79
2
2,81
2,82
2
2,84
2,85
2
2,87
2,88
2
2,90
2,91
2
3,121,212,215,126
3,130,119,122,213
3,118,219,124,216,128
3,93,125,129,120,196,123,94,92,197,117,198,127
3,138,225,135,222
3,133,142,226
3,136,132,140,223,228
3,139,200,96,97,137,141,201,199,98,134,131
3,147,159
3,232,155,145,150
3,235,157,151
3,231,234,153,148,144
3,152,146,101,156,203,143,158,103,202,154,102,100,149
3,171,162,165,239
3,167,164,241,238
3,169,161,242
3,160,166,168,204,105,205,107,170,163,106
3,183,249,174
3,248,245,176,179
3,246,177,173,181
3,172,109,182,110,180,175,178,207,111,206
3,252,255,185,191
3,186,253,193,188
3,256,189,195
3,114,194,209,115,187,190,192,208,184,113
4,118
4,119
4
4,121
4,122
4
4,124
4
4,126
4
4,128
4
4,130
4
4,132
4,133
4
4,135
4,136
4
4,138
4
4,140
4
4,142
4
4,144
4,145
4
4,147
4,148
4
4,150
4,151
4
4,153
4
4,155
4
4,157
4
4,159
4
4,161
4,162
4
4,164
4,165
4
4,167
4
4,169
4
4,171
4
4,173
4,174
4
4,176
4,177
4
4,179
4
4,181
4
4,183
4
4,185
4,186
4
4,188
4,189
4
4,191
4
4,193
4
4,195
4
5,210
5,214
5,217
5,220
5,224
5,227
5,229
5,233
5,236
5,240
5,243
5,247
5,250
5,254
6,211
6,212
6,213
6
6,215
6,216
6
6,218
6,219
6
6,221
6,222
6,223
6
6,225
6,226
6
6,228
6
6,230
6,231
6,232
6
6,234
6,235
6
6,237
6,238
6,239
6
6,241
6,242
6
6,244
6,245
6,246
6
6,248
6,249
6
6,251
6,252
6,253
6
6,255
6,256
6
12,230,237,74,251,131,68,160,77,211,71,65,83,172,233,47,80,163,50,117,247,59,86,62,224,184,143,120,254,56,89,53
12,134,146,221,214
12,227,218,123
12,244,240,175
12,149
12,187
12,190,125,137,158
12
12,156,192,154,194,141,182,170,129
12,178,166
12,180,168,127,139,152