0,39
0
0
0
0
0
0
0
0
0
0
0
0
0
0
0
0
0,45
0,72
0,48
0,51
0,54
0,57
0,60
0,63
0,66
0,69
0,73
0,55,61,70
0
0,46
0
0,49
0,43,67
0,64,40,52
0
0,58
0,42
2,39
2,40
2
2,42
2,43
2
2,45
2,46
2
2,48
2,49
2
2,51
2,52
2
2,54
2,55
2
2,57
2,58
2
2,60
2,61
2
2,63
2,64
2
2,66
2,67
2
2,69
2,70
2
2,72
2,73
2
3,197,108,103,194
3,112,104,195,101
3,198,110,201,106,100
3,178,180,107,75,105,99,109,74,111,76,102,179
3,117,120,207,204
3,124,208,115
3,114,210,122,118,205
3,123,116,78,113,79,182,183,121,181,119,80
3,141,129
3,137,132,127,214
3,139,133,217
3,126,135,216,213,130
3,128,136,125,185,84,140,82,85,131,134,184,83,138
3,144,153,147,221
3,223,220,146,149
3,151,143,224
3,150,186,89,148,187,88,152,145,87,142
3,156,231,165
3,227,158,230,161
3,159,163,155,228
3,154,91,162,160,93,157,189,164,188,92
3,237,234,167,173
3,170,235,168,175
3,177,171,238
3,169,96,176,95,191,190,97,172,166,174
4,100
4,101
4
4,103
4,104
4
4,106
4
4,108
4
4,110
4
4,112
4
4,114
4,115
4
4,117
4,118
4
4,120
4
4,122
4
4,124
4
4,126
4,127
4
4,129
4,130
4
4,132
4,133
4
4,135
4
4,137
4
4,139
4
4,141
4
4,143
4,144
4
4,146
4,147
4
4,149
4
4,151
4
4,153
4
4,155
4,156
4
4,158
4,159
4
4,161
4
4,163
4
4,165
4
4,167
4,168
4
4,170
4,171
4
4,173
4
4,175
4
4,177
4
5,192
5,196
5,199
5,202
5,206
5,209
5,211
5,215
5,218
5,222
5,225
5,229
5,232
5,236
6,193
6,194
6,195
6
6,197
6,198
6
6,200
6,201
6
6,203
6,204
6,205
6
6,207
6,208
6
6,210
6
6,212
6,213
6,214
6
6,216
6,217
6
6,219
6,220
6,221
6
6,223
6,224
6
6,226
6,227
6,228
6
6,230
6,231
6
6,233
6,234
6,235
6
6,237
6,238
6
12,38,236,47,193,219,145,62,212,56,71,41,154,99,229,65,166,50,53,206,233,68,215,113,44,59,142,125,102
12,116,128,203,196
12,209,200,105
12,222,226,157
12,131
12,169
12,140,107,119,172
12
12,136,176,152,164,138,174,123,111
12,148,160
12,121,150,162,109,134