green,
green,
green,
green,
green,
green,
green,
green,
green,
green,
green,
green,
green,
green,
green,
green,
green,
green,
green,
green,
green,
green,
green,
green,
green,
green,
green,
green,
green,
green,
green,
green,
green,
green,
green,
green,
green,
green,
green,
green,
green,
green,
green,
green,
green,
green,
green,
green,
green,
green,
green,
green,
green,
green,
green,
green,
green,
green,
green,
green,
green,
green,
green,
green,
green,
green,
gold,0,318,319,320,321,322,323,324,325,
gold,0,
gold,1,356,357,358,359,360,361,
gold,1,
gold,2,392,393,394,395,396,
gold,2,
gold,3,434,435,436,437,438,439,440,441,
gold,3,
gold,4,334,335,336,337,338,339,340,341,
gold,4,
gold,5,462,463,464,465,466,467,
gold,5,
gold,6,456,457,458,459,460,461,
gold,6,
gold,7,442,443,444,445,446,447,448,449,450,451,452,453,454,455,
gold,7,
gold,8,496,497,498,499,500,501,502,
gold,8,
gold,9,474,475,476,477,478,479,480,481,482,483,484,485,486,487,488,
gold,9,
gold,10,503,504,505,506,507,508,509,
gold,10,
gold,11,297,298,299,300,301,
gold,11,
gold,12,402,403,404,405,406,407,408,409,410,411,412,413,414,415,416,417,
gold,12,
gold,13,426,427,428,429,430,431,432,433,
gold,13,
gold,14,387,388,389,390,391,
gold,14,
gold,15,374,375,376,377,378,379,380,381,382,383,384,385,386,
gold,15,
gold,16,342,343,344,345,346,347,348,349,350,351,352,353,354,355,
gold,16,
gold,17,362,363,364,365,366,367,
gold,17,
gold,18,274,275,276,277,278,279,280,281,282,283,284,285,286,
gold,18,
gold,19,287,288,289,290,291,
gold,19,
gold,20,326,327,328,329,330,331,332,333,
gold,20,
gold,21,258,259,260,261,262,263,264,265,
gold,21,
gold,22,250,251,252,253,254,255,256,257,
gold,22,
gold,23,234,235,236,237,238,239,240,241,242,243,244,245,246,247,248,249,
gold,23,
gold,24,542,543,544,545,546,547,548,549,582,583,584,585,586,587,588,589,616,617,618,619,620,621,645,646,647,648,649,682,683,684,685,686,687,688,689,716,717,718,719,720,721,751,752,753,754,755,756,757,790,791,792,793,794,795,796,797,824,825,826,827,828,829,853,854,855,856,857,881,882,883,884,885,918,919,920,921,922,923,924,925,958,959,960,961,962,963,964,965,992,993,994,995,996,997,1061,1062,1063,1064,1065,1279,1443,1444,1445,1446,1447,1448,1449,1450,1451,1452,1453,1454,1455,
gold,24,297,298,299,300,301,1402,1403,1404,1405,1406,
gold,25,534,535,536,537,538,539,540,541,574,575,576,577,578,579,580,581,610,611,612,613,614,615,640,641,642,643,644,674,675,676,677,678,679,680,681,710,711,712,713,714,715,744,745,746,747,748,749,750,782,783,784,785,786,787,788,789,818,819,820,821,822,823,848,849,850,851,852,876,877,878,879,880,910,911,912,913,914,915,916,917,950,951,952,953,954,955,956,957,986,987,988,989,990,991,1056,1057,1058,1059,1060,1425,1426,1427,1428,1429,1430,1431,1432,1433,1434,1435,1436,1437,1438,1439,1440,1441,1442,
gold,25,292,293,294,295,296,1397,1398,1399,1400,1401,1420,1421,1422,1423,1424,
gold,26,526,527,528,529,530,531,532,533,566,567,568,569,570,571,572,573,604,605,606,607,608,609,635,636,637,638,639,666,667,668,669,670,671,672,673,704,705,706,707,708,709,737,738,739,740,741,742,743,774,775,776,777,778,779,780,781,812,813,814,815,816,817,843,844,845,846,847,871,872,873,874,875,902,903,904,905,906,907,908,909,942,943,944,945,946,947,948,949,980,981,982,983,984,985,1051,1052,1053,1054,1055,1278,1407,1408,1409,1410,1411,1412,1413,1414,1415,1416,1417,1418,1419,1420,1421,1422,1423,1424,
gold,26,287,288,289,290,291,1392,1393,1394,1395,1396,1438,1439,1440,1441,1442,
gold,27,542,543,544,545,546,547,548,549,582,583,584,585,586,587,588,589,616,617,618,619,620,621,645,646,647,648,649,682,683,684,685,686,687,688,689,716,717,718,719,720,721,751,752,753,754,755,756,757,790,791,792,793,794,795,796,797,824,825,826,827,828,829,853,854,855,856,857,881,882,883,884,885,918,919,920,921,922,923,924,925,958,959,960,961,962,963,964,965,992,993,994,995,996,997,1030,1031,1032,1033,1034,1035,1036,1037,1376,1377,1378,1379,1380,1381,1382,1383,1384,1385,1386,1387,1388,1389,1390,1391,
gold,27,266,267,268,269,270,271,272,273,1320,1321,1322,1323,1324,1325,1326,1327,
gold,28,1267,1268,1269,1270,1271,1272,1273,1303,1905,1906,1907,1908,1909,1910,1911,1912,1913,1914,1915,1916,1917,1918,1919,
gold,28,503,504,505,506,507,508,509,751,752,753,754,755,756,757,1854,1855,1856,1857,1858,1859,1860,
gold,29,1161,1162,1163,1164,1165,1291,1667,1668,1669,1670,1671,1672,1673,1674,1675,1676,1677,1678,1679,
gold,29,397,398,399,400,401,645,646,647,648,649,853,854,855,856,857,881,882,883,884,885,1626,1627,1628,1629,1630,
gold,30,1132,1133,1134,1135,1136,1137,1287,1602,1603,1604,1605,1606,1607,1608,1609,1610,1611,1612,1613,1614,1615,
gold,30,368,369,370,371,372,373,616,617,618,619,620,621,824,825,826,827,828,829,1556,1557,1558,1559,1560,1561,
gold,31,1232,1233,1234,1235,1236,1237,1299,1826,1827,1828,1829,1830,1831,1832,1833,1834,1835,1836,1837,1838,1839,
gold,31,468,469,470,471,472,473,716,717,718,719,720,721,992,993,994,995,996,997,1780,1781,1782,1783,1784,1785,
gold,32,534,535,536,537,538,539,540,541,574,575,576,577,578,579,580,581,610,611,612,613,614,615,640,641,642,643,644,674,675,676,677,678,679,680,681,710,711,712,713,714,715,744,745,746,747,748,749,750,782,783,784,785,786,787,788,789,818,819,820,821,822,823,848,849,850,851,852,876,877,878,879,880,910,911,912,913,914,915,916,917,950,951,952,953,954,955,956,957,986,987,988,989,990,991,1022,1023,1024,1025,1026,1027,1028,1029,1276,1352,1353,1354,1355,1356,1357,1358,1359,1360,1361,1362,1363,1364,1365,1366,1367,1368,1369,1370,1371,1372,1373,1374,1375,
gold,32,258,259,260,261,262,263,264,265,1312,1313,1314,1315,1316,1317,1318,1319,1344,1345,1346,1347,1348,1349,1350,1351,
gold,33,526,527,528,529,530,531,532,533,566,567,568,569,570,571,572,573,604,605,606,607,608,609,635,636,637,638,639,666,667,668,669,670,671,672,673,704,705,706,707,708,709,737,738,739,740,741,742,743,774,775,776,777,778,779,780,781,812,813,814,815,816,817,843,844,845,846,847,871,872,873,874,875,902,903,904,905,906,907,908,909,942,943,944,945,946,947,948,949,980,981,982,983,984,985,1014,1015,1016,1017,1018,1019,1020,1021,1275,1328,1329,1330,1331,1332,1333,1334,1335,1336,1337,1338,1339,1340,1341,1342,1343,1344,1345,1346,1347,1348,1349,1350,1351,
gold,33,250,251,252,253,254,255,256,257,1304,1305,1306,1307,1308,1309,1310,1311,1368,1369,1370,1371,1372,1373,1374,1375,
gold,34,1156,1157,1158,1159,1160,1290,1649,1650,1651,1652,1653,1654,1655,1656,1657,1658,1659,1660,1661,1662,1663,1664,1665,1666,
gold,34,392,393,394,395,396,640,641,642,643,644,848,849,850,851,852,876,877,878,879,880,1621,1622,1623,1624,1625,1644,1645,1646,1647,1648,
gold,35,1151,1152,1153,1154,1155,1289,1631,1632,1633,1634,1635,1636,1637,1638,1639,1640,1641,1642,1643,1644,1645,1646,1647,1648,
gold,35,387,388,389,390,391,635,636,637,638,639,843,844,845,846,847,871,872,873,874,875,1616,1617,1618,1619,1620,1662,1663,1664,1665,1666,
gold,36,1126,1127,1128,1129,1130,1131,1286,1582,1583,1584,1585,1586,1587,1588,1589,1590,1591,1592,1593,1594,1595,1596,1597,1598,1599,1600,1601,
gold,36,362,363,364,365,366,367,610,611,612,613,614,615,818,819,820,821,822,823,1550,1551,1552,1553,1554,1555,1576,1577,1578,1579,1580,1581,
gold,37,1120,1121,1122,1123,1124,1125,1285,1562,1563,1564,1565,1566,1567,1568,1569,1570,1571,1572,1573,1574,1575,1576,1577,1578,1579,1580,1581,
gold,37,356,357,358,359,360,361,604,605,606,607,608,609,812,813,814,815,816,817,1544,1545,1546,1547,1548,1549,1596,1597,1598,1599,1600,1601,
gold,38,1226,1227,1228,1229,1230,1231,1298,1806,1807,1808,1809,1810,1811,1812,1813,1814,1815,1816,1817,1818,1819,1820,1821,1822,1823,1824,1825,
gold,38,462,463,464,465,466,467,710,711,712,713,714,715,986,987,988,989,990,991,1774,1775,1776,1777,1778,1779,1800,1801,1802,1803,1804,1805,
gold,39,1220,1221,1222,1223,1224,1225,1297,1786,1787,1788,1789,1790,1791,1792,1793,1794,1795,1796,1797,1798,1799,1800,1801,1802,1803,1804,1805,
gold,39,456,457,458,459,460,461,704,705,706,707,708,709,980,981,982,983,984,985,1768,1769,1770,1771,1772,1773,1820,1821,1822,1823,1824,1825,
gold,40,1260,1261,1262,1263,1264,1265,1266,1302,1883,1884,1885,1886,1887,1888,1889,1890,1891,1892,1893,1894,1895,1896,1897,1898,1899,1900,1901,1902,1903,1904,
gold,40,496,497,498,499,500,501,502,744,745,746,747,748,749,750,1847,1848,1849,1850,1851,1852,1853,1876,1877,1878,1879,1880,1881,1882,
gold,41,1253,1254,1255,1256,1257,1258,1259,1301,1861,1862,1863,1864,1865,1866,1867,1868,1869,1870,1871,1872,1873,1874,1875,1876,1877,1878,1879,1880,1881,1882,
gold,41,489,490,491,492,493,494,495,737,738,739,740,741,742,743,1840,1841,1842,1843,1844,1845,1846,1898,1899,1900,1901,1902,1903,1904,
gold,42,1098,1099,1100,1101,1102,1103,1104,1105,1283,1528,1529,1530,1531,1532,1533,1534,1535,1536,1537,1538,1539,1540,1541,1542,1543,
gold,42,334,335,336,337,338,339,340,341,542,543,544,545,546,547,548,549,582,583,584,585,586,587,588,589,790,791,792,793,794,795,796,797,1472,1473,1474,1475,1476,1477,1478,1479,
gold,43,1198,1199,1200,1201,1202,1203,1204,1205,1295,1752,1753,1754,1755,1756,1757,1758,1759,1760,1761,1762,1763,1764,1765,1766,1767,
gold,43,434,435,436,437,438,439,440,441,682,683,684,685,686,687,688,689,918,919,920,921,922,923,924,925,958,959,960,961,962,963,964,965,1696,1697,1698,1699,1700,1701,1702,1703,
gold,44,510,511,512,513,514,515,516,517,518,519,520,521,522,523,524,525,550,551,552,553,554,555,556,557,558,559,560,561,562,563,564,565,590,591,592,593,594,595,596,597,598,599,600,601,602,603,622,623,624,625,626,627,628,629,630,631,632,633,634,650,651,652,653,654,655,656,657,658,659,660,661,662,663,664,665,690,691,692,693,694,695,696,697,698,699,700,701,702,703,722,723,724,725,726,727,728,729,730,731,732,733,734,735,736,758,759,760,761,762,763,764,765,766,767,768,769,770,771,772,773,798,799,800,801,802,803,804,805,806,807,808,809,810,811,830,831,832,833,834,835,836,837,838,839,840,841,842,858,859,860,861,862,863,864,865,866,867,868,869,870,886,887,888,889,890,891,892,893,894,895,896,897,898,899,900,901,926,927,928,929,930,931,932,933,934,935,936,937,938,939,940,941,966,967,968,969,970,971,972,973,974,975,976,977,978,979,1038,1039,1040,1041,1042,1043,1044,1045,1046,1047,1048,1049,1050,1277,1392,1393,1394,1395,1396,1397,1398,1399,1400,1401,1402,1403,1404,1405,1406,
gold,44,274,275,276,277,278,279,280,281,282,283,284,285,286,1407,1408,1409,1410,1411,1412,1413,1414,1415,1416,1417,1418,1419,1425,1426,1427,1428,1429,1430,1431,1432,1433,1434,1435,1436,1437,1443,1444,1445,1446,1447,1448,1449,1450,1451,1452,1453,1454,1455,
gold,45,266,297,334,368,397,434,468,503,542,582,616,645,682,716,751,790,824,853,881,918,958,992,1320,1402,1472,1556,1626,1696,1780,1854,
gold,45,267,298,335,369,398,435,469,504,543,583,617,646,683,717,752,791,825,854,882,919,959,993,1030,1098,1198,1321,1403,1473,1557,1627,1697,1781,1855,
gold,45,268,299,336,370,399,436,470,505,544,584,618,647,684,718,753,792,826,855,883,920,960,994,1031,1099,1199,1267,1322,1404,1474,1558,1628,1698,1782,1856,
gold,45,269,300,337,371,400,437,471,506,545,585,619,648,685,719,754,793,827,856,884,921,961,995,1032,1100,1132,1200,1232,1268,1323,1405,1475,1559,1629,1699,1783,1857,
gold,45,270,301,338,372,401,438,472,507,546,586,620,649,686,720,755,794,828,857,885,922,962,996,1033,1061,1101,1133,1161,1201,1233,1269,1324,1406,1476,1560,1630,1700,1784,1858,
gold,45,271,339,373,439,473,508,547,587,621,687,721,756,795,829,923,963,997,1034,1062,1102,1134,1162,1202,1234,1270,1325,1477,1561,1701,1785,1859,
gold,45,272,340,440,509,548,588,688,757,796,924,964,1035,1063,1103,1135,1163,1203,1235,1271,1326,1478,1702,1860,
gold,45,273,341,441,549,589,689,797,925,965,1036,1064,1104,1136,1164,1204,1236,1272,1327,1479,1703,
gold,45,1037,1065,1105,1137,1165,1205,1237,1273,
gold,46,1090,1091,1092,1093,1094,1095,1096,1097,1282,1504,1505,1506,1507,1508,1509,1510,1511,1512,1513,1514,1515,1516,1517,1518,1519,1520,1521,1522,1523,1524,1525,1526,1527,
gold,46,326,327,328,329,330,331,332,333,534,535,536,537,538,539,540,541,574,575,576,577,578,579,580,581,782,783,784,785,786,787,788,789,1464,1465,1466,1467,1468,1469,1470,1471,1496,1497,1498,1499,1500,1501,1502,1503,
gold,47,1082,1083,1084,1085,1086,1087,1088,1089,1281,1480,1481,1482,1483,1484,1485,1486,1487,1488,1489,1490,1491,1492,1493,1494,1495,1496,1497,1498,1499,1500,1501,1502,1503,
gold,47,318,319,320,321,322,323,324,325,526,527,528,529,530,531,532,533,566,567,568,569,570,571,572,573,774,775,776,777,778,779,780,781,1456,1457,1458,1459,1460,1461,1462,1463,1520,1521,1522,1523,1524,1525,1526,1527,
gold,48,1190,1191,1192,1193,1194,1195,1196,1197,1294,1728,1729,1730,1731,1732,1733,1734,1735,1736,1737,1738,1739,1740,1741,1742,1743,1744,1745,1746,1747,1748,1749,1750,1751,
gold,48,426,427,428,429,430,431,432,433,674,675,676,677,678,679,680,681,910,911,912,913,914,915,916,917,950,951,952,953,954,955,956,957,1688,1689,1690,1691,1692,1693,1694,1695,1720,1721,1722,1723,1724,1725,1726,1727,
gold,49,258,292,326,362,392,426,462,496,534,574,610,640,674,710,744,782,818,848,876,910,950,986,1312,1344,1397,1420,1464,1496,1550,1576,1621,1644,1688,1720,1774,1800,1847,1876,
gold,49,259,293,327,363,393,427,463,497,535,575,611,641,675,711,745,783,819,849,877,911,951,987,1022,1090,1190,1313,1345,1398,1421,1465,1497,1551,1577,1622,1645,1689,1721,1775,1801,1848,1877,
gold,49,260,294,328,364,394,428,464,498,536,576,612,642,676,712,746,784,820,850,878,912,952,988,1023,1091,1191,1260,1314,1346,1399,1422,1466,1498,1552,1578,1623,1646,1690,1722,1776,1802,1849,1878,
gold,49,261,295,329,365,395,429,465,499,537,577,613,643,677,713,747,785,821,851,879,913,953,989,1024,1092,1126,1192,1226,1261,1315,1347,1400,1423,1467,1499,1553,1579,1624,1647,1691,1723,1777,1803,1850,1879,
gold,49,262,296,330,366,396,430,466,500,538,578,614,644,678,714,748,786,822,852,880,914,954,990,1025,1056,1093,1127,1156,1193,1227,1262,1316,1348,1401,1424,1468,1500,1554,1580,1625,1648,1692,1724,1778,1804,1851,1880,
gold,49,263,331,367,431,467,501,539,579,615,679,715,749,787,823,915,955,991,1026,1057,1094,1128,1157,1194,1228,1263,1317,1349,1469,1501,1555,1581,1693,1725,1779,1805,1852,1881,
gold,49,264,332,432,502,540,580,680,750,788,916,956,1027,1058,1095,1129,1158,1195,1229,1264,1318,1350,1470,1502,1694,1726,1853,1882,
gold,49,265,333,433,541,581,681,789,917,957,1028,1059,1096,1130,1159,1196,1230,1265,1319,1351,1471,1503,1695,1727,
gold,49,1029,1060,1097,1131,1160,1197,1231,1266,
gold,50,1182,1183,1184,1185,1186,1187,1188,1189,1293,1704,1705,1706,1707,1708,1709,1710,1711,1712,1713,1714,1715,1716,1717,1718,1719,1720,1721,1722,1723,1724,1725,1726,1727,
gold,50,418,419,420,421,422,423,424,425,666,667,668,669,670,671,672,673,902,903,904,905,906,907,908,909,942,943,944,945,946,947,948,949,1680,1681,1682,1683,1684,1685,1686,1687,1744,1745,1746,1747,1748,1749,1750,1751,
gold,51,250,287,318,356,387,418,456,489,526,566,604,635,666,704,737,774,812,843,871,902,942,980,1304,1368,1392,1438,1456,1520,1544,1596,1616,1662,1680,1744,1768,1820,1840,1898,
gold,51,251,288,319,357,388,419,457,490,527,567,605,636,667,705,738,775,813,844,872,903,943,981,1014,1082,1182,1305,1369,1393,1439,1457,1521,1545,1597,1617,1663,1681,1745,1769,1821,1841,1899,
gold,51,252,289,320,358,389,420,458,491,528,568,606,637,668,706,739,776,814,845,873,904,944,982,1015,1083,1183,1253,1306,1370,1394,1440,1458,1522,1546,1598,1618,1664,1682,1746,1770,1822,1842,1900,
gold,51,253,290,321,359,390,421,459,492,529,569,607,638,669,707,740,777,815,846,874,905,945,983,1016,1084,1120,1184,1220,1254,1307,1371,1395,1441,1459,1523,1547,1599,1619,1665,1683,1747,1771,1823,1843,1901,
gold,51,254,291,322,360,391,422,460,493,530,570,608,639,670,708,741,778,816,847,875,906,946,984,1017,1051,1085,1121,1151,1185,1221,1255,1308,1372,1396,1442,1460,1524,1548,1600,1620,1666,1684,1748,1772,1824,1844,1902,
gold,51,255,323,361,423,461,494,531,571,609,671,709,742,779,817,907,947,985,1018,1052,1086,1122,1152,1186,1222,1256,1309,1373,1461,1525,1549,1601,1685,1749,1773,1825,1845,1903,
gold,51,256,324,424,495,532,572,672,743,780,908,948,1019,1053,1087,1123,1153,1187,1223,1257,1310,1374,1462,1526,1686,1750,1846,1904,
gold,51,257,325,425,533,573,673,781,909,949,1020,1054,1088,1124,1154,1188,1224,1258,1311,1375,1463,1527,1687,1751,
gold,51,1021,1055,1089,1125,1155,1189,1225,1259,
gold,52,510,511,512,513,514,515,516,517,518,519,520,521,522,523,524,525,550,551,552,553,554,555,556,557,558,559,560,561,562,563,564,565,590,591,592,593,594,595,596,597,598,599,600,601,602,603,622,623,624,625,626,627,628,629,630,631,632,633,634,650,651,652,653,654,655,656,657,658,659,660,661,662,663,664,665,690,691,692,693,694,695,696,697,698,699,700,701,702,703,722,723,724,725,726,727,728,729,730,731,732,733,734,735,736,758,759,760,761,762,763,764,765,766,767,768,769,770,771,772,773,798,799,800,801,802,803,804,805,806,807,808,809,810,811,830,831,832,833,834,835,836,837,838,839,840,841,842,858,859,860,861,862,863,864,865,866,867,868,869,870,886,887,888,889,890,891,892,893,894,895,896,897,898,899,900,901,926,927,928,929,930,931,932,933,934,935,936,937,938,939,940,941,966,967,968,969,970,971,972,973,974,975,976,977,978,979,998,999,1000,1001,1002,1003,1004,1005,1006,1007,1008,1009,1010,1011,1012,1013,1274,1304,1305,1306,1307,1308,1309,1310,1311,1312,1313,1314,1315,1316,1317,1318,1319,1320,1321,1322,1323,1324,1325,1326,1327,
gold,52,234,235,236,237,238,239,240,241,242,243,244,245,246,247,248,249,1328,1329,1330,1331,1332,1333,1334,1335,1336,1337,1338,1339,1340,1341,1342,1343,1352,1353,1354,1355,1356,1357,1358,1359,1360,1361,1362,1363,1364,1365,1366,1367,1376,1377,1378,1379,1380,1381,1382,1383,1384,1385,1386,1387,1388,1389,1390,1391,
gold,53,1238,1239,1240,1241,1242,1243,1244,1245,1246,1247,1248,1249,1250,1251,1252,1300,1840,1841,1842,1843,1844,1845,1846,1847,1848,1849,1850,1851,1852,1853,1854,1855,1856,1857,1858,1859,1860,
gold,53,474,475,476,477,478,479,480,481,482,483,484,485,486,487,488,722,723,724,725,726,727,728,729,730,731,732,733,734,735,736,1861,1862,1863,1864,1865,1866,1867,1868,1869,1870,1871,1872,1873,1874,1875,1883,1884,1885,1886,1887,1888,1889,1890,1891,1892,1893,1894,1895,1896,1897,1905,1906,1907,1908,1909,1910,1911,1912,1913,1914,1915,1916,1917,1918,1919,
gold,54,1106,1107,1108,1109,1110,1111,1112,1113,1114,1115,1116,1117,1118,1119,1284,1544,1545,1546,1547,1548,1549,1550,1551,1552,1553,1554,1555,1556,1557,1558,1559,1560,1561,
gold,54,342,343,344,345,346,347,348,349,350,351,352,353,354,355,590,591,592,593,594,595,596,597,598,599,600,601,602,603,798,799,800,801,802,803,804,805,806,807,808,809,810,811,1562,1563,1564,1565,1566,1567,1568,1569,1570,1571,1572,1573,1574,1575,1582,1583,1584,1585,1586,1587,1588,1589,1590,1591,1592,1593,1594,1595,1602,1603,1604,1605,1606,1607,1608,1609,1610,1611,1612,1613,1614,1615,
gold,55,1206,1207,1208,1209,1210,1211,1212,1213,1214,1215,1216,1217,1218,1219,1296,1768,1769,1770,1771,1772,1773,1774,1775,1776,1777,1778,1779,1780,1781,1782,1783,1784,1785,
gold,55,442,443,444,445,446,447,448,449,450,451,452,453,454,455,690,691,692,693,694,695,696,697,698,699,700,701,702,703,966,967,968,969,970,971,972,973,974,975,976,977,978,979,1786,1787,1788,1789,1790,1791,1792,1793,1794,1795,1796,1797,1798,1799,1806,1807,1808,1809,1810,1811,1812,1813,1814,1815,1816,1817,1818,1819,1826,1827,1828,1829,1830,1831,1832,1833,1834,1835,1836,1837,1838,1839,
gold,56,1138,1139,1140,1141,1142,1143,1144,1145,1146,1147,1148,1149,1150,1288,1616,1617,1618,1619,1620,1621,1622,1623,1624,1625,1626,1627,1628,1629,1630,
gold,56,374,375,376,377,378,379,380,381,382,383,384,385,386,622,623,624,625,626,627,628,629,630,631,632,633,634,830,831,832,833,834,835,836,837,838,839,840,841,842,858,859,860,861,862,863,864,865,866,867,868,869,870,1631,1632,1633,1634,1635,1636,1637,1638,1639,1640,1641,1642,1643,1649,1650,1651,1652,1653,1654,1655,1656,1657,1658,1659,1660,1661,1667,1668,1669,1670,1671,1672,1673,1674,1675,1676,1677,1678,1679,
gold,57,1166,1167,1168,1169,1170,1171,1172,1173,1174,1175,1176,1177,1178,1179,1180,1181,1292,1680,1681,1682,1683,1684,1685,1686,1687,1688,1689,1690,1691,1692,1693,1694,1695,1696,1697,1698,1699,1700,1701,1702,1703,
gold,57,402,403,404,405,406,407,408,409,410,411,412,413,414,415,416,417,650,651,652,653,654,655,656,657,658,659,660,661,662,663,664,665,886,887,888,889,890,891,892,893,894,895,896,897,898,899,900,901,926,927,928,929,930,931,932,933,934,935,936,937,938,939,940,941,1704,1705,1706,1707,1708,1709,1710,1711,1712,1713,1714,1715,1716,1717,1718,1719,1728,1729,1730,1731,1732,1733,1734,1735,1736,1737,1738,1739,1740,1741,1742,1743,1752,1753,1754,1755,1756,1757,1758,1759,1760,1761,1762,1763,1764,1765,1766,1767,
gold,58,1066,1067,1068,1069,1070,1071,1072,1073,1074,1075,1076,1077,1078,1079,1080,1081,1280,1456,1457,1458,1459,1460,1461,1462,1463,1464,1465,1466,1467,1468,1469,1470,1471,1472,1473,1474,1475,1476,1477,1478,1479,
gold,58,302,303,304,305,306,307,308,309,310,311,312,313,314,315,316,317,510,511,512,513,514,515,516,517,518,519,520,521,522,523,524,525,550,551,552,553,554,555,556,557,558,559,560,561,562,563,564,565,758,759,760,761,762,763,764,765,766,767,768,769,770,771,772,773,1480,1481,1482,1483,1484,1485,1486,1487,1488,1489,1490,1491,1492,1493,1494,1495,1504,1505,1506,1507,1508,1509,1510,1511,1512,1513,1514,1515,1516,1517,1518,1519,1528,1529,1530,1531,1532,1533,1534,1535,1536,1537,1538,1539,1540,1541,1542,1543,
gold,59,234,274,302,342,374,402,442,474,510,550,590,622,650,690,722,758,798,830,858,886,926,966,1328,1352,1376,1407,1425,1443,1480,1504,1528,1562,1582,1602,1631,1649,1667,1704,1728,1752,1786,1806,1826,1861,1883,1905,
gold,59,235,275,303,343,375,403,443,475,511,551,591,623,651,691,723,759,799,831,859,887,927,967,998,1066,1166,1329,1353,1377,1408,1426,1444,1481,1505,1529,1563,1583,1603,1632,1650,1668,1705,1729,1753,1787,1807,1827,1862,1884,1906,
gold,59,236,276,304,344,376,404,444,476,512,552,592,624,652,692,724,760,800,832,860,888,928,968,999,1038,1067,1106,1138,1167,1206,1238,1330,1354,1378,1409,1427,1445,1482,1506,1530,1564,1584,1604,1633,1651,1669,1706,1730,1754,1788,1808,1828,1863,1885,1907,
gold,59,237,277,305,345,377,405,445,477,513,553,593,625,653,693,725,761,801,833,861,889,929,969,1000,1039,1068,1107,1139,1168,1207,1239,1331,1355,1379,1410,1428,1446,1483,1507,1531,1565,1585,1605,1634,1652,1670,1707,1731,1755,1789,1809,1829,1864,1886,1908,
gold,59,238,278,306,346,378,406,446,478,514,554,594,626,654,694,726,762,802,834,862,890,930,970,1001,1040,1069,1108,1140,1169,1208,1240,1332,1356,1380,1411,1429,1447,1484,1508,1532,1566,1586,1606,1635,1653,1671,1708,1732,1756,1790,1810,1830,1865,1887,1909,
gold,59,239,307,347,407,447,479,515,555,595,655,695,727,763,803,891,931,971,1002,1041,1070,1109,1141,1170,1209,1241,1333,1357,1381,1485,1509,1533,1567,1587,1607,1709,1733,1757,1791,1811,1831,1866,1888,1910,
gold,59,240,308,408,480,516,556,656,728,764,892,932,1003,1042,1071,1110,1142,1171,1210,1242,1334,1358,1382,1486,1510,1534,1710,1734,1758,1867,1889,1911,
gold,59,241,309,409,517,557,657,765,893,933,1004,1043,1072,1111,1143,1172,1211,1243,1335,1359,1383,1487,1511,1535,1711,1735,1759,
gold,59,1005,1044,1073,1112,1144,1173,1212,1244,
gold,59,242,279,310,348,379,410,448,481,518,558,596,627,658,696,729,766,804,835,863,894,934,972,1006,1074,1174,1245,1336,1360,1384,1412,1430,1448,1488,1512,1536,1568,1588,1608,1636,1654,1672,1712,1736,1760,1792,1812,1832,1868,1890,1912,
gold,59,243,280,311,349,380,411,449,482,519,559,597,628,659,697,730,767,805,836,864,895,935,973,1007,1075,1113,1175,1213,1246,1337,1361,1385,1413,1431,1449,1489,1513,1537,1569,1589,1609,1637,1655,1673,1713,1737,1761,1793,1813,1833,1869,1891,1913,
gold,59,244,281,312,350,381,412,450,483,520,560,598,629,660,698,731,768,806,837,865,896,936,974,1008,1045,1076,1114,1145,1176,1214,1247,1338,1362,1386,1414,1432,1450,1490,1514,1538,1570,1590,1610,1638,1656,1674,1714,1738,1762,1794,1814,1834,1870,1892,1914,
gold,59,245,282,313,351,382,413,451,484,521,561,599,630,661,699,732,769,807,838,866,897,937,975,1009,1046,1077,1115,1146,1177,1215,1248,1339,1363,1387,1415,1433,1451,1491,1515,1539,1571,1591,1611,1639,1657,1675,1715,1739,1763,1795,1815,1835,1871,1893,1915,
gold,59,246,283,314,352,383,414,452,485,522,562,600,631,662,700,733,770,808,839,867,898,938,976,1010,1047,1078,1116,1147,1178,1216,1249,1340,1364,1388,1416,1434,1452,1492,1516,1540,1572,1592,1612,1640,1658,1676,1716,1740,1764,1796,1816,1836,1872,1894,1916,
gold,59,247,284,315,353,384,415,453,486,523,563,601,632,663,701,734,771,809,840,868,899,939,977,1011,1048,1079,1117,1148,1179,1217,1250,1341,1365,1389,1417,1435,1453,1493,1517,1541,1573,1593,1613,1641,1659,1677,1717,1741,1765,1797,1817,1837,1873,1895,1917,
gold,59,248,285,316,354,385,416,454,487,524,564,602,633,664,702,735,772,810,841,869,900,940,978,1012,1049,1080,1118,1149,1180,1218,1251,1342,1366,1390,1418,1436,1454,1494,1518,1542,1574,1594,1614,1642,1660,1678,1718,1742,1766,1798,1818,1838,1874,1896,1918,
gold,59,249,286,317,355,386,417,455,488,525,565,603,634,665,703,736,773,811,842,870,901,941,979,1013,1050,1081,1119,1150,1181,1219,1252,1343,1367,1391,1419,1437,1455,1495,1519,1543,1575,1595,1615,1643,1661,1679,1719,1743,1767,1799,1819,1839,1875,1897,1919,
red,60,397,398,399,400,401,
gold,60,
red,61,368,369,370,371,372,373,
gold,61,
red,62,468,469,470,471,472,473,
gold,62,
red,63,489,490,491,492,493,494,495,
gold,63,
red,64,418,419,420,421,422,423,424,425,
gold,64,
red,65,302,303,304,305,306,307,308,309,310,311,312,313,314,315,316,317,
gold,65,
lightskyblue,191,206,
lightskyblue,191,214,
lightskyblue,191,208,
lightskyblue,191,209,
lightskyblue,191,210,
lightskyblue,191,211,
lightskyblue,191,212,
lightskyblue,191,213,
lightskyblue,191,215,
lightskyblue,191,216,
lightskyblue,191,217,
lightskyblue,191,218,
lightskyblue,191,219,
lightskyblue,191,220,
lightskyblue,191,221,
lightskyblue,191,207,
lightskyblue,132,183,
lightskyblue,132,184,
lightskyblue,132,185,
lightskyblue,132,186,
lightskyblue,132,187,
lightskyblue,132,188,
lightskyblue,132,189,
lightskyblue,132,190,
lightskyblue,130,172,
lightskyblue,130,173,
lightskyblue,130,174,
lightskyblue,130,175,
lightskyblue,130,176,
lightskyblue,130,177,
lightskyblue,130,178,
lightskyblue,130,179,
lightskyblue,120,157,
lightskyblue,120,158,
lightskyblue,120,159,
lightskyblue,120,160,
lightskyblue,120,161,
lightskyblue,120,162,
lightskyblue,120,163,
lightskyblue,120,164,
lightskyblue,154,216,
lightskyblue,154,217,
lightskyblue,154,211,
lightskyblue,154,212,
lightskyblue,154,213,
lightskyblue,154,218,
lightskyblue,154,219,
lightskyblue,154,220,
lightskyblue,154,221,
lightskyblue,154,207,
lightskyblue,154,208,
lightskyblue,154,209,
lightskyblue,154,210,
lightskyblue,118,186,
lightskyblue,118,187,
lightskyblue,118,188,
lightskyblue,118,189,
lightskyblue,118,190,
lightskyblue,116,175,
lightskyblue,116,176,
lightskyblue,116,177,
lightskyblue,116,178,
lightskyblue,116,179,
lightskyblue,114,160,
lightskyblue,114,161,
lightskyblue,114,162,
lightskyblue,114,163,
lightskyblue,114,164,
lightskyblue,203,206,
lightskyblue,203,214,
lightskyblue,203,208,
lightskyblue,203,209,
lightskyblue,203,210,
lightskyblue,203,211,
lightskyblue,203,212,
lightskyblue,203,213,
lightskyblue,203,215,
lightskyblue,203,216,
lightskyblue,203,217,
lightskyblue,203,218,
lightskyblue,203,219,
lightskyblue,203,220,
lightskyblue,203,221,
lightskyblue,203,207,
lightskyblue,167,183,
lightskyblue,167,184,
lightskyblue,167,185,
lightskyblue,167,186,
lightskyblue,167,187,
lightskyblue,167,188,
lightskyblue,167,189,
lightskyblue,167,190,
lightskyblue,165,172,
lightskyblue,165,173,
lightskyblue,165,174,
lightskyblue,165,175,
lightskyblue,165,176,
lightskyblue,165,177,
lightskyblue,165,178,
lightskyblue,165,179,
lightskyblue,150,157,
lightskyblue,150,158,
lightskyblue,150,159,
lightskyblue,150,160,
lightskyblue,150,161,
lightskyblue,150,162,
lightskyblue,150,163,
lightskyblue,150,164,
lightskyblue,195,215,
lightskyblue,195,216,
lightskyblue,195,210,
lightskyblue,195,211,
lightskyblue,195,212,
lightskyblue,195,213,
lightskyblue,195,217,
lightskyblue,195,218,
lightskyblue,195,219,
lightskyblue,195,220,
lightskyblue,195,221,
lightskyblue,195,207,
lightskyblue,195,208,
lightskyblue,195,209,
lightskyblue,140,185,
lightskyblue,140,186,
lightskyblue,140,187,
lightskyblue,140,188,
lightskyblue,140,189,
lightskyblue,140,190,
lightskyblue,138,174,
lightskyblue,138,175,
lightskyblue,138,176,
lightskyblue,138,177,
lightskyblue,138,178,
lightskyblue,138,179,
lightskyblue,126,159,
lightskyblue,126,160,
lightskyblue,126,161,
lightskyblue,126,162,
lightskyblue,126,163,
lightskyblue,126,164,
lightskyblue,199,216,
lightskyblue,199,217,
lightskyblue,199,211,
lightskyblue,199,212,
lightskyblue,199,213,
lightskyblue,199,218,
lightskyblue,199,219,
lightskyblue,199,220,
lightskyblue,199,221,
lightskyblue,199,207,
lightskyblue,199,208,
lightskyblue,199,209,
lightskyblue,199,210,
lightskyblue,136,186,
lightskyblue,136,187,
lightskyblue,136,188,
lightskyblue,136,189,
lightskyblue,136,190,
lightskyblue,134,175,
lightskyblue,134,176,
lightskyblue,134,177,
lightskyblue,134,178,
lightskyblue,134,179,
lightskyblue,124,160,
lightskyblue,124,161,
lightskyblue,124,162,
lightskyblue,124,163,
lightskyblue,124,164,
lightskyblue,201,206,
lightskyblue,201,214,
lightskyblue,201,208,
lightskyblue,201,209,
lightskyblue,201,210,
lightskyblue,201,211,
lightskyblue,201,212,
lightskyblue,201,213,
lightskyblue,201,215,
lightskyblue,201,216,
lightskyblue,201,217,
lightskyblue,201,218,
lightskyblue,201,219,
lightskyblue,201,220,
lightskyblue,201,221,
lightskyblue,201,207,
lightskyblue,180,183,
lightskyblue,180,184,
lightskyblue,180,185,
lightskyblue,180,186,
lightskyblue,180,187,
lightskyblue,180,188,
lightskyblue,180,189,
lightskyblue,180,190,
lightskyblue,169,172,
lightskyblue,169,173,
lightskyblue,169,174,
lightskyblue,169,175,
lightskyblue,169,176,
lightskyblue,169,177,
lightskyblue,169,178,
lightskyblue,169,179,
lightskyblue,152,157,
lightskyblue,152,158,
lightskyblue,152,159,
lightskyblue,152,160,
lightskyblue,152,161,
lightskyblue,152,162,
lightskyblue,152,163,
lightskyblue,152,164,
lightskyblue,197,215,
lightskyblue,197,216,
lightskyblue,197,210,
lightskyblue,197,211,
lightskyblue,197,212,
lightskyblue,197,213,
lightskyblue,197,217,
lightskyblue,197,218,
lightskyblue,197,219,
lightskyblue,197,220,
lightskyblue,197,221,
lightskyblue,197,207,
lightskyblue,197,208,
lightskyblue,197,209,
lightskyblue,144,185,
lightskyblue,144,186,
lightskyblue,144,187,
lightskyblue,144,188,
lightskyblue,144,189,
lightskyblue,144,190,
lightskyblue,142,174,
lightskyblue,142,175,
lightskyblue,142,176,
lightskyblue,142,177,
lightskyblue,142,178,
lightskyblue,142,179,
lightskyblue,128,159,
lightskyblue,128,160,
lightskyblue,128,161,
lightskyblue,128,162,
lightskyblue,128,163,
lightskyblue,128,164,
lightskyblue,193,214,
lightskyblue,193,215,
lightskyblue,193,209,
lightskyblue,193,210,
lightskyblue,193,211,
lightskyblue,193,212,
lightskyblue,193,213,
lightskyblue,193,216,
lightskyblue,193,217,
lightskyblue,193,218,
lightskyblue,193,219,
lightskyblue,193,220,
lightskyblue,193,221,
lightskyblue,193,207,
lightskyblue,193,208,
lightskyblue,148,184,
lightskyblue,148,185,
lightskyblue,148,186,
lightskyblue,148,187,
lightskyblue,148,188,
lightskyblue,148,189,
lightskyblue,148,190,
lightskyblue,146,173,
lightskyblue,146,174,
lightskyblue,146,175,
lightskyblue,146,176,
lightskyblue,146,177,
lightskyblue,146,178,
lightskyblue,146,179,
lightskyblue,122,158,
lightskyblue,122,159,
lightskyblue,122,160,
lightskyblue,122,161,
lightskyblue,122,162,
lightskyblue,122,163,
lightskyblue,122,164,
lightskyblue,203,206,
lightskyblue,203,214,
lightskyblue,203,208,
lightskyblue,203,209,
lightskyblue,203,210,
lightskyblue,203,211,
lightskyblue,203,212,
lightskyblue,203,213,
lightskyblue,203,215,
lightskyblue,203,216,
lightskyblue,203,217,
lightskyblue,203,218,
lightskyblue,203,219,
lightskyblue,203,220,
lightskyblue,203,221,
lightskyblue,203,207,
lightskyblue,167,183,
lightskyblue,167,184,
lightskyblue,167,185,
lightskyblue,167,186,
lightskyblue,167,187,
lightskyblue,167,188,
lightskyblue,167,189,
lightskyblue,167,190,
lightskyblue,165,172,
lightskyblue,165,173,
lightskyblue,165,174,
lightskyblue,165,175,
lightskyblue,165,176,
lightskyblue,165,177,
lightskyblue,165,178,
lightskyblue,165,179,
lightskyblue,150,157,
lightskyblue,150,158,
lightskyblue,150,159,
lightskyblue,150,160,
lightskyblue,150,161,
lightskyblue,150,162,
lightskyblue,150,163,
lightskyblue,150,164,
lightskyblue,203,206,
lightskyblue,203,214,
lightskyblue,203,208,
lightskyblue,203,209,
lightskyblue,203,210,
lightskyblue,203,211,
lightskyblue,203,212,
lightskyblue,203,213,
lightskyblue,203,215,
lightskyblue,203,216,
lightskyblue,203,217,
lightskyblue,203,218,
lightskyblue,203,219,
lightskyblue,203,220,
lightskyblue,203,221,
lightskyblue,203,207,
lightskyblue,167,183,
lightskyblue,167,184,
lightskyblue,167,185,
lightskyblue,167,186,
lightskyblue,167,187,
lightskyblue,167,188,
lightskyblue,167,189,
lightskyblue,167,190,
lightskyblue,165,172,
lightskyblue,165,173,
lightskyblue,165,174,
lightskyblue,165,175,
lightskyblue,165,176,
lightskyblue,165,177,
lightskyblue,165,178,
lightskyblue,165,179,
lightskyblue,150,157,
lightskyblue,150,158,
lightskyblue,150,159,
lightskyblue,150,160,
lightskyblue,150,161,
lightskyblue,150,162,
lightskyblue,150,163,
lightskyblue,150,164,
lightskyblue,195,215,
lightskyblue,195,216,
lightskyblue,195,210,
lightskyblue,195,211,
lightskyblue,195,212,
lightskyblue,195,213,
lightskyblue,195,217,
lightskyblue,195,218,
lightskyblue,195,219,
lightskyblue,195,220,
lightskyblue,195,221,
lightskyblue,195,207,
lightskyblue,195,208,
lightskyblue,195,209,
lightskyblue,140,185,
lightskyblue,140,186,
lightskyblue,140,187,
lightskyblue,140,188,
lightskyblue,140,189,
lightskyblue,140,190,
lightskyblue,138,174,
lightskyblue,138,175,
lightskyblue,138,176,
lightskyblue,138,177,
lightskyblue,138,178,
lightskyblue,138,179,
lightskyblue,126,159,
lightskyblue,126,160,
lightskyblue,126,161,
lightskyblue,126,162,
lightskyblue,126,163,
lightskyblue,126,164,
lightskyblue,199,216,
lightskyblue,199,217,
lightskyblue,199,211,
lightskyblue,199,212,
lightskyblue,199,213,
lightskyblue,199,218,
lightskyblue,199,219,
lightskyblue,199,220,
lightskyblue,199,221,
lightskyblue,199,207,
lightskyblue,199,208,
lightskyblue,199,209,
lightskyblue,199,210,
lightskyblue,136,186,
lightskyblue,136,187,
lightskyblue,136,188,
lightskyblue,136,189,
lightskyblue,136,190,
lightskyblue,134,175,
lightskyblue,134,176,
lightskyblue,134,177,
lightskyblue,134,178,
lightskyblue,134,179,
lightskyblue,124,160,
lightskyblue,124,161,
lightskyblue,124,162,
lightskyblue,124,163,
lightskyblue,124,164,
lightskyblue,201,206,
lightskyblue,201,214,
lightskyblue,201,208,
lightskyblue,201,209,
lightskyblue,201,210,
lightskyblue,201,211,
lightskyblue,201,212,
lightskyblue,201,213,
lightskyblue,201,215,
lightskyblue,201,216,
lightskyblue,201,217,
lightskyblue,201,218,
lightskyblue,201,219,
lightskyblue,201,220,
lightskyblue,201,221,
lightskyblue,201,207,
lightskyblue,180,183,
lightskyblue,180,184,
lightskyblue,180,185,
lightskyblue,180,186,
lightskyblue,180,187,
lightskyblue,180,188,
lightskyblue,180,189,
lightskyblue,180,190,
lightskyblue,169,172,
lightskyblue,169,173,
lightskyblue,169,174,
lightskyblue,169,175,
lightskyblue,169,176,
lightskyblue,169,177,
lightskyblue,169,178,
lightskyblue,169,179,
lightskyblue,152,157,
lightskyblue,152,158,
lightskyblue,152,159,
lightskyblue,152,160,
lightskyblue,152,161,
lightskyblue,152,162,
lightskyblue,152,163,
lightskyblue,152,164,
lightskyblue,197,215,
lightskyblue,197,216,
lightskyblue,197,210,
lightskyblue,197,211,
lightskyblue,197,212,
lightskyblue,197,213,
lightskyblue,197,217,
lightskyblue,197,218,
lightskyblue,197,219,
lightskyblue,197,220,
lightskyblue,197,221,
lightskyblue,197,207,
lightskyblue,197,208,
lightskyblue,197,209,
lightskyblue,144,185,
lightskyblue,144,186,
lightskyblue,144,187,
lightskyblue,144,188,
lightskyblue,144,189,
lightskyblue,144,190,
lightskyblue,142,174,
lightskyblue,142,175,
lightskyblue,142,176,
lightskyblue,142,177,
lightskyblue,142,178,
lightskyblue,142,179,
lightskyblue,128,159,
lightskyblue,128,160,
lightskyblue,128,161,
lightskyblue,128,162,
lightskyblue,128,163,
lightskyblue,128,164,
lightskyblue,193,214,
lightskyblue,193,215,
lightskyblue,193,209,
lightskyblue,193,210,
lightskyblue,193,211,
lightskyblue,193,212,
lightskyblue,193,213,
lightskyblue,193,216,
lightskyblue,193,217,
lightskyblue,193,218,
lightskyblue,193,219,
lightskyblue,193,220,
lightskyblue,193,221,
lightskyblue,193,207,
lightskyblue,193,208,
lightskyblue,148,184,
lightskyblue,148,185,
lightskyblue,148,186,
lightskyblue,148,187,
lightskyblue,148,188,
lightskyblue,148,189,
lightskyblue,148,190,
lightskyblue,146,173,
lightskyblue,146,174,
lightskyblue,146,175,
lightskyblue,146,176,
lightskyblue,146,177,
lightskyblue,146,178,
lightskyblue,146,179,
lightskyblue,122,158,
lightskyblue,122,159,
lightskyblue,122,160,
lightskyblue,122,161,
lightskyblue,122,162,
lightskyblue,122,163,
lightskyblue,122,164,
lightskyblue,203,206,
lightskyblue,203,214,
lightskyblue,203,208,
lightskyblue,203,209,
lightskyblue,203,210,
lightskyblue,203,211,
lightskyblue,203,212,
lightskyblue,203,213,
lightskyblue,203,215,
lightskyblue,203,216,
lightskyblue,203,217,
lightskyblue,203,218,
lightskyblue,203,219,
lightskyblue,203,220,
lightskyblue,203,221,
lightskyblue,203,207,
lightskyblue,167,183,
lightskyblue,167,184,
lightskyblue,167,185,
lightskyblue,167,186,
lightskyblue,167,187,
lightskyblue,167,188,
lightskyblue,167,189,
lightskyblue,167,190,
lightskyblue,165,172,
lightskyblue,165,173,
lightskyblue,165,174,
lightskyblue,165,175,
lightskyblue,165,176,
lightskyblue,165,177,
lightskyblue,165,178,
lightskyblue,165,179,
lightskyblue,150,157,
lightskyblue,150,158,
lightskyblue,150,159,
lightskyblue,150,160,
lightskyblue,150,161,
lightskyblue,150,162,
lightskyblue,150,163,
lightskyblue,150,164,
lightskyblue,195,215,
lightskyblue,195,216,
lightskyblue,195,210,
lightskyblue,195,211,
lightskyblue,195,212,
lightskyblue,195,213,
lightskyblue,195,217,
lightskyblue,195,218,
lightskyblue,195,219,
lightskyblue,195,220,
lightskyblue,195,221,
lightskyblue,195,207,
lightskyblue,195,208,
lightskyblue,195,209,
lightskyblue,140,185,
lightskyblue,140,186,
lightskyblue,140,187,
lightskyblue,140,188,
lightskyblue,140,189,
lightskyblue,140,190,
lightskyblue,138,174,
lightskyblue,138,175,
lightskyblue,138,176,
lightskyblue,138,177,
lightskyblue,138,178,
lightskyblue,138,179,
lightskyblue,126,159,
lightskyblue,126,160,
lightskyblue,126,161,
lightskyblue,126,162,
lightskyblue,126,163,
lightskyblue,126,164,
lightskyblue,199,216,
lightskyblue,199,217,
lightskyblue,199,211,
lightskyblue,199,212,
lightskyblue,199,213,
lightskyblue,199,218,
lightskyblue,199,219,
lightskyblue,199,220,
lightskyblue,199,221,
lightskyblue,199,207,
lightskyblue,199,208,
lightskyblue,199,209,
lightskyblue,199,210,
lightskyblue,136,186,
lightskyblue,136,187,
lightskyblue,136,188,
lightskyblue,136,189,
lightskyblue,136,190,
lightskyblue,134,175,
lightskyblue,134,176,
lightskyblue,134,177,
lightskyblue,134,178,
lightskyblue,134,179,
lightskyblue,124,160,
lightskyblue,124,161,
lightskyblue,124,162,
lightskyblue,124,163,
lightskyblue,124,164,
lightskyblue,199,216,
lightskyblue,199,217,
lightskyblue,199,211,
lightskyblue,199,212,
lightskyblue,199,213,
lightskyblue,199,218,
lightskyblue,199,219,
lightskyblue,199,220,
lightskyblue,199,221,
lightskyblue,199,207,
lightskyblue,199,208,
lightskyblue,199,209,
lightskyblue,199,210,
lightskyblue,136,186,
lightskyblue,136,187,
lightskyblue,136,188,
lightskyblue,136,189,
lightskyblue,136,190,
lightskyblue,134,175,
lightskyblue,134,176,
lightskyblue,134,177,
lightskyblue,134,178,
lightskyblue,134,179,
lightskyblue,124,160,
lightskyblue,124,161,
lightskyblue,124,162,
lightskyblue,124,163,
lightskyblue,124,164,
lightskyblue,201,206,
lightskyblue,201,214,
lightskyblue,201,208,
lightskyblue,201,209,
lightskyblue,201,210,
lightskyblue,201,211,
lightskyblue,201,212,
lightskyblue,201,213,
lightskyblue,201,215,
lightskyblue,201,216,
lightskyblue,201,217,
lightskyblue,201,218,
lightskyblue,201,219,
lightskyblue,201,220,
lightskyblue,201,221,
lightskyblue,201,207,
lightskyblue,180,183,
lightskyblue,180,184,
lightskyblue,180,185,
lightskyblue,180,186,
lightskyblue,180,187,
lightskyblue,180,188,
lightskyblue,180,189,
lightskyblue,180,190,
lightskyblue,169,172,
lightskyblue,169,173,
lightskyblue,169,174,
lightskyblue,169,175,
lightskyblue,169,176,
lightskyblue,169,177,
lightskyblue,169,178,
lightskyblue,169,179,
lightskyblue,152,157,
lightskyblue,152,158,
lightskyblue,152,159,
lightskyblue,152,160,
lightskyblue,152,161,
lightskyblue,152,162,
lightskyblue,152,163,
lightskyblue,152,164,
lightskyblue,201,206,
lightskyblue,201,214,
lightskyblue,201,208,
lightskyblue,201,209,
lightskyblue,201,210,
lightskyblue,201,211,
lightskyblue,201,212,
lightskyblue,201,213,
lightskyblue,201,215,
lightskyblue,201,216,
lightskyblue,201,217,
lightskyblue,201,218,
lightskyblue,201,219,
lightskyblue,201,220,
lightskyblue,201,221,
lightskyblue,201,207,
lightskyblue,180,183,
lightskyblue,180,184,
lightskyblue,180,185,
lightskyblue,180,186,
lightskyblue,180,187,
lightskyblue,180,188,
lightskyblue,180,189,
lightskyblue,180,190,
lightskyblue,169,172,
lightskyblue,169,173,
lightskyblue,169,174,
lightskyblue,169,175,
lightskyblue,169,176,
lightskyblue,169,177,
lightskyblue,169,178,
lightskyblue,169,179,
lightskyblue,152,157,
lightskyblue,152,158,
lightskyblue,152,159,
lightskyblue,152,160,
lightskyblue,152,161,
lightskyblue,152,162,
lightskyblue,152,163,
lightskyblue,152,164,
lightskyblue,197,215,
lightskyblue,197,216,
lightskyblue,197,210,
lightskyblue,197,211,
lightskyblue,197,212,
lightskyblue,197,213,
lightskyblue,197,217,
lightskyblue,197,218,
lightskyblue,197,219,
lightskyblue,197,220,
lightskyblue,197,221,
lightskyblue,197,207,
lightskyblue,197,208,
lightskyblue,197,209,
lightskyblue,144,185,
lightskyblue,144,186,
lightskyblue,144,187,
lightskyblue,144,188,
lightskyblue,144,189,
lightskyblue,144,190,
lightskyblue,142,174,
lightskyblue,142,175,
lightskyblue,142,176,
lightskyblue,142,177,
lightskyblue,142,178,
lightskyblue,142,179,
lightskyblue,128,159,
lightskyblue,128,160,
lightskyblue,128,161,
lightskyblue,128,162,
lightskyblue,128,163,
lightskyblue,128,164,
lightskyblue,192,205,
lightskyblue,192,221,
lightskyblue,192,207,
lightskyblue,192,208,
lightskyblue,192,209,
lightskyblue,192,210,
lightskyblue,192,211,
lightskyblue,192,212,
lightskyblue,192,206,
lightskyblue,192,214,
lightskyblue,192,215,
lightskyblue,192,216,
lightskyblue,192,217,
lightskyblue,192,218,
lightskyblue,192,219,
lightskyblue,192,220,
lightskyblue,133,182,
lightskyblue,133,183,
lightskyblue,133,184,
lightskyblue,133,185,
lightskyblue,133,186,
lightskyblue,133,187,
lightskyblue,133,188,
lightskyblue,133,189,
lightskyblue,131,171,
lightskyblue,131,172,
lightskyblue,131,173,
lightskyblue,131,174,
lightskyblue,131,175,
lightskyblue,131,176,
lightskyblue,131,177,
lightskyblue,131,178,
lightskyblue,121,156,
lightskyblue,121,157,
lightskyblue,121,158,
lightskyblue,121,159,
lightskyblue,121,160,
lightskyblue,121,161,
lightskyblue,121,162,
lightskyblue,121,163,
lightskyblue,155,218,
lightskyblue,155,219,
lightskyblue,155,220,
lightskyblue,155,221,
lightskyblue,155,207,
lightskyblue,155,208,
lightskyblue,155,209,
lightskyblue,155,205,
lightskyblue,155,206,
lightskyblue,155,214,
lightskyblue,155,215,
lightskyblue,155,216,
lightskyblue,155,217,
lightskyblue,119,182,
lightskyblue,119,183,
lightskyblue,119,184,
lightskyblue,119,185,
lightskyblue,119,186,
lightskyblue,117,171,
lightskyblue,117,172,
lightskyblue,117,173,
lightskyblue,117,174,
lightskyblue,117,175,
lightskyblue,115,156,
lightskyblue,115,157,
lightskyblue,115,158,
lightskyblue,115,159,
lightskyblue,115,160,
lightskyblue,204,205,
lightskyblue,204,221,
lightskyblue,204,207,
lightskyblue,204,208,
lightskyblue,204,209,
lightskyblue,204,210,
lightskyblue,204,211,
lightskyblue,204,212,
lightskyblue,204,206,
lightskyblue,204,214,
lightskyblue,204,215,
lightskyblue,204,216,
lightskyblue,204,217,
lightskyblue,204,218,
lightskyblue,204,219,
lightskyblue,204,220,
lightskyblue,168,182,
lightskyblue,168,183,
lightskyblue,168,184,
lightskyblue,168,185,
lightskyblue,168,186,
lightskyblue,168,187,
lightskyblue,168,188,
lightskyblue,168,189,
lightskyblue,166,171,
lightskyblue,166,172,
lightskyblue,166,173,
lightskyblue,166,174,
lightskyblue,166,175,
lightskyblue,166,176,
lightskyblue,166,177,
lightskyblue,166,178,
lightskyblue,151,156,
lightskyblue,151,157,
lightskyblue,151,158,
lightskyblue,151,159,
lightskyblue,151,160,
lightskyblue,151,161,
lightskyblue,151,162,
lightskyblue,151,163,
lightskyblue,196,219,
lightskyblue,196,220,
lightskyblue,196,221,
lightskyblue,196,207,
lightskyblue,196,208,
lightskyblue,196,209,
lightskyblue,196,210,
lightskyblue,196,205,
lightskyblue,196,206,
lightskyblue,196,214,
lightskyblue,196,215,
lightskyblue,196,216,
lightskyblue,196,217,
lightskyblue,196,218,
lightskyblue,141,182,
lightskyblue,141,183,
lightskyblue,141,184,
lightskyblue,141,185,
lightskyblue,141,186,
lightskyblue,141,187,
lightskyblue,139,171,
lightskyblue,139,172,
lightskyblue,139,173,
lightskyblue,139,174,
lightskyblue,139,175,
lightskyblue,139,176,
lightskyblue,127,156,
lightskyblue,127,157,
lightskyblue,127,158,
lightskyblue,127,159,
lightskyblue,127,160,
lightskyblue,127,161,
lightskyblue,200,218,
lightskyblue,200,219,
lightskyblue,200,220,
lightskyblue,200,221,
lightskyblue,200,207,
lightskyblue,200,208,
lightskyblue,200,209,
lightskyblue,200,205,
lightskyblue,200,206,
lightskyblue,200,214,
lightskyblue,200,215,
lightskyblue,200,216,
lightskyblue,200,217,
lightskyblue,137,182,
lightskyblue,137,183,
lightskyblue,137,184,
lightskyblue,137,185,
lightskyblue,137,186,
lightskyblue,135,171,
lightskyblue,135,172,
lightskyblue,135,173,
lightskyblue,135,174,
lightskyblue,135,175,
lightskyblue,125,156,
lightskyblue,125,157,
lightskyblue,125,158,
lightskyblue,125,159,
lightskyblue,125,160,
lightskyblue,202,205,
lightskyblue,202,221,
lightskyblue,202,207,
lightskyblue,202,208,
lightskyblue,202,209,
lightskyblue,202,210,
lightskyblue,202,211,
lightskyblue,202,212,
lightskyblue,202,206,
lightskyblue,202,214,
lightskyblue,202,215,
lightskyblue,202,216,
lightskyblue,202,217,
lightskyblue,202,218,
lightskyblue,202,219,
lightskyblue,202,220,
lightskyblue,181,182,
lightskyblue,181,183,
lightskyblue,181,184,
lightskyblue,181,185,
lightskyblue,181,186,
lightskyblue,181,187,
lightskyblue,181,188,
lightskyblue,181,189,
lightskyblue,170,171,
lightskyblue,170,172,
lightskyblue,170,173,
lightskyblue,170,174,
lightskyblue,170,175,
lightskyblue,170,176,
lightskyblue,170,177,
lightskyblue,170,178,
lightskyblue,153,156,
lightskyblue,153,157,
lightskyblue,153,158,
lightskyblue,153,159,
lightskyblue,153,160,
lightskyblue,153,161,
lightskyblue,153,162,
lightskyblue,153,163,
lightskyblue,198,219,
lightskyblue,198,220,
lightskyblue,198,221,
lightskyblue,198,207,
lightskyblue,198,208,
lightskyblue,198,209,
lightskyblue,198,210,
lightskyblue,198,205,
lightskyblue,198,206,
lightskyblue,198,214,
lightskyblue,198,215,
lightskyblue,198,216,
lightskyblue,198,217,
lightskyblue,198,218,
lightskyblue,145,182,
lightskyblue,145,183,
lightskyblue,145,184,
lightskyblue,145,185,
lightskyblue,145,186,
lightskyblue,145,187,
lightskyblue,143,171,
lightskyblue,143,172,
lightskyblue,143,173,
lightskyblue,143,174,
lightskyblue,143,175,
lightskyblue,143,176,
lightskyblue,129,156,
lightskyblue,129,157,
lightskyblue,129,158,
lightskyblue,129,159,
lightskyblue,129,160,
lightskyblue,129,161,
lightskyblue,194,220,
lightskyblue,194,221,
lightskyblue,194,207,
lightskyblue,194,208,
lightskyblue,194,209,
lightskyblue,194,210,
lightskyblue,194,211,
lightskyblue,194,205,
lightskyblue,194,206,
lightskyblue,194,214,
lightskyblue,194,215,
lightskyblue,194,216,
lightskyblue,194,217,
lightskyblue,194,218,
lightskyblue,194,219,
lightskyblue,149,182,
lightskyblue,149,183,
lightskyblue,149,184,
lightskyblue,149,185,
lightskyblue,149,186,
lightskyblue,149,187,
lightskyblue,149,188,
lightskyblue,147,171,
lightskyblue,147,172,
lightskyblue,147,173,
lightskyblue,147,174,
lightskyblue,147,175,
lightskyblue,147,176,
lightskyblue,147,177,
lightskyblue,123,156,
lightskyblue,123,157,
lightskyblue,123,158,
lightskyblue,123,159,
lightskyblue,123,160,
lightskyblue,123,161,
lightskyblue,123,162,
lightskyblue,112,
lightskyblue,110,
lightskyblue,108,
lightskyblue,102,
lightskyblue,104,
lightskyblue,88,
lightskyblue,232,
lightskyblue,66,
lightskyblue,106,
lightskyblue,74,
lightskyblue,98,
lightskyblue,68,
lightskyblue,100,
lightskyblue,224,
lightskyblue,96,
lightskyblue,94,
lightskyblue,70,
lightskyblue,222,
lightskyblue,90,
lightskyblue,230,
lightskyblue,92,
lightskyblue,72,
lightskyblue,80,
lightskyblue,78,
lightskyblue,76,
lightskyblue,226,
lightskyblue,84,
lightskyblue,228,
lightskyblue,82,
lightskyblue,86,
lightskyblue,132,183,
lightskyblue,132,184,
lightskyblue,132,185,
lightskyblue,132,186,
lightskyblue,132,187,
lightskyblue,132,188,
lightskyblue,132,189,
lightskyblue,132,190,
lightskyblue,130,172,
lightskyblue,130,173,
lightskyblue,130,174,
lightskyblue,130,175,
lightskyblue,130,176,
lightskyblue,130,177,
lightskyblue,130,178,
lightskyblue,130,179,
lightskyblue,120,157,
lightskyblue,120,158,
lightskyblue,120,159,
lightskyblue,120,160,
lightskyblue,120,161,
lightskyblue,120,162,
lightskyblue,120,163,
lightskyblue,120,164,
lightskyblue,191,206,
lightskyblue,191,214,
lightskyblue,191,208,
lightskyblue,191,209,
lightskyblue,191,210,
lightskyblue,191,211,
lightskyblue,191,212,
lightskyblue,191,213,
lightskyblue,191,215,
lightskyblue,191,216,
lightskyblue,191,217,
lightskyblue,191,218,
lightskyblue,191,219,
lightskyblue,191,220,
lightskyblue,191,221,
lightskyblue,191,207,
lightskyblue,130,172,
lightskyblue,130,173,
lightskyblue,130,174,
lightskyblue,130,175,
lightskyblue,130,176,
lightskyblue,130,177,
lightskyblue,130,178,
lightskyblue,130,179,
lightskyblue,191,206,
lightskyblue,191,214,
lightskyblue,191,208,
lightskyblue,191,209,
lightskyblue,191,210,
lightskyblue,191,211,
lightskyblue,191,212,
lightskyblue,191,213,
lightskyblue,191,215,
lightskyblue,191,216,
lightskyblue,191,217,
lightskyblue,191,218,
lightskyblue,191,219,
lightskyblue,191,220,
lightskyblue,191,221,
lightskyblue,191,207,
lightskyblue,132,183,
lightskyblue,132,184,
lightskyblue,132,185,
lightskyblue,132,186,
lightskyblue,132,187,
lightskyblue,132,188,
lightskyblue,132,189,
lightskyblue,132,190,
lightskyblue,191,206,
lightskyblue,191,214,
lightskyblue,191,208,
lightskyblue,191,209,
lightskyblue,191,210,
lightskyblue,191,211,
lightskyblue,191,212,
lightskyblue,191,213,
lightskyblue,191,215,
lightskyblue,191,216,
lightskyblue,191,217,
lightskyblue,191,218,
lightskyblue,191,219,
lightskyblue,191,220,
lightskyblue,191,221,
lightskyblue,191,207,
lightskyblue,118,186,
lightskyblue,118,187,
lightskyblue,118,188,
lightskyblue,118,189,
lightskyblue,118,190,
lightskyblue,116,175,
lightskyblue,116,176,
lightskyblue,116,177,
lightskyblue,116,178,
lightskyblue,116,179,
lightskyblue,114,160,
lightskyblue,114,161,
lightskyblue,114,162,
lightskyblue,114,163,
lightskyblue,114,164,
lightskyblue,154,216,
lightskyblue,154,217,
lightskyblue,154,211,
lightskyblue,154,212,
lightskyblue,154,213,
lightskyblue,154,218,
lightskyblue,154,219,
lightskyblue,154,220,
lightskyblue,154,221,
lightskyblue,154,207,
lightskyblue,154,208,
lightskyblue,154,209,
lightskyblue,154,210,
lightskyblue,116,175,
lightskyblue,116,176,
lightskyblue,116,177,
lightskyblue,116,178,
lightskyblue,116,179,
lightskyblue,154,216,
lightskyblue,154,217,
lightskyblue,154,211,
lightskyblue,154,212,
lightskyblue,154,213,
lightskyblue,154,218,
lightskyblue,154,219,
lightskyblue,154,220,
lightskyblue,154,221,
lightskyblue,154,207,
lightskyblue,154,208,
lightskyblue,154,209,
lightskyblue,154,210,
lightskyblue,118,186,
lightskyblue,118,187,
lightskyblue,118,188,
lightskyblue,118,189,
lightskyblue,118,190,
lightskyblue,154,216,
lightskyblue,154,217,
lightskyblue,154,211,
lightskyblue,154,212,
lightskyblue,154,213,
lightskyblue,154,218,
lightskyblue,154,219,
lightskyblue,154,220,
lightskyblue,154,221,
lightskyblue,154,207,
lightskyblue,154,208,
lightskyblue,154,209,
lightskyblue,154,210,
lightskyblue,167,183,
lightskyblue,167,184,
lightskyblue,167,185,
lightskyblue,167,186,
lightskyblue,167,187,
lightskyblue,167,188,
lightskyblue,167,189,
lightskyblue,167,190,
lightskyblue,165,172,
lightskyblue,165,173,
lightskyblue,165,174,
lightskyblue,165,175,
lightskyblue,165,176,
lightskyblue,165,177,
lightskyblue,165,178,
lightskyblue,165,179,
lightskyblue,150,157,
lightskyblue,150,158,
lightskyblue,150,159,
lightskyblue,150,160,
lightskyblue,150,161,
lightskyblue,150,162,
lightskyblue,150,163,
lightskyblue,150,164,
lightskyblue,203,206,
lightskyblue,203,214,
lightskyblue,203,208,
lightskyblue,203,209,
lightskyblue,203,210,
lightskyblue,203,211,
lightskyblue,203,212,
lightskyblue,203,213,
lightskyblue,203,215,
lightskyblue,203,216,
lightskyblue,203,217,
lightskyblue,203,218,
lightskyblue,203,219,
lightskyblue,203,220,
lightskyblue,203,221,
lightskyblue,203,207,
lightskyblue,165,172,
lightskyblue,165,173,
lightskyblue,165,174,
lightskyblue,165,175,
lightskyblue,165,176,
lightskyblue,165,177,
lightskyblue,165,178,
lightskyblue,165,179,
lightskyblue,203,206,
lightskyblue,203,214,
lightskyblue,203,208,
lightskyblue,203,209,
lightskyblue,203,210,
lightskyblue,203,211,
lightskyblue,203,212,
lightskyblue,203,213,
lightskyblue,203,215,
lightskyblue,203,216,
lightskyblue,203,217,
lightskyblue,203,218,
lightskyblue,203,219,
lightskyblue,203,220,
lightskyblue,203,221,
lightskyblue,203,207,
lightskyblue,167,183,
lightskyblue,167,184,
lightskyblue,167,185,
lightskyblue,167,186,
lightskyblue,167,187,
lightskyblue,167,188,
lightskyblue,167,189,
lightskyblue,167,190,
lightskyblue,203,206,
lightskyblue,203,214,
lightskyblue,203,208,
lightskyblue,203,209,
lightskyblue,203,210,
lightskyblue,203,211,
lightskyblue,203,212,
lightskyblue,203,213,
lightskyblue,203,215,
lightskyblue,203,216,
lightskyblue,203,217,
lightskyblue,203,218,
lightskyblue,203,219,
lightskyblue,203,220,
lightskyblue,203,221,
lightskyblue,203,207,
lightskyblue,140,185,
lightskyblue,140,186,
lightskyblue,140,187,
lightskyblue,140,188,
lightskyblue,140,189,
lightskyblue,140,190,
lightskyblue,138,174,
lightskyblue,138,175,
lightskyblue,138,176,
lightskyblue,138,177,
lightskyblue,138,178,
lightskyblue,138,179,
lightskyblue,126,159,
lightskyblue,126,160,
lightskyblue,126,161,
lightskyblue,126,162,
lightskyblue,126,163,
lightskyblue,126,164,
lightskyblue,195,215,
lightskyblue,195,216,
lightskyblue,195,210,
lightskyblue,195,211,
lightskyblue,195,212,
lightskyblue,195,213,
lightskyblue,195,217,
lightskyblue,195,218,
lightskyblue,195,219,
lightskyblue,195,220,
lightskyblue,195,221,
lightskyblue,195,207,
lightskyblue,195,208,
lightskyblue,195,209,
lightskyblue,138,174,
lightskyblue,138,175,
lightskyblue,138,176,
lightskyblue,138,177,
lightskyblue,138,178,
lightskyblue,138,179,
lightskyblue,195,215,
lightskyblue,195,216,
lightskyblue,195,210,
lightskyblue,195,211,
lightskyblue,195,212,
lightskyblue,195,213,
lightskyblue,195,217,
lightskyblue,195,218,
lightskyblue,195,219,
lightskyblue,195,220,
lightskyblue,195,221,
lightskyblue,195,207,
lightskyblue,195,208,
lightskyblue,195,209,
lightskyblue,140,185,
lightskyblue,140,186,
lightskyblue,140,187,
lightskyblue,140,188,
lightskyblue,140,189,
lightskyblue,140,190,
lightskyblue,195,215,
lightskyblue,195,216,
lightskyblue,195,210,
lightskyblue,195,211,
lightskyblue,195,212,
lightskyblue,195,213,
lightskyblue,195,217,
lightskyblue,195,218,
lightskyblue,195,219,
lightskyblue,195,220,
lightskyblue,195,221,
lightskyblue,195,207,
lightskyblue,195,208,
lightskyblue,195,209,
lightskyblue,136,186,
lightskyblue,136,187,
lightskyblue,136,188,
lightskyblue,136,189,
lightskyblue,136,190,
lightskyblue,134,175,
lightskyblue,134,176,
lightskyblue,134,177,
lightskyblue,134,178,
lightskyblue,134,179,
lightskyblue,124,160,
lightskyblue,124,161,
lightskyblue,124,162,
lightskyblue,124,163,
lightskyblue,124,164,
lightskyblue,199,216,
lightskyblue,199,217,
lightskyblue,199,211,
lightskyblue,199,212,
lightskyblue,199,213,
lightskyblue,199,218,
lightskyblue,199,219,
lightskyblue,199,220,
lightskyblue,199,221,
lightskyblue,199,207,
lightskyblue,199,208,
lightskyblue,199,209,
lightskyblue,199,210,
lightskyblue,134,175,
lightskyblue,134,176,
lightskyblue,134,177,
lightskyblue,134,178,
lightskyblue,134,179,
lightskyblue,199,216,
lightskyblue,199,217,
lightskyblue,199,211,
lightskyblue,199,212,
lightskyblue,199,213,
lightskyblue,199,218,
lightskyblue,199,219,
lightskyblue,199,220,
lightskyblue,199,221,
lightskyblue,199,207,
lightskyblue,199,208,
lightskyblue,199,209,
lightskyblue,199,210,
lightskyblue,136,186,
lightskyblue,136,187,
lightskyblue,136,188,
lightskyblue,136,189,
lightskyblue,136,190,
lightskyblue,199,216,
lightskyblue,199,217,
lightskyblue,199,211,
lightskyblue,199,212,
lightskyblue,199,213,
lightskyblue,199,218,
lightskyblue,199,219,
lightskyblue,199,220,
lightskyblue,199,221,
lightskyblue,199,207,
lightskyblue,199,208,
lightskyblue,199,209,
lightskyblue,199,210,
lightskyblue,180,183,
lightskyblue,180,184,
lightskyblue,180,185,
lightskyblue,180,186,
lightskyblue,180,187,
lightskyblue,180,188,
lightskyblue,180,189,
lightskyblue,180,190,
lightskyblue,169,172,
lightskyblue,169,173,
lightskyblue,169,174,
lightskyblue,169,175,
lightskyblue,169,176,
lightskyblue,169,177,
lightskyblue,169,178,
lightskyblue,169,179,
lightskyblue,152,157,
lightskyblue,152,158,
lightskyblue,152,159,
lightskyblue,152,160,
lightskyblue,152,161,
lightskyblue,152,162,
lightskyblue,152,163,
lightskyblue,152,164,
lightskyblue,201,206,
lightskyblue,201,214,
lightskyblue,201,208,
lightskyblue,201,209,
lightskyblue,201,210,
lightskyblue,201,211,
lightskyblue,201,212,
lightskyblue,201,213,
lightskyblue,201,215,
lightskyblue,201,216,
lightskyblue,201,217,
lightskyblue,201,218,
lightskyblue,201,219,
lightskyblue,201,220,
lightskyblue,201,221,
lightskyblue,201,207,
lightskyblue,169,172,
lightskyblue,169,173,
lightskyblue,169,174,
lightskyblue,169,175,
lightskyblue,169,176,
lightskyblue,169,177,
lightskyblue,169,178,
lightskyblue,169,179,
lightskyblue,201,206,
lightskyblue,201,214,
lightskyblue,201,208,
lightskyblue,201,209,
lightskyblue,201,210,
lightskyblue,201,211,
lightskyblue,201,212,
lightskyblue,201,213,
lightskyblue,201,215,
lightskyblue,201,216,
lightskyblue,201,217,
lightskyblue,201,218,
lightskyblue,201,219,
lightskyblue,201,220,
lightskyblue,201,221,
lightskyblue,201,207,
lightskyblue,180,183,
lightskyblue,180,184,
lightskyblue,180,185,
lightskyblue,180,186,
lightskyblue,180,187,
lightskyblue,180,188,
lightskyblue,180,189,
lightskyblue,180,190,
lightskyblue,201,206,
lightskyblue,201,214,
lightskyblue,201,208,
lightskyblue,201,209,
lightskyblue,201,210,
lightskyblue,201,211,
lightskyblue,201,212,
lightskyblue,201,213,
lightskyblue,201,215,
lightskyblue,201,216,
lightskyblue,201,217,
lightskyblue,201,218,
lightskyblue,201,219,
lightskyblue,201,220,
lightskyblue,201,221,
lightskyblue,201,207,
lightskyblue,144,185,
lightskyblue,144,186,
lightskyblue,144,187,
lightskyblue,144,188,
lightskyblue,144,189,
lightskyblue,144,190,
lightskyblue,142,174,
lightskyblue,142,175,
lightskyblue,142,176,
lightskyblue,142,177,
lightskyblue,142,178,
lightskyblue,142,179,
lightskyblue,128,159,
lightskyblue,128,160,
lightskyblue,128,161,
lightskyblue,128,162,
lightskyblue,128,163,
lightskyblue,128,164,
lightskyblue,197,215,
lightskyblue,197,216,
lightskyblue,197,210,
lightskyblue,197,211,
lightskyblue,197,212,
lightskyblue,197,213,
lightskyblue,197,217,
lightskyblue,197,218,
lightskyblue,197,219,
lightskyblue,197,220,
lightskyblue,197,221,
lightskyblue,197,207,
lightskyblue,197,208,
lightskyblue,197,209,
lightskyblue,142,174,
lightskyblue,142,175,
lightskyblue,142,176,
lightskyblue,142,177,
lightskyblue,142,178,
lightskyblue,142,179,
lightskyblue,197,215,
lightskyblue,197,216,
lightskyblue,197,210,
lightskyblue,197,211,
lightskyblue,197,212,
lightskyblue,197,213,
lightskyblue,197,217,
lightskyblue,197,218,
lightskyblue,197,219,
lightskyblue,197,220,
lightskyblue,197,221,
lightskyblue,197,207,
lightskyblue,197,208,
lightskyblue,197,209,
lightskyblue,144,185,
lightskyblue,144,186,
lightskyblue,144,187,
lightskyblue,144,188,
lightskyblue,144,189,
lightskyblue,144,190,
lightskyblue,197,215,
lightskyblue,197,216,
lightskyblue,197,210,
lightskyblue,197,211,
lightskyblue,197,212,
lightskyblue,197,213,
lightskyblue,197,217,
lightskyblue,197,218,
lightskyblue,197,219,
lightskyblue,197,220,
lightskyblue,197,221,
lightskyblue,197,207,
lightskyblue,197,208,
lightskyblue,197,209,
lightskyblue,148,184,
lightskyblue,148,185,
lightskyblue,148,186,
lightskyblue,148,187,
lightskyblue,148,188,
lightskyblue,148,189,
lightskyblue,148,190,
lightskyblue,146,173,
lightskyblue,146,174,
lightskyblue,146,175,
lightskyblue,146,176,
lightskyblue,146,177,
lightskyblue,146,178,
lightskyblue,146,179,
lightskyblue,122,158,
lightskyblue,122,159,
lightskyblue,122,160,
lightskyblue,122,161,
lightskyblue,122,162,
lightskyblue,122,163,
lightskyblue,122,164,
lightskyblue,193,214,
lightskyblue,193,215,
lightskyblue,193,209,
lightskyblue,193,210,
lightskyblue,193,211,
lightskyblue,193,212,
lightskyblue,193,213,
lightskyblue,193,216,
lightskyblue,193,217,
lightskyblue,193,218,
lightskyblue,193,219,
lightskyblue,193,220,
lightskyblue,193,221,
lightskyblue,193,207,
lightskyblue,193,208,
lightskyblue,146,173,
lightskyblue,146,174,
lightskyblue,146,175,
lightskyblue,146,176,
lightskyblue,146,177,
lightskyblue,146,178,
lightskyblue,146,179,
lightskyblue,193,214,
lightskyblue,193,215,
lightskyblue,193,209,
lightskyblue,193,210,
lightskyblue,193,211,
lightskyblue,193,212,
lightskyblue,193,213,
lightskyblue,193,216,
lightskyblue,193,217,
lightskyblue,193,218,
lightskyblue,193,219,
lightskyblue,193,220,
lightskyblue,193,221,
lightskyblue,193,207,
lightskyblue,193,208,
lightskyblue,148,184,
lightskyblue,148,185,
lightskyblue,148,186,
lightskyblue,148,187,
lightskyblue,148,188,
lightskyblue,148,189,
lightskyblue,148,190,
lightskyblue,193,214,
lightskyblue,193,215,
lightskyblue,193,209,
lightskyblue,193,210,
lightskyblue,193,211,
lightskyblue,193,212,
lightskyblue,193,213,
lightskyblue,193,216,
lightskyblue,193,217,
lightskyblue,193,218,
lightskyblue,193,219,
lightskyblue,193,220,
lightskyblue,193,221,
lightskyblue,193,207,
lightskyblue,193,208,
