green,
green,
green,
green,
green,
green,
green,
green,
green,
green,
green,
green,
green,
green,
green,
green,
green,
green,
green,
green,
green,
green,
green,
green,
green,
green,
green,
green,
green,
green,
green,
green,
green,
green,
green,
green,
green,
green,
green,
green,
green,
green,
green,
green,
green,
green,
green,
green,
green,
green,
green,
green,
green,
green,
green,
green,
green,
green,
green,
green,
green,
green,
green,
green,
gold,0,486,487,488,489,490,491,492,
gold,0,
gold,1,440,441,442,443,444,445,446,447,
gold,1,
gold,2,310,311,312,313,314,
gold,2,
gold,3,344,345,346,347,348,349,350,351,
gold,3,
gold,4,336,337,338,339,340,341,342,343,
gold,4,
gold,5,456,457,458,459,460,461,462,463,
gold,5,
gold,6,493,494,495,496,497,498,499,
gold,6,
gold,7,380,381,382,383,
gold,7,
gold,8,251,252,253,254,255,
gold,8,
gold,9,315,316,317,318,319,
gold,9,
gold,10,416,417,418,419,420,421,422,423,
gold,10,
gold,11,352,353,354,355,356,357,358,359,
gold,11,
gold,12,292,293,294,295,296,297,298,299,300,301,302,303,304,
gold,12,
gold,13,424,425,426,427,428,429,430,431,432,433,434,435,436,437,438,439,
gold,13,
gold,14,408,409,410,411,412,413,414,415,
gold,14,
gold,15,384,385,386,387,388,389,390,391,392,393,394,395,396,397,398,399,
gold,15,
gold,16,400,401,402,403,404,405,406,407,
gold,16,
gold,17,271,272,273,274,275,276,277,
gold,17,
gold,18,256,257,258,259,260,261,262,263,264,265,266,267,268,269,270,
gold,18,
gold,19,278,279,280,281,282,283,284,
gold,19,
gold,20,479,480,481,482,483,484,485,
gold,20,
gold,21,372,373,374,375,
gold,21,
gold,22,360,361,362,363,364,365,366,367,368,369,370,371,
gold,22,
gold,23,376,377,378,379,
gold,23,
gold,24,246,247,248,249,250,
gold,24,
gold,25,228,229,230,231,232,233,234,235,236,237,238,239,240,
gold,25,
gold,26,532,533,534,535,536,537,538,539,560,561,562,563,660,661,662,663,664,665,666,667,776,777,778,779,780,781,782,783,813,814,815,816,817,818,819,879,880,881,882,883,1130,1207,1208,1209,1210,1211,1212,1213,1214,1215,1216,1217,1218,1219,
gold,26,251,252,253,254,255,1166,1167,1168,1169,1170,
gold,27,532,533,534,535,536,537,538,539,584,585,586,587,660,661,662,663,664,665,666,667,700,701,702,703,704,705,706,707,849,850,851,852,853,854,855,943,944,945,946,947,1136,1351,1352,1353,1354,1355,1356,1357,1358,1359,1360,1361,1362,1363,
gold,27,315,316,317,318,319,1310,1311,1312,1313,1314,
gold,28,560,561,562,563,584,585,586,587,620,621,622,623,624,625,626,627,913,914,915,916,917,918,919,1285,1286,1287,1288,1289,1290,1291,1292,1293,1294,1295,1296,1297,1298,1299,
gold,28,285,286,287,288,289,290,291,1234,1235,1236,1237,1238,1239,1240,
gold,29,737,738,739,740,741,742,743,1008,1009,1010,1011,1143,1496,1497,1498,1499,1500,1501,1502,1503,1504,1505,1506,1507,
gold,29,380,381,382,383,560,561,562,563,584,585,586,587,1460,1461,1462,1463,
gold,30,516,517,518,519,520,521,522,523,552,553,554,555,644,645,646,647,648,649,650,651,760,761,762,763,764,765,766,767,799,800,801,802,803,804,805,869,870,871,872,873,1171,1172,1173,1174,1175,1176,1177,1178,1179,1180,1181,1182,1183,1184,1185,1186,1187,1188,
gold,30,241,242,243,244,245,1156,1157,1158,1159,1160,1202,1203,1204,1205,1206,
gold,31,524,525,526,527,528,529,530,531,556,557,558,559,652,653,654,655,656,657,658,659,768,769,770,771,772,773,774,775,806,807,808,809,810,811,812,874,875,876,877,878,1129,1189,1190,1191,1192,1193,1194,1195,1196,1197,1198,1199,1200,1201,1202,1203,1204,1205,1206,
gold,31,246,247,248,249,250,1161,1162,1163,1164,1165,1184,1185,1186,1187,1188,
gold,32,516,517,518,519,520,521,522,523,576,577,578,579,644,645,646,647,648,649,650,651,684,685,686,687,688,689,690,691,835,836,837,838,839,840,841,933,934,935,936,937,1315,1316,1317,1318,1319,1320,1321,1322,1323,1324,1325,1326,1327,1328,1329,1330,1331,1332,
gold,32,305,306,307,308,309,1300,1301,1302,1303,1304,1346,1347,1348,1349,1350,
gold,33,524,525,526,527,528,529,530,531,580,581,582,583,652,653,654,655,656,657,658,659,692,693,694,695,696,697,698,699,842,843,844,845,846,847,848,938,939,940,941,942,1135,1333,1334,1335,1336,1337,1338,1339,1340,1341,1342,1343,1344,1345,1346,1347,1348,1349,1350,
gold,33,310,311,312,313,314,1305,1306,1307,1308,1309,1328,1329,1330,1331,1332,
gold,34,620,621,622,623,624,625,626,627,700,701,702,703,704,705,706,707,980,981,982,983,984,985,986,987,1139,1436,1437,1438,1439,1440,1441,1442,1443,1444,1445,1446,1447,1448,1449,1450,1451,
gold,34,352,353,354,355,356,357,358,359,1380,1381,1382,1383,1384,1385,1386,1387,
gold,35,723,724,725,726,727,728,729,1000,1001,1002,1003,1141,1464,1465,1466,1467,1468,1469,1470,1471,1472,1473,1474,1475,1476,1477,1478,1479,
gold,35,372,373,374,375,552,553,554,555,576,577,578,579,1452,1453,1454,1455,1492,1493,1494,1495,
gold,36,730,731,732,733,734,735,736,1004,1005,1006,1007,1142,1480,1481,1482,1483,1484,1485,1486,1487,1488,1489,1490,1491,1492,1493,1494,1495,
gold,36,376,377,378,379,556,557,558,559,580,581,582,583,1456,1457,1458,1459,1476,1477,1478,1479,
gold,37,552,553,554,555,576,577,578,579,604,605,606,607,608,609,610,611,899,900,901,902,903,904,905,1132,1241,1242,1243,1244,1245,1246,1247,1248,1249,1250,1251,1252,1253,1254,1255,1256,1257,1258,1259,1260,1261,1262,
gold,37,271,272,273,274,275,276,277,1220,1221,1222,1223,1224,1225,1226,1278,1279,1280,1281,1282,1283,1284,
gold,38,556,557,558,559,580,581,582,583,612,613,614,615,616,617,618,619,906,907,908,909,910,911,912,1133,1263,1264,1265,1266,1267,1268,1269,1270,1271,1272,1273,1274,1275,1276,1277,1278,1279,1280,1281,1282,1283,1284,
gold,38,278,279,280,281,282,283,284,1227,1228,1229,1230,1231,1232,1233,1256,1257,1258,1259,1260,1261,1262,
gold,39,612,613,614,615,616,617,618,619,692,693,694,695,696,697,698,699,972,973,974,975,976,977,978,979,1138,1412,1413,1414,1415,1416,1417,1418,1419,1420,1421,1422,1423,1424,1425,1426,1427,1428,1429,1430,1431,1432,1433,1434,1435,
gold,39,344,345,346,347,348,349,350,351,1372,1373,1374,1375,1376,1377,1378,1379,1404,1405,1406,1407,1408,1409,1410,1411,
gold,40,604,605,606,607,608,609,610,611,684,685,686,687,688,689,690,691,964,965,966,967,968,969,970,971,1137,1388,1389,1390,1391,1392,1393,1394,1395,1396,1397,1398,1399,1400,1401,1402,1403,1404,1405,1406,1407,1408,1409,1410,1411,
gold,40,336,337,338,339,340,341,342,343,1364,1365,1366,1367,1368,1369,1370,1371,1428,1429,1430,1431,1432,1433,1434,1435,
gold,41,1084,1085,1086,1087,1088,1089,1090,1091,1151,1668,1669,1670,1671,1672,1673,1674,1675,1676,1677,1678,1679,1680,1681,1682,1683,
gold,41,456,457,458,459,460,461,462,463,776,777,778,779,780,781,782,783,1612,1613,1614,1615,1616,1617,1618,1619,
gold,42,1068,1069,1070,1071,1072,1073,1074,1075,1149,1620,1621,1622,1623,1624,1625,1626,1627,1628,1629,1630,1631,1632,1633,1634,1635,1636,1637,1638,1639,1640,1641,1642,1643,
gold,42,440,441,442,443,444,445,446,447,760,761,762,763,764,765,766,767,1596,1597,1598,1599,1600,1601,1602,1603,1660,1661,1662,1663,1664,1665,1666,1667,
gold,43,737,738,739,740,741,742,743,776,777,778,779,780,781,782,783,813,814,815,816,817,818,819,849,850,851,852,853,854,855,1044,1045,1046,1047,1048,1049,1050,1051,1147,1580,1581,1582,1583,1584,1585,1586,1587,1588,1589,1590,1591,1592,1593,1594,1595,
gold,43,416,417,418,419,420,421,422,423,532,533,534,535,536,537,538,539,620,621,622,623,624,625,626,627,660,661,662,663,664,665,666,667,700,701,702,703,704,705,706,707,1524,1525,1526,1527,1528,1529,1530,1531,
gold,44,1121,1122,1123,1124,1125,1126,1127,1155,1749,1750,1751,1752,1753,1754,1755,1756,1757,1758,1759,1760,1761,1762,1763,
gold,44,493,494,495,496,497,498,499,737,738,739,740,741,742,743,813,814,815,816,817,818,819,849,850,851,852,853,854,855,1698,1699,1700,1701,1702,1703,1704,
gold,45,251,285,315,352,380,416,456,493,532,560,584,620,660,700,737,776,813,849,1166,1234,1310,1380,1460,1524,1612,1698,
gold,45,252,286,316,353,381,417,457,494,533,561,585,621,661,701,738,777,814,850,980,1044,1084,1167,1235,1311,1381,1461,1525,1613,1699,
gold,45,253,287,317,354,382,418,458,495,534,562,586,622,662,702,739,778,815,851,913,981,1045,1085,1121,1168,1236,1312,1382,1462,1526,1614,1700,
gold,45,254,288,318,355,383,419,459,496,535,563,587,623,663,703,740,779,816,852,914,982,1046,1086,1122,1169,1237,1313,1383,1463,1527,1615,1701,
gold,45,255,289,319,356,420,460,497,536,624,664,704,741,780,817,853,879,915,943,983,1047,1087,1123,1170,1238,1314,1384,1528,1616,1702,
gold,45,290,357,421,461,498,537,625,665,705,742,781,818,854,880,916,944,984,1008,1048,1088,1124,1239,1385,1529,1617,1703,
gold,45,291,358,422,462,499,538,626,666,706,743,782,819,855,881,917,945,985,1009,1049,1089,1125,1240,1386,1530,1618,1704,
gold,45,359,423,463,539,627,667,707,783,882,918,946,986,1010,1050,1090,1126,1387,1531,1619,
gold,45,883,919,947,987,1011,1051,1091,1127,
gold,46,1076,1077,1078,1079,1080,1081,1082,1083,1150,1644,1645,1646,1647,1648,1649,1650,1651,1652,1653,1654,1655,1656,1657,1658,1659,1660,1661,1662,1663,1664,1665,1666,1667,
gold,46,448,449,450,451,452,453,454,455,768,769,770,771,772,773,774,775,1604,1605,1606,1607,1608,1609,1610,1611,1636,1637,1638,1639,1640,1641,1642,1643,
gold,47,500,501,502,503,504,505,506,507,508,509,510,511,512,513,514,515,540,541,542,543,544,545,546,547,548,549,550,551,628,629,630,631,632,633,634,635,636,637,638,639,640,641,642,643,744,745,746,747,748,749,750,751,752,753,754,755,756,757,758,759,784,785,786,787,788,789,790,791,792,793,794,795,796,797,798,856,857,858,859,860,861,862,863,864,865,866,867,868,1128,1156,1157,1158,1159,1160,1161,1162,1163,1164,1165,1166,1167,1168,1169,1170,
gold,47,228,229,230,231,232,233,234,235,236,237,238,239,240,1171,1172,1173,1174,1175,1176,1177,1178,1179,1180,1181,1182,1183,1189,1190,1191,1192,1193,1194,1195,1196,1197,1198,1199,1200,1201,1207,1208,1209,1210,1211,1212,1213,1214,1215,1216,1217,1218,1219,
gold,48,500,501,502,503,504,505,506,507,508,509,510,511,512,513,514,515,564,565,566,567,568,569,570,571,572,573,574,575,628,629,630,631,632,633,634,635,636,637,638,639,640,641,642,643,668,669,670,671,672,673,674,675,676,677,678,679,680,681,682,683,820,821,822,823,824,825,826,827,828,829,830,831,832,833,834,920,921,922,923,924,925,926,927,928,929,930,931,932,1134,1300,1301,1302,1303,1304,1305,1306,1307,1308,1309,1310,1311,1312,1313,1314,
gold,48,292,293,294,295,296,297,298,299,300,301,302,303,304,1315,1316,1317,1318,1319,1320,1321,1322,1323,1324,1325,1326,1327,1333,1334,1335,1336,1337,1338,1339,1340,1341,1342,1343,1344,1345,1351,1352,1353,1354,1355,1356,1357,1358,1359,1360,1361,1362,1363,
gold,49,540,541,542,543,544,545,546,547,548,549,550,551,564,565,566,567,568,569,570,571,572,573,574,575,588,589,590,591,592,593,594,595,596,597,598,599,600,601,602,603,884,885,886,887,888,889,890,891,892,893,894,895,896,897,898,1131,1220,1221,1222,1223,1224,1225,1226,1227,1228,1229,1230,1231,1232,1233,1234,1235,1236,1237,1238,1239,1240,
gold,49,256,257,258,259,260,261,262,263,264,265,266,267,268,269,270,1241,1242,1243,1244,1245,1246,1247,1248,1249,1250,1251,1252,1253,1254,1255,1263,1264,1265,1266,1267,1268,1269,1270,1271,1272,1273,1274,1275,1276,1277,1285,1286,1287,1288,1289,1290,1291,1292,1293,1294,1295,1296,1297,1298,1299,
gold,50,730,731,732,733,734,735,736,768,769,770,771,772,773,774,775,806,807,808,809,810,811,812,842,843,844,845,846,847,848,1036,1037,1038,1039,1040,1041,1042,1043,1146,1556,1557,1558,1559,1560,1561,1562,1563,1564,1565,1566,1567,1568,1569,1570,1571,1572,1573,1574,1575,1576,1577,1578,1579,
gold,50,408,409,410,411,412,413,414,415,524,525,526,527,528,529,530,531,612,613,614,615,616,617,618,619,652,653,654,655,656,657,658,659,692,693,694,695,696,697,698,699,1516,1517,1518,1519,1520,1521,1522,1523,1548,1549,1550,1551,1552,1553,1554,1555,
gold,51,1114,1115,1116,1117,1118,1119,1120,1154,1727,1728,1729,1730,1731,1732,1733,1734,1735,1736,1737,1738,1739,1740,1741,1742,1743,1744,1745,1746,1747,1748,
gold,51,486,487,488,489,490,491,492,730,731,732,733,734,735,736,806,807,808,809,810,811,812,842,843,844,845,846,847,848,1691,1692,1693,1694,1695,1696,1697,1720,1721,1722,1723,1724,1725,1726,
gold,52,246,278,310,344,376,408,448,486,524,556,580,612,652,692,730,768,806,842,1161,1184,1227,1256,1305,1328,1372,1404,1456,1476,1516,1548,1604,1636,1691,1720,
gold,52,247,279,311,345,377,409,449,487,525,557,581,613,653,693,731,769,807,843,972,1036,1076,1162,1185,1228,1257,1306,1329,1373,1405,1457,1477,1517,1549,1605,1637,1692,1721,
gold,52,248,280,312,346,378,410,450,488,526,558,582,614,654,694,732,770,808,844,906,973,1037,1077,1114,1163,1186,1229,1258,1307,1330,1374,1406,1458,1478,1518,1550,1606,1638,1693,1722,
gold,52,249,281,313,347,379,411,451,489,527,559,583,615,655,695,733,771,809,845,907,974,1038,1078,1115,1164,1187,1230,1259,1308,1331,1375,1407,1459,1479,1519,1551,1607,1639,1694,1723,
gold,52,250,282,314,348,412,452,490,528,616,656,696,734,772,810,846,874,908,938,975,1039,1079,1116,1165,1188,1231,1260,1309,1332,1376,1408,1520,1552,1608,1640,1695,1724,
gold,52,283,349,413,453,491,529,617,657,697,735,773,811,847,875,909,939,976,1004,1040,1080,1117,1232,1261,1377,1409,1521,1553,1609,1641,1696,1725,
gold,52,284,350,414,454,492,530,618,658,698,736,774,812,848,876,910,940,977,1005,1041,1081,1118,1233,1262,1378,1410,1522,1554,1610,1642,1697,1726,
gold,52,351,415,455,531,619,659,699,775,877,911,941,978,1006,1042,1082,1119,1379,1411,1523,1555,1611,1643,
gold,52,878,912,942,979,1007,1043,1083,1120,
gold,53,723,724,725,726,727,728,729,760,761,762,763,764,765,766,767,799,800,801,802,803,804,805,835,836,837,838,839,840,841,1028,1029,1030,1031,1032,1033,1034,1035,1145,1532,1533,1534,1535,1536,1537,1538,1539,1540,1541,1542,1543,1544,1545,1546,1547,1548,1549,1550,1551,1552,1553,1554,1555,
gold,53,400,401,402,403,404,405,406,407,516,517,518,519,520,521,522,523,604,605,606,607,608,609,610,611,644,645,646,647,648,649,650,651,684,685,686,687,688,689,690,691,1508,1509,1510,1511,1512,1513,1514,1515,1572,1573,1574,1575,1576,1577,1578,1579,
gold,54,1107,1108,1109,1110,1111,1112,1113,1153,1705,1706,1707,1708,1709,1710,1711,1712,1713,1714,1715,1716,1717,1718,1719,1720,1721,1722,1723,1724,1725,1726,
gold,54,479,480,481,482,483,484,485,723,724,725,726,727,728,729,799,800,801,802,803,804,805,835,836,837,838,839,840,841,1684,1685,1686,1687,1688,1689,1690,1742,1743,1744,1745,1746,1747,1748,
gold,55,241,271,305,336,372,400,440,479,516,552,576,604,644,684,723,760,799,835,1156,1202,1220,1278,1300,1346,1364,1428,1452,1492,1508,1572,1596,1660,1684,1742,
gold,55,242,272,306,337,373,401,441,480,517,553,577,605,645,685,724,761,800,836,964,1028,1068,1157,1203,1221,1279,1301,1347,1365,1429,1453,1493,1509,1573,1597,1661,1685,1743,
gold,55,243,273,307,338,374,402,442,481,518,554,578,606,646,686,725,762,801,837,899,965,1029,1069,1107,1158,1204,1222,1280,1302,1348,1366,1430,1454,1494,1510,1574,1598,1662,1686,1744,
gold,55,244,274,308,339,375,403,443,482,519,555,579,607,647,687,726,763,802,838,900,966,1030,1070,1108,1159,1205,1223,1281,1303,1349,1367,1431,1455,1495,1511,1575,1599,1663,1687,1745,
gold,55,245,275,309,340,404,444,483,520,608,648,688,727,764,803,839,869,901,933,967,1031,1071,1109,1160,1206,1224,1282,1304,1350,1368,1432,1512,1576,1600,1664,1688,1746,
gold,55,276,341,405,445,484,521,609,649,689,728,765,804,840,870,902,934,968,1000,1032,1072,1110,1225,1283,1369,1433,1513,1577,1601,1665,1689,1747,
gold,55,277,342,406,446,485,522,610,650,690,729,766,805,841,871,903,935,969,1001,1033,1073,1111,1226,1284,1370,1434,1514,1578,1602,1666,1690,1748,
gold,55,343,407,447,523,611,651,691,767,872,904,936,970,1002,1034,1074,1112,1371,1435,1515,1579,1603,1667,
gold,55,873,905,937,971,1003,1035,1075,1113,
gold,56,588,589,590,591,592,593,594,595,596,597,598,599,600,601,602,603,668,669,670,671,672,673,674,675,676,677,678,679,680,681,682,683,948,949,950,951,952,953,954,955,956,957,958,959,960,961,962,963,1364,1365,1366,1367,1368,1369,1370,1371,1372,1373,1374,1375,1376,1377,1378,1379,1380,1381,1382,1383,1384,1385,1386,1387,
gold,56,320,321,322,323,324,325,326,327,328,329,330,331,332,333,334,335,1388,1389,1390,1391,1392,1393,1394,1395,1396,1397,1398,1399,1400,1401,1402,1403,1412,1413,1414,1415,1416,1417,1418,1419,1420,1421,1422,1423,1424,1425,1426,1427,1436,1437,1438,1439,1440,1441,1442,1443,1444,1445,1446,1447,1448,1449,1450,1451,
gold,57,708,709,710,711,712,713,714,715,716,717,718,719,720,721,722,988,989,990,991,992,993,994,995,996,997,998,999,1140,1452,1453,1454,1455,1456,1457,1458,1459,1460,1461,1462,1463,
gold,57,360,361,362,363,364,365,366,367,368,369,370,371,540,541,542,543,544,545,546,547,548,549,550,551,564,565,566,567,568,569,570,571,572,573,574,575,1464,1465,1466,1467,1468,1469,1470,1471,1472,1473,1474,1475,1480,1481,1482,1483,1484,1485,1486,1487,1488,1489,1490,1491,1496,1497,1498,1499,1500,1501,1502,1503,1504,1505,1506,1507,
gold,58,1052,1053,1054,1055,1056,1057,1058,1059,1060,1061,1062,1063,1064,1065,1066,1067,1148,1596,1597,1598,1599,1600,1601,1602,1603,1604,1605,1606,1607,1608,1609,1610,1611,1612,1613,1614,1615,1616,1617,1618,1619,
gold,58,424,425,426,427,428,429,430,431,432,433,434,435,436,437,438,439,744,745,746,747,748,749,750,751,752,753,754,755,756,757,758,759,1620,1621,1622,1623,1624,1625,1626,1627,1628,1629,1630,1631,1632,1633,1634,1635,1644,1645,1646,1647,1648,1649,1650,1651,1652,1653,1654,1655,1656,1657,1658,1659,1668,1669,1670,1671,1672,1673,1674,1675,1676,1677,1678,1679,1680,1681,1682,1683,
gold,59,708,709,710,711,712,713,714,715,716,717,718,719,720,721,722,744,745,746,747,748,749,750,751,752,753,754,755,756,757,758,759,784,785,786,787,788,789,790,791,792,793,794,795,796,797,798,820,821,822,823,824,825,826,827,828,829,830,831,832,833,834,1012,1013,1014,1015,1016,1017,1018,1019,1020,1021,1022,1023,1024,1025,1026,1027,1144,1508,1509,1510,1511,1512,1513,1514,1515,1516,1517,1518,1519,1520,1521,1522,1523,1524,1525,1526,1527,1528,1529,1530,1531,
gold,59,384,385,386,387,388,389,390,391,392,393,394,395,396,397,398,399,500,501,502,503,504,505,506,507,508,509,510,511,512,513,514,515,588,589,590,591,592,593,594,595,596,597,598,599,600,601,602,603,628,629,630,631,632,633,634,635,636,637,638,639,640,641,642,643,668,669,670,671,672,673,674,675,676,677,678,679,680,681,682,683,1532,1533,1534,1535,1536,1537,1538,1539,1540,1541,1542,1543,1544,1545,1546,1547,1556,1557,1558,1559,1560,1561,1562,1563,1564,1565,1566,1567,1568,1569,1570,1571,1580,1581,1582,1583,1584,1585,1586,1587,1588,1589,1590,1591,1592,1593,1594,1595,
gold,60,1092,1093,1094,1095,1096,1097,1098,1099,1100,1101,1102,1103,1104,1105,1106,1152,1684,1685,1686,1687,1688,1689,1690,1691,1692,1693,1694,1695,1696,1697,1698,1699,1700,1701,1702,1703,1704,
gold,60,464,465,466,467,468,469,470,471,472,473,474,475,476,477,478,708,709,710,711,712,713,714,715,716,717,718,719,720,721,722,784,785,786,787,788,789,790,791,792,793,794,795,796,797,798,820,821,822,823,824,825,826,827,828,829,830,831,832,833,834,1705,1706,1707,1708,1709,1710,1711,1712,1713,1714,1715,1716,1717,1718,1719,1727,1728,1729,1730,1731,1732,1733,1734,1735,1736,1737,1738,1739,1740,1741,1749,1750,1751,1752,1753,1754,1755,1756,1757,1758,1759,1760,1761,1762,1763,
gold,61,228,256,292,320,360,384,424,464,500,540,564,588,628,668,708,744,784,820,1171,1189,1207,1241,1263,1285,1315,1333,1351,1388,1412,1436,1464,1480,1496,1532,1556,1580,1620,1644,1668,1705,1727,1749,
gold,61,229,257,293,321,361,385,425,465,501,541,565,589,629,669,709,745,785,821,948,1012,1052,1172,1190,1208,1242,1264,1286,1316,1334,1352,1389,1413,1437,1465,1481,1497,1533,1557,1581,1621,1645,1669,1706,1728,1750,
gold,61,230,258,294,322,362,386,426,466,502,542,566,590,630,670,710,746,786,822,856,884,920,949,988,1013,1053,1092,1173,1191,1209,1243,1265,1287,1317,1335,1353,1390,1414,1438,1466,1482,1498,1534,1558,1582,1622,1646,1670,1707,1729,1751,
gold,61,231,259,295,323,363,387,427,467,503,543,567,591,631,671,711,747,787,823,857,885,921,950,989,1014,1054,1093,1174,1192,1210,1244,1266,1288,1318,1336,1354,1391,1415,1439,1467,1483,1499,1535,1559,1583,1623,1647,1671,1708,1730,1752,
gold,61,232,260,296,324,388,428,468,504,592,632,672,712,748,788,824,858,886,922,951,990,1015,1055,1094,1175,1193,1211,1245,1267,1289,1319,1337,1355,1392,1416,1440,1536,1560,1584,1624,1648,1672,1709,1731,1753,
gold,61,261,325,389,429,469,505,593,633,673,713,749,789,825,859,887,923,952,991,1016,1056,1095,1246,1268,1290,1393,1417,1441,1537,1561,1585,1625,1649,1673,1710,1732,1754,
gold,61,262,326,390,430,470,506,594,634,674,714,750,790,826,860,888,924,953,992,1017,1057,1096,1247,1269,1291,1394,1418,1442,1538,1562,1586,1626,1650,1674,1711,1733,1755,
gold,61,327,391,431,507,595,635,675,751,861,889,925,954,993,1018,1058,1097,1395,1419,1443,1539,1563,1587,1627,1651,1675,
gold,61,862,890,926,955,994,1019,1059,1098,
gold,61,233,263,297,328,364,392,432,471,508,544,568,596,636,676,715,752,791,827,891,956,1020,1060,1099,1176,1194,1212,1248,1270,1292,1320,1338,1356,1396,1420,1444,1468,1484,1500,1540,1564,1588,1628,1652,1676,1712,1734,1756,
gold,61,234,264,298,329,365,393,433,472,509,545,569,597,637,677,716,753,792,828,892,957,1021,1061,1100,1177,1195,1213,1249,1271,1293,1321,1339,1357,1397,1421,1445,1469,1485,1501,1541,1565,1589,1629,1653,1677,1713,1735,1757,
gold,61,235,265,299,330,366,394,434,473,510,546,570,598,638,678,717,754,793,829,863,893,927,958,1022,1062,1101,1178,1196,1214,1250,1272,1294,1322,1340,1358,1398,1422,1446,1470,1486,1502,1542,1566,1590,1630,1654,1678,1714,1736,1758,
gold,61,236,266,300,331,367,395,435,474,511,547,571,599,639,679,718,755,794,830,864,894,928,959,995,1023,1063,1102,1179,1197,1215,1251,1273,1295,1323,1341,1359,1399,1423,1447,1471,1487,1503,1543,1567,1591,1631,1655,1679,1715,1737,1759,
gold,61,237,267,301,332,368,396,436,475,512,548,572,600,640,680,719,756,795,831,865,895,929,960,996,1024,1064,1103,1180,1198,1216,1252,1274,1296,1324,1342,1360,1400,1424,1448,1472,1488,1504,1544,1568,1592,1632,1656,1680,1716,1738,1760,
gold,61,238,268,302,333,369,397,437,476,513,549,573,601,641,681,720,757,796,832,866,896,930,961,997,1025,1065,1104,1181,1199,1217,1253,1275,1297,1325,1343,1361,1401,1425,1449,1473,1489,1505,1545,1569,1593,1633,1657,1681,1717,1739,1761,
gold,61,239,269,303,334,370,398,438,477,514,550,574,602,642,682,721,758,797,833,867,897,931,962,998,1026,1066,1105,1182,1200,1218,1254,1276,1298,1326,1344,1362,1402,1426,1450,1474,1490,1506,1546,1570,1594,1634,1658,1682,1718,1740,1762,
gold,61,240,270,304,335,371,399,439,478,515,551,575,603,643,683,722,759,798,834,868,898,932,963,999,1027,1067,1106,1183,1201,1219,1255,1277,1299,1327,1345,1363,1403,1427,1451,1475,1491,1507,1547,1571,1595,1635,1659,1683,1719,1741,1763,
red,62,448,449,450,451,452,453,454,455,
gold,62,
red,63,464,465,466,467,468,469,470,471,472,473,474,475,476,477,478,
gold,63,
lightskyblue,165,218,
lightskyblue,165,219,
lightskyblue,165,213,
lightskyblue,165,214,
lightskyblue,165,215,
lightskyblue,165,220,
lightskyblue,165,221,
lightskyblue,165,222,
lightskyblue,165,223,
lightskyblue,165,209,
lightskyblue,165,210,
lightskyblue,165,211,
lightskyblue,165,212,
lightskyblue,124,192,
lightskyblue,124,193,
lightskyblue,124,194,
lightskyblue,124,195,
lightskyblue,124,196,
lightskyblue,126,179,
lightskyblue,126,180,
lightskyblue,126,181,
lightskyblue,126,182,
lightskyblue,126,183,
lightskyblue,116,158,
lightskyblue,116,159,
lightskyblue,116,160,
lightskyblue,116,161,
lightskyblue,116,162,
lightskyblue,169,216,
lightskyblue,169,217,
lightskyblue,169,211,
lightskyblue,169,212,
lightskyblue,169,213,
lightskyblue,169,214,
lightskyblue,169,215,
lightskyblue,169,218,
lightskyblue,169,219,
lightskyblue,169,220,
lightskyblue,169,221,
lightskyblue,169,222,
lightskyblue,169,223,
lightskyblue,169,209,
lightskyblue,169,210,
lightskyblue,138,190,
lightskyblue,138,191,
lightskyblue,138,192,
lightskyblue,138,193,
lightskyblue,138,194,
lightskyblue,138,195,
lightskyblue,138,196,
lightskyblue,140,177,
lightskyblue,140,178,
lightskyblue,140,179,
lightskyblue,140,180,
lightskyblue,140,181,
lightskyblue,140,182,
lightskyblue,140,183,
lightskyblue,120,156,
lightskyblue,120,157,
lightskyblue,120,158,
lightskyblue,120,159,
lightskyblue,120,160,
lightskyblue,120,161,
lightskyblue,120,162,
lightskyblue,167,218,
lightskyblue,167,219,
lightskyblue,167,213,
lightskyblue,167,214,
lightskyblue,167,215,
lightskyblue,167,220,
lightskyblue,167,221,
lightskyblue,167,222,
lightskyblue,167,223,
lightskyblue,167,209,
lightskyblue,167,210,
lightskyblue,167,211,
lightskyblue,167,212,
lightskyblue,128,192,
lightskyblue,128,193,
lightskyblue,128,194,
lightskyblue,128,195,
lightskyblue,128,196,
lightskyblue,130,179,
lightskyblue,130,180,
lightskyblue,130,181,
lightskyblue,130,182,
lightskyblue,130,183,
lightskyblue,118,158,
lightskyblue,118,159,
lightskyblue,118,160,
lightskyblue,118,161,
lightskyblue,118,162,
lightskyblue,197,208,
lightskyblue,197,216,
lightskyblue,197,210,
lightskyblue,197,211,
lightskyblue,197,212,
lightskyblue,197,213,
lightskyblue,197,214,
lightskyblue,197,215,
lightskyblue,197,217,
lightskyblue,197,218,
lightskyblue,197,219,
lightskyblue,197,220,
lightskyblue,197,221,
lightskyblue,197,222,
lightskyblue,197,223,
lightskyblue,197,209,
lightskyblue,144,189,
lightskyblue,144,190,
lightskyblue,144,191,
lightskyblue,144,192,
lightskyblue,144,193,
lightskyblue,144,194,
lightskyblue,144,195,
lightskyblue,144,196,
lightskyblue,142,176,
lightskyblue,142,177,
lightskyblue,142,178,
lightskyblue,142,179,
lightskyblue,142,180,
lightskyblue,142,181,
lightskyblue,142,182,
lightskyblue,142,183,
lightskyblue,132,155,
lightskyblue,132,156,
lightskyblue,132,157,
lightskyblue,132,158,
lightskyblue,132,159,
lightskyblue,132,160,
lightskyblue,132,161,
lightskyblue,132,162,
lightskyblue,199,219,
lightskyblue,199,220,
lightskyblue,199,214,
lightskyblue,199,215,
lightskyblue,199,221,
lightskyblue,199,222,
lightskyblue,199,223,
lightskyblue,199,209,
lightskyblue,199,210,
lightskyblue,199,211,
lightskyblue,199,212,
lightskyblue,199,213,
lightskyblue,134,193,
lightskyblue,134,194,
lightskyblue,134,195,
lightskyblue,134,196,
lightskyblue,136,180,
lightskyblue,136,181,
lightskyblue,136,182,
lightskyblue,136,183,
lightskyblue,122,159,
lightskyblue,122,160,
lightskyblue,122,161,
lightskyblue,122,162,
lightskyblue,203,208,
lightskyblue,203,216,
lightskyblue,203,210,
lightskyblue,203,211,
lightskyblue,203,212,
lightskyblue,203,213,
lightskyblue,203,214,
lightskyblue,203,215,
lightskyblue,203,217,
lightskyblue,203,218,
lightskyblue,203,219,
lightskyblue,203,220,
lightskyblue,203,221,
lightskyblue,203,222,
lightskyblue,203,223,
lightskyblue,203,209,
lightskyblue,184,189,
lightskyblue,184,190,
lightskyblue,184,191,
lightskyblue,184,192,
lightskyblue,184,193,
lightskyblue,184,194,
lightskyblue,184,195,
lightskyblue,184,196,
lightskyblue,171,176,
lightskyblue,171,177,
lightskyblue,171,178,
lightskyblue,171,179,
lightskyblue,171,180,
lightskyblue,171,181,
lightskyblue,171,182,
lightskyblue,171,183,
lightskyblue,150,155,
lightskyblue,150,156,
lightskyblue,150,157,
lightskyblue,150,158,
lightskyblue,150,159,
lightskyblue,150,160,
lightskyblue,150,161,
lightskyblue,150,162,
lightskyblue,201,208,
lightskyblue,201,216,
lightskyblue,201,210,
lightskyblue,201,211,
lightskyblue,201,212,
lightskyblue,201,213,
lightskyblue,201,214,
lightskyblue,201,215,
lightskyblue,201,217,
lightskyblue,201,218,
lightskyblue,201,219,
lightskyblue,201,220,
lightskyblue,201,221,
lightskyblue,201,222,
lightskyblue,201,223,
lightskyblue,201,209,
lightskyblue,148,189,
lightskyblue,148,190,
lightskyblue,148,191,
lightskyblue,148,192,
lightskyblue,148,193,
lightskyblue,148,194,
lightskyblue,148,195,
lightskyblue,148,196,
lightskyblue,163,176,
lightskyblue,163,177,
lightskyblue,163,178,
lightskyblue,163,179,
lightskyblue,163,180,
lightskyblue,163,181,
lightskyblue,163,182,
lightskyblue,163,183,
lightskyblue,146,155,
lightskyblue,146,156,
lightskyblue,146,157,
lightskyblue,146,158,
lightskyblue,146,159,
lightskyblue,146,160,
lightskyblue,146,161,
lightskyblue,146,162,
lightskyblue,205,216,
lightskyblue,205,217,
lightskyblue,205,211,
lightskyblue,205,212,
lightskyblue,205,213,
lightskyblue,205,214,
lightskyblue,205,215,
lightskyblue,205,218,
lightskyblue,205,219,
lightskyblue,205,220,
lightskyblue,205,221,
lightskyblue,205,222,
lightskyblue,205,223,
lightskyblue,205,209,
lightskyblue,205,210,
lightskyblue,186,190,
lightskyblue,186,191,
lightskyblue,186,192,
lightskyblue,186,193,
lightskyblue,186,194,
lightskyblue,186,195,
lightskyblue,186,196,
lightskyblue,173,177,
lightskyblue,173,178,
lightskyblue,173,179,
lightskyblue,173,180,
lightskyblue,173,181,
lightskyblue,173,182,
lightskyblue,173,183,
lightskyblue,152,156,
lightskyblue,152,157,
lightskyblue,152,158,
lightskyblue,152,159,
lightskyblue,152,160,
lightskyblue,152,161,
lightskyblue,152,162,
lightskyblue,203,208,
lightskyblue,203,216,
lightskyblue,203,210,
lightskyblue,203,211,
lightskyblue,203,212,
lightskyblue,203,213,
lightskyblue,203,214,
lightskyblue,203,215,
lightskyblue,203,217,
lightskyblue,203,218,
lightskyblue,203,219,
lightskyblue,203,220,
lightskyblue,203,221,
lightskyblue,203,222,
lightskyblue,203,223,
lightskyblue,203,209,
lightskyblue,184,189,
lightskyblue,184,190,
lightskyblue,184,191,
lightskyblue,184,192,
lightskyblue,184,193,
lightskyblue,184,194,
lightskyblue,184,195,
lightskyblue,184,196,
lightskyblue,171,176,
lightskyblue,171,177,
lightskyblue,171,178,
lightskyblue,171,179,
lightskyblue,171,180,
lightskyblue,171,181,
lightskyblue,171,182,
lightskyblue,171,183,
lightskyblue,150,155,
lightskyblue,150,156,
lightskyblue,150,157,
lightskyblue,150,158,
lightskyblue,150,159,
lightskyblue,150,160,
lightskyblue,150,161,
lightskyblue,150,162,
lightskyblue,199,219,
lightskyblue,199,220,
lightskyblue,199,214,
lightskyblue,199,215,
lightskyblue,199,221,
lightskyblue,199,222,
lightskyblue,199,223,
lightskyblue,199,209,
lightskyblue,199,210,
lightskyblue,199,211,
lightskyblue,199,212,
lightskyblue,199,213,
lightskyblue,134,193,
lightskyblue,134,194,
lightskyblue,134,195,
lightskyblue,134,196,
lightskyblue,136,180,
lightskyblue,136,181,
lightskyblue,136,182,
lightskyblue,136,183,
lightskyblue,122,159,
lightskyblue,122,160,
lightskyblue,122,161,
lightskyblue,122,162,
lightskyblue,199,219,
lightskyblue,199,220,
lightskyblue,199,214,
lightskyblue,199,215,
lightskyblue,199,221,
lightskyblue,199,222,
lightskyblue,199,223,
lightskyblue,199,209,
lightskyblue,199,210,
lightskyblue,199,211,
lightskyblue,199,212,
lightskyblue,199,213,
lightskyblue,134,193,
lightskyblue,134,194,
lightskyblue,134,195,
lightskyblue,134,196,
lightskyblue,136,180,
lightskyblue,136,181,
lightskyblue,136,182,
lightskyblue,136,183,
lightskyblue,122,159,
lightskyblue,122,160,
lightskyblue,122,161,
lightskyblue,122,162,
lightskyblue,203,208,
lightskyblue,203,216,
lightskyblue,203,210,
lightskyblue,203,211,
lightskyblue,203,212,
lightskyblue,203,213,
lightskyblue,203,214,
lightskyblue,203,215,
lightskyblue,203,217,
lightskyblue,203,218,
lightskyblue,203,219,
lightskyblue,203,220,
lightskyblue,203,221,
lightskyblue,203,222,
lightskyblue,203,223,
lightskyblue,203,209,
lightskyblue,184,189,
lightskyblue,184,190,
lightskyblue,184,191,
lightskyblue,184,192,
lightskyblue,184,193,
lightskyblue,184,194,
lightskyblue,184,195,
lightskyblue,184,196,
lightskyblue,171,176,
lightskyblue,171,177,
lightskyblue,171,178,
lightskyblue,171,179,
lightskyblue,171,180,
lightskyblue,171,181,
lightskyblue,171,182,
lightskyblue,171,183,
lightskyblue,150,155,
lightskyblue,150,156,
lightskyblue,150,157,
lightskyblue,150,158,
lightskyblue,150,159,
lightskyblue,150,160,
lightskyblue,150,161,
lightskyblue,150,162,
lightskyblue,203,208,
lightskyblue,203,216,
lightskyblue,203,210,
lightskyblue,203,211,
lightskyblue,203,212,
lightskyblue,203,213,
lightskyblue,203,214,
lightskyblue,203,215,
lightskyblue,203,217,
lightskyblue,203,218,
lightskyblue,203,219,
lightskyblue,203,220,
lightskyblue,203,221,
lightskyblue,203,222,
lightskyblue,203,223,
lightskyblue,203,209,
lightskyblue,184,189,
lightskyblue,184,190,
lightskyblue,184,191,
lightskyblue,184,192,
lightskyblue,184,193,
lightskyblue,184,194,
lightskyblue,184,195,
lightskyblue,184,196,
lightskyblue,171,176,
lightskyblue,171,177,
lightskyblue,171,178,
lightskyblue,171,179,
lightskyblue,171,180,
lightskyblue,171,181,
lightskyblue,171,182,
lightskyblue,171,183,
lightskyblue,150,155,
lightskyblue,150,156,
lightskyblue,150,157,
lightskyblue,150,158,
lightskyblue,150,159,
lightskyblue,150,160,
lightskyblue,150,161,
lightskyblue,150,162,
lightskyblue,203,208,
lightskyblue,203,216,
lightskyblue,203,210,
lightskyblue,203,211,
lightskyblue,203,212,
lightskyblue,203,213,
lightskyblue,203,214,
lightskyblue,203,215,
lightskyblue,203,217,
lightskyblue,203,218,
lightskyblue,203,219,
lightskyblue,203,220,
lightskyblue,203,221,
lightskyblue,203,222,
lightskyblue,203,223,
lightskyblue,203,209,
lightskyblue,184,189,
lightskyblue,184,190,
lightskyblue,184,191,
lightskyblue,184,192,
lightskyblue,184,193,
lightskyblue,184,194,
lightskyblue,184,195,
lightskyblue,184,196,
lightskyblue,171,176,
lightskyblue,171,177,
lightskyblue,171,178,
lightskyblue,171,179,
lightskyblue,171,180,
lightskyblue,171,181,
lightskyblue,171,182,
lightskyblue,171,183,
lightskyblue,150,155,
lightskyblue,150,156,
lightskyblue,150,157,
lightskyblue,150,158,
lightskyblue,150,159,
lightskyblue,150,160,
lightskyblue,150,161,
lightskyblue,150,162,
lightskyblue,205,216,
lightskyblue,205,217,
lightskyblue,205,211,
lightskyblue,205,212,
lightskyblue,205,213,
lightskyblue,205,214,
lightskyblue,205,215,
lightskyblue,205,218,
lightskyblue,205,219,
lightskyblue,205,220,
lightskyblue,205,221,
lightskyblue,205,222,
lightskyblue,205,223,
lightskyblue,205,209,
lightskyblue,205,210,
lightskyblue,186,190,
lightskyblue,186,191,
lightskyblue,186,192,
lightskyblue,186,193,
lightskyblue,186,194,
lightskyblue,186,195,
lightskyblue,186,196,
lightskyblue,173,177,
lightskyblue,173,178,
lightskyblue,173,179,
lightskyblue,173,180,
lightskyblue,173,181,
lightskyblue,173,182,
lightskyblue,173,183,
lightskyblue,152,156,
lightskyblue,152,157,
lightskyblue,152,158,
lightskyblue,152,159,
lightskyblue,152,160,
lightskyblue,152,161,
lightskyblue,152,162,
lightskyblue,201,208,
lightskyblue,201,216,
lightskyblue,201,210,
lightskyblue,201,211,
lightskyblue,201,212,
lightskyblue,201,213,
lightskyblue,201,214,
lightskyblue,201,215,
lightskyblue,201,217,
lightskyblue,201,218,
lightskyblue,201,219,
lightskyblue,201,220,
lightskyblue,201,221,
lightskyblue,201,222,
lightskyblue,201,223,
lightskyblue,201,209,
lightskyblue,148,189,
lightskyblue,148,190,
lightskyblue,148,191,
lightskyblue,148,192,
lightskyblue,148,193,
lightskyblue,148,194,
lightskyblue,148,195,
lightskyblue,148,196,
lightskyblue,163,176,
lightskyblue,163,177,
lightskyblue,163,178,
lightskyblue,163,179,
lightskyblue,163,180,
lightskyblue,163,181,
lightskyblue,163,182,
lightskyblue,163,183,
lightskyblue,146,155,
lightskyblue,146,156,
lightskyblue,146,157,
lightskyblue,146,158,
lightskyblue,146,159,
lightskyblue,146,160,
lightskyblue,146,161,
lightskyblue,146,162,
lightskyblue,205,216,
lightskyblue,205,217,
lightskyblue,205,211,
lightskyblue,205,212,
lightskyblue,205,213,
lightskyblue,205,214,
lightskyblue,205,215,
lightskyblue,205,218,
lightskyblue,205,219,
lightskyblue,205,220,
lightskyblue,205,221,
lightskyblue,205,222,
lightskyblue,205,223,
lightskyblue,205,209,
lightskyblue,205,210,
lightskyblue,186,190,
lightskyblue,186,191,
lightskyblue,186,192,
lightskyblue,186,193,
lightskyblue,186,194,
lightskyblue,186,195,
lightskyblue,186,196,
lightskyblue,173,177,
lightskyblue,173,178,
lightskyblue,173,179,
lightskyblue,173,180,
lightskyblue,173,181,
lightskyblue,173,182,
lightskyblue,173,183,
lightskyblue,152,156,
lightskyblue,152,157,
lightskyblue,152,158,
lightskyblue,152,159,
lightskyblue,152,160,
lightskyblue,152,161,
lightskyblue,152,162,
lightskyblue,205,216,
lightskyblue,205,217,
lightskyblue,205,211,
lightskyblue,205,212,
lightskyblue,205,213,
lightskyblue,205,214,
lightskyblue,205,215,
lightskyblue,205,218,
lightskyblue,205,219,
lightskyblue,205,220,
lightskyblue,205,221,
lightskyblue,205,222,
lightskyblue,205,223,
lightskyblue,205,209,
lightskyblue,205,210,
lightskyblue,186,190,
lightskyblue,186,191,
lightskyblue,186,192,
lightskyblue,186,193,
lightskyblue,186,194,
lightskyblue,186,195,
lightskyblue,186,196,
lightskyblue,173,177,
lightskyblue,173,178,
lightskyblue,173,179,
lightskyblue,173,180,
lightskyblue,173,181,
lightskyblue,173,182,
lightskyblue,173,183,
lightskyblue,152,156,
lightskyblue,152,157,
lightskyblue,152,158,
lightskyblue,152,159,
lightskyblue,152,160,
lightskyblue,152,161,
lightskyblue,152,162,
lightskyblue,166,220,
lightskyblue,166,221,
lightskyblue,166,222,
lightskyblue,166,223,
lightskyblue,166,209,
lightskyblue,166,210,
lightskyblue,166,211,
lightskyblue,166,207,
lightskyblue,166,208,
lightskyblue,166,216,
lightskyblue,166,217,
lightskyblue,166,218,
lightskyblue,166,219,
lightskyblue,125,188,
lightskyblue,125,189,
lightskyblue,125,190,
lightskyblue,125,191,
lightskyblue,125,192,
lightskyblue,127,175,
lightskyblue,127,176,
lightskyblue,127,177,
lightskyblue,127,178,
lightskyblue,127,179,
lightskyblue,117,154,
lightskyblue,117,155,
lightskyblue,117,156,
lightskyblue,117,157,
lightskyblue,117,158,
lightskyblue,170,222,
lightskyblue,170,223,
lightskyblue,170,209,
lightskyblue,170,210,
lightskyblue,170,211,
lightskyblue,170,212,
lightskyblue,170,213,
lightskyblue,170,207,
lightskyblue,170,208,
lightskyblue,170,216,
lightskyblue,170,217,
lightskyblue,170,218,
lightskyblue,170,219,
lightskyblue,170,220,
lightskyblue,170,221,
lightskyblue,139,188,
lightskyblue,139,189,
lightskyblue,139,190,
lightskyblue,139,191,
lightskyblue,139,192,
lightskyblue,139,193,
lightskyblue,139,194,
lightskyblue,141,175,
lightskyblue,141,176,
lightskyblue,141,177,
lightskyblue,141,178,
lightskyblue,141,179,
lightskyblue,141,180,
lightskyblue,141,181,
lightskyblue,121,154,
lightskyblue,121,155,
lightskyblue,121,156,
lightskyblue,121,157,
lightskyblue,121,158,
lightskyblue,121,159,
lightskyblue,121,160,
lightskyblue,168,220,
lightskyblue,168,221,
lightskyblue,168,222,
lightskyblue,168,223,
lightskyblue,168,209,
lightskyblue,168,210,
lightskyblue,168,211,
lightskyblue,168,207,
lightskyblue,168,208,
lightskyblue,168,216,
lightskyblue,168,217,
lightskyblue,168,218,
lightskyblue,168,219,
lightskyblue,129,188,
lightskyblue,129,189,
lightskyblue,129,190,
lightskyblue,129,191,
lightskyblue,129,192,
lightskyblue,131,175,
lightskyblue,131,176,
lightskyblue,131,177,
lightskyblue,131,178,
lightskyblue,131,179,
lightskyblue,119,154,
lightskyblue,119,155,
lightskyblue,119,156,
lightskyblue,119,157,
lightskyblue,119,158,
lightskyblue,198,207,
lightskyblue,198,223,
lightskyblue,198,209,
lightskyblue,198,210,
lightskyblue,198,211,
lightskyblue,198,212,
lightskyblue,198,213,
lightskyblue,198,214,
lightskyblue,198,208,
lightskyblue,198,216,
lightskyblue,198,217,
lightskyblue,198,218,
lightskyblue,198,219,
lightskyblue,198,220,
lightskyblue,198,221,
lightskyblue,198,222,
lightskyblue,145,188,
lightskyblue,145,189,
lightskyblue,145,190,
lightskyblue,145,191,
lightskyblue,145,192,
lightskyblue,145,193,
lightskyblue,145,194,
lightskyblue,145,195,
lightskyblue,143,175,
lightskyblue,143,176,
lightskyblue,143,177,
lightskyblue,143,178,
lightskyblue,143,179,
lightskyblue,143,180,
lightskyblue,143,181,
lightskyblue,143,182,
lightskyblue,133,154,
lightskyblue,133,155,
lightskyblue,133,156,
lightskyblue,133,157,
lightskyblue,133,158,
lightskyblue,133,159,
lightskyblue,133,160,
lightskyblue,133,161,
lightskyblue,200,219,
lightskyblue,200,220,
lightskyblue,200,221,
lightskyblue,200,222,
lightskyblue,200,223,
lightskyblue,200,209,
lightskyblue,200,210,
lightskyblue,200,207,
lightskyblue,200,208,
lightskyblue,200,216,
lightskyblue,200,217,
lightskyblue,200,218,
lightskyblue,135,188,
lightskyblue,135,189,
lightskyblue,135,190,
lightskyblue,135,191,
lightskyblue,137,175,
lightskyblue,137,176,
lightskyblue,137,177,
lightskyblue,137,178,
lightskyblue,123,154,
lightskyblue,123,155,
lightskyblue,123,156,
lightskyblue,123,157,
lightskyblue,204,207,
lightskyblue,204,223,
lightskyblue,204,209,
lightskyblue,204,210,
lightskyblue,204,211,
lightskyblue,204,212,
lightskyblue,204,213,
lightskyblue,204,214,
lightskyblue,204,208,
lightskyblue,204,216,
lightskyblue,204,217,
lightskyblue,204,218,
lightskyblue,204,219,
lightskyblue,204,220,
lightskyblue,204,221,
lightskyblue,204,222,
lightskyblue,185,188,
lightskyblue,185,189,
lightskyblue,185,190,
lightskyblue,185,191,
lightskyblue,185,192,
lightskyblue,185,193,
lightskyblue,185,194,
lightskyblue,185,195,
lightskyblue,172,175,
lightskyblue,172,176,
lightskyblue,172,177,
lightskyblue,172,178,
lightskyblue,172,179,
lightskyblue,172,180,
lightskyblue,172,181,
lightskyblue,172,182,
lightskyblue,151,154,
lightskyblue,151,155,
lightskyblue,151,156,
lightskyblue,151,157,
lightskyblue,151,158,
lightskyblue,151,159,
lightskyblue,151,160,
lightskyblue,151,161,
lightskyblue,202,207,
lightskyblue,202,223,
lightskyblue,202,209,
lightskyblue,202,210,
lightskyblue,202,211,
lightskyblue,202,212,
lightskyblue,202,213,
lightskyblue,202,214,
lightskyblue,202,208,
lightskyblue,202,216,
lightskyblue,202,217,
lightskyblue,202,218,
lightskyblue,202,219,
lightskyblue,202,220,
lightskyblue,202,221,
lightskyblue,202,222,
lightskyblue,149,188,
lightskyblue,149,189,
lightskyblue,149,190,
lightskyblue,149,191,
lightskyblue,149,192,
lightskyblue,149,193,
lightskyblue,149,194,
lightskyblue,149,195,
lightskyblue,164,175,
lightskyblue,164,176,
lightskyblue,164,177,
lightskyblue,164,178,
lightskyblue,164,179,
lightskyblue,164,180,
lightskyblue,164,181,
lightskyblue,164,182,
lightskyblue,147,154,
lightskyblue,147,155,
lightskyblue,147,156,
lightskyblue,147,157,
lightskyblue,147,158,
lightskyblue,147,159,
lightskyblue,147,160,
lightskyblue,147,161,
lightskyblue,206,222,
lightskyblue,206,223,
lightskyblue,206,209,
lightskyblue,206,210,
lightskyblue,206,211,
lightskyblue,206,212,
lightskyblue,206,213,
lightskyblue,206,207,
lightskyblue,206,208,
lightskyblue,206,216,
lightskyblue,206,217,
lightskyblue,206,218,
lightskyblue,206,219,
lightskyblue,206,220,
lightskyblue,206,221,
lightskyblue,187,188,
lightskyblue,187,189,
lightskyblue,187,190,
lightskyblue,187,191,
lightskyblue,187,192,
lightskyblue,187,193,
lightskyblue,187,194,
lightskyblue,174,175,
lightskyblue,174,176,
lightskyblue,174,177,
lightskyblue,174,178,
lightskyblue,174,179,
lightskyblue,174,180,
lightskyblue,174,181,
lightskyblue,153,154,
lightskyblue,153,155,
lightskyblue,153,156,
lightskyblue,153,157,
lightskyblue,153,158,
lightskyblue,153,159,
lightskyblue,153,160,
lightskyblue,114,
lightskyblue,112,
lightskyblue,80,
lightskyblue,100,
lightskyblue,98,
lightskyblue,102,
lightskyblue,88,
lightskyblue,68,
lightskyblue,82,
lightskyblue,72,
lightskyblue,70,
lightskyblue,86,
lightskyblue,108,
lightskyblue,106,
lightskyblue,110,
lightskyblue,78,
lightskyblue,94,
lightskyblue,96,
lightskyblue,92,
lightskyblue,84,
lightskyblue,90,
lightskyblue,66,
lightskyblue,224,
lightskyblue,74,
lightskyblue,226,
lightskyblue,104,
lightskyblue,64,
lightskyblue,76,
lightskyblue,124,192,
lightskyblue,124,193,
lightskyblue,124,194,
lightskyblue,124,195,
lightskyblue,124,196,
lightskyblue,126,179,
lightskyblue,126,180,
lightskyblue,126,181,
lightskyblue,126,182,
lightskyblue,126,183,
lightskyblue,116,158,
lightskyblue,116,159,
lightskyblue,116,160,
lightskyblue,116,161,
lightskyblue,116,162,
lightskyblue,165,218,
lightskyblue,165,219,
lightskyblue,165,213,
lightskyblue,165,214,
lightskyblue,165,215,
lightskyblue,165,220,
lightskyblue,165,221,
lightskyblue,165,222,
lightskyblue,165,223,
lightskyblue,165,209,
lightskyblue,165,210,
lightskyblue,165,211,
lightskyblue,165,212,
lightskyblue,126,179,
lightskyblue,126,180,
lightskyblue,126,181,
lightskyblue,126,182,
lightskyblue,126,183,
lightskyblue,165,218,
lightskyblue,165,219,
lightskyblue,165,213,
lightskyblue,165,214,
lightskyblue,165,215,
lightskyblue,165,220,
lightskyblue,165,221,
lightskyblue,165,222,
lightskyblue,165,223,
lightskyblue,165,209,
lightskyblue,165,210,
lightskyblue,165,211,
lightskyblue,165,212,
lightskyblue,124,192,
lightskyblue,124,193,
lightskyblue,124,194,
lightskyblue,124,195,
lightskyblue,124,196,
lightskyblue,165,218,
lightskyblue,165,219,
lightskyblue,165,213,
lightskyblue,165,214,
lightskyblue,165,215,
lightskyblue,165,220,
lightskyblue,165,221,
lightskyblue,165,222,
lightskyblue,165,223,
lightskyblue,165,209,
lightskyblue,165,210,
lightskyblue,165,211,
lightskyblue,165,212,
lightskyblue,138,190,
lightskyblue,138,191,
lightskyblue,138,192,
lightskyblue,138,193,
lightskyblue,138,194,
lightskyblue,138,195,
lightskyblue,138,196,
lightskyblue,140,177,
lightskyblue,140,178,
lightskyblue,140,179,
lightskyblue,140,180,
lightskyblue,140,181,
lightskyblue,140,182,
lightskyblue,140,183,
lightskyblue,120,156,
lightskyblue,120,157,
lightskyblue,120,158,
lightskyblue,120,159,
lightskyblue,120,160,
lightskyblue,120,161,
lightskyblue,120,162,
lightskyblue,169,216,
lightskyblue,169,217,
lightskyblue,169,211,
lightskyblue,169,212,
lightskyblue,169,213,
lightskyblue,169,214,
lightskyblue,169,215,
lightskyblue,169,218,
lightskyblue,169,219,
lightskyblue,169,220,
lightskyblue,169,221,
lightskyblue,169,222,
lightskyblue,169,223,
lightskyblue,169,209,
lightskyblue,169,210,
lightskyblue,140,177,
lightskyblue,140,178,
lightskyblue,140,179,
lightskyblue,140,180,
lightskyblue,140,181,
lightskyblue,140,182,
lightskyblue,140,183,
lightskyblue,169,216,
lightskyblue,169,217,
lightskyblue,169,211,
lightskyblue,169,212,
lightskyblue,169,213,
lightskyblue,169,214,
lightskyblue,169,215,
lightskyblue,169,218,
lightskyblue,169,219,
lightskyblue,169,220,
lightskyblue,169,221,
lightskyblue,169,222,
lightskyblue,169,223,
lightskyblue,169,209,
lightskyblue,169,210,
lightskyblue,138,190,
lightskyblue,138,191,
lightskyblue,138,192,
lightskyblue,138,193,
lightskyblue,138,194,
lightskyblue,138,195,
lightskyblue,138,196,
lightskyblue,169,216,
lightskyblue,169,217,
lightskyblue,169,211,
lightskyblue,169,212,
lightskyblue,169,213,
lightskyblue,169,214,
lightskyblue,169,215,
lightskyblue,169,218,
lightskyblue,169,219,
lightskyblue,169,220,
lightskyblue,169,221,
lightskyblue,169,222,
lightskyblue,169,223,
lightskyblue,169,209,
lightskyblue,169,210,
lightskyblue,128,192,
lightskyblue,128,193,
lightskyblue,128,194,
lightskyblue,128,195,
lightskyblue,128,196,
lightskyblue,130,179,
lightskyblue,130,180,
lightskyblue,130,181,
lightskyblue,130,182,
lightskyblue,130,183,
lightskyblue,118,158,
lightskyblue,118,159,
lightskyblue,118,160,
lightskyblue,118,161,
lightskyblue,118,162,
lightskyblue,167,218,
lightskyblue,167,219,
lightskyblue,167,213,
lightskyblue,167,214,
lightskyblue,167,215,
lightskyblue,167,220,
lightskyblue,167,221,
lightskyblue,167,222,
lightskyblue,167,223,
lightskyblue,167,209,
lightskyblue,167,210,
lightskyblue,167,211,
lightskyblue,167,212,
lightskyblue,130,179,
lightskyblue,130,180,
lightskyblue,130,181,
lightskyblue,130,182,
lightskyblue,130,183,
lightskyblue,167,218,
lightskyblue,167,219,
lightskyblue,167,213,
lightskyblue,167,214,
lightskyblue,167,215,
lightskyblue,167,220,
lightskyblue,167,221,
lightskyblue,167,222,
lightskyblue,167,223,
lightskyblue,167,209,
lightskyblue,167,210,
lightskyblue,167,211,
lightskyblue,167,212,
lightskyblue,128,192,
lightskyblue,128,193,
lightskyblue,128,194,
lightskyblue,128,195,
lightskyblue,128,196,
lightskyblue,167,218,
lightskyblue,167,219,
lightskyblue,167,213,
lightskyblue,167,214,
lightskyblue,167,215,
lightskyblue,167,220,
lightskyblue,167,221,
lightskyblue,167,222,
lightskyblue,167,223,
lightskyblue,167,209,
lightskyblue,167,210,
lightskyblue,167,211,
lightskyblue,167,212,
lightskyblue,144,189,
lightskyblue,144,190,
lightskyblue,144,191,
lightskyblue,144,192,
lightskyblue,144,193,
lightskyblue,144,194,
lightskyblue,144,195,
lightskyblue,144,196,
lightskyblue,142,176,
lightskyblue,142,177,
lightskyblue,142,178,
lightskyblue,142,179,
lightskyblue,142,180,
lightskyblue,142,181,
lightskyblue,142,182,
lightskyblue,142,183,
lightskyblue,132,155,
lightskyblue,132,156,
lightskyblue,132,157,
lightskyblue,132,158,
lightskyblue,132,159,
lightskyblue,132,160,
lightskyblue,132,161,
lightskyblue,132,162,
lightskyblue,197,208,
lightskyblue,197,216,
lightskyblue,197,210,
lightskyblue,197,211,
lightskyblue,197,212,
lightskyblue,197,213,
lightskyblue,197,214,
lightskyblue,197,215,
lightskyblue,197,217,
lightskyblue,197,218,
lightskyblue,197,219,
lightskyblue,197,220,
lightskyblue,197,221,
lightskyblue,197,222,
lightskyblue,197,223,
lightskyblue,197,209,
lightskyblue,142,176,
lightskyblue,142,177,
lightskyblue,142,178,
lightskyblue,142,179,
lightskyblue,142,180,
lightskyblue,142,181,
lightskyblue,142,182,
lightskyblue,142,183,
lightskyblue,197,208,
lightskyblue,197,216,
lightskyblue,197,210,
lightskyblue,197,211,
lightskyblue,197,212,
lightskyblue,197,213,
lightskyblue,197,214,
lightskyblue,197,215,
lightskyblue,197,217,
lightskyblue,197,218,
lightskyblue,197,219,
lightskyblue,197,220,
lightskyblue,197,221,
lightskyblue,197,222,
lightskyblue,197,223,
lightskyblue,197,209,
lightskyblue,144,189,
lightskyblue,144,190,
lightskyblue,144,191,
lightskyblue,144,192,
lightskyblue,144,193,
lightskyblue,144,194,
lightskyblue,144,195,
lightskyblue,144,196,
lightskyblue,197,208,
lightskyblue,197,216,
lightskyblue,197,210,
lightskyblue,197,211,
lightskyblue,197,212,
lightskyblue,197,213,
lightskyblue,197,214,
lightskyblue,197,215,
lightskyblue,197,217,
lightskyblue,197,218,
lightskyblue,197,219,
lightskyblue,197,220,
lightskyblue,197,221,
lightskyblue,197,222,
lightskyblue,197,223,
lightskyblue,197,209,
lightskyblue,134,193,
lightskyblue,134,194,
lightskyblue,134,195,
lightskyblue,134,196,
lightskyblue,136,180,
lightskyblue,136,181,
lightskyblue,136,182,
lightskyblue,136,183,
lightskyblue,122,159,
lightskyblue,122,160,
lightskyblue,122,161,
lightskyblue,122,162,
lightskyblue,199,219,
lightskyblue,199,220,
lightskyblue,199,214,
lightskyblue,199,215,
lightskyblue,199,221,
lightskyblue,199,222,
lightskyblue,199,223,
lightskyblue,199,209,
lightskyblue,199,210,
lightskyblue,199,211,
lightskyblue,199,212,
lightskyblue,199,213,
lightskyblue,136,180,
lightskyblue,136,181,
lightskyblue,136,182,
lightskyblue,136,183,
lightskyblue,199,219,
lightskyblue,199,220,
lightskyblue,199,214,
lightskyblue,199,215,
lightskyblue,199,221,
lightskyblue,199,222,
lightskyblue,199,223,
lightskyblue,199,209,
lightskyblue,199,210,
lightskyblue,199,211,
lightskyblue,199,212,
lightskyblue,199,213,
lightskyblue,134,193,
lightskyblue,134,194,
lightskyblue,134,195,
lightskyblue,134,196,
lightskyblue,199,219,
lightskyblue,199,220,
lightskyblue,199,214,
lightskyblue,199,215,
lightskyblue,199,221,
lightskyblue,199,222,
lightskyblue,199,223,
lightskyblue,199,209,
lightskyblue,199,210,
lightskyblue,199,211,
lightskyblue,199,212,
lightskyblue,199,213,
lightskyblue,184,189,
lightskyblue,184,190,
lightskyblue,184,191,
lightskyblue,184,192,
lightskyblue,184,193,
lightskyblue,184,194,
lightskyblue,184,195,
lightskyblue,184,196,
lightskyblue,171,176,
lightskyblue,171,177,
lightskyblue,171,178,
lightskyblue,171,179,
lightskyblue,171,180,
lightskyblue,171,181,
lightskyblue,171,182,
lightskyblue,171,183,
lightskyblue,150,155,
lightskyblue,150,156,
lightskyblue,150,157,
lightskyblue,150,158,
lightskyblue,150,159,
lightskyblue,150,160,
lightskyblue,150,161,
lightskyblue,150,162,
lightskyblue,203,208,
lightskyblue,203,216,
lightskyblue,203,210,
lightskyblue,203,211,
lightskyblue,203,212,
lightskyblue,203,213,
lightskyblue,203,214,
lightskyblue,203,215,
lightskyblue,203,217,
lightskyblue,203,218,
lightskyblue,203,219,
lightskyblue,203,220,
lightskyblue,203,221,
lightskyblue,203,222,
lightskyblue,203,223,
lightskyblue,203,209,
lightskyblue,171,176,
lightskyblue,171,177,
lightskyblue,171,178,
lightskyblue,171,179,
lightskyblue,171,180,
lightskyblue,171,181,
lightskyblue,171,182,
lightskyblue,171,183,
lightskyblue,203,208,
lightskyblue,203,216,
lightskyblue,203,210,
lightskyblue,203,211,
lightskyblue,203,212,
lightskyblue,203,213,
lightskyblue,203,214,
lightskyblue,203,215,
lightskyblue,203,217,
lightskyblue,203,218,
lightskyblue,203,219,
lightskyblue,203,220,
lightskyblue,203,221,
lightskyblue,203,222,
lightskyblue,203,223,
lightskyblue,203,209,
lightskyblue,184,189,
lightskyblue,184,190,
lightskyblue,184,191,
lightskyblue,184,192,
lightskyblue,184,193,
lightskyblue,184,194,
lightskyblue,184,195,
lightskyblue,184,196,
lightskyblue,203,208,
lightskyblue,203,216,
lightskyblue,203,210,
lightskyblue,203,211,
lightskyblue,203,212,
lightskyblue,203,213,
lightskyblue,203,214,
lightskyblue,203,215,
lightskyblue,203,217,
lightskyblue,203,218,
lightskyblue,203,219,
lightskyblue,203,220,
lightskyblue,203,221,
lightskyblue,203,222,
lightskyblue,203,223,
lightskyblue,203,209,
lightskyblue,148,189,
lightskyblue,148,190,
lightskyblue,148,191,
lightskyblue,148,192,
lightskyblue,148,193,
lightskyblue,148,194,
lightskyblue,148,195,
lightskyblue,148,196,
lightskyblue,163,176,
lightskyblue,163,177,
lightskyblue,163,178,
lightskyblue,163,179,
lightskyblue,163,180,
lightskyblue,163,181,
lightskyblue,163,182,
lightskyblue,163,183,
lightskyblue,146,155,
lightskyblue,146,156,
lightskyblue,146,157,
lightskyblue,146,158,
lightskyblue,146,159,
lightskyblue,146,160,
lightskyblue,146,161,
lightskyblue,146,162,
lightskyblue,201,208,
lightskyblue,201,216,
lightskyblue,201,210,
lightskyblue,201,211,
lightskyblue,201,212,
lightskyblue,201,213,
lightskyblue,201,214,
lightskyblue,201,215,
lightskyblue,201,217,
lightskyblue,201,218,
lightskyblue,201,219,
lightskyblue,201,220,
lightskyblue,201,221,
lightskyblue,201,222,
lightskyblue,201,223,
lightskyblue,201,209,
lightskyblue,163,176,
lightskyblue,163,177,
lightskyblue,163,178,
lightskyblue,163,179,
lightskyblue,163,180,
lightskyblue,163,181,
lightskyblue,163,182,
lightskyblue,163,183,
lightskyblue,201,208,
lightskyblue,201,216,
lightskyblue,201,210,
lightskyblue,201,211,
lightskyblue,201,212,
lightskyblue,201,213,
lightskyblue,201,214,
lightskyblue,201,215,
lightskyblue,201,217,
lightskyblue,201,218,
lightskyblue,201,219,
lightskyblue,201,220,
lightskyblue,201,221,
lightskyblue,201,222,
lightskyblue,201,223,
lightskyblue,201,209,
lightskyblue,148,189,
lightskyblue,148,190,
lightskyblue,148,191,
lightskyblue,148,192,
lightskyblue,148,193,
lightskyblue,148,194,
lightskyblue,148,195,
lightskyblue,148,196,
lightskyblue,201,208,
lightskyblue,201,216,
lightskyblue,201,210,
lightskyblue,201,211,
lightskyblue,201,212,
lightskyblue,201,213,
lightskyblue,201,214,
lightskyblue,201,215,
lightskyblue,201,217,
lightskyblue,201,218,
lightskyblue,201,219,
lightskyblue,201,220,
lightskyblue,201,221,
lightskyblue,201,222,
lightskyblue,201,223,
lightskyblue,201,209,
lightskyblue,186,190,
lightskyblue,186,191,
lightskyblue,186,192,
lightskyblue,186,193,
lightskyblue,186,194,
lightskyblue,186,195,
lightskyblue,186,196,
lightskyblue,173,177,
lightskyblue,173,178,
lightskyblue,173,179,
lightskyblue,173,180,
lightskyblue,173,181,
lightskyblue,173,182,
lightskyblue,173,183,
lightskyblue,152,156,
lightskyblue,152,157,
lightskyblue,152,158,
lightskyblue,152,159,
lightskyblue,152,160,
lightskyblue,152,161,
lightskyblue,152,162,
lightskyblue,205,216,
lightskyblue,205,217,
lightskyblue,205,211,
lightskyblue,205,212,
lightskyblue,205,213,
lightskyblue,205,214,
lightskyblue,205,215,
lightskyblue,205,218,
lightskyblue,205,219,
lightskyblue,205,220,
lightskyblue,205,221,
lightskyblue,205,222,
lightskyblue,205,223,
lightskyblue,205,209,
lightskyblue,205,210,
lightskyblue,173,177,
lightskyblue,173,178,
lightskyblue,173,179,
lightskyblue,173,180,
lightskyblue,173,181,
lightskyblue,173,182,
lightskyblue,173,183,
lightskyblue,205,216,
lightskyblue,205,217,
lightskyblue,205,211,
lightskyblue,205,212,
lightskyblue,205,213,
lightskyblue,205,214,
lightskyblue,205,215,
lightskyblue,205,218,
lightskyblue,205,219,
lightskyblue,205,220,
lightskyblue,205,221,
lightskyblue,205,222,
lightskyblue,205,223,
lightskyblue,205,209,
lightskyblue,205,210,
lightskyblue,186,190,
lightskyblue,186,191,
lightskyblue,186,192,
lightskyblue,186,193,
lightskyblue,186,194,
lightskyblue,186,195,
lightskyblue,186,196,
lightskyblue,205,216,
lightskyblue,205,217,
lightskyblue,205,211,
lightskyblue,205,212,
lightskyblue,205,213,
lightskyblue,205,214,
lightskyblue,205,215,
lightskyblue,205,218,
lightskyblue,205,219,
lightskyblue,205,220,
lightskyblue,205,221,
lightskyblue,205,222,
lightskyblue,205,223,
lightskyblue,205,209,
lightskyblue,205,210,
