green,
green,
green,
green,
green,
green,
green,
green,
green,
green,
green,
green,
green,
green,
green,
green,
green,
green,
green,
green,
green,
green,
green,
green,
green,
green,
green,
green,
green,
green,
green,
green,
green,
green,
green,
green,
green,
green,
green,
green,
green,
green,
green,
green,
green,
green,
green,
green,
green,
gold,0,358,359,360,361,362,363,364,
gold,0,
gold,1,229,230,231,232,233,
gold,1,
gold,2,255,256,257,258,259,260,261,262,
gold,2,
gold,3,372,373,374,375,376,377,378,
gold,3,
gold,4,234,235,236,237,238,
gold,4,
gold,5,335,336,337,338,339,340,341,342,
gold,5,
gold,6,299,300,301,302,
gold,6,
gold,7,271,272,273,274,275,276,277,278,
gold,7,
gold,8,263,264,265,266,267,268,269,270,
gold,8,
gold,9,211,212,213,214,215,216,217,218,219,220,221,222,223,
gold,9,
gold,10,343,344,345,346,347,348,349,350,351,352,353,354,355,356,357,
gold,10,
gold,11,327,328,329,330,331,332,333,334,
gold,11,
gold,12,303,304,305,306,307,308,309,310,311,312,313,314,315,316,317,318,
gold,12,
gold,13,319,320,321,322,323,324,325,326,
gold,13,
gold,14,291,292,293,294,
gold,14,
gold,15,279,280,281,282,283,284,285,286,287,288,289,290,
gold,15,
gold,16,295,296,297,298,
gold,16,
gold,17,201,202,203,204,205,
gold,17,
gold,18,196,197,198,199,200,
gold,18,
gold,19,183,184,185,186,187,188,189,190,191,192,193,194,195,
gold,19,
gold,20,399,400,401,402,447,448,449,450,507,508,509,510,511,512,513,514,547,548,549,550,551,552,553,554,770,771,772,773,774,1015,1016,1017,1018,1019,1020,1021,1022,1023,1024,1025,1026,1027,
gold,20,206,207,208,209,210,974,975,976,977,978,
gold,21,399,400,401,402,423,424,425,426,471,472,473,474,587,588,589,590,591,592,593,594,798,799,800,801,802,948,1079,1080,1081,1082,1083,1084,1085,1086,1087,1088,1089,1090,1091,
gold,21,234,235,236,237,238,1038,1039,1040,1041,1042,
gold,22,391,392,393,394,415,416,417,418,463,464,465,466,571,572,573,574,575,576,577,578,788,789,790,791,792,1043,1044,1045,1046,1047,1048,1049,1050,1051,1052,1053,1054,1055,1056,1057,1058,1059,1060,
gold,22,224,225,226,227,228,1028,1029,1030,1031,1032,1074,1075,1076,1077,1078,
gold,23,395,396,397,398,419,420,421,422,467,468,469,470,579,580,581,582,583,584,585,586,793,794,795,796,797,947,1061,1062,1063,1064,1065,1066,1067,1068,1069,1070,1071,1072,1073,1074,1075,1076,1077,1078,
gold,23,229,230,231,232,233,1033,1034,1035,1036,1037,1056,1057,1058,1059,1060,
gold,24,395,396,397,398,443,444,445,446,499,500,501,502,503,504,505,506,539,540,541,542,543,544,545,546,765,766,767,768,769,945,997,998,999,1000,1001,1002,1003,1004,1005,1006,1007,1008,1009,1010,1011,1012,1013,1014,
gold,24,201,202,203,204,205,969,970,971,972,973,992,993,994,995,996,
gold,25,391,392,393,394,439,440,441,442,491,492,493,494,495,496,497,498,531,532,533,534,535,536,537,538,760,761,762,763,764,944,979,980,981,982,983,984,985,986,987,988,989,990,991,992,993,994,995,996,
gold,25,196,197,198,199,200,964,965,966,967,968,1010,1011,1012,1013,1014,
gold,26,423,424,425,426,447,448,449,450,471,472,473,474,627,628,629,630,631,632,633,634,667,668,669,670,671,672,673,674,704,705,706,707,708,709,710,835,836,837,838,839,840,841,842,951,1164,1165,1166,1167,1168,1169,1170,1171,1172,1173,1174,1175,1176,1177,1178,1179,
gold,26,271,272,273,274,275,276,277,278,1108,1109,1110,1111,1112,1113,1114,1115,
gold,27,507,508,509,510,511,512,513,514,547,548,549,550,551,552,553,554,587,588,589,590,591,592,593,594,627,628,629,630,631,632,633,634,667,668,669,670,671,672,673,674,740,741,742,743,744,745,746,863,864,865,866,955,1224,1225,1226,1227,1228,1229,1230,1231,1232,1233,1234,1235,
gold,27,299,300,301,302,399,400,401,402,423,424,425,426,447,448,449,450,471,472,473,474,1188,1189,1190,1191,
gold,28,415,416,417,418,439,440,441,442,463,464,465,466,611,612,613,614,615,616,617,618,651,652,653,654,655,656,657,658,690,691,692,693,694,695,696,819,820,821,822,823,824,825,826,949,1116,1117,1118,1119,1120,1121,1122,1123,1124,1125,1126,1127,1128,1129,1130,1131,1132,1133,1134,1135,1136,1137,1138,1139,
gold,28,255,256,257,258,259,260,261,262,1092,1093,1094,1095,1096,1097,1098,1099,1156,1157,1158,1159,1160,1161,1162,1163,
gold,29,419,420,421,422,443,444,445,446,467,468,469,470,619,620,621,622,623,624,625,626,659,660,661,662,663,664,665,666,697,698,699,700,701,702,703,827,828,829,830,831,832,833,834,950,1140,1141,1142,1143,1144,1145,1146,1147,1148,1149,1150,1151,1152,1153,1154,1155,1156,1157,1158,1159,1160,1161,1162,1163,
gold,29,263,264,265,266,267,268,269,270,1100,1101,1102,1103,1104,1105,1106,1107,1132,1133,1134,1135,1136,1137,1138,1139,
gold,30,491,492,493,494,495,496,497,498,531,532,533,534,535,536,537,538,571,572,573,574,575,576,577,578,611,612,613,614,615,616,617,618,651,652,653,654,655,656,657,658,726,727,728,729,730,731,732,855,856,857,858,953,1192,1193,1194,1195,1196,1197,1198,1199,1200,1201,1202,1203,1204,1205,1206,1207,
gold,30,291,292,293,294,391,392,393,394,415,416,417,418,439,440,441,442,463,464,465,466,1180,1181,1182,1183,1220,1221,1222,1223,
gold,31,499,500,501,502,503,504,505,506,539,540,541,542,543,544,545,546,579,580,581,582,583,584,585,586,619,620,621,622,623,624,625,626,659,660,661,662,663,664,665,666,733,734,735,736,737,738,739,859,860,861,862,954,1208,1209,1210,1211,1212,1213,1214,1215,1216,1217,1218,1219,1220,1221,1222,1223,
gold,31,295,296,297,298,395,396,397,398,419,420,421,422,443,444,445,446,467,468,469,470,1184,1185,1186,1187,1204,1205,1206,1207,
gold,32,936,937,938,939,940,941,942,963,1389,1390,1391,1392,1393,1394,1395,1396,1397,1398,1399,1400,1401,1402,1403,
gold,32,372,373,374,375,376,377,378,704,705,706,707,708,709,710,740,741,742,743,744,745,746,1338,1339,1340,1341,1342,1343,1344,
gold,33,379,380,381,382,383,384,385,386,387,388,389,390,403,404,405,406,407,408,409,410,411,412,413,414,451,452,453,454,455,456,457,458,459,460,461,462,555,556,557,558,559,560,561,562,563,564,565,566,567,568,569,570,775,776,777,778,779,780,781,782,783,784,785,786,787,946,1028,1029,1030,1031,1032,1033,1034,1035,1036,1037,1038,1039,1040,1041,1042,
gold,33,211,212,213,214,215,216,217,218,219,220,221,222,223,1043,1044,1045,1046,1047,1048,1049,1050,1051,1052,1053,1054,1055,1061,1062,1063,1064,1065,1066,1067,1068,1069,1070,1071,1072,1073,1079,1080,1081,1082,1083,1084,1085,1086,1087,1088,1089,1090,1091,
gold,34,379,380,381,382,383,384,385,386,387,388,389,390,427,428,429,430,431,432,433,434,435,436,437,438,475,476,477,478,479,480,481,482,483,484,485,486,487,488,489,490,515,516,517,518,519,520,521,522,523,524,525,526,527,528,529,530,747,748,749,750,751,752,753,754,755,756,757,758,759,943,964,965,966,967,968,969,970,971,972,973,974,975,976,977,978,
gold,34,183,184,185,186,187,188,189,190,191,192,193,194,195,979,980,981,982,983,984,985,986,987,988,989,990,991,997,998,999,1000,1001,1002,1003,1004,1005,1006,1007,1008,1009,1015,1016,1017,1018,1019,1020,1021,1022,1023,1024,1025,1026,1027,
gold,35,922,923,924,925,926,927,928,961,1345,1346,1347,1348,1349,1350,1351,1352,1353,1354,1355,1356,1357,1358,1359,1360,1361,1362,1363,1364,1365,1366,
gold,35,358,359,360,361,362,363,364,690,691,692,693,694,695,696,726,727,728,729,730,731,732,1324,1325,1326,1327,1328,1329,1330,1382,1383,1384,1385,1386,1387,1388,
gold,36,929,930,931,932,933,934,935,962,1367,1368,1369,1370,1371,1372,1373,1374,1375,1376,1377,1378,1379,1380,1381,1382,1383,1384,1385,1386,1387,1388,
gold,36,365,366,367,368,369,370,371,697,698,699,700,701,702,703,733,734,735,736,737,738,739,1331,1332,1333,1334,1335,1336,1337,1360,1361,1362,1363,1364,1365,1366,
gold,37,704,705,706,707,708,709,710,740,741,742,743,744,745,746,899,900,901,902,903,904,905,906,959,1308,1309,1310,1311,1312,1313,1314,1315,1316,1317,1318,1319,1320,1321,1322,1323,
gold,37,335,336,337,338,339,340,341,342,507,508,509,510,511,512,513,514,547,548,549,550,551,552,553,554,587,588,589,590,591,592,593,594,627,628,629,630,631,632,633,634,667,668,669,670,671,672,673,674,1252,1253,1254,1255,1256,1257,1258,1259,
gold,38,206,234,271,299,335,372,399,423,447,471,507,547,587,627,667,704,740,974,1038,1108,1188,1252,1338,
gold,38,207,235,272,300,336,373,400,424,448,472,508,548,588,628,668,705,741,835,899,975,1039,1109,1189,1253,1339,
gold,38,208,236,273,301,337,374,401,425,449,473,509,549,589,629,669,706,742,836,900,936,976,1040,1110,1190,1254,1340,
gold,38,209,237,274,302,338,375,402,426,450,474,510,550,590,630,670,707,743,837,901,937,977,1041,1111,1191,1255,1341,
gold,38,210,238,275,339,376,511,551,591,631,671,708,744,770,798,838,902,938,978,1042,1112,1256,1342,
gold,38,276,340,377,512,552,592,632,672,709,745,771,799,839,863,903,939,1113,1257,1343,
gold,38,277,341,378,513,553,593,633,673,710,746,772,800,840,864,904,940,1114,1258,1344,
gold,38,278,342,514,554,594,634,674,773,801,841,865,905,941,1115,1259,
gold,38,774,802,842,866,906,942,
gold,39,403,404,405,406,407,408,409,410,411,412,413,414,427,428,429,430,431,432,433,434,435,436,437,438,451,452,453,454,455,456,457,458,459,460,461,462,595,596,597,598,599,600,601,602,603,604,605,606,607,608,609,610,635,636,637,638,639,640,641,642,643,644,645,646,647,648,649,650,675,676,677,678,679,680,681,682,683,684,685,686,687,688,689,803,804,805,806,807,808,809,810,811,812,813,814,815,816,817,818,1092,1093,1094,1095,1096,1097,1098,1099,1100,1101,1102,1103,1104,1105,1106,1107,1108,1109,1110,1111,1112,1113,1114,1115,
gold,39,239,240,241,242,243,244,245,246,247,248,249,250,251,252,253,254,1116,1117,1118,1119,1120,1121,1122,1123,1124,1125,1126,1127,1128,1129,1130,1131,1140,1141,1142,1143,1144,1145,1146,1147,1148,1149,1150,1151,1152,1153,1154,1155,1164,1165,1166,1167,1168,1169,1170,1171,1172,1173,1174,1175,1176,1177,1178,1179,
gold,40,690,691,692,693,694,695,696,726,727,728,729,730,731,732,883,884,885,886,887,888,889,890,957,1260,1261,1262,1263,1264,1265,1266,1267,1268,1269,1270,1271,1272,1273,1274,1275,1276,1277,1278,1279,1280,1281,1282,1283,
gold,40,319,320,321,322,323,324,325,326,491,492,493,494,495,496,497,498,531,532,533,534,535,536,537,538,571,572,573,574,575,576,577,578,611,612,613,614,615,616,617,618,651,652,653,654,655,656,657,658,1236,1237,1238,1239,1240,1241,1242,1243,1300,1301,1302,1303,1304,1305,1306,1307,
gold,41,196,224,255,291,319,358,391,415,439,463,491,531,571,611,651,690,726,964,1010,1028,1074,1092,1156,1180,1220,1236,1300,1324,1382,
gold,41,197,225,256,292,320,359,392,416,440,464,492,532,572,612,652,691,727,819,883,965,1011,1029,1075,1093,1157,1181,1221,1237,1301,1325,1383,
gold,41,198,226,257,293,321,360,393,417,441,465,493,533,573,613,653,692,728,820,884,922,966,1012,1030,1076,1094,1158,1182,1222,1238,1302,1326,1384,
gold,41,199,227,258,294,322,361,394,418,442,466,494,534,574,614,654,693,729,821,885,923,967,1013,1031,1077,1095,1159,1183,1223,1239,1303,1327,1385,
gold,41,200,228,259,323,362,495,535,575,615,655,694,730,760,788,822,886,924,968,1014,1032,1078,1096,1160,1240,1304,1328,1386,
gold,41,260,324,363,496,536,576,616,656,695,731,761,789,823,855,887,925,1097,1161,1241,1305,1329,1387,
gold,41,261,325,364,497,537,577,617,657,696,732,762,790,824,856,888,926,1098,1162,1242,1306,1330,1388,
gold,41,262,326,498,538,578,618,658,763,791,825,857,889,927,1099,1163,1243,1307,
gold,41,764,792,826,858,890,928,
gold,42,697,698,699,700,701,702,703,733,734,735,736,737,738,739,891,892,893,894,895,896,897,898,958,1284,1285,1286,1287,1288,1289,1290,1291,1292,1293,1294,1295,1296,1297,1298,1299,1300,1301,1302,1303,1304,1305,1306,1307,
gold,42,327,328,329,330,331,332,333,334,499,500,501,502,503,504,505,506,539,540,541,542,543,544,545,546,579,580,581,582,583,584,585,586,619,620,621,622,623,624,625,626,659,660,661,662,663,664,665,666,1244,1245,1246,1247,1248,1249,1250,1251,1276,1277,1278,1279,1280,1281,1282,1283,
gold,43,201,229,263,295,327,365,395,419,443,467,499,539,579,619,659,697,733,969,992,1033,1056,1100,1132,1184,1204,1244,1276,1331,1360,
gold,43,202,230,264,296,328,366,396,420,444,468,500,540,580,620,660,698,734,827,891,970,993,1034,1057,1101,1133,1185,1205,1245,1277,1332,1361,
gold,43,203,231,265,297,329,367,397,421,445,469,501,541,581,621,661,699,735,828,892,929,971,994,1035,1058,1102,1134,1186,1206,1246,1278,1333,1362,
gold,43,204,232,266,298,330,368,398,422,446,470,502,542,582,622,662,700,736,829,893,930,972,995,1036,1059,1103,1135,1187,1207,1247,1279,1334,1363,
gold,43,205,233,267,331,369,503,543,583,623,663,701,737,765,793,830,894,931,973,996,1037,1060,1104,1136,1248,1280,1335,1364,
gold,43,268,332,370,504,544,584,624,664,702,738,766,794,831,859,895,932,1105,1137,1249,1281,1336,1365,
gold,43,269,333,371,505,545,585,625,665,703,739,767,795,832,860,896,933,1106,1138,1250,1282,1337,1366,
gold,43,270,334,506,546,586,626,666,768,796,833,861,897,934,1107,1139,1251,1283,
gold,43,769,797,834,862,898,935,
gold,44,475,476,477,478,479,480,481,482,483,484,485,486,487,488,489,490,515,516,517,518,519,520,521,522,523,524,525,526,527,528,529,530,555,556,557,558,559,560,561,562,563,564,565,566,567,568,569,570,595,596,597,598,599,600,601,602,603,604,605,606,607,608,609,610,635,636,637,638,639,640,641,642,643,644,645,646,647,648,649,650,711,712,713,714,715,716,717,718,719,720,721,722,723,724,725,843,844,845,846,847,848,849,850,851,852,853,854,952,1180,1181,1182,1183,1184,1185,1186,1187,1188,1189,1190,1191,
gold,44,279,280,281,282,283,284,285,286,287,288,289,290,379,380,381,382,383,384,385,386,387,388,389,390,403,404,405,406,407,408,409,410,411,412,413,414,427,428,429,430,431,432,433,434,435,436,437,438,451,452,453,454,455,456,457,458,459,460,461,462,1192,1193,1194,1195,1196,1197,1198,1199,1200,1201,1202,1203,1208,1209,1210,1211,1212,1213,1214,1215,1216,1217,1218,1219,1224,1225,1226,1227,1228,1229,1230,1231,1232,1233,1234,1235,
gold,45,907,908,909,910,911,912,913,914,915,916,917,918,919,920,921,960,1324,1325,1326,1327,1328,1329,1330,1331,1332,1333,1334,1335,1336,1337,1338,1339,1340,1341,1342,1343,1344,
gold,45,343,344,345,346,347,348,349,350,351,352,353,354,355,356,357,675,676,677,678,679,680,681,682,683,684,685,686,687,688,689,711,712,713,714,715,716,717,718,719,720,721,722,723,724,725,1345,1346,1347,1348,1349,1350,1351,1352,1353,1354,1355,1356,1357,1358,1359,1367,1368,1369,1370,1371,1372,1373,1374,1375,1376,1377,1378,1379,1380,1381,1389,1390,1391,1392,1393,1394,1395,1396,1397,1398,1399,1400,1401,1402,1403,
gold,46,675,676,677,678,679,680,681,682,683,684,685,686,687,688,689,711,712,713,714,715,716,717,718,719,720,721,722,723,724,725,867,868,869,870,871,872,873,874,875,876,877,878,879,880,881,882,956,1236,1237,1238,1239,1240,1241,1242,1243,1244,1245,1246,1247,1248,1249,1250,1251,1252,1253,1254,1255,1256,1257,1258,1259,
gold,46,303,304,305,306,307,308,309,310,311,312,313,314,315,316,317,318,475,476,477,478,479,480,481,482,483,484,485,486,487,488,489,490,515,516,517,518,519,520,521,522,523,524,525,526,527,528,529,530,555,556,557,558,559,560,561,562,563,564,565,566,567,568,569,570,595,596,597,598,599,600,601,602,603,604,605,606,607,608,609,610,635,636,637,638,639,640,641,642,643,644,645,646,647,648,649,650,1260,1261,1262,1263,1264,1265,1266,1267,1268,1269,1270,1271,1272,1273,1274,1275,1284,1285,1286,1287,1288,1289,1290,1291,1292,1293,1294,1295,1296,1297,1298,1299,1308,1309,1310,1311,1312,1313,1314,1315,1316,1317,1318,1319,1320,1321,1322,1323,
gold,47,183,211,239,279,303,343,379,403,427,451,475,515,555,595,635,675,711,979,997,1015,1043,1061,1079,1116,1140,1164,1192,1208,1224,1260,1284,1308,1345,1367,1389,
gold,47,184,212,240,280,304,344,380,404,428,452,476,516,556,596,636,676,712,803,867,980,998,1016,1044,1062,1080,1117,1141,1165,1193,1209,1225,1261,1285,1309,1346,1368,1390,
gold,47,185,213,241,281,305,345,381,405,429,453,477,517,557,597,637,677,713,747,775,804,843,868,907,981,999,1017,1045,1063,1081,1118,1142,1166,1194,1210,1226,1262,1286,1310,1347,1369,1391,
gold,47,186,214,242,282,306,346,382,406,430,454,478,518,558,598,638,678,714,748,776,805,844,869,908,982,1000,1018,1046,1064,1082,1119,1143,1167,1195,1211,1227,1263,1287,1311,1348,1370,1392,
gold,47,187,215,243,307,347,479,519,559,599,639,679,715,749,777,806,845,870,909,983,1001,1019,1047,1065,1083,1120,1144,1168,1264,1288,1312,1349,1371,1393,
gold,47,244,308,348,480,520,560,600,640,680,716,750,778,807,846,871,910,1121,1145,1169,1265,1289,1313,1350,1372,1394,
gold,47,245,309,349,481,521,561,601,641,681,717,751,779,808,847,872,911,1122,1146,1170,1266,1290,1314,1351,1373,1395,
gold,47,246,310,482,522,562,602,642,752,780,809,848,873,912,1123,1147,1171,1267,1291,1315,
gold,47,753,781,810,849,874,913,
gold,47,188,216,247,283,311,350,383,407,431,455,483,523,563,603,643,682,718,811,875,914,984,1002,1020,1048,1066,1084,1124,1148,1172,1196,1212,1228,1268,1292,1316,1352,1374,1396,
gold,47,189,217,248,284,312,351,384,408,432,456,484,524,564,604,644,683,719,812,876,915,985,1003,1021,1049,1067,1085,1125,1149,1173,1197,1213,1229,1269,1293,1317,1353,1375,1397,
gold,47,190,218,249,285,313,352,385,409,433,457,485,525,565,605,645,684,720,754,782,813,877,916,986,1004,1022,1050,1068,1086,1126,1150,1174,1198,1214,1230,1270,1294,1318,1354,1376,1398,
gold,47,191,219,250,286,314,353,386,410,434,458,486,526,566,606,646,685,721,755,783,814,850,878,917,987,1005,1023,1051,1069,1087,1127,1151,1175,1199,1215,1231,1271,1295,1319,1355,1377,1399,
gold,47,192,220,251,287,315,354,387,411,435,459,487,527,567,607,647,686,722,756,784,815,851,879,918,988,1006,1024,1052,1070,1088,1128,1152,1176,1200,1216,1232,1272,1296,1320,1356,1378,1400,
gold,47,193,221,252,288,316,355,388,412,436,460,488,528,568,608,648,687,723,757,785,816,852,880,919,989,1007,1025,1053,1071,1089,1129,1153,1177,1201,1217,1233,1273,1297,1321,1357,1379,1401,
gold,47,194,222,253,289,317,356,389,413,437,461,489,529,569,609,649,688,724,758,786,817,853,881,920,990,1008,1026,1054,1072,1090,1130,1154,1178,1202,1218,1234,1274,1298,1322,1358,1380,1402,
gold,47,195,223,254,290,318,357,390,414,438,462,490,530,570,610,650,689,725,759,787,818,854,882,921,991,1009,1027,1055,1073,1091,1131,1155,1179,1203,1219,1235,1275,1299,1323,1359,1381,1403,
red,48,365,366,367,368,369,370,371,
gold,48,
lightskyblue,117,175,
lightskyblue,117,176,
lightskyblue,117,170,
lightskyblue,117,171,
lightskyblue,117,172,
lightskyblue,117,177,
lightskyblue,117,178,
lightskyblue,117,179,
lightskyblue,117,180,
lightskyblue,117,166,
lightskyblue,117,167,
lightskyblue,117,168,
lightskyblue,117,169,
lightskyblue,99,142,
lightskyblue,99,143,
lightskyblue,99,144,
lightskyblue,99,145,
lightskyblue,99,146,
lightskyblue,97,153,
lightskyblue,97,154,
lightskyblue,97,155,
lightskyblue,97,156,
lightskyblue,97,157,
lightskyblue,89,129,
lightskyblue,89,130,
lightskyblue,89,131,
lightskyblue,89,132,
lightskyblue,89,133,
lightskyblue,115,175,
lightskyblue,115,176,
lightskyblue,115,170,
lightskyblue,115,171,
lightskyblue,115,172,
lightskyblue,115,177,
lightskyblue,115,178,
lightskyblue,115,179,
lightskyblue,115,180,
lightskyblue,115,166,
lightskyblue,115,167,
lightskyblue,115,168,
lightskyblue,115,169,
lightskyblue,93,142,
lightskyblue,93,143,
lightskyblue,93,144,
lightskyblue,93,145,
lightskyblue,93,146,
lightskyblue,95,153,
lightskyblue,95,154,
lightskyblue,95,155,
lightskyblue,95,156,
lightskyblue,95,157,
lightskyblue,91,129,
lightskyblue,91,130,
lightskyblue,91,131,
lightskyblue,91,132,
lightskyblue,91,133,
lightskyblue,134,165,
lightskyblue,134,173,
lightskyblue,134,167,
lightskyblue,134,168,
lightskyblue,134,169,
lightskyblue,134,170,
lightskyblue,134,171,
lightskyblue,134,172,
lightskyblue,134,174,
lightskyblue,134,175,
lightskyblue,134,176,
lightskyblue,134,177,
lightskyblue,134,178,
lightskyblue,134,179,
lightskyblue,134,180,
lightskyblue,134,166,
lightskyblue,105,139,
lightskyblue,105,140,
lightskyblue,105,141,
lightskyblue,105,142,
lightskyblue,105,143,
lightskyblue,105,144,
lightskyblue,105,145,
lightskyblue,105,146,
lightskyblue,107,150,
lightskyblue,107,151,
lightskyblue,107,152,
lightskyblue,107,153,
lightskyblue,107,154,
lightskyblue,107,155,
lightskyblue,107,156,
lightskyblue,107,157,
lightskyblue,101,126,
lightskyblue,101,127,
lightskyblue,101,128,
lightskyblue,101,129,
lightskyblue,101,130,
lightskyblue,101,131,
lightskyblue,101,132,
lightskyblue,101,133,
lightskyblue,158,176,
lightskyblue,158,177,
lightskyblue,158,171,
lightskyblue,158,172,
lightskyblue,158,178,
lightskyblue,158,179,
lightskyblue,158,180,
lightskyblue,158,166,
lightskyblue,158,167,
lightskyblue,158,168,
lightskyblue,158,169,
lightskyblue,158,170,
lightskyblue,109,143,
lightskyblue,109,144,
lightskyblue,109,145,
lightskyblue,109,146,
lightskyblue,111,154,
lightskyblue,111,155,
lightskyblue,111,156,
lightskyblue,111,157,
lightskyblue,103,130,
lightskyblue,103,131,
lightskyblue,103,132,
lightskyblue,103,133,
lightskyblue,162,165,
lightskyblue,162,173,
lightskyblue,162,167,
lightskyblue,162,168,
lightskyblue,162,169,
lightskyblue,162,170,
lightskyblue,162,171,
lightskyblue,162,172,
lightskyblue,162,174,
lightskyblue,162,175,
lightskyblue,162,176,
lightskyblue,162,177,
lightskyblue,162,178,
lightskyblue,162,179,
lightskyblue,162,180,
lightskyblue,162,166,
lightskyblue,136,139,
lightskyblue,136,140,
lightskyblue,136,141,
lightskyblue,136,142,
lightskyblue,136,143,
lightskyblue,136,144,
lightskyblue,136,145,
lightskyblue,136,146,
lightskyblue,147,150,
lightskyblue,147,151,
lightskyblue,147,152,
lightskyblue,147,153,
lightskyblue,147,154,
lightskyblue,147,155,
lightskyblue,147,156,
lightskyblue,147,157,
lightskyblue,123,126,
lightskyblue,123,127,
lightskyblue,123,128,
lightskyblue,123,129,
lightskyblue,123,130,
lightskyblue,123,131,
lightskyblue,123,132,
lightskyblue,123,133,
lightskyblue,160,173,
lightskyblue,160,174,
lightskyblue,160,168,
lightskyblue,160,169,
lightskyblue,160,170,
lightskyblue,160,171,
lightskyblue,160,172,
lightskyblue,160,175,
lightskyblue,160,176,
lightskyblue,160,177,
lightskyblue,160,178,
lightskyblue,160,179,
lightskyblue,160,180,
lightskyblue,160,166,
lightskyblue,160,167,
lightskyblue,119,140,
lightskyblue,119,141,
lightskyblue,119,142,
lightskyblue,119,143,
lightskyblue,119,144,
lightskyblue,119,145,
lightskyblue,119,146,
lightskyblue,121,151,
lightskyblue,121,152,
lightskyblue,121,153,
lightskyblue,121,154,
lightskyblue,121,155,
lightskyblue,121,156,
lightskyblue,121,157,
lightskyblue,113,127,
lightskyblue,113,128,
lightskyblue,113,129,
lightskyblue,113,130,
lightskyblue,113,131,
lightskyblue,113,132,
lightskyblue,113,133,
lightskyblue,158,176,
lightskyblue,158,177,
lightskyblue,158,171,
lightskyblue,158,172,
lightskyblue,158,178,
lightskyblue,158,179,
lightskyblue,158,180,
lightskyblue,158,166,
lightskyblue,158,167,
lightskyblue,158,168,
lightskyblue,158,169,
lightskyblue,158,170,
lightskyblue,109,143,
lightskyblue,109,144,
lightskyblue,109,145,
lightskyblue,109,146,
lightskyblue,111,154,
lightskyblue,111,155,
lightskyblue,111,156,
lightskyblue,111,157,
lightskyblue,103,130,
lightskyblue,103,131,
lightskyblue,103,132,
lightskyblue,103,133,
lightskyblue,158,176,
lightskyblue,158,177,
lightskyblue,158,171,
lightskyblue,158,172,
lightskyblue,158,178,
lightskyblue,158,179,
lightskyblue,158,180,
lightskyblue,158,166,
lightskyblue,158,167,
lightskyblue,158,168,
lightskyblue,158,169,
lightskyblue,158,170,
lightskyblue,109,143,
lightskyblue,109,144,
lightskyblue,109,145,
lightskyblue,109,146,
lightskyblue,111,154,
lightskyblue,111,155,
lightskyblue,111,156,
lightskyblue,111,157,
lightskyblue,103,130,
lightskyblue,103,131,
lightskyblue,103,132,
lightskyblue,103,133,
lightskyblue,158,176,
lightskyblue,158,177,
lightskyblue,158,171,
lightskyblue,158,172,
lightskyblue,158,178,
lightskyblue,158,179,
lightskyblue,158,180,
lightskyblue,158,166,
lightskyblue,158,167,
lightskyblue,158,168,
lightskyblue,158,169,
lightskyblue,158,170,
lightskyblue,109,143,
lightskyblue,109,144,
lightskyblue,109,145,
lightskyblue,109,146,
lightskyblue,111,154,
lightskyblue,111,155,
lightskyblue,111,156,
lightskyblue,111,157,
lightskyblue,103,130,
lightskyblue,103,131,
lightskyblue,103,132,
lightskyblue,103,133,
lightskyblue,158,176,
lightskyblue,158,177,
lightskyblue,158,171,
lightskyblue,158,172,
lightskyblue,158,178,
lightskyblue,158,179,
lightskyblue,158,180,
lightskyblue,158,166,
lightskyblue,158,167,
lightskyblue,158,168,
lightskyblue,158,169,
lightskyblue,158,170,
lightskyblue,109,143,
lightskyblue,109,144,
lightskyblue,109,145,
lightskyblue,109,146,
lightskyblue,111,154,
lightskyblue,111,155,
lightskyblue,111,156,
lightskyblue,111,157,
lightskyblue,103,130,
lightskyblue,103,131,
lightskyblue,103,132,
lightskyblue,103,133,
lightskyblue,162,165,
lightskyblue,162,173,
lightskyblue,162,167,
lightskyblue,162,168,
lightskyblue,162,169,
lightskyblue,162,170,
lightskyblue,162,171,
lightskyblue,162,172,
lightskyblue,162,174,
lightskyblue,162,175,
lightskyblue,162,176,
lightskyblue,162,177,
lightskyblue,162,178,
lightskyblue,162,179,
lightskyblue,162,180,
lightskyblue,162,166,
lightskyblue,136,139,
lightskyblue,136,140,
lightskyblue,136,141,
lightskyblue,136,142,
lightskyblue,136,143,
lightskyblue,136,144,
lightskyblue,136,145,
lightskyblue,136,146,
lightskyblue,147,150,
lightskyblue,147,151,
lightskyblue,147,152,
lightskyblue,147,153,
lightskyblue,147,154,
lightskyblue,147,155,
lightskyblue,147,156,
lightskyblue,147,157,
lightskyblue,123,126,
lightskyblue,123,127,
lightskyblue,123,128,
lightskyblue,123,129,
lightskyblue,123,130,
lightskyblue,123,131,
lightskyblue,123,132,
lightskyblue,123,133,
lightskyblue,162,165,
lightskyblue,162,173,
lightskyblue,162,167,
lightskyblue,162,168,
lightskyblue,162,169,
lightskyblue,162,170,
lightskyblue,162,171,
lightskyblue,162,172,
lightskyblue,162,174,
lightskyblue,162,175,
lightskyblue,162,176,
lightskyblue,162,177,
lightskyblue,162,178,
lightskyblue,162,179,
lightskyblue,162,180,
lightskyblue,162,166,
lightskyblue,136,139,
lightskyblue,136,140,
lightskyblue,136,141,
lightskyblue,136,142,
lightskyblue,136,143,
lightskyblue,136,144,
lightskyblue,136,145,
lightskyblue,136,146,
lightskyblue,147,150,
lightskyblue,147,151,
lightskyblue,147,152,
lightskyblue,147,153,
lightskyblue,147,154,
lightskyblue,147,155,
lightskyblue,147,156,
lightskyblue,147,157,
lightskyblue,123,126,
lightskyblue,123,127,
lightskyblue,123,128,
lightskyblue,123,129,
lightskyblue,123,130,
lightskyblue,123,131,
lightskyblue,123,132,
lightskyblue,123,133,
lightskyblue,162,165,
lightskyblue,162,173,
lightskyblue,162,167,
lightskyblue,162,168,
lightskyblue,162,169,
lightskyblue,162,170,
lightskyblue,162,171,
lightskyblue,162,172,
lightskyblue,162,174,
lightskyblue,162,175,
lightskyblue,162,176,
lightskyblue,162,177,
lightskyblue,162,178,
lightskyblue,162,179,
lightskyblue,162,180,
lightskyblue,162,166,
lightskyblue,136,139,
lightskyblue,136,140,
lightskyblue,136,141,
lightskyblue,136,142,
lightskyblue,136,143,
lightskyblue,136,144,
lightskyblue,136,145,
lightskyblue,136,146,
lightskyblue,147,150,
lightskyblue,147,151,
lightskyblue,147,152,
lightskyblue,147,153,
lightskyblue,147,154,
lightskyblue,147,155,
lightskyblue,147,156,
lightskyblue,147,157,
lightskyblue,123,126,
lightskyblue,123,127,
lightskyblue,123,128,
lightskyblue,123,129,
lightskyblue,123,130,
lightskyblue,123,131,
lightskyblue,123,132,
lightskyblue,123,133,
lightskyblue,162,165,
lightskyblue,162,173,
lightskyblue,162,167,
lightskyblue,162,168,
lightskyblue,162,169,
lightskyblue,162,170,
lightskyblue,162,171,
lightskyblue,162,172,
lightskyblue,162,174,
lightskyblue,162,175,
lightskyblue,162,176,
lightskyblue,162,177,
lightskyblue,162,178,
lightskyblue,162,179,
lightskyblue,162,180,
lightskyblue,162,166,
lightskyblue,136,139,
lightskyblue,136,140,
lightskyblue,136,141,
lightskyblue,136,142,
lightskyblue,136,143,
lightskyblue,136,144,
lightskyblue,136,145,
lightskyblue,136,146,
lightskyblue,147,150,
lightskyblue,147,151,
lightskyblue,147,152,
lightskyblue,147,153,
lightskyblue,147,154,
lightskyblue,147,155,
lightskyblue,147,156,
lightskyblue,147,157,
lightskyblue,123,126,
lightskyblue,123,127,
lightskyblue,123,128,
lightskyblue,123,129,
lightskyblue,123,130,
lightskyblue,123,131,
lightskyblue,123,132,
lightskyblue,123,133,
lightskyblue,162,165,
lightskyblue,162,173,
lightskyblue,162,167,
lightskyblue,162,168,
lightskyblue,162,169,
lightskyblue,162,170,
lightskyblue,162,171,
lightskyblue,162,172,
lightskyblue,162,174,
lightskyblue,162,175,
lightskyblue,162,176,
lightskyblue,162,177,
lightskyblue,162,178,
lightskyblue,162,179,
lightskyblue,162,180,
lightskyblue,162,166,
lightskyblue,136,139,
lightskyblue,136,140,
lightskyblue,136,141,
lightskyblue,136,142,
lightskyblue,136,143,
lightskyblue,136,144,
lightskyblue,136,145,
lightskyblue,136,146,
lightskyblue,147,150,
lightskyblue,147,151,
lightskyblue,147,152,
lightskyblue,147,153,
lightskyblue,147,154,
lightskyblue,147,155,
lightskyblue,147,156,
lightskyblue,147,157,
lightskyblue,123,126,
lightskyblue,123,127,
lightskyblue,123,128,
lightskyblue,123,129,
lightskyblue,123,130,
lightskyblue,123,131,
lightskyblue,123,132,
lightskyblue,123,133,
lightskyblue,160,173,
lightskyblue,160,174,
lightskyblue,160,168,
lightskyblue,160,169,
lightskyblue,160,170,
lightskyblue,160,171,
lightskyblue,160,172,
lightskyblue,160,175,
lightskyblue,160,176,
lightskyblue,160,177,
lightskyblue,160,178,
lightskyblue,160,179,
lightskyblue,160,180,
lightskyblue,160,166,
lightskyblue,160,167,
lightskyblue,119,140,
lightskyblue,119,141,
lightskyblue,119,142,
lightskyblue,119,143,
lightskyblue,119,144,
lightskyblue,119,145,
lightskyblue,119,146,
lightskyblue,121,151,
lightskyblue,121,152,
lightskyblue,121,153,
lightskyblue,121,154,
lightskyblue,121,155,
lightskyblue,121,156,
lightskyblue,121,157,
lightskyblue,113,127,
lightskyblue,113,128,
lightskyblue,113,129,
lightskyblue,113,130,
lightskyblue,113,131,
lightskyblue,113,132,
lightskyblue,113,133,
lightskyblue,160,173,
lightskyblue,160,174,
lightskyblue,160,168,
lightskyblue,160,169,
lightskyblue,160,170,
lightskyblue,160,171,
lightskyblue,160,172,
lightskyblue,160,175,
lightskyblue,160,176,
lightskyblue,160,177,
lightskyblue,160,178,
lightskyblue,160,179,
lightskyblue,160,180,
lightskyblue,160,166,
lightskyblue,160,167,
lightskyblue,119,140,
lightskyblue,119,141,
lightskyblue,119,142,
lightskyblue,119,143,
lightskyblue,119,144,
lightskyblue,119,145,
lightskyblue,119,146,
lightskyblue,121,151,
lightskyblue,121,152,
lightskyblue,121,153,
lightskyblue,121,154,
lightskyblue,121,155,
lightskyblue,121,156,
lightskyblue,121,157,
lightskyblue,113,127,
lightskyblue,113,128,
lightskyblue,113,129,
lightskyblue,113,130,
lightskyblue,113,131,
lightskyblue,113,132,
lightskyblue,113,133,
lightskyblue,118,177,
lightskyblue,118,178,
lightskyblue,118,179,
lightskyblue,118,180,
lightskyblue,118,166,
lightskyblue,118,167,
lightskyblue,118,168,
lightskyblue,118,164,
lightskyblue,118,165,
lightskyblue,118,173,
lightskyblue,118,174,
lightskyblue,118,175,
lightskyblue,118,176,
lightskyblue,100,138,
lightskyblue,100,139,
lightskyblue,100,140,
lightskyblue,100,141,
lightskyblue,100,142,
lightskyblue,98,149,
lightskyblue,98,150,
lightskyblue,98,151,
lightskyblue,98,152,
lightskyblue,98,153,
lightskyblue,90,125,
lightskyblue,90,126,
lightskyblue,90,127,
lightskyblue,90,128,
lightskyblue,90,129,
lightskyblue,116,177,
lightskyblue,116,178,
lightskyblue,116,179,
lightskyblue,116,180,
lightskyblue,116,166,
lightskyblue,116,167,
lightskyblue,116,168,
lightskyblue,116,164,
lightskyblue,116,165,
lightskyblue,116,173,
lightskyblue,116,174,
lightskyblue,116,175,
lightskyblue,116,176,
lightskyblue,94,138,
lightskyblue,94,139,
lightskyblue,94,140,
lightskyblue,94,141,
lightskyblue,94,142,
lightskyblue,96,149,
lightskyblue,96,150,
lightskyblue,96,151,
lightskyblue,96,152,
lightskyblue,96,153,
lightskyblue,92,125,
lightskyblue,92,126,
lightskyblue,92,127,
lightskyblue,92,128,
lightskyblue,92,129,
lightskyblue,135,164,
lightskyblue,135,180,
lightskyblue,135,166,
lightskyblue,135,167,
lightskyblue,135,168,
lightskyblue,135,169,
lightskyblue,135,170,
lightskyblue,135,171,
lightskyblue,135,165,
lightskyblue,135,173,
lightskyblue,135,174,
lightskyblue,135,175,
lightskyblue,135,176,
lightskyblue,135,177,
lightskyblue,135,178,
lightskyblue,135,179,
lightskyblue,106,138,
lightskyblue,106,139,
lightskyblue,106,140,
lightskyblue,106,141,
lightskyblue,106,142,
lightskyblue,106,143,
lightskyblue,106,144,
lightskyblue,106,145,
lightskyblue,108,149,
lightskyblue,108,150,
lightskyblue,108,151,
lightskyblue,108,152,
lightskyblue,108,153,
lightskyblue,108,154,
lightskyblue,108,155,
lightskyblue,108,156,
lightskyblue,102,125,
lightskyblue,102,126,
lightskyblue,102,127,
lightskyblue,102,128,
lightskyblue,102,129,
lightskyblue,102,130,
lightskyblue,102,131,
lightskyblue,102,132,
lightskyblue,159,176,
lightskyblue,159,177,
lightskyblue,159,178,
lightskyblue,159,179,
lightskyblue,159,180,
lightskyblue,159,166,
lightskyblue,159,167,
lightskyblue,159,164,
lightskyblue,159,165,
lightskyblue,159,173,
lightskyblue,159,174,
lightskyblue,159,175,
lightskyblue,110,138,
lightskyblue,110,139,
lightskyblue,110,140,
lightskyblue,110,141,
lightskyblue,112,149,
lightskyblue,112,150,
lightskyblue,112,151,
lightskyblue,112,152,
lightskyblue,104,125,
lightskyblue,104,126,
lightskyblue,104,127,
lightskyblue,104,128,
lightskyblue,163,164,
lightskyblue,163,180,
lightskyblue,163,166,
lightskyblue,163,167,
lightskyblue,163,168,
lightskyblue,163,169,
lightskyblue,163,170,
lightskyblue,163,171,
lightskyblue,163,165,
lightskyblue,163,173,
lightskyblue,163,174,
lightskyblue,163,175,
lightskyblue,163,176,
lightskyblue,163,177,
lightskyblue,163,178,
lightskyblue,163,179,
lightskyblue,137,138,
lightskyblue,137,139,
lightskyblue,137,140,
lightskyblue,137,141,
lightskyblue,137,142,
lightskyblue,137,143,
lightskyblue,137,144,
lightskyblue,137,145,
lightskyblue,148,149,
lightskyblue,148,150,
lightskyblue,148,151,
lightskyblue,148,152,
lightskyblue,148,153,
lightskyblue,148,154,
lightskyblue,148,155,
lightskyblue,148,156,
lightskyblue,124,125,
lightskyblue,124,126,
lightskyblue,124,127,
lightskyblue,124,128,
lightskyblue,124,129,
lightskyblue,124,130,
lightskyblue,124,131,
lightskyblue,124,132,
lightskyblue,161,179,
lightskyblue,161,180,
lightskyblue,161,166,
lightskyblue,161,167,
lightskyblue,161,168,
lightskyblue,161,169,
lightskyblue,161,170,
lightskyblue,161,164,
lightskyblue,161,165,
lightskyblue,161,173,
lightskyblue,161,174,
lightskyblue,161,175,
lightskyblue,161,176,
lightskyblue,161,177,
lightskyblue,161,178,
lightskyblue,120,138,
lightskyblue,120,139,
lightskyblue,120,140,
lightskyblue,120,141,
lightskyblue,120,142,
lightskyblue,120,143,
lightskyblue,120,144,
lightskyblue,122,149,
lightskyblue,122,150,
lightskyblue,122,151,
lightskyblue,122,152,
lightskyblue,122,153,
lightskyblue,122,154,
lightskyblue,122,155,
lightskyblue,114,125,
lightskyblue,114,126,
lightskyblue,114,127,
lightskyblue,114,128,
lightskyblue,114,129,
lightskyblue,114,130,
lightskyblue,114,131,
lightskyblue,87,
lightskyblue,85,
lightskyblue,83,
lightskyblue,67,
lightskyblue,51,
lightskyblue,57,
lightskyblue,53,
lightskyblue,65,
lightskyblue,63,
lightskyblue,79,
lightskyblue,77,
lightskyblue,81,
lightskyblue,61,
lightskyblue,73,
lightskyblue,75,
lightskyblue,71,
lightskyblue,59,
lightskyblue,69,
lightskyblue,49,
lightskyblue,181,
lightskyblue,55,
lightskyblue,99,142,
lightskyblue,99,143,
lightskyblue,99,144,
lightskyblue,99,145,
lightskyblue,99,146,
lightskyblue,97,153,
lightskyblue,97,154,
lightskyblue,97,155,
lightskyblue,97,156,
lightskyblue,97,157,
lightskyblue,89,129,
lightskyblue,89,130,
lightskyblue,89,131,
lightskyblue,89,132,
lightskyblue,89,133,
lightskyblue,117,175,
lightskyblue,117,176,
lightskyblue,117,170,
lightskyblue,117,171,
lightskyblue,117,172,
lightskyblue,117,177,
lightskyblue,117,178,
lightskyblue,117,179,
lightskyblue,117,180,
lightskyblue,117,166,
lightskyblue,117,167,
lightskyblue,117,168,
lightskyblue,117,169,
lightskyblue,97,153,
lightskyblue,97,154,
lightskyblue,97,155,
lightskyblue,97,156,
lightskyblue,97,157,
lightskyblue,117,175,
lightskyblue,117,176,
lightskyblue,117,170,
lightskyblue,117,171,
lightskyblue,117,172,
lightskyblue,117,177,
lightskyblue,117,178,
lightskyblue,117,179,
lightskyblue,117,180,
lightskyblue,117,166,
lightskyblue,117,167,
lightskyblue,117,168,
lightskyblue,117,169,
lightskyblue,99,142,
lightskyblue,99,143,
lightskyblue,99,144,
lightskyblue,99,145,
lightskyblue,99,146,
lightskyblue,117,175,
lightskyblue,117,176,
lightskyblue,117,170,
lightskyblue,117,171,
lightskyblue,117,172,
lightskyblue,117,177,
lightskyblue,117,178,
lightskyblue,117,179,
lightskyblue,117,180,
lightskyblue,117,166,
lightskyblue,117,167,
lightskyblue,117,168,
lightskyblue,117,169,
lightskyblue,93,142,
lightskyblue,93,143,
lightskyblue,93,144,
lightskyblue,93,145,
lightskyblue,93,146,
lightskyblue,95,153,
lightskyblue,95,154,
lightskyblue,95,155,
lightskyblue,95,156,
lightskyblue,95,157,
lightskyblue,91,129,
lightskyblue,91,130,
lightskyblue,91,131,
lightskyblue,91,132,
lightskyblue,91,133,
lightskyblue,115,175,
lightskyblue,115,176,
lightskyblue,115,170,
lightskyblue,115,171,
lightskyblue,115,172,
lightskyblue,115,177,
lightskyblue,115,178,
lightskyblue,115,179,
lightskyblue,115,180,
lightskyblue,115,166,
lightskyblue,115,167,
lightskyblue,115,168,
lightskyblue,115,169,
lightskyblue,95,153,
lightskyblue,95,154,
lightskyblue,95,155,
lightskyblue,95,156,
lightskyblue,95,157,
lightskyblue,115,175,
lightskyblue,115,176,
lightskyblue,115,170,
lightskyblue,115,171,
lightskyblue,115,172,
lightskyblue,115,177,
lightskyblue,115,178,
lightskyblue,115,179,
lightskyblue,115,180,
lightskyblue,115,166,
lightskyblue,115,167,
lightskyblue,115,168,
lightskyblue,115,169,
lightskyblue,93,142,
lightskyblue,93,143,
lightskyblue,93,144,
lightskyblue,93,145,
lightskyblue,93,146,
lightskyblue,115,175,
lightskyblue,115,176,
lightskyblue,115,170,
lightskyblue,115,171,
lightskyblue,115,172,
lightskyblue,115,177,
lightskyblue,115,178,
lightskyblue,115,179,
lightskyblue,115,180,
lightskyblue,115,166,
lightskyblue,115,167,
lightskyblue,115,168,
lightskyblue,115,169,
lightskyblue,105,139,
lightskyblue,105,140,
lightskyblue,105,141,
lightskyblue,105,142,
lightskyblue,105,143,
lightskyblue,105,144,
lightskyblue,105,145,
lightskyblue,105,146,
lightskyblue,107,150,
lightskyblue,107,151,
lightskyblue,107,152,
lightskyblue,107,153,
lightskyblue,107,154,
lightskyblue,107,155,
lightskyblue,107,156,
lightskyblue,107,157,
lightskyblue,101,126,
lightskyblue,101,127,
lightskyblue,101,128,
lightskyblue,101,129,
lightskyblue,101,130,
lightskyblue,101,131,
lightskyblue,101,132,
lightskyblue,101,133,
lightskyblue,134,165,
lightskyblue,134,173,
lightskyblue,134,167,
lightskyblue,134,168,
lightskyblue,134,169,
lightskyblue,134,170,
lightskyblue,134,171,
lightskyblue,134,172,
lightskyblue,134,174,
lightskyblue,134,175,
lightskyblue,134,176,
lightskyblue,134,177,
lightskyblue,134,178,
lightskyblue,134,179,
lightskyblue,134,180,
lightskyblue,134,166,
lightskyblue,107,150,
lightskyblue,107,151,
lightskyblue,107,152,
lightskyblue,107,153,
lightskyblue,107,154,
lightskyblue,107,155,
lightskyblue,107,156,
lightskyblue,107,157,
lightskyblue,134,165,
lightskyblue,134,173,
lightskyblue,134,167,
lightskyblue,134,168,
lightskyblue,134,169,
lightskyblue,134,170,
lightskyblue,134,171,
lightskyblue,134,172,
lightskyblue,134,174,
lightskyblue,134,175,
lightskyblue,134,176,
lightskyblue,134,177,
lightskyblue,134,178,
lightskyblue,134,179,
lightskyblue,134,180,
lightskyblue,134,166,
lightskyblue,105,139,
lightskyblue,105,140,
lightskyblue,105,141,
lightskyblue,105,142,
lightskyblue,105,143,
lightskyblue,105,144,
lightskyblue,105,145,
lightskyblue,105,146,
lightskyblue,134,165,
lightskyblue,134,173,
lightskyblue,134,167,
lightskyblue,134,168,
lightskyblue,134,169,
lightskyblue,134,170,
lightskyblue,134,171,
lightskyblue,134,172,
lightskyblue,134,174,
lightskyblue,134,175,
lightskyblue,134,176,
lightskyblue,134,177,
lightskyblue,134,178,
lightskyblue,134,179,
lightskyblue,134,180,
lightskyblue,134,166,
lightskyblue,109,143,
lightskyblue,109,144,
lightskyblue,109,145,
lightskyblue,109,146,
lightskyblue,111,154,
lightskyblue,111,155,
lightskyblue,111,156,
lightskyblue,111,157,
lightskyblue,103,130,
lightskyblue,103,131,
lightskyblue,103,132,
lightskyblue,103,133,
lightskyblue,158,176,
lightskyblue,158,177,
lightskyblue,158,171,
lightskyblue,158,172,
lightskyblue,158,178,
lightskyblue,158,179,
lightskyblue,158,180,
lightskyblue,158,166,
lightskyblue,158,167,
lightskyblue,158,168,
lightskyblue,158,169,
lightskyblue,158,170,
lightskyblue,111,154,
lightskyblue,111,155,
lightskyblue,111,156,
lightskyblue,111,157,
lightskyblue,158,176,
lightskyblue,158,177,
lightskyblue,158,171,
lightskyblue,158,172,
lightskyblue,158,178,
lightskyblue,158,179,
lightskyblue,158,180,
lightskyblue,158,166,
lightskyblue,158,167,
lightskyblue,158,168,
lightskyblue,158,169,
lightskyblue,158,170,
lightskyblue,109,143,
lightskyblue,109,144,
lightskyblue,109,145,
lightskyblue,109,146,
lightskyblue,158,176,
lightskyblue,158,177,
lightskyblue,158,171,
lightskyblue,158,172,
lightskyblue,158,178,
lightskyblue,158,179,
lightskyblue,158,180,
lightskyblue,158,166,
lightskyblue,158,167,
lightskyblue,158,168,
lightskyblue,158,169,
lightskyblue,158,170,
lightskyblue,136,139,
lightskyblue,136,140,
lightskyblue,136,141,
lightskyblue,136,142,
lightskyblue,136,143,
lightskyblue,136,144,
lightskyblue,136,145,
lightskyblue,136,146,
lightskyblue,147,150,
lightskyblue,147,151,
lightskyblue,147,152,
lightskyblue,147,153,
lightskyblue,147,154,
lightskyblue,147,155,
lightskyblue,147,156,
lightskyblue,147,157,
lightskyblue,123,126,
lightskyblue,123,127,
lightskyblue,123,128,
lightskyblue,123,129,
lightskyblue,123,130,
lightskyblue,123,131,
lightskyblue,123,132,
lightskyblue,123,133,
lightskyblue,162,165,
lightskyblue,162,173,
lightskyblue,162,167,
lightskyblue,162,168,
lightskyblue,162,169,
lightskyblue,162,170,
lightskyblue,162,171,
lightskyblue,162,172,
lightskyblue,162,174,
lightskyblue,162,175,
lightskyblue,162,176,
lightskyblue,162,177,
lightskyblue,162,178,
lightskyblue,162,179,
lightskyblue,162,180,
lightskyblue,162,166,
lightskyblue,147,150,
lightskyblue,147,151,
lightskyblue,147,152,
lightskyblue,147,153,
lightskyblue,147,154,
lightskyblue,147,155,
lightskyblue,147,156,
lightskyblue,147,157,
lightskyblue,162,165,
lightskyblue,162,173,
lightskyblue,162,167,
lightskyblue,162,168,
lightskyblue,162,169,
lightskyblue,162,170,
lightskyblue,162,171,
lightskyblue,162,172,
lightskyblue,162,174,
lightskyblue,162,175,
lightskyblue,162,176,
lightskyblue,162,177,
lightskyblue,162,178,
lightskyblue,162,179,
lightskyblue,162,180,
lightskyblue,162,166,
lightskyblue,136,139,
lightskyblue,136,140,
lightskyblue,136,141,
lightskyblue,136,142,
lightskyblue,136,143,
lightskyblue,136,144,
lightskyblue,136,145,
lightskyblue,136,146,
lightskyblue,162,165,
lightskyblue,162,173,
lightskyblue,162,167,
lightskyblue,162,168,
lightskyblue,162,169,
lightskyblue,162,170,
lightskyblue,162,171,
lightskyblue,162,172,
lightskyblue,162,174,
lightskyblue,162,175,
lightskyblue,162,176,
lightskyblue,162,177,
lightskyblue,162,178,
lightskyblue,162,179,
lightskyblue,162,180,
lightskyblue,162,166,
lightskyblue,119,140,
lightskyblue,119,141,
lightskyblue,119,142,
lightskyblue,119,143,
lightskyblue,119,144,
lightskyblue,119,145,
lightskyblue,119,146,
lightskyblue,121,151,
lightskyblue,121,152,
lightskyblue,121,153,
lightskyblue,121,154,
lightskyblue,121,155,
lightskyblue,121,156,
lightskyblue,121,157,
lightskyblue,113,127,
lightskyblue,113,128,
lightskyblue,113,129,
lightskyblue,113,130,
lightskyblue,113,131,
lightskyblue,113,132,
lightskyblue,113,133,
lightskyblue,160,173,
lightskyblue,160,174,
lightskyblue,160,168,
lightskyblue,160,169,
lightskyblue,160,170,
lightskyblue,160,171,
lightskyblue,160,172,
lightskyblue,160,175,
lightskyblue,160,176,
lightskyblue,160,177,
lightskyblue,160,178,
lightskyblue,160,179,
lightskyblue,160,180,
lightskyblue,160,166,
lightskyblue,160,167,
lightskyblue,121,151,
lightskyblue,121,152,
lightskyblue,121,153,
lightskyblue,121,154,
lightskyblue,121,155,
lightskyblue,121,156,
lightskyblue,121,157,
lightskyblue,160,173,
lightskyblue,160,174,
lightskyblue,160,168,
lightskyblue,160,169,
lightskyblue,160,170,
lightskyblue,160,171,
lightskyblue,160,172,
lightskyblue,160,175,
lightskyblue,160,176,
lightskyblue,160,177,
lightskyblue,160,178,
lightskyblue,160,179,
lightskyblue,160,180,
lightskyblue,160,166,
lightskyblue,160,167,
lightskyblue,119,140,
lightskyblue,119,141,
lightskyblue,119,142,
lightskyblue,119,143,
lightskyblue,119,144,
lightskyblue,119,145,
lightskyblue,119,146,
lightskyblue,160,173,
lightskyblue,160,174,
lightskyblue,160,168,
lightskyblue,160,169,
lightskyblue,160,170,
lightskyblue,160,171,
lightskyblue,160,172,
lightskyblue,160,175,
lightskyblue,160,176,
lightskyblue,160,177,
lightskyblue,160,178,
lightskyblue,160,179,
lightskyblue,160,180,
lightskyblue,160,166,
lightskyblue,160,167,
