green,
green,
green,
green,
green,
green,
green,
green,
green,
green,
green,
green,
green,
green,
green,
green,
green,
green,
green,
green,
green,
green,
green,
green,
green,
green,
green,
green,
green,
green,
green,
green,
green,
green,
green,
green,
green,
green,
green,
green,
green,
green,
green,
green,
green,
green,
green,
green,
green,
green,
green,
green,
green,
green,
green,
green,
green,
green,
green,
green,
green,
green,
green,
green,
green,
green,
green,
green,
green,
green,
green,
green,
green,
green,
green,
green,
green,
green,
green,
green,
green,
green,
green,
green,
green,
green,
green,
green,
green,
green,
green,
green,
green,
green,
green,
green,
green,
green,
green,
green,
green,
green,
green,
green,
green,
green,
green,
green,
green,
green,
green,
green,
green,
gold,0,765,766,767,768,769,770,
gold,0,
gold,1,559,560,561,562,
gold,1,
gold,2,739,740,741,742,
gold,2,
gold,3,709,710,711,712,713,714,
gold,3,
gold,4,721,722,723,724,725,726,
gold,4,
gold,5,777,778,779,780,781,782,
gold,5,
gold,6,587,588,589,590,
gold,6,
gold,7,801,802,803,804,805,
gold,7,
gold,8,796,797,798,799,800,
gold,8,
gold,9,806,807,808,809,810,
gold,9,
gold,10,651,652,653,654,655,656,657,658,
gold,10,
gold,11,498,499,500,501,502,
gold,11,
gold,12,563,564,565,566,
gold,12,
gold,13,614,615,616,617,618,
gold,13,
gold,14,681,682,683,684,685,686,687,
gold,14,
gold,15,674,675,676,677,678,679,680,
gold,15,
gold,16,659,660,661,662,663,664,665,666,667,668,669,670,671,672,673,
gold,16,
gold,17,688,689,690,691,692,693,694,
gold,17,
gold,18,535,536,537,538,539,540,541,542,
gold,18,
gold,19,469,470,471,472,473,474,
gold,19,
gold,20,695,696,697,698,699,700,701,702,703,704,705,706,707,708,
gold,20,
gold,21,643,644,645,646,647,648,649,650,
gold,21,
gold,22,635,636,637,638,639,640,641,642,
gold,22,
gold,23,619,620,621,622,623,624,625,626,627,628,629,630,631,632,633,634,
gold,23,
gold,24,727,728,729,730,731,732,733,734,735,736,737,738,
gold,24,
gold,25,743,744,745,746,
gold,25,
gold,26,609,610,611,612,613,
gold,26,
gold,27,591,592,593,594,595,596,597,598,599,600,601,602,603,
gold,27,
gold,28,604,605,606,607,608,
gold,28,
gold,29,457,458,459,460,461,462,
gold,29,
gold,30,443,444,445,446,447,448,449,450,451,452,453,454,455,456,
gold,30,
gold,31,543,544,545,546,547,548,549,550,551,552,553,554,
gold,31,
gold,32,555,556,557,558,
gold,32,
gold,33,519,520,521,522,523,524,525,526,
gold,33,
gold,34,503,504,505,506,507,508,509,510,511,512,513,514,515,516,517,518,
gold,34,
gold,35,527,528,529,530,531,532,533,534,
gold,35,
gold,36,433,434,435,436,437,
gold,36,
gold,37,415,416,417,418,419,420,421,422,423,424,425,426,427,
gold,37,
gold,38,428,429,430,431,432,
gold,38,
gold,39,771,772,773,774,775,776,
gold,39,
gold,40,583,584,585,586,
gold,40,
gold,41,567,568,569,570,571,572,573,574,575,576,577,578,
gold,41,
gold,42,579,580,581,582,
gold,42,
gold,43,488,489,490,491,492,
gold,43,
gold,44,475,476,477,478,479,480,481,482,483,484,485,486,487,
gold,44,
gold,45,493,494,495,496,497,
gold,45,
gold,46,399,400,401,402,403,404,405,406,
gold,46,
gold,47,391,392,393,394,395,396,397,398,
gold,47,
gold,48,375,376,377,378,379,380,381,382,383,384,385,386,387,388,389,390,
gold,48,
gold,49,843,844,845,846,847,848,849,850,902,903,904,905,906,1370,1371,1372,1373,1374,1935,1936,1937,1938,1939,1940,1941,1942,1943,1944,1945,1946,1947,
gold,49,438,439,440,441,442,1894,1895,1896,1897,1898,
gold,50,874,875,876,877,878,939,940,941,942,943,944,945,946,1034,1035,1036,1037,1038,1068,1069,1070,1071,1072,1073,1074,1401,1402,1403,1404,1405,1406,1751,2006,2007,2008,2009,2010,2011,2012,2013,2014,2015,2016,2017,2018,2019,
gold,50,469,470,471,472,473,474,1960,1961,1962,1963,1964,1965,
gold,51,1125,1126,1127,1128,1129,1130,1519,1520,1521,1522,1767,2272,2273,2274,2275,2276,2277,2278,2279,2280,2281,2282,2283,
gold,51,587,588,589,590,1095,1096,1097,1098,2236,2237,2238,2239,
gold,52,1301,1302,1303,1304,1305,1306,1495,1496,1497,1498,1763,2216,2217,2218,2219,2220,2221,2222,2223,2224,2225,2226,2227,
gold,52,563,564,565,566,1007,1008,1009,1010,2180,2181,2182,2183,
gold,53,835,836,837,838,839,840,841,842,897,898,899,900,901,1365,1366,1367,1368,1369,1748,1917,1918,1919,1920,1921,1922,1923,1924,1925,1926,1927,1928,1929,1930,1931,1932,1933,1934,
gold,53,433,434,435,436,437,1889,1890,1891,1892,1893,1912,1913,1914,1915,1916,
gold,54,827,828,829,830,831,832,833,834,892,893,894,895,896,1360,1361,1362,1363,1364,1747,1899,1900,1901,1902,1903,1904,1905,1906,1907,1908,1909,1910,1911,1912,1913,1914,1915,1916,
gold,54,428,429,430,431,432,1884,1885,1886,1887,1888,1930,1931,1932,1933,1934,
gold,55,1211,1212,1213,1214,1241,1242,1243,1244,1245,1246,1546,1547,1548,1549,1550,1771,2335,2336,2337,2338,2339,2340,2341,2342,2343,2344,2345,2346,2347,
gold,55,614,615,616,617,618,1034,1035,1036,1037,1038,2294,2295,2296,2297,2298,
gold,56,1679,1680,1681,1682,1787,2632,2633,2634,2635,2636,2637,2638,2639,2640,2641,2642,2643,
gold,56,747,748,749,750,1211,1212,1213,1214,2596,2597,2598,2599,
gold,57,843,844,845,846,847,848,849,850,874,875,876,877,878,902,903,904,905,906,939,940,941,942,943,944,945,946,1007,1008,1009,1010,1339,1340,1341,1342,1343,1344,1345,1346,1868,1869,1870,1871,1872,1873,1874,1875,1876,1877,1878,1879,1880,1881,1882,1883,
gold,57,407,408,409,410,411,412,413,414,1812,1813,1814,1815,1816,1817,1818,1819,
gold,58,979,980,981,982,983,984,985,986,1095,1096,1097,1098,1154,1155,1156,1157,1158,1430,1431,1432,1433,1434,1755,2071,2072,2073,2074,2075,2076,2077,2078,2079,2080,2081,2082,2083,
gold,58,498,499,500,501,502,874,875,876,877,878,902,903,904,905,906,2030,2031,2032,2033,2034,
gold,59,869,870,871,872,873,931,932,933,934,935,936,937,938,1029,1030,1031,1032,1033,1061,1062,1063,1064,1065,1066,1067,1395,1396,1397,1398,1399,1400,1986,1987,1988,1989,1990,1991,1992,1993,1994,1995,1996,1997,1998,1999,2000,2001,2002,2003,2004,2005,
gold,59,463,464,465,466,467,468,1954,1955,1956,1957,1958,1959,1980,1981,1982,1983,1984,1985,
gold,60,864,865,866,867,868,923,924,925,926,927,928,929,930,1024,1025,1026,1027,1028,1054,1055,1056,1057,1058,1059,1060,1389,1390,1391,1392,1393,1394,1750,1966,1967,1968,1969,1970,1971,1972,1973,1974,1975,1976,1977,1978,1979,1980,1981,1982,1983,1984,1985,
gold,60,457,458,459,460,461,462,1948,1949,1950,1951,1952,1953,2000,2001,2002,2003,2004,2005,
gold,61,1295,1296,1297,1298,1299,1300,1491,1492,1493,1494,1762,2200,2201,2202,2203,2204,2205,2206,2207,2208,2209,2210,2211,2212,2213,2214,2215,
gold,61,559,560,561,562,1003,1004,1005,1006,2176,2177,2178,2179,2196,2197,2198,2199,
gold,62,1289,1290,1291,1292,1293,1294,1487,1488,1489,1490,1761,2184,2185,2186,2187,2188,2189,2190,2191,2192,2193,2194,2195,2196,2197,2198,2199,
gold,62,555,556,557,558,999,1000,1001,1002,2172,2173,2174,2175,2212,2213,2214,2215,
gold,63,1671,1672,1673,1674,1785,2600,2601,2602,2603,2604,2605,2606,2607,2608,2609,2610,2611,2612,2613,2614,2615,
gold,63,739,740,741,742,1203,1204,1205,1206,2588,2589,2590,2591,2628,2629,2630,2631,
gold,64,1675,1676,1677,1678,1786,2616,2617,2618,2619,2620,2621,2622,2623,2624,2625,2626,2627,2628,2629,2630,2631,
gold,64,743,744,745,746,1207,1208,1209,1210,2592,2593,2594,2595,2612,2613,2614,2615,
gold,65,1119,1120,1121,1122,1123,1124,1515,1516,1517,1518,1766,2256,2257,2258,2259,2260,2261,2262,2263,2264,2265,2266,2267,2268,2269,2270,2271,
gold,65,583,584,585,586,1091,1092,1093,1094,2232,2233,2234,2235,2252,2253,2254,2255,
gold,66,1113,1114,1115,1116,1117,1118,1511,1512,1513,1514,1765,2240,2241,2242,2243,2244,2245,2246,2247,2248,2249,2250,2251,2252,2253,2254,2255,
gold,66,579,580,581,582,1087,1088,1089,1090,2228,2229,2230,2231,2268,2269,2270,2271,
gold,67,1207,1208,1209,1210,1235,1236,1237,1238,1239,1240,1541,1542,1543,1544,1545,1770,2317,2318,2319,2320,2321,2322,2323,2324,2325,2326,2327,2328,2329,2330,2331,2332,2333,2334,
gold,67,609,610,611,612,613,1029,1030,1031,1032,1033,2289,2290,2291,2292,2293,2312,2313,2314,2315,2316,
gold,68,1203,1204,1205,1206,1229,1230,1231,1232,1233,1234,1536,1537,1538,1539,1540,1769,2299,2300,2301,2302,2303,2304,2305,2306,2307,2308,2309,2310,2311,2312,2313,2314,2315,2316,
gold,68,604,605,606,607,608,1024,1025,1026,1027,1028,2284,2285,2286,2287,2288,2330,2331,2332,2333,2334,
gold,69,1653,1654,1655,1656,1657,1658,1783,2574,2575,2576,2577,2578,2579,2580,2581,2582,2583,2584,2585,2586,2587,
gold,69,721,722,723,724,725,726,1185,1186,1187,1188,1189,1190,2528,2529,2530,2531,2532,2533,
gold,70,1125,1126,1127,1128,1129,1130,1270,1271,1272,1273,1274,1301,1302,1303,1304,1305,1306,1620,1621,1622,1623,1624,1625,1626,1779,2501,2502,2503,2504,2505,2506,2507,2508,2509,2510,2511,2512,2513,2514,2515,
gold,70,688,689,690,691,692,693,694,1068,1069,1070,1071,1072,1073,1074,2450,2451,2452,2453,2454,2455,2456,
gold,71,1738,1739,1740,1741,1742,1795,2767,2768,2769,2770,2771,2772,2773,2774,2775,2776,2777,2778,2779,
gold,71,806,807,808,809,810,1154,1155,1156,1157,1158,1270,1271,1272,1273,1274,2726,2727,2728,2729,2730,
gold,72,835,836,837,838,839,840,841,842,869,870,871,872,873,897,898,899,900,901,931,932,933,934,935,936,937,938,1003,1004,1005,1006,1331,1332,1333,1334,1335,1336,1337,1338,1745,1844,1845,1846,1847,1848,1849,1850,1851,1852,1853,1854,1855,1856,1857,1858,1859,1860,1861,1862,1863,1864,1865,1866,1867,
gold,72,399,400,401,402,403,404,405,406,1804,1805,1806,1807,1808,1809,1810,1811,1836,1837,1838,1839,1840,1841,1842,1843,
gold,73,827,828,829,830,831,832,833,834,864,865,866,867,868,892,893,894,895,896,923,924,925,926,927,928,929,930,999,1000,1001,1002,1323,1324,1325,1326,1327,1328,1329,1330,1744,1820,1821,1822,1823,1824,1825,1826,1827,1828,1829,1830,1831,1832,1833,1834,1835,1836,1837,1838,1839,1840,1841,1842,1843,
gold,73,391,392,393,394,395,396,397,398,1796,1797,1798,1799,1800,1801,1802,1803,1860,1861,1862,1863,1864,1865,1866,1867,
gold,74,971,972,973,974,975,976,977,978,1091,1092,1093,1094,1149,1150,1151,1152,1153,1425,1426,1427,1428,1429,1754,2053,2054,2055,2056,2057,2058,2059,2060,2061,2062,2063,2064,2065,2066,2067,2068,2069,2070,
gold,74,493,494,495,496,497,869,870,871,872,873,897,898,899,900,901,2025,2026,2027,2028,2029,2048,2049,2050,2051,2052,
gold,75,963,964,965,966,967,968,969,970,1087,1088,1089,1090,1144,1145,1146,1147,1148,1420,1421,1422,1423,1424,1753,2035,2036,2037,2038,2039,2040,2041,2042,2043,2044,2045,2046,2047,2048,2049,2050,2051,2052,
gold,75,488,489,490,491,492,864,865,866,867,868,892,893,894,895,896,2020,2021,2022,2023,2024,2066,2067,2068,2069,2070,
gold,76,979,980,981,982,983,984,985,986,1007,1008,1009,1010,1034,1035,1036,1037,1038,1068,1069,1070,1071,1072,1073,1074,1095,1096,1097,1098,1185,1186,1187,1188,1189,1190,1270,1271,1272,1273,1274,1467,1468,1469,1470,1471,1472,1473,1474,1759,2156,2157,2158,2159,2160,2161,2162,2163,2164,2165,2166,2167,2168,2169,2170,2171,
gold,76,535,536,537,538,539,540,541,542,843,844,845,846,847,848,849,850,939,940,941,942,943,944,945,946,2100,2101,2102,2103,2104,2105,2106,2107,
gold,77,1154,1155,1156,1157,1158,1185,1186,1187,1188,1189,1190,1211,1212,1213,1214,1241,1242,1243,1244,1245,1246,1583,1584,1585,1586,1587,1588,1589,1590,1775,2420,2421,2422,2423,2424,2425,2426,2427,2428,2429,2430,2431,2432,2433,2434,2435,
gold,77,651,652,653,654,655,656,657,658,979,980,981,982,983,984,985,986,2364,2365,2366,2367,2368,2369,2370,2371,
gold,78,1709,1710,1711,1712,1713,1714,1791,2702,2703,2704,2705,2706,2707,2708,2709,2710,2711,2712,2713,2714,2715,
gold,78,777,778,779,780,781,782,1125,1126,1127,1128,1129,1130,1241,1242,1243,1244,1245,1246,1301,1302,1303,1304,1305,1306,2656,2657,2658,2659,2660,2661,
gold,79,1641,1642,1643,1644,1645,1646,1781,2534,2535,2536,2537,2538,2539,2540,2541,2542,2543,2544,2545,2546,2547,2548,2549,2550,2551,2552,2553,
gold,79,709,710,711,712,713,714,1173,1174,1175,1176,1177,1178,2516,2517,2518,2519,2520,2521,2568,2569,2570,2571,2572,2573,
gold,80,1647,1648,1649,1650,1651,1652,1782,2554,2555,2556,2557,2558,2559,2560,2561,2562,2563,2564,2565,2566,2567,2568,2569,2570,2571,2572,2573,
gold,80,715,716,717,718,719,720,1179,1180,1181,1182,1183,1184,2522,2523,2524,2525,2526,2527,2548,2549,2550,2551,2552,2553,
gold,81,1733,1734,1735,1736,1737,1794,2749,2750,2751,2752,2753,2754,2755,2756,2757,2758,2759,2760,2761,2762,2763,2764,2765,2766,
gold,81,801,802,803,804,805,1149,1150,1151,1152,1153,1265,1266,1267,1268,1269,2721,2722,2723,2724,2725,2744,2745,2746,2747,2748,
gold,82,1728,1729,1730,1731,1732,1793,2731,2732,2733,2734,2735,2736,2737,2738,2739,2740,2741,2742,2743,2744,2745,2746,2747,2748,
gold,82,796,797,798,799,800,1144,1145,1146,1147,1148,1260,1261,1262,1263,1264,2716,2717,2718,2719,2720,2762,2763,2764,2765,2766,
gold,83,1119,1120,1121,1122,1123,1124,1265,1266,1267,1268,1269,1295,1296,1297,1298,1299,1300,1613,1614,1615,1616,1617,1618,1619,1778,2479,2480,2481,2482,2483,2484,2485,2486,2487,2488,2489,2490,2491,2492,2493,2494,2495,2496,2497,2498,2499,2500,
gold,83,681,682,683,684,685,686,687,1061,1062,1063,1064,1065,1066,1067,2443,2444,2445,2446,2447,2448,2449,2472,2473,2474,2475,2476,2477,2478,
gold,84,1113,1114,1115,1116,1117,1118,1260,1261,1262,1263,1264,1289,1290,1291,1292,1293,1294,1606,1607,1608,1609,1610,1611,1612,1777,2457,2458,2459,2460,2461,2462,2463,2464,2465,2466,2467,2468,2469,2470,2471,2472,2473,2474,2475,2476,2477,2478,
gold,84,674,675,676,677,678,679,680,1054,1055,1056,1057,1058,1059,1060,2436,2437,2438,2439,2440,2441,2442,2494,2495,2496,2497,2498,2499,2500,
gold,85,1703,1704,1705,1706,1707,1708,1790,2682,2683,2684,2685,2686,2687,2688,2689,2690,2691,2692,2693,2694,2695,2696,2697,2698,2699,2700,2701,
gold,85,771,772,773,774,775,776,1119,1120,1121,1122,1123,1124,1235,1236,1237,1238,1239,1240,1295,1296,1297,1298,1299,1300,2650,2651,2652,2653,2654,2655,2676,2677,2678,2679,2680,2681,
gold,86,1697,1698,1699,1700,1701,1702,1789,2662,2663,2664,2665,2666,2667,2668,2669,2670,2671,2672,2673,2674,2675,2676,2677,2678,2679,2680,2681,
gold,86,765,766,767,768,769,770,1113,1114,1115,1116,1117,1118,1229,1230,1231,1232,1233,1234,1289,1290,1291,1292,1293,1294,2644,2645,2646,2647,2648,2649,2696,2697,2698,2699,2700,2701,
gold,87,971,972,973,974,975,976,977,978,1003,1004,1005,1006,1029,1030,1031,1032,1033,1061,1062,1063,1064,1065,1066,1067,1091,1092,1093,1094,1179,1180,1181,1182,1183,1184,1265,1266,1267,1268,1269,1459,1460,1461,1462,1463,1464,1465,1466,1758,2132,2133,2134,2135,2136,2137,2138,2139,2140,2141,2142,2143,2144,2145,2146,2147,2148,2149,2150,2151,2152,2153,2154,2155,
gold,87,527,528,529,530,531,532,533,534,835,836,837,838,839,840,841,842,931,932,933,934,935,936,937,938,2092,2093,2094,2095,2096,2097,2098,2099,2124,2125,2126,2127,2128,2129,2130,2131,
gold,88,963,964,965,966,967,968,969,970,999,1000,1001,1002,1024,1025,1026,1027,1028,1054,1055,1056,1057,1058,1059,1060,1087,1088,1089,1090,1173,1174,1175,1176,1177,1178,1260,1261,1262,1263,1264,1451,1452,1453,1454,1455,1456,1457,1458,1757,2108,2109,2110,2111,2112,2113,2114,2115,2116,2117,2118,2119,2120,2121,2122,2123,2124,2125,2126,2127,2128,2129,2130,2131,
gold,88,519,520,521,522,523,524,525,526,827,828,829,830,831,832,833,834,923,924,925,926,927,928,929,930,2084,2085,2086,2087,2088,2089,2090,2091,2148,2149,2150,2151,2152,2153,2154,2155,
gold,89,1149,1150,1151,1152,1153,1179,1180,1181,1182,1183,1184,1207,1208,1209,1210,1235,1236,1237,1238,1239,1240,1575,1576,1577,1578,1579,1580,1581,1582,1774,2396,2397,2398,2399,2400,2401,2402,2403,2404,2405,2406,2407,2408,2409,2410,2411,2412,2413,2414,2415,2416,2417,2418,2419,
gold,89,643,644,645,646,647,648,649,650,971,972,973,974,975,976,977,978,2356,2357,2358,2359,2360,2361,2362,2363,2388,2389,2390,2391,2392,2393,2394,2395,
gold,90,1144,1145,1146,1147,1148,1173,1174,1175,1176,1177,1178,1203,1204,1205,1206,1229,1230,1231,1232,1233,1234,1567,1568,1569,1570,1571,1572,1573,1574,1773,2372,2373,2374,2375,2376,2377,2378,2379,2380,2381,2382,2383,2384,2385,2386,2387,2388,2389,2390,2391,2392,2393,2394,2395,
gold,90,635,636,637,638,639,640,641,642,963,964,965,966,967,968,969,970,2348,2349,2350,2351,2352,2353,2354,2355,2412,2413,2414,2415,2416,2417,2418,2419,
gold,91,811,812,813,814,815,816,817,818,819,820,821,822,823,824,825,826,879,880,881,882,883,884,885,886,887,888,889,890,891,1347,1348,1349,1350,1351,1352,1353,1354,1355,1356,1357,1358,1359,1746,1884,1885,1886,1887,1888,1889,1890,1891,1892,1893,1894,1895,1896,1897,1898,
gold,91,415,416,417,418,419,420,421,422,423,424,425,426,427,1899,1900,1901,1902,1903,1904,1905,1906,1907,1908,1909,1910,1911,1917,1918,1919,1920,1921,1922,1923,1924,1925,1926,1927,1928,1929,1935,1936,1937,1938,1939,1940,1941,1942,1943,1944,1945,1946,1947,
gold,92,851,852,853,854,855,856,857,858,859,860,861,862,863,907,908,909,910,911,912,913,914,915,916,917,918,919,920,921,922,1011,1012,1013,1014,1015,1016,1017,1018,1019,1020,1021,1022,1023,1039,1040,1041,1042,1043,1044,1045,1046,1047,1048,1049,1050,1051,1052,1053,1375,1376,1377,1378,1379,1380,1381,1382,1383,1384,1385,1386,1387,1388,1749,1948,1949,1950,1951,1952,1953,1954,1955,1956,1957,1958,1959,1960,1961,1962,1963,1964,1965,
gold,92,443,444,445,446,447,448,449,450,451,452,453,454,455,456,1966,1967,1968,1969,1970,1971,1972,1973,1974,1975,1976,1977,1978,1979,1986,1987,1988,1989,1990,1991,1992,1993,1994,1995,1996,1997,1998,1999,2006,2007,2008,2009,2010,2011,2012,2013,2014,2015,2016,2017,2018,2019,
gold,93,391,428,457,488,519,555,579,604,635,674,709,739,765,796,827,864,892,923,963,999,1024,1054,1087,1113,1144,1173,1203,1229,1260,1289,1796,1860,1884,1930,1948,2000,2020,2066,2084,2148,2172,2212,2228,2268,2284,2330,2348,2412,2436,2494,2516,2568,2588,2628,2644,2696,2716,2762,
gold,93,392,429,458,489,520,556,580,605,636,675,710,740,766,797,828,865,893,924,964,1000,1025,1055,1088,1114,1145,1174,1204,1230,1261,1290,1323,1451,1567,1797,1861,1885,1931,1949,2001,2021,2067,2085,2149,2173,2213,2229,2269,2285,2331,2349,2413,2437,2495,2517,2569,2589,2629,2645,2697,2717,2763,
gold,93,393,430,459,490,521,557,581,606,637,676,711,741,767,798,829,866,894,925,965,1001,1026,1056,1089,1115,1146,1175,1205,1231,1262,1291,1324,1452,1568,1606,1798,1862,1886,1932,1950,2002,2022,2068,2086,2150,2174,2214,2230,2270,2286,2332,2350,2414,2438,2496,2518,2570,2590,2630,2646,2698,2718,2764,
gold,93,394,431,460,491,522,558,582,607,638,677,712,742,768,799,830,867,895,926,966,1002,1027,1057,1090,1116,1147,1176,1206,1232,1263,1292,1325,1389,1453,1569,1607,1641,1697,1799,1863,1887,1933,1951,2003,2023,2069,2087,2151,2175,2215,2231,2271,2287,2333,2351,2415,2439,2497,2519,2571,2591,2631,2647,2699,2719,2765,
gold,93,395,432,461,492,523,608,639,678,713,769,800,831,868,896,927,967,1028,1058,1117,1148,1177,1233,1264,1293,1326,1360,1390,1420,1454,1536,1570,1608,1642,1698,1728,1800,1864,1888,1934,1952,2004,2024,2070,2088,2152,2288,2334,2352,2416,2440,2498,2520,2572,2648,2700,2720,2766,
gold,93,396,462,524,640,679,714,770,832,928,968,1059,1118,1178,1234,1294,1327,1361,1391,1421,1455,1487,1511,1537,1571,1609,1643,1671,1699,1729,1801,1865,1953,2005,2089,2153,2353,2417,2441,2499,2521,2573,2649,2701,
gold,93,397,525,641,680,833,929,969,1060,1328,1362,1392,1422,1456,1488,1512,1538,1572,1610,1644,1672,1700,1730,1802,1866,2090,2154,2354,2418,2442,2500,
gold,93,398,526,642,834,930,970,1329,1363,1393,1423,1457,1489,1513,1539,1573,1611,1645,1673,1701,1731,1803,1867,2091,2155,2355,2419,
gold,93,1330,1364,1394,1424,1458,1490,1514,1540,1574,1612,1646,1674,1702,1732,
gold,94,407,438,469,498,535,563,587,614,651,688,721,747,777,806,843,874,902,939,979,1007,1034,1068,1095,1125,1154,1185,1211,1241,1270,1301,1812,1894,1960,2030,2100,2180,2236,2294,2364,2450,2528,2596,2656,2726,
gold,94,408,439,470,499,536,564,588,615,652,689,722,748,778,807,844,875,903,940,980,1008,1035,1069,1096,1126,1155,1186,1212,1242,1271,1302,1339,1467,1583,1813,1895,1961,2031,2101,2181,2237,2295,2365,2451,2529,2597,2657,2727,
gold,94,409,440,471,500,537,565,589,616,653,690,723,749,779,808,845,876,904,941,981,1009,1036,1070,1097,1127,1156,1187,1213,1243,1272,1303,1340,1468,1584,1620,1814,1896,1962,2032,2102,2182,2238,2296,2366,2452,2530,2598,2658,2728,
gold,94,410,441,472,501,538,566,590,617,654,691,724,750,780,809,846,877,905,942,982,1010,1037,1071,1098,1128,1157,1188,1214,1244,1273,1304,1341,1401,1469,1585,1621,1653,1709,1815,1897,1963,2033,2103,2183,2239,2297,2367,2453,2531,2599,2659,2729,
gold,94,411,442,473,502,539,618,655,692,725,781,810,847,878,906,943,983,1038,1072,1129,1158,1189,1245,1274,1305,1342,1370,1402,1430,1470,1546,1586,1622,1654,1710,1738,1816,1898,1964,2034,2104,2298,2368,2454,2532,2660,2730,
gold,94,412,474,540,656,693,726,782,848,944,984,1073,1130,1190,1246,1306,1343,1371,1403,1431,1471,1495,1519,1547,1587,1623,1655,1679,1711,1739,1817,1965,2105,2369,2455,2533,2661,
gold,94,413,541,657,694,849,945,985,1074,1344,1372,1404,1432,1472,1496,1520,1548,1588,1624,1656,1680,1712,1740,1818,2106,2370,2456,
gold,94,414,542,658,850,946,986,1345,1373,1405,1433,1473,1497,1521,1549,1589,1625,1657,1681,1713,1741,1819,2107,2371,
gold,94,1346,1374,1406,1434,1474,1498,1522,1550,1590,1626,1658,1682,1714,1742,
gold,95,399,433,463,493,527,559,583,609,643,681,715,743,771,801,835,869,897,931,971,1003,1029,1061,1091,1119,1149,1179,1207,1235,1265,1295,1804,1836,1889,1912,1954,1980,2025,2048,2092,2124,2176,2196,2232,2252,2289,2312,2356,2388,2443,2472,2522,2548,2592,2612,2650,2676,2721,2744,
gold,95,400,434,464,494,528,560,584,610,644,682,716,744,772,802,836,870,898,932,972,1004,1030,1062,1092,1120,1150,1180,1208,1236,1266,1296,1331,1459,1575,1805,1837,1890,1913,1955,1981,2026,2049,2093,2125,2177,2197,2233,2253,2290,2313,2357,2389,2444,2473,2523,2549,2593,2613,2651,2677,2722,2745,
gold,95,401,435,465,495,529,561,585,611,645,683,717,745,773,803,837,871,899,933,973,1005,1031,1063,1093,1121,1151,1181,1209,1237,1267,1297,1332,1460,1576,1613,1806,1838,1891,1914,1956,1982,2027,2050,2094,2126,2178,2198,2234,2254,2291,2314,2358,2390,2445,2474,2524,2550,2594,2614,2652,2678,2723,2746,
gold,95,402,436,466,496,530,562,586,612,646,684,718,746,774,804,838,872,900,934,974,1006,1032,1064,1094,1122,1152,1182,1210,1238,1268,1298,1333,1395,1461,1577,1614,1647,1703,1807,1839,1892,1915,1957,1983,2028,2051,2095,2127,2179,2199,2235,2255,2292,2315,2359,2391,2446,2475,2525,2551,2595,2615,2653,2679,2724,2747,
gold,95,403,437,467,497,531,613,647,685,719,775,805,839,873,901,935,975,1033,1065,1123,1153,1183,1239,1269,1299,1334,1365,1396,1425,1462,1541,1578,1615,1648,1704,1733,1808,1840,1893,1916,1958,1984,2029,2052,2096,2128,2293,2316,2360,2392,2447,2476,2526,2552,2654,2680,2725,2748,
gold,95,404,468,532,648,686,720,776,840,936,976,1066,1124,1184,1240,1300,1335,1366,1397,1426,1463,1491,1515,1542,1579,1616,1649,1675,1705,1734,1809,1841,1959,1985,2097,2129,2361,2393,2448,2477,2527,2553,2655,2681,
gold,95,405,533,649,687,841,937,977,1067,1336,1367,1398,1427,1464,1492,1516,1543,1580,1617,1650,1676,1706,1735,1810,1842,2098,2130,2362,2394,2449,2478,
gold,95,406,534,650,842,938,978,1337,1368,1399,1428,1465,1493,1517,1544,1581,1618,1651,1677,1707,1736,1811,1843,2099,2131,2363,2395,
gold,95,1338,1369,1400,1429,1466,1494,1518,1545,1582,1619,1652,1678,1708,1737,
gold,96,811,812,813,814,815,816,817,818,819,820,821,822,823,824,825,826,851,852,853,854,855,856,857,858,859,860,861,862,863,879,880,881,882,883,884,885,886,887,888,889,890,891,907,908,909,910,911,912,913,914,915,916,917,918,919,920,921,922,987,988,989,990,991,992,993,994,995,996,997,998,1307,1308,1309,1310,1311,1312,1313,1314,1315,1316,1317,1318,1319,1320,1321,1322,1743,1796,1797,1798,1799,1800,1801,1802,1803,1804,1805,1806,1807,1808,1809,1810,1811,1812,1813,1814,1815,1816,1817,1818,1819,
gold,96,375,376,377,378,379,380,381,382,383,384,385,386,387,388,389,390,1820,1821,1822,1823,1824,1825,1826,1827,1828,1829,1830,1831,1832,1833,1834,1835,1844,1845,1846,1847,1848,1849,1850,1851,1852,1853,1854,1855,1856,1857,1858,1859,1868,1869,1870,1871,1872,1873,1874,1875,1876,1877,1878,1879,1880,1881,1882,1883,
gold,97,1275,1276,1277,1278,1279,1280,1281,1282,1283,1284,1285,1286,1287,1288,1475,1476,1477,1478,1479,1480,1481,1482,1483,1484,1485,1486,1760,2172,2173,2174,2175,2176,2177,2178,2179,2180,2181,2182,2183,
gold,97,543,544,545,546,547,548,549,550,551,552,553,554,987,988,989,990,991,992,993,994,995,996,997,998,2184,2185,2186,2187,2188,2189,2190,2191,2192,2193,2194,2195,2200,2201,2202,2203,2204,2205,2206,2207,2208,2209,2210,2211,2216,2217,2218,2219,2220,2221,2222,2223,2224,2225,2226,2227,
gold,98,1191,1192,1193,1194,1195,1196,1197,1198,1199,1200,1201,1202,1215,1216,1217,1218,1219,1220,1221,1222,1223,1224,1225,1226,1227,1228,1523,1524,1525,1526,1527,1528,1529,1530,1531,1532,1533,1534,1535,1768,2284,2285,2286,2287,2288,2289,2290,2291,2292,2293,2294,2295,2296,2297,2298,
gold,98,591,592,593,594,595,596,597,598,599,600,601,602,603,1011,1012,1013,1014,1015,1016,1017,1018,1019,1020,1021,1022,1023,2299,2300,2301,2302,2303,2304,2305,2306,2307,2308,2309,2310,2311,2317,2318,2319,2320,2321,2322,2323,2324,2325,2326,2327,2328,2329,2335,2336,2337,2338,2339,2340,2341,2342,2343,2344,2345,2346,2347,
gold,99,1659,1660,1661,1662,1663,1664,1665,1666,1667,1668,1669,1670,1784,2588,2589,2590,2591,2592,2593,2594,2595,2596,2597,2598,2599,
gold,99,727,728,729,730,731,732,733,734,735,736,737,738,1191,1192,1193,1194,1195,1196,1197,1198,1199,1200,1201,1202,2600,2601,2602,2603,2604,2605,2606,2607,2608,2609,2610,2611,2616,2617,2618,2619,2620,2621,2622,2623,2624,2625,2626,2627,2632,2633,2634,2635,2636,2637,2638,2639,2640,2641,2642,2643,
gold,100,947,948,949,950,951,952,953,954,955,956,957,958,959,960,961,962,1075,1076,1077,1078,1079,1080,1081,1082,1083,1084,1085,1086,1131,1132,1133,1134,1135,1136,1137,1138,1139,1140,1141,1142,1143,1407,1408,1409,1410,1411,1412,1413,1414,1415,1416,1417,1418,1419,1752,2020,2021,2022,2023,2024,2025,2026,2027,2028,2029,2030,2031,2032,2033,2034,
gold,100,475,476,477,478,479,480,481,482,483,484,485,486,487,851,852,853,854,855,856,857,858,859,860,861,862,863,879,880,881,882,883,884,885,886,887,888,889,890,891,2035,2036,2037,2038,2039,2040,2041,2042,2043,2044,2045,2046,2047,2053,2054,2055,2056,2057,2058,2059,2060,2061,2062,2063,2064,2065,2071,2072,2073,2074,2075,2076,2077,2078,2079,2080,2081,2082,2083,
gold,101,1099,1100,1101,1102,1103,1104,1105,1106,1107,1108,1109,1110,1111,1112,1499,1500,1501,1502,1503,1504,1505,1506,1507,1508,1509,1510,1764,2228,2229,2230,2231,2232,2233,2234,2235,2236,2237,2238,2239,
gold,101,567,568,569,570,571,572,573,574,575,576,577,578,1075,1076,1077,1078,1079,1080,1081,1082,1083,1084,1085,1086,2240,2241,2242,2243,2244,2245,2246,2247,2248,2249,2250,2251,2256,2257,2258,2259,2260,2261,2262,2263,2264,2265,2266,2267,2272,2273,2274,2275,2276,2277,2278,2279,2280,2281,2282,2283,
gold,102,1099,1100,1101,1102,1103,1104,1105,1106,1107,1108,1109,1110,1111,1112,1247,1248,1249,1250,1251,1252,1253,1254,1255,1256,1257,1258,1259,1275,1276,1277,1278,1279,1280,1281,1282,1283,1284,1285,1286,1287,1288,1591,1592,1593,1594,1595,1596,1597,1598,1599,1600,1601,1602,1603,1604,1605,1776,2436,2437,2438,2439,2440,2441,2442,2443,2444,2445,2446,2447,2448,2449,2450,2451,2452,2453,2454,2455,2456,
gold,102,659,660,661,662,663,664,665,666,667,668,669,670,671,672,673,1039,1040,1041,1042,1043,1044,1045,1046,1047,1048,1049,1050,1051,1052,1053,2457,2458,2459,2460,2461,2462,2463,2464,2465,2466,2467,2468,2469,2470,2471,2479,2480,2481,2482,2483,2484,2485,2486,2487,2488,2489,2490,2491,2492,2493,2501,2502,2503,2504,2505,2506,2507,2508,2509,2510,2511,2512,2513,2514,2515,
gold,103,1627,1628,1629,1630,1631,1632,1633,1634,1635,1636,1637,1638,1639,1640,1780,2516,2517,2518,2519,2520,2521,2522,2523,2524,2525,2526,2527,2528,2529,2530,2531,2532,2533,
gold,103,695,696,697,698,699,700,701,702,703,704,705,706,707,708,1159,1160,1161,1162,1163,1164,1165,1166,1167,1168,1169,1170,1171,1172,2534,2535,2536,2537,2538,2539,2540,2541,2542,2543,2544,2545,2546,2547,2554,2555,2556,2557,2558,2559,2560,2561,2562,2563,2564,2565,2566,2567,2574,2575,2576,2577,2578,2579,2580,2581,2582,2583,2584,2585,2586,2587,
gold,104,947,948,949,950,951,952,953,954,955,956,957,958,959,960,961,962,987,988,989,990,991,992,993,994,995,996,997,998,1011,1012,1013,1014,1015,1016,1017,1018,1019,1020,1021,1022,1023,1039,1040,1041,1042,1043,1044,1045,1046,1047,1048,1049,1050,1051,1052,1053,1075,1076,1077,1078,1079,1080,1081,1082,1083,1084,1085,1086,1159,1160,1161,1162,1163,1164,1165,1166,1167,1168,1169,1170,1171,1172,1247,1248,1249,1250,1251,1252,1253,1254,1255,1256,1257,1258,1259,1435,1436,1437,1438,1439,1440,1441,1442,1443,1444,1445,1446,1447,1448,1449,1450,1756,2084,2085,2086,2087,2088,2089,2090,2091,2092,2093,2094,2095,2096,2097,2098,2099,2100,2101,2102,2103,2104,2105,2106,2107,
gold,104,503,504,505,506,507,508,509,510,511,512,513,514,515,516,517,518,811,812,813,814,815,816,817,818,819,820,821,822,823,824,825,826,907,908,909,910,911,912,913,914,915,916,917,918,919,920,921,922,2108,2109,2110,2111,2112,2113,2114,2115,2116,2117,2118,2119,2120,2121,2122,2123,2132,2133,2134,2135,2136,2137,2138,2139,2140,2141,2142,2143,2144,2145,2146,2147,2156,2157,2158,2159,2160,2161,2162,2163,2164,2165,2166,2167,2168,2169,2170,2171,
gold,105,1131,1132,1133,1134,1135,1136,1137,1138,1139,1140,1141,1142,1143,1159,1160,1161,1162,1163,1164,1165,1166,1167,1168,1169,1170,1171,1172,1191,1192,1193,1194,1195,1196,1197,1198,1199,1200,1201,1202,1215,1216,1217,1218,1219,1220,1221,1222,1223,1224,1225,1226,1227,1228,1551,1552,1553,1554,1555,1556,1557,1558,1559,1560,1561,1562,1563,1564,1565,1566,1772,2348,2349,2350,2351,2352,2353,2354,2355,2356,2357,2358,2359,2360,2361,2362,2363,2364,2365,2366,2367,2368,2369,2370,2371,
gold,105,619,620,621,622,623,624,625,626,627,628,629,630,631,632,633,634,947,948,949,950,951,952,953,954,955,956,957,958,959,960,961,962,2372,2373,2374,2375,2376,2377,2378,2379,2380,2381,2382,2383,2384,2385,2386,2387,2396,2397,2398,2399,2400,2401,2402,2403,2404,2405,2406,2407,2408,2409,2410,2411,2420,2421,2422,2423,2424,2425,2426,2427,2428,2429,2430,2431,2432,2433,2434,2435,
gold,106,1715,1716,1717,1718,1719,1720,1721,1722,1723,1724,1725,1726,1727,1792,2716,2717,2718,2719,2720,2721,2722,2723,2724,2725,2726,2727,2728,2729,2730,
gold,106,783,784,785,786,787,788,789,790,791,792,793,794,795,1131,1132,1133,1134,1135,1136,1137,1138,1139,1140,1141,1142,1143,1247,1248,1249,1250,1251,1252,1253,1254,1255,1256,1257,1258,1259,2731,2732,2733,2734,2735,2736,2737,2738,2739,2740,2741,2742,2743,2749,2750,2751,2752,2753,2754,2755,2756,2757,2758,2759,2760,2761,2767,2768,2769,2770,2771,2772,2773,2774,2775,2776,2777,2778,2779,
gold,107,1683,1684,1685,1686,1687,1688,1689,1690,1691,1692,1693,1694,1695,1696,1788,2644,2645,2646,2647,2648,2649,2650,2651,2652,2653,2654,2655,2656,2657,2658,2659,2660,2661,
gold,107,751,752,753,754,755,756,757,758,759,760,761,762,763,764,1099,1100,1101,1102,1103,1104,1105,1106,1107,1108,1109,1110,1111,1112,1215,1216,1217,1218,1219,1220,1221,1222,1223,1224,1225,1226,1227,1228,1275,1276,1277,1278,1279,1280,1281,1282,1283,1284,1285,1286,1287,1288,2662,2663,2664,2665,2666,2667,2668,2669,2670,2671,2672,2673,2674,2675,2682,2683,2684,2685,2686,2687,2688,2689,2690,2691,2692,2693,2694,2695,2702,2703,2704,2705,2706,2707,2708,2709,2710,2711,2712,2713,2714,2715,
gold,108,375,415,443,475,503,543,567,591,619,659,695,727,751,783,811,851,879,907,947,987,1011,1039,1075,1099,1131,1159,1191,1215,1247,1275,1820,1844,1868,1899,1917,1935,1966,1986,2006,2035,2053,2071,2108,2132,2156,2184,2200,2216,2240,2256,2272,2299,2317,2335,2372,2396,2420,2457,2479,2501,2534,2554,2574,2600,2616,2632,2662,2682,2702,2731,2749,2767,
gold,108,376,416,444,476,504,544,568,592,620,660,696,728,752,784,812,852,880,908,948,988,1012,1040,1076,1100,1132,1160,1192,1216,1248,1276,1307,1435,1551,1821,1845,1869,1900,1918,1936,1967,1987,2007,2036,2054,2072,2109,2133,2157,2185,2201,2217,2241,2257,2273,2300,2318,2336,2373,2397,2421,2458,2480,2502,2535,2555,2575,2601,2617,2633,2663,2683,2703,2732,2750,2768,
gold,108,377,417,445,477,505,545,569,593,621,661,697,729,753,785,813,853,881,909,949,989,1013,1041,1077,1101,1133,1161,1193,1217,1249,1277,1308,1347,1375,1407,1436,1475,1499,1523,1552,1591,1627,1659,1683,1715,1822,1846,1870,1901,1919,1937,1968,1988,2008,2037,2055,2073,2110,2134,2158,2186,2202,2218,2242,2258,2274,2301,2319,2337,2374,2398,2422,2459,2481,2503,2536,2556,2576,2602,2618,2634,2664,2684,2704,2733,2751,2769,
gold,108,378,418,446,478,506,546,570,594,622,662,698,730,754,786,814,854,882,910,950,990,1014,1042,1078,1102,1134,1162,1194,1218,1250,1278,1309,1348,1376,1408,1437,1476,1500,1524,1553,1592,1628,1660,1684,1716,1823,1847,1871,1902,1920,1938,1969,1989,2009,2038,2056,2074,2111,2135,2159,2187,2203,2219,2243,2259,2275,2302,2320,2338,2375,2399,2423,2460,2482,2504,2537,2557,2577,2603,2619,2635,2665,2685,2705,2734,2752,2770,
gold,108,379,419,447,479,507,595,623,663,699,755,787,815,855,883,911,951,1015,1043,1103,1135,1163,1219,1251,1279,1310,1349,1377,1409,1438,1477,1501,1525,1554,1593,1629,1661,1685,1717,1824,1848,1872,1903,1921,1939,1970,1990,2010,2039,2057,2075,2112,2136,2160,2303,2321,2339,2376,2400,2424,2461,2483,2505,2538,2558,2578,2666,2686,2706,2735,2753,2771,
gold,108,380,448,508,624,664,700,756,816,912,952,1044,1104,1164,1220,1280,1311,1350,1378,1410,1439,1478,1502,1526,1555,1594,1630,1662,1686,1718,1825,1849,1873,1971,1991,2011,2113,2137,2161,2377,2401,2425,2462,2484,2506,2539,2559,2579,2667,2687,2707,
gold,108,381,509,625,665,817,913,953,1045,1312,1351,1379,1411,1440,1479,1503,1527,1556,1595,1631,1663,1687,1719,1826,1850,1874,2114,2138,2162,2378,2402,2426,2463,2485,2507,
gold,108,382,510,626,818,914,954,1313,1352,1380,1412,1441,1480,1504,1528,1557,1596,1632,1664,1688,1720,1827,1851,1875,2115,2139,2163,2379,2403,2427,
gold,108,1314,1353,1381,1413,1442,1481,1505,1529,1558,1597,1633,1665,1689,1721,
gold,108,383,420,449,480,511,547,571,596,627,666,701,731,757,788,819,856,884,915,955,991,1016,1046,1079,1105,1136,1165,1195,1221,1252,1281,1315,1443,1559,1598,1828,1852,1876,1904,1922,1940,1972,1992,2012,2040,2058,2076,2116,2140,2164,2188,2204,2220,2244,2260,2276,2304,2322,2340,2380,2404,2428,2464,2486,2508,2540,2560,2580,2604,2620,2636,2668,2688,2708,2736,2754,2772,
gold,108,384,421,450,481,512,548,572,597,628,667,702,732,758,789,820,857,885,916,956,992,1017,1047,1080,1106,1137,1166,1196,1222,1253,1282,1316,1382,1444,1560,1599,1634,1690,1829,1853,1877,1905,1923,1941,1973,1993,2013,2041,2059,2077,2117,2141,2165,2189,2205,2221,2245,2261,2277,2305,2323,2341,2381,2405,2429,2465,2487,2509,2541,2561,2581,2605,2621,2637,2669,2689,2709,2737,2755,2773,
gold,108,385,422,451,482,513,549,573,598,629,668,703,733,759,790,821,858,886,917,957,993,1018,1048,1081,1107,1138,1167,1197,1223,1254,1283,1317,1354,1383,1414,1445,1530,1561,1600,1635,1691,1722,1830,1854,1878,1906,1924,1942,1974,1994,2014,2042,2060,2078,2118,2142,2166,2190,2206,2222,2246,2262,2278,2306,2324,2342,2382,2406,2430,2466,2488,2510,2542,2562,2582,2606,2622,2638,2670,2690,2710,2738,2756,2774,
gold,108,386,423,452,483,514,550,574,599,630,669,704,734,760,791,822,859,887,918,958,994,1019,1049,1082,1108,1139,1168,1198,1224,1255,1284,1318,1355,1384,1415,1446,1482,1506,1531,1562,1601,1636,1666,1692,1723,1831,1855,1879,1907,1925,1943,1975,1995,2015,2043,2061,2079,2119,2143,2167,2191,2207,2223,2247,2263,2279,2307,2325,2343,2383,2407,2431,2467,2489,2511,2543,2563,2583,2607,2623,2639,2671,2691,2711,2739,2757,2775,
gold,108,387,424,453,484,515,551,575,600,631,670,705,735,761,792,823,860,888,919,959,995,1020,1050,1083,1109,1140,1169,1199,1225,1256,1285,1319,1356,1385,1416,1447,1483,1507,1532,1563,1602,1637,1667,1693,1724,1832,1856,1880,1908,1926,1944,1976,1996,2016,2044,2062,2080,2120,2144,2168,2192,2208,2224,2248,2264,2280,2308,2326,2344,2384,2408,2432,2468,2490,2512,2544,2564,2584,2608,2624,2640,2672,2692,2712,2740,2758,2776,
gold,108,388,425,454,485,516,552,576,601,632,671,706,736,762,793,824,861,889,920,960,996,1021,1051,1084,1110,1141,1170,1200,1226,1257,1286,1320,1357,1386,1417,1448,1484,1508,1533,1564,1603,1638,1668,1694,1725,1833,1857,1881,1909,1927,1945,1977,1997,2017,2045,2063,2081,2121,2145,2169,2193,2209,2225,2249,2265,2281,2309,2327,2345,2385,2409,2433,2469,2491,2513,2545,2565,2585,2609,2625,2641,2673,2693,2713,2741,2759,2777,
gold,108,389,426,455,486,517,553,577,602,633,672,707,737,763,794,825,862,890,921,961,997,1022,1052,1085,1111,1142,1171,1201,1227,1258,1287,1321,1358,1387,1418,1449,1485,1509,1534,1565,1604,1639,1669,1695,1726,1834,1858,1882,1910,1928,1946,1978,1998,2018,2046,2064,2082,2122,2146,2170,2194,2210,2226,2250,2266,2282,2310,2328,2346,2386,2410,2434,2470,2492,2514,2546,2566,2586,2610,2626,2642,2674,2694,2714,2742,2760,2778,
gold,108,390,427,456,487,518,554,578,603,634,673,708,738,764,795,826,863,891,922,962,998,1023,1053,1086,1112,1143,1172,1202,1228,1259,1288,1322,1359,1388,1419,1450,1486,1510,1535,1566,1605,1640,1670,1696,1727,1835,1859,1883,1911,1929,1947,1979,1999,2019,2047,2065,2083,2123,2147,2171,2195,2211,2227,2251,2267,2283,2311,2329,2347,2387,2411,2435,2471,2493,2515,2547,2567,2587,2611,2627,2643,2675,2695,2715,2743,2761,2779,
red,109,747,748,749,750,
gold,109,
red,110,715,716,717,718,719,720,
gold,110,
red,111,783,784,785,786,787,788,789,790,791,792,793,794,795,
gold,111,
red,112,751,752,753,754,755,756,757,758,759,760,761,762,763,764,
gold,112,
lightskyblue,326,351,
lightskyblue,326,359,
lightskyblue,326,353,
lightskyblue,326,354,
lightskyblue,326,355,
lightskyblue,326,356,
lightskyblue,326,357,
lightskyblue,326,358,
lightskyblue,326,360,
lightskyblue,326,361,
lightskyblue,326,362,
lightskyblue,326,363,
lightskyblue,326,364,
lightskyblue,326,365,
lightskyblue,326,366,
lightskyblue,326,352,
lightskyblue,259,300,
lightskyblue,259,301,
lightskyblue,259,302,
lightskyblue,259,303,
lightskyblue,259,304,
lightskyblue,259,305,
lightskyblue,259,306,
lightskyblue,259,307,
lightskyblue,257,318,
lightskyblue,257,319,
lightskyblue,257,320,
lightskyblue,257,321,
lightskyblue,257,322,
lightskyblue,257,323,
lightskyblue,257,324,
lightskyblue,257,325,
lightskyblue,227,309,
lightskyblue,227,310,
lightskyblue,227,311,
lightskyblue,227,312,
lightskyblue,227,313,
lightskyblue,227,314,
lightskyblue,227,315,
lightskyblue,227,316,
lightskyblue,295,361,
lightskyblue,295,362,
lightskyblue,295,356,
lightskyblue,295,357,
lightskyblue,295,358,
lightskyblue,295,363,
lightskyblue,295,364,
lightskyblue,295,365,
lightskyblue,295,366,
lightskyblue,295,352,
lightskyblue,295,353,
lightskyblue,295,354,
lightskyblue,295,355,
lightskyblue,221,303,
lightskyblue,221,304,
lightskyblue,221,305,
lightskyblue,221,306,
lightskyblue,221,307,
lightskyblue,219,321,
lightskyblue,219,322,
lightskyblue,219,323,
lightskyblue,219,324,
lightskyblue,219,325,
lightskyblue,211,312,
lightskyblue,211,313,
lightskyblue,211,314,
lightskyblue,211,315,
lightskyblue,211,316,
lightskyblue,297,360,
lightskyblue,297,361,
lightskyblue,297,355,
lightskyblue,297,356,
lightskyblue,297,357,
lightskyblue,297,358,
lightskyblue,297,362,
lightskyblue,297,363,
lightskyblue,297,364,
lightskyblue,297,365,
lightskyblue,297,366,
lightskyblue,297,352,
lightskyblue,297,353,
lightskyblue,297,354,
lightskyblue,233,302,
lightskyblue,233,303,
lightskyblue,233,304,
lightskyblue,233,305,
lightskyblue,233,306,
lightskyblue,233,307,
lightskyblue,231,320,
lightskyblue,231,321,
lightskyblue,231,322,
lightskyblue,231,323,
lightskyblue,231,324,
lightskyblue,231,325,
lightskyblue,213,311,
lightskyblue,213,312,
lightskyblue,213,313,
lightskyblue,213,314,
lightskyblue,213,315,
lightskyblue,213,316,
lightskyblue,334,361,
lightskyblue,334,362,
lightskyblue,334,356,
lightskyblue,334,357,
lightskyblue,334,358,
lightskyblue,334,363,
lightskyblue,334,364,
lightskyblue,334,365,
lightskyblue,334,366,
lightskyblue,334,352,
lightskyblue,334,353,
lightskyblue,334,354,
lightskyblue,334,355,
lightskyblue,263,303,
lightskyblue,263,304,
lightskyblue,263,305,
lightskyblue,263,306,
lightskyblue,263,307,
lightskyblue,261,321,
lightskyblue,261,322,
lightskyblue,261,323,
lightskyblue,261,324,
lightskyblue,261,325,
lightskyblue,229,312,
lightskyblue,229,313,
lightskyblue,229,314,
lightskyblue,229,315,
lightskyblue,229,316,
lightskyblue,342,351,
lightskyblue,342,359,
lightskyblue,342,353,
lightskyblue,342,354,
lightskyblue,342,355,
lightskyblue,342,356,
lightskyblue,342,357,
lightskyblue,342,358,
lightskyblue,342,360,
lightskyblue,342,361,
lightskyblue,342,362,
lightskyblue,342,363,
lightskyblue,342,364,
lightskyblue,342,365,
lightskyblue,342,366,
lightskyblue,342,352,
lightskyblue,289,300,
lightskyblue,289,301,
lightskyblue,289,302,
lightskyblue,289,303,
lightskyblue,289,304,
lightskyblue,289,305,
lightskyblue,289,306,
lightskyblue,289,307,
lightskyblue,287,318,
lightskyblue,287,319,
lightskyblue,287,320,
lightskyblue,287,321,
lightskyblue,287,322,
lightskyblue,287,323,
lightskyblue,287,324,
lightskyblue,287,325,
lightskyblue,265,309,
lightskyblue,265,310,
lightskyblue,265,311,
lightskyblue,265,312,
lightskyblue,265,313,
lightskyblue,265,314,
lightskyblue,265,315,
lightskyblue,265,316,
lightskyblue,328,362,
lightskyblue,328,363,
lightskyblue,328,357,
lightskyblue,328,358,
lightskyblue,328,364,
lightskyblue,328,365,
lightskyblue,328,366,
lightskyblue,328,352,
lightskyblue,328,353,
lightskyblue,328,354,
lightskyblue,328,355,
lightskyblue,328,356,
lightskyblue,237,304,
lightskyblue,237,305,
lightskyblue,237,306,
lightskyblue,237,307,
lightskyblue,235,322,
lightskyblue,235,323,
lightskyblue,235,324,
lightskyblue,235,325,
lightskyblue,217,313,
lightskyblue,217,314,
lightskyblue,217,315,
lightskyblue,217,316,
lightskyblue,336,362,
lightskyblue,336,363,
lightskyblue,336,357,
lightskyblue,336,358,
lightskyblue,336,364,
lightskyblue,336,365,
lightskyblue,336,366,
lightskyblue,336,352,
lightskyblue,336,353,
lightskyblue,336,354,
lightskyblue,336,355,
lightskyblue,336,356,
lightskyblue,245,304,
lightskyblue,245,305,
lightskyblue,245,306,
lightskyblue,245,307,
lightskyblue,243,322,
lightskyblue,243,323,
lightskyblue,243,324,
lightskyblue,243,325,
lightskyblue,215,313,
lightskyblue,215,314,
lightskyblue,215,315,
lightskyblue,215,316,
lightskyblue,330,361,
lightskyblue,330,362,
lightskyblue,330,356,
lightskyblue,330,357,
lightskyblue,330,358,
lightskyblue,330,363,
lightskyblue,330,364,
lightskyblue,330,365,
lightskyblue,330,366,
lightskyblue,330,352,
lightskyblue,330,353,
lightskyblue,330,354,
lightskyblue,330,355,
lightskyblue,249,303,
lightskyblue,249,304,
lightskyblue,249,305,
lightskyblue,249,306,
lightskyblue,249,307,
lightskyblue,247,321,
lightskyblue,247,322,
lightskyblue,247,323,
lightskyblue,247,324,
lightskyblue,247,325,
lightskyblue,223,312,
lightskyblue,223,313,
lightskyblue,223,314,
lightskyblue,223,315,
lightskyblue,223,316,
lightskyblue,344,351,
lightskyblue,344,359,
lightskyblue,344,353,
lightskyblue,344,354,
lightskyblue,344,355,
lightskyblue,344,356,
lightskyblue,344,357,
lightskyblue,344,358,
lightskyblue,344,360,
lightskyblue,344,361,
lightskyblue,344,362,
lightskyblue,344,363,
lightskyblue,344,364,
lightskyblue,344,365,
lightskyblue,344,366,
lightskyblue,344,352,
lightskyblue,293,300,
lightskyblue,293,301,
lightskyblue,293,302,
lightskyblue,293,303,
lightskyblue,293,304,
lightskyblue,293,305,
lightskyblue,293,306,
lightskyblue,293,307,
lightskyblue,291,318,
lightskyblue,291,319,
lightskyblue,291,320,
lightskyblue,291,321,
lightskyblue,291,322,
lightskyblue,291,323,
lightskyblue,291,324,
lightskyblue,291,325,
lightskyblue,267,309,
lightskyblue,267,310,
lightskyblue,267,311,
lightskyblue,267,312,
lightskyblue,267,313,
lightskyblue,267,314,
lightskyblue,267,315,
lightskyblue,267,316,
lightskyblue,338,359,
lightskyblue,338,360,
lightskyblue,338,354,
lightskyblue,338,355,
lightskyblue,338,356,
lightskyblue,338,357,
lightskyblue,338,358,
lightskyblue,338,361,
lightskyblue,338,362,
lightskyblue,338,363,
lightskyblue,338,364,
lightskyblue,338,365,
lightskyblue,338,366,
lightskyblue,338,352,
lightskyblue,338,353,
lightskyblue,281,301,
lightskyblue,281,302,
lightskyblue,281,303,
lightskyblue,281,304,
lightskyblue,281,305,
lightskyblue,281,306,
lightskyblue,281,307,
lightskyblue,279,319,
lightskyblue,279,320,
lightskyblue,279,321,
lightskyblue,279,322,
lightskyblue,279,323,
lightskyblue,279,324,
lightskyblue,279,325,
lightskyblue,253,310,
lightskyblue,253,311,
lightskyblue,253,312,
lightskyblue,253,313,
lightskyblue,253,314,
lightskyblue,253,315,
lightskyblue,253,316,
lightskyblue,340,360,
lightskyblue,340,361,
lightskyblue,340,355,
lightskyblue,340,356,
lightskyblue,340,357,
lightskyblue,340,358,
lightskyblue,340,362,
lightskyblue,340,363,
lightskyblue,340,364,
lightskyblue,340,365,
lightskyblue,340,366,
lightskyblue,340,352,
lightskyblue,340,353,
lightskyblue,340,354,
lightskyblue,271,302,
lightskyblue,271,303,
lightskyblue,271,304,
lightskyblue,271,305,
lightskyblue,271,306,
lightskyblue,271,307,
lightskyblue,273,320,
lightskyblue,273,321,
lightskyblue,273,322,
lightskyblue,273,323,
lightskyblue,273,324,
lightskyblue,273,325,
lightskyblue,251,311,
lightskyblue,251,312,
lightskyblue,251,313,
lightskyblue,251,314,
lightskyblue,251,315,
lightskyblue,251,316,
lightskyblue,332,362,
lightskyblue,332,363,
lightskyblue,332,357,
lightskyblue,332,358,
lightskyblue,332,364,
lightskyblue,332,365,
lightskyblue,332,366,
lightskyblue,332,352,
lightskyblue,332,353,
lightskyblue,332,354,
lightskyblue,332,355,
lightskyblue,332,356,
lightskyblue,239,304,
lightskyblue,239,305,
lightskyblue,239,306,
lightskyblue,239,307,
lightskyblue,241,322,
lightskyblue,241,323,
lightskyblue,241,324,
lightskyblue,241,325,
lightskyblue,225,313,
lightskyblue,225,314,
lightskyblue,225,315,
lightskyblue,225,316,
lightskyblue,348,360,
lightskyblue,348,361,
lightskyblue,348,355,
lightskyblue,348,356,
lightskyblue,348,357,
lightskyblue,348,358,
lightskyblue,348,362,
lightskyblue,348,363,
lightskyblue,348,364,
lightskyblue,348,365,
lightskyblue,348,366,
lightskyblue,348,352,
lightskyblue,348,353,
lightskyblue,348,354,
lightskyblue,285,302,
lightskyblue,285,303,
lightskyblue,285,304,
lightskyblue,285,305,
lightskyblue,285,306,
lightskyblue,285,307,
lightskyblue,283,320,
lightskyblue,283,321,
lightskyblue,283,322,
lightskyblue,283,323,
lightskyblue,283,324,
lightskyblue,283,325,
lightskyblue,269,311,
lightskyblue,269,312,
lightskyblue,269,313,
lightskyblue,269,314,
lightskyblue,269,315,
lightskyblue,269,316,
lightskyblue,346,361,
lightskyblue,346,362,
lightskyblue,346,356,
lightskyblue,346,357,
lightskyblue,346,358,
lightskyblue,346,363,
lightskyblue,346,364,
lightskyblue,346,365,
lightskyblue,346,366,
lightskyblue,346,352,
lightskyblue,346,353,
lightskyblue,346,354,
lightskyblue,346,355,
lightskyblue,277,303,
lightskyblue,277,304,
lightskyblue,277,305,
lightskyblue,277,306,
lightskyblue,277,307,
lightskyblue,275,321,
lightskyblue,275,322,
lightskyblue,275,323,
lightskyblue,275,324,
lightskyblue,275,325,
lightskyblue,255,312,
lightskyblue,255,313,
lightskyblue,255,314,
lightskyblue,255,315,
lightskyblue,255,316,
lightskyblue,342,351,
lightskyblue,342,359,
lightskyblue,342,353,
lightskyblue,342,354,
lightskyblue,342,355,
lightskyblue,342,356,
lightskyblue,342,357,
lightskyblue,342,358,
lightskyblue,342,360,
lightskyblue,342,361,
lightskyblue,342,362,
lightskyblue,342,363,
lightskyblue,342,364,
lightskyblue,342,365,
lightskyblue,342,366,
lightskyblue,342,352,
lightskyblue,289,300,
lightskyblue,289,301,
lightskyblue,289,302,
lightskyblue,289,303,
lightskyblue,289,304,
lightskyblue,289,305,
lightskyblue,289,306,
lightskyblue,289,307,
lightskyblue,287,318,
lightskyblue,287,319,
lightskyblue,287,320,
lightskyblue,287,321,
lightskyblue,287,322,
lightskyblue,287,323,
lightskyblue,287,324,
lightskyblue,287,325,
lightskyblue,265,309,
lightskyblue,265,310,
lightskyblue,265,311,
lightskyblue,265,312,
lightskyblue,265,313,
lightskyblue,265,314,
lightskyblue,265,315,
lightskyblue,265,316,
lightskyblue,334,361,
lightskyblue,334,362,
lightskyblue,334,356,
lightskyblue,334,357,
lightskyblue,334,358,
lightskyblue,334,363,
lightskyblue,334,364,
lightskyblue,334,365,
lightskyblue,334,366,
lightskyblue,334,352,
lightskyblue,334,353,
lightskyblue,334,354,
lightskyblue,334,355,
lightskyblue,263,303,
lightskyblue,263,304,
lightskyblue,263,305,
lightskyblue,263,306,
lightskyblue,263,307,
lightskyblue,261,321,
lightskyblue,261,322,
lightskyblue,261,323,
lightskyblue,261,324,
lightskyblue,261,325,
lightskyblue,229,312,
lightskyblue,229,313,
lightskyblue,229,314,
lightskyblue,229,315,
lightskyblue,229,316,
lightskyblue,334,361,
lightskyblue,334,362,
lightskyblue,334,356,
lightskyblue,334,357,
lightskyblue,334,358,
lightskyblue,334,363,
lightskyblue,334,364,
lightskyblue,334,365,
lightskyblue,334,366,
lightskyblue,334,352,
lightskyblue,334,353,
lightskyblue,334,354,
lightskyblue,334,355,
lightskyblue,263,303,
lightskyblue,263,304,
lightskyblue,263,305,
lightskyblue,263,306,
lightskyblue,263,307,
lightskyblue,261,321,
lightskyblue,261,322,
lightskyblue,261,323,
lightskyblue,261,324,
lightskyblue,261,325,
lightskyblue,229,312,
lightskyblue,229,313,
lightskyblue,229,314,
lightskyblue,229,315,
lightskyblue,229,316,
lightskyblue,342,351,
lightskyblue,342,359,
lightskyblue,342,353,
lightskyblue,342,354,
lightskyblue,342,355,
lightskyblue,342,356,
lightskyblue,342,357,
lightskyblue,342,358,
lightskyblue,342,360,
lightskyblue,342,361,
lightskyblue,342,362,
lightskyblue,342,363,
lightskyblue,342,364,
lightskyblue,342,365,
lightskyblue,342,366,
lightskyblue,342,352,
lightskyblue,289,300,
lightskyblue,289,301,
lightskyblue,289,302,
lightskyblue,289,303,
lightskyblue,289,304,
lightskyblue,289,305,
lightskyblue,289,306,
lightskyblue,289,307,
lightskyblue,287,318,
lightskyblue,287,319,
lightskyblue,287,320,
lightskyblue,287,321,
lightskyblue,287,322,
lightskyblue,287,323,
lightskyblue,287,324,
lightskyblue,287,325,
lightskyblue,265,309,
lightskyblue,265,310,
lightskyblue,265,311,
lightskyblue,265,312,
lightskyblue,265,313,
lightskyblue,265,314,
lightskyblue,265,315,
lightskyblue,265,316,
lightskyblue,344,351,
lightskyblue,344,359,
lightskyblue,344,353,
lightskyblue,344,354,
lightskyblue,344,355,
lightskyblue,344,356,
lightskyblue,344,357,
lightskyblue,344,358,
lightskyblue,344,360,
lightskyblue,344,361,
lightskyblue,344,362,
lightskyblue,344,363,
lightskyblue,344,364,
lightskyblue,344,365,
lightskyblue,344,366,
lightskyblue,344,352,
lightskyblue,293,300,
lightskyblue,293,301,
lightskyblue,293,302,
lightskyblue,293,303,
lightskyblue,293,304,
lightskyblue,293,305,
lightskyblue,293,306,
lightskyblue,293,307,
lightskyblue,291,318,
lightskyblue,291,319,
lightskyblue,291,320,
lightskyblue,291,321,
lightskyblue,291,322,
lightskyblue,291,323,
lightskyblue,291,324,
lightskyblue,291,325,
lightskyblue,267,309,
lightskyblue,267,310,
lightskyblue,267,311,
lightskyblue,267,312,
lightskyblue,267,313,
lightskyblue,267,314,
lightskyblue,267,315,
lightskyblue,267,316,
lightskyblue,328,362,
lightskyblue,328,363,
lightskyblue,328,357,
lightskyblue,328,358,
lightskyblue,328,364,
lightskyblue,328,365,
lightskyblue,328,366,
lightskyblue,328,352,
lightskyblue,328,353,
lightskyblue,328,354,
lightskyblue,328,355,
lightskyblue,328,356,
lightskyblue,237,304,
lightskyblue,237,305,
lightskyblue,237,306,
lightskyblue,237,307,
lightskyblue,235,322,
lightskyblue,235,323,
lightskyblue,235,324,
lightskyblue,235,325,
lightskyblue,217,313,
lightskyblue,217,314,
lightskyblue,217,315,
lightskyblue,217,316,
lightskyblue,330,361,
lightskyblue,330,362,
lightskyblue,330,356,
lightskyblue,330,357,
lightskyblue,330,358,
lightskyblue,330,363,
lightskyblue,330,364,
lightskyblue,330,365,
lightskyblue,330,366,
lightskyblue,330,352,
lightskyblue,330,353,
lightskyblue,330,354,
lightskyblue,330,355,
lightskyblue,249,303,
lightskyblue,249,304,
lightskyblue,249,305,
lightskyblue,249,306,
lightskyblue,249,307,
lightskyblue,247,321,
lightskyblue,247,322,
lightskyblue,247,323,
lightskyblue,247,324,
lightskyblue,247,325,
lightskyblue,223,312,
lightskyblue,223,313,
lightskyblue,223,314,
lightskyblue,223,315,
lightskyblue,223,316,
lightskyblue,338,359,
lightskyblue,338,360,
lightskyblue,338,354,
lightskyblue,338,355,
lightskyblue,338,356,
lightskyblue,338,357,
lightskyblue,338,358,
lightskyblue,338,361,
lightskyblue,338,362,
lightskyblue,338,363,
lightskyblue,338,364,
lightskyblue,338,365,
lightskyblue,338,366,
lightskyblue,338,352,
lightskyblue,338,353,
lightskyblue,281,301,
lightskyblue,281,302,
lightskyblue,281,303,
lightskyblue,281,304,
lightskyblue,281,305,
lightskyblue,281,306,
lightskyblue,281,307,
lightskyblue,279,319,
lightskyblue,279,320,
lightskyblue,279,321,
lightskyblue,279,322,
lightskyblue,279,323,
lightskyblue,279,324,
lightskyblue,279,325,
lightskyblue,253,310,
lightskyblue,253,311,
lightskyblue,253,312,
lightskyblue,253,313,
lightskyblue,253,314,
lightskyblue,253,315,
lightskyblue,253,316,
lightskyblue,336,362,
lightskyblue,336,363,
lightskyblue,336,357,
lightskyblue,336,358,
lightskyblue,336,364,
lightskyblue,336,365,
lightskyblue,336,366,
lightskyblue,336,352,
lightskyblue,336,353,
lightskyblue,336,354,
lightskyblue,336,355,
lightskyblue,336,356,
lightskyblue,245,304,
lightskyblue,245,305,
lightskyblue,245,306,
lightskyblue,245,307,
lightskyblue,243,322,
lightskyblue,243,323,
lightskyblue,243,324,
lightskyblue,243,325,
lightskyblue,215,313,
lightskyblue,215,314,
lightskyblue,215,315,
lightskyblue,215,316,
lightskyblue,348,360,
lightskyblue,348,361,
lightskyblue,348,355,
lightskyblue,348,356,
lightskyblue,348,357,
lightskyblue,348,358,
lightskyblue,348,362,
lightskyblue,348,363,
lightskyblue,348,364,
lightskyblue,348,365,
lightskyblue,348,366,
lightskyblue,348,352,
lightskyblue,348,353,
lightskyblue,348,354,
lightskyblue,285,302,
lightskyblue,285,303,
lightskyblue,285,304,
lightskyblue,285,305,
lightskyblue,285,306,
lightskyblue,285,307,
lightskyblue,283,320,
lightskyblue,283,321,
lightskyblue,283,322,
lightskyblue,283,323,
lightskyblue,283,324,
lightskyblue,283,325,
lightskyblue,269,311,
lightskyblue,269,312,
lightskyblue,269,313,
lightskyblue,269,314,
lightskyblue,269,315,
lightskyblue,269,316,
lightskyblue,346,361,
lightskyblue,346,362,
lightskyblue,346,356,
lightskyblue,346,357,
lightskyblue,346,358,
lightskyblue,346,363,
lightskyblue,346,364,
lightskyblue,346,365,
lightskyblue,346,366,
lightskyblue,346,352,
lightskyblue,346,353,
lightskyblue,346,354,
lightskyblue,346,355,
lightskyblue,277,303,
lightskyblue,277,304,
lightskyblue,277,305,
lightskyblue,277,306,
lightskyblue,277,307,
lightskyblue,275,321,
lightskyblue,275,322,
lightskyblue,275,323,
lightskyblue,275,324,
lightskyblue,275,325,
lightskyblue,255,312,
lightskyblue,255,313,
lightskyblue,255,314,
lightskyblue,255,315,
lightskyblue,255,316,
lightskyblue,340,360,
lightskyblue,340,361,
lightskyblue,340,355,
lightskyblue,340,356,
lightskyblue,340,357,
lightskyblue,340,358,
lightskyblue,340,362,
lightskyblue,340,363,
lightskyblue,340,364,
lightskyblue,340,365,
lightskyblue,340,366,
lightskyblue,340,352,
lightskyblue,340,353,
lightskyblue,340,354,
lightskyblue,271,302,
lightskyblue,271,303,
lightskyblue,271,304,
lightskyblue,271,305,
lightskyblue,271,306,
lightskyblue,271,307,
lightskyblue,273,320,
lightskyblue,273,321,
lightskyblue,273,322,
lightskyblue,273,323,
lightskyblue,273,324,
lightskyblue,273,325,
lightskyblue,251,311,
lightskyblue,251,312,
lightskyblue,251,313,
lightskyblue,251,314,
lightskyblue,251,315,
lightskyblue,251,316,
lightskyblue,332,362,
lightskyblue,332,363,
lightskyblue,332,357,
lightskyblue,332,358,
lightskyblue,332,364,
lightskyblue,332,365,
lightskyblue,332,366,
lightskyblue,332,352,
lightskyblue,332,353,
lightskyblue,332,354,
lightskyblue,332,355,
lightskyblue,332,356,
lightskyblue,239,304,
lightskyblue,239,305,
lightskyblue,239,306,
lightskyblue,239,307,
lightskyblue,241,322,
lightskyblue,241,323,
lightskyblue,241,324,
lightskyblue,241,325,
lightskyblue,225,313,
lightskyblue,225,314,
lightskyblue,225,315,
lightskyblue,225,316,
lightskyblue,348,360,
lightskyblue,348,361,
lightskyblue,348,355,
lightskyblue,348,356,
lightskyblue,348,357,
lightskyblue,348,358,
lightskyblue,348,362,
lightskyblue,348,363,
lightskyblue,348,364,
lightskyblue,348,365,
lightskyblue,348,366,
lightskyblue,348,352,
lightskyblue,348,353,
lightskyblue,348,354,
lightskyblue,285,302,
lightskyblue,285,303,
lightskyblue,285,304,
lightskyblue,285,305,
lightskyblue,285,306,
lightskyblue,285,307,
lightskyblue,283,320,
lightskyblue,283,321,
lightskyblue,283,322,
lightskyblue,283,323,
lightskyblue,283,324,
lightskyblue,283,325,
lightskyblue,269,311,
lightskyblue,269,312,
lightskyblue,269,313,
lightskyblue,269,314,
lightskyblue,269,315,
lightskyblue,269,316,
lightskyblue,346,361,
lightskyblue,346,362,
lightskyblue,346,356,
lightskyblue,346,357,
lightskyblue,346,358,
lightskyblue,346,363,
lightskyblue,346,364,
lightskyblue,346,365,
lightskyblue,346,366,
lightskyblue,346,352,
lightskyblue,346,353,
lightskyblue,346,354,
lightskyblue,346,355,
lightskyblue,277,303,
lightskyblue,277,304,
lightskyblue,277,305,
lightskyblue,277,306,
lightskyblue,277,307,
lightskyblue,275,321,
lightskyblue,275,322,
lightskyblue,275,323,
lightskyblue,275,324,
lightskyblue,275,325,
lightskyblue,255,312,
lightskyblue,255,313,
lightskyblue,255,314,
lightskyblue,255,315,
lightskyblue,255,316,
lightskyblue,348,360,
lightskyblue,348,361,
lightskyblue,348,355,
lightskyblue,348,356,
lightskyblue,348,357,
lightskyblue,348,358,
lightskyblue,348,362,
lightskyblue,348,363,
lightskyblue,348,364,
lightskyblue,348,365,
lightskyblue,348,366,
lightskyblue,348,352,
lightskyblue,348,353,
lightskyblue,348,354,
lightskyblue,285,302,
lightskyblue,285,303,
lightskyblue,285,304,
lightskyblue,285,305,
lightskyblue,285,306,
lightskyblue,285,307,
lightskyblue,283,320,
lightskyblue,283,321,
lightskyblue,283,322,
lightskyblue,283,323,
lightskyblue,283,324,
lightskyblue,283,325,
lightskyblue,269,311,
lightskyblue,269,312,
lightskyblue,269,313,
lightskyblue,269,314,
lightskyblue,269,315,
lightskyblue,269,316,
lightskyblue,327,350,
lightskyblue,327,366,
lightskyblue,327,352,
lightskyblue,327,353,
lightskyblue,327,354,
lightskyblue,327,355,
lightskyblue,327,356,
lightskyblue,327,357,
lightskyblue,327,351,
lightskyblue,327,359,
lightskyblue,327,360,
lightskyblue,327,361,
lightskyblue,327,362,
lightskyblue,327,363,
lightskyblue,327,364,
lightskyblue,327,365,
lightskyblue,260,299,
lightskyblue,260,300,
lightskyblue,260,301,
lightskyblue,260,302,
lightskyblue,260,303,
lightskyblue,260,304,
lightskyblue,260,305,
lightskyblue,260,306,
lightskyblue,258,317,
lightskyblue,258,318,
lightskyblue,258,319,
lightskyblue,258,320,
lightskyblue,258,321,
lightskyblue,258,322,
lightskyblue,258,323,
lightskyblue,258,324,
lightskyblue,228,308,
lightskyblue,228,309,
lightskyblue,228,310,
lightskyblue,228,311,
lightskyblue,228,312,
lightskyblue,228,313,
lightskyblue,228,314,
lightskyblue,228,315,
lightskyblue,296,363,
lightskyblue,296,364,
lightskyblue,296,365,
lightskyblue,296,366,
lightskyblue,296,352,
lightskyblue,296,353,
lightskyblue,296,354,
lightskyblue,296,350,
lightskyblue,296,351,
lightskyblue,296,359,
lightskyblue,296,360,
lightskyblue,296,361,
lightskyblue,296,362,
lightskyblue,222,299,
lightskyblue,222,300,
lightskyblue,222,301,
lightskyblue,222,302,
lightskyblue,222,303,
lightskyblue,220,317,
lightskyblue,220,318,
lightskyblue,220,319,
lightskyblue,220,320,
lightskyblue,220,321,
lightskyblue,212,308,
lightskyblue,212,309,
lightskyblue,212,310,
lightskyblue,212,311,
lightskyblue,212,312,
lightskyblue,298,364,
lightskyblue,298,365,
lightskyblue,298,366,
lightskyblue,298,352,
lightskyblue,298,353,
lightskyblue,298,354,
lightskyblue,298,355,
lightskyblue,298,350,
lightskyblue,298,351,
lightskyblue,298,359,
lightskyblue,298,360,
lightskyblue,298,361,
lightskyblue,298,362,
lightskyblue,298,363,
lightskyblue,234,299,
lightskyblue,234,300,
lightskyblue,234,301,
lightskyblue,234,302,
lightskyblue,234,303,
lightskyblue,234,304,
lightskyblue,232,317,
lightskyblue,232,318,
lightskyblue,232,319,
lightskyblue,232,320,
lightskyblue,232,321,
lightskyblue,232,322,
lightskyblue,214,308,
lightskyblue,214,309,
lightskyblue,214,310,
lightskyblue,214,311,
lightskyblue,214,312,
lightskyblue,214,313,
lightskyblue,335,363,
lightskyblue,335,364,
lightskyblue,335,365,
lightskyblue,335,366,
lightskyblue,335,352,
lightskyblue,335,353,
lightskyblue,335,354,
lightskyblue,335,350,
lightskyblue,335,351,
lightskyblue,335,359,
lightskyblue,335,360,
lightskyblue,335,361,
lightskyblue,335,362,
lightskyblue,264,299,
lightskyblue,264,300,
lightskyblue,264,301,
lightskyblue,264,302,
lightskyblue,264,303,
lightskyblue,262,317,
lightskyblue,262,318,
lightskyblue,262,319,
lightskyblue,262,320,
lightskyblue,262,321,
lightskyblue,230,308,
lightskyblue,230,309,
lightskyblue,230,310,
lightskyblue,230,311,
lightskyblue,230,312,
lightskyblue,343,350,
lightskyblue,343,366,
lightskyblue,343,352,
lightskyblue,343,353,
lightskyblue,343,354,
lightskyblue,343,355,
lightskyblue,343,356,
lightskyblue,343,357,
lightskyblue,343,351,
lightskyblue,343,359,
lightskyblue,343,360,
lightskyblue,343,361,
lightskyblue,343,362,
lightskyblue,343,363,
lightskyblue,343,364,
lightskyblue,343,365,
lightskyblue,290,299,
lightskyblue,290,300,
lightskyblue,290,301,
lightskyblue,290,302,
lightskyblue,290,303,
lightskyblue,290,304,
lightskyblue,290,305,
lightskyblue,290,306,
lightskyblue,288,317,
lightskyblue,288,318,
lightskyblue,288,319,
lightskyblue,288,320,
lightskyblue,288,321,
lightskyblue,288,322,
lightskyblue,288,323,
lightskyblue,288,324,
lightskyblue,266,308,
lightskyblue,266,309,
lightskyblue,266,310,
lightskyblue,266,311,
lightskyblue,266,312,
lightskyblue,266,313,
lightskyblue,266,314,
lightskyblue,266,315,
lightskyblue,329,362,
lightskyblue,329,363,
lightskyblue,329,364,
lightskyblue,329,365,
lightskyblue,329,366,
lightskyblue,329,352,
lightskyblue,329,353,
lightskyblue,329,350,
lightskyblue,329,351,
lightskyblue,329,359,
lightskyblue,329,360,
lightskyblue,329,361,
lightskyblue,238,299,
lightskyblue,238,300,
lightskyblue,238,301,
lightskyblue,238,302,
lightskyblue,236,317,
lightskyblue,236,318,
lightskyblue,236,319,
lightskyblue,236,320,
lightskyblue,218,308,
lightskyblue,218,309,
lightskyblue,218,310,
lightskyblue,218,311,
lightskyblue,337,362,
lightskyblue,337,363,
lightskyblue,337,364,
lightskyblue,337,365,
lightskyblue,337,366,
lightskyblue,337,352,
lightskyblue,337,353,
lightskyblue,337,350,
lightskyblue,337,351,
lightskyblue,337,359,
lightskyblue,337,360,
lightskyblue,337,361,
lightskyblue,246,299,
lightskyblue,246,300,
lightskyblue,246,301,
lightskyblue,246,302,
lightskyblue,244,317,
lightskyblue,244,318,
lightskyblue,244,319,
lightskyblue,244,320,
lightskyblue,216,308,
lightskyblue,216,309,
lightskyblue,216,310,
lightskyblue,216,311,
lightskyblue,331,363,
lightskyblue,331,364,
lightskyblue,331,365,
lightskyblue,331,366,
lightskyblue,331,352,
lightskyblue,331,353,
lightskyblue,331,354,
lightskyblue,331,350,
lightskyblue,331,351,
lightskyblue,331,359,
lightskyblue,331,360,
lightskyblue,331,361,
lightskyblue,331,362,
lightskyblue,250,299,
lightskyblue,250,300,
lightskyblue,250,301,
lightskyblue,250,302,
lightskyblue,250,303,
lightskyblue,248,317,
lightskyblue,248,318,
lightskyblue,248,319,
lightskyblue,248,320,
lightskyblue,248,321,
lightskyblue,224,308,
lightskyblue,224,309,
lightskyblue,224,310,
lightskyblue,224,311,
lightskyblue,224,312,
lightskyblue,345,350,
lightskyblue,345,366,
lightskyblue,345,352,
lightskyblue,345,353,
lightskyblue,345,354,
lightskyblue,345,355,
lightskyblue,345,356,
lightskyblue,345,357,
lightskyblue,345,351,
lightskyblue,345,359,
lightskyblue,345,360,
lightskyblue,345,361,
lightskyblue,345,362,
lightskyblue,345,363,
lightskyblue,345,364,
lightskyblue,345,365,
lightskyblue,294,299,
lightskyblue,294,300,
lightskyblue,294,301,
lightskyblue,294,302,
lightskyblue,294,303,
lightskyblue,294,304,
lightskyblue,294,305,
lightskyblue,294,306,
lightskyblue,292,317,
lightskyblue,292,318,
lightskyblue,292,319,
lightskyblue,292,320,
lightskyblue,292,321,
lightskyblue,292,322,
lightskyblue,292,323,
lightskyblue,292,324,
lightskyblue,268,308,
lightskyblue,268,309,
lightskyblue,268,310,
lightskyblue,268,311,
lightskyblue,268,312,
lightskyblue,268,313,
lightskyblue,268,314,
lightskyblue,268,315,
lightskyblue,339,365,
lightskyblue,339,366,
lightskyblue,339,352,
lightskyblue,339,353,
lightskyblue,339,354,
lightskyblue,339,355,
lightskyblue,339,356,
lightskyblue,339,350,
lightskyblue,339,351,
lightskyblue,339,359,
lightskyblue,339,360,
lightskyblue,339,361,
lightskyblue,339,362,
lightskyblue,339,363,
lightskyblue,339,364,
lightskyblue,282,299,
lightskyblue,282,300,
lightskyblue,282,301,
lightskyblue,282,302,
lightskyblue,282,303,
lightskyblue,282,304,
lightskyblue,282,305,
lightskyblue,280,317,
lightskyblue,280,318,
lightskyblue,280,319,
lightskyblue,280,320,
lightskyblue,280,321,
lightskyblue,280,322,
lightskyblue,280,323,
lightskyblue,254,308,
lightskyblue,254,309,
lightskyblue,254,310,
lightskyblue,254,311,
lightskyblue,254,312,
lightskyblue,254,313,
lightskyblue,254,314,
lightskyblue,341,364,
lightskyblue,341,365,
lightskyblue,341,366,
lightskyblue,341,352,
lightskyblue,341,353,
lightskyblue,341,354,
lightskyblue,341,355,
lightskyblue,341,350,
lightskyblue,341,351,
lightskyblue,341,359,
lightskyblue,341,360,
lightskyblue,341,361,
lightskyblue,341,362,
lightskyblue,341,363,
lightskyblue,272,299,
lightskyblue,272,300,
lightskyblue,272,301,
lightskyblue,272,302,
lightskyblue,272,303,
lightskyblue,272,304,
lightskyblue,274,317,
lightskyblue,274,318,
lightskyblue,274,319,
lightskyblue,274,320,
lightskyblue,274,321,
lightskyblue,274,322,
lightskyblue,252,308,
lightskyblue,252,309,
lightskyblue,252,310,
lightskyblue,252,311,
lightskyblue,252,312,
lightskyblue,252,313,
lightskyblue,333,362,
lightskyblue,333,363,
lightskyblue,333,364,
lightskyblue,333,365,
lightskyblue,333,366,
lightskyblue,333,352,
lightskyblue,333,353,
lightskyblue,333,350,
lightskyblue,333,351,
lightskyblue,333,359,
lightskyblue,333,360,
lightskyblue,333,361,
lightskyblue,240,299,
lightskyblue,240,300,
lightskyblue,240,301,
lightskyblue,240,302,
lightskyblue,242,317,
lightskyblue,242,318,
lightskyblue,242,319,
lightskyblue,242,320,
lightskyblue,226,308,
lightskyblue,226,309,
lightskyblue,226,310,
lightskyblue,226,311,
lightskyblue,349,364,
lightskyblue,349,365,
lightskyblue,349,366,
lightskyblue,349,352,
lightskyblue,349,353,
lightskyblue,349,354,
lightskyblue,349,355,
lightskyblue,349,350,
lightskyblue,349,351,
lightskyblue,349,359,
lightskyblue,349,360,
lightskyblue,349,361,
lightskyblue,349,362,
lightskyblue,349,363,
lightskyblue,286,299,
lightskyblue,286,300,
lightskyblue,286,301,
lightskyblue,286,302,
lightskyblue,286,303,
lightskyblue,286,304,
lightskyblue,284,317,
lightskyblue,284,318,
lightskyblue,284,319,
lightskyblue,284,320,
lightskyblue,284,321,
lightskyblue,284,322,
lightskyblue,270,308,
lightskyblue,270,309,
lightskyblue,270,310,
lightskyblue,270,311,
lightskyblue,270,312,
lightskyblue,270,313,
lightskyblue,347,363,
lightskyblue,347,364,
lightskyblue,347,365,
lightskyblue,347,366,
lightskyblue,347,352,
lightskyblue,347,353,
lightskyblue,347,354,
lightskyblue,347,350,
lightskyblue,347,351,
lightskyblue,347,359,
lightskyblue,347,360,
lightskyblue,347,361,
lightskyblue,347,362,
lightskyblue,278,299,
lightskyblue,278,300,
lightskyblue,278,301,
lightskyblue,278,302,
lightskyblue,278,303,
lightskyblue,276,317,
lightskyblue,276,318,
lightskyblue,276,319,
lightskyblue,276,320,
lightskyblue,276,321,
lightskyblue,256,308,
lightskyblue,256,309,
lightskyblue,256,310,
lightskyblue,256,311,
lightskyblue,256,312,
lightskyblue,209,
lightskyblue,207,
lightskyblue,205,
lightskyblue,187,
lightskyblue,189,
lightskyblue,185,
lightskyblue,173,
lightskyblue,171,
lightskyblue,151,
lightskyblue,201,
lightskyblue,199,
lightskyblue,203,
lightskyblue,135,
lightskyblue,181,
lightskyblue,179,
lightskyblue,183,
lightskyblue,149,
lightskyblue,175,
lightskyblue,177,
lightskyblue,115,
lightskyblue,137,
lightskyblue,195,
lightskyblue,197,
lightskyblue,193,
lightskyblue,125,
lightskyblue,167,
lightskyblue,169,
lightskyblue,165,
lightskyblue,139,
lightskyblue,159,
lightskyblue,157,
lightskyblue,155,
lightskyblue,133,
lightskyblue,145,
lightskyblue,143,
lightskyblue,141,
lightskyblue,147,
lightskyblue,153,
lightskyblue,119,
lightskyblue,369,
lightskyblue,121,
lightskyblue,161,
lightskyblue,117,
lightskyblue,163,
lightskyblue,367,
lightskyblue,373,
lightskyblue,113,
lightskyblue,191,
lightskyblue,123,
lightskyblue,371,
lightskyblue,129,
lightskyblue,127,
lightskyblue,131,
lightskyblue,259,300,
lightskyblue,259,301,
lightskyblue,259,302,
lightskyblue,259,303,
lightskyblue,259,304,
lightskyblue,259,305,
lightskyblue,259,306,
lightskyblue,259,307,
lightskyblue,257,318,
lightskyblue,257,319,
lightskyblue,257,320,
lightskyblue,257,321,
lightskyblue,257,322,
lightskyblue,257,323,
lightskyblue,257,324,
lightskyblue,257,325,
lightskyblue,227,309,
lightskyblue,227,310,
lightskyblue,227,311,
lightskyblue,227,312,
lightskyblue,227,313,
lightskyblue,227,314,
lightskyblue,227,315,
lightskyblue,227,316,
lightskyblue,326,351,
lightskyblue,326,359,
lightskyblue,326,353,
lightskyblue,326,354,
lightskyblue,326,355,
lightskyblue,326,356,
lightskyblue,326,357,
lightskyblue,326,358,
lightskyblue,326,360,
lightskyblue,326,361,
lightskyblue,326,362,
lightskyblue,326,363,
lightskyblue,326,364,
lightskyblue,326,365,
lightskyblue,326,366,
lightskyblue,326,352,
lightskyblue,257,318,
lightskyblue,257,319,
lightskyblue,257,320,
lightskyblue,257,321,
lightskyblue,257,322,
lightskyblue,257,323,
lightskyblue,257,324,
lightskyblue,257,325,
lightskyblue,326,351,
lightskyblue,326,359,
lightskyblue,326,353,
lightskyblue,326,354,
lightskyblue,326,355,
lightskyblue,326,356,
lightskyblue,326,357,
lightskyblue,326,358,
lightskyblue,326,360,
lightskyblue,326,361,
lightskyblue,326,362,
lightskyblue,326,363,
lightskyblue,326,364,
lightskyblue,326,365,
lightskyblue,326,366,
lightskyblue,326,352,
lightskyblue,259,300,
lightskyblue,259,301,
lightskyblue,259,302,
lightskyblue,259,303,
lightskyblue,259,304,
lightskyblue,259,305,
lightskyblue,259,306,
lightskyblue,259,307,
lightskyblue,326,351,
lightskyblue,326,359,
lightskyblue,326,353,
lightskyblue,326,354,
lightskyblue,326,355,
lightskyblue,326,356,
lightskyblue,326,357,
lightskyblue,326,358,
lightskyblue,326,360,
lightskyblue,326,361,
lightskyblue,326,362,
lightskyblue,326,363,
lightskyblue,326,364,
lightskyblue,326,365,
lightskyblue,326,366,
lightskyblue,326,352,
lightskyblue,221,303,
lightskyblue,221,304,
lightskyblue,221,305,
lightskyblue,221,306,
lightskyblue,221,307,
lightskyblue,219,321,
lightskyblue,219,322,
lightskyblue,219,323,
lightskyblue,219,324,
lightskyblue,219,325,
lightskyblue,211,312,
lightskyblue,211,313,
lightskyblue,211,314,
lightskyblue,211,315,
lightskyblue,211,316,
lightskyblue,295,361,
lightskyblue,295,362,
lightskyblue,295,356,
lightskyblue,295,357,
lightskyblue,295,358,
lightskyblue,295,363,
lightskyblue,295,364,
lightskyblue,295,365,
lightskyblue,295,366,
lightskyblue,295,352,
lightskyblue,295,353,
lightskyblue,295,354,
lightskyblue,295,355,
lightskyblue,219,321,
lightskyblue,219,322,
lightskyblue,219,323,
lightskyblue,219,324,
lightskyblue,219,325,
lightskyblue,295,361,
lightskyblue,295,362,
lightskyblue,295,356,
lightskyblue,295,357,
lightskyblue,295,358,
lightskyblue,295,363,
lightskyblue,295,364,
lightskyblue,295,365,
lightskyblue,295,366,
lightskyblue,295,352,
lightskyblue,295,353,
lightskyblue,295,354,
lightskyblue,295,355,
lightskyblue,221,303,
lightskyblue,221,304,
lightskyblue,221,305,
lightskyblue,221,306,
lightskyblue,221,307,
lightskyblue,295,361,
lightskyblue,295,362,
lightskyblue,295,356,
lightskyblue,295,357,
lightskyblue,295,358,
lightskyblue,295,363,
lightskyblue,295,364,
lightskyblue,295,365,
lightskyblue,295,366,
lightskyblue,295,352,
lightskyblue,295,353,
lightskyblue,295,354,
lightskyblue,295,355,
lightskyblue,233,302,
lightskyblue,233,303,
lightskyblue,233,304,
lightskyblue,233,305,
lightskyblue,233,306,
lightskyblue,233,307,
lightskyblue,231,320,
lightskyblue,231,321,
lightskyblue,231,322,
lightskyblue,231,323,
lightskyblue,231,324,
lightskyblue,231,325,
lightskyblue,213,311,
lightskyblue,213,312,
lightskyblue,213,313,
lightskyblue,213,314,
lightskyblue,213,315,
lightskyblue,213,316,
lightskyblue,297,360,
lightskyblue,297,361,
lightskyblue,297,355,
lightskyblue,297,356,
lightskyblue,297,357,
lightskyblue,297,358,
lightskyblue,297,362,
lightskyblue,297,363,
lightskyblue,297,364,
lightskyblue,297,365,
lightskyblue,297,366,
lightskyblue,297,352,
lightskyblue,297,353,
lightskyblue,297,354,
lightskyblue,231,320,
lightskyblue,231,321,
lightskyblue,231,322,
lightskyblue,231,323,
lightskyblue,231,324,
lightskyblue,231,325,
lightskyblue,297,360,
lightskyblue,297,361,
lightskyblue,297,355,
lightskyblue,297,356,
lightskyblue,297,357,
lightskyblue,297,358,
lightskyblue,297,362,
lightskyblue,297,363,
lightskyblue,297,364,
lightskyblue,297,365,
lightskyblue,297,366,
lightskyblue,297,352,
lightskyblue,297,353,
lightskyblue,297,354,
lightskyblue,233,302,
lightskyblue,233,303,
lightskyblue,233,304,
lightskyblue,233,305,
lightskyblue,233,306,
lightskyblue,233,307,
lightskyblue,297,360,
lightskyblue,297,361,
lightskyblue,297,355,
lightskyblue,297,356,
lightskyblue,297,357,
lightskyblue,297,358,
lightskyblue,297,362,
lightskyblue,297,363,
lightskyblue,297,364,
lightskyblue,297,365,
lightskyblue,297,366,
lightskyblue,297,352,
lightskyblue,297,353,
lightskyblue,297,354,
lightskyblue,263,303,
lightskyblue,263,304,
lightskyblue,263,305,
lightskyblue,263,306,
lightskyblue,263,307,
lightskyblue,261,321,
lightskyblue,261,322,
lightskyblue,261,323,
lightskyblue,261,324,
lightskyblue,261,325,
lightskyblue,229,312,
lightskyblue,229,313,
lightskyblue,229,314,
lightskyblue,229,315,
lightskyblue,229,316,
lightskyblue,334,361,
lightskyblue,334,362,
lightskyblue,334,356,
lightskyblue,334,357,
lightskyblue,334,358,
lightskyblue,334,363,
lightskyblue,334,364,
lightskyblue,334,365,
lightskyblue,334,366,
lightskyblue,334,352,
lightskyblue,334,353,
lightskyblue,334,354,
lightskyblue,334,355,
lightskyblue,261,321,
lightskyblue,261,322,
lightskyblue,261,323,
lightskyblue,261,324,
lightskyblue,261,325,
lightskyblue,334,361,
lightskyblue,334,362,
lightskyblue,334,356,
lightskyblue,334,357,
lightskyblue,334,358,
lightskyblue,334,363,
lightskyblue,334,364,
lightskyblue,334,365,
lightskyblue,334,366,
lightskyblue,334,352,
lightskyblue,334,353,
lightskyblue,334,354,
lightskyblue,334,355,
lightskyblue,263,303,
lightskyblue,263,304,
lightskyblue,263,305,
lightskyblue,263,306,
lightskyblue,263,307,
lightskyblue,334,361,
lightskyblue,334,362,
lightskyblue,334,356,
lightskyblue,334,357,
lightskyblue,334,358,
lightskyblue,334,363,
lightskyblue,334,364,
lightskyblue,334,365,
lightskyblue,334,366,
lightskyblue,334,352,
lightskyblue,334,353,
lightskyblue,334,354,
lightskyblue,334,355,
lightskyblue,289,300,
lightskyblue,289,301,
lightskyblue,289,302,
lightskyblue,289,303,
lightskyblue,289,304,
lightskyblue,289,305,
lightskyblue,289,306,
lightskyblue,289,307,
lightskyblue,287,318,
lightskyblue,287,319,
lightskyblue,287,320,
lightskyblue,287,321,
lightskyblue,287,322,
lightskyblue,287,323,
lightskyblue,287,324,
lightskyblue,287,325,
lightskyblue,265,309,
lightskyblue,265,310,
lightskyblue,265,311,
lightskyblue,265,312,
lightskyblue,265,313,
lightskyblue,265,314,
lightskyblue,265,315,
lightskyblue,265,316,
lightskyblue,342,351,
lightskyblue,342,359,
lightskyblue,342,353,
lightskyblue,342,354,
lightskyblue,342,355,
lightskyblue,342,356,
lightskyblue,342,357,
lightskyblue,342,358,
lightskyblue,342,360,
lightskyblue,342,361,
lightskyblue,342,362,
lightskyblue,342,363,
lightskyblue,342,364,
lightskyblue,342,365,
lightskyblue,342,366,
lightskyblue,342,352,
lightskyblue,287,318,
lightskyblue,287,319,
lightskyblue,287,320,
lightskyblue,287,321,
lightskyblue,287,322,
lightskyblue,287,323,
lightskyblue,287,324,
lightskyblue,287,325,
lightskyblue,342,351,
lightskyblue,342,359,
lightskyblue,342,353,
lightskyblue,342,354,
lightskyblue,342,355,
lightskyblue,342,356,
lightskyblue,342,357,
lightskyblue,342,358,
lightskyblue,342,360,
lightskyblue,342,361,
lightskyblue,342,362,
lightskyblue,342,363,
lightskyblue,342,364,
lightskyblue,342,365,
lightskyblue,342,366,
lightskyblue,342,352,
lightskyblue,289,300,
lightskyblue,289,301,
lightskyblue,289,302,
lightskyblue,289,303,
lightskyblue,289,304,
lightskyblue,289,305,
lightskyblue,289,306,
lightskyblue,289,307,
lightskyblue,342,351,
lightskyblue,342,359,
lightskyblue,342,353,
lightskyblue,342,354,
lightskyblue,342,355,
lightskyblue,342,356,
lightskyblue,342,357,
lightskyblue,342,358,
lightskyblue,342,360,
lightskyblue,342,361,
lightskyblue,342,362,
lightskyblue,342,363,
lightskyblue,342,364,
lightskyblue,342,365,
lightskyblue,342,366,
lightskyblue,342,352,
lightskyblue,237,304,
lightskyblue,237,305,
lightskyblue,237,306,
lightskyblue,237,307,
lightskyblue,235,322,
lightskyblue,235,323,
lightskyblue,235,324,
lightskyblue,235,325,
lightskyblue,217,313,
lightskyblue,217,314,
lightskyblue,217,315,
lightskyblue,217,316,
lightskyblue,328,362,
lightskyblue,328,363,
lightskyblue,328,357,
lightskyblue,328,358,
lightskyblue,328,364,
lightskyblue,328,365,
lightskyblue,328,366,
lightskyblue,328,352,
lightskyblue,328,353,
lightskyblue,328,354,
lightskyblue,328,355,
lightskyblue,328,356,
lightskyblue,235,322,
lightskyblue,235,323,
lightskyblue,235,324,
lightskyblue,235,325,
lightskyblue,328,362,
lightskyblue,328,363,
lightskyblue,328,357,
lightskyblue,328,358,
lightskyblue,328,364,
lightskyblue,328,365,
lightskyblue,328,366,
lightskyblue,328,352,
lightskyblue,328,353,
lightskyblue,328,354,
lightskyblue,328,355,
lightskyblue,328,356,
lightskyblue,237,304,
lightskyblue,237,305,
lightskyblue,237,306,
lightskyblue,237,307,
lightskyblue,328,362,
lightskyblue,328,363,
lightskyblue,328,357,
lightskyblue,328,358,
lightskyblue,328,364,
lightskyblue,328,365,
lightskyblue,328,366,
lightskyblue,328,352,
lightskyblue,328,353,
lightskyblue,328,354,
lightskyblue,328,355,
lightskyblue,328,356,
lightskyblue,245,304,
lightskyblue,245,305,
lightskyblue,245,306,
lightskyblue,245,307,
lightskyblue,243,322,
lightskyblue,243,323,
lightskyblue,243,324,
lightskyblue,243,325,
lightskyblue,215,313,
lightskyblue,215,314,
lightskyblue,215,315,
lightskyblue,215,316,
lightskyblue,336,362,
lightskyblue,336,363,
lightskyblue,336,357,
lightskyblue,336,358,
lightskyblue,336,364,
lightskyblue,336,365,
lightskyblue,336,366,
lightskyblue,336,352,
lightskyblue,336,353,
lightskyblue,336,354,
lightskyblue,336,355,
lightskyblue,336,356,
lightskyblue,243,322,
lightskyblue,243,323,
lightskyblue,243,324,
lightskyblue,243,325,
lightskyblue,336,362,
lightskyblue,336,363,
lightskyblue,336,357,
lightskyblue,336,358,
lightskyblue,336,364,
lightskyblue,336,365,
lightskyblue,336,366,
lightskyblue,336,352,
lightskyblue,336,353,
lightskyblue,336,354,
lightskyblue,336,355,
lightskyblue,336,356,
lightskyblue,245,304,
lightskyblue,245,305,
lightskyblue,245,306,
lightskyblue,245,307,
lightskyblue,336,362,
lightskyblue,336,363,
lightskyblue,336,357,
lightskyblue,336,358,
lightskyblue,336,364,
lightskyblue,336,365,
lightskyblue,336,366,
lightskyblue,336,352,
lightskyblue,336,353,
lightskyblue,336,354,
lightskyblue,336,355,
lightskyblue,336,356,
lightskyblue,249,303,
lightskyblue,249,304,
lightskyblue,249,305,
lightskyblue,249,306,
lightskyblue,249,307,
lightskyblue,247,321,
lightskyblue,247,322,
lightskyblue,247,323,
lightskyblue,247,324,
lightskyblue,247,325,
lightskyblue,223,312,
lightskyblue,223,313,
lightskyblue,223,314,
lightskyblue,223,315,
lightskyblue,223,316,
lightskyblue,330,361,
lightskyblue,330,362,
lightskyblue,330,356,
lightskyblue,330,357,
lightskyblue,330,358,
lightskyblue,330,363,
lightskyblue,330,364,
lightskyblue,330,365,
lightskyblue,330,366,
lightskyblue,330,352,
lightskyblue,330,353,
lightskyblue,330,354,
lightskyblue,330,355,
lightskyblue,247,321,
lightskyblue,247,322,
lightskyblue,247,323,
lightskyblue,247,324,
lightskyblue,247,325,
lightskyblue,330,361,
lightskyblue,330,362,
lightskyblue,330,356,
lightskyblue,330,357,
lightskyblue,330,358,
lightskyblue,330,363,
lightskyblue,330,364,
lightskyblue,330,365,
lightskyblue,330,366,
lightskyblue,330,352,
lightskyblue,330,353,
lightskyblue,330,354,
lightskyblue,330,355,
lightskyblue,249,303,
lightskyblue,249,304,
lightskyblue,249,305,
lightskyblue,249,306,
lightskyblue,249,307,
lightskyblue,330,361,
lightskyblue,330,362,
lightskyblue,330,356,
lightskyblue,330,357,
lightskyblue,330,358,
lightskyblue,330,363,
lightskyblue,330,364,
lightskyblue,330,365,
lightskyblue,330,366,
lightskyblue,330,352,
lightskyblue,330,353,
lightskyblue,330,354,
lightskyblue,330,355,
lightskyblue,293,300,
lightskyblue,293,301,
lightskyblue,293,302,
lightskyblue,293,303,
lightskyblue,293,304,
lightskyblue,293,305,
lightskyblue,293,306,
lightskyblue,293,307,
lightskyblue,291,318,
lightskyblue,291,319,
lightskyblue,291,320,
lightskyblue,291,321,
lightskyblue,291,322,
lightskyblue,291,323,
lightskyblue,291,324,
lightskyblue,291,325,
lightskyblue,267,309,
lightskyblue,267,310,
lightskyblue,267,311,
lightskyblue,267,312,
lightskyblue,267,313,
lightskyblue,267,314,
lightskyblue,267,315,
lightskyblue,267,316,
lightskyblue,344,351,
lightskyblue,344,359,
lightskyblue,344,353,
lightskyblue,344,354,
lightskyblue,344,355,
lightskyblue,344,356,
lightskyblue,344,357,
lightskyblue,344,358,
lightskyblue,344,360,
lightskyblue,344,361,
lightskyblue,344,362,
lightskyblue,344,363,
lightskyblue,344,364,
lightskyblue,344,365,
lightskyblue,344,366,
lightskyblue,344,352,
lightskyblue,291,318,
lightskyblue,291,319,
lightskyblue,291,320,
lightskyblue,291,321,
lightskyblue,291,322,
lightskyblue,291,323,
lightskyblue,291,324,
lightskyblue,291,325,
lightskyblue,344,351,
lightskyblue,344,359,
lightskyblue,344,353,
lightskyblue,344,354,
lightskyblue,344,355,
lightskyblue,344,356,
lightskyblue,344,357,
lightskyblue,344,358,
lightskyblue,344,360,
lightskyblue,344,361,
lightskyblue,344,362,
lightskyblue,344,363,
lightskyblue,344,364,
lightskyblue,344,365,
lightskyblue,344,366,
lightskyblue,344,352,
lightskyblue,293,300,
lightskyblue,293,301,
lightskyblue,293,302,
lightskyblue,293,303,
lightskyblue,293,304,
lightskyblue,293,305,
lightskyblue,293,306,
lightskyblue,293,307,
lightskyblue,344,351,
lightskyblue,344,359,
lightskyblue,344,353,
lightskyblue,344,354,
lightskyblue,344,355,
lightskyblue,344,356,
lightskyblue,344,357,
lightskyblue,344,358,
lightskyblue,344,360,
lightskyblue,344,361,
lightskyblue,344,362,
lightskyblue,344,363,
lightskyblue,344,364,
lightskyblue,344,365,
lightskyblue,344,366,
lightskyblue,344,352,
lightskyblue,281,301,
lightskyblue,281,302,
lightskyblue,281,303,
lightskyblue,281,304,
lightskyblue,281,305,
lightskyblue,281,306,
lightskyblue,281,307,
lightskyblue,279,319,
lightskyblue,279,320,
lightskyblue,279,321,
lightskyblue,279,322,
lightskyblue,279,323,
lightskyblue,279,324,
lightskyblue,279,325,
lightskyblue,253,310,
lightskyblue,253,311,
lightskyblue,253,312,
lightskyblue,253,313,
lightskyblue,253,314,
lightskyblue,253,315,
lightskyblue,253,316,
lightskyblue,338,359,
lightskyblue,338,360,
lightskyblue,338,354,
lightskyblue,338,355,
lightskyblue,338,356,
lightskyblue,338,357,
lightskyblue,338,358,
lightskyblue,338,361,
lightskyblue,338,362,
lightskyblue,338,363,
lightskyblue,338,364,
lightskyblue,338,365,
lightskyblue,338,366,
lightskyblue,338,352,
lightskyblue,338,353,
lightskyblue,279,319,
lightskyblue,279,320,
lightskyblue,279,321,
lightskyblue,279,322,
lightskyblue,279,323,
lightskyblue,279,324,
lightskyblue,279,325,
lightskyblue,338,359,
lightskyblue,338,360,
lightskyblue,338,354,
lightskyblue,338,355,
lightskyblue,338,356,
lightskyblue,338,357,
lightskyblue,338,358,
lightskyblue,338,361,
lightskyblue,338,362,
lightskyblue,338,363,
lightskyblue,338,364,
lightskyblue,338,365,
lightskyblue,338,366,
lightskyblue,338,352,
lightskyblue,338,353,
lightskyblue,281,301,
lightskyblue,281,302,
lightskyblue,281,303,
lightskyblue,281,304,
lightskyblue,281,305,
lightskyblue,281,306,
lightskyblue,281,307,
lightskyblue,338,359,
lightskyblue,338,360,
lightskyblue,338,354,
lightskyblue,338,355,
lightskyblue,338,356,
lightskyblue,338,357,
lightskyblue,338,358,
lightskyblue,338,361,
lightskyblue,338,362,
lightskyblue,338,363,
lightskyblue,338,364,
lightskyblue,338,365,
lightskyblue,338,366,
lightskyblue,338,352,
lightskyblue,338,353,
lightskyblue,271,302,
lightskyblue,271,303,
lightskyblue,271,304,
lightskyblue,271,305,
lightskyblue,271,306,
lightskyblue,271,307,
lightskyblue,273,320,
lightskyblue,273,321,
lightskyblue,273,322,
lightskyblue,273,323,
lightskyblue,273,324,
lightskyblue,273,325,
lightskyblue,251,311,
lightskyblue,251,312,
lightskyblue,251,313,
lightskyblue,251,314,
lightskyblue,251,315,
lightskyblue,251,316,
lightskyblue,340,360,
lightskyblue,340,361,
lightskyblue,340,355,
lightskyblue,340,356,
lightskyblue,340,357,
lightskyblue,340,358,
lightskyblue,340,362,
lightskyblue,340,363,
lightskyblue,340,364,
lightskyblue,340,365,
lightskyblue,340,366,
lightskyblue,340,352,
lightskyblue,340,353,
lightskyblue,340,354,
lightskyblue,273,320,
lightskyblue,273,321,
lightskyblue,273,322,
lightskyblue,273,323,
lightskyblue,273,324,
lightskyblue,273,325,
lightskyblue,340,360,
lightskyblue,340,361,
lightskyblue,340,355,
lightskyblue,340,356,
lightskyblue,340,357,
lightskyblue,340,358,
lightskyblue,340,362,
lightskyblue,340,363,
lightskyblue,340,364,
lightskyblue,340,365,
lightskyblue,340,366,
lightskyblue,340,352,
lightskyblue,340,353,
lightskyblue,340,354,
lightskyblue,271,302,
lightskyblue,271,303,
lightskyblue,271,304,
lightskyblue,271,305,
lightskyblue,271,306,
lightskyblue,271,307,
lightskyblue,340,360,
lightskyblue,340,361,
lightskyblue,340,355,
lightskyblue,340,356,
lightskyblue,340,357,
lightskyblue,340,358,
lightskyblue,340,362,
lightskyblue,340,363,
lightskyblue,340,364,
lightskyblue,340,365,
lightskyblue,340,366,
lightskyblue,340,352,
lightskyblue,340,353,
lightskyblue,340,354,
lightskyblue,239,304,
lightskyblue,239,305,
lightskyblue,239,306,
lightskyblue,239,307,
lightskyblue,241,322,
lightskyblue,241,323,
lightskyblue,241,324,
lightskyblue,241,325,
lightskyblue,225,313,
lightskyblue,225,314,
lightskyblue,225,315,
lightskyblue,225,316,
lightskyblue,332,362,
lightskyblue,332,363,
lightskyblue,332,357,
lightskyblue,332,358,
lightskyblue,332,364,
lightskyblue,332,365,
lightskyblue,332,366,
lightskyblue,332,352,
lightskyblue,332,353,
lightskyblue,332,354,
lightskyblue,332,355,
lightskyblue,332,356,
lightskyblue,241,322,
lightskyblue,241,323,
lightskyblue,241,324,
lightskyblue,241,325,
lightskyblue,332,362,
lightskyblue,332,363,
lightskyblue,332,357,
lightskyblue,332,358,
lightskyblue,332,364,
lightskyblue,332,365,
lightskyblue,332,366,
lightskyblue,332,352,
lightskyblue,332,353,
lightskyblue,332,354,
lightskyblue,332,355,
lightskyblue,332,356,
lightskyblue,239,304,
lightskyblue,239,305,
lightskyblue,239,306,
lightskyblue,239,307,
lightskyblue,332,362,
lightskyblue,332,363,
lightskyblue,332,357,
lightskyblue,332,358,
lightskyblue,332,364,
lightskyblue,332,365,
lightskyblue,332,366,
lightskyblue,332,352,
lightskyblue,332,353,
lightskyblue,332,354,
lightskyblue,332,355,
lightskyblue,332,356,
lightskyblue,285,302,
lightskyblue,285,303,
lightskyblue,285,304,
lightskyblue,285,305,
lightskyblue,285,306,
lightskyblue,285,307,
lightskyblue,283,320,
lightskyblue,283,321,
lightskyblue,283,322,
lightskyblue,283,323,
lightskyblue,283,324,
lightskyblue,283,325,
lightskyblue,269,311,
lightskyblue,269,312,
lightskyblue,269,313,
lightskyblue,269,314,
lightskyblue,269,315,
lightskyblue,269,316,
lightskyblue,348,360,
lightskyblue,348,361,
lightskyblue,348,355,
lightskyblue,348,356,
lightskyblue,348,357,
lightskyblue,348,358,
lightskyblue,348,362,
lightskyblue,348,363,
lightskyblue,348,364,
lightskyblue,348,365,
lightskyblue,348,366,
lightskyblue,348,352,
lightskyblue,348,353,
lightskyblue,348,354,
lightskyblue,283,320,
lightskyblue,283,321,
lightskyblue,283,322,
lightskyblue,283,323,
lightskyblue,283,324,
lightskyblue,283,325,
lightskyblue,348,360,
lightskyblue,348,361,
lightskyblue,348,355,
lightskyblue,348,356,
lightskyblue,348,357,
lightskyblue,348,358,
lightskyblue,348,362,
lightskyblue,348,363,
lightskyblue,348,364,
lightskyblue,348,365,
lightskyblue,348,366,
lightskyblue,348,352,
lightskyblue,348,353,
lightskyblue,348,354,
lightskyblue,285,302,
lightskyblue,285,303,
lightskyblue,285,304,
lightskyblue,285,305,
lightskyblue,285,306,
lightskyblue,285,307,
lightskyblue,348,360,
lightskyblue,348,361,
lightskyblue,348,355,
lightskyblue,348,356,
lightskyblue,348,357,
lightskyblue,348,358,
lightskyblue,348,362,
lightskyblue,348,363,
lightskyblue,348,364,
lightskyblue,348,365,
lightskyblue,348,366,
lightskyblue,348,352,
lightskyblue,348,353,
lightskyblue,348,354,
lightskyblue,277,303,
lightskyblue,277,304,
lightskyblue,277,305,
lightskyblue,277,306,
lightskyblue,277,307,
lightskyblue,275,321,
lightskyblue,275,322,
lightskyblue,275,323,
lightskyblue,275,324,
lightskyblue,275,325,
lightskyblue,255,312,
lightskyblue,255,313,
lightskyblue,255,314,
lightskyblue,255,315,
lightskyblue,255,316,
lightskyblue,346,361,
lightskyblue,346,362,
lightskyblue,346,356,
lightskyblue,346,357,
lightskyblue,346,358,
lightskyblue,346,363,
lightskyblue,346,364,
lightskyblue,346,365,
lightskyblue,346,366,
lightskyblue,346,352,
lightskyblue,346,353,
lightskyblue,346,354,
lightskyblue,346,355,
lightskyblue,275,321,
lightskyblue,275,322,
lightskyblue,275,323,
lightskyblue,275,324,
lightskyblue,275,325,
lightskyblue,346,361,
lightskyblue,346,362,
lightskyblue,346,356,
lightskyblue,346,357,
lightskyblue,346,358,
lightskyblue,346,363,
lightskyblue,346,364,
lightskyblue,346,365,
lightskyblue,346,366,
lightskyblue,346,352,
lightskyblue,346,353,
lightskyblue,346,354,
lightskyblue,346,355,
lightskyblue,277,303,
lightskyblue,277,304,
lightskyblue,277,305,
lightskyblue,277,306,
lightskyblue,277,307,
lightskyblue,346,361,
lightskyblue,346,362,
lightskyblue,346,356,
lightskyblue,346,357,
lightskyblue,346,358,
lightskyblue,346,363,
lightskyblue,346,364,
lightskyblue,346,365,
lightskyblue,346,366,
lightskyblue,346,352,
lightskyblue,346,353,
lightskyblue,346,354,
lightskyblue,346,355,
