green,
green,
green,
green,
green,
green,
green,
green,
green,
green,
green,
green,
green,
green,
green,
green,
green,
green,
green,
green,
green,
green,
green,
green,
green,
green,
green,
green,
green,
green,
green,
green,
green,
green,
green,
green,
green,
green,
green,
green,
green,
green,
green,
green,
green,
green,
green,
green,
green,
green,
green,
green,
green,
green,
green,
green,
green,
gold,0,414,415,416,417,418,419,
gold,0,
gold,1,462,463,464,465,466,
gold,1,
gold,2,362,363,364,365,366,367,368,369,370,371,372,373,374,375,376,377,
gold,2,
gold,3,378,379,380,381,382,383,384,385,
gold,3,
gold,4,442,443,444,445,446,447,448,
gold,4,
gold,5,420,421,422,423,424,425,426,427,428,429,430,431,432,433,434,
gold,5,
gold,6,271,272,273,274,275,
gold,6,
gold,7,258,259,260,261,262,263,264,265,266,267,268,269,270,
gold,7,
gold,8,301,302,303,304,305,306,
gold,8,
gold,9,281,282,283,284,285,286,287,288,289,290,291,292,293,294,
gold,9,
gold,10,325,326,327,328,329,
gold,10,
gold,11,307,308,309,310,311,312,313,314,315,316,317,318,319,
gold,11,
gold,12,354,355,356,357,358,359,360,361,
gold,12,
gold,13,330,331,332,333,334,335,336,337,338,339,340,341,342,343,344,345,
gold,13,
gold,14,232,233,234,235,236,237,238,239,240,241,242,243,244,245,
gold,14,
gold,15,467,468,469,470,471,
gold,15,
gold,16,408,409,410,411,412,413,
gold,16,
gold,17,216,217,218,219,220,221,222,223,
gold,17,
gold,18,200,201,202,203,204,205,206,207,208,209,210,211,212,213,214,215,
gold,18,
gold,19,492,493,494,495,496,497,569,570,571,572,573,574,575,623,624,625,626,627,628,629,630,651,652,653,654,655,656,679,680,681,682,683,684,685,875,876,877,878,879,1206,1207,1208,1209,1210,1211,1212,1213,1214,1215,1216,1217,1218,
gold,19,276,277,278,279,280,1188,1189,1190,1191,1192,
gold,20,672,673,674,675,676,677,678,700,701,702,703,704,705,789,790,791,792,793,919,920,921,922,923,1269,1270,1271,1272,1273,1274,1275,1276,1277,1278,1279,1280,1281,
gold,20,320,321,322,323,324,1259,1260,1261,1262,1263,
gold,21,486,487,488,489,490,491,562,563,564,565,566,567,568,615,616,617,618,619,620,621,622,645,646,647,648,649,650,672,673,674,675,676,677,678,870,871,872,873,874,1076,1193,1194,1195,1196,1197,1198,1199,1200,1201,1202,1203,1204,1205,
gold,21,271,272,273,274,275,1183,1184,1185,1186,1187,
gold,22,679,680,681,682,683,684,685,706,707,708,709,710,711,794,795,796,797,798,924,925,926,927,928,1080,1282,1283,1284,1285,1286,1287,1288,1289,1290,1291,1292,1293,1294,
gold,22,325,326,327,328,329,1264,1265,1266,1267,1268,
gold,23,851,852,853,854,855,856,1169,1170,1171,1172,1173,1174,1175,1176,1177,1178,1179,1180,1181,1182,
gold,23,252,253,254,255,256,257,1149,1150,1151,1152,1153,1154,
gold,24,511,512,513,514,515,562,563,564,565,566,567,568,589,590,591,592,593,615,616,617,618,619,620,621,622,645,646,647,648,649,650,700,701,702,703,704,705,728,729,730,731,732,733,734,735,760,761,762,763,764,765,766,767,894,895,896,897,898,899,1231,1232,1233,1234,1235,1236,1237,1238,1239,1240,1241,1242,1243,1244,
gold,24,295,296,297,298,299,300,1219,1220,1221,1222,1223,1224,
gold,25,516,517,518,519,520,569,570,571,572,573,574,575,594,595,596,597,598,623,624,625,626,627,628,629,630,651,652,653,654,655,656,706,707,708,709,710,711,736,737,738,739,740,741,742,743,768,769,770,771,772,773,774,775,900,901,902,903,904,905,1078,1245,1246,1247,1248,1249,1250,1251,1252,1253,1254,1255,1256,1257,1258,
gold,25,301,302,303,304,305,306,1225,1226,1227,1228,1229,1230,
gold,26,845,846,847,848,849,850,1074,1155,1156,1157,1158,1159,1160,1161,1162,1163,1164,1165,1166,1167,1168,
gold,26,246,247,248,249,250,251,1143,1144,1145,1146,1147,1148,
gold,27,492,493,494,495,496,497,516,517,518,519,520,541,542,543,544,545,546,594,595,596,597,598,823,824,825,826,827,828,829,830,1127,1128,1129,1130,1131,1132,1133,1134,1135,1136,1137,1138,1139,1140,1141,1142,
gold,27,224,225,226,227,228,229,230,231,1103,1104,1105,1106,1107,1108,1109,1110,
gold,28,535,536,537,538,539,540,728,729,730,731,732,733,734,735,760,761,762,763,764,765,766,767,789,790,791,792,793,945,946,947,948,949,950,951,952,1311,1312,1313,1314,1315,1316,1317,1318,1319,1320,1321,1322,1323,1324,1325,1326,
gold,28,346,347,348,349,350,351,352,353,1295,1296,1297,1298,1299,1300,1301,1302,
gold,29,541,542,543,544,545,546,736,737,738,739,740,741,742,743,768,769,770,771,772,773,774,775,794,795,796,797,798,953,954,955,956,957,958,959,960,1082,1327,1328,1329,1330,1331,1332,1333,1334,1335,1336,1337,1338,1339,1340,1341,1342,
gold,29,354,355,356,357,358,359,360,361,1303,1304,1305,1306,1307,1308,1309,1310,
gold,30,486,487,488,489,490,491,511,512,513,514,515,535,536,537,538,539,540,589,590,591,592,593,815,816,817,818,819,820,821,822,1072,1111,1112,1113,1114,1115,1116,1117,1118,1119,1120,1121,1122,1123,1124,1125,1126,
gold,30,216,217,218,219,220,221,222,223,1095,1096,1097,1098,1099,1100,1101,1102,
gold,31,1066,1067,1068,1069,1070,1094,1498,1499,1500,1501,1502,1503,1504,1505,1506,1507,1508,1509,1510,
gold,31,467,468,469,470,471,516,517,518,519,520,594,595,596,597,598,794,795,796,797,798,1480,1481,1482,1483,1484,
gold,32,1061,1062,1063,1064,1065,1093,1485,1486,1487,1488,1489,1490,1491,1492,1493,1494,1495,1496,1497,
gold,32,462,463,464,465,466,511,512,513,514,515,589,590,591,592,593,789,790,791,792,793,1475,1476,1477,1478,1479,
gold,33,1041,1042,1043,1044,1045,1046,1047,1091,1460,1461,1462,1463,1464,1465,1466,1467,1468,1469,1470,1471,1472,1473,1474,
gold,33,442,443,444,445,446,447,448,569,570,571,572,573,574,575,679,680,681,682,683,684,685,1438,1439,1440,1441,1442,1443,1444,
gold,34,1013,1014,1015,1016,1017,1018,1088,1417,1418,1419,1420,1421,1422,1423,1424,1425,1426,1427,1428,1429,1430,
gold,34,414,415,416,417,418,419,492,493,494,495,496,497,541,542,543,544,545,546,651,652,653,654,655,656,706,707,708,709,710,711,1397,1398,1399,1400,1401,1402,
gold,35,1007,1008,1009,1010,1011,1012,1087,1403,1404,1405,1406,1407,1408,1409,1410,1411,1412,1413,1414,1415,1416,
gold,35,408,409,410,411,412,413,486,487,488,489,490,491,535,536,537,538,539,540,645,646,647,648,649,650,700,701,702,703,704,705,1391,1392,1393,1394,1395,1396,
gold,36,1034,1035,1036,1037,1038,1039,1040,1090,1445,1446,1447,1448,1449,1450,1451,1452,1453,1454,1455,1456,1457,1458,1459,
gold,36,435,436,437,438,439,440,441,562,563,564,565,566,567,568,672,673,674,675,676,677,678,1431,1432,1433,1434,1435,1436,1437,
gold,37,472,473,474,475,476,477,478,479,480,481,482,483,484,485,547,548,549,550,551,552,553,554,555,556,557,558,559,560,561,599,600,601,602,603,604,605,606,607,608,609,610,611,612,613,614,631,632,633,634,635,636,637,638,639,640,641,642,643,644,657,658,659,660,661,662,663,664,665,666,667,668,669,670,671,857,858,859,860,861,862,863,864,865,866,867,868,869,1075,1183,1184,1185,1186,1187,1188,1189,1190,1191,1192,
gold,37,258,259,260,261,262,263,264,265,266,267,268,269,270,1193,1194,1195,1196,1197,1198,1199,1200,1201,1202,1203,1204,1205,1206,1207,1208,1209,1210,1211,1212,1213,1214,1215,1216,1217,1218,
gold,38,657,658,659,660,661,662,663,664,665,666,667,668,669,670,671,686,687,688,689,690,691,692,693,694,695,696,697,698,699,776,777,778,779,780,781,782,783,784,785,786,787,788,906,907,908,909,910,911,912,913,914,915,916,917,918,1079,1259,1260,1261,1262,1263,1264,1265,1266,1267,1268,
gold,38,307,308,309,310,311,312,313,314,315,316,317,318,319,1269,1270,1271,1272,1273,1274,1275,1276,1277,1278,1279,1280,1281,1282,1283,1284,1285,1286,1287,1288,1289,1290,1291,1292,1293,1294,
gold,39,498,499,500,501,502,503,504,505,506,507,508,509,510,547,548,549,550,551,552,553,554,555,556,557,558,559,560,561,576,577,578,579,580,581,582,583,584,585,586,587,588,599,600,601,602,603,604,605,606,607,608,609,610,611,612,613,614,631,632,633,634,635,636,637,638,639,640,641,642,643,644,686,687,688,689,690,691,692,693,694,695,696,697,698,699,712,713,714,715,716,717,718,719,720,721,722,723,724,725,726,727,744,745,746,747,748,749,750,751,752,753,754,755,756,757,758,759,880,881,882,883,884,885,886,887,888,889,890,891,892,893,1077,1219,1220,1221,1222,1223,1224,1225,1226,1227,1228,1229,1230,
gold,39,281,282,283,284,285,286,287,288,289,290,291,292,293,294,1231,1232,1233,1234,1235,1236,1237,1238,1239,1240,1241,1242,1243,1244,1245,1246,1247,1248,1249,1250,1251,1252,1253,1254,1255,1256,1257,1258,
gold,40,831,832,833,834,835,836,837,838,839,840,841,842,843,844,1073,1143,1144,1145,1146,1147,1148,1149,1150,1151,1152,1153,1154,
gold,40,232,233,234,235,236,237,238,239,240,241,242,243,244,245,1155,1156,1157,1158,1159,1160,1161,1162,1163,1164,1165,1166,1167,1168,1169,1170,1171,1172,1173,1174,1175,1176,1177,1178,1179,1180,1181,1182,
gold,41,977,978,979,980,981,982,983,984,1084,1359,1360,1361,1362,1363,1364,1365,1366,1367,1368,1369,1370,1371,1372,1373,1374,
gold,41,378,379,380,381,382,383,384,385,615,616,617,618,619,620,621,622,728,729,730,731,732,733,734,735,760,761,762,763,764,765,766,767,1343,1344,1345,1346,1347,1348,1349,1350,
gold,42,216,246,271,295,320,346,378,408,435,462,486,511,535,562,589,615,645,672,700,728,760,789,1095,1143,1183,1219,1259,1295,1343,1391,1431,1475,
gold,42,217,247,272,296,321,347,379,409,436,463,487,512,536,563,590,616,646,673,701,729,761,790,815,945,977,1096,1144,1184,1220,1260,1296,1344,1392,1432,1476,
gold,42,218,248,273,297,322,348,380,410,437,464,488,513,537,564,591,617,647,674,702,730,762,791,816,946,978,1034,1097,1145,1185,1221,1261,1297,1345,1393,1433,1477,
gold,42,219,249,274,298,323,349,381,411,438,465,489,514,538,565,592,618,648,675,703,731,763,792,817,845,894,947,979,1007,1035,1098,1146,1186,1222,1262,1298,1346,1394,1434,1478,
gold,42,220,250,275,299,324,350,382,412,439,466,490,515,539,566,593,619,649,676,704,732,764,793,818,846,870,895,919,948,980,1008,1036,1061,1099,1147,1187,1223,1263,1299,1347,1395,1435,1479,
gold,42,221,251,300,351,383,413,440,491,540,567,620,650,677,705,733,765,819,847,871,896,920,949,981,1009,1037,1062,1100,1148,1224,1300,1348,1396,1436,
gold,42,222,352,384,441,568,621,678,734,766,820,848,872,897,921,950,982,1010,1038,1063,1101,1301,1349,1437,
gold,42,223,353,385,622,735,767,821,849,873,898,922,951,983,1011,1039,1064,1102,1302,1350,
gold,42,822,850,874,899,923,952,984,1012,1040,1065,
gold,43,521,522,523,524,525,526,527,528,529,530,531,532,533,534,712,713,714,715,716,717,718,719,720,721,722,723,724,725,726,727,744,745,746,747,748,749,750,751,752,753,754,755,756,757,758,759,776,777,778,779,780,781,782,783,784,785,786,787,788,929,930,931,932,933,934,935,936,937,938,939,940,941,942,943,944,1081,1295,1296,1297,1298,1299,1300,1301,1302,1303,1304,1305,1306,1307,1308,1309,1310,
gold,43,330,331,332,333,334,335,336,337,338,339,340,341,342,343,344,345,1311,1312,1313,1314,1315,1316,1317,1318,1319,1320,1321,1322,1323,1324,1325,1326,1327,1328,1329,1330,1331,1332,1333,1334,1335,1336,1337,1338,1339,1340,1341,1342,
gold,44,985,986,987,988,989,990,991,992,1085,1375,1376,1377,1378,1379,1380,1381,1382,1383,1384,1385,1386,1387,1388,1389,1390,
gold,44,386,387,388,389,390,391,392,393,623,624,625,626,627,628,629,630,736,737,738,739,740,741,742,743,768,769,770,771,772,773,774,775,1351,1352,1353,1354,1355,1356,1357,1358,
gold,45,224,252,276,301,325,354,386,414,442,467,492,516,541,569,594,623,651,679,706,736,768,794,1103,1149,1188,1225,1264,1303,1351,1397,1438,1480,
gold,45,225,253,277,302,326,355,387,415,443,468,493,517,542,570,595,624,652,680,707,737,769,795,823,953,985,1104,1150,1189,1226,1265,1304,1352,1398,1439,1481,
gold,45,226,254,278,303,327,356,388,416,444,469,494,518,543,571,596,625,653,681,708,738,770,796,824,954,986,1041,1105,1151,1190,1227,1266,1305,1353,1399,1440,1482,
gold,45,227,255,279,304,328,357,389,417,445,470,495,519,544,572,597,626,654,682,709,739,771,797,825,851,900,955,987,1013,1042,1106,1152,1191,1228,1267,1306,1354,1400,1441,1483,
gold,45,228,256,280,305,329,358,390,418,446,471,496,520,545,573,598,627,655,683,710,740,772,798,826,852,875,901,924,956,988,1014,1043,1066,1107,1153,1192,1229,1268,1307,1355,1401,1442,1484,
gold,45,229,257,306,359,391,419,447,497,546,574,628,656,684,711,741,773,827,853,876,902,925,957,989,1015,1044,1067,1108,1154,1230,1308,1356,1402,1443,
gold,45,230,360,392,448,575,629,685,742,774,828,854,877,903,926,958,990,1016,1045,1068,1109,1309,1357,1444,
gold,45,231,361,393,630,743,775,829,855,878,904,927,959,991,1017,1046,1069,1110,1310,1358,
gold,45,830,856,879,905,928,960,992,1018,1047,1070,
gold,46,472,473,474,475,476,477,478,479,480,481,482,483,484,485,498,499,500,501,502,503,504,505,506,507,508,509,510,521,522,523,524,525,526,527,528,529,530,531,532,533,534,576,577,578,579,580,581,582,583,584,585,586,587,588,799,800,801,802,803,804,805,806,807,808,809,810,811,812,813,814,1071,1095,1096,1097,1098,1099,1100,1101,1102,1103,1104,1105,1106,1107,1108,1109,1110,
gold,46,200,201,202,203,204,205,206,207,208,209,210,211,212,213,214,215,1111,1112,1113,1114,1115,1116,1117,1118,1119,1120,1121,1122,1123,1124,1125,1126,1127,1128,1129,1130,1131,1132,1133,1134,1135,1136,1137,1138,1139,1140,1141,1142,
gold,47,1019,1020,1021,1022,1023,1024,1025,1026,1027,1028,1029,1030,1031,1032,1033,1089,1431,1432,1433,1434,1435,1436,1437,1438,1439,1440,1441,1442,1443,1444,
gold,47,420,421,422,423,424,425,426,427,428,429,430,431,432,433,434,547,548,549,550,551,552,553,554,555,556,557,558,559,560,561,657,658,659,660,661,662,663,664,665,666,667,668,669,670,671,1445,1446,1447,1448,1449,1450,1451,1452,1453,1454,1455,1456,1457,1458,1459,1460,1461,1462,1463,1464,1465,1466,1467,1468,1469,1470,1471,1472,1473,1474,
gold,48,1048,1049,1050,1051,1052,1053,1054,1055,1056,1057,1058,1059,1060,1092,1475,1476,1477,1478,1479,1480,1481,1482,1483,1484,
gold,48,449,450,451,452,453,454,455,456,457,458,459,460,461,498,499,500,501,502,503,504,505,506,507,508,509,510,576,577,578,579,580,581,582,583,584,585,586,587,588,776,777,778,779,780,781,782,783,784,785,786,787,788,1485,1486,1487,1488,1489,1490,1491,1492,1493,1494,1495,1496,1497,1498,1499,1500,1501,1502,1503,1504,1505,1506,1507,1508,1509,1510,
gold,49,961,962,963,964,965,966,967,968,969,970,971,972,973,974,975,976,1083,1343,1344,1345,1346,1347,1348,1349,1350,1351,1352,1353,1354,1355,1356,1357,1358,
gold,49,362,363,364,365,366,367,368,369,370,371,372,373,374,375,376,377,599,600,601,602,603,604,605,606,607,608,609,610,611,612,613,614,712,713,714,715,716,717,718,719,720,721,722,723,724,725,726,727,744,745,746,747,748,749,750,751,752,753,754,755,756,757,758,759,1359,1360,1361,1362,1363,1364,1365,1366,1367,1368,1369,1370,1371,1372,1373,1374,1375,1376,1377,1378,1379,1380,1381,1382,1383,1384,1385,1386,1387,1388,1389,1390,
gold,50,993,994,995,996,997,998,999,1000,1001,1002,1003,1004,1005,1006,1086,1391,1392,1393,1394,1395,1396,1397,1398,1399,1400,1401,1402,
gold,50,394,395,396,397,398,399,400,401,402,403,404,405,406,407,472,473,474,475,476,477,478,479,480,481,482,483,484,485,521,522,523,524,525,526,527,528,529,530,531,532,533,534,631,632,633,634,635,636,637,638,639,640,641,642,643,644,686,687,688,689,690,691,692,693,694,695,696,697,698,699,1403,1404,1405,1406,1407,1408,1409,1410,1411,1412,1413,1414,1415,1416,1417,1418,1419,1420,1421,1422,1423,1424,1425,1426,1427,1428,1429,1430,
gold,51,200,232,258,281,307,330,362,394,420,449,472,498,521,547,576,599,631,657,686,712,744,776,1111,1127,1155,1169,1193,1206,1231,1245,1269,1282,1311,1327,1359,1375,1403,1417,1445,1460,1485,1498,
gold,51,201,233,259,282,308,331,363,395,421,450,473,499,522,548,577,600,632,658,687,713,745,777,799,929,961,1112,1128,1156,1170,1194,1207,1232,1246,1270,1283,1312,1328,1360,1376,1404,1418,1446,1461,1486,1499,
gold,51,202,234,260,283,309,332,364,396,422,451,474,500,523,549,578,601,633,659,688,714,746,778,800,831,857,880,906,930,962,993,1019,1048,1113,1129,1157,1171,1195,1208,1233,1247,1271,1284,1313,1329,1361,1377,1405,1419,1447,1462,1487,1500,
gold,51,203,235,261,284,310,333,365,397,423,452,475,501,524,550,579,602,634,660,689,715,747,779,801,832,858,881,907,931,963,994,1020,1049,1114,1130,1158,1172,1196,1209,1234,1248,1272,1285,1314,1330,1362,1378,1406,1420,1448,1463,1488,1501,
gold,51,204,236,262,285,311,334,366,398,424,453,476,502,525,551,580,603,635,661,690,716,748,780,802,833,859,882,908,932,964,995,1021,1050,1115,1131,1159,1173,1197,1210,1235,1249,1273,1286,1315,1331,1363,1379,1407,1421,1449,1464,1489,1502,
gold,51,205,237,286,335,367,399,425,477,526,552,604,636,662,691,717,749,803,834,860,883,909,933,965,996,1022,1051,1116,1132,1160,1174,1236,1250,1316,1332,1364,1380,1408,1422,1450,1465,
gold,51,206,336,368,426,553,605,663,718,750,804,835,861,884,910,934,966,997,1023,1052,1117,1133,1317,1333,1365,1381,1451,1466,
gold,51,207,337,369,606,719,751,805,836,862,885,911,935,967,998,1024,1053,1118,1134,1318,1334,1366,1382,
gold,51,806,837,863,886,912,936,968,999,1025,1054,
gold,51,208,238,263,287,312,338,370,400,427,454,478,503,527,554,581,607,637,664,692,720,752,781,807,937,969,1026,1119,1135,1161,1175,1198,1211,1237,1251,1274,1287,1319,1335,1367,1383,1409,1423,1452,1467,1490,1503,
gold,51,209,239,264,288,313,339,371,401,428,455,479,504,528,555,582,608,638,665,693,721,753,782,808,838,887,938,970,1000,1027,1120,1136,1162,1176,1199,1212,1238,1252,1275,1288,1320,1336,1368,1384,1410,1424,1453,1468,1491,1504,
gold,51,210,240,265,289,314,340,372,402,429,456,480,505,529,556,583,609,639,666,694,722,754,783,809,839,864,888,913,939,971,1001,1028,1055,1121,1137,1163,1177,1200,1213,1239,1253,1276,1289,1321,1337,1369,1385,1411,1425,1454,1469,1492,1505,
gold,51,211,241,266,290,315,341,373,403,430,457,481,506,530,557,584,610,640,667,695,723,755,784,810,840,865,889,914,940,972,1002,1029,1056,1122,1138,1164,1178,1201,1214,1240,1254,1277,1290,1322,1338,1370,1386,1412,1426,1455,1470,1493,1506,
gold,51,212,242,267,291,316,342,374,404,431,458,482,507,531,558,585,611,641,668,696,724,756,785,811,841,866,890,915,941,973,1003,1030,1057,1123,1139,1165,1179,1202,1215,1241,1255,1278,1291,1323,1339,1371,1387,1413,1427,1456,1471,1494,1507,
gold,51,213,243,268,292,317,343,375,405,432,459,483,508,532,559,586,612,642,669,697,725,757,786,812,842,867,891,916,942,974,1004,1031,1058,1124,1140,1166,1180,1203,1216,1242,1256,1279,1292,1324,1340,1372,1388,1414,1428,1457,1472,1495,1508,
gold,51,214,244,269,293,318,344,376,406,433,460,484,509,533,560,587,613,643,670,698,726,758,787,813,843,868,892,917,943,975,1005,1032,1059,1125,1141,1167,1181,1204,1217,1243,1257,1280,1293,1325,1341,1373,1389,1415,1429,1458,1473,1496,1509,
gold,51,215,245,270,294,319,345,377,407,434,461,485,510,534,561,588,614,644,671,699,727,759,788,814,844,869,893,918,944,976,1006,1033,1060,1126,1142,1168,1182,1205,1218,1244,1258,1281,1294,1326,1342,1374,1390,1416,1430,1459,1474,1497,1510,
red,52,246,247,248,249,250,251,
gold,52,
red,53,435,436,437,438,439,440,441,
gold,53,
red,54,386,387,388,389,390,391,392,393,
gold,54,
red,55,449,450,451,452,453,454,455,456,457,458,459,460,461,
gold,55,
red,56,394,395,396,397,398,399,400,401,402,403,404,405,406,407,
gold,56,
lightskyblue,163,174,
lightskyblue,163,182,
lightskyblue,163,176,
lightskyblue,163,177,
lightskyblue,163,178,
lightskyblue,163,179,
lightskyblue,163,180,
lightskyblue,163,181,
lightskyblue,163,183,
lightskyblue,163,184,
lightskyblue,163,185,
lightskyblue,163,186,
lightskyblue,163,187,
lightskyblue,163,188,
lightskyblue,163,189,
lightskyblue,163,175,
lightskyblue,117,142,
lightskyblue,117,143,
lightskyblue,117,144,
lightskyblue,117,145,
lightskyblue,117,146,
lightskyblue,117,147,
lightskyblue,117,148,
lightskyblue,117,149,
lightskyblue,111,155,
lightskyblue,111,156,
lightskyblue,111,157,
lightskyblue,111,158,
lightskyblue,111,159,
lightskyblue,111,160,
lightskyblue,111,161,
lightskyblue,111,162,
lightskyblue,137,183,
lightskyblue,137,184,
lightskyblue,137,178,
lightskyblue,137,179,
lightskyblue,137,180,
lightskyblue,137,181,
lightskyblue,137,185,
lightskyblue,137,186,
lightskyblue,137,187,
lightskyblue,137,188,
lightskyblue,137,189,
lightskyblue,137,175,
lightskyblue,137,176,
lightskyblue,137,177,
lightskyblue,109,144,
lightskyblue,109,145,
lightskyblue,109,146,
lightskyblue,109,147,
lightskyblue,109,148,
lightskyblue,109,149,
lightskyblue,103,157,
lightskyblue,103,158,
lightskyblue,103,159,
lightskyblue,103,160,
lightskyblue,103,161,
lightskyblue,103,162,
lightskyblue,131,184,
lightskyblue,131,185,
lightskyblue,131,179,
lightskyblue,131,180,
lightskyblue,131,181,
lightskyblue,131,186,
lightskyblue,131,187,
lightskyblue,131,188,
lightskyblue,131,189,
lightskyblue,131,175,
lightskyblue,131,176,
lightskyblue,131,177,
lightskyblue,131,178,
lightskyblue,99,145,
lightskyblue,99,146,
lightskyblue,99,147,
lightskyblue,99,148,
lightskyblue,99,149,
lightskyblue,95,158,
lightskyblue,95,159,
lightskyblue,95,160,
lightskyblue,95,161,
lightskyblue,95,162,
lightskyblue,135,183,
lightskyblue,135,184,
lightskyblue,135,178,
lightskyblue,135,179,
lightskyblue,135,180,
lightskyblue,135,181,
lightskyblue,135,185,
lightskyblue,135,186,
lightskyblue,135,187,
lightskyblue,135,188,
lightskyblue,135,189,
lightskyblue,135,175,
lightskyblue,135,176,
lightskyblue,135,177,
lightskyblue,105,144,
lightskyblue,105,145,
lightskyblue,105,146,
lightskyblue,105,147,
lightskyblue,105,148,
lightskyblue,105,149,
lightskyblue,107,157,
lightskyblue,107,158,
lightskyblue,107,159,
lightskyblue,107,160,
lightskyblue,107,161,
lightskyblue,107,162,
lightskyblue,133,184,
lightskyblue,133,185,
lightskyblue,133,179,
lightskyblue,133,180,
lightskyblue,133,181,
lightskyblue,133,186,
lightskyblue,133,187,
lightskyblue,133,188,
lightskyblue,133,189,
lightskyblue,133,175,
lightskyblue,133,176,
lightskyblue,133,177,
lightskyblue,133,178,
lightskyblue,97,145,
lightskyblue,97,146,
lightskyblue,97,147,
lightskyblue,97,148,
lightskyblue,97,149,
lightskyblue,101,158,
lightskyblue,101,159,
lightskyblue,101,160,
lightskyblue,101,161,
lightskyblue,101,162,
lightskyblue,150,174,
lightskyblue,150,182,
lightskyblue,150,176,
lightskyblue,150,177,
lightskyblue,150,178,
lightskyblue,150,179,
lightskyblue,150,180,
lightskyblue,150,181,
lightskyblue,150,183,
lightskyblue,150,184,
lightskyblue,150,185,
lightskyblue,150,186,
lightskyblue,150,187,
lightskyblue,150,188,
lightskyblue,150,189,
lightskyblue,150,175,
lightskyblue,113,142,
lightskyblue,113,143,
lightskyblue,113,144,
lightskyblue,113,145,
lightskyblue,113,146,
lightskyblue,113,147,
lightskyblue,113,148,
lightskyblue,113,149,
lightskyblue,115,155,
lightskyblue,115,156,
lightskyblue,115,157,
lightskyblue,115,158,
lightskyblue,115,159,
lightskyblue,115,160,
lightskyblue,115,161,
lightskyblue,115,162,
lightskyblue,169,174,
lightskyblue,169,182,
lightskyblue,169,176,
lightskyblue,169,177,
lightskyblue,169,178,
lightskyblue,169,179,
lightskyblue,169,180,
lightskyblue,169,181,
lightskyblue,169,183,
lightskyblue,169,184,
lightskyblue,169,185,
lightskyblue,169,186,
lightskyblue,169,187,
lightskyblue,169,188,
lightskyblue,169,189,
lightskyblue,169,175,
lightskyblue,139,142,
lightskyblue,139,143,
lightskyblue,139,144,
lightskyblue,139,145,
lightskyblue,139,146,
lightskyblue,139,147,
lightskyblue,139,148,
lightskyblue,139,149,
lightskyblue,152,155,
lightskyblue,152,156,
lightskyblue,152,157,
lightskyblue,152,158,
lightskyblue,152,159,
lightskyblue,152,160,
lightskyblue,152,161,
lightskyblue,152,162,
lightskyblue,171,183,
lightskyblue,171,184,
lightskyblue,171,178,
lightskyblue,171,179,
lightskyblue,171,180,
lightskyblue,171,181,
lightskyblue,171,185,
lightskyblue,171,186,
lightskyblue,171,187,
lightskyblue,171,188,
lightskyblue,171,189,
lightskyblue,171,175,
lightskyblue,171,176,
lightskyblue,171,177,
lightskyblue,127,144,
lightskyblue,127,145,
lightskyblue,127,146,
lightskyblue,127,147,
lightskyblue,127,148,
lightskyblue,127,149,
lightskyblue,125,157,
lightskyblue,125,158,
lightskyblue,125,159,
lightskyblue,125,160,
lightskyblue,125,161,
lightskyblue,125,162,
lightskyblue,165,182,
lightskyblue,165,183,
lightskyblue,165,177,
lightskyblue,165,178,
lightskyblue,165,179,
lightskyblue,165,180,
lightskyblue,165,181,
lightskyblue,165,184,
lightskyblue,165,185,
lightskyblue,165,186,
lightskyblue,165,187,
lightskyblue,165,188,
lightskyblue,165,189,
lightskyblue,165,175,
lightskyblue,165,176,
lightskyblue,129,143,
lightskyblue,129,144,
lightskyblue,129,145,
lightskyblue,129,146,
lightskyblue,129,147,
lightskyblue,129,148,
lightskyblue,129,149,
lightskyblue,123,156,
lightskyblue,123,157,
lightskyblue,123,158,
lightskyblue,123,159,
lightskyblue,123,160,
lightskyblue,123,161,
lightskyblue,123,162,
lightskyblue,167,184,
lightskyblue,167,185,
lightskyblue,167,179,
lightskyblue,167,180,
lightskyblue,167,181,
lightskyblue,167,186,
lightskyblue,167,187,
lightskyblue,167,188,
lightskyblue,167,189,
lightskyblue,167,175,
lightskyblue,167,176,
lightskyblue,167,177,
lightskyblue,167,178,
lightskyblue,121,145,
lightskyblue,121,146,
lightskyblue,121,147,
lightskyblue,121,148,
lightskyblue,121,149,
lightskyblue,119,158,
lightskyblue,119,159,
lightskyblue,119,160,
lightskyblue,119,161,
lightskyblue,119,162,
lightskyblue,171,183,
lightskyblue,171,184,
lightskyblue,171,178,
lightskyblue,171,179,
lightskyblue,171,180,
lightskyblue,171,181,
lightskyblue,171,185,
lightskyblue,171,186,
lightskyblue,171,187,
lightskyblue,171,188,
lightskyblue,171,189,
lightskyblue,171,175,
lightskyblue,171,176,
lightskyblue,171,177,
lightskyblue,127,144,
lightskyblue,127,145,
lightskyblue,127,146,
lightskyblue,127,147,
lightskyblue,127,148,
lightskyblue,127,149,
lightskyblue,125,157,
lightskyblue,125,158,
lightskyblue,125,159,
lightskyblue,125,160,
lightskyblue,125,161,
lightskyblue,125,162,
lightskyblue,167,184,
lightskyblue,167,185,
lightskyblue,167,179,
lightskyblue,167,180,
lightskyblue,167,181,
lightskyblue,167,186,
lightskyblue,167,187,
lightskyblue,167,188,
lightskyblue,167,189,
lightskyblue,167,175,
lightskyblue,167,176,
lightskyblue,167,177,
lightskyblue,167,178,
lightskyblue,121,145,
lightskyblue,121,146,
lightskyblue,121,147,
lightskyblue,121,148,
lightskyblue,121,149,
lightskyblue,119,158,
lightskyblue,119,159,
lightskyblue,119,160,
lightskyblue,119,161,
lightskyblue,119,162,
lightskyblue,171,183,
lightskyblue,171,184,
lightskyblue,171,178,
lightskyblue,171,179,
lightskyblue,171,180,
lightskyblue,171,181,
lightskyblue,171,185,
lightskyblue,171,186,
lightskyblue,171,187,
lightskyblue,171,188,
lightskyblue,171,189,
lightskyblue,171,175,
lightskyblue,171,176,
lightskyblue,171,177,
lightskyblue,127,144,
lightskyblue,127,145,
lightskyblue,127,146,
lightskyblue,127,147,
lightskyblue,127,148,
lightskyblue,127,149,
lightskyblue,125,157,
lightskyblue,125,158,
lightskyblue,125,159,
lightskyblue,125,160,
lightskyblue,125,161,
lightskyblue,125,162,
lightskyblue,165,182,
lightskyblue,165,183,
lightskyblue,165,177,
lightskyblue,165,178,
lightskyblue,165,179,
lightskyblue,165,180,
lightskyblue,165,181,
lightskyblue,165,184,
lightskyblue,165,185,
lightskyblue,165,186,
lightskyblue,165,187,
lightskyblue,165,188,
lightskyblue,165,189,
lightskyblue,165,175,
lightskyblue,165,176,
lightskyblue,129,143,
lightskyblue,129,144,
lightskyblue,129,145,
lightskyblue,129,146,
lightskyblue,129,147,
lightskyblue,129,148,
lightskyblue,129,149,
lightskyblue,123,156,
lightskyblue,123,157,
lightskyblue,123,158,
lightskyblue,123,159,
lightskyblue,123,160,
lightskyblue,123,161,
lightskyblue,123,162,
lightskyblue,167,184,
lightskyblue,167,185,
lightskyblue,167,179,
lightskyblue,167,180,
lightskyblue,167,181,
lightskyblue,167,186,
lightskyblue,167,187,
lightskyblue,167,188,
lightskyblue,167,189,
lightskyblue,167,175,
lightskyblue,167,176,
lightskyblue,167,177,
lightskyblue,167,178,
lightskyblue,121,145,
lightskyblue,121,146,
lightskyblue,121,147,
lightskyblue,121,148,
lightskyblue,121,149,
lightskyblue,119,158,
lightskyblue,119,159,
lightskyblue,119,160,
lightskyblue,119,161,
lightskyblue,119,162,
lightskyblue,169,174,
lightskyblue,169,182,
lightskyblue,169,176,
lightskyblue,169,177,
lightskyblue,169,178,
lightskyblue,169,179,
lightskyblue,169,180,
lightskyblue,169,181,
lightskyblue,169,183,
lightskyblue,169,184,
lightskyblue,169,185,
lightskyblue,169,186,
lightskyblue,169,187,
lightskyblue,169,188,
lightskyblue,169,189,
lightskyblue,169,175,
lightskyblue,139,142,
lightskyblue,139,143,
lightskyblue,139,144,
lightskyblue,139,145,
lightskyblue,139,146,
lightskyblue,139,147,
lightskyblue,139,148,
lightskyblue,139,149,
lightskyblue,152,155,
lightskyblue,152,156,
lightskyblue,152,157,
lightskyblue,152,158,
lightskyblue,152,159,
lightskyblue,152,160,
lightskyblue,152,161,
lightskyblue,152,162,
lightskyblue,171,183,
lightskyblue,171,184,
lightskyblue,171,178,
lightskyblue,171,179,
lightskyblue,171,180,
lightskyblue,171,181,
lightskyblue,171,185,
lightskyblue,171,186,
lightskyblue,171,187,
lightskyblue,171,188,
lightskyblue,171,189,
lightskyblue,171,175,
lightskyblue,171,176,
lightskyblue,171,177,
lightskyblue,127,144,
lightskyblue,127,145,
lightskyblue,127,146,
lightskyblue,127,147,
lightskyblue,127,148,
lightskyblue,127,149,
lightskyblue,125,157,
lightskyblue,125,158,
lightskyblue,125,159,
lightskyblue,125,160,
lightskyblue,125,161,
lightskyblue,125,162,
lightskyblue,165,182,
lightskyblue,165,183,
lightskyblue,165,177,
lightskyblue,165,178,
lightskyblue,165,179,
lightskyblue,165,180,
lightskyblue,165,181,
lightskyblue,165,184,
lightskyblue,165,185,
lightskyblue,165,186,
lightskyblue,165,187,
lightskyblue,165,188,
lightskyblue,165,189,
lightskyblue,165,175,
lightskyblue,165,176,
lightskyblue,129,143,
lightskyblue,129,144,
lightskyblue,129,145,
lightskyblue,129,146,
lightskyblue,129,147,
lightskyblue,129,148,
lightskyblue,129,149,
lightskyblue,123,156,
lightskyblue,123,157,
lightskyblue,123,158,
lightskyblue,123,159,
lightskyblue,123,160,
lightskyblue,123,161,
lightskyblue,123,162,
lightskyblue,171,183,
lightskyblue,171,184,
lightskyblue,171,178,
lightskyblue,171,179,
lightskyblue,171,180,
lightskyblue,171,181,
lightskyblue,171,185,
lightskyblue,171,186,
lightskyblue,171,187,
lightskyblue,171,188,
lightskyblue,171,189,
lightskyblue,171,175,
lightskyblue,171,176,
lightskyblue,171,177,
lightskyblue,127,144,
lightskyblue,127,145,
lightskyblue,127,146,
lightskyblue,127,147,
lightskyblue,127,148,
lightskyblue,127,149,
lightskyblue,125,157,
lightskyblue,125,158,
lightskyblue,125,159,
lightskyblue,125,160,
lightskyblue,125,161,
lightskyblue,125,162,
lightskyblue,169,174,
lightskyblue,169,182,
lightskyblue,169,176,
lightskyblue,169,177,
lightskyblue,169,178,
lightskyblue,169,179,
lightskyblue,169,180,
lightskyblue,169,181,
lightskyblue,169,183,
lightskyblue,169,184,
lightskyblue,169,185,
lightskyblue,169,186,
lightskyblue,169,187,
lightskyblue,169,188,
lightskyblue,169,189,
lightskyblue,169,175,
lightskyblue,139,142,
lightskyblue,139,143,
lightskyblue,139,144,
lightskyblue,139,145,
lightskyblue,139,146,
lightskyblue,139,147,
lightskyblue,139,148,
lightskyblue,139,149,
lightskyblue,152,155,
lightskyblue,152,156,
lightskyblue,152,157,
lightskyblue,152,158,
lightskyblue,152,159,
lightskyblue,152,160,
lightskyblue,152,161,
lightskyblue,152,162,
lightskyblue,169,174,
lightskyblue,169,182,
lightskyblue,169,176,
lightskyblue,169,177,
lightskyblue,169,178,
lightskyblue,169,179,
lightskyblue,169,180,
lightskyblue,169,181,
lightskyblue,169,183,
lightskyblue,169,184,
lightskyblue,169,185,
lightskyblue,169,186,
lightskyblue,169,187,
lightskyblue,169,188,
lightskyblue,169,189,
lightskyblue,169,175,
lightskyblue,139,142,
lightskyblue,139,143,
lightskyblue,139,144,
lightskyblue,139,145,
lightskyblue,139,146,
lightskyblue,139,147,
lightskyblue,139,148,
lightskyblue,139,149,
lightskyblue,152,155,
lightskyblue,152,156,
lightskyblue,152,157,
lightskyblue,152,158,
lightskyblue,152,159,
lightskyblue,152,160,
lightskyblue,152,161,
lightskyblue,152,162,
lightskyblue,167,184,
lightskyblue,167,185,
lightskyblue,167,179,
lightskyblue,167,180,
lightskyblue,167,181,
lightskyblue,167,186,
lightskyblue,167,187,
lightskyblue,167,188,
lightskyblue,167,189,
lightskyblue,167,175,
lightskyblue,167,176,
lightskyblue,167,177,
lightskyblue,167,178,
lightskyblue,121,145,
lightskyblue,121,146,
lightskyblue,121,147,
lightskyblue,121,148,
lightskyblue,121,149,
lightskyblue,119,158,
lightskyblue,119,159,
lightskyblue,119,160,
lightskyblue,119,161,
lightskyblue,119,162,
lightskyblue,164,173,
lightskyblue,164,189,
lightskyblue,164,175,
lightskyblue,164,176,
lightskyblue,164,177,
lightskyblue,164,178,
lightskyblue,164,179,
lightskyblue,164,180,
lightskyblue,164,174,
lightskyblue,164,182,
lightskyblue,164,183,
lightskyblue,164,184,
lightskyblue,164,185,
lightskyblue,164,186,
lightskyblue,164,187,
lightskyblue,164,188,
lightskyblue,118,141,
lightskyblue,118,142,
lightskyblue,118,143,
lightskyblue,118,144,
lightskyblue,118,145,
lightskyblue,118,146,
lightskyblue,118,147,
lightskyblue,118,148,
lightskyblue,112,154,
lightskyblue,112,155,
lightskyblue,112,156,
lightskyblue,112,157,
lightskyblue,112,158,
lightskyblue,112,159,
lightskyblue,112,160,
lightskyblue,112,161,
lightskyblue,138,187,
lightskyblue,138,188,
lightskyblue,138,189,
lightskyblue,138,175,
lightskyblue,138,176,
lightskyblue,138,177,
lightskyblue,138,178,
lightskyblue,138,173,
lightskyblue,138,174,
lightskyblue,138,182,
lightskyblue,138,183,
lightskyblue,138,184,
lightskyblue,138,185,
lightskyblue,138,186,
lightskyblue,110,141,
lightskyblue,110,142,
lightskyblue,110,143,
lightskyblue,110,144,
lightskyblue,110,145,
lightskyblue,110,146,
lightskyblue,104,154,
lightskyblue,104,155,
lightskyblue,104,156,
lightskyblue,104,157,
lightskyblue,104,158,
lightskyblue,104,159,
lightskyblue,132,186,
lightskyblue,132,187,
lightskyblue,132,188,
lightskyblue,132,189,
lightskyblue,132,175,
lightskyblue,132,176,
lightskyblue,132,177,
lightskyblue,132,173,
lightskyblue,132,174,
lightskyblue,132,182,
lightskyblue,132,183,
lightskyblue,132,184,
lightskyblue,132,185,
lightskyblue,100,141,
lightskyblue,100,142,
lightskyblue,100,143,
lightskyblue,100,144,
lightskyblue,100,145,
lightskyblue,96,154,
lightskyblue,96,155,
lightskyblue,96,156,
lightskyblue,96,157,
lightskyblue,96,158,
lightskyblue,136,187,
lightskyblue,136,188,
lightskyblue,136,189,
lightskyblue,136,175,
lightskyblue,136,176,
lightskyblue,136,177,
lightskyblue,136,178,
lightskyblue,136,173,
lightskyblue,136,174,
lightskyblue,136,182,
lightskyblue,136,183,
lightskyblue,136,184,
lightskyblue,136,185,
lightskyblue,136,186,
lightskyblue,106,141,
lightskyblue,106,142,
lightskyblue,106,143,
lightskyblue,106,144,
lightskyblue,106,145,
lightskyblue,106,146,
lightskyblue,108,154,
lightskyblue,108,155,
lightskyblue,108,156,
lightskyblue,108,157,
lightskyblue,108,158,
lightskyblue,108,159,
lightskyblue,134,186,
lightskyblue,134,187,
lightskyblue,134,188,
lightskyblue,134,189,
lightskyblue,134,175,
lightskyblue,134,176,
lightskyblue,134,177,
lightskyblue,134,173,
lightskyblue,134,174,
lightskyblue,134,182,
lightskyblue,134,183,
lightskyblue,134,184,
lightskyblue,134,185,
lightskyblue,98,141,
lightskyblue,98,142,
lightskyblue,98,143,
lightskyblue,98,144,
lightskyblue,98,145,
lightskyblue,102,154,
lightskyblue,102,155,
lightskyblue,102,156,
lightskyblue,102,157,
lightskyblue,102,158,
lightskyblue,151,173,
lightskyblue,151,189,
lightskyblue,151,175,
lightskyblue,151,176,
lightskyblue,151,177,
lightskyblue,151,178,
lightskyblue,151,179,
lightskyblue,151,180,
lightskyblue,151,174,
lightskyblue,151,182,
lightskyblue,151,183,
lightskyblue,151,184,
lightskyblue,151,185,
lightskyblue,151,186,
lightskyblue,151,187,
lightskyblue,151,188,
lightskyblue,114,141,
lightskyblue,114,142,
lightskyblue,114,143,
lightskyblue,114,144,
lightskyblue,114,145,
lightskyblue,114,146,
lightskyblue,114,147,
lightskyblue,114,148,
lightskyblue,116,154,
lightskyblue,116,155,
lightskyblue,116,156,
lightskyblue,116,157,
lightskyblue,116,158,
lightskyblue,116,159,
lightskyblue,116,160,
lightskyblue,116,161,
lightskyblue,170,173,
lightskyblue,170,189,
lightskyblue,170,175,
lightskyblue,170,176,
lightskyblue,170,177,
lightskyblue,170,178,
lightskyblue,170,179,
lightskyblue,170,180,
lightskyblue,170,174,
lightskyblue,170,182,
lightskyblue,170,183,
lightskyblue,170,184,
lightskyblue,170,185,
lightskyblue,170,186,
lightskyblue,170,187,
lightskyblue,170,188,
lightskyblue,140,141,
lightskyblue,140,142,
lightskyblue,140,143,
lightskyblue,140,144,
lightskyblue,140,145,
lightskyblue,140,146,
lightskyblue,140,147,
lightskyblue,140,148,
lightskyblue,153,154,
lightskyblue,153,155,
lightskyblue,153,156,
lightskyblue,153,157,
lightskyblue,153,158,
lightskyblue,153,159,
lightskyblue,153,160,
lightskyblue,153,161,
lightskyblue,172,187,
lightskyblue,172,188,
lightskyblue,172,189,
lightskyblue,172,175,
lightskyblue,172,176,
lightskyblue,172,177,
lightskyblue,172,178,
lightskyblue,172,173,
lightskyblue,172,174,
lightskyblue,172,182,
lightskyblue,172,183,
lightskyblue,172,184,
lightskyblue,172,185,
lightskyblue,172,186,
lightskyblue,128,141,
lightskyblue,128,142,
lightskyblue,128,143,
lightskyblue,128,144,
lightskyblue,128,145,
lightskyblue,128,146,
lightskyblue,126,154,
lightskyblue,126,155,
lightskyblue,126,156,
lightskyblue,126,157,
lightskyblue,126,158,
lightskyblue,126,159,
lightskyblue,166,188,
lightskyblue,166,189,
lightskyblue,166,175,
lightskyblue,166,176,
lightskyblue,166,177,
lightskyblue,166,178,
lightskyblue,166,179,
lightskyblue,166,173,
lightskyblue,166,174,
lightskyblue,166,182,
lightskyblue,166,183,
lightskyblue,166,184,
lightskyblue,166,185,
lightskyblue,166,186,
lightskyblue,166,187,
lightskyblue,130,141,
lightskyblue,130,142,
lightskyblue,130,143,
lightskyblue,130,144,
lightskyblue,130,145,
lightskyblue,130,146,
lightskyblue,130,147,
lightskyblue,124,154,
lightskyblue,124,155,
lightskyblue,124,156,
lightskyblue,124,157,
lightskyblue,124,158,
lightskyblue,124,159,
lightskyblue,124,160,
lightskyblue,168,186,
lightskyblue,168,187,
lightskyblue,168,188,
lightskyblue,168,189,
lightskyblue,168,175,
lightskyblue,168,176,
lightskyblue,168,177,
lightskyblue,168,173,
lightskyblue,168,174,
lightskyblue,168,182,
lightskyblue,168,183,
lightskyblue,168,184,
lightskyblue,168,185,
lightskyblue,122,141,
lightskyblue,122,142,
lightskyblue,122,143,
lightskyblue,122,144,
lightskyblue,122,145,
lightskyblue,120,154,
lightskyblue,120,155,
lightskyblue,120,156,
lightskyblue,120,157,
lightskyblue,120,158,
lightskyblue,93,
lightskyblue,91,
lightskyblue,85,
lightskyblue,190,
lightskyblue,71,
lightskyblue,69,
lightskyblue,75,
lightskyblue,73,
lightskyblue,79,
lightskyblue,77,
lightskyblue,83,
lightskyblue,81,
lightskyblue,61,
lightskyblue,63,
lightskyblue,194,
lightskyblue,198,
lightskyblue,89,
lightskyblue,57,
lightskyblue,67,
lightskyblue,192,
lightskyblue,65,
lightskyblue,196,
lightskyblue,59,
lightskyblue,87,
lightskyblue,117,142,
lightskyblue,117,143,
lightskyblue,117,144,
lightskyblue,117,145,
lightskyblue,117,146,
lightskyblue,117,147,
lightskyblue,117,148,
lightskyblue,117,149,
lightskyblue,111,155,
lightskyblue,111,156,
lightskyblue,111,157,
lightskyblue,111,158,
lightskyblue,111,159,
lightskyblue,111,160,
lightskyblue,111,161,
lightskyblue,111,162,
lightskyblue,163,174,
lightskyblue,163,182,
lightskyblue,163,176,
lightskyblue,163,177,
lightskyblue,163,178,
lightskyblue,163,179,
lightskyblue,163,180,
lightskyblue,163,181,
lightskyblue,163,183,
lightskyblue,163,184,
lightskyblue,163,185,
lightskyblue,163,186,
lightskyblue,163,187,
lightskyblue,163,188,
lightskyblue,163,189,
lightskyblue,163,175,
lightskyblue,163,174,
lightskyblue,163,182,
lightskyblue,163,176,
lightskyblue,163,177,
lightskyblue,163,178,
lightskyblue,163,179,
lightskyblue,163,180,
lightskyblue,163,181,
lightskyblue,163,183,
lightskyblue,163,184,
lightskyblue,163,185,
lightskyblue,163,186,
lightskyblue,163,187,
lightskyblue,163,188,
lightskyblue,163,189,
lightskyblue,163,175,
lightskyblue,109,144,
lightskyblue,109,145,
lightskyblue,109,146,
lightskyblue,109,147,
lightskyblue,109,148,
lightskyblue,109,149,
lightskyblue,103,157,
lightskyblue,103,158,
lightskyblue,103,159,
lightskyblue,103,160,
lightskyblue,103,161,
lightskyblue,103,162,
lightskyblue,137,183,
lightskyblue,137,184,
lightskyblue,137,178,
lightskyblue,137,179,
lightskyblue,137,180,
lightskyblue,137,181,
lightskyblue,137,185,
lightskyblue,137,186,
lightskyblue,137,187,
lightskyblue,137,188,
lightskyblue,137,189,
lightskyblue,137,175,
lightskyblue,137,176,
lightskyblue,137,177,
lightskyblue,137,183,
lightskyblue,137,184,
lightskyblue,137,178,
lightskyblue,137,179,
lightskyblue,137,180,
lightskyblue,137,181,
lightskyblue,137,185,
lightskyblue,137,186,
lightskyblue,137,187,
lightskyblue,137,188,
lightskyblue,137,189,
lightskyblue,137,175,
lightskyblue,137,176,
lightskyblue,137,177,
lightskyblue,99,145,
lightskyblue,99,146,
lightskyblue,99,147,
lightskyblue,99,148,
lightskyblue,99,149,
lightskyblue,95,158,
lightskyblue,95,159,
lightskyblue,95,160,
lightskyblue,95,161,
lightskyblue,95,162,
lightskyblue,131,184,
lightskyblue,131,185,
lightskyblue,131,179,
lightskyblue,131,180,
lightskyblue,131,181,
lightskyblue,131,186,
lightskyblue,131,187,
lightskyblue,131,188,
lightskyblue,131,189,
lightskyblue,131,175,
lightskyblue,131,176,
lightskyblue,131,177,
lightskyblue,131,178,
lightskyblue,131,184,
lightskyblue,131,185,
lightskyblue,131,179,
lightskyblue,131,180,
lightskyblue,131,181,
lightskyblue,131,186,
lightskyblue,131,187,
lightskyblue,131,188,
lightskyblue,131,189,
lightskyblue,131,175,
lightskyblue,131,176,
lightskyblue,131,177,
lightskyblue,131,178,
lightskyblue,105,144,
lightskyblue,105,145,
lightskyblue,105,146,
lightskyblue,105,147,
lightskyblue,105,148,
lightskyblue,105,149,
lightskyblue,107,157,
lightskyblue,107,158,
lightskyblue,107,159,
lightskyblue,107,160,
lightskyblue,107,161,
lightskyblue,107,162,
lightskyblue,135,183,
lightskyblue,135,184,
lightskyblue,135,178,
lightskyblue,135,179,
lightskyblue,135,180,
lightskyblue,135,181,
lightskyblue,135,185,
lightskyblue,135,186,
lightskyblue,135,187,
lightskyblue,135,188,
lightskyblue,135,189,
lightskyblue,135,175,
lightskyblue,135,176,
lightskyblue,135,177,
lightskyblue,135,183,
lightskyblue,135,184,
lightskyblue,135,178,
lightskyblue,135,179,
lightskyblue,135,180,
lightskyblue,135,181,
lightskyblue,135,185,
lightskyblue,135,186,
lightskyblue,135,187,
lightskyblue,135,188,
lightskyblue,135,189,
lightskyblue,135,175,
lightskyblue,135,176,
lightskyblue,135,177,
lightskyblue,97,145,
lightskyblue,97,146,
lightskyblue,97,147,
lightskyblue,97,148,
lightskyblue,97,149,
lightskyblue,101,158,
lightskyblue,101,159,
lightskyblue,101,160,
lightskyblue,101,161,
lightskyblue,101,162,
lightskyblue,133,184,
lightskyblue,133,185,
lightskyblue,133,179,
lightskyblue,133,180,
lightskyblue,133,181,
lightskyblue,133,186,
lightskyblue,133,187,
lightskyblue,133,188,
lightskyblue,133,189,
lightskyblue,133,175,
lightskyblue,133,176,
lightskyblue,133,177,
lightskyblue,133,178,
lightskyblue,133,184,
lightskyblue,133,185,
lightskyblue,133,179,
lightskyblue,133,180,
lightskyblue,133,181,
lightskyblue,133,186,
lightskyblue,133,187,
lightskyblue,133,188,
lightskyblue,133,189,
lightskyblue,133,175,
lightskyblue,133,176,
lightskyblue,133,177,
lightskyblue,133,178,
lightskyblue,113,142,
lightskyblue,113,143,
lightskyblue,113,144,
lightskyblue,113,145,
lightskyblue,113,146,
lightskyblue,113,147,
lightskyblue,113,148,
lightskyblue,113,149,
lightskyblue,115,155,
lightskyblue,115,156,
lightskyblue,115,157,
lightskyblue,115,158,
lightskyblue,115,159,
lightskyblue,115,160,
lightskyblue,115,161,
lightskyblue,115,162,
lightskyblue,150,174,
lightskyblue,150,182,
lightskyblue,150,176,
lightskyblue,150,177,
lightskyblue,150,178,
lightskyblue,150,179,
lightskyblue,150,180,
lightskyblue,150,181,
lightskyblue,150,183,
lightskyblue,150,184,
lightskyblue,150,185,
lightskyblue,150,186,
lightskyblue,150,187,
lightskyblue,150,188,
lightskyblue,150,189,
lightskyblue,150,175,
lightskyblue,150,174,
lightskyblue,150,182,
lightskyblue,150,176,
lightskyblue,150,177,
lightskyblue,150,178,
lightskyblue,150,179,
lightskyblue,150,180,
lightskyblue,150,181,
lightskyblue,150,183,
lightskyblue,150,184,
lightskyblue,150,185,
lightskyblue,150,186,
lightskyblue,150,187,
lightskyblue,150,188,
lightskyblue,150,189,
lightskyblue,150,175,
lightskyblue,139,142,
lightskyblue,139,143,
lightskyblue,139,144,
lightskyblue,139,145,
lightskyblue,139,146,
lightskyblue,139,147,
lightskyblue,139,148,
lightskyblue,139,149,
lightskyblue,152,155,
lightskyblue,152,156,
lightskyblue,152,157,
lightskyblue,152,158,
lightskyblue,152,159,
lightskyblue,152,160,
lightskyblue,152,161,
lightskyblue,152,162,
lightskyblue,169,174,
lightskyblue,169,182,
lightskyblue,169,176,
lightskyblue,169,177,
lightskyblue,169,178,
lightskyblue,169,179,
lightskyblue,169,180,
lightskyblue,169,181,
lightskyblue,169,183,
lightskyblue,169,184,
lightskyblue,169,185,
lightskyblue,169,186,
lightskyblue,169,187,
lightskyblue,169,188,
lightskyblue,169,189,
lightskyblue,169,175,
lightskyblue,169,174,
lightskyblue,169,182,
lightskyblue,169,176,
lightskyblue,169,177,
lightskyblue,169,178,
lightskyblue,169,179,
lightskyblue,169,180,
lightskyblue,169,181,
lightskyblue,169,183,
lightskyblue,169,184,
lightskyblue,169,185,
lightskyblue,169,186,
lightskyblue,169,187,
lightskyblue,169,188,
lightskyblue,169,189,
lightskyblue,169,175,
lightskyblue,127,144,
lightskyblue,127,145,
lightskyblue,127,146,
lightskyblue,127,147,
lightskyblue,127,148,
lightskyblue,127,149,
lightskyblue,125,157,
lightskyblue,125,158,
lightskyblue,125,159,
lightskyblue,125,160,
lightskyblue,125,161,
lightskyblue,125,162,
lightskyblue,171,183,
lightskyblue,171,184,
lightskyblue,171,178,
lightskyblue,171,179,
lightskyblue,171,180,
lightskyblue,171,181,
lightskyblue,171,185,
lightskyblue,171,186,
lightskyblue,171,187,
lightskyblue,171,188,
lightskyblue,171,189,
lightskyblue,171,175,
lightskyblue,171,176,
lightskyblue,171,177,
lightskyblue,171,183,
lightskyblue,171,184,
lightskyblue,171,178,
lightskyblue,171,179,
lightskyblue,171,180,
lightskyblue,171,181,
lightskyblue,171,185,
lightskyblue,171,186,
lightskyblue,171,187,
lightskyblue,171,188,
lightskyblue,171,189,
lightskyblue,171,175,
lightskyblue,171,176,
lightskyblue,171,177,
lightskyblue,129,143,
lightskyblue,129,144,
lightskyblue,129,145,
lightskyblue,129,146,
lightskyblue,129,147,
lightskyblue,129,148,
lightskyblue,129,149,
lightskyblue,123,156,
lightskyblue,123,157,
lightskyblue,123,158,
lightskyblue,123,159,
lightskyblue,123,160,
lightskyblue,123,161,
lightskyblue,123,162,
lightskyblue,165,182,
lightskyblue,165,183,
lightskyblue,165,177,
lightskyblue,165,178,
lightskyblue,165,179,
lightskyblue,165,180,
lightskyblue,165,181,
lightskyblue,165,184,
lightskyblue,165,185,
lightskyblue,165,186,
lightskyblue,165,187,
lightskyblue,165,188,
lightskyblue,165,189,
lightskyblue,165,175,
lightskyblue,165,176,
lightskyblue,165,182,
lightskyblue,165,183,
lightskyblue,165,177,
lightskyblue,165,178,
lightskyblue,165,179,
lightskyblue,165,180,
lightskyblue,165,181,
lightskyblue,165,184,
lightskyblue,165,185,
lightskyblue,165,186,
lightskyblue,165,187,
lightskyblue,165,188,
lightskyblue,165,189,
lightskyblue,165,175,
lightskyblue,165,176,
lightskyblue,121,145,
lightskyblue,121,146,
lightskyblue,121,147,
lightskyblue,121,148,
lightskyblue,121,149,
lightskyblue,119,158,
lightskyblue,119,159,
lightskyblue,119,160,
lightskyblue,119,161,
lightskyblue,119,162,
lightskyblue,167,184,
lightskyblue,167,185,
lightskyblue,167,179,
lightskyblue,167,180,
lightskyblue,167,181,
lightskyblue,167,186,
lightskyblue,167,187,
lightskyblue,167,188,
lightskyblue,167,189,
lightskyblue,167,175,
lightskyblue,167,176,
lightskyblue,167,177,
lightskyblue,167,178,
lightskyblue,167,184,
lightskyblue,167,185,
lightskyblue,167,179,
lightskyblue,167,180,
lightskyblue,167,181,
lightskyblue,167,186,
lightskyblue,167,187,
lightskyblue,167,188,
lightskyblue,167,189,
lightskyblue,167,175,
lightskyblue,167,176,
lightskyblue,167,177,
lightskyblue,167,178,
