green,
green,
green,
green,
green,
green,
green,
green,
green,
green,
green,
green,
green,
green,
green,
green,
green,
green,
green,
green,
green,
green,
green,
green,
green,
green,
green,
green,
green,
green,
green,
green,
green,
green,
green,
green,
green,
green,
green,
green,
green,
green,
green,
green,
green,
green,
green,
green,
green,
green,
green,
green,
green,
green,
green,
green,
green,
green,
green,
green,
green,
green,
green,
green,
green,
green,
green,
green,
green,
green,
green,
green,
green,
green,
green,
green,
green,
green,
green,
green,
green,
green,
green,
green,
green,
green,
green,
green,
green,
green,
green,
gold,0,520,521,522,523,
gold,0,
gold,1,583,584,585,586,587,588,589,590,
gold,1,
gold,2,664,665,666,667,668,669,670,671,
gold,2,
gold,3,599,600,601,602,603,604,605,606,607,608,609,610,611,612,
gold,3,
gold,4,613,614,615,616,617,618,
gold,4,
gold,5,643,644,645,646,647,
gold,5,
gold,6,638,639,640,641,642,
gold,6,
gold,7,372,373,374,375,
gold,7,
gold,8,376,377,378,379,
gold,8,
gold,9,540,541,542,543,
gold,9,
gold,10,524,525,526,527,528,529,530,531,532,533,534,535,
gold,10,
gold,11,562,563,564,565,566,
gold,11,
gold,12,544,545,546,547,548,549,550,551,552,553,554,555,556,
gold,12,
gold,13,680,681,682,683,684,685,686,687,688,689,690,691,692,
gold,13,
gold,14,693,694,695,696,697,
gold,14,
gold,15,392,393,394,395,
gold,15,
gold,16,380,381,382,383,384,385,386,387,388,389,390,391,
gold,16,
gold,17,414,415,416,417,418,419,
gold,17,
gold,18,420,421,422,423,424,425,
gold,18,
gold,19,444,445,446,447,448,
gold,19,
gold,20,426,427,428,429,430,431,432,433,434,435,436,437,438,
gold,20,
gold,21,463,464,465,466,467,468,
gold,21,
gold,22,469,470,471,472,473,474,
gold,22,
gold,23,497,498,499,500,501,502,503,
gold,23,
gold,24,475,476,477,478,479,480,481,482,483,484,485,486,487,488,489,
gold,24,
gold,25,672,673,674,675,676,677,678,679,
gold,25,
gold,26,354,355,356,357,358,359,
gold,26,
gold,27,348,349,350,351,352,353,
gold,27,
gold,28,567,568,569,570,571,572,573,574,575,576,577,578,579,580,581,582,
gold,28,
gold,29,326,327,328,329,330,331,332,333,
gold,29,
gold,30,504,505,506,507,508,509,510,511,512,513,514,515,
gold,30,
gold,31,302,303,304,305,306,307,308,309,310,311,312,313,314,315,316,317,
gold,31,
gold,32,873,874,875,876,877,878,897,898,899,900,901,922,923,924,925,926,927,952,953,954,955,956,957,958,959,976,977,978,979,998,999,1000,1001,1002,1019,1020,1021,1022,1041,1042,1043,1044,1045,1135,1136,1137,1138,1139,1140,1275,1276,1277,1278,1279,1452,1453,1454,1455,1939,1940,1941,1942,1943,1944,1945,1946,1947,1948,1949,1950,
gold,32,396,397,398,399,1923,1924,1925,1926,
gold,33,822,823,824,825,843,844,845,846,847,916,917,918,919,920,921,1241,1242,1243,1244,1245,1246,1247,1248,1428,1429,1430,1431,1763,1895,1896,1897,1898,1899,1900,1901,1902,1903,1904,1905,1906,
gold,33,372,373,374,375,1887,1888,1889,1890,
gold,34,826,827,828,829,848,849,850,851,852,922,923,924,925,926,927,1249,1250,1251,1252,1253,1254,1255,1256,1432,1433,1434,1435,1764,1907,1908,1909,1910,1911,1912,1913,1914,1915,1916,1917,1918,
gold,34,376,377,378,379,1891,1892,1893,1894,
gold,35,867,868,869,870,871,872,892,893,894,895,896,916,917,918,919,920,921,944,945,946,947,948,949,950,951,972,973,974,975,993,994,995,996,997,1015,1016,1017,1018,1036,1037,1038,1039,1040,1129,1130,1131,1132,1133,1134,1270,1271,1272,1273,1274,1448,1449,1450,1451,1766,1927,1928,1929,1930,1931,1932,1933,1934,1935,1936,1937,1938,
gold,35,392,393,394,395,1919,1920,1921,1922,
gold,36,768,769,770,771,772,822,823,824,825,843,844,845,846,847,972,973,974,975,1059,1060,1061,1062,1063,1082,1083,1084,1085,1086,1129,1130,1131,1132,1133,1134,1316,1317,1318,1319,1320,1321,1322,1323,1346,1347,1348,1349,1350,1351,1495,1496,1497,1498,1499,2001,2002,2003,2004,2005,2006,2007,2008,2009,2010,2011,2012,2013,
gold,36,439,440,441,442,443,1991,1992,1993,1994,1995,
gold,37,773,774,775,776,777,826,827,828,829,848,849,850,851,852,976,977,978,979,1064,1065,1066,1067,1068,1087,1088,1089,1090,1091,1135,1136,1137,1138,1139,1140,1324,1325,1326,1327,1328,1329,1330,1331,1352,1353,1354,1355,1356,1357,1500,1501,1502,1503,1504,1770,2014,2015,2016,2017,2018,2019,2020,2021,2022,2023,2024,2025,2026,
gold,37,444,445,446,447,448,1996,1997,1998,1999,2000,
gold,38,747,748,749,750,944,945,946,947,948,949,950,951,1036,1037,1038,1039,1040,1059,1060,1061,1062,1063,1082,1083,1084,1085,1086,1105,1106,1107,1108,1109,1292,1293,1294,1295,1470,1471,1472,1473,1474,1475,1767,1963,1964,1965,1966,1967,1968,1969,1970,1971,1972,1973,1974,1975,1976,
gold,38,414,415,416,417,418,419,1951,1952,1953,1954,1955,1956,
gold,39,751,752,753,754,952,953,954,955,956,957,958,959,1041,1042,1043,1044,1045,1064,1065,1066,1067,1068,1087,1088,1089,1090,1091,1110,1111,1112,1113,1114,1296,1297,1298,1299,1476,1477,1478,1479,1480,1481,1768,1977,1978,1979,1980,1981,1982,1983,1984,1985,1986,1987,1988,1989,1990,
gold,39,420,421,422,423,424,425,1957,1958,1959,1960,1961,1962,
gold,40,993,994,995,996,997,1105,1106,1107,1108,1109,1157,1158,1159,1160,1161,1162,1163,1164,1185,1186,1187,1188,1209,1210,1211,1212,1213,1214,1215,1216,1241,1242,1243,1244,1245,1246,1247,1248,1270,1271,1272,1273,1274,1292,1293,1294,1295,1316,1317,1318,1319,1320,1321,1322,1323,1519,1520,1521,1522,1523,1524,1771,2039,2040,2041,2042,2043,2044,2045,2046,2047,2048,2049,2050,2051,2052,
gold,40,463,464,465,466,467,468,2027,2028,2029,2030,2031,2032,
gold,41,998,999,1000,1001,1002,1110,1111,1112,1113,1114,1165,1166,1167,1168,1169,1170,1171,1172,1189,1190,1191,1192,1217,1218,1219,1220,1221,1222,1223,1224,1249,1250,1251,1252,1253,1254,1255,1256,1275,1276,1277,1278,1279,1296,1297,1298,1299,1324,1325,1326,1327,1328,1329,1330,1331,1525,1526,1527,1528,1529,1530,1772,2053,2054,2055,2056,2057,2058,2059,2060,2061,2062,2063,2064,2065,2066,
gold,41,469,470,471,472,473,474,2033,2034,2035,2036,2037,2038,
gold,42,727,728,729,730,731,732,733,734,897,898,899,900,901,1189,1190,1191,1192,1217,1218,1219,1220,1221,1222,1223,1224,1410,1411,1412,1413,1414,1415,1762,1873,1874,1875,1876,1877,1878,1879,1880,1881,1882,1883,1884,1885,1886,
gold,42,354,355,356,357,358,359,1853,1854,1855,1856,1857,1858,
gold,43,719,720,721,722,723,724,725,726,892,893,894,895,896,1185,1186,1187,1188,1209,1210,1211,1212,1213,1214,1215,1216,1404,1405,1406,1407,1408,1409,1761,1859,1860,1861,1862,1863,1864,1865,1866,1867,1868,1869,1870,1871,1872,
gold,43,348,349,350,351,352,353,1847,1848,1849,1850,1851,1852,
gold,44,794,795,796,797,798,799,800,801,1015,1016,1017,1018,1346,1347,1348,1349,1350,1351,1546,1547,1548,1549,1550,1551,1552,2081,2082,2083,2084,2085,2086,2087,2088,2089,2090,2091,2092,2093,2094,2095,
gold,44,490,491,492,493,494,495,496,2067,2068,2069,2070,2071,2072,2073,
gold,45,802,803,804,805,806,807,808,809,1019,1020,1021,1022,1352,1353,1354,1355,1356,1357,1553,1554,1555,1556,1557,1558,1559,1774,2096,2097,2098,2099,2100,2101,2102,2103,2104,2105,2106,2107,2108,2109,2110,
gold,45,497,498,499,500,501,502,503,2074,2075,2076,2077,2078,2079,2080,
gold,46,1596,1597,1598,1599,1780,2163,2164,2165,2166,2167,2168,2169,2170,2171,2172,2173,2174,
gold,46,540,541,542,543,1019,1020,1021,1022,1296,1297,1298,1299,2147,2148,2149,2150,
gold,47,1592,1593,1594,1595,1779,2151,2152,2153,2154,2155,2156,2157,2158,2159,2160,2161,2162,
gold,47,536,537,538,539,1015,1016,1017,1018,1292,1293,1294,1295,2143,2144,2145,2146,
gold,48,1618,1619,1620,1621,1622,1783,2198,2199,2200,2201,2202,2203,2204,2205,2206,2207,2208,2209,2210,
gold,48,562,563,564,565,566,1041,1042,1043,1044,1045,1064,1065,1066,1067,1068,2180,2181,2182,2183,2184,
gold,49,719,720,721,722,723,724,725,726,747,748,749,750,768,769,770,771,772,794,795,796,797,798,799,800,801,867,868,869,870,871,872,1157,1158,1159,1160,1161,1162,1163,1164,1374,1375,1376,1377,1378,1379,1380,1381,1815,1816,1817,1818,1819,1820,1821,1822,1823,1824,1825,1826,1827,1828,1829,1830,
gold,49,318,319,320,321,322,323,324,325,1799,1800,1801,1802,1803,1804,1805,1806,
gold,50,727,728,729,730,731,732,733,734,751,752,753,754,773,774,775,776,777,802,803,804,805,806,807,808,809,873,874,875,876,877,878,1165,1166,1167,1168,1169,1170,1171,1172,1382,1383,1384,1385,1386,1387,1388,1389,1760,1831,1832,1833,1834,1835,1836,1837,1838,1839,1840,1841,1842,1843,1844,1845,1846,
gold,50,326,327,328,329,330,331,332,333,1807,1808,1809,1810,1811,1812,1813,1814,
gold,51,1576,1577,1578,1579,1777,2131,2132,2133,2134,2135,2136,2137,2138,2139,2140,2141,2142,
gold,51,520,521,522,523,751,752,753,754,826,827,828,829,976,977,978,979,1189,1190,1191,1192,2115,2116,2117,2118,
gold,52,1613,1614,1615,1616,1617,1782,2185,2186,2187,2188,2189,2190,2191,2192,2193,2194,2195,2196,2197,
gold,52,557,558,559,560,561,1036,1037,1038,1039,1040,1059,1060,1061,1062,1063,2175,2176,2177,2178,2179,
gold,53,1694,1695,1696,1697,1698,1791,2309,2310,2311,2312,2313,2314,2315,2316,2317,2318,2319,2320,2321,
gold,53,638,639,640,641,642,843,844,845,846,847,1082,1083,1084,1085,1086,1105,1106,1107,1108,1109,2299,2300,2301,2302,2303,
gold,54,1699,1700,1701,1702,1703,1792,2322,2323,2324,2325,2326,2327,2328,2329,2330,2331,2332,2333,2334,
gold,54,643,644,645,646,647,848,849,850,851,852,1087,1088,1089,1090,1091,1110,1111,1112,1113,1114,2304,2305,2306,2307,2308,
gold,55,1572,1573,1574,1575,1776,2119,2120,2121,2122,2123,2124,2125,2126,2127,2128,2129,2130,
gold,55,516,517,518,519,747,748,749,750,822,823,824,825,972,973,974,975,1185,1186,1187,1188,2111,2112,2113,2114,
gold,56,1749,1750,1751,1752,1753,1797,2393,2394,2395,2396,2397,2398,2399,2400,2401,2402,2403,2404,2405,
gold,56,693,694,695,696,697,768,769,770,771,772,892,893,894,895,896,993,994,995,996,997,1270,1271,1272,1273,1274,2383,2384,2385,2386,2387,
gold,57,1754,1755,1756,1757,1758,1798,2406,2407,2408,2409,2410,2411,2412,2413,2414,2415,2416,2417,2418,
gold,57,698,699,700,701,702,773,774,775,776,777,897,898,899,900,901,998,999,1000,1001,1002,1275,1276,1277,1278,1279,2388,2389,2390,2391,2392,
gold,58,810,811,812,813,814,815,816,817,818,819,820,821,830,831,832,833,834,835,836,837,838,839,840,841,842,902,903,904,905,906,907,908,909,910,911,912,913,914,915,1225,1226,1227,1228,1229,1230,1231,1232,1233,1234,1235,1236,1237,1238,1239,1240,1416,1417,1418,1419,1420,1421,1422,1423,1424,1425,1426,1427,1887,1888,1889,1890,1891,1892,1893,1894,
gold,58,360,361,362,363,364,365,366,367,368,369,370,371,1895,1896,1897,1898,1899,1900,1901,1902,1903,1904,1905,1906,1907,1908,1909,1910,1911,1912,1913,1914,1915,1916,1917,1918,
gold,59,853,854,855,856,857,858,859,860,861,862,863,864,865,866,879,880,881,882,883,884,885,886,887,888,889,890,891,902,903,904,905,906,907,908,909,910,911,912,913,914,915,928,929,930,931,932,933,934,935,936,937,938,939,940,941,942,943,960,961,962,963,964,965,966,967,968,969,970,971,980,981,982,983,984,985,986,987,988,989,990,991,992,1003,1004,1005,1006,1007,1008,1009,1010,1011,1012,1013,1014,1023,1024,1025,1026,1027,1028,1029,1030,1031,1032,1033,1034,1035,1115,1116,1117,1118,1119,1120,1121,1122,1123,1124,1125,1126,1127,1128,1257,1258,1259,1260,1261,1262,1263,1264,1265,1266,1267,1268,1269,1436,1437,1438,1439,1440,1441,1442,1443,1444,1445,1446,1447,1765,1919,1920,1921,1922,1923,1924,1925,1926,
gold,59,380,381,382,383,384,385,386,387,388,389,390,391,1927,1928,1929,1930,1931,1932,1933,1934,1935,1936,1937,1938,1939,1940,1941,1942,1943,1944,1945,1946,1947,1948,1949,1950,
gold,60,1669,1670,1671,1672,1673,1674,1788,2271,2272,2273,2274,2275,2276,2277,2278,2279,2280,2281,2282,2283,2284,
gold,60,613,614,615,616,617,618,867,868,869,870,871,872,916,917,918,919,920,921,1129,1130,1131,1132,1133,1134,1346,1347,1348,1349,1350,1351,2259,2260,2261,2262,2263,2264,
gold,61,1720,1721,1722,1723,1724,1725,1726,1727,1794,2351,2352,2353,2354,2355,2356,2357,2358,2359,2360,2361,2362,2363,2364,2365,2366,
gold,61,664,665,666,667,668,669,670,671,719,720,721,722,723,724,725,726,794,795,796,797,798,799,800,801,2335,2336,2337,2338,2339,2340,2341,2342,
gold,62,1728,1729,1730,1731,1732,1733,1734,1735,1795,2367,2368,2369,2370,2371,2372,2373,2374,2375,2376,2377,2378,2379,2380,2381,2382,
gold,62,672,673,674,675,676,677,678,679,727,728,729,730,731,732,733,734,802,803,804,805,806,807,808,809,2343,2344,2345,2346,2347,2348,2349,2350,
gold,63,755,756,757,758,759,760,761,762,763,764,765,766,767,810,811,812,813,814,815,816,817,818,819,820,821,830,831,832,833,834,835,836,837,838,839,840,841,842,960,961,962,963,964,965,966,967,968,969,970,971,1046,1047,1048,1049,1050,1051,1052,1053,1054,1055,1056,1057,1058,1069,1070,1071,1072,1073,1074,1075,1076,1077,1078,1079,1080,1081,1115,1116,1117,1118,1119,1120,1121,1122,1123,1124,1125,1126,1127,1128,1300,1301,1302,1303,1304,1305,1306,1307,1308,1309,1310,1311,1312,1313,1314,1315,1332,1333,1334,1335,1336,1337,1338,1339,1340,1341,1342,1343,1344,1345,1482,1483,1484,1485,1486,1487,1488,1489,1490,1491,1492,1493,1494,1769,1991,1992,1993,1994,1995,1996,1997,1998,1999,2000,
gold,63,426,427,428,429,430,431,432,433,434,435,436,437,438,2001,2002,2003,2004,2005,2006,2007,2008,2009,2010,2011,2012,2013,2014,2015,2016,2017,2018,2019,2020,2021,2022,2023,2024,2025,2026,
gold,64,1675,1676,1677,1678,1679,1680,1789,2285,2286,2287,2288,2289,2290,2291,2292,2293,2294,2295,2296,2297,2298,
gold,64,619,620,621,622,623,624,873,874,875,876,877,878,922,923,924,925,926,927,1135,1136,1137,1138,1139,1140,1352,1353,1354,1355,1356,1357,2265,2266,2267,2268,2269,2270,
gold,65,735,736,737,738,739,740,741,742,743,744,745,746,928,929,930,931,932,933,934,935,936,937,938,939,940,941,942,943,1023,1024,1025,1026,1027,1028,1029,1030,1031,1032,1033,1034,1035,1046,1047,1048,1049,1050,1051,1052,1053,1054,1055,1056,1057,1058,1069,1070,1071,1072,1073,1074,1075,1076,1077,1078,1079,1080,1081,1092,1093,1094,1095,1096,1097,1098,1099,1100,1101,1102,1103,1104,1280,1281,1282,1283,1284,1285,1286,1287,1288,1289,1290,1291,1456,1457,1458,1459,1460,1461,1462,1463,1464,1465,1466,1467,1468,1469,1951,1952,1953,1954,1955,1956,1957,1958,1959,1960,1961,1962,
gold,65,400,401,402,403,404,405,406,407,408,409,410,411,412,413,1963,1964,1965,1966,1967,1968,1969,1970,1971,1972,1973,1974,1975,1976,1977,1978,1979,1980,1981,1982,1983,1984,1985,1986,1987,1988,1989,1990,
gold,66,980,981,982,983,984,985,986,987,988,989,990,991,992,1092,1093,1094,1095,1096,1097,1098,1099,1100,1101,1102,1103,1104,1141,1142,1143,1144,1145,1146,1147,1148,1149,1150,1151,1152,1153,1154,1155,1156,1173,1174,1175,1176,1177,1178,1179,1180,1181,1182,1183,1184,1193,1194,1195,1196,1197,1198,1199,1200,1201,1202,1203,1204,1205,1206,1207,1208,1225,1226,1227,1228,1229,1230,1231,1232,1233,1234,1235,1236,1237,1238,1239,1240,1257,1258,1259,1260,1261,1262,1263,1264,1265,1266,1267,1268,1269,1280,1281,1282,1283,1284,1285,1286,1287,1288,1289,1290,1291,1300,1301,1302,1303,1304,1305,1306,1307,1308,1309,1310,1311,1312,1313,1314,1315,1505,1506,1507,1508,1509,1510,1511,1512,1513,1514,1515,1516,1517,1518,2027,2028,2029,2030,2031,2032,2033,2034,2035,2036,2037,2038,
gold,66,449,450,451,452,453,454,455,456,457,458,459,460,461,462,2039,2040,2041,2042,2043,2044,2045,2046,2047,2048,2049,2050,2051,2052,2053,2054,2055,2056,2057,2058,2059,2060,2061,2062,2063,2064,2065,2066,
gold,67,703,704,705,706,707,708,709,710,711,712,713,714,715,716,717,718,879,880,881,882,883,884,885,886,887,888,889,890,891,1173,1174,1175,1176,1177,1178,1179,1180,1181,1182,1183,1184,1193,1194,1195,1196,1197,1198,1199,1200,1201,1202,1203,1204,1205,1206,1207,1208,1390,1391,1392,1393,1394,1395,1396,1397,1398,1399,1400,1401,1402,1403,1847,1848,1849,1850,1851,1852,1853,1854,1855,1856,1857,1858,
gold,67,334,335,336,337,338,339,340,341,342,343,344,345,346,347,1859,1860,1861,1862,1863,1864,1865,1866,1867,1868,1869,1870,1871,1872,1873,1874,1875,1876,1877,1878,1879,1880,1881,1882,1883,1884,1885,1886,
gold,68,778,779,780,781,782,783,784,785,786,787,788,789,790,791,792,793,1003,1004,1005,1006,1007,1008,1009,1010,1011,1012,1013,1014,1332,1333,1334,1335,1336,1337,1338,1339,1340,1341,1342,1343,1344,1345,1531,1532,1533,1534,1535,1536,1537,1538,1539,1540,1541,1542,1543,1544,1545,1773,2067,2068,2069,2070,2071,2072,2073,2074,2075,2076,2077,2078,2079,2080,
gold,68,475,476,477,478,479,480,481,482,483,484,485,486,487,488,489,2081,2082,2083,2084,2085,2086,2087,2088,2089,2090,2091,2092,2093,2094,2095,2096,2097,2098,2099,2100,2101,2102,2103,2104,2105,2106,2107,2108,2109,2110,
gold,69,703,704,705,706,707,708,709,710,711,712,713,714,715,716,717,718,735,736,737,738,739,740,741,742,743,744,745,746,755,756,757,758,759,760,761,762,763,764,765,766,767,778,779,780,781,782,783,784,785,786,787,788,789,790,791,792,793,853,854,855,856,857,858,859,860,861,862,863,864,865,866,1141,1142,1143,1144,1145,1146,1147,1148,1149,1150,1151,1152,1153,1154,1155,1156,1358,1359,1360,1361,1362,1363,1364,1365,1366,1367,1368,1369,1370,1371,1372,1373,1759,1799,1800,1801,1802,1803,1804,1805,1806,1807,1808,1809,1810,1811,1812,1813,1814,
gold,69,302,303,304,305,306,307,308,309,310,311,312,313,314,315,316,317,1815,1816,1817,1818,1819,1820,1821,1822,1823,1824,1825,1826,1827,1828,1829,1830,1831,1832,1833,1834,1835,1836,1837,1838,1839,1840,1841,1842,1843,1844,1845,1846,
gold,70,1639,1640,1641,1642,1643,1644,1645,1646,1785,2227,2228,2229,2230,2231,2232,2233,2234,2235,2236,2237,2238,2239,2240,2241,2242,
gold,70,583,584,585,586,587,588,589,590,944,945,946,947,948,949,950,951,1157,1158,1159,1160,1161,1162,1163,1164,1209,1210,1211,1212,1213,1214,1215,1216,1241,1242,1243,1244,1245,1246,1247,1248,1316,1317,1318,1319,1320,1321,1322,1323,2211,2212,2213,2214,2215,2216,2217,2218,
gold,71,318,348,372,392,414,439,463,490,516,536,557,583,613,638,664,693,719,747,768,794,822,843,867,892,916,944,972,993,1015,1036,1059,1082,1105,1129,1157,1185,1209,1241,1270,1292,1316,1346,1799,1847,1887,1919,1951,1991,2027,2067,2111,2143,2175,2211,2259,2299,2335,2383,
gold,71,319,349,373,393,415,440,464,491,517,537,558,584,614,639,665,694,720,748,769,795,823,844,868,893,917,945,973,994,1016,1037,1060,1083,1106,1130,1158,1186,1210,1242,1271,1293,1317,1347,1374,1639,1720,1800,1848,1888,1920,1952,1992,2028,2068,2112,2144,2176,2212,2260,2300,2336,2384,
gold,71,320,350,374,394,416,441,465,492,518,538,559,585,615,640,666,695,721,749,770,796,824,845,869,894,918,946,974,995,1017,1038,1061,1084,1107,1131,1159,1187,1211,1243,1272,1294,1318,1348,1375,1546,1640,1721,1801,1849,1889,1921,1953,1993,2029,2069,2113,2145,2177,2213,2261,2301,2337,2385,
gold,71,321,351,375,395,417,442,466,493,519,539,560,586,616,641,667,696,722,750,771,797,825,846,870,895,919,947,975,996,1018,1039,1062,1085,1108,1132,1160,1188,1212,1244,1273,1295,1319,1349,1376,1404,1470,1519,1547,1641,1669,1722,1802,1850,1890,1922,1954,1994,2030,2070,2114,2146,2178,2214,2262,2302,2338,2386,
gold,71,322,352,418,443,467,494,561,587,617,642,668,697,723,772,798,847,871,896,920,948,997,1040,1063,1086,1109,1133,1161,1213,1245,1274,1320,1350,1377,1405,1471,1495,1520,1548,1613,1642,1670,1694,1723,1749,1803,1851,1955,1995,2031,2071,2179,2215,2263,2303,2339,2387,
gold,71,323,353,419,468,495,588,618,669,724,799,872,921,949,1134,1162,1214,1246,1321,1351,1378,1406,1428,1448,1472,1496,1521,1549,1572,1592,1614,1643,1671,1695,1724,1750,1804,1852,1956,2032,2072,2216,2264,2340,
gold,71,324,496,589,670,725,800,950,1163,1215,1247,1322,1379,1407,1429,1449,1473,1497,1522,1550,1573,1593,1615,1644,1672,1696,1725,1751,1805,2073,2217,2341,
gold,71,325,590,671,726,801,951,1164,1216,1248,1323,1380,1408,1430,1450,1474,1498,1523,1551,1574,1594,1616,1645,1673,1697,1726,1752,1806,2218,2342,
gold,71,1381,1409,1431,1451,1475,1499,1524,1552,1575,1595,1617,1646,1674,1698,1727,1753,
gold,72,1580,1581,1582,1583,1584,1585,1586,1587,1588,1589,1590,1591,1778,2143,2144,2145,2146,2147,2148,2149,2150,
gold,72,524,525,526,527,528,529,530,531,532,533,534,535,1003,1004,1005,1006,1007,1008,1009,1010,1011,1012,1013,1014,1280,1281,1282,1283,1284,1285,1286,1287,1288,1289,1290,1291,2151,2152,2153,2154,2155,2156,2157,2158,2159,2160,2161,2162,2163,2164,2165,2166,2167,2168,2169,2170,2171,2172,2173,2174,
gold,73,1600,1601,1602,1603,1604,1605,1606,1607,1608,1609,1610,1611,1612,1781,2175,2176,2177,2178,2179,2180,2181,2182,2183,2184,
gold,73,544,545,546,547,548,549,550,551,552,553,554,555,556,1023,1024,1025,1026,1027,1028,1029,1030,1031,1032,1033,1034,1035,1046,1047,1048,1049,1050,1051,1052,1053,1054,1055,1056,1057,1058,2185,2186,2187,2188,2189,2190,2191,2192,2193,2194,2195,2196,2197,2198,2199,2200,2201,2202,2203,2204,2205,2206,2207,2208,2209,2210,
gold,74,1647,1648,1649,1650,1651,1652,1653,1654,1786,2243,2244,2245,2246,2247,2248,2249,2250,2251,2252,2253,2254,2255,2256,2257,2258,
gold,74,591,592,593,594,595,596,597,598,952,953,954,955,956,957,958,959,1165,1166,1167,1168,1169,1170,1171,1172,1217,1218,1219,1220,1221,1222,1223,1224,1249,1250,1251,1252,1253,1254,1255,1256,1324,1325,1326,1327,1328,1329,1330,1331,2219,2220,2221,2222,2223,2224,2225,2226,
gold,75,326,354,376,396,420,444,469,497,520,540,562,591,619,643,672,698,727,751,773,802,826,848,873,897,922,952,976,998,1019,1041,1064,1087,1110,1135,1165,1189,1217,1249,1275,1296,1324,1352,1807,1853,1891,1923,1957,1996,2033,2074,2115,2147,2180,2219,2265,2304,2343,2388,
gold,75,327,355,377,397,421,445,470,498,521,541,563,592,620,644,673,699,728,752,774,803,827,849,874,898,923,953,977,999,1020,1042,1065,1088,1111,1136,1166,1190,1218,1250,1276,1297,1325,1353,1382,1647,1728,1808,1854,1892,1924,1958,1997,2034,2075,2116,2148,2181,2220,2266,2305,2344,2389,
gold,75,328,356,378,398,422,446,471,499,522,542,564,593,621,645,674,700,729,753,775,804,828,850,875,899,924,954,978,1000,1021,1043,1066,1089,1112,1137,1167,1191,1219,1251,1277,1298,1326,1354,1383,1553,1648,1729,1809,1855,1893,1925,1959,1998,2035,2076,2117,2149,2182,2221,2267,2306,2345,2390,
gold,75,329,357,379,399,423,447,472,500,523,543,565,594,622,646,675,701,730,754,776,805,829,851,876,900,925,955,979,1001,1022,1044,1067,1090,1113,1138,1168,1192,1220,1252,1278,1299,1327,1355,1384,1410,1476,1525,1554,1649,1675,1730,1810,1856,1894,1926,1960,1999,2036,2077,2118,2150,2183,2222,2268,2307,2346,2391,
gold,75,330,358,424,448,473,501,566,595,623,647,676,702,731,777,806,852,877,901,926,956,1002,1045,1068,1091,1114,1139,1169,1221,1253,1279,1328,1356,1385,1411,1477,1500,1526,1555,1618,1650,1676,1699,1731,1754,1811,1857,1961,2000,2037,2078,2184,2223,2269,2308,2347,2392,
gold,75,331,359,425,474,502,596,624,677,732,807,878,927,957,1140,1170,1222,1254,1329,1357,1386,1412,1432,1452,1478,1501,1527,1556,1576,1596,1619,1651,1677,1700,1732,1755,1812,1858,1962,2038,2079,2224,2270,2348,
gold,75,332,503,597,678,733,808,958,1171,1223,1255,1330,1387,1413,1433,1453,1479,1502,1528,1557,1577,1597,1620,1652,1678,1701,1733,1756,1813,2080,2225,2349,
gold,75,333,598,679,734,809,959,1172,1224,1256,1331,1388,1414,1434,1454,1480,1503,1529,1558,1578,1598,1621,1653,1679,1702,1734,1757,1814,2226,2350,
gold,75,1389,1415,1435,1455,1481,1504,1530,1559,1579,1599,1622,1654,1680,1703,1735,1758,
gold,76,1560,1561,1562,1563,1564,1565,1566,1567,1568,1569,1570,1571,1775,2111,2112,2113,2114,2115,2116,2117,2118,
gold,76,504,505,506,507,508,509,510,511,512,513,514,515,735,736,737,738,739,740,741,742,743,744,745,746,810,811,812,813,814,815,816,817,818,819,820,821,960,961,962,963,964,965,966,967,968,969,970,971,1173,1174,1175,1176,1177,1178,1179,1180,1181,1182,1183,1184,2119,2120,2121,2122,2123,2124,2125,2126,2127,2128,2129,2130,2131,2132,2133,2134,2135,2136,2137,2138,2139,2140,2141,2142,
gold,77,1681,1682,1683,1684,1685,1686,1687,1688,1689,1690,1691,1692,1693,1790,2299,2300,2301,2302,2303,2304,2305,2306,2307,2308,
gold,77,625,626,627,628,629,630,631,632,633,634,635,636,637,830,831,832,833,834,835,836,837,838,839,840,841,842,1069,1070,1071,1072,1073,1074,1075,1076,1077,1078,1079,1080,1081,1092,1093,1094,1095,1096,1097,1098,1099,1100,1101,1102,1103,1104,2309,2310,2311,2312,2313,2314,2315,2316,2317,2318,2319,2320,2321,2322,2323,2324,2325,2326,2327,2328,2329,2330,2331,2332,2333,2334,
gold,78,1736,1737,1738,1739,1740,1741,1742,1743,1744,1745,1746,1747,1748,1796,2383,2384,2385,2386,2387,2388,2389,2390,2391,2392,
gold,78,680,681,682,683,684,685,686,687,688,689,690,691,692,755,756,757,758,759,760,761,762,763,764,765,766,767,879,880,881,882,883,884,885,886,887,888,889,890,891,980,981,982,983,984,985,986,987,988,989,990,991,992,1257,1258,1259,1260,1261,1262,1263,1264,1265,1266,1267,1268,1269,2393,2394,2395,2396,2397,2398,2399,2400,2401,2402,2403,2404,2405,2406,2407,2408,2409,2410,2411,2412,2413,2414,2415,2416,2417,2418,
gold,79,1655,1656,1657,1658,1659,1660,1661,1662,1663,1664,1665,1666,1667,1668,1787,2259,2260,2261,2262,2263,2264,2265,2266,2267,2268,2269,2270,
gold,79,599,600,601,602,603,604,605,606,607,608,609,610,611,612,853,854,855,856,857,858,859,860,861,862,863,864,865,866,902,903,904,905,906,907,908,909,910,911,912,913,914,915,1115,1116,1117,1118,1119,1120,1121,1122,1123,1124,1125,1126,1127,1128,1332,1333,1334,1335,1336,1337,1338,1339,1340,1341,1342,1343,1344,1345,2271,2272,2273,2274,2275,2276,2277,2278,2279,2280,2281,2282,2283,2284,2285,2286,2287,2288,2289,2290,2291,2292,2293,2294,2295,2296,2297,2298,
gold,80,1704,1705,1706,1707,1708,1709,1710,1711,1712,1713,1714,1715,1716,1717,1718,1719,1793,2335,2336,2337,2338,2339,2340,2341,2342,2343,2344,2345,2346,2347,2348,2349,2350,
gold,80,648,649,650,651,652,653,654,655,656,657,658,659,660,661,662,663,703,704,705,706,707,708,709,710,711,712,713,714,715,716,717,718,778,779,780,781,782,783,784,785,786,787,788,789,790,791,792,793,2351,2352,2353,2354,2355,2356,2357,2358,2359,2360,2361,2362,2363,2364,2365,2366,2367,2368,2369,2370,2371,2372,2373,2374,2375,2376,2377,2378,2379,2380,2381,2382,
gold,81,1623,1624,1625,1626,1627,1628,1629,1630,1631,1632,1633,1634,1635,1636,1637,1638,1784,2211,2212,2213,2214,2215,2216,2217,2218,2219,2220,2221,2222,2223,2224,2225,2226,
gold,81,567,568,569,570,571,572,573,574,575,576,577,578,579,580,581,582,928,929,930,931,932,933,934,935,936,937,938,939,940,941,942,943,1141,1142,1143,1144,1145,1146,1147,1148,1149,1150,1151,1152,1153,1154,1155,1156,1193,1194,1195,1196,1197,1198,1199,1200,1201,1202,1203,1204,1205,1206,1207,1208,1225,1226,1227,1228,1229,1230,1231,1232,1233,1234,1235,1236,1237,1238,1239,1240,1300,1301,1302,1303,1304,1305,1306,1307,1308,1309,1310,1311,1312,1313,1314,1315,2227,2228,2229,2230,2231,2232,2233,2234,2235,2236,2237,2238,2239,2240,2241,2242,2243,2244,2245,2246,2247,2248,2249,2250,2251,2252,2253,2254,2255,2256,2257,2258,
gold,82,302,334,360,380,400,426,449,475,504,524,544,567,599,625,648,680,703,735,755,778,810,830,853,879,902,928,960,980,1003,1023,1046,1069,1092,1115,1141,1173,1193,1225,1257,1280,1300,1332,1815,1831,1859,1873,1895,1907,1927,1939,1963,1977,2001,2014,2039,2053,2081,2096,2119,2131,2151,2163,2185,2198,2227,2243,2271,2285,2309,2322,2351,2367,2393,2406,
gold,82,303,335,361,381,401,427,450,476,505,525,545,568,600,626,649,681,704,736,756,779,811,831,854,880,903,929,961,981,1004,1024,1047,1070,1093,1116,1142,1174,1194,1226,1258,1281,1301,1333,1358,1623,1704,1816,1832,1860,1874,1896,1908,1928,1940,1964,1978,2002,2015,2040,2054,2082,2097,2120,2132,2152,2164,2186,2199,2228,2244,2272,2286,2310,2323,2352,2368,2394,2407,
gold,82,304,336,362,382,402,428,451,477,506,526,546,569,601,627,650,682,705,737,757,780,812,832,855,881,904,930,962,982,1005,1025,1048,1071,1094,1117,1143,1175,1195,1227,1259,1282,1302,1334,1359,1390,1416,1436,1456,1482,1505,1531,1560,1580,1600,1624,1655,1681,1705,1736,1817,1833,1861,1875,1897,1909,1929,1941,1965,1979,2003,2016,2041,2055,2083,2098,2121,2133,2153,2165,2187,2200,2229,2245,2273,2287,2311,2324,2353,2369,2395,2408,
gold,82,305,337,363,383,403,429,452,478,507,527,547,570,602,628,651,683,706,738,758,781,813,833,856,882,905,931,963,983,1006,1026,1049,1072,1095,1118,1144,1176,1196,1228,1260,1283,1303,1335,1360,1391,1417,1437,1457,1483,1506,1532,1561,1581,1601,1625,1656,1682,1706,1737,1818,1834,1862,1876,1898,1910,1930,1942,1966,1980,2004,2017,2042,2056,2084,2099,2122,2134,2154,2166,2188,2201,2230,2246,2274,2288,2312,2325,2354,2370,2396,2409,
gold,82,306,338,404,430,453,479,548,571,603,629,652,684,707,759,782,834,857,883,906,932,984,1027,1050,1073,1096,1119,1145,1197,1229,1261,1304,1336,1361,1392,1418,1438,1458,1484,1507,1533,1562,1582,1602,1626,1657,1683,1707,1738,1819,1835,1863,1877,1967,1981,2005,2018,2043,2057,2085,2100,2189,2202,2231,2247,2275,2289,2313,2326,2355,2371,2397,2410,
gold,82,307,339,405,454,480,572,604,653,708,783,858,907,933,1120,1146,1198,1230,1305,1337,1362,1393,1419,1439,1459,1485,1508,1534,1563,1583,1603,1627,1658,1684,1708,1739,1820,1836,1864,1878,1968,1982,2044,2058,2086,2101,2232,2248,2276,2290,2356,2372,
gold,82,308,481,573,654,709,784,934,1147,1199,1231,1306,1363,1394,1420,1440,1460,1486,1509,1535,1564,1584,1604,1628,1659,1685,1709,1740,1821,1837,2087,2102,2233,2249,2357,2373,
gold,82,309,574,655,710,785,935,1148,1200,1232,1307,1364,1395,1421,1441,1461,1487,1510,1536,1565,1585,1605,1629,1660,1686,1710,1741,1822,1838,2234,2250,2358,2374,
gold,82,1365,1396,1422,1442,1462,1488,1511,1537,1566,1586,1606,1630,1661,1687,1711,1742,
gold,82,310,340,364,384,406,431,455,482,508,528,549,575,605,630,656,685,711,739,760,786,814,835,859,884,908,936,964,985,1007,1028,1051,1074,1097,1121,1149,1177,1201,1233,1262,1284,1308,1338,1366,1538,1631,1712,1823,1839,1865,1879,1899,1911,1931,1943,1969,1983,2006,2019,2045,2059,2088,2103,2123,2135,2155,2167,2190,2203,2235,2251,2277,2291,2314,2327,2359,2375,2398,2411,
gold,82,311,341,365,385,407,432,456,483,509,529,550,576,606,631,657,686,712,740,761,787,815,836,860,885,909,937,965,986,1008,1029,1052,1075,1098,1122,1150,1178,1202,1234,1263,1285,1309,1339,1367,1397,1463,1512,1539,1632,1662,1713,1824,1840,1866,1880,1900,1912,1932,1944,1970,1984,2007,2020,2046,2060,2089,2104,2124,2136,2156,2168,2191,2204,2236,2252,2278,2292,2315,2328,2360,2376,2399,2412,
gold,82,312,342,366,386,408,433,457,484,510,530,551,577,607,632,658,687,713,741,762,788,816,837,861,886,910,938,966,987,1009,1030,1053,1076,1099,1123,1151,1179,1203,1235,1264,1286,1310,1340,1368,1398,1464,1489,1513,1540,1607,1633,1663,1688,1714,1743,1825,1841,1867,1881,1901,1913,1933,1945,1971,1985,2008,2021,2047,2061,2090,2105,2125,2137,2157,2169,2192,2205,2237,2253,2279,2293,2316,2329,2361,2377,2400,2413,
gold,82,313,343,367,387,409,434,458,485,511,531,552,578,608,633,659,688,714,742,763,789,817,838,862,887,911,939,967,988,1010,1031,1054,1077,1100,1124,1152,1180,1204,1236,1265,1287,1311,1341,1369,1399,1423,1443,1465,1490,1514,1541,1567,1587,1608,1634,1664,1689,1715,1744,1826,1842,1868,1882,1902,1914,1934,1946,1972,1986,2009,2022,2048,2062,2091,2106,2126,2138,2158,2170,2193,2206,2238,2254,2280,2294,2317,2330,2362,2378,2401,2414,
gold,82,314,344,368,388,410,435,459,486,512,532,553,579,609,634,660,689,715,743,764,790,818,839,863,888,912,940,968,989,1011,1032,1055,1078,1101,1125,1153,1181,1205,1237,1266,1288,1312,1342,1370,1400,1424,1444,1466,1491,1515,1542,1568,1588,1609,1635,1665,1690,1716,1745,1827,1843,1869,1883,1903,1915,1935,1947,1973,1987,2010,2023,2049,2063,2092,2107,2127,2139,2159,2171,2194,2207,2239,2255,2281,2295,2318,2331,2363,2379,2402,2415,
gold,82,315,345,369,389,411,436,460,487,513,533,554,580,610,635,661,690,716,744,765,791,819,840,864,889,913,941,969,990,1012,1033,1056,1079,1102,1126,1154,1182,1206,1238,1267,1289,1313,1343,1371,1401,1425,1445,1467,1492,1516,1543,1569,1589,1610,1636,1666,1691,1717,1746,1828,1844,1870,1884,1904,1916,1936,1948,1974,1988,2011,2024,2050,2064,2093,2108,2128,2140,2160,2172,2195,2208,2240,2256,2282,2296,2319,2332,2364,2380,2403,2416,
gold,82,316,346,370,390,412,437,461,488,514,534,555,581,611,636,662,691,717,745,766,792,820,841,865,890,914,942,970,991,1013,1034,1057,1080,1103,1127,1155,1183,1207,1239,1268,1290,1314,1344,1372,1402,1426,1446,1468,1493,1517,1544,1570,1590,1611,1637,1667,1692,1718,1747,1829,1845,1871,1885,1905,1917,1937,1949,1975,1989,2012,2025,2051,2065,2094,2109,2129,2141,2161,2173,2196,2209,2241,2257,2283,2297,2320,2333,2365,2381,2404,2417,
gold,82,317,347,371,391,413,438,462,489,515,535,556,582,612,637,663,692,718,746,767,793,821,842,866,891,915,943,971,992,1014,1035,1058,1081,1104,1128,1156,1184,1208,1240,1269,1291,1315,1345,1373,1403,1427,1447,1469,1494,1518,1545,1571,1591,1612,1638,1668,1693,1719,1748,1830,1846,1872,1886,1906,1918,1938,1950,1976,1990,2013,2026,2052,2066,2095,2110,2130,2142,2162,2174,2197,2210,2242,2258,2284,2298,2321,2334,2366,2382,2405,2418,
red,83,536,537,538,539,
gold,83,
red,84,557,558,559,560,561,
gold,84,
red,85,516,517,518,519,
gold,85,
red,86,698,699,700,701,702,
gold,86,
red,87,619,620,621,622,623,624,
gold,87,
red,88,591,592,593,594,595,596,597,598,
gold,88,
red,89,625,626,627,628,629,630,631,632,633,634,635,636,637,
gold,89,
red,90,648,649,650,651,652,653,654,655,656,657,658,659,660,661,662,663,
gold,90,
lightskyblue,229,270,
lightskyblue,229,278,
lightskyblue,229,272,
lightskyblue,229,273,
lightskyblue,229,274,
lightskyblue,229,275,
lightskyblue,229,276,
lightskyblue,229,277,
lightskyblue,229,279,
lightskyblue,229,280,
lightskyblue,229,281,
lightskyblue,229,282,
lightskyblue,229,283,
lightskyblue,229,284,
lightskyblue,229,285,
lightskyblue,229,271,
lightskyblue,189,234,
lightskyblue,189,235,
lightskyblue,189,236,
lightskyblue,189,237,
lightskyblue,189,238,
lightskyblue,189,239,
lightskyblue,189,240,
lightskyblue,189,241,
lightskyblue,191,249,
lightskyblue,191,250,
lightskyblue,191,251,
lightskyblue,191,252,
lightskyblue,191,253,
lightskyblue,191,254,
lightskyblue,191,255,
lightskyblue,191,256,
lightskyblue,225,279,
lightskyblue,225,280,
lightskyblue,225,274,
lightskyblue,225,275,
lightskyblue,225,276,
lightskyblue,225,277,
lightskyblue,225,281,
lightskyblue,225,282,
lightskyblue,225,283,
lightskyblue,225,284,
lightskyblue,225,285,
lightskyblue,225,271,
lightskyblue,225,272,
lightskyblue,225,273,
lightskyblue,177,236,
lightskyblue,177,237,
lightskyblue,177,238,
lightskyblue,177,239,
lightskyblue,177,240,
lightskyblue,177,241,
lightskyblue,175,251,
lightskyblue,175,252,
lightskyblue,175,253,
lightskyblue,175,254,
lightskyblue,175,255,
lightskyblue,175,256,
lightskyblue,207,281,
lightskyblue,207,282,
lightskyblue,207,276,
lightskyblue,207,277,
lightskyblue,207,283,
lightskyblue,207,284,
lightskyblue,207,285,
lightskyblue,207,271,
lightskyblue,207,272,
lightskyblue,207,273,
lightskyblue,207,274,
lightskyblue,207,275,
lightskyblue,157,238,
lightskyblue,157,239,
lightskyblue,157,240,
lightskyblue,157,241,
lightskyblue,159,253,
lightskyblue,159,254,
lightskyblue,159,255,
lightskyblue,159,256,
lightskyblue,209,281,
lightskyblue,209,282,
lightskyblue,209,276,
lightskyblue,209,277,
lightskyblue,209,283,
lightskyblue,209,284,
lightskyblue,209,285,
lightskyblue,209,271,
lightskyblue,209,272,
lightskyblue,209,273,
lightskyblue,209,274,
lightskyblue,209,275,
lightskyblue,161,238,
lightskyblue,161,239,
lightskyblue,161,240,
lightskyblue,161,241,
lightskyblue,155,253,
lightskyblue,155,254,
lightskyblue,155,255,
lightskyblue,155,256,
lightskyblue,221,279,
lightskyblue,221,280,
lightskyblue,221,274,
lightskyblue,221,275,
lightskyblue,221,276,
lightskyblue,221,277,
lightskyblue,221,281,
lightskyblue,221,282,
lightskyblue,221,283,
lightskyblue,221,284,
lightskyblue,221,285,
lightskyblue,221,271,
lightskyblue,221,272,
lightskyblue,221,273,
lightskyblue,167,236,
lightskyblue,167,237,
lightskyblue,167,238,
lightskyblue,167,239,
lightskyblue,167,240,
lightskyblue,167,241,
lightskyblue,169,251,
lightskyblue,169,252,
lightskyblue,169,253,
lightskyblue,169,254,
lightskyblue,169,255,
lightskyblue,169,256,
lightskyblue,217,280,
lightskyblue,217,281,
lightskyblue,217,275,
lightskyblue,217,276,
lightskyblue,217,277,
lightskyblue,217,282,
lightskyblue,217,283,
lightskyblue,217,284,
lightskyblue,217,285,
lightskyblue,217,271,
lightskyblue,217,272,
lightskyblue,217,273,
lightskyblue,217,274,
lightskyblue,163,237,
lightskyblue,163,238,
lightskyblue,163,239,
lightskyblue,163,240,
lightskyblue,163,241,
lightskyblue,165,252,
lightskyblue,165,253,
lightskyblue,165,254,
lightskyblue,165,255,
lightskyblue,165,256,
lightskyblue,223,279,
lightskyblue,223,280,
lightskyblue,223,274,
lightskyblue,223,275,
lightskyblue,223,276,
lightskyblue,223,277,
lightskyblue,223,281,
lightskyblue,223,282,
lightskyblue,223,283,
lightskyblue,223,284,
lightskyblue,223,285,
lightskyblue,223,271,
lightskyblue,223,272,
lightskyblue,223,273,
lightskyblue,171,236,
lightskyblue,171,237,
lightskyblue,171,238,
lightskyblue,171,239,
lightskyblue,171,240,
lightskyblue,171,241,
lightskyblue,173,251,
lightskyblue,173,252,
lightskyblue,173,253,
lightskyblue,173,254,
lightskyblue,173,255,
lightskyblue,173,256,
lightskyblue,227,278,
lightskyblue,227,279,
lightskyblue,227,273,
lightskyblue,227,274,
lightskyblue,227,275,
lightskyblue,227,276,
lightskyblue,227,277,
lightskyblue,227,280,
lightskyblue,227,281,
lightskyblue,227,282,
lightskyblue,227,283,
lightskyblue,227,284,
lightskyblue,227,285,
lightskyblue,227,271,
lightskyblue,227,272,
lightskyblue,179,235,
lightskyblue,179,236,
lightskyblue,179,237,
lightskyblue,179,238,
lightskyblue,179,239,
lightskyblue,179,240,
lightskyblue,179,241,
lightskyblue,181,250,
lightskyblue,181,251,
lightskyblue,181,252,
lightskyblue,181,253,
lightskyblue,181,254,
lightskyblue,181,255,
lightskyblue,181,256,
lightskyblue,257,281,
lightskyblue,257,282,
lightskyblue,257,276,
lightskyblue,257,277,
lightskyblue,257,283,
lightskyblue,257,284,
lightskyblue,257,285,
lightskyblue,257,271,
lightskyblue,257,272,
lightskyblue,257,273,
lightskyblue,257,274,
lightskyblue,257,275,
lightskyblue,201,238,
lightskyblue,201,239,
lightskyblue,201,240,
lightskyblue,201,241,
lightskyblue,193,253,
lightskyblue,193,254,
lightskyblue,193,255,
lightskyblue,193,256,
lightskyblue,242,281,
lightskyblue,242,282,
lightskyblue,242,276,
lightskyblue,242,277,
lightskyblue,242,283,
lightskyblue,242,284,
lightskyblue,242,285,
lightskyblue,242,271,
lightskyblue,242,272,
lightskyblue,242,273,
lightskyblue,242,274,
lightskyblue,242,275,
lightskyblue,185,238,
lightskyblue,185,239,
lightskyblue,185,240,
lightskyblue,185,241,
lightskyblue,183,253,
lightskyblue,183,254,
lightskyblue,183,255,
lightskyblue,183,256,
lightskyblue,244,280,
lightskyblue,244,281,
lightskyblue,244,275,
lightskyblue,244,276,
lightskyblue,244,277,
lightskyblue,244,282,
lightskyblue,244,283,
lightskyblue,244,284,
lightskyblue,244,285,
lightskyblue,244,271,
lightskyblue,244,272,
lightskyblue,244,273,
lightskyblue,244,274,
lightskyblue,195,237,
lightskyblue,195,238,
lightskyblue,195,239,
lightskyblue,195,240,
lightskyblue,195,241,
lightskyblue,187,252,
lightskyblue,187,253,
lightskyblue,187,254,
lightskyblue,187,255,
lightskyblue,187,256,
lightskyblue,267,270,
lightskyblue,267,278,
lightskyblue,267,272,
lightskyblue,267,273,
lightskyblue,267,274,
lightskyblue,267,275,
lightskyblue,267,276,
lightskyblue,267,277,
lightskyblue,267,279,
lightskyblue,267,280,
lightskyblue,267,281,
lightskyblue,267,282,
lightskyblue,267,283,
lightskyblue,267,284,
lightskyblue,267,285,
lightskyblue,267,271,
lightskyblue,231,234,
lightskyblue,231,235,
lightskyblue,231,236,
lightskyblue,231,237,
lightskyblue,231,238,
lightskyblue,231,239,
lightskyblue,231,240,
lightskyblue,231,241,
lightskyblue,246,249,
lightskyblue,246,250,
lightskyblue,246,251,
lightskyblue,246,252,
lightskyblue,246,253,
lightskyblue,246,254,
lightskyblue,246,255,
lightskyblue,246,256,
lightskyblue,263,279,
lightskyblue,263,280,
lightskyblue,263,274,
lightskyblue,263,275,
lightskyblue,263,276,
lightskyblue,263,277,
lightskyblue,263,281,
lightskyblue,263,282,
lightskyblue,263,283,
lightskyblue,263,284,
lightskyblue,263,285,
lightskyblue,263,271,
lightskyblue,263,272,
lightskyblue,263,273,
lightskyblue,211,236,
lightskyblue,211,237,
lightskyblue,211,238,
lightskyblue,211,239,
lightskyblue,211,240,
lightskyblue,211,241,
lightskyblue,219,251,
lightskyblue,219,252,
lightskyblue,219,253,
lightskyblue,219,254,
lightskyblue,219,255,
lightskyblue,219,256,
lightskyblue,259,280,
lightskyblue,259,281,
lightskyblue,259,275,
lightskyblue,259,276,
lightskyblue,259,277,
lightskyblue,259,282,
lightskyblue,259,283,
lightskyblue,259,284,
lightskyblue,259,285,
lightskyblue,259,271,
lightskyblue,259,272,
lightskyblue,259,273,
lightskyblue,259,274,
lightskyblue,197,237,
lightskyblue,197,238,
lightskyblue,197,239,
lightskyblue,197,240,
lightskyblue,197,241,
lightskyblue,199,252,
lightskyblue,199,253,
lightskyblue,199,254,
lightskyblue,199,255,
lightskyblue,199,256,
lightskyblue,265,270,
lightskyblue,265,278,
lightskyblue,265,272,
lightskyblue,265,273,
lightskyblue,265,274,
lightskyblue,265,275,
lightskyblue,265,276,
lightskyblue,265,277,
lightskyblue,265,279,
lightskyblue,265,280,
lightskyblue,265,281,
lightskyblue,265,282,
lightskyblue,265,283,
lightskyblue,265,284,
lightskyblue,265,285,
lightskyblue,265,271,
lightskyblue,213,234,
lightskyblue,213,235,
lightskyblue,213,236,
lightskyblue,213,237,
lightskyblue,213,238,
lightskyblue,213,239,
lightskyblue,213,240,
lightskyblue,213,241,
lightskyblue,215,249,
lightskyblue,215,250,
lightskyblue,215,251,
lightskyblue,215,252,
lightskyblue,215,253,
lightskyblue,215,254,
lightskyblue,215,255,
lightskyblue,215,256,
lightskyblue,261,280,
lightskyblue,261,281,
lightskyblue,261,275,
lightskyblue,261,276,
lightskyblue,261,277,
lightskyblue,261,282,
lightskyblue,261,283,
lightskyblue,261,284,
lightskyblue,261,285,
lightskyblue,261,271,
lightskyblue,261,272,
lightskyblue,261,273,
lightskyblue,261,274,
lightskyblue,203,237,
lightskyblue,203,238,
lightskyblue,203,239,
lightskyblue,203,240,
lightskyblue,203,241,
lightskyblue,205,252,
lightskyblue,205,253,
lightskyblue,205,254,
lightskyblue,205,255,
lightskyblue,205,256,
lightskyblue,265,270,
lightskyblue,265,278,
lightskyblue,265,272,
lightskyblue,265,273,
lightskyblue,265,274,
lightskyblue,265,275,
lightskyblue,265,276,
lightskyblue,265,277,
lightskyblue,265,279,
lightskyblue,265,280,
lightskyblue,265,281,
lightskyblue,265,282,
lightskyblue,265,283,
lightskyblue,265,284,
lightskyblue,265,285,
lightskyblue,265,271,
lightskyblue,213,234,
lightskyblue,213,235,
lightskyblue,213,236,
lightskyblue,213,237,
lightskyblue,213,238,
lightskyblue,213,239,
lightskyblue,213,240,
lightskyblue,213,241,
lightskyblue,215,249,
lightskyblue,215,250,
lightskyblue,215,251,
lightskyblue,215,252,
lightskyblue,215,253,
lightskyblue,215,254,
lightskyblue,215,255,
lightskyblue,215,256,
lightskyblue,257,281,
lightskyblue,257,282,
lightskyblue,257,276,
lightskyblue,257,277,
lightskyblue,257,283,
lightskyblue,257,284,
lightskyblue,257,285,
lightskyblue,257,271,
lightskyblue,257,272,
lightskyblue,257,273,
lightskyblue,257,274,
lightskyblue,257,275,
lightskyblue,201,238,
lightskyblue,201,239,
lightskyblue,201,240,
lightskyblue,201,241,
lightskyblue,193,253,
lightskyblue,193,254,
lightskyblue,193,255,
lightskyblue,193,256,
lightskyblue,261,280,
lightskyblue,261,281,
lightskyblue,261,275,
lightskyblue,261,276,
lightskyblue,261,277,
lightskyblue,261,282,
lightskyblue,261,283,
lightskyblue,261,284,
lightskyblue,261,285,
lightskyblue,261,271,
lightskyblue,261,272,
lightskyblue,261,273,
lightskyblue,261,274,
lightskyblue,203,237,
lightskyblue,203,238,
lightskyblue,203,239,
lightskyblue,203,240,
lightskyblue,203,241,
lightskyblue,205,252,
lightskyblue,205,253,
lightskyblue,205,254,
lightskyblue,205,255,
lightskyblue,205,256,
lightskyblue,265,270,
lightskyblue,265,278,
lightskyblue,265,272,
lightskyblue,265,273,
lightskyblue,265,274,
lightskyblue,265,275,
lightskyblue,265,276,
lightskyblue,265,277,
lightskyblue,265,279,
lightskyblue,265,280,
lightskyblue,265,281,
lightskyblue,265,282,
lightskyblue,265,283,
lightskyblue,265,284,
lightskyblue,265,285,
lightskyblue,265,271,
lightskyblue,213,234,
lightskyblue,213,235,
lightskyblue,213,236,
lightskyblue,213,237,
lightskyblue,213,238,
lightskyblue,213,239,
lightskyblue,213,240,
lightskyblue,213,241,
lightskyblue,215,249,
lightskyblue,215,250,
lightskyblue,215,251,
lightskyblue,215,252,
lightskyblue,215,253,
lightskyblue,215,254,
lightskyblue,215,255,
lightskyblue,215,256,
lightskyblue,257,281,
lightskyblue,257,282,
lightskyblue,257,276,
lightskyblue,257,277,
lightskyblue,257,283,
lightskyblue,257,284,
lightskyblue,257,285,
lightskyblue,257,271,
lightskyblue,257,272,
lightskyblue,257,273,
lightskyblue,257,274,
lightskyblue,257,275,
lightskyblue,201,238,
lightskyblue,201,239,
lightskyblue,201,240,
lightskyblue,201,241,
lightskyblue,193,253,
lightskyblue,193,254,
lightskyblue,193,255,
lightskyblue,193,256,
lightskyblue,259,280,
lightskyblue,259,281,
lightskyblue,259,275,
lightskyblue,259,276,
lightskyblue,259,277,
lightskyblue,259,282,
lightskyblue,259,283,
lightskyblue,259,284,
lightskyblue,259,285,
lightskyblue,259,271,
lightskyblue,259,272,
lightskyblue,259,273,
lightskyblue,259,274,
lightskyblue,197,237,
lightskyblue,197,238,
lightskyblue,197,239,
lightskyblue,197,240,
lightskyblue,197,241,
lightskyblue,199,252,
lightskyblue,199,253,
lightskyblue,199,254,
lightskyblue,199,255,
lightskyblue,199,256,
lightskyblue,263,279,
lightskyblue,263,280,
lightskyblue,263,274,
lightskyblue,263,275,
lightskyblue,263,276,
lightskyblue,263,277,
lightskyblue,263,281,
lightskyblue,263,282,
lightskyblue,263,283,
lightskyblue,263,284,
lightskyblue,263,285,
lightskyblue,263,271,
lightskyblue,263,272,
lightskyblue,263,273,
lightskyblue,211,236,
lightskyblue,211,237,
lightskyblue,211,238,
lightskyblue,211,239,
lightskyblue,211,240,
lightskyblue,211,241,
lightskyblue,219,251,
lightskyblue,219,252,
lightskyblue,219,253,
lightskyblue,219,254,
lightskyblue,219,255,
lightskyblue,219,256,
lightskyblue,261,280,
lightskyblue,261,281,
lightskyblue,261,275,
lightskyblue,261,276,
lightskyblue,261,277,
lightskyblue,261,282,
lightskyblue,261,283,
lightskyblue,261,284,
lightskyblue,261,285,
lightskyblue,261,271,
lightskyblue,261,272,
lightskyblue,261,273,
lightskyblue,261,274,
lightskyblue,203,237,
lightskyblue,203,238,
lightskyblue,203,239,
lightskyblue,203,240,
lightskyblue,203,241,
lightskyblue,205,252,
lightskyblue,205,253,
lightskyblue,205,254,
lightskyblue,205,255,
lightskyblue,205,256,
lightskyblue,263,279,
lightskyblue,263,280,
lightskyblue,263,274,
lightskyblue,263,275,
lightskyblue,263,276,
lightskyblue,263,277,
lightskyblue,263,281,
lightskyblue,263,282,
lightskyblue,263,283,
lightskyblue,263,284,
lightskyblue,263,285,
lightskyblue,263,271,
lightskyblue,263,272,
lightskyblue,263,273,
lightskyblue,211,236,
lightskyblue,211,237,
lightskyblue,211,238,
lightskyblue,211,239,
lightskyblue,211,240,
lightskyblue,211,241,
lightskyblue,219,251,
lightskyblue,219,252,
lightskyblue,219,253,
lightskyblue,219,254,
lightskyblue,219,255,
lightskyblue,219,256,
lightskyblue,267,270,
lightskyblue,267,278,
lightskyblue,267,272,
lightskyblue,267,273,
lightskyblue,267,274,
lightskyblue,267,275,
lightskyblue,267,276,
lightskyblue,267,277,
lightskyblue,267,279,
lightskyblue,267,280,
lightskyblue,267,281,
lightskyblue,267,282,
lightskyblue,267,283,
lightskyblue,267,284,
lightskyblue,267,285,
lightskyblue,267,271,
lightskyblue,231,234,
lightskyblue,231,235,
lightskyblue,231,236,
lightskyblue,231,237,
lightskyblue,231,238,
lightskyblue,231,239,
lightskyblue,231,240,
lightskyblue,231,241,
lightskyblue,246,249,
lightskyblue,246,250,
lightskyblue,246,251,
lightskyblue,246,252,
lightskyblue,246,253,
lightskyblue,246,254,
lightskyblue,246,255,
lightskyblue,246,256,
lightskyblue,257,281,
lightskyblue,257,282,
lightskyblue,257,276,
lightskyblue,257,277,
lightskyblue,257,283,
lightskyblue,257,284,
lightskyblue,257,285,
lightskyblue,257,271,
lightskyblue,257,272,
lightskyblue,257,273,
lightskyblue,257,274,
lightskyblue,257,275,
lightskyblue,201,238,
lightskyblue,201,239,
lightskyblue,201,240,
lightskyblue,201,241,
lightskyblue,193,253,
lightskyblue,193,254,
lightskyblue,193,255,
lightskyblue,193,256,
lightskyblue,261,280,
lightskyblue,261,281,
lightskyblue,261,275,
lightskyblue,261,276,
lightskyblue,261,277,
lightskyblue,261,282,
lightskyblue,261,283,
lightskyblue,261,284,
lightskyblue,261,285,
lightskyblue,261,271,
lightskyblue,261,272,
lightskyblue,261,273,
lightskyblue,261,274,
lightskyblue,203,237,
lightskyblue,203,238,
lightskyblue,203,239,
lightskyblue,203,240,
lightskyblue,203,241,
lightskyblue,205,252,
lightskyblue,205,253,
lightskyblue,205,254,
lightskyblue,205,255,
lightskyblue,205,256,
lightskyblue,242,281,
lightskyblue,242,282,
lightskyblue,242,276,
lightskyblue,242,277,
lightskyblue,242,283,
lightskyblue,242,284,
lightskyblue,242,285,
lightskyblue,242,271,
lightskyblue,242,272,
lightskyblue,242,273,
lightskyblue,242,274,
lightskyblue,242,275,
lightskyblue,185,238,
lightskyblue,185,239,
lightskyblue,185,240,
lightskyblue,185,241,
lightskyblue,183,253,
lightskyblue,183,254,
lightskyblue,183,255,
lightskyblue,183,256,
lightskyblue,244,280,
lightskyblue,244,281,
lightskyblue,244,275,
lightskyblue,244,276,
lightskyblue,244,277,
lightskyblue,244,282,
lightskyblue,244,283,
lightskyblue,244,284,
lightskyblue,244,285,
lightskyblue,244,271,
lightskyblue,244,272,
lightskyblue,244,273,
lightskyblue,244,274,
lightskyblue,195,237,
lightskyblue,195,238,
lightskyblue,195,239,
lightskyblue,195,240,
lightskyblue,195,241,
lightskyblue,187,252,
lightskyblue,187,253,
lightskyblue,187,254,
lightskyblue,187,255,
lightskyblue,187,256,
lightskyblue,244,280,
lightskyblue,244,281,
lightskyblue,244,275,
lightskyblue,244,276,
lightskyblue,244,277,
lightskyblue,244,282,
lightskyblue,244,283,
lightskyblue,244,284,
lightskyblue,244,285,
lightskyblue,244,271,
lightskyblue,244,272,
lightskyblue,244,273,
lightskyblue,244,274,
lightskyblue,195,237,
lightskyblue,195,238,
lightskyblue,195,239,
lightskyblue,195,240,
lightskyblue,195,241,
lightskyblue,187,252,
lightskyblue,187,253,
lightskyblue,187,254,
lightskyblue,187,255,
lightskyblue,187,256,
lightskyblue,259,280,
lightskyblue,259,281,
lightskyblue,259,275,
lightskyblue,259,276,
lightskyblue,259,277,
lightskyblue,259,282,
lightskyblue,259,283,
lightskyblue,259,284,
lightskyblue,259,285,
lightskyblue,259,271,
lightskyblue,259,272,
lightskyblue,259,273,
lightskyblue,259,274,
lightskyblue,197,237,
lightskyblue,197,238,
lightskyblue,197,239,
lightskyblue,197,240,
lightskyblue,197,241,
lightskyblue,199,252,
lightskyblue,199,253,
lightskyblue,199,254,
lightskyblue,199,255,
lightskyblue,199,256,
lightskyblue,259,280,
lightskyblue,259,281,
lightskyblue,259,275,
lightskyblue,259,276,
lightskyblue,259,277,
lightskyblue,259,282,
lightskyblue,259,283,
lightskyblue,259,284,
lightskyblue,259,285,
lightskyblue,259,271,
lightskyblue,259,272,
lightskyblue,259,273,
lightskyblue,259,274,
lightskyblue,197,237,
lightskyblue,197,238,
lightskyblue,197,239,
lightskyblue,197,240,
lightskyblue,197,241,
lightskyblue,199,252,
lightskyblue,199,253,
lightskyblue,199,254,
lightskyblue,199,255,
lightskyblue,199,256,
lightskyblue,263,279,
lightskyblue,263,280,
lightskyblue,263,274,
lightskyblue,263,275,
lightskyblue,263,276,
lightskyblue,263,277,
lightskyblue,263,281,
lightskyblue,263,282,
lightskyblue,263,283,
lightskyblue,263,284,
lightskyblue,263,285,
lightskyblue,263,271,
lightskyblue,263,272,
lightskyblue,263,273,
lightskyblue,211,236,
lightskyblue,211,237,
lightskyblue,211,238,
lightskyblue,211,239,
lightskyblue,211,240,
lightskyblue,211,241,
lightskyblue,219,251,
lightskyblue,219,252,
lightskyblue,219,253,
lightskyblue,219,254,
lightskyblue,219,255,
lightskyblue,219,256,
lightskyblue,267,270,
lightskyblue,267,278,
lightskyblue,267,272,
lightskyblue,267,273,
lightskyblue,267,274,
lightskyblue,267,275,
lightskyblue,267,276,
lightskyblue,267,277,
lightskyblue,267,279,
lightskyblue,267,280,
lightskyblue,267,281,
lightskyblue,267,282,
lightskyblue,267,283,
lightskyblue,267,284,
lightskyblue,267,285,
lightskyblue,267,271,
lightskyblue,231,234,
lightskyblue,231,235,
lightskyblue,231,236,
lightskyblue,231,237,
lightskyblue,231,238,
lightskyblue,231,239,
lightskyblue,231,240,
lightskyblue,231,241,
lightskyblue,246,249,
lightskyblue,246,250,
lightskyblue,246,251,
lightskyblue,246,252,
lightskyblue,246,253,
lightskyblue,246,254,
lightskyblue,246,255,
lightskyblue,246,256,
lightskyblue,257,281,
lightskyblue,257,282,
lightskyblue,257,276,
lightskyblue,257,277,
lightskyblue,257,283,
lightskyblue,257,284,
lightskyblue,257,285,
lightskyblue,257,271,
lightskyblue,257,272,
lightskyblue,257,273,
lightskyblue,257,274,
lightskyblue,257,275,
lightskyblue,201,238,
lightskyblue,201,239,
lightskyblue,201,240,
lightskyblue,201,241,
lightskyblue,193,253,
lightskyblue,193,254,
lightskyblue,193,255,
lightskyblue,193,256,
lightskyblue,267,270,
lightskyblue,267,278,
lightskyblue,267,272,
lightskyblue,267,273,
lightskyblue,267,274,
lightskyblue,267,275,
lightskyblue,267,276,
lightskyblue,267,277,
lightskyblue,267,279,
lightskyblue,267,280,
lightskyblue,267,281,
lightskyblue,267,282,
lightskyblue,267,283,
lightskyblue,267,284,
lightskyblue,267,285,
lightskyblue,267,271,
lightskyblue,231,234,
lightskyblue,231,235,
lightskyblue,231,236,
lightskyblue,231,237,
lightskyblue,231,238,
lightskyblue,231,239,
lightskyblue,231,240,
lightskyblue,231,241,
lightskyblue,246,249,
lightskyblue,246,250,
lightskyblue,246,251,
lightskyblue,246,252,
lightskyblue,246,253,
lightskyblue,246,254,
lightskyblue,246,255,
lightskyblue,246,256,
lightskyblue,267,270,
lightskyblue,267,278,
lightskyblue,267,272,
lightskyblue,267,273,
lightskyblue,267,274,
lightskyblue,267,275,
lightskyblue,267,276,
lightskyblue,267,277,
lightskyblue,267,279,
lightskyblue,267,280,
lightskyblue,267,281,
lightskyblue,267,282,
lightskyblue,267,283,
lightskyblue,267,284,
lightskyblue,267,285,
lightskyblue,267,271,
lightskyblue,231,234,
lightskyblue,231,235,
lightskyblue,231,236,
lightskyblue,231,237,
lightskyblue,231,238,
lightskyblue,231,239,
lightskyblue,231,240,
lightskyblue,231,241,
lightskyblue,246,249,
lightskyblue,246,250,
lightskyblue,246,251,
lightskyblue,246,252,
lightskyblue,246,253,
lightskyblue,246,254,
lightskyblue,246,255,
lightskyblue,246,256,
lightskyblue,261,280,
lightskyblue,261,281,
lightskyblue,261,275,
lightskyblue,261,276,
lightskyblue,261,277,
lightskyblue,261,282,
lightskyblue,261,283,
lightskyblue,261,284,
lightskyblue,261,285,
lightskyblue,261,271,
lightskyblue,261,272,
lightskyblue,261,273,
lightskyblue,261,274,
lightskyblue,203,237,
lightskyblue,203,238,
lightskyblue,203,239,
lightskyblue,203,240,
lightskyblue,203,241,
lightskyblue,205,252,
lightskyblue,205,253,
lightskyblue,205,254,
lightskyblue,205,255,
lightskyblue,205,256,
lightskyblue,242,281,
lightskyblue,242,282,
lightskyblue,242,276,
lightskyblue,242,277,
lightskyblue,242,283,
lightskyblue,242,284,
lightskyblue,242,285,
lightskyblue,242,271,
lightskyblue,242,272,
lightskyblue,242,273,
lightskyblue,242,274,
lightskyblue,242,275,
lightskyblue,185,238,
lightskyblue,185,239,
lightskyblue,185,240,
lightskyblue,185,241,
lightskyblue,183,253,
lightskyblue,183,254,
lightskyblue,183,255,
lightskyblue,183,256,
lightskyblue,267,270,
lightskyblue,267,278,
lightskyblue,267,272,
lightskyblue,267,273,
lightskyblue,267,274,
lightskyblue,267,275,
lightskyblue,267,276,
lightskyblue,267,277,
lightskyblue,267,279,
lightskyblue,267,280,
lightskyblue,267,281,
lightskyblue,267,282,
lightskyblue,267,283,
lightskyblue,267,284,
lightskyblue,267,285,
lightskyblue,267,271,
lightskyblue,231,234,
lightskyblue,231,235,
lightskyblue,231,236,
lightskyblue,231,237,
lightskyblue,231,238,
lightskyblue,231,239,
lightskyblue,231,240,
lightskyblue,231,241,
lightskyblue,246,249,
lightskyblue,246,250,
lightskyblue,246,251,
lightskyblue,246,252,
lightskyblue,246,253,
lightskyblue,246,254,
lightskyblue,246,255,
lightskyblue,246,256,
lightskyblue,263,279,
lightskyblue,263,280,
lightskyblue,263,274,
lightskyblue,263,275,
lightskyblue,263,276,
lightskyblue,263,277,
lightskyblue,263,281,
lightskyblue,263,282,
lightskyblue,263,283,
lightskyblue,263,284,
lightskyblue,263,285,
lightskyblue,263,271,
lightskyblue,263,272,
lightskyblue,263,273,
lightskyblue,211,236,
lightskyblue,211,237,
lightskyblue,211,238,
lightskyblue,211,239,
lightskyblue,211,240,
lightskyblue,211,241,
lightskyblue,219,251,
lightskyblue,219,252,
lightskyblue,219,253,
lightskyblue,219,254,
lightskyblue,219,255,
lightskyblue,219,256,
lightskyblue,230,269,
lightskyblue,230,285,
lightskyblue,230,271,
lightskyblue,230,272,
lightskyblue,230,273,
lightskyblue,230,274,
lightskyblue,230,275,
lightskyblue,230,276,
lightskyblue,230,270,
lightskyblue,230,278,
lightskyblue,230,279,
lightskyblue,230,280,
lightskyblue,230,281,
lightskyblue,230,282,
lightskyblue,230,283,
lightskyblue,230,284,
lightskyblue,190,233,
lightskyblue,190,234,
lightskyblue,190,235,
lightskyblue,190,236,
lightskyblue,190,237,
lightskyblue,190,238,
lightskyblue,190,239,
lightskyblue,190,240,
lightskyblue,192,248,
lightskyblue,192,249,
lightskyblue,192,250,
lightskyblue,192,251,
lightskyblue,192,252,
lightskyblue,192,253,
lightskyblue,192,254,
lightskyblue,192,255,
lightskyblue,226,283,
lightskyblue,226,284,
lightskyblue,226,285,
lightskyblue,226,271,
lightskyblue,226,272,
lightskyblue,226,273,
lightskyblue,226,274,
lightskyblue,226,269,
lightskyblue,226,270,
lightskyblue,226,278,
lightskyblue,226,279,
lightskyblue,226,280,
lightskyblue,226,281,
lightskyblue,226,282,
lightskyblue,178,233,
lightskyblue,178,234,
lightskyblue,178,235,
lightskyblue,178,236,
lightskyblue,178,237,
lightskyblue,178,238,
lightskyblue,176,248,
lightskyblue,176,249,
lightskyblue,176,250,
lightskyblue,176,251,
lightskyblue,176,252,
lightskyblue,176,253,
lightskyblue,208,281,
lightskyblue,208,282,
lightskyblue,208,283,
lightskyblue,208,284,
lightskyblue,208,285,
lightskyblue,208,271,
lightskyblue,208,272,
lightskyblue,208,269,
lightskyblue,208,270,
lightskyblue,208,278,
lightskyblue,208,279,
lightskyblue,208,280,
lightskyblue,158,233,
lightskyblue,158,234,
lightskyblue,158,235,
lightskyblue,158,236,
lightskyblue,160,248,
lightskyblue,160,249,
lightskyblue,160,250,
lightskyblue,160,251,
lightskyblue,210,281,
lightskyblue,210,282,
lightskyblue,210,283,
lightskyblue,210,284,
lightskyblue,210,285,
lightskyblue,210,271,
lightskyblue,210,272,
lightskyblue,210,269,
lightskyblue,210,270,
lightskyblue,210,278,
lightskyblue,210,279,
lightskyblue,210,280,
lightskyblue,162,233,
lightskyblue,162,234,
lightskyblue,162,235,
lightskyblue,162,236,
lightskyblue,156,248,
lightskyblue,156,249,
lightskyblue,156,250,
lightskyblue,156,251,
lightskyblue,222,283,
lightskyblue,222,284,
lightskyblue,222,285,
lightskyblue,222,271,
lightskyblue,222,272,
lightskyblue,222,273,
lightskyblue,222,274,
lightskyblue,222,269,
lightskyblue,222,270,
lightskyblue,222,278,
lightskyblue,222,279,
lightskyblue,222,280,
lightskyblue,222,281,
lightskyblue,222,282,
lightskyblue,168,233,
lightskyblue,168,234,
lightskyblue,168,235,
lightskyblue,168,236,
lightskyblue,168,237,
lightskyblue,168,238,
lightskyblue,170,248,
lightskyblue,170,249,
lightskyblue,170,250,
lightskyblue,170,251,
lightskyblue,170,252,
lightskyblue,170,253,
lightskyblue,218,282,
lightskyblue,218,283,
lightskyblue,218,284,
lightskyblue,218,285,
lightskyblue,218,271,
lightskyblue,218,272,
lightskyblue,218,273,
lightskyblue,218,269,
lightskyblue,218,270,
lightskyblue,218,278,
lightskyblue,218,279,
lightskyblue,218,280,
lightskyblue,218,281,
lightskyblue,164,233,
lightskyblue,164,234,
lightskyblue,164,235,
lightskyblue,164,236,
lightskyblue,164,237,
lightskyblue,166,248,
lightskyblue,166,249,
lightskyblue,166,250,
lightskyblue,166,251,
lightskyblue,166,252,
lightskyblue,224,283,
lightskyblue,224,284,
lightskyblue,224,285,
lightskyblue,224,271,
lightskyblue,224,272,
lightskyblue,224,273,
lightskyblue,224,274,
lightskyblue,224,269,
lightskyblue,224,270,
lightskyblue,224,278,
lightskyblue,224,279,
lightskyblue,224,280,
lightskyblue,224,281,
lightskyblue,224,282,
lightskyblue,172,233,
lightskyblue,172,234,
lightskyblue,172,235,
lightskyblue,172,236,
lightskyblue,172,237,
lightskyblue,172,238,
lightskyblue,174,248,
lightskyblue,174,249,
lightskyblue,174,250,
lightskyblue,174,251,
lightskyblue,174,252,
lightskyblue,174,253,
lightskyblue,228,284,
lightskyblue,228,285,
lightskyblue,228,271,
lightskyblue,228,272,
lightskyblue,228,273,
lightskyblue,228,274,
lightskyblue,228,275,
lightskyblue,228,269,
lightskyblue,228,270,
lightskyblue,228,278,
lightskyblue,228,279,
lightskyblue,228,280,
lightskyblue,228,281,
lightskyblue,228,282,
lightskyblue,228,283,
lightskyblue,180,233,
lightskyblue,180,234,
lightskyblue,180,235,
lightskyblue,180,236,
lightskyblue,180,237,
lightskyblue,180,238,
lightskyblue,180,239,
lightskyblue,182,248,
lightskyblue,182,249,
lightskyblue,182,250,
lightskyblue,182,251,
lightskyblue,182,252,
lightskyblue,182,253,
lightskyblue,182,254,
lightskyblue,258,281,
lightskyblue,258,282,
lightskyblue,258,283,
lightskyblue,258,284,
lightskyblue,258,285,
lightskyblue,258,271,
lightskyblue,258,272,
lightskyblue,258,269,
lightskyblue,258,270,
lightskyblue,258,278,
lightskyblue,258,279,
lightskyblue,258,280,
lightskyblue,202,233,
lightskyblue,202,234,
lightskyblue,202,235,
lightskyblue,202,236,
lightskyblue,194,248,
lightskyblue,194,249,
lightskyblue,194,250,
lightskyblue,194,251,
lightskyblue,243,281,
lightskyblue,243,282,
lightskyblue,243,283,
lightskyblue,243,284,
lightskyblue,243,285,
lightskyblue,243,271,
lightskyblue,243,272,
lightskyblue,243,269,
lightskyblue,243,270,
lightskyblue,243,278,
lightskyblue,243,279,
lightskyblue,243,280,
lightskyblue,186,233,
lightskyblue,186,234,
lightskyblue,186,235,
lightskyblue,186,236,
lightskyblue,184,248,
lightskyblue,184,249,
lightskyblue,184,250,
lightskyblue,184,251,
lightskyblue,245,282,
lightskyblue,245,283,
lightskyblue,245,284,
lightskyblue,245,285,
lightskyblue,245,271,
lightskyblue,245,272,
lightskyblue,245,273,
lightskyblue,245,269,
lightskyblue,245,270,
lightskyblue,245,278,
lightskyblue,245,279,
lightskyblue,245,280,
lightskyblue,245,281,
lightskyblue,196,233,
lightskyblue,196,234,
lightskyblue,196,235,
lightskyblue,196,236,
lightskyblue,196,237,
lightskyblue,188,248,
lightskyblue,188,249,
lightskyblue,188,250,
lightskyblue,188,251,
lightskyblue,188,252,
lightskyblue,268,269,
lightskyblue,268,285,
lightskyblue,268,271,
lightskyblue,268,272,
lightskyblue,268,273,
lightskyblue,268,274,
lightskyblue,268,275,
lightskyblue,268,276,
lightskyblue,268,270,
lightskyblue,268,278,
lightskyblue,268,279,
lightskyblue,268,280,
lightskyblue,268,281,
lightskyblue,268,282,
lightskyblue,268,283,
lightskyblue,268,284,
lightskyblue,232,233,
lightskyblue,232,234,
lightskyblue,232,235,
lightskyblue,232,236,
lightskyblue,232,237,
lightskyblue,232,238,
lightskyblue,232,239,
lightskyblue,232,240,
lightskyblue,247,248,
lightskyblue,247,249,
lightskyblue,247,250,
lightskyblue,247,251,
lightskyblue,247,252,
lightskyblue,247,253,
lightskyblue,247,254,
lightskyblue,247,255,
lightskyblue,264,283,
lightskyblue,264,284,
lightskyblue,264,285,
lightskyblue,264,271,
lightskyblue,264,272,
lightskyblue,264,273,
lightskyblue,264,274,
lightskyblue,264,269,
lightskyblue,264,270,
lightskyblue,264,278,
lightskyblue,264,279,
lightskyblue,264,280,
lightskyblue,264,281,
lightskyblue,264,282,
lightskyblue,212,233,
lightskyblue,212,234,
lightskyblue,212,235,
lightskyblue,212,236,
lightskyblue,212,237,
lightskyblue,212,238,
lightskyblue,220,248,
lightskyblue,220,249,
lightskyblue,220,250,
lightskyblue,220,251,
lightskyblue,220,252,
lightskyblue,220,253,
lightskyblue,260,282,
lightskyblue,260,283,
lightskyblue,260,284,
lightskyblue,260,285,
lightskyblue,260,271,
lightskyblue,260,272,
lightskyblue,260,273,
lightskyblue,260,269,
lightskyblue,260,270,
lightskyblue,260,278,
lightskyblue,260,279,
lightskyblue,260,280,
lightskyblue,260,281,
lightskyblue,198,233,
lightskyblue,198,234,
lightskyblue,198,235,
lightskyblue,198,236,
lightskyblue,198,237,
lightskyblue,200,248,
lightskyblue,200,249,
lightskyblue,200,250,
lightskyblue,200,251,
lightskyblue,200,252,
lightskyblue,266,269,
lightskyblue,266,285,
lightskyblue,266,271,
lightskyblue,266,272,
lightskyblue,266,273,
lightskyblue,266,274,
lightskyblue,266,275,
lightskyblue,266,276,
lightskyblue,266,270,
lightskyblue,266,278,
lightskyblue,266,279,
lightskyblue,266,280,
lightskyblue,266,281,
lightskyblue,266,282,
lightskyblue,266,283,
lightskyblue,266,284,
lightskyblue,214,233,
lightskyblue,214,234,
lightskyblue,214,235,
lightskyblue,214,236,
lightskyblue,214,237,
lightskyblue,214,238,
lightskyblue,214,239,
lightskyblue,214,240,
lightskyblue,216,248,
lightskyblue,216,249,
lightskyblue,216,250,
lightskyblue,216,251,
lightskyblue,216,252,
lightskyblue,216,253,
lightskyblue,216,254,
lightskyblue,216,255,
lightskyblue,262,282,
lightskyblue,262,283,
lightskyblue,262,284,
lightskyblue,262,285,
lightskyblue,262,271,
lightskyblue,262,272,
lightskyblue,262,273,
lightskyblue,262,269,
lightskyblue,262,270,
lightskyblue,262,278,
lightskyblue,262,279,
lightskyblue,262,280,
lightskyblue,262,281,
lightskyblue,204,233,
lightskyblue,204,234,
lightskyblue,204,235,
lightskyblue,204,236,
lightskyblue,204,237,
lightskyblue,206,248,
lightskyblue,206,249,
lightskyblue,206,250,
lightskyblue,206,251,
lightskyblue,206,252,
lightskyblue,153,
lightskyblue,149,
lightskyblue,145,
lightskyblue,143,
lightskyblue,105,
lightskyblue,107,
lightskyblue,123,
lightskyblue,121,
lightskyblue,125,
lightskyblue,127,
lightskyblue,131,
lightskyblue,129,
lightskyblue,133,
lightskyblue,135,
lightskyblue,139,
lightskyblue,137,
lightskyblue,151,
lightskyblue,290,
lightskyblue,91,
lightskyblue,111,
lightskyblue,286,
lightskyblue,109,
lightskyblue,115,
lightskyblue,288,
lightskyblue,113,
lightskyblue,147,
lightskyblue,93,
lightskyblue,296,
lightskyblue,97,
lightskyblue,99,
lightskyblue,294,
lightskyblue,298,
lightskyblue,103,
lightskyblue,101,
lightskyblue,300,
lightskyblue,95,
lightskyblue,141,
lightskyblue,117,
lightskyblue,119,
lightskyblue,292,
lightskyblue,189,234,
lightskyblue,189,235,
lightskyblue,189,236,
lightskyblue,189,237,
lightskyblue,189,238,
lightskyblue,189,239,
lightskyblue,189,240,
lightskyblue,189,241,
lightskyblue,191,249,
lightskyblue,191,250,
lightskyblue,191,251,
lightskyblue,191,252,
lightskyblue,191,253,
lightskyblue,191,254,
lightskyblue,191,255,
lightskyblue,191,256,
lightskyblue,229,270,
lightskyblue,229,278,
lightskyblue,229,272,
lightskyblue,229,273,
lightskyblue,229,274,
lightskyblue,229,275,
lightskyblue,229,276,
lightskyblue,229,277,
lightskyblue,229,279,
lightskyblue,229,280,
lightskyblue,229,281,
lightskyblue,229,282,
lightskyblue,229,283,
lightskyblue,229,284,
lightskyblue,229,285,
lightskyblue,229,271,
lightskyblue,229,270,
lightskyblue,229,278,
lightskyblue,229,272,
lightskyblue,229,273,
lightskyblue,229,274,
lightskyblue,229,275,
lightskyblue,229,276,
lightskyblue,229,277,
lightskyblue,229,279,
lightskyblue,229,280,
lightskyblue,229,281,
lightskyblue,229,282,
lightskyblue,229,283,
lightskyblue,229,284,
lightskyblue,229,285,
lightskyblue,229,271,
lightskyblue,177,236,
lightskyblue,177,237,
lightskyblue,177,238,
lightskyblue,177,239,
lightskyblue,177,240,
lightskyblue,177,241,
lightskyblue,175,251,
lightskyblue,175,252,
lightskyblue,175,253,
lightskyblue,175,254,
lightskyblue,175,255,
lightskyblue,175,256,
lightskyblue,225,279,
lightskyblue,225,280,
lightskyblue,225,274,
lightskyblue,225,275,
lightskyblue,225,276,
lightskyblue,225,277,
lightskyblue,225,281,
lightskyblue,225,282,
lightskyblue,225,283,
lightskyblue,225,284,
lightskyblue,225,285,
lightskyblue,225,271,
lightskyblue,225,272,
lightskyblue,225,273,
lightskyblue,225,279,
lightskyblue,225,280,
lightskyblue,225,274,
lightskyblue,225,275,
lightskyblue,225,276,
lightskyblue,225,277,
lightskyblue,225,281,
lightskyblue,225,282,
lightskyblue,225,283,
lightskyblue,225,284,
lightskyblue,225,285,
lightskyblue,225,271,
lightskyblue,225,272,
lightskyblue,225,273,
lightskyblue,157,238,
lightskyblue,157,239,
lightskyblue,157,240,
lightskyblue,157,241,
lightskyblue,159,253,
lightskyblue,159,254,
lightskyblue,159,255,
lightskyblue,159,256,
lightskyblue,207,281,
lightskyblue,207,282,
lightskyblue,207,276,
lightskyblue,207,277,
lightskyblue,207,283,
lightskyblue,207,284,
lightskyblue,207,285,
lightskyblue,207,271,
lightskyblue,207,272,
lightskyblue,207,273,
lightskyblue,207,274,
lightskyblue,207,275,
lightskyblue,207,281,
lightskyblue,207,282,
lightskyblue,207,276,
lightskyblue,207,277,
lightskyblue,207,283,
lightskyblue,207,284,
lightskyblue,207,285,
lightskyblue,207,271,
lightskyblue,207,272,
lightskyblue,207,273,
lightskyblue,207,274,
lightskyblue,207,275,
lightskyblue,161,238,
lightskyblue,161,239,
lightskyblue,161,240,
lightskyblue,161,241,
lightskyblue,155,253,
lightskyblue,155,254,
lightskyblue,155,255,
lightskyblue,155,256,
lightskyblue,209,281,
lightskyblue,209,282,
lightskyblue,209,276,
lightskyblue,209,277,
lightskyblue,209,283,
lightskyblue,209,284,
lightskyblue,209,285,
lightskyblue,209,271,
lightskyblue,209,272,
lightskyblue,209,273,
lightskyblue,209,274,
lightskyblue,209,275,
lightskyblue,209,281,
lightskyblue,209,282,
lightskyblue,209,276,
lightskyblue,209,277,
lightskyblue,209,283,
lightskyblue,209,284,
lightskyblue,209,285,
lightskyblue,209,271,
lightskyblue,209,272,
lightskyblue,209,273,
lightskyblue,209,274,
lightskyblue,209,275,
lightskyblue,167,236,
lightskyblue,167,237,
lightskyblue,167,238,
lightskyblue,167,239,
lightskyblue,167,240,
lightskyblue,167,241,
lightskyblue,169,251,
lightskyblue,169,252,
lightskyblue,169,253,
lightskyblue,169,254,
lightskyblue,169,255,
lightskyblue,169,256,
lightskyblue,221,279,
lightskyblue,221,280,
lightskyblue,221,274,
lightskyblue,221,275,
lightskyblue,221,276,
lightskyblue,221,277,
lightskyblue,221,281,
lightskyblue,221,282,
lightskyblue,221,283,
lightskyblue,221,284,
lightskyblue,221,285,
lightskyblue,221,271,
lightskyblue,221,272,
lightskyblue,221,273,
lightskyblue,221,279,
lightskyblue,221,280,
lightskyblue,221,274,
lightskyblue,221,275,
lightskyblue,221,276,
lightskyblue,221,277,
lightskyblue,221,281,
lightskyblue,221,282,
lightskyblue,221,283,
lightskyblue,221,284,
lightskyblue,221,285,
lightskyblue,221,271,
lightskyblue,221,272,
lightskyblue,221,273,
lightskyblue,163,237,
lightskyblue,163,238,
lightskyblue,163,239,
lightskyblue,163,240,
lightskyblue,163,241,
lightskyblue,165,252,
lightskyblue,165,253,
lightskyblue,165,254,
lightskyblue,165,255,
lightskyblue,165,256,
lightskyblue,217,280,
lightskyblue,217,281,
lightskyblue,217,275,
lightskyblue,217,276,
lightskyblue,217,277,
lightskyblue,217,282,
lightskyblue,217,283,
lightskyblue,217,284,
lightskyblue,217,285,
lightskyblue,217,271,
lightskyblue,217,272,
lightskyblue,217,273,
lightskyblue,217,274,
lightskyblue,217,280,
lightskyblue,217,281,
lightskyblue,217,275,
lightskyblue,217,276,
lightskyblue,217,277,
lightskyblue,217,282,
lightskyblue,217,283,
lightskyblue,217,284,
lightskyblue,217,285,
lightskyblue,217,271,
lightskyblue,217,272,
lightskyblue,217,273,
lightskyblue,217,274,
lightskyblue,171,236,
lightskyblue,171,237,
lightskyblue,171,238,
lightskyblue,171,239,
lightskyblue,171,240,
lightskyblue,171,241,
lightskyblue,173,251,
lightskyblue,173,252,
lightskyblue,173,253,
lightskyblue,173,254,
lightskyblue,173,255,
lightskyblue,173,256,
lightskyblue,223,279,
lightskyblue,223,280,
lightskyblue,223,274,
lightskyblue,223,275,
lightskyblue,223,276,
lightskyblue,223,277,
lightskyblue,223,281,
lightskyblue,223,282,
lightskyblue,223,283,
lightskyblue,223,284,
lightskyblue,223,285,
lightskyblue,223,271,
lightskyblue,223,272,
lightskyblue,223,273,
lightskyblue,223,279,
lightskyblue,223,280,
lightskyblue,223,274,
lightskyblue,223,275,
lightskyblue,223,276,
lightskyblue,223,277,
lightskyblue,223,281,
lightskyblue,223,282,
lightskyblue,223,283,
lightskyblue,223,284,
lightskyblue,223,285,
lightskyblue,223,271,
lightskyblue,223,272,
lightskyblue,223,273,
lightskyblue,179,235,
lightskyblue,179,236,
lightskyblue,179,237,
lightskyblue,179,238,
lightskyblue,179,239,
lightskyblue,179,240,
lightskyblue,179,241,
lightskyblue,181,250,
lightskyblue,181,251,
lightskyblue,181,252,
lightskyblue,181,253,
lightskyblue,181,254,
lightskyblue,181,255,
lightskyblue,181,256,
lightskyblue,227,278,
lightskyblue,227,279,
lightskyblue,227,273,
lightskyblue,227,274,
lightskyblue,227,275,
lightskyblue,227,276,
lightskyblue,227,277,
lightskyblue,227,280,
lightskyblue,227,281,
lightskyblue,227,282,
lightskyblue,227,283,
lightskyblue,227,284,
lightskyblue,227,285,
lightskyblue,227,271,
lightskyblue,227,272,
lightskyblue,227,278,
lightskyblue,227,279,
lightskyblue,227,273,
lightskyblue,227,274,
lightskyblue,227,275,
lightskyblue,227,276,
lightskyblue,227,277,
lightskyblue,227,280,
lightskyblue,227,281,
lightskyblue,227,282,
lightskyblue,227,283,
lightskyblue,227,284,
lightskyblue,227,285,
lightskyblue,227,271,
lightskyblue,227,272,
lightskyblue,201,238,
lightskyblue,201,239,
lightskyblue,201,240,
lightskyblue,201,241,
lightskyblue,193,253,
lightskyblue,193,254,
lightskyblue,193,255,
lightskyblue,193,256,
lightskyblue,257,281,
lightskyblue,257,282,
lightskyblue,257,276,
lightskyblue,257,277,
lightskyblue,257,283,
lightskyblue,257,284,
lightskyblue,257,285,
lightskyblue,257,271,
lightskyblue,257,272,
lightskyblue,257,273,
lightskyblue,257,274,
lightskyblue,257,275,
lightskyblue,257,281,
lightskyblue,257,282,
lightskyblue,257,276,
lightskyblue,257,277,
lightskyblue,257,283,
lightskyblue,257,284,
lightskyblue,257,285,
lightskyblue,257,271,
lightskyblue,257,272,
lightskyblue,257,273,
lightskyblue,257,274,
lightskyblue,257,275,
lightskyblue,185,238,
lightskyblue,185,239,
lightskyblue,185,240,
lightskyblue,185,241,
lightskyblue,183,253,
lightskyblue,183,254,
lightskyblue,183,255,
lightskyblue,183,256,
lightskyblue,242,281,
lightskyblue,242,282,
lightskyblue,242,276,
lightskyblue,242,277,
lightskyblue,242,283,
lightskyblue,242,284,
lightskyblue,242,285,
lightskyblue,242,271,
lightskyblue,242,272,
lightskyblue,242,273,
lightskyblue,242,274,
lightskyblue,242,275,
lightskyblue,242,281,
lightskyblue,242,282,
lightskyblue,242,276,
lightskyblue,242,277,
lightskyblue,242,283,
lightskyblue,242,284,
lightskyblue,242,285,
lightskyblue,242,271,
lightskyblue,242,272,
lightskyblue,242,273,
lightskyblue,242,274,
lightskyblue,242,275,
lightskyblue,195,237,
lightskyblue,195,238,
lightskyblue,195,239,
lightskyblue,195,240,
lightskyblue,195,241,
lightskyblue,187,252,
lightskyblue,187,253,
lightskyblue,187,254,
lightskyblue,187,255,
lightskyblue,187,256,
lightskyblue,244,280,
lightskyblue,244,281,
lightskyblue,244,275,
lightskyblue,244,276,
lightskyblue,244,277,
lightskyblue,244,282,
lightskyblue,244,283,
lightskyblue,244,284,
lightskyblue,244,285,
lightskyblue,244,271,
lightskyblue,244,272,
lightskyblue,244,273,
lightskyblue,244,274,
lightskyblue,244,280,
lightskyblue,244,281,
lightskyblue,244,275,
lightskyblue,244,276,
lightskyblue,244,277,
lightskyblue,244,282,
lightskyblue,244,283,
lightskyblue,244,284,
lightskyblue,244,285,
lightskyblue,244,271,
lightskyblue,244,272,
lightskyblue,244,273,
lightskyblue,244,274,
lightskyblue,231,234,
lightskyblue,231,235,
lightskyblue,231,236,
lightskyblue,231,237,
lightskyblue,231,238,
lightskyblue,231,239,
lightskyblue,231,240,
lightskyblue,231,241,
lightskyblue,246,249,
lightskyblue,246,250,
lightskyblue,246,251,
lightskyblue,246,252,
lightskyblue,246,253,
lightskyblue,246,254,
lightskyblue,246,255,
lightskyblue,246,256,
lightskyblue,267,270,
lightskyblue,267,278,
lightskyblue,267,272,
lightskyblue,267,273,
lightskyblue,267,274,
lightskyblue,267,275,
lightskyblue,267,276,
lightskyblue,267,277,
lightskyblue,267,279,
lightskyblue,267,280,
lightskyblue,267,281,
lightskyblue,267,282,
lightskyblue,267,283,
lightskyblue,267,284,
lightskyblue,267,285,
lightskyblue,267,271,
lightskyblue,267,270,
lightskyblue,267,278,
lightskyblue,267,272,
lightskyblue,267,273,
lightskyblue,267,274,
lightskyblue,267,275,
lightskyblue,267,276,
lightskyblue,267,277,
lightskyblue,267,279,
lightskyblue,267,280,
lightskyblue,267,281,
lightskyblue,267,282,
lightskyblue,267,283,
lightskyblue,267,284,
lightskyblue,267,285,
lightskyblue,267,271,
lightskyblue,211,236,
lightskyblue,211,237,
lightskyblue,211,238,
lightskyblue,211,239,
lightskyblue,211,240,
lightskyblue,211,241,
lightskyblue,219,251,
lightskyblue,219,252,
lightskyblue,219,253,
lightskyblue,219,254,
lightskyblue,219,255,
lightskyblue,219,256,
lightskyblue,263,279,
lightskyblue,263,280,
lightskyblue,263,274,
lightskyblue,263,275,
lightskyblue,263,276,
lightskyblue,263,277,
lightskyblue,263,281,
lightskyblue,263,282,
lightskyblue,263,283,
lightskyblue,263,284,
lightskyblue,263,285,
lightskyblue,263,271,
lightskyblue,263,272,
lightskyblue,263,273,
lightskyblue,263,279,
lightskyblue,263,280,
lightskyblue,263,274,
lightskyblue,263,275,
lightskyblue,263,276,
lightskyblue,263,277,
lightskyblue,263,281,
lightskyblue,263,282,
lightskyblue,263,283,
lightskyblue,263,284,
lightskyblue,263,285,
lightskyblue,263,271,
lightskyblue,263,272,
lightskyblue,263,273,
lightskyblue,197,237,
lightskyblue,197,238,
lightskyblue,197,239,
lightskyblue,197,240,
lightskyblue,197,241,
lightskyblue,199,252,
lightskyblue,199,253,
lightskyblue,199,254,
lightskyblue,199,255,
lightskyblue,199,256,
lightskyblue,259,280,
lightskyblue,259,281,
lightskyblue,259,275,
lightskyblue,259,276,
lightskyblue,259,277,
lightskyblue,259,282,
lightskyblue,259,283,
lightskyblue,259,284,
lightskyblue,259,285,
lightskyblue,259,271,
lightskyblue,259,272,
lightskyblue,259,273,
lightskyblue,259,274,
lightskyblue,259,280,
lightskyblue,259,281,
lightskyblue,259,275,
lightskyblue,259,276,
lightskyblue,259,277,
lightskyblue,259,282,
lightskyblue,259,283,
lightskyblue,259,284,
lightskyblue,259,285,
lightskyblue,259,271,
lightskyblue,259,272,
lightskyblue,259,273,
lightskyblue,259,274,
lightskyblue,213,234,
lightskyblue,213,235,
lightskyblue,213,236,
lightskyblue,213,237,
lightskyblue,213,238,
lightskyblue,213,239,
lightskyblue,213,240,
lightskyblue,213,241,
lightskyblue,215,249,
lightskyblue,215,250,
lightskyblue,215,251,
lightskyblue,215,252,
lightskyblue,215,253,
lightskyblue,215,254,
lightskyblue,215,255,
lightskyblue,215,256,
lightskyblue,265,270,
lightskyblue,265,278,
lightskyblue,265,272,
lightskyblue,265,273,
lightskyblue,265,274,
lightskyblue,265,275,
lightskyblue,265,276,
lightskyblue,265,277,
lightskyblue,265,279,
lightskyblue,265,280,
lightskyblue,265,281,
lightskyblue,265,282,
lightskyblue,265,283,
lightskyblue,265,284,
lightskyblue,265,285,
lightskyblue,265,271,
lightskyblue,265,270,
lightskyblue,265,278,
lightskyblue,265,272,
lightskyblue,265,273,
lightskyblue,265,274,
lightskyblue,265,275,
lightskyblue,265,276,
lightskyblue,265,277,
lightskyblue,265,279,
lightskyblue,265,280,
lightskyblue,265,281,
lightskyblue,265,282,
lightskyblue,265,283,
lightskyblue,265,284,
lightskyblue,265,285,
lightskyblue,265,271,
lightskyblue,203,237,
lightskyblue,203,238,
lightskyblue,203,239,
lightskyblue,203,240,
lightskyblue,203,241,
lightskyblue,205,252,
lightskyblue,205,253,
lightskyblue,205,254,
lightskyblue,205,255,
lightskyblue,205,256,
lightskyblue,261,280,
lightskyblue,261,281,
lightskyblue,261,275,
lightskyblue,261,276,
lightskyblue,261,277,
lightskyblue,261,282,
lightskyblue,261,283,
lightskyblue,261,284,
lightskyblue,261,285,
lightskyblue,261,271,
lightskyblue,261,272,
lightskyblue,261,273,
lightskyblue,261,274,
lightskyblue,261,280,
lightskyblue,261,281,
lightskyblue,261,275,
lightskyblue,261,276,
lightskyblue,261,277,
lightskyblue,261,282,
lightskyblue,261,283,
lightskyblue,261,284,
lightskyblue,261,285,
lightskyblue,261,271,
lightskyblue,261,272,
lightskyblue,261,273,
lightskyblue,261,274,
