green,
green,
green,
green,
green,
green,
green,
green,
green,
green,
green,
green,
green,
green,
green,
green,
green,
green,
green,
green,
green,
green,
green,
green,
green,
green,
green,
green,
green,
green,
green,
green,
green,
green,
green,
green,
green,
green,
green,
green,
green,
green,
green,
green,
green,
green,
green,
green,
green,
green,
green,
green,
green,
green,
green,
green,
green,
green,
green,
green,
green,
green,
green,
green,
green,
green,
green,
green,
green,
green,
green,
green,
green,
green,
green,
green,
green,
green,
green,
green,
green,
green,
green,
green,
green,
green,
green,
green,
green,
green,
green,
green,
green,
green,
green,
green,
green,
green,
green,
gold,0,590,591,592,593,
gold,0,
gold,1,661,662,663,664,665,
gold,1,
gold,2,394,395,396,397,
gold,2,
gold,3,378,379,380,381,382,383,384,385,386,387,388,389,
gold,3,
gold,4,631,632,633,634,635,636,
gold,4,
gold,5,637,638,639,640,641,642,
gold,5,
gold,6,512,513,514,515,
gold,6,
gold,7,496,497,498,499,500,501,502,503,504,505,506,507,
gold,7,
gold,8,508,509,510,511,
gold,8,
gold,9,416,417,418,419,420,
gold,9,
gold,10,398,399,400,401,402,403,404,405,406,407,408,409,410,
gold,10,
gold,11,684,685,686,687,688,
gold,11,
gold,12,679,680,681,682,683,
gold,12,
gold,13,441,442,443,444,445,446,
gold,13,
gold,14,421,422,423,424,425,426,427,428,429,430,431,432,433,434,
gold,14,
gold,15,689,690,691,692,693,694,695,696,697,698,699,700,701,702,703,704,
gold,15,
gold,16,705,706,707,708,709,710,711,712,
gold,16,
gold,17,465,466,467,468,469,
gold,17,
gold,18,447,448,449,450,451,452,453,454,455,456,457,458,459,
gold,18,
gold,19,743,744,745,746,747,748,749,
gold,19,
gold,20,721,722,723,724,725,726,727,728,729,730,731,732,733,734,735,
gold,20,
gold,21,656,657,658,659,660,
gold,21,
gold,22,562,563,564,565,566,567,
gold,22,
gold,23,548,549,550,551,552,553,554,555,556,557,558,559,560,561,
gold,23,
gold,24,568,569,570,571,572,573,
gold,24,
gold,25,586,587,588,589,
gold,25,
gold,26,532,533,534,535,536,537,538,539,
gold,26,
gold,27,516,517,518,519,520,521,522,523,524,525,526,527,528,529,530,531,
gold,27,
gold,28,540,541,542,543,544,545,546,547,
gold,28,
gold,29,358,359,360,361,362,363,364,365,366,367,368,369,
gold,29,
gold,30,370,371,372,373,
gold,30,
gold,31,594,595,596,597,598,599,600,601,602,603,604,605,606,
gold,31,
gold,32,612,613,614,615,616,
gold,32,
gold,33,490,491,492,493,494,495,
gold,33,
gold,34,470,471,472,473,474,475,476,477,478,479,480,481,482,483,
gold,34,
gold,35,484,485,486,487,488,489,
gold,35,
gold,36,342,343,344,345,346,347,348,349,
gold,36,
gold,37,326,327,328,329,330,331,332,333,334,335,336,337,338,339,340,341,
gold,37,
gold,38,770,771,772,773,774,775,936,937,938,939,940,941,942,943,1107,1108,1109,1110,1283,1284,1285,1286,1772,1773,1774,1775,1776,1777,1778,1779,1780,1781,1782,1783,
gold,38,374,375,376,377,1756,1757,1758,1759,
gold,39,790,791,792,793,794,795,816,817,818,819,820,821,844,845,846,847,848,849,850,851,874,875,876,877,878,879,1299,1300,1301,1302,1792,1793,1794,1795,1796,1797,1798,1799,1800,1801,1802,1803,
gold,39,390,391,392,393,1784,1785,1786,1787,
gold,40,796,797,798,799,800,801,822,823,824,825,826,827,852,853,854,855,856,857,858,859,880,881,882,883,884,885,1303,1304,1305,1306,1664,1804,1805,1806,1807,1808,1809,1810,1811,1812,1813,1814,1815,
gold,40,394,395,396,397,1788,1789,1790,1791,
gold,41,764,765,766,767,768,769,928,929,930,931,932,933,934,935,1103,1104,1105,1106,1279,1280,1281,1282,1662,1760,1761,1762,1763,1764,1765,1766,1767,1768,1769,1770,1771,
gold,41,370,371,372,373,1752,1753,1754,1755,
gold,42,956,957,958,959,1079,1080,1081,1082,1083,1084,1320,1321,1322,1323,1324,1826,1827,1828,1829,1830,1831,1832,1833,1834,1835,1836,1837,1838,
gold,42,411,412,413,414,415,1816,1817,1818,1819,1820,
gold,43,844,845,846,847,848,849,850,851,874,875,876,877,878,879,928,929,930,931,932,933,934,935,956,957,958,959,977,978,979,980,981,1003,1004,1005,1006,1007,1008,1009,1010,1124,1125,1126,1127,1128,1148,1149,1150,1151,1152,1153,1369,1370,1371,1372,1373,1902,1903,1904,1905,1906,1907,1908,1909,1910,1911,1912,1913,1914,
gold,43,460,461,462,463,464,1892,1893,1894,1895,1896,
gold,44,960,961,962,963,1085,1086,1087,1088,1089,1090,1325,1326,1327,1328,1329,1666,1839,1840,1841,1842,1843,1844,1845,1846,1847,1848,1849,1850,1851,
gold,44,416,417,418,419,420,1821,1822,1823,1824,1825,
gold,45,852,853,854,855,856,857,858,859,880,881,882,883,884,885,936,937,938,939,940,941,942,943,960,961,962,963,982,983,984,985,986,1011,1012,1013,1014,1015,1016,1017,1018,1129,1130,1131,1132,1133,1154,1155,1156,1157,1158,1159,1374,1375,1376,1377,1378,1670,1915,1916,1917,1918,1919,1920,1921,1922,1923,1924,1925,1926,1927,
gold,45,465,466,467,468,469,1897,1898,1899,1900,1901,
gold,46,1079,1080,1081,1082,1083,1084,1173,1174,1175,1176,1177,1417,1418,1419,1420,1675,1976,1977,1978,1979,1980,1981,1982,1983,1984,1985,1986,1987,
gold,46,508,509,510,511,956,957,958,959,1968,1969,1970,1971,
gold,47,1085,1086,1087,1088,1089,1090,1178,1179,1180,1181,1182,1421,1422,1423,1424,1676,1988,1989,1990,1991,1992,1993,1994,1995,1996,1997,1998,1999,
gold,47,512,513,514,515,960,961,962,963,1972,1973,1974,1975,
gold,48,816,817,818,819,820,821,900,901,902,903,904,905,1196,1197,1198,1199,1200,1344,1345,1346,1347,1348,1349,1864,1865,1866,1867,1868,1869,1870,1871,1872,1873,1874,1875,1876,1877,
gold,48,435,436,437,438,439,440,1852,1853,1854,1855,1856,1857,
gold,49,822,823,824,825,826,827,906,907,908,909,910,911,1201,1202,1203,1204,1205,1350,1351,1352,1353,1354,1355,1668,1878,1879,1880,1881,1882,1883,1884,1885,1886,1887,1888,1889,1890,1891,
gold,49,441,442,443,444,445,446,1858,1859,1860,1861,1862,1863,
gold,50,1499,1500,1501,1502,1685,2108,2109,2110,2111,2112,2113,2114,2115,2116,2117,2118,2119,
gold,50,590,591,592,593,1107,1108,1109,1110,2092,2093,2094,2095,
gold,51,1495,1496,1497,1498,1684,2096,2097,2098,2099,2100,2101,2102,2103,2104,2105,2106,2107,
gold,51,586,587,588,589,1103,1104,1105,1106,2088,2089,2090,2091,
gold,52,770,771,772,773,774,775,796,797,798,799,800,801,906,907,908,909,910,911,1259,1260,1261,1262,1263,1264,1265,1266,1736,1737,1738,1739,1740,1741,1742,1743,1744,1745,1746,1747,1748,1749,1750,1751,
gold,52,350,351,352,353,354,355,356,357,1712,1713,1714,1715,1716,1717,1718,1719,
gold,53,764,765,766,767,768,769,790,791,792,793,794,795,900,901,902,903,904,905,1251,1252,1253,1254,1255,1256,1257,1258,1660,1720,1721,1722,1723,1724,1725,1726,1727,1728,1729,1730,1731,1732,1733,1734,1735,
gold,53,342,343,344,345,346,347,348,349,1704,1705,1706,1707,1708,1709,1710,1711,
gold,54,982,983,984,985,986,1011,1012,1013,1014,1015,1016,1017,1018,1037,1038,1039,1040,1041,1060,1061,1062,1063,1064,1228,1229,1230,1231,1232,1233,1234,1399,1400,1401,1402,1403,1404,1673,1954,1955,1956,1957,1958,1959,1960,1961,1962,1963,1964,1965,1966,1967,
gold,54,490,491,492,493,494,495,822,823,824,825,826,827,906,907,908,909,910,911,1934,1935,1936,1937,1938,1939,
gold,55,1593,1594,1595,1596,1597,1697,2255,2256,2257,2258,2259,2260,2261,2262,2263,2264,2265,2266,2267,
gold,55,684,685,686,687,688,982,983,984,985,986,1201,1202,1203,1204,1205,2237,2238,2239,2240,2241,
gold,56,977,978,979,980,981,1003,1004,1005,1006,1007,1008,1009,1010,1032,1033,1034,1035,1036,1055,1056,1057,1058,1059,1221,1222,1223,1224,1225,1226,1227,1393,1394,1395,1396,1397,1398,1672,1940,1941,1942,1943,1944,1945,1946,1947,1948,1949,1950,1951,1952,1953,
gold,56,484,485,486,487,488,489,816,817,818,819,820,821,900,901,902,903,904,905,1928,1929,1930,1931,1932,1933,
gold,57,1588,1589,1590,1591,1592,1696,2242,2243,2244,2245,2246,2247,2248,2249,2250,2251,2252,2253,2254,
gold,57,679,680,681,682,683,977,978,979,980,981,1196,1197,1198,1199,1200,2232,2233,2234,2235,2236,
gold,58,1521,1522,1523,1524,1525,1688,2143,2144,2145,2146,2147,2148,2149,2150,2151,2152,2153,2154,2155,
gold,58,612,613,614,615,616,1037,1038,1039,1040,1041,1129,1130,1131,1132,1133,2125,2126,2127,2128,2129,
gold,59,1570,1571,1572,1573,1574,1694,2219,2220,2221,2222,2223,2224,2225,2226,2227,2228,2229,2230,2231,
gold,59,661,662,663,664,665,1060,1061,1062,1063,1064,1178,1179,1180,1181,1182,2201,2202,2203,2204,2205,
gold,60,1565,1566,1567,1568,1569,1693,2206,2207,2208,2209,2210,2211,2212,2213,2214,2215,2216,2217,2218,
gold,60,656,657,658,659,660,1055,1056,1057,1058,1059,1173,1174,1175,1176,1177,2196,2197,2198,2199,2200,
gold,61,1614,1615,1616,1617,1618,1619,1620,1621,1699,2284,2285,2286,2287,2288,2289,2290,2291,2292,2293,2294,2295,2296,2297,2298,2299,
gold,61,705,706,707,708,709,710,711,712,1003,1004,1005,1006,1007,1008,1009,1010,2268,2269,2270,2271,2272,2273,2274,2275,
gold,62,1540,1541,1542,1543,1544,1545,1690,2168,2169,2170,2171,2172,2173,2174,2175,2176,2177,2178,2179,2180,2181,
gold,62,631,632,633,634,635,636,1079,1080,1081,1082,1083,1084,1148,1149,1150,1151,1152,1153,2156,2157,2158,2159,2160,2161,
gold,63,1546,1547,1548,1549,1550,1551,1691,2182,2183,2184,2185,2186,2187,2188,2189,2190,2191,2192,2193,2194,2195,
gold,63,637,638,639,640,641,642,1085,1086,1087,1088,1089,1090,1154,1155,1156,1157,1158,1159,2162,2163,2164,2165,2166,2167,
gold,64,1037,1038,1039,1040,1041,1060,1061,1062,1063,1064,1201,1202,1203,1204,1205,1228,1229,1230,1231,1232,1233,1234,1477,1478,1479,1480,1481,1482,1682,2074,2075,2076,2077,2078,2079,2080,2081,2082,2083,2084,2085,2086,2087,
gold,64,568,569,570,571,572,573,770,771,772,773,774,775,796,797,798,799,800,801,880,881,882,883,884,885,2054,2055,2056,2057,2058,2059,
gold,65,1652,1653,1654,1655,1656,1657,1658,1703,2345,2346,2347,2348,2349,2350,2351,2352,2353,2354,2355,2356,2357,2358,2359,
gold,65,743,744,745,746,747,748,749,1228,1229,1230,1231,1232,1233,1234,2323,2324,2325,2326,2327,2328,2329,
gold,66,1032,1033,1034,1035,1036,1055,1056,1057,1058,1059,1196,1197,1198,1199,1200,1221,1222,1223,1224,1225,1226,1227,1471,1472,1473,1474,1475,1476,1681,2060,2061,2062,2063,2064,2065,2066,2067,2068,2069,2070,2071,2072,2073,
gold,66,562,563,564,565,566,567,764,765,766,767,768,769,790,791,792,793,794,795,874,875,876,877,878,879,2048,2049,2050,2051,2052,2053,
gold,67,1516,1517,1518,1519,1520,1687,2130,2131,2132,2133,2134,2135,2136,2137,2138,2139,2140,2141,2142,
gold,67,607,608,609,610,611,1032,1033,1034,1035,1036,1124,1125,1126,1127,1128,2120,2121,2122,2123,2124,
gold,68,1645,1646,1647,1648,1649,1650,1651,1702,2330,2331,2332,2333,2334,2335,2336,2337,2338,2339,2340,2341,2342,2343,2344,
gold,68,736,737,738,739,740,741,742,1221,1222,1223,1224,1225,1226,1227,2316,2317,2318,2319,2320,2321,2322,
gold,69,776,777,778,779,780,781,782,783,784,785,786,787,788,789,802,803,804,805,806,807,808,809,810,811,812,813,814,815,828,829,830,831,832,833,834,835,836,837,838,839,840,841,842,843,860,861,862,863,864,865,866,867,868,869,870,871,872,873,1287,1288,1289,1290,1291,1292,1293,1294,1295,1296,1297,1298,1663,1784,1785,1786,1787,1788,1789,1790,1791,
gold,69,378,379,380,381,382,383,384,385,386,387,388,389,1792,1793,1794,1795,1796,1797,1798,1799,1800,1801,1802,1803,1804,1805,1806,1807,1808,1809,1810,1811,1812,1813,1814,1815,
gold,70,750,751,752,753,754,755,756,757,758,759,760,761,762,763,912,913,914,915,916,917,918,919,920,921,922,923,924,925,926,927,1091,1092,1093,1094,1095,1096,1097,1098,1099,1100,1101,1102,1267,1268,1269,1270,1271,1272,1273,1274,1275,1276,1277,1278,1661,1752,1753,1754,1755,1756,1757,1758,1759,
gold,70,358,359,360,361,362,363,364,365,366,367,368,369,1760,1761,1762,1763,1764,1765,1766,1767,1768,1769,1770,1771,1772,1773,1774,1775,1776,1777,1778,1779,1780,1781,1782,1783,
gold,71,1103,1104,1105,1106,1124,1125,1126,1127,1128,1148,1149,1150,1151,1152,1153,1173,1174,1175,1176,1177,1441,1442,1443,1444,1445,1446,1447,1448,1678,2016,2017,2018,2019,2020,2021,2022,2023,2024,2025,2026,2027,2028,2029,2030,2031,
gold,71,532,533,534,535,536,537,538,539,844,845,846,847,848,849,850,851,928,929,930,931,932,933,934,935,2000,2001,2002,2003,2004,2005,2006,2007,
gold,72,1107,1108,1109,1110,1129,1130,1131,1132,1133,1154,1155,1156,1157,1158,1159,1178,1179,1180,1181,1182,1449,1450,1451,1452,1453,1454,1455,1456,1679,2032,2033,2034,2035,2036,2037,2038,2039,2040,2041,2042,2043,2044,2045,2046,2047,
gold,72,540,541,542,543,544,545,546,547,852,853,854,855,856,857,858,859,936,937,938,939,940,941,942,943,2008,2009,2010,2011,2012,2013,2014,2015,
gold,73,1622,1623,1624,1625,1626,1627,1628,1629,1700,2300,2301,2302,2303,2304,2305,2306,2307,2308,2309,2310,2311,2312,2313,2314,2315,
gold,73,713,714,715,716,717,718,719,720,1011,1012,1013,1014,1015,1016,1017,1018,2276,2277,2278,2279,2280,2281,2282,2283,
gold,74,944,945,946,947,948,949,950,951,952,953,954,955,1065,1066,1067,1068,1069,1070,1071,1072,1073,1074,1075,1076,1077,1078,1307,1308,1309,1310,1311,1312,1313,1314,1315,1316,1317,1318,1319,1665,1816,1817,1818,1819,1820,1821,1822,1823,1824,1825,
gold,74,398,399,400,401,402,403,404,405,406,407,408,409,410,1826,1827,1828,1829,1830,1831,1832,1833,1834,1835,1836,1837,1838,1839,1840,1841,1842,1843,1844,1845,1846,1847,1848,1849,1850,1851,
gold,75,828,829,830,831,832,833,834,835,836,837,838,839,840,841,842,843,860,861,862,863,864,865,866,867,868,869,870,871,872,873,912,913,914,915,916,917,918,919,920,921,922,923,924,925,926,927,944,945,946,947,948,949,950,951,952,953,954,955,964,965,966,967,968,969,970,971,972,973,974,975,976,987,988,989,990,991,992,993,994,995,996,997,998,999,1000,1001,1002,1111,1112,1113,1114,1115,1116,1117,1118,1119,1120,1121,1122,1123,1134,1135,1136,1137,1138,1139,1140,1141,1142,1143,1144,1145,1146,1147,1356,1357,1358,1359,1360,1361,1362,1363,1364,1365,1366,1367,1368,1669,1892,1893,1894,1895,1896,1897,1898,1899,1900,1901,
gold,75,447,448,449,450,451,452,453,454,455,456,457,458,459,1902,1903,1904,1905,1906,1907,1908,1909,1910,1911,1912,1913,1914,1915,1916,1917,1918,1919,1920,1921,1922,1923,1924,1925,1926,1927,
gold,76,802,803,804,805,806,807,808,809,810,811,812,813,814,815,886,887,888,889,890,891,892,893,894,895,896,897,898,899,1183,1184,1185,1186,1187,1188,1189,1190,1191,1192,1193,1194,1195,1330,1331,1332,1333,1334,1335,1336,1337,1338,1339,1340,1341,1342,1343,1667,1852,1853,1854,1855,1856,1857,1858,1859,1860,1861,1862,1863,
gold,76,421,422,423,424,425,426,427,428,429,430,431,432,433,434,1864,1865,1866,1867,1868,1869,1870,1871,1872,1873,1874,1875,1876,1877,1878,1879,1880,1881,1882,1883,1884,1885,1886,1887,1888,1889,1890,1891,
gold,77,1065,1066,1067,1068,1069,1070,1071,1072,1073,1074,1075,1076,1077,1078,1160,1161,1162,1163,1164,1165,1166,1167,1168,1169,1170,1171,1172,1405,1406,1407,1408,1409,1410,1411,1412,1413,1414,1415,1416,1674,1968,1969,1970,1971,1972,1973,1974,1975,
gold,77,496,497,498,499,500,501,502,503,504,505,506,507,944,945,946,947,948,949,950,951,952,953,954,955,1976,1977,1978,1979,1980,1981,1982,1983,1984,1985,1986,1987,1988,1989,1990,1991,1992,1993,1994,1995,1996,1997,1998,1999,
gold,78,750,751,752,753,754,755,756,757,758,759,760,761,762,763,776,777,778,779,780,781,782,783,784,785,786,787,788,789,886,887,888,889,890,891,892,893,894,895,896,897,898,899,1235,1236,1237,1238,1239,1240,1241,1242,1243,1244,1245,1246,1247,1248,1249,1250,1659,1704,1705,1706,1707,1708,1709,1710,1711,1712,1713,1714,1715,1716,1717,1718,1719,
gold,78,326,327,328,329,330,331,332,333,334,335,336,337,338,339,340,341,1720,1721,1722,1723,1724,1725,1726,1727,1728,1729,1730,1731,1732,1733,1734,1735,1736,1737,1738,1739,1740,1741,1742,1743,1744,1745,1746,1747,1748,1749,1750,1751,
gold,79,350,374,394,416,441,465,490,512,540,568,590,612,637,661,684,713,743,770,796,822,852,880,906,936,960,982,1011,1037,1060,1085,1107,1129,1154,1178,1201,1228,1712,1756,1788,1821,1858,1897,1934,1972,2008,2054,2092,2125,2162,2201,2237,2276,2323,
gold,79,351,375,395,417,442,466,491,513,541,569,591,613,638,662,685,714,744,771,797,823,853,881,907,937,961,983,1012,1038,1061,1086,1108,1130,1155,1179,1202,1229,1259,1449,1622,1713,1757,1789,1822,1859,1898,1935,1973,2009,2055,2093,2126,2163,2202,2238,2277,2324,
gold,79,352,376,396,418,443,467,492,514,542,570,592,614,639,663,686,715,745,772,798,824,854,882,908,938,962,984,1013,1039,1062,1087,1109,1131,1156,1180,1203,1230,1260,1450,1623,1652,1714,1758,1790,1823,1860,1899,1936,1974,2010,2056,2094,2127,2164,2203,2239,2278,2325,
gold,79,353,377,397,419,444,468,493,515,543,571,593,615,640,664,687,716,746,773,799,825,855,883,909,939,963,985,1014,1040,1063,1088,1110,1132,1157,1181,1204,1231,1261,1350,1399,1451,1477,1546,1624,1653,1715,1759,1791,1824,1861,1900,1937,1975,2011,2057,2095,2128,2165,2204,2240,2279,2326,
gold,79,354,420,445,469,494,544,572,616,641,665,688,717,747,774,800,826,856,884,910,940,986,1015,1041,1064,1089,1133,1158,1182,1205,1232,1262,1325,1351,1374,1400,1452,1478,1521,1547,1570,1593,1625,1654,1716,1825,1862,1901,1938,2012,2058,2129,2166,2205,2241,2280,2327,
gold,79,355,446,495,545,573,642,718,748,775,801,827,857,885,911,941,1016,1090,1159,1233,1263,1283,1303,1326,1352,1375,1401,1421,1453,1479,1499,1522,1548,1571,1594,1626,1655,1717,1863,1939,2013,2059,2167,2281,2328,
gold,79,356,546,719,749,858,942,1017,1234,1264,1284,1304,1327,1353,1376,1402,1422,1454,1480,1500,1523,1549,1572,1595,1627,1656,1718,2014,2282,2329,
gold,79,357,547,720,859,943,1018,1265,1285,1305,1328,1354,1377,1403,1423,1455,1481,1501,1524,1550,1573,1596,1628,1657,1719,2015,2283,
gold,79,1266,1286,1306,1329,1355,1378,1404,1424,1456,1482,1502,1525,1551,1574,1597,1629,1658,
gold,80,342,370,390,411,435,460,484,508,532,562,586,607,631,656,679,705,736,764,790,816,844,874,900,928,956,977,1003,1032,1055,1079,1103,1124,1148,1173,1196,1221,1704,1752,1784,1816,1852,1892,1928,1968,2000,2048,2088,2120,2156,2196,2232,2268,2316,
gold,80,343,371,391,412,436,461,485,509,533,563,587,608,632,657,680,706,737,765,791,817,845,875,901,929,957,978,1004,1033,1056,1080,1104,1125,1149,1174,1197,1222,1251,1441,1614,1705,1753,1785,1817,1853,1893,1929,1969,2001,2049,2089,2121,2157,2197,2233,2269,2317,
gold,80,344,372,392,413,437,462,486,510,534,564,588,609,633,658,681,707,738,766,792,818,846,876,902,930,958,979,1005,1034,1057,1081,1105,1126,1150,1175,1198,1223,1252,1442,1615,1645,1706,1754,1786,1818,1854,1894,1930,1970,2002,2050,2090,2122,2158,2198,2234,2270,2318,
gold,80,345,373,393,414,438,463,487,511,535,565,589,610,634,659,682,708,739,767,793,819,847,877,903,931,959,980,1006,1035,1058,1082,1106,1127,1151,1176,1199,1224,1253,1344,1393,1443,1471,1540,1616,1646,1707,1755,1787,1819,1855,1895,1931,1971,2003,2051,2091,2123,2159,2199,2235,2271,2319,
gold,80,346,415,439,464,488,536,566,611,635,660,683,709,740,768,794,820,848,878,904,932,981,1007,1036,1059,1083,1128,1152,1177,1200,1225,1254,1320,1345,1369,1394,1444,1472,1516,1541,1565,1588,1617,1647,1708,1820,1856,1896,1932,2004,2052,2124,2160,2200,2236,2272,2320,
gold,80,347,440,489,537,567,636,710,741,769,795,821,849,879,905,933,1008,1084,1153,1226,1255,1279,1299,1321,1346,1370,1395,1417,1445,1473,1495,1517,1542,1566,1589,1618,1648,1709,1857,1933,2005,2053,2161,2273,2321,
gold,80,348,538,711,742,850,934,1009,1227,1256,1280,1300,1322,1347,1371,1396,1418,1446,1474,1496,1518,1543,1567,1590,1619,1649,1710,2006,2274,2322,
gold,80,349,539,712,851,935,1010,1257,1281,1301,1323,1348,1372,1397,1419,1447,1475,1497,1519,1544,1568,1591,1620,1650,1711,2007,2275,
gold,80,1258,1282,1302,1324,1349,1373,1398,1420,1448,1476,1498,1520,1545,1569,1592,1621,1651,
gold,81,1483,1484,1485,1486,1487,1488,1489,1490,1491,1492,1493,1494,1683,2088,2089,2090,2091,2092,2093,2094,2095,
gold,81,574,575,576,577,578,579,580,581,582,583,584,585,1091,1092,1093,1094,1095,1096,1097,1098,1099,1100,1101,1102,2096,2097,2098,2099,2100,2101,2102,2103,2104,2105,2106,2107,2108,2109,2110,2111,2112,2113,2114,2115,2116,2117,2118,2119,
gold,82,964,965,966,967,968,969,970,971,972,973,974,975,976,987,988,989,990,991,992,993,994,995,996,997,998,999,1000,1001,1002,1019,1020,1021,1022,1023,1024,1025,1026,1027,1028,1029,1030,1031,1042,1043,1044,1045,1046,1047,1048,1049,1050,1051,1052,1053,1054,1206,1207,1208,1209,1210,1211,1212,1213,1214,1215,1216,1217,1218,1219,1220,1379,1380,1381,1382,1383,1384,1385,1386,1387,1388,1389,1390,1391,1392,1671,1928,1929,1930,1931,1932,1933,1934,1935,1936,1937,1938,1939,
gold,82,470,471,472,473,474,475,476,477,478,479,480,481,482,483,802,803,804,805,806,807,808,809,810,811,812,813,814,815,886,887,888,889,890,891,892,893,894,895,896,897,898,899,1940,1941,1942,1943,1944,1945,1946,1947,1948,1949,1950,1951,1952,1953,1954,1955,1956,1957,1958,1959,1960,1961,1962,1963,1964,1965,1966,1967,
gold,83,1598,1599,1600,1601,1602,1603,1604,1605,1606,1607,1608,1609,1610,1611,1612,1613,1698,2268,2269,2270,2271,2272,2273,2274,2275,2276,2277,2278,2279,2280,2281,2282,2283,
gold,83,689,690,691,692,693,694,695,696,697,698,699,700,701,702,703,704,987,988,989,990,991,992,993,994,995,996,997,998,999,1000,1001,1002,2284,2285,2286,2287,2288,2289,2290,2291,2292,2293,2294,2295,2296,2297,2298,2299,2300,2301,2302,2303,2304,2305,2306,2307,2308,2309,2310,2311,2312,2313,2314,2315,
gold,84,1630,1631,1632,1633,1634,1635,1636,1637,1638,1639,1640,1641,1642,1643,1644,1701,2316,2317,2318,2319,2320,2321,2322,2323,2324,2325,2326,2327,2328,2329,
gold,84,721,722,723,724,725,726,727,728,729,730,731,732,733,734,735,1206,1207,1208,1209,1210,1211,1212,1213,1214,1215,1216,1217,1218,1219,1220,2330,2331,2332,2333,2334,2335,2336,2337,2338,2339,2340,2341,2342,2343,2344,2345,2346,2347,2348,2349,2350,2351,2352,2353,2354,2355,2356,2357,2358,2359,
gold,85,1091,1092,1093,1094,1095,1096,1097,1098,1099,1100,1101,1102,1111,1112,1113,1114,1115,1116,1117,1118,1119,1120,1121,1122,1123,1134,1135,1136,1137,1138,1139,1140,1141,1142,1143,1144,1145,1146,1147,1160,1161,1162,1163,1164,1165,1166,1167,1168,1169,1170,1171,1172,1425,1426,1427,1428,1429,1430,1431,1432,1433,1434,1435,1436,1437,1438,1439,1440,1677,2000,2001,2002,2003,2004,2005,2006,2007,2008,2009,2010,2011,2012,2013,2014,2015,
gold,85,516,517,518,519,520,521,522,523,524,525,526,527,528,529,530,531,828,829,830,831,832,833,834,835,836,837,838,839,840,841,842,843,912,913,914,915,916,917,918,919,920,921,922,923,924,925,926,927,2016,2017,2018,2019,2020,2021,2022,2023,2024,2025,2026,2027,2028,2029,2030,2031,2032,2033,2034,2035,2036,2037,2038,2039,2040,2041,2042,2043,2044,2045,2046,2047,
gold,86,1503,1504,1505,1506,1507,1508,1509,1510,1511,1512,1513,1514,1515,1686,2120,2121,2122,2123,2124,2125,2126,2127,2128,2129,
gold,86,594,595,596,597,598,599,600,601,602,603,604,605,606,1019,1020,1021,1022,1023,1024,1025,1026,1027,1028,1029,1030,1031,1111,1112,1113,1114,1115,1116,1117,1118,1119,1120,1121,1122,1123,2130,2131,2132,2133,2134,2135,2136,2137,2138,2139,2140,2141,2142,2143,2144,2145,2146,2147,2148,2149,2150,2151,2152,2153,2154,2155,
gold,87,1019,1020,1021,1022,1023,1024,1025,1026,1027,1028,1029,1030,1031,1042,1043,1044,1045,1046,1047,1048,1049,1050,1051,1052,1053,1054,1183,1184,1185,1186,1187,1188,1189,1190,1191,1192,1193,1194,1195,1206,1207,1208,1209,1210,1211,1212,1213,1214,1215,1216,1217,1218,1219,1220,1457,1458,1459,1460,1461,1462,1463,1464,1465,1466,1467,1468,1469,1470,1680,2048,2049,2050,2051,2052,2053,2054,2055,2056,2057,2058,2059,
gold,87,548,549,550,551,552,553,554,555,556,557,558,559,560,561,750,751,752,753,754,755,756,757,758,759,760,761,762,763,776,777,778,779,780,781,782,783,784,785,786,787,788,789,860,861,862,863,864,865,866,867,868,869,870,871,872,873,2060,2061,2062,2063,2064,2065,2066,2067,2068,2069,2070,2071,2072,2073,2074,2075,2076,2077,2078,2079,2080,2081,2082,2083,2084,2085,2086,2087,
gold,88,1552,1553,1554,1555,1556,1557,1558,1559,1560,1561,1562,1563,1564,1692,2196,2197,2198,2199,2200,2201,2202,2203,2204,2205,
gold,88,643,644,645,646,647,648,649,650,651,652,653,654,655,1042,1043,1044,1045,1046,1047,1048,1049,1050,1051,1052,1053,1054,1160,1161,1162,1163,1164,1165,1166,1167,1168,1169,1170,1171,1172,2206,2207,2208,2209,2210,2211,2212,2213,2214,2215,2216,2217,2218,2219,2220,2221,2222,2223,2224,2225,2226,2227,2228,2229,2230,2231,
gold,89,1575,1576,1577,1578,1579,1580,1581,1582,1583,1584,1585,1586,1587,1695,2232,2233,2234,2235,2236,2237,2238,2239,2240,2241,
gold,89,666,667,668,669,670,671,672,673,674,675,676,677,678,964,965,966,967,968,969,970,971,972,973,974,975,976,1183,1184,1185,1186,1187,1188,1189,1190,1191,1192,1193,1194,1195,2242,2243,2244,2245,2246,2247,2248,2249,2250,2251,2252,2253,2254,2255,2256,2257,2258,2259,2260,2261,2262,2263,2264,2265,2266,2267,
gold,90,1526,1527,1528,1529,1530,1531,1532,1533,1534,1535,1536,1537,1538,1539,1689,2156,2157,2158,2159,2160,2161,2162,2163,2164,2165,2166,2167,
gold,90,617,618,619,620,621,622,623,624,625,626,627,628,629,630,1065,1066,1067,1068,1069,1070,1071,1072,1073,1074,1075,1076,1077,1078,1134,1135,1136,1137,1138,1139,1140,1141,1142,1143,1144,1145,1146,1147,2168,2169,2170,2171,2172,2173,2174,2175,2176,2177,2178,2179,2180,2181,2182,2183,2184,2185,2186,2187,2188,2189,2190,2191,2192,2193,2194,2195,
gold,91,326,358,378,398,421,447,470,496,516,548,574,594,617,643,666,689,721,750,776,802,828,860,886,912,944,964,987,1019,1042,1065,1091,1111,1134,1160,1183,1206,1720,1736,1760,1772,1792,1804,1826,1839,1864,1878,1902,1915,1940,1954,1976,1988,2016,2032,2060,2074,2096,2108,2130,2143,2168,2182,2206,2219,2242,2255,2284,2300,2330,2345,
gold,91,327,359,379,399,422,448,471,497,517,549,575,595,618,644,667,690,722,751,777,803,829,861,887,913,945,965,988,1020,1043,1066,1092,1112,1135,1161,1184,1207,1235,1425,1598,1721,1737,1761,1773,1793,1805,1827,1840,1865,1879,1903,1916,1941,1955,1977,1989,2017,2033,2061,2075,2097,2109,2131,2144,2169,2183,2207,2220,2243,2256,2285,2301,2331,2346,
gold,91,328,360,380,400,423,449,472,498,518,550,576,596,619,645,668,691,723,752,778,804,830,862,888,914,946,966,989,1021,1044,1067,1093,1113,1136,1162,1185,1208,1236,1267,1287,1307,1330,1356,1379,1405,1426,1457,1483,1503,1526,1552,1575,1599,1630,1722,1738,1762,1774,1794,1806,1828,1841,1866,1880,1904,1917,1942,1956,1978,1990,2018,2034,2062,2076,2098,2110,2132,2145,2170,2184,2208,2221,2244,2257,2286,2302,2332,2347,
gold,91,329,361,381,401,424,450,473,499,519,551,577,597,620,646,669,692,724,753,779,805,831,863,889,915,947,967,990,1022,1045,1068,1094,1114,1137,1163,1186,1209,1237,1268,1288,1308,1331,1357,1380,1406,1427,1458,1484,1504,1527,1553,1576,1600,1631,1723,1739,1763,1775,1795,1807,1829,1842,1867,1881,1905,1918,1943,1957,1979,1991,2019,2035,2063,2077,2099,2111,2133,2146,2171,2185,2209,2222,2245,2258,2287,2303,2333,2348,
gold,91,330,402,425,451,474,520,552,598,621,647,670,693,725,754,780,806,832,864,890,916,968,991,1023,1046,1069,1115,1138,1164,1187,1210,1238,1269,1289,1309,1332,1358,1381,1407,1428,1459,1485,1505,1528,1554,1577,1601,1632,1724,1740,1830,1843,1868,1882,1906,1919,1944,1958,2020,2036,2064,2078,2134,2147,2172,2186,2210,2223,2246,2259,2288,2304,2334,2349,
gold,91,331,426,475,521,553,622,694,726,755,781,807,833,865,891,917,992,1070,1139,1211,1239,1270,1290,1310,1333,1359,1382,1408,1429,1460,1486,1506,1529,1555,1578,1602,1633,1725,1741,1869,1883,1945,1959,2021,2037,2065,2079,2173,2187,2289,2305,2335,2350,
gold,91,332,522,695,727,834,918,993,1212,1240,1271,1291,1311,1334,1360,1383,1409,1430,1461,1487,1507,1530,1556,1579,1603,1634,1726,1742,2022,2038,2290,2306,2336,2351,
gold,91,333,523,696,835,919,994,1241,1272,1292,1312,1335,1361,1384,1410,1431,1462,1488,1508,1531,1557,1580,1604,1635,1727,1743,2023,2039,2291,2307,
gold,91,1242,1273,1293,1313,1336,1362,1385,1411,1432,1463,1489,1509,1532,1558,1581,1605,1636,
gold,91,334,362,382,403,427,452,476,500,524,554,578,599,623,648,671,697,728,756,782,808,836,866,892,920,948,969,995,1024,1047,1071,1095,1116,1140,1165,1188,1213,1243,1433,1606,1637,1728,1744,1764,1776,1796,1808,1831,1844,1870,1884,1907,1920,1946,1960,1980,1992,2024,2040,2066,2080,2100,2112,2135,2148,2174,2188,2211,2224,2247,2260,2292,2308,2337,2352,
gold,91,335,363,383,404,428,453,477,501,525,555,579,600,624,649,672,698,729,757,783,809,837,867,893,921,949,970,996,1025,1048,1072,1096,1117,1141,1166,1189,1214,1244,1337,1386,1434,1464,1533,1607,1638,1729,1745,1765,1777,1797,1809,1832,1845,1871,1885,1908,1921,1947,1961,1981,1993,2025,2041,2067,2081,2101,2113,2136,2149,2175,2189,2212,2225,2248,2261,2293,2309,2338,2353,
gold,91,336,364,384,405,429,454,478,502,526,556,580,601,625,650,673,699,730,758,784,810,838,868,894,922,950,971,997,1026,1049,1073,1097,1118,1142,1167,1190,1215,1245,1314,1338,1363,1387,1435,1465,1510,1534,1559,1582,1608,1639,1730,1746,1766,1778,1798,1810,1833,1846,1872,1886,1909,1922,1948,1962,1982,1994,2026,2042,2068,2082,2102,2114,2137,2150,2176,2190,2213,2226,2249,2262,2294,2310,2339,2354,
gold,91,337,365,385,406,430,455,479,503,527,557,581,602,626,651,674,700,731,759,785,811,839,869,895,923,951,972,998,1027,1050,1074,1098,1119,1143,1168,1191,1216,1246,1274,1294,1315,1339,1364,1388,1412,1436,1466,1490,1511,1535,1560,1583,1609,1640,1731,1747,1767,1779,1799,1811,1834,1847,1873,1887,1910,1923,1949,1963,1983,1995,2027,2043,2069,2083,2103,2115,2138,2151,2177,2191,2214,2227,2250,2263,2295,2311,2340,2355,
gold,91,338,366,386,407,431,456,480,504,528,558,582,603,627,652,675,701,732,760,786,812,840,870,896,924,952,973,999,1028,1051,1075,1099,1120,1144,1169,1192,1217,1247,1275,1295,1316,1340,1365,1389,1413,1437,1467,1491,1512,1536,1561,1584,1610,1641,1732,1748,1768,1780,1800,1812,1835,1848,1874,1888,1911,1924,1950,1964,1984,1996,2028,2044,2070,2084,2104,2116,2139,2152,2178,2192,2215,2228,2251,2264,2296,2312,2341,2356,
gold,91,339,367,387,408,432,457,481,505,529,559,583,604,628,653,676,702,733,761,787,813,841,871,897,925,953,974,1000,1029,1052,1076,1100,1121,1145,1170,1193,1218,1248,1276,1296,1317,1341,1366,1390,1414,1438,1468,1492,1513,1537,1562,1585,1611,1642,1733,1749,1769,1781,1801,1813,1836,1849,1875,1889,1912,1925,1951,1965,1985,1997,2029,2045,2071,2085,2105,2117,2140,2153,2179,2193,2216,2229,2252,2265,2297,2313,2342,2357,
gold,91,340,368,388,409,433,458,482,506,530,560,584,605,629,654,677,703,734,762,788,814,842,872,898,926,954,975,1001,1030,1053,1077,1101,1122,1146,1171,1194,1219,1249,1277,1297,1318,1342,1367,1391,1415,1439,1469,1493,1514,1538,1563,1586,1612,1643,1734,1750,1770,1782,1802,1814,1837,1850,1876,1890,1913,1926,1952,1966,1986,1998,2030,2046,2072,2086,2106,2118,2141,2154,2180,2194,2217,2230,2253,2266,2298,2314,2343,2358,
gold,91,341,369,389,410,434,459,483,507,531,561,585,606,630,655,678,704,735,763,789,815,843,873,899,927,955,976,1002,1031,1054,1078,1102,1123,1147,1172,1195,1220,1250,1278,1298,1319,1343,1368,1392,1416,1440,1470,1494,1515,1539,1564,1587,1613,1644,1735,1751,1771,1783,1803,1815,1838,1851,1877,1891,1914,1927,1953,1967,1987,1999,2031,2047,2073,2087,2107,2119,2142,2155,2181,2195,2218,2231,2254,2267,2299,2315,2344,2359,
red,92,607,608,609,610,611,
gold,92,
red,93,736,737,738,739,740,741,742,
gold,93,
red,94,713,714,715,716,717,718,719,720,
gold,94,
red,95,574,575,576,577,578,579,580,581,582,583,584,585,
gold,95,
red,96,643,644,645,646,647,648,649,650,651,652,653,654,655,
gold,96,
red,97,666,667,668,669,670,671,672,673,674,675,676,677,678,
gold,97,
red,98,617,618,619,620,621,622,623,624,625,626,627,628,629,630,
gold,98,
lightskyblue,255,296,
lightskyblue,255,304,
lightskyblue,255,298,
lightskyblue,255,299,
lightskyblue,255,300,
lightskyblue,255,301,
lightskyblue,255,302,
lightskyblue,255,303,
lightskyblue,255,305,
lightskyblue,255,306,
lightskyblue,255,307,
lightskyblue,255,308,
lightskyblue,255,309,
lightskyblue,255,310,
lightskyblue,255,311,
lightskyblue,255,297,
lightskyblue,205,267,
lightskyblue,205,268,
lightskyblue,205,269,
lightskyblue,205,270,
lightskyblue,205,271,
lightskyblue,205,272,
lightskyblue,205,273,
lightskyblue,205,274,
lightskyblue,203,258,
lightskyblue,203,259,
lightskyblue,203,260,
lightskyblue,203,261,
lightskyblue,203,262,
lightskyblue,203,263,
lightskyblue,203,264,
lightskyblue,203,265,
lightskyblue,239,307,
lightskyblue,239,308,
lightskyblue,239,302,
lightskyblue,239,303,
lightskyblue,239,309,
lightskyblue,239,310,
lightskyblue,239,311,
lightskyblue,239,297,
lightskyblue,239,298,
lightskyblue,239,299,
lightskyblue,239,300,
lightskyblue,239,301,
lightskyblue,181,271,
lightskyblue,181,272,
lightskyblue,181,273,
lightskyblue,181,274,
lightskyblue,175,262,
lightskyblue,175,263,
lightskyblue,175,264,
lightskyblue,175,265,
lightskyblue,237,307,
lightskyblue,237,308,
lightskyblue,237,302,
lightskyblue,237,303,
lightskyblue,237,309,
lightskyblue,237,310,
lightskyblue,237,311,
lightskyblue,237,297,
lightskyblue,237,298,
lightskyblue,237,299,
lightskyblue,237,300,
lightskyblue,237,301,
lightskyblue,177,271,
lightskyblue,177,272,
lightskyblue,177,273,
lightskyblue,177,274,
lightskyblue,179,262,
lightskyblue,179,263,
lightskyblue,179,264,
lightskyblue,179,265,
lightskyblue,247,306,
lightskyblue,247,307,
lightskyblue,247,301,
lightskyblue,247,302,
lightskyblue,247,303,
lightskyblue,247,308,
lightskyblue,247,309,
lightskyblue,247,310,
lightskyblue,247,311,
lightskyblue,247,297,
lightskyblue,247,298,
lightskyblue,247,299,
lightskyblue,247,300,
lightskyblue,183,270,
lightskyblue,183,271,
lightskyblue,183,272,
lightskyblue,183,273,
lightskyblue,183,274,
lightskyblue,187,261,
lightskyblue,187,262,
lightskyblue,187,263,
lightskyblue,187,264,
lightskyblue,187,265,
lightskyblue,251,305,
lightskyblue,251,306,
lightskyblue,251,300,
lightskyblue,251,301,
lightskyblue,251,302,
lightskyblue,251,303,
lightskyblue,251,307,
lightskyblue,251,308,
lightskyblue,251,309,
lightskyblue,251,310,
lightskyblue,251,311,
lightskyblue,251,297,
lightskyblue,251,298,
lightskyblue,251,299,
lightskyblue,195,269,
lightskyblue,195,270,
lightskyblue,195,271,
lightskyblue,195,272,
lightskyblue,195,273,
lightskyblue,195,274,
lightskyblue,197,260,
lightskyblue,197,261,
lightskyblue,197,262,
lightskyblue,197,263,
lightskyblue,197,264,
lightskyblue,197,265,
lightskyblue,249,306,
lightskyblue,249,307,
lightskyblue,249,301,
lightskyblue,249,302,
lightskyblue,249,303,
lightskyblue,249,308,
lightskyblue,249,309,
lightskyblue,249,310,
lightskyblue,249,311,
lightskyblue,249,297,
lightskyblue,249,298,
lightskyblue,249,299,
lightskyblue,249,300,
lightskyblue,185,270,
lightskyblue,185,271,
lightskyblue,185,272,
lightskyblue,185,273,
lightskyblue,185,274,
lightskyblue,189,261,
lightskyblue,189,262,
lightskyblue,189,263,
lightskyblue,189,264,
lightskyblue,189,265,
lightskyblue,277,305,
lightskyblue,277,306,
lightskyblue,277,300,
lightskyblue,277,301,
lightskyblue,277,302,
lightskyblue,277,303,
lightskyblue,277,307,
lightskyblue,277,308,
lightskyblue,277,309,
lightskyblue,277,310,
lightskyblue,277,311,
lightskyblue,277,297,
lightskyblue,277,298,
lightskyblue,277,299,
lightskyblue,211,269,
lightskyblue,211,270,
lightskyblue,211,271,
lightskyblue,211,272,
lightskyblue,211,273,
lightskyblue,211,274,
lightskyblue,207,260,
lightskyblue,207,261,
lightskyblue,207,262,
lightskyblue,207,263,
lightskyblue,207,264,
lightskyblue,207,265,
lightskyblue,253,307,
lightskyblue,253,308,
lightskyblue,253,302,
lightskyblue,253,303,
lightskyblue,253,309,
lightskyblue,253,310,
lightskyblue,253,311,
lightskyblue,253,297,
lightskyblue,253,298,
lightskyblue,253,299,
lightskyblue,253,300,
lightskyblue,253,301,
lightskyblue,191,271,
lightskyblue,191,272,
lightskyblue,191,273,
lightskyblue,191,274,
lightskyblue,193,262,
lightskyblue,193,263,
lightskyblue,193,264,
lightskyblue,193,265,
lightskyblue,283,296,
lightskyblue,283,304,
lightskyblue,283,298,
lightskyblue,283,299,
lightskyblue,283,300,
lightskyblue,283,301,
lightskyblue,283,302,
lightskyblue,283,303,
lightskyblue,283,305,
lightskyblue,283,306,
lightskyblue,283,307,
lightskyblue,283,308,
lightskyblue,283,309,
lightskyblue,283,310,
lightskyblue,283,311,
lightskyblue,283,297,
lightskyblue,241,267,
lightskyblue,241,268,
lightskyblue,241,269,
lightskyblue,241,270,
lightskyblue,241,271,
lightskyblue,241,272,
lightskyblue,241,273,
lightskyblue,241,274,
lightskyblue,243,258,
lightskyblue,243,259,
lightskyblue,243,260,
lightskyblue,243,261,
lightskyblue,243,262,
lightskyblue,243,263,
lightskyblue,243,264,
lightskyblue,243,265,
lightskyblue,287,305,
lightskyblue,287,306,
lightskyblue,287,300,
lightskyblue,287,301,
lightskyblue,287,302,
lightskyblue,287,303,
lightskyblue,287,307,
lightskyblue,287,308,
lightskyblue,287,309,
lightskyblue,287,310,
lightskyblue,287,311,
lightskyblue,287,297,
lightskyblue,287,298,
lightskyblue,287,299,
lightskyblue,231,269,
lightskyblue,231,270,
lightskyblue,231,271,
lightskyblue,231,272,
lightskyblue,231,273,
lightskyblue,231,274,
lightskyblue,227,260,
lightskyblue,227,261,
lightskyblue,227,262,
lightskyblue,227,263,
lightskyblue,227,264,
lightskyblue,227,265,
lightskyblue,275,307,
lightskyblue,275,308,
lightskyblue,275,302,
lightskyblue,275,303,
lightskyblue,275,309,
lightskyblue,275,310,
lightskyblue,275,311,
lightskyblue,275,297,
lightskyblue,275,298,
lightskyblue,275,299,
lightskyblue,275,300,
lightskyblue,275,301,
lightskyblue,201,271,
lightskyblue,201,272,
lightskyblue,201,273,
lightskyblue,201,274,
lightskyblue,199,262,
lightskyblue,199,263,
lightskyblue,199,264,
lightskyblue,199,265,
lightskyblue,285,306,
lightskyblue,285,307,
lightskyblue,285,301,
lightskyblue,285,302,
lightskyblue,285,303,
lightskyblue,285,308,
lightskyblue,285,309,
lightskyblue,285,310,
lightskyblue,285,311,
lightskyblue,285,297,
lightskyblue,285,298,
lightskyblue,285,299,
lightskyblue,285,300,
lightskyblue,233,270,
lightskyblue,233,271,
lightskyblue,233,272,
lightskyblue,233,273,
lightskyblue,233,274,
lightskyblue,215,261,
lightskyblue,215,262,
lightskyblue,215,263,
lightskyblue,215,264,
lightskyblue,215,265,
lightskyblue,293,305,
lightskyblue,293,306,
lightskyblue,293,300,
lightskyblue,293,301,
lightskyblue,293,302,
lightskyblue,293,303,
lightskyblue,293,307,
lightskyblue,293,308,
lightskyblue,293,309,
lightskyblue,293,310,
lightskyblue,293,311,
lightskyblue,293,297,
lightskyblue,293,298,
lightskyblue,293,299,
lightskyblue,223,269,
lightskyblue,223,270,
lightskyblue,223,271,
lightskyblue,223,272,
lightskyblue,223,273,
lightskyblue,223,274,
lightskyblue,225,260,
lightskyblue,225,261,
lightskyblue,225,262,
lightskyblue,225,263,
lightskyblue,225,264,
lightskyblue,225,265,
lightskyblue,289,306,
lightskyblue,289,307,
lightskyblue,289,301,
lightskyblue,289,302,
lightskyblue,289,303,
lightskyblue,289,308,
lightskyblue,289,309,
lightskyblue,289,310,
lightskyblue,289,311,
lightskyblue,289,297,
lightskyblue,289,298,
lightskyblue,289,299,
lightskyblue,289,300,
lightskyblue,219,270,
lightskyblue,219,271,
lightskyblue,219,272,
lightskyblue,219,273,
lightskyblue,219,274,
lightskyblue,217,261,
lightskyblue,217,262,
lightskyblue,217,263,
lightskyblue,217,264,
lightskyblue,217,265,
lightskyblue,291,306,
lightskyblue,291,307,
lightskyblue,291,301,
lightskyblue,291,302,
lightskyblue,291,303,
lightskyblue,291,308,
lightskyblue,291,309,
lightskyblue,291,310,
lightskyblue,291,311,
lightskyblue,291,297,
lightskyblue,291,298,
lightskyblue,291,299,
lightskyblue,291,300,
lightskyblue,213,270,
lightskyblue,213,271,
lightskyblue,213,272,
lightskyblue,213,273,
lightskyblue,213,274,
lightskyblue,209,261,
lightskyblue,209,262,
lightskyblue,209,263,
lightskyblue,209,264,
lightskyblue,209,265,
lightskyblue,279,296,
lightskyblue,279,304,
lightskyblue,279,298,
lightskyblue,279,299,
lightskyblue,279,300,
lightskyblue,279,301,
lightskyblue,279,302,
lightskyblue,279,303,
lightskyblue,279,305,
lightskyblue,279,306,
lightskyblue,279,307,
lightskyblue,279,308,
lightskyblue,279,309,
lightskyblue,279,310,
lightskyblue,279,311,
lightskyblue,279,297,
lightskyblue,221,267,
lightskyblue,221,268,
lightskyblue,221,269,
lightskyblue,221,270,
lightskyblue,221,271,
lightskyblue,221,272,
lightskyblue,221,273,
lightskyblue,221,274,
lightskyblue,245,258,
lightskyblue,245,259,
lightskyblue,245,260,
lightskyblue,245,261,
lightskyblue,245,262,
lightskyblue,245,263,
lightskyblue,245,264,
lightskyblue,245,265,
lightskyblue,281,304,
lightskyblue,281,305,
lightskyblue,281,299,
lightskyblue,281,300,
lightskyblue,281,301,
lightskyblue,281,302,
lightskyblue,281,303,
lightskyblue,281,306,
lightskyblue,281,307,
lightskyblue,281,308,
lightskyblue,281,309,
lightskyblue,281,310,
lightskyblue,281,311,
lightskyblue,281,297,
lightskyblue,281,298,
lightskyblue,235,268,
lightskyblue,235,269,
lightskyblue,235,270,
lightskyblue,235,271,
lightskyblue,235,272,
lightskyblue,235,273,
lightskyblue,235,274,
lightskyblue,229,259,
lightskyblue,229,260,
lightskyblue,229,261,
lightskyblue,229,262,
lightskyblue,229,263,
lightskyblue,229,264,
lightskyblue,229,265,
lightskyblue,287,305,
lightskyblue,287,306,
lightskyblue,287,300,
lightskyblue,287,301,
lightskyblue,287,302,
lightskyblue,287,303,
lightskyblue,287,307,
lightskyblue,287,308,
lightskyblue,287,309,
lightskyblue,287,310,
lightskyblue,287,311,
lightskyblue,287,297,
lightskyblue,287,298,
lightskyblue,287,299,
lightskyblue,231,269,
lightskyblue,231,270,
lightskyblue,231,271,
lightskyblue,231,272,
lightskyblue,231,273,
lightskyblue,231,274,
lightskyblue,227,260,
lightskyblue,227,261,
lightskyblue,227,262,
lightskyblue,227,263,
lightskyblue,227,264,
lightskyblue,227,265,
lightskyblue,287,305,
lightskyblue,287,306,
lightskyblue,287,300,
lightskyblue,287,301,
lightskyblue,287,302,
lightskyblue,287,303,
lightskyblue,287,307,
lightskyblue,287,308,
lightskyblue,287,309,
lightskyblue,287,310,
lightskyblue,287,311,
lightskyblue,287,297,
lightskyblue,287,298,
lightskyblue,287,299,
lightskyblue,231,269,
lightskyblue,231,270,
lightskyblue,231,271,
lightskyblue,231,272,
lightskyblue,231,273,
lightskyblue,231,274,
lightskyblue,227,260,
lightskyblue,227,261,
lightskyblue,227,262,
lightskyblue,227,263,
lightskyblue,227,264,
lightskyblue,227,265,
lightskyblue,277,305,
lightskyblue,277,306,
lightskyblue,277,300,
lightskyblue,277,301,
lightskyblue,277,302,
lightskyblue,277,303,
lightskyblue,277,307,
lightskyblue,277,308,
lightskyblue,277,309,
lightskyblue,277,310,
lightskyblue,277,311,
lightskyblue,277,297,
lightskyblue,277,298,
lightskyblue,277,299,
lightskyblue,211,269,
lightskyblue,211,270,
lightskyblue,211,271,
lightskyblue,211,272,
lightskyblue,211,273,
lightskyblue,211,274,
lightskyblue,207,260,
lightskyblue,207,261,
lightskyblue,207,262,
lightskyblue,207,263,
lightskyblue,207,264,
lightskyblue,207,265,
lightskyblue,283,296,
lightskyblue,283,304,
lightskyblue,283,298,
lightskyblue,283,299,
lightskyblue,283,300,
lightskyblue,283,301,
lightskyblue,283,302,
lightskyblue,283,303,
lightskyblue,283,305,
lightskyblue,283,306,
lightskyblue,283,307,
lightskyblue,283,308,
lightskyblue,283,309,
lightskyblue,283,310,
lightskyblue,283,311,
lightskyblue,283,297,
lightskyblue,241,267,
lightskyblue,241,268,
lightskyblue,241,269,
lightskyblue,241,270,
lightskyblue,241,271,
lightskyblue,241,272,
lightskyblue,241,273,
lightskyblue,241,274,
lightskyblue,243,258,
lightskyblue,243,259,
lightskyblue,243,260,
lightskyblue,243,261,
lightskyblue,243,262,
lightskyblue,243,263,
lightskyblue,243,264,
lightskyblue,243,265,
lightskyblue,287,305,
lightskyblue,287,306,
lightskyblue,287,300,
lightskyblue,287,301,
lightskyblue,287,302,
lightskyblue,287,303,
lightskyblue,287,307,
lightskyblue,287,308,
lightskyblue,287,309,
lightskyblue,287,310,
lightskyblue,287,311,
lightskyblue,287,297,
lightskyblue,287,298,
lightskyblue,287,299,
lightskyblue,231,269,
lightskyblue,231,270,
lightskyblue,231,271,
lightskyblue,231,272,
lightskyblue,231,273,
lightskyblue,231,274,
lightskyblue,227,260,
lightskyblue,227,261,
lightskyblue,227,262,
lightskyblue,227,263,
lightskyblue,227,264,
lightskyblue,227,265,
lightskyblue,277,305,
lightskyblue,277,306,
lightskyblue,277,300,
lightskyblue,277,301,
lightskyblue,277,302,
lightskyblue,277,303,
lightskyblue,277,307,
lightskyblue,277,308,
lightskyblue,277,309,
lightskyblue,277,310,
lightskyblue,277,311,
lightskyblue,277,297,
lightskyblue,277,298,
lightskyblue,277,299,
lightskyblue,211,269,
lightskyblue,211,270,
lightskyblue,211,271,
lightskyblue,211,272,
lightskyblue,211,273,
lightskyblue,211,274,
lightskyblue,207,260,
lightskyblue,207,261,
lightskyblue,207,262,
lightskyblue,207,263,
lightskyblue,207,264,
lightskyblue,207,265,
lightskyblue,283,296,
lightskyblue,283,304,
lightskyblue,283,298,
lightskyblue,283,299,
lightskyblue,283,300,
lightskyblue,283,301,
lightskyblue,283,302,
lightskyblue,283,303,
lightskyblue,283,305,
lightskyblue,283,306,
lightskyblue,283,307,
lightskyblue,283,308,
lightskyblue,283,309,
lightskyblue,283,310,
lightskyblue,283,311,
lightskyblue,283,297,
lightskyblue,241,267,
lightskyblue,241,268,
lightskyblue,241,269,
lightskyblue,241,270,
lightskyblue,241,271,
lightskyblue,241,272,
lightskyblue,241,273,
lightskyblue,241,274,
lightskyblue,243,258,
lightskyblue,243,259,
lightskyblue,243,260,
lightskyblue,243,261,
lightskyblue,243,262,
lightskyblue,243,263,
lightskyblue,243,264,
lightskyblue,243,265,
lightskyblue,253,307,
lightskyblue,253,308,
lightskyblue,253,302,
lightskyblue,253,303,
lightskyblue,253,309,
lightskyblue,253,310,
lightskyblue,253,311,
lightskyblue,253,297,
lightskyblue,253,298,
lightskyblue,253,299,
lightskyblue,253,300,
lightskyblue,253,301,
lightskyblue,191,271,
lightskyblue,191,272,
lightskyblue,191,273,
lightskyblue,191,274,
lightskyblue,193,262,
lightskyblue,193,263,
lightskyblue,193,264,
lightskyblue,193,265,
lightskyblue,291,306,
lightskyblue,291,307,
lightskyblue,291,301,
lightskyblue,291,302,
lightskyblue,291,303,
lightskyblue,291,308,
lightskyblue,291,309,
lightskyblue,291,310,
lightskyblue,291,311,
lightskyblue,291,297,
lightskyblue,291,298,
lightskyblue,291,299,
lightskyblue,291,300,
lightskyblue,213,270,
lightskyblue,213,271,
lightskyblue,213,272,
lightskyblue,213,273,
lightskyblue,213,274,
lightskyblue,209,261,
lightskyblue,209,262,
lightskyblue,209,263,
lightskyblue,209,264,
lightskyblue,209,265,
lightskyblue,279,296,
lightskyblue,279,304,
lightskyblue,279,298,
lightskyblue,279,299,
lightskyblue,279,300,
lightskyblue,279,301,
lightskyblue,279,302,
lightskyblue,279,303,
lightskyblue,279,305,
lightskyblue,279,306,
lightskyblue,279,307,
lightskyblue,279,308,
lightskyblue,279,309,
lightskyblue,279,310,
lightskyblue,279,311,
lightskyblue,279,297,
lightskyblue,221,267,
lightskyblue,221,268,
lightskyblue,221,269,
lightskyblue,221,270,
lightskyblue,221,271,
lightskyblue,221,272,
lightskyblue,221,273,
lightskyblue,221,274,
lightskyblue,245,258,
lightskyblue,245,259,
lightskyblue,245,260,
lightskyblue,245,261,
lightskyblue,245,262,
lightskyblue,245,263,
lightskyblue,245,264,
lightskyblue,245,265,
lightskyblue,285,306,
lightskyblue,285,307,
lightskyblue,285,301,
lightskyblue,285,302,
lightskyblue,285,303,
lightskyblue,285,308,
lightskyblue,285,309,
lightskyblue,285,310,
lightskyblue,285,311,
lightskyblue,285,297,
lightskyblue,285,298,
lightskyblue,285,299,
lightskyblue,285,300,
lightskyblue,233,270,
lightskyblue,233,271,
lightskyblue,233,272,
lightskyblue,233,273,
lightskyblue,233,274,
lightskyblue,215,261,
lightskyblue,215,262,
lightskyblue,215,263,
lightskyblue,215,264,
lightskyblue,215,265,
lightskyblue,289,306,
lightskyblue,289,307,
lightskyblue,289,301,
lightskyblue,289,302,
lightskyblue,289,303,
lightskyblue,289,308,
lightskyblue,289,309,
lightskyblue,289,310,
lightskyblue,289,311,
lightskyblue,289,297,
lightskyblue,289,298,
lightskyblue,289,299,
lightskyblue,289,300,
lightskyblue,219,270,
lightskyblue,219,271,
lightskyblue,219,272,
lightskyblue,219,273,
lightskyblue,219,274,
lightskyblue,217,261,
lightskyblue,217,262,
lightskyblue,217,263,
lightskyblue,217,264,
lightskyblue,217,265,
lightskyblue,293,305,
lightskyblue,293,306,
lightskyblue,293,300,
lightskyblue,293,301,
lightskyblue,293,302,
lightskyblue,293,303,
lightskyblue,293,307,
lightskyblue,293,308,
lightskyblue,293,309,
lightskyblue,293,310,
lightskyblue,293,311,
lightskyblue,293,297,
lightskyblue,293,298,
lightskyblue,293,299,
lightskyblue,223,269,
lightskyblue,223,270,
lightskyblue,223,271,
lightskyblue,223,272,
lightskyblue,223,273,
lightskyblue,223,274,
lightskyblue,225,260,
lightskyblue,225,261,
lightskyblue,225,262,
lightskyblue,225,263,
lightskyblue,225,264,
lightskyblue,225,265,
lightskyblue,275,307,
lightskyblue,275,308,
lightskyblue,275,302,
lightskyblue,275,303,
lightskyblue,275,309,
lightskyblue,275,310,
lightskyblue,275,311,
lightskyblue,275,297,
lightskyblue,275,298,
lightskyblue,275,299,
lightskyblue,275,300,
lightskyblue,275,301,
lightskyblue,201,271,
lightskyblue,201,272,
lightskyblue,201,273,
lightskyblue,201,274,
lightskyblue,199,262,
lightskyblue,199,263,
lightskyblue,199,264,
lightskyblue,199,265,
lightskyblue,285,306,
lightskyblue,285,307,
lightskyblue,285,301,
lightskyblue,285,302,
lightskyblue,285,303,
lightskyblue,285,308,
lightskyblue,285,309,
lightskyblue,285,310,
lightskyblue,285,311,
lightskyblue,285,297,
lightskyblue,285,298,
lightskyblue,285,299,
lightskyblue,285,300,
lightskyblue,233,270,
lightskyblue,233,271,
lightskyblue,233,272,
lightskyblue,233,273,
lightskyblue,233,274,
lightskyblue,215,261,
lightskyblue,215,262,
lightskyblue,215,263,
lightskyblue,215,264,
lightskyblue,215,265,
lightskyblue,293,305,
lightskyblue,293,306,
lightskyblue,293,300,
lightskyblue,293,301,
lightskyblue,293,302,
lightskyblue,293,303,
lightskyblue,293,307,
lightskyblue,293,308,
lightskyblue,293,309,
lightskyblue,293,310,
lightskyblue,293,311,
lightskyblue,293,297,
lightskyblue,293,298,
lightskyblue,293,299,
lightskyblue,223,269,
lightskyblue,223,270,
lightskyblue,223,271,
lightskyblue,223,272,
lightskyblue,223,273,
lightskyblue,223,274,
lightskyblue,225,260,
lightskyblue,225,261,
lightskyblue,225,262,
lightskyblue,225,263,
lightskyblue,225,264,
lightskyblue,225,265,
lightskyblue,289,306,
lightskyblue,289,307,
lightskyblue,289,301,
lightskyblue,289,302,
lightskyblue,289,303,
lightskyblue,289,308,
lightskyblue,289,309,
lightskyblue,289,310,
lightskyblue,289,311,
lightskyblue,289,297,
lightskyblue,289,298,
lightskyblue,289,299,
lightskyblue,289,300,
lightskyblue,219,270,
lightskyblue,219,271,
lightskyblue,219,272,
lightskyblue,219,273,
lightskyblue,219,274,
lightskyblue,217,261,
lightskyblue,217,262,
lightskyblue,217,263,
lightskyblue,217,264,
lightskyblue,217,265,
lightskyblue,291,306,
lightskyblue,291,307,
lightskyblue,291,301,
lightskyblue,291,302,
lightskyblue,291,303,
lightskyblue,291,308,
lightskyblue,291,309,
lightskyblue,291,310,
lightskyblue,291,311,
lightskyblue,291,297,
lightskyblue,291,298,
lightskyblue,291,299,
lightskyblue,291,300,
lightskyblue,213,270,
lightskyblue,213,271,
lightskyblue,213,272,
lightskyblue,213,273,
lightskyblue,213,274,
lightskyblue,209,261,
lightskyblue,209,262,
lightskyblue,209,263,
lightskyblue,209,264,
lightskyblue,209,265,
lightskyblue,281,304,
lightskyblue,281,305,
lightskyblue,281,299,
lightskyblue,281,300,
lightskyblue,281,301,
lightskyblue,281,302,
lightskyblue,281,303,
lightskyblue,281,306,
lightskyblue,281,307,
lightskyblue,281,308,
lightskyblue,281,309,
lightskyblue,281,310,
lightskyblue,281,311,
lightskyblue,281,297,
lightskyblue,281,298,
lightskyblue,235,268,
lightskyblue,235,269,
lightskyblue,235,270,
lightskyblue,235,271,
lightskyblue,235,272,
lightskyblue,235,273,
lightskyblue,235,274,
lightskyblue,229,259,
lightskyblue,229,260,
lightskyblue,229,261,
lightskyblue,229,262,
lightskyblue,229,263,
lightskyblue,229,264,
lightskyblue,229,265,
lightskyblue,256,295,
lightskyblue,256,311,
lightskyblue,256,297,
lightskyblue,256,298,
lightskyblue,256,299,
lightskyblue,256,300,
lightskyblue,256,301,
lightskyblue,256,302,
lightskyblue,256,296,
lightskyblue,256,304,
lightskyblue,256,305,
lightskyblue,256,306,
lightskyblue,256,307,
lightskyblue,256,308,
lightskyblue,256,309,
lightskyblue,256,310,
lightskyblue,206,266,
lightskyblue,206,267,
lightskyblue,206,268,
lightskyblue,206,269,
lightskyblue,206,270,
lightskyblue,206,271,
lightskyblue,206,272,
lightskyblue,206,273,
lightskyblue,204,257,
lightskyblue,204,258,
lightskyblue,204,259,
lightskyblue,204,260,
lightskyblue,204,261,
lightskyblue,204,262,
lightskyblue,204,263,
lightskyblue,204,264,
lightskyblue,240,307,
lightskyblue,240,308,
lightskyblue,240,309,
lightskyblue,240,310,
lightskyblue,240,311,
lightskyblue,240,297,
lightskyblue,240,298,
lightskyblue,240,295,
lightskyblue,240,296,
lightskyblue,240,304,
lightskyblue,240,305,
lightskyblue,240,306,
lightskyblue,182,266,
lightskyblue,182,267,
lightskyblue,182,268,
lightskyblue,182,269,
lightskyblue,176,257,
lightskyblue,176,258,
lightskyblue,176,259,
lightskyblue,176,260,
lightskyblue,238,307,
lightskyblue,238,308,
lightskyblue,238,309,
lightskyblue,238,310,
lightskyblue,238,311,
lightskyblue,238,297,
lightskyblue,238,298,
lightskyblue,238,295,
lightskyblue,238,296,
lightskyblue,238,304,
lightskyblue,238,305,
lightskyblue,238,306,
lightskyblue,178,266,
lightskyblue,178,267,
lightskyblue,178,268,
lightskyblue,178,269,
lightskyblue,180,257,
lightskyblue,180,258,
lightskyblue,180,259,
lightskyblue,180,260,
lightskyblue,248,308,
lightskyblue,248,309,
lightskyblue,248,310,
lightskyblue,248,311,
lightskyblue,248,297,
lightskyblue,248,298,
lightskyblue,248,299,
lightskyblue,248,295,
lightskyblue,248,296,
lightskyblue,248,304,
lightskyblue,248,305,
lightskyblue,248,306,
lightskyblue,248,307,
lightskyblue,184,266,
lightskyblue,184,267,
lightskyblue,184,268,
lightskyblue,184,269,
lightskyblue,184,270,
lightskyblue,188,257,
lightskyblue,188,258,
lightskyblue,188,259,
lightskyblue,188,260,
lightskyblue,188,261,
lightskyblue,252,309,
lightskyblue,252,310,
lightskyblue,252,311,
lightskyblue,252,297,
lightskyblue,252,298,
lightskyblue,252,299,
lightskyblue,252,300,
lightskyblue,252,295,
lightskyblue,252,296,
lightskyblue,252,304,
lightskyblue,252,305,
lightskyblue,252,306,
lightskyblue,252,307,
lightskyblue,252,308,
lightskyblue,196,266,
lightskyblue,196,267,
lightskyblue,196,268,
lightskyblue,196,269,
lightskyblue,196,270,
lightskyblue,196,271,
lightskyblue,198,257,
lightskyblue,198,258,
lightskyblue,198,259,
lightskyblue,198,260,
lightskyblue,198,261,
lightskyblue,198,262,
lightskyblue,250,308,
lightskyblue,250,309,
lightskyblue,250,310,
lightskyblue,250,311,
lightskyblue,250,297,
lightskyblue,250,298,
lightskyblue,250,299,
lightskyblue,250,295,
lightskyblue,250,296,
lightskyblue,250,304,
lightskyblue,250,305,
lightskyblue,250,306,
lightskyblue,250,307,
lightskyblue,186,266,
lightskyblue,186,267,
lightskyblue,186,268,
lightskyblue,186,269,
lightskyblue,186,270,
lightskyblue,190,257,
lightskyblue,190,258,
lightskyblue,190,259,
lightskyblue,190,260,
lightskyblue,190,261,
lightskyblue,278,309,
lightskyblue,278,310,
lightskyblue,278,311,
lightskyblue,278,297,
lightskyblue,278,298,
lightskyblue,278,299,
lightskyblue,278,300,
lightskyblue,278,295,
lightskyblue,278,296,
lightskyblue,278,304,
lightskyblue,278,305,
lightskyblue,278,306,
lightskyblue,278,307,
lightskyblue,278,308,
lightskyblue,212,266,
lightskyblue,212,267,
lightskyblue,212,268,
lightskyblue,212,269,
lightskyblue,212,270,
lightskyblue,212,271,
lightskyblue,208,257,
lightskyblue,208,258,
lightskyblue,208,259,
lightskyblue,208,260,
lightskyblue,208,261,
lightskyblue,208,262,
lightskyblue,254,307,
lightskyblue,254,308,
lightskyblue,254,309,
lightskyblue,254,310,
lightskyblue,254,311,
lightskyblue,254,297,
lightskyblue,254,298,
lightskyblue,254,295,
lightskyblue,254,296,
lightskyblue,254,304,
lightskyblue,254,305,
lightskyblue,254,306,
lightskyblue,192,266,
lightskyblue,192,267,
lightskyblue,192,268,
lightskyblue,192,269,
lightskyblue,194,257,
lightskyblue,194,258,
lightskyblue,194,259,
lightskyblue,194,260,
lightskyblue,284,295,
lightskyblue,284,311,
lightskyblue,284,297,
lightskyblue,284,298,
lightskyblue,284,299,
lightskyblue,284,300,
lightskyblue,284,301,
lightskyblue,284,302,
lightskyblue,284,296,
lightskyblue,284,304,
lightskyblue,284,305,
lightskyblue,284,306,
lightskyblue,284,307,
lightskyblue,284,308,
lightskyblue,284,309,
lightskyblue,284,310,
lightskyblue,242,266,
lightskyblue,242,267,
lightskyblue,242,268,
lightskyblue,242,269,
lightskyblue,242,270,
lightskyblue,242,271,
lightskyblue,242,272,
lightskyblue,242,273,
lightskyblue,244,257,
lightskyblue,244,258,
lightskyblue,244,259,
lightskyblue,244,260,
lightskyblue,244,261,
lightskyblue,244,262,
lightskyblue,244,263,
lightskyblue,244,264,
lightskyblue,288,309,
lightskyblue,288,310,
lightskyblue,288,311,
lightskyblue,288,297,
lightskyblue,288,298,
lightskyblue,288,299,
lightskyblue,288,300,
lightskyblue,288,295,
lightskyblue,288,296,
lightskyblue,288,304,
lightskyblue,288,305,
lightskyblue,288,306,
lightskyblue,288,307,
lightskyblue,288,308,
lightskyblue,232,266,
lightskyblue,232,267,
lightskyblue,232,268,
lightskyblue,232,269,
lightskyblue,232,270,
lightskyblue,232,271,
lightskyblue,228,257,
lightskyblue,228,258,
lightskyblue,228,259,
lightskyblue,228,260,
lightskyblue,228,261,
lightskyblue,228,262,
lightskyblue,276,307,
lightskyblue,276,308,
lightskyblue,276,309,
lightskyblue,276,310,
lightskyblue,276,311,
lightskyblue,276,297,
lightskyblue,276,298,
lightskyblue,276,295,
lightskyblue,276,296,
lightskyblue,276,304,
lightskyblue,276,305,
lightskyblue,276,306,
lightskyblue,202,266,
lightskyblue,202,267,
lightskyblue,202,268,
lightskyblue,202,269,
lightskyblue,200,257,
lightskyblue,200,258,
lightskyblue,200,259,
lightskyblue,200,260,
lightskyblue,286,308,
lightskyblue,286,309,
lightskyblue,286,310,
lightskyblue,286,311,
lightskyblue,286,297,
lightskyblue,286,298,
lightskyblue,286,299,
lightskyblue,286,295,
lightskyblue,286,296,
lightskyblue,286,304,
lightskyblue,286,305,
lightskyblue,286,306,
lightskyblue,286,307,
lightskyblue,234,266,
lightskyblue,234,267,
lightskyblue,234,268,
lightskyblue,234,269,
lightskyblue,234,270,
lightskyblue,216,257,
lightskyblue,216,258,
lightskyblue,216,259,
lightskyblue,216,260,
lightskyblue,216,261,
lightskyblue,294,309,
lightskyblue,294,310,
lightskyblue,294,311,
lightskyblue,294,297,
lightskyblue,294,298,
lightskyblue,294,299,
lightskyblue,294,300,
lightskyblue,294,295,
lightskyblue,294,296,
lightskyblue,294,304,
lightskyblue,294,305,
lightskyblue,294,306,
lightskyblue,294,307,
lightskyblue,294,308,
lightskyblue,224,266,
lightskyblue,224,267,
lightskyblue,224,268,
lightskyblue,224,269,
lightskyblue,224,270,
lightskyblue,224,271,
lightskyblue,226,257,
lightskyblue,226,258,
lightskyblue,226,259,
lightskyblue,226,260,
lightskyblue,226,261,
lightskyblue,226,262,
lightskyblue,290,308,
lightskyblue,290,309,
lightskyblue,290,310,
lightskyblue,290,311,
lightskyblue,290,297,
lightskyblue,290,298,
lightskyblue,290,299,
lightskyblue,290,295,
lightskyblue,290,296,
lightskyblue,290,304,
lightskyblue,290,305,
lightskyblue,290,306,
lightskyblue,290,307,
lightskyblue,220,266,
lightskyblue,220,267,
lightskyblue,220,268,
lightskyblue,220,269,
lightskyblue,220,270,
lightskyblue,218,257,
lightskyblue,218,258,
lightskyblue,218,259,
lightskyblue,218,260,
lightskyblue,218,261,
lightskyblue,292,308,
lightskyblue,292,309,
lightskyblue,292,310,
lightskyblue,292,311,
lightskyblue,292,297,
lightskyblue,292,298,
lightskyblue,292,299,
lightskyblue,292,295,
lightskyblue,292,296,
lightskyblue,292,304,
lightskyblue,292,305,
lightskyblue,292,306,
lightskyblue,292,307,
lightskyblue,214,266,
lightskyblue,214,267,
lightskyblue,214,268,
lightskyblue,214,269,
lightskyblue,214,270,
lightskyblue,210,257,
lightskyblue,210,258,
lightskyblue,210,259,
lightskyblue,210,260,
lightskyblue,210,261,
lightskyblue,280,295,
lightskyblue,280,311,
lightskyblue,280,297,
lightskyblue,280,298,
lightskyblue,280,299,
lightskyblue,280,300,
lightskyblue,280,301,
lightskyblue,280,302,
lightskyblue,280,296,
lightskyblue,280,304,
lightskyblue,280,305,
lightskyblue,280,306,
lightskyblue,280,307,
lightskyblue,280,308,
lightskyblue,280,309,
lightskyblue,280,310,
lightskyblue,222,266,
lightskyblue,222,267,
lightskyblue,222,268,
lightskyblue,222,269,
lightskyblue,222,270,
lightskyblue,222,271,
lightskyblue,222,272,
lightskyblue,222,273,
lightskyblue,246,257,
lightskyblue,246,258,
lightskyblue,246,259,
lightskyblue,246,260,
lightskyblue,246,261,
lightskyblue,246,262,
lightskyblue,246,263,
lightskyblue,246,264,
lightskyblue,282,310,
lightskyblue,282,311,
lightskyblue,282,297,
lightskyblue,282,298,
lightskyblue,282,299,
lightskyblue,282,300,
lightskyblue,282,301,
lightskyblue,282,295,
lightskyblue,282,296,
lightskyblue,282,304,
lightskyblue,282,305,
lightskyblue,282,306,
lightskyblue,282,307,
lightskyblue,282,308,
lightskyblue,282,309,
lightskyblue,236,266,
lightskyblue,236,267,
lightskyblue,236,268,
lightskyblue,236,269,
lightskyblue,236,270,
lightskyblue,236,271,
lightskyblue,236,272,
lightskyblue,230,257,
lightskyblue,230,258,
lightskyblue,230,259,
lightskyblue,230,260,
lightskyblue,230,261,
lightskyblue,230,262,
lightskyblue,230,263,
lightskyblue,173,
lightskyblue,171,
lightskyblue,157,
lightskyblue,159,
lightskyblue,105,
lightskyblue,103,
lightskyblue,119,
lightskyblue,117,
lightskyblue,127,
lightskyblue,125,
lightskyblue,135,
lightskyblue,133,
lightskyblue,167,
lightskyblue,169,
lightskyblue,165,
lightskyblue,113,
lightskyblue,115,
lightskyblue,111,
lightskyblue,153,
lightskyblue,151,
lightskyblue,155,
lightskyblue,145,
lightskyblue,143,
lightskyblue,147,
lightskyblue,318,
lightskyblue,149,
lightskyblue,99,
lightskyblue,161,
lightskyblue,312,
lightskyblue,163,
lightskyblue,324,
lightskyblue,107,
lightskyblue,109,
lightskyblue,320,
lightskyblue,141,
lightskyblue,101,
lightskyblue,322,
lightskyblue,123,
lightskyblue,121,
lightskyblue,129,
lightskyblue,131,
lightskyblue,316,
lightskyblue,139,
lightskyblue,314,
lightskyblue,137,
lightskyblue,205,267,
lightskyblue,205,268,
lightskyblue,205,269,
lightskyblue,205,270,
lightskyblue,205,271,
lightskyblue,205,272,
lightskyblue,205,273,
lightskyblue,205,274,
lightskyblue,203,258,
lightskyblue,203,259,
lightskyblue,203,260,
lightskyblue,203,261,
lightskyblue,203,262,
lightskyblue,203,263,
lightskyblue,203,264,
lightskyblue,203,265,
lightskyblue,255,296,
lightskyblue,255,304,
lightskyblue,255,298,
lightskyblue,255,299,
lightskyblue,255,300,
lightskyblue,255,301,
lightskyblue,255,302,
lightskyblue,255,303,
lightskyblue,255,305,
lightskyblue,255,306,
lightskyblue,255,307,
lightskyblue,255,308,
lightskyblue,255,309,
lightskyblue,255,310,
lightskyblue,255,311,
lightskyblue,255,297,
lightskyblue,255,296,
lightskyblue,255,304,
lightskyblue,255,298,
lightskyblue,255,299,
lightskyblue,255,300,
lightskyblue,255,301,
lightskyblue,255,302,
lightskyblue,255,303,
lightskyblue,255,305,
lightskyblue,255,306,
lightskyblue,255,307,
lightskyblue,255,308,
lightskyblue,255,309,
lightskyblue,255,310,
lightskyblue,255,311,
lightskyblue,255,297,
lightskyblue,181,271,
lightskyblue,181,272,
lightskyblue,181,273,
lightskyblue,181,274,
lightskyblue,175,262,
lightskyblue,175,263,
lightskyblue,175,264,
lightskyblue,175,265,
lightskyblue,239,307,
lightskyblue,239,308,
lightskyblue,239,302,
lightskyblue,239,303,
lightskyblue,239,309,
lightskyblue,239,310,
lightskyblue,239,311,
lightskyblue,239,297,
lightskyblue,239,298,
lightskyblue,239,299,
lightskyblue,239,300,
lightskyblue,239,301,
lightskyblue,239,307,
lightskyblue,239,308,
lightskyblue,239,302,
lightskyblue,239,303,
lightskyblue,239,309,
lightskyblue,239,310,
lightskyblue,239,311,
lightskyblue,239,297,
lightskyblue,239,298,
lightskyblue,239,299,
lightskyblue,239,300,
lightskyblue,239,301,
lightskyblue,177,271,
lightskyblue,177,272,
lightskyblue,177,273,
lightskyblue,177,274,
lightskyblue,179,262,
lightskyblue,179,263,
lightskyblue,179,264,
lightskyblue,179,265,
lightskyblue,237,307,
lightskyblue,237,308,
lightskyblue,237,302,
lightskyblue,237,303,
lightskyblue,237,309,
lightskyblue,237,310,
lightskyblue,237,311,
lightskyblue,237,297,
lightskyblue,237,298,
lightskyblue,237,299,
lightskyblue,237,300,
lightskyblue,237,301,
lightskyblue,237,307,
lightskyblue,237,308,
lightskyblue,237,302,
lightskyblue,237,303,
lightskyblue,237,309,
lightskyblue,237,310,
lightskyblue,237,311,
lightskyblue,237,297,
lightskyblue,237,298,
lightskyblue,237,299,
lightskyblue,237,300,
lightskyblue,237,301,
lightskyblue,183,270,
lightskyblue,183,271,
lightskyblue,183,272,
lightskyblue,183,273,
lightskyblue,183,274,
lightskyblue,187,261,
lightskyblue,187,262,
lightskyblue,187,263,
lightskyblue,187,264,
lightskyblue,187,265,
lightskyblue,247,306,
lightskyblue,247,307,
lightskyblue,247,301,
lightskyblue,247,302,
lightskyblue,247,303,
lightskyblue,247,308,
lightskyblue,247,309,
lightskyblue,247,310,
lightskyblue,247,311,
lightskyblue,247,297,
lightskyblue,247,298,
lightskyblue,247,299,
lightskyblue,247,300,
lightskyblue,247,306,
lightskyblue,247,307,
lightskyblue,247,301,
lightskyblue,247,302,
lightskyblue,247,303,
lightskyblue,247,308,
lightskyblue,247,309,
lightskyblue,247,310,
lightskyblue,247,311,
lightskyblue,247,297,
lightskyblue,247,298,
lightskyblue,247,299,
lightskyblue,247,300,
lightskyblue,195,269,
lightskyblue,195,270,
lightskyblue,195,271,
lightskyblue,195,272,
lightskyblue,195,273,
lightskyblue,195,274,
lightskyblue,197,260,
lightskyblue,197,261,
lightskyblue,197,262,
lightskyblue,197,263,
lightskyblue,197,264,
lightskyblue,197,265,
lightskyblue,251,305,
lightskyblue,251,306,
lightskyblue,251,300,
lightskyblue,251,301,
lightskyblue,251,302,
lightskyblue,251,303,
lightskyblue,251,307,
lightskyblue,251,308,
lightskyblue,251,309,
lightskyblue,251,310,
lightskyblue,251,311,
lightskyblue,251,297,
lightskyblue,251,298,
lightskyblue,251,299,
lightskyblue,251,305,
lightskyblue,251,306,
lightskyblue,251,300,
lightskyblue,251,301,
lightskyblue,251,302,
lightskyblue,251,303,
lightskyblue,251,307,
lightskyblue,251,308,
lightskyblue,251,309,
lightskyblue,251,310,
lightskyblue,251,311,
lightskyblue,251,297,
lightskyblue,251,298,
lightskyblue,251,299,
lightskyblue,185,270,
lightskyblue,185,271,
lightskyblue,185,272,
lightskyblue,185,273,
lightskyblue,185,274,
lightskyblue,189,261,
lightskyblue,189,262,
lightskyblue,189,263,
lightskyblue,189,264,
lightskyblue,189,265,
lightskyblue,249,306,
lightskyblue,249,307,
lightskyblue,249,301,
lightskyblue,249,302,
lightskyblue,249,303,
lightskyblue,249,308,
lightskyblue,249,309,
lightskyblue,249,310,
lightskyblue,249,311,
lightskyblue,249,297,
lightskyblue,249,298,
lightskyblue,249,299,
lightskyblue,249,300,
lightskyblue,249,306,
lightskyblue,249,307,
lightskyblue,249,301,
lightskyblue,249,302,
lightskyblue,249,303,
lightskyblue,249,308,
lightskyblue,249,309,
lightskyblue,249,310,
lightskyblue,249,311,
lightskyblue,249,297,
lightskyblue,249,298,
lightskyblue,249,299,
lightskyblue,249,300,
lightskyblue,211,269,
lightskyblue,211,270,
lightskyblue,211,271,
lightskyblue,211,272,
lightskyblue,211,273,
lightskyblue,211,274,
lightskyblue,207,260,
lightskyblue,207,261,
lightskyblue,207,262,
lightskyblue,207,263,
lightskyblue,207,264,
lightskyblue,207,265,
lightskyblue,277,305,
lightskyblue,277,306,
lightskyblue,277,300,
lightskyblue,277,301,
lightskyblue,277,302,
lightskyblue,277,303,
lightskyblue,277,307,
lightskyblue,277,308,
lightskyblue,277,309,
lightskyblue,277,310,
lightskyblue,277,311,
lightskyblue,277,297,
lightskyblue,277,298,
lightskyblue,277,299,
lightskyblue,277,305,
lightskyblue,277,306,
lightskyblue,277,300,
lightskyblue,277,301,
lightskyblue,277,302,
lightskyblue,277,303,
lightskyblue,277,307,
lightskyblue,277,308,
lightskyblue,277,309,
lightskyblue,277,310,
lightskyblue,277,311,
lightskyblue,277,297,
lightskyblue,277,298,
lightskyblue,277,299,
lightskyblue,191,271,
lightskyblue,191,272,
lightskyblue,191,273,
lightskyblue,191,274,
lightskyblue,193,262,
lightskyblue,193,263,
lightskyblue,193,264,
lightskyblue,193,265,
lightskyblue,253,307,
lightskyblue,253,308,
lightskyblue,253,302,
lightskyblue,253,303,
lightskyblue,253,309,
lightskyblue,253,310,
lightskyblue,253,311,
lightskyblue,253,297,
lightskyblue,253,298,
lightskyblue,253,299,
lightskyblue,253,300,
lightskyblue,253,301,
lightskyblue,253,307,
lightskyblue,253,308,
lightskyblue,253,302,
lightskyblue,253,303,
lightskyblue,253,309,
lightskyblue,253,310,
lightskyblue,253,311,
lightskyblue,253,297,
lightskyblue,253,298,
lightskyblue,253,299,
lightskyblue,253,300,
lightskyblue,253,301,
lightskyblue,241,267,
lightskyblue,241,268,
lightskyblue,241,269,
lightskyblue,241,270,
lightskyblue,241,271,
lightskyblue,241,272,
lightskyblue,241,273,
lightskyblue,241,274,
lightskyblue,243,258,
lightskyblue,243,259,
lightskyblue,243,260,
lightskyblue,243,261,
lightskyblue,243,262,
lightskyblue,243,263,
lightskyblue,243,264,
lightskyblue,243,265,
lightskyblue,283,296,
lightskyblue,283,304,
lightskyblue,283,298,
lightskyblue,283,299,
lightskyblue,283,300,
lightskyblue,283,301,
lightskyblue,283,302,
lightskyblue,283,303,
lightskyblue,283,305,
lightskyblue,283,306,
lightskyblue,283,307,
lightskyblue,283,308,
lightskyblue,283,309,
lightskyblue,283,310,
lightskyblue,283,311,
lightskyblue,283,297,
lightskyblue,283,296,
lightskyblue,283,304,
lightskyblue,283,298,
lightskyblue,283,299,
lightskyblue,283,300,
lightskyblue,283,301,
lightskyblue,283,302,
lightskyblue,283,303,
lightskyblue,283,305,
lightskyblue,283,306,
lightskyblue,283,307,
lightskyblue,283,308,
lightskyblue,283,309,
lightskyblue,283,310,
lightskyblue,283,311,
lightskyblue,283,297,
lightskyblue,231,269,
lightskyblue,231,270,
lightskyblue,231,271,
lightskyblue,231,272,
lightskyblue,231,273,
lightskyblue,231,274,
lightskyblue,227,260,
lightskyblue,227,261,
lightskyblue,227,262,
lightskyblue,227,263,
lightskyblue,227,264,
lightskyblue,227,265,
lightskyblue,287,305,
lightskyblue,287,306,
lightskyblue,287,300,
lightskyblue,287,301,
lightskyblue,287,302,
lightskyblue,287,303,
lightskyblue,287,307,
lightskyblue,287,308,
lightskyblue,287,309,
lightskyblue,287,310,
lightskyblue,287,311,
lightskyblue,287,297,
lightskyblue,287,298,
lightskyblue,287,299,
lightskyblue,287,305,
lightskyblue,287,306,
lightskyblue,287,300,
lightskyblue,287,301,
lightskyblue,287,302,
lightskyblue,287,303,
lightskyblue,287,307,
lightskyblue,287,308,
lightskyblue,287,309,
lightskyblue,287,310,
lightskyblue,287,311,
lightskyblue,287,297,
lightskyblue,287,298,
lightskyblue,287,299,
lightskyblue,201,271,
lightskyblue,201,272,
lightskyblue,201,273,
lightskyblue,201,274,
lightskyblue,199,262,
lightskyblue,199,263,
lightskyblue,199,264,
lightskyblue,199,265,
lightskyblue,275,307,
lightskyblue,275,308,
lightskyblue,275,302,
lightskyblue,275,303,
lightskyblue,275,309,
lightskyblue,275,310,
lightskyblue,275,311,
lightskyblue,275,297,
lightskyblue,275,298,
lightskyblue,275,299,
lightskyblue,275,300,
lightskyblue,275,301,
lightskyblue,275,307,
lightskyblue,275,308,
lightskyblue,275,302,
lightskyblue,275,303,
lightskyblue,275,309,
lightskyblue,275,310,
lightskyblue,275,311,
lightskyblue,275,297,
lightskyblue,275,298,
lightskyblue,275,299,
lightskyblue,275,300,
lightskyblue,275,301,
lightskyblue,233,270,
lightskyblue,233,271,
lightskyblue,233,272,
lightskyblue,233,273,
lightskyblue,233,274,
lightskyblue,215,261,
lightskyblue,215,262,
lightskyblue,215,263,
lightskyblue,215,264,
lightskyblue,215,265,
lightskyblue,285,306,
lightskyblue,285,307,
lightskyblue,285,301,
lightskyblue,285,302,
lightskyblue,285,303,
lightskyblue,285,308,
lightskyblue,285,309,
lightskyblue,285,310,
lightskyblue,285,311,
lightskyblue,285,297,
lightskyblue,285,298,
lightskyblue,285,299,
lightskyblue,285,300,
lightskyblue,285,306,
lightskyblue,285,307,
lightskyblue,285,301,
lightskyblue,285,302,
lightskyblue,285,303,
lightskyblue,285,308,
lightskyblue,285,309,
lightskyblue,285,310,
lightskyblue,285,311,
lightskyblue,285,297,
lightskyblue,285,298,
lightskyblue,285,299,
lightskyblue,285,300,
lightskyblue,223,269,
lightskyblue,223,270,
lightskyblue,223,271,
lightskyblue,223,272,
lightskyblue,223,273,
lightskyblue,223,274,
lightskyblue,225,260,
lightskyblue,225,261,
lightskyblue,225,262,
lightskyblue,225,263,
lightskyblue,225,264,
lightskyblue,225,265,
lightskyblue,293,305,
lightskyblue,293,306,
lightskyblue,293,300,
lightskyblue,293,301,
lightskyblue,293,302,
lightskyblue,293,303,
lightskyblue,293,307,
lightskyblue,293,308,
lightskyblue,293,309,
lightskyblue,293,310,
lightskyblue,293,311,
lightskyblue,293,297,
lightskyblue,293,298,
lightskyblue,293,299,
lightskyblue,293,305,
lightskyblue,293,306,
lightskyblue,293,300,
lightskyblue,293,301,
lightskyblue,293,302,
lightskyblue,293,303,
lightskyblue,293,307,
lightskyblue,293,308,
lightskyblue,293,309,
lightskyblue,293,310,
lightskyblue,293,311,
lightskyblue,293,297,
lightskyblue,293,298,
lightskyblue,293,299,
lightskyblue,219,270,
lightskyblue,219,271,
lightskyblue,219,272,
lightskyblue,219,273,
lightskyblue,219,274,
lightskyblue,217,261,
lightskyblue,217,262,
lightskyblue,217,263,
lightskyblue,217,264,
lightskyblue,217,265,
lightskyblue,289,306,
lightskyblue,289,307,
lightskyblue,289,301,
lightskyblue,289,302,
lightskyblue,289,303,
lightskyblue,289,308,
lightskyblue,289,309,
lightskyblue,289,310,
lightskyblue,289,311,
lightskyblue,289,297,
lightskyblue,289,298,
lightskyblue,289,299,
lightskyblue,289,300,
lightskyblue,289,306,
lightskyblue,289,307,
lightskyblue,289,301,
lightskyblue,289,302,
lightskyblue,289,303,
lightskyblue,289,308,
lightskyblue,289,309,
lightskyblue,289,310,
lightskyblue,289,311,
lightskyblue,289,297,
lightskyblue,289,298,
lightskyblue,289,299,
lightskyblue,289,300,
lightskyblue,213,270,
lightskyblue,213,271,
lightskyblue,213,272,
lightskyblue,213,273,
lightskyblue,213,274,
lightskyblue,209,261,
lightskyblue,209,262,
lightskyblue,209,263,
lightskyblue,209,264,
lightskyblue,209,265,
lightskyblue,291,306,
lightskyblue,291,307,
lightskyblue,291,301,
lightskyblue,291,302,
lightskyblue,291,303,
lightskyblue,291,308,
lightskyblue,291,309,
lightskyblue,291,310,
lightskyblue,291,311,
lightskyblue,291,297,
lightskyblue,291,298,
lightskyblue,291,299,
lightskyblue,291,300,
lightskyblue,291,306,
lightskyblue,291,307,
lightskyblue,291,301,
lightskyblue,291,302,
lightskyblue,291,303,
lightskyblue,291,308,
lightskyblue,291,309,
lightskyblue,291,310,
lightskyblue,291,311,
lightskyblue,291,297,
lightskyblue,291,298,
lightskyblue,291,299,
lightskyblue,291,300,
lightskyblue,221,267,
lightskyblue,221,268,
lightskyblue,221,269,
lightskyblue,221,270,
lightskyblue,221,271,
lightskyblue,221,272,
lightskyblue,221,273,
lightskyblue,221,274,
lightskyblue,245,258,
lightskyblue,245,259,
lightskyblue,245,260,
lightskyblue,245,261,
lightskyblue,245,262,
lightskyblue,245,263,
lightskyblue,245,264,
lightskyblue,245,265,
lightskyblue,279,296,
lightskyblue,279,304,
lightskyblue,279,298,
lightskyblue,279,299,
lightskyblue,279,300,
lightskyblue,279,301,
lightskyblue,279,302,
lightskyblue,279,303,
lightskyblue,279,305,
lightskyblue,279,306,
lightskyblue,279,307,
lightskyblue,279,308,
lightskyblue,279,309,
lightskyblue,279,310,
lightskyblue,279,311,
lightskyblue,279,297,
lightskyblue,279,296,
lightskyblue,279,304,
lightskyblue,279,298,
lightskyblue,279,299,
lightskyblue,279,300,
lightskyblue,279,301,
lightskyblue,279,302,
lightskyblue,279,303,
lightskyblue,279,305,
lightskyblue,279,306,
lightskyblue,279,307,
lightskyblue,279,308,
lightskyblue,279,309,
lightskyblue,279,310,
lightskyblue,279,311,
lightskyblue,279,297,
lightskyblue,235,268,
lightskyblue,235,269,
lightskyblue,235,270,
lightskyblue,235,271,
lightskyblue,235,272,
lightskyblue,235,273,
lightskyblue,235,274,
lightskyblue,229,259,
lightskyblue,229,260,
lightskyblue,229,261,
lightskyblue,229,262,
lightskyblue,229,263,
lightskyblue,229,264,
lightskyblue,229,265,
lightskyblue,281,304,
lightskyblue,281,305,
lightskyblue,281,299,
lightskyblue,281,300,
lightskyblue,281,301,
lightskyblue,281,302,
lightskyblue,281,303,
lightskyblue,281,306,
lightskyblue,281,307,
lightskyblue,281,308,
lightskyblue,281,309,
lightskyblue,281,310,
lightskyblue,281,311,
lightskyblue,281,297,
lightskyblue,281,298,
lightskyblue,281,304,
lightskyblue,281,305,
lightskyblue,281,299,
lightskyblue,281,300,
lightskyblue,281,301,
lightskyblue,281,302,
lightskyblue,281,303,
lightskyblue,281,306,
lightskyblue,281,307,
lightskyblue,281,308,
lightskyblue,281,309,
lightskyblue,281,310,
lightskyblue,281,311,
lightskyblue,281,297,
lightskyblue,281,298,
