green,
green,
green,
green,
green,
green,
green,
green,
green,
green,
green,
green,
green,
green,
green,
green,
green,
green,
green,
green,
green,
green,
green,
green,
green,
green,
green,
green,
green,
green,
green,
green,
green,
green,
green,
green,
green,
green,
green,
green,
green,
green,
green,
green,
green,
green,
green,
green,
green,
green,
green,
green,
green,
green,
green,
green,
green,
green,
green,
green,
green,
green,
green,
green,
green,
green,
green,
green,
green,
green,
green,
green,
green,
gold,0,474,475,476,477,478,479,480,
gold,0,
gold,1,459,460,461,462,463,464,465,466,467,468,469,470,471,472,473,
gold,1,
gold,2,481,482,483,484,485,486,487,
gold,2,
gold,3,272,273,274,275,276,277,278,279,
gold,3,
gold,4,453,454,455,456,457,458,
gold,4,
gold,5,488,489,490,491,492,493,494,495,496,497,498,499,500,
gold,5,
gold,6,501,502,503,504,505,
gold,6,
gold,7,447,448,449,450,451,452,
gold,7,
gold,8,433,434,435,436,437,438,439,440,441,442,443,444,445,446,
gold,8,
gold,9,537,538,539,540,541,542,543,544,545,546,547,548,549,
gold,9,
gold,10,555,556,557,558,559,
gold,10,
gold,11,429,430,431,432,
gold,11,
gold,12,413,414,415,416,417,418,419,420,421,422,423,424,
gold,12,
gold,13,425,426,427,428,
gold,13,
gold,14,383,384,385,386,387,
gold,14,
gold,15,370,371,372,373,374,375,376,377,378,379,380,381,382,
gold,15,
gold,16,388,389,390,391,392,
gold,16,
gold,17,280,281,282,283,284,285,286,287,288,289,290,291,292,293,294,295,
gold,17,
gold,18,296,297,298,299,300,301,302,303,
gold,18,
gold,19,511,512,513,514,515,516,517,518,519,520,521,522,523,524,
gold,19,
gold,20,531,532,533,534,535,536,
gold,20,
gold,21,409,410,411,412,
gold,21,
gold,22,393,394,395,396,397,398,399,400,401,402,403,404,
gold,22,
gold,23,405,406,407,408,
gold,23,
gold,24,358,359,360,361,362,363,
gold,24,
gold,25,344,345,346,347,348,349,350,351,352,353,354,355,356,357,
gold,25,
gold,26,364,365,366,367,368,369,
gold,26,
gold,27,336,337,338,339,340,341,342,343,
gold,27,
gold,28,312,313,314,315,316,317,318,319,320,321,322,323,324,325,326,327,
gold,28,
gold,29,328,329,330,331,332,333,334,335,
gold,29,
gold,30,248,249,250,251,252,253,254,255,256,257,258,259,260,261,262,263,
gold,30,
gold,31,576,577,578,579,580,581,582,583,608,609,610,611,612,613,614,615,640,641,642,643,644,645,646,647,672,673,674,675,676,677,678,679,702,703,704,705,706,707,728,729,730,731,732,733,753,754,755,756,757,910,911,912,913,914,915,916,939,940,941,942,943,944,945,987,988,989,990,991,992,1084,1085,1086,1087,1088,1089,1090,1091,1430,1431,1432,1433,1434,1435,1436,1437,1438,1439,1440,1441,1442,1443,1444,1445,
gold,31,264,265,266,267,268,269,270,271,1414,1415,1416,1417,1418,1419,1420,1421,
gold,32,584,585,586,587,588,589,590,591,616,617,618,619,620,621,622,623,648,649,650,651,652,653,654,655,680,681,682,683,684,685,686,687,781,782,783,784,785,804,805,806,807,808,825,826,827,828,1124,1125,1126,1127,1128,1129,1130,1131,1494,1495,1496,1497,1498,1499,1500,1501,1502,1503,1504,1505,1506,1507,1508,1509,
gold,32,304,305,306,307,308,309,310,311,1470,1471,1472,1473,1474,1475,1476,1477,
gold,33,584,585,586,587,588,589,590,591,616,617,618,619,620,621,622,623,648,649,650,651,652,653,654,655,680,681,682,683,684,685,686,687,708,709,710,711,712,713,734,735,736,737,738,739,758,759,760,761,762,917,918,919,920,921,922,923,946,947,948,949,950,951,952,993,994,995,996,997,998,1092,1093,1094,1095,1096,1097,1098,1099,1381,1446,1447,1448,1449,1450,1451,1452,1453,1454,1455,1456,1457,1458,1459,1460,1461,
gold,33,272,273,274,275,276,277,278,279,1422,1423,1424,1425,1426,1427,1428,1429,
gold,34,576,577,578,579,580,581,582,583,608,609,610,611,612,613,614,615,640,641,642,643,644,645,646,647,672,673,674,675,676,677,678,679,776,777,778,779,780,799,800,801,802,803,821,822,823,824,1116,1117,1118,1119,1120,1121,1122,1123,1383,1478,1479,1480,1481,1482,1483,1484,1485,1486,1487,1488,1489,1490,1491,1492,1493,
gold,34,296,297,298,299,300,301,302,303,1462,1463,1464,1465,1466,1467,1468,1469,
gold,35,1321,1322,1323,1324,1325,1406,1792,1793,1794,1795,1796,1797,1798,1799,1800,1801,1802,1803,1804,
gold,35,501,502,503,504,505,1058,1059,1060,1061,1062,1782,1783,1784,1785,1786,
gold,36,993,994,995,996,997,998,1229,1230,1231,1232,1395,1654,1655,1656,1657,1658,1659,1660,1661,1662,1663,1664,1665,
gold,36,409,410,411,412,825,826,827,828,969,970,971,972,1638,1639,1640,1641,
gold,37,1351,1352,1353,1354,1355,1356,1410,1844,1845,1846,1847,1848,1849,1850,1851,1852,1853,1854,1855,1856,1857,
gold,37,531,532,533,534,535,536,993,994,995,996,997,998,1824,1825,1826,1827,1828,1829,
gold,38,987,988,989,990,991,992,1225,1226,1227,1228,1394,1642,1643,1644,1645,1646,1647,1648,1649,1650,1651,1652,1653,
gold,38,405,406,407,408,821,822,823,824,965,966,967,968,1634,1635,1636,1637,
gold,39,1345,1346,1347,1348,1349,1350,1409,1830,1831,1832,1833,1834,1835,1836,1837,1838,1839,1840,1841,1842,1843,
gold,39,525,526,527,528,529,530,987,988,989,990,991,992,1818,1819,1820,1821,1822,1823,
gold,40,1326,1327,1328,1329,1330,1407,1805,1806,1807,1808,1809,1810,1811,1812,1813,1814,1815,1816,1817,
gold,40,506,507,508,509,510,1063,1064,1065,1066,1067,1787,1788,1789,1790,1791,
gold,41,1017,1018,1019,1020,1021,1249,1250,1251,1252,1398,1686,1687,1688,1689,1690,1691,1692,1693,1694,1695,1696,1697,
gold,41,429,430,431,432,845,846,847,848,891,892,893,894,1670,1671,1672,1673,
gold,42,1012,1013,1014,1015,1016,1245,1246,1247,1248,1397,1674,1675,1676,1677,1678,1679,1680,1681,1682,1683,1684,1685,
gold,42,425,426,427,428,841,842,843,844,887,888,889,890,1666,1667,1668,1669,
gold,43,1040,1041,1042,1043,1044,1063,1064,1065,1066,1067,1273,1274,1275,1276,1277,1278,1401,1724,1725,1726,1727,1728,1729,1730,1731,1732,1733,1734,1735,1736,1737,
gold,43,453,454,455,456,457,458,869,870,871,872,873,874,1704,1705,1706,1707,1708,1709,
gold,44,1375,1376,1377,1378,1379,1413,1881,1882,1883,1884,1885,1886,1887,1888,1889,1890,1891,1892,1893,
gold,44,555,556,557,558,559,1017,1018,1019,1020,1021,1040,1041,1042,1043,1044,1863,1864,1865,1866,1867,
gold,45,1035,1036,1037,1038,1039,1058,1059,1060,1061,1062,1267,1268,1269,1270,1271,1272,1400,1710,1711,1712,1713,1714,1715,1716,1717,1718,1719,1720,1721,1722,1723,
gold,45,447,448,449,450,451,452,863,864,865,866,867,868,1698,1699,1700,1701,1702,1703,
gold,46,1370,1371,1372,1373,1374,1412,1868,1869,1870,1871,1872,1873,1874,1875,1876,1877,1878,1879,1880,
gold,46,550,551,552,553,554,1012,1013,1014,1015,1016,1035,1036,1037,1038,1039,1858,1859,1860,1861,1862,
gold,47,821,822,823,824,841,842,843,844,863,864,865,866,867,868,887,888,889,890,1035,1036,1037,1038,1039,1178,1179,1180,1181,1182,1183,1388,1570,1571,1572,1573,1574,1575,1576,1577,1578,1579,1580,1581,1582,1583,
gold,47,358,359,360,361,362,363,702,703,704,705,706,707,728,729,730,731,732,733,1558,1559,1560,1561,1562,1563,
gold,48,825,826,827,828,845,846,847,848,869,870,871,872,873,874,891,892,893,894,1040,1041,1042,1043,1044,1184,1185,1186,1187,1188,1189,1389,1584,1585,1586,1587,1588,1589,1590,1591,1592,1593,1594,1595,1596,1597,
gold,48,364,365,366,367,368,369,708,709,710,711,712,713,734,735,736,737,738,739,1564,1565,1566,1567,1568,1569,
gold,49,891,892,893,894,917,918,919,920,921,922,923,946,947,948,949,950,951,952,969,970,971,972,1063,1064,1065,1066,1067,1208,1209,1210,1211,1212,1392,1621,1622,1623,1624,1625,1626,1627,1628,1629,1630,1631,1632,1633,
gold,49,388,389,390,391,392,758,759,760,761,762,781,782,783,784,785,804,805,806,807,808,1603,1604,1605,1606,1607,
gold,50,1017,1018,1019,1020,1021,1301,1302,1303,1304,1305,1306,1307,1404,1767,1768,1769,1770,1771,1772,1773,1774,1775,1776,1777,1778,1779,1780,1781,
gold,50,481,482,483,484,485,486,487,917,918,919,920,921,922,923,946,947,948,949,950,951,952,1745,1746,1747,1748,1749,1750,1751,
gold,51,887,888,889,890,910,911,912,913,914,915,916,939,940,941,942,943,944,945,965,966,967,968,1058,1059,1060,1061,1062,1203,1204,1205,1206,1207,1391,1608,1609,1610,1611,1612,1613,1614,1615,1616,1617,1618,1619,1620,
gold,51,383,384,385,386,387,753,754,755,756,757,776,777,778,779,780,799,800,801,802,803,1598,1599,1600,1601,1602,
gold,52,1012,1013,1014,1015,1016,1294,1295,1296,1297,1298,1299,1300,1403,1752,1753,1754,1755,1756,1757,1758,1759,1760,1761,1762,1763,1764,1765,1766,
gold,52,474,475,476,477,478,479,480,910,911,912,913,914,915,916,939,940,941,942,943,944,945,1738,1739,1740,1741,1742,1743,1744,
gold,53,560,561,562,563,564,565,566,567,568,569,570,571,572,573,574,575,592,593,594,595,596,597,598,599,600,601,602,603,604,605,606,607,624,625,626,627,628,629,630,631,632,633,634,635,636,637,638,639,656,657,658,659,660,661,662,663,664,665,666,667,668,669,670,671,688,689,690,691,692,693,694,695,696,697,698,699,700,701,714,715,716,717,718,719,720,721,722,723,724,725,726,727,740,741,742,743,744,745,746,747,748,749,750,751,752,895,896,897,898,899,900,901,902,903,904,905,906,907,908,909,924,925,926,927,928,929,930,931,932,933,934,935,936,937,938,973,974,975,976,977,978,979,980,981,982,983,984,985,986,1068,1069,1070,1071,1072,1073,1074,1075,1076,1077,1078,1079,1080,1081,1082,1083,1380,1414,1415,1416,1417,1418,1419,1420,1421,1422,1423,1424,1425,1426,1427,1428,1429,
gold,53,248,249,250,251,252,253,254,255,256,257,258,259,260,261,262,263,1430,1431,1432,1433,1434,1435,1436,1437,1438,1439,1440,1441,1442,1443,1444,1445,1446,1447,1448,1449,1450,1451,1452,1453,1454,1455,1456,1457,1458,1459,1460,1461,
gold,54,708,709,710,711,712,713,734,735,736,737,738,739,758,759,760,761,762,781,782,783,784,785,804,805,806,807,808,845,846,847,848,869,870,871,872,873,874,969,970,971,972,1156,1157,1158,1159,1160,1161,1162,1163,1386,1542,1543,1544,1545,1546,1547,1548,1549,1550,1551,1552,1553,1554,1555,1556,1557,
gold,54,336,337,338,339,340,341,342,343,584,585,586,587,588,589,590,591,616,617,618,619,620,621,622,623,648,649,650,651,652,653,654,655,680,681,682,683,684,685,686,687,1518,1519,1520,1521,1522,1523,1524,1525,
gold,55,560,561,562,563,564,565,566,567,568,569,570,571,572,573,574,575,592,593,594,595,596,597,598,599,600,601,602,603,604,605,606,607,624,625,626,627,628,629,630,631,632,633,634,635,636,637,638,639,656,657,658,659,660,661,662,663,664,665,666,667,668,669,670,671,763,764,765,766,767,768,769,770,771,772,773,774,775,786,787,788,789,790,791,792,793,794,795,796,797,798,809,810,811,812,813,814,815,816,817,818,819,820,1100,1101,1102,1103,1104,1105,1106,1107,1108,1109,1110,1111,1112,1113,1114,1115,1382,1462,1463,1464,1465,1466,1467,1468,1469,1470,1471,1472,1473,1474,1475,1476,1477,
gold,55,280,281,282,283,284,285,286,287,288,289,290,291,292,293,294,295,1478,1479,1480,1481,1482,1483,1484,1485,1486,1487,1488,1489,1490,1491,1492,1493,1494,1495,1496,1497,1498,1499,1500,1501,1502,1503,1504,1505,1506,1507,1508,1509,
gold,56,272,304,336,364,388,409,429,453,481,506,531,555,584,616,648,680,708,734,758,781,804,825,845,869,891,917,946,969,993,1017,1040,1063,1422,1470,1518,1564,1603,1638,1670,1704,1745,1787,1824,1863,
gold,56,273,305,337,365,389,410,430,454,482,507,532,556,585,617,649,681,709,735,759,782,805,826,846,870,892,918,947,970,994,1018,1041,1064,1092,1124,1156,1423,1471,1519,1565,1604,1639,1671,1705,1746,1788,1825,1864,
gold,56,274,306,338,366,390,411,431,455,483,508,533,557,586,618,650,682,710,736,760,783,806,827,847,871,893,919,948,971,995,1019,1042,1065,1093,1125,1157,1301,1424,1472,1520,1566,1605,1640,1672,1706,1747,1789,1826,1865,
gold,56,275,307,339,367,391,412,432,456,484,509,534,558,587,619,651,683,711,737,761,784,807,828,848,872,894,920,949,972,996,1020,1043,1066,1094,1126,1158,1184,1273,1302,1351,1425,1473,1521,1567,1606,1641,1673,1707,1748,1790,1827,1866,
gold,56,276,308,340,368,392,457,485,510,535,559,588,620,652,684,712,738,762,785,808,873,921,950,997,1021,1044,1067,1095,1127,1159,1185,1208,1274,1303,1326,1352,1375,1426,1474,1522,1568,1607,1708,1749,1791,1828,1867,
gold,56,277,309,341,369,458,486,536,589,621,653,685,713,739,874,922,951,998,1096,1128,1160,1186,1209,1229,1249,1275,1304,1327,1353,1376,1427,1475,1523,1569,1709,1750,1829,
gold,56,278,310,342,487,590,622,654,686,923,952,1097,1129,1161,1187,1210,1230,1250,1276,1305,1328,1354,1377,1428,1476,1524,1751,
gold,56,279,311,343,591,623,655,687,1098,1130,1162,1188,1211,1231,1251,1277,1306,1329,1355,1378,1429,1477,1525,
gold,56,1099,1131,1163,1189,1212,1232,1252,1278,1307,1330,1356,1379,
gold,57,702,703,704,705,706,707,728,729,730,731,732,733,753,754,755,756,757,776,777,778,779,780,799,800,801,802,803,841,842,843,844,863,864,865,866,867,868,965,966,967,968,1148,1149,1150,1151,1152,1153,1154,1155,1385,1526,1527,1528,1529,1530,1531,1532,1533,1534,1535,1536,1537,1538,1539,1540,1541,
gold,57,328,329,330,331,332,333,334,335,576,577,578,579,580,581,582,583,608,609,610,611,612,613,614,615,640,641,642,643,644,645,646,647,672,673,674,675,676,677,678,679,1510,1511,1512,1513,1514,1515,1516,1517,
gold,58,264,296,328,358,383,405,425,447,474,501,525,550,576,608,640,672,702,728,753,776,799,821,841,863,887,910,939,965,987,1012,1035,1058,1414,1462,1510,1558,1598,1634,1666,1698,1738,1782,1818,1858,
gold,58,265,297,329,359,384,406,426,448,475,502,526,551,577,609,641,673,703,729,754,777,800,822,842,864,888,911,940,966,988,1013,1036,1059,1084,1116,1148,1415,1463,1511,1559,1599,1635,1667,1699,1739,1783,1819,1859,
gold,58,266,298,330,360,385,407,427,449,476,503,527,552,578,610,642,674,704,730,755,778,801,823,843,865,889,912,941,967,989,1014,1037,1060,1085,1117,1149,1294,1416,1464,1512,1560,1600,1636,1668,1700,1740,1784,1820,1860,
gold,58,267,299,331,361,386,408,428,450,477,504,528,553,579,611,643,675,705,731,756,779,802,824,844,866,890,913,942,968,990,1015,1038,1061,1086,1118,1150,1178,1267,1295,1345,1417,1465,1513,1561,1601,1637,1669,1701,1741,1785,1821,1861,
gold,58,268,300,332,362,387,451,478,505,529,554,580,612,644,676,706,732,757,780,803,867,914,943,991,1016,1039,1062,1087,1119,1151,1179,1203,1268,1296,1321,1346,1370,1418,1466,1514,1562,1602,1702,1742,1786,1822,1862,
gold,58,269,301,333,363,452,479,530,581,613,645,677,707,733,868,915,944,992,1088,1120,1152,1180,1204,1225,1245,1269,1297,1322,1347,1371,1419,1467,1515,1563,1703,1743,1823,
gold,58,270,302,334,480,582,614,646,678,916,945,1089,1121,1153,1181,1205,1226,1246,1270,1298,1323,1348,1372,1420,1468,1516,1744,
gold,58,271,303,335,583,615,647,679,1090,1122,1154,1182,1206,1227,1247,1271,1299,1324,1349,1373,1421,1469,1517,
gold,58,1091,1123,1155,1183,1207,1228,1248,1272,1300,1325,1350,1374,
gold,59,1331,1332,1333,1334,1335,1336,1337,1338,1339,1340,1341,1342,1343,1344,1408,1818,1819,1820,1821,1822,1823,1824,1825,1826,1827,1828,1829,
gold,59,511,512,513,514,515,516,517,518,519,520,521,522,523,524,973,974,975,976,977,978,979,980,981,982,983,984,985,986,1830,1831,1832,1833,1834,1835,1836,1837,1838,1839,1840,1841,1842,1843,1844,1845,1846,1847,1848,1849,1850,1851,1852,1853,1854,1855,1856,1857,
gold,60,1308,1309,1310,1311,1312,1313,1314,1315,1316,1317,1318,1319,1320,1405,1782,1783,1784,1785,1786,1787,1788,1789,1790,1791,
gold,60,488,489,490,491,492,493,494,495,496,497,498,499,500,1045,1046,1047,1048,1049,1050,1051,1052,1053,1054,1055,1056,1057,1792,1793,1794,1795,1796,1797,1798,1799,1800,1801,1802,1803,1804,1805,1806,1807,1808,1809,1810,1811,1812,1813,1814,1815,1816,1817,
gold,61,1022,1023,1024,1025,1026,1027,1028,1029,1030,1031,1032,1033,1034,1045,1046,1047,1048,1049,1050,1051,1052,1053,1054,1055,1056,1057,1253,1254,1255,1256,1257,1258,1259,1260,1261,1262,1263,1264,1265,1266,1399,1698,1699,1700,1701,1702,1703,1704,1705,1706,1707,1708,1709,
gold,61,433,434,435,436,437,438,439,440,441,442,443,444,445,446,849,850,851,852,853,854,855,856,857,858,859,860,861,862,1710,1711,1712,1713,1714,1715,1716,1717,1718,1719,1720,1721,1722,1723,1724,1725,1726,1727,1728,1729,1730,1731,1732,1733,1734,1735,1736,1737,
gold,62,973,974,975,976,977,978,979,980,981,982,983,984,985,986,1213,1214,1215,1216,1217,1218,1219,1220,1221,1222,1223,1224,1393,1634,1635,1636,1637,1638,1639,1640,1641,
gold,62,393,394,395,396,397,398,399,400,401,402,403,404,809,810,811,812,813,814,815,816,817,818,819,820,953,954,955,956,957,958,959,960,961,962,963,964,1642,1643,1644,1645,1646,1647,1648,1649,1650,1651,1652,1653,1654,1655,1656,1657,1658,1659,1660,1661,1662,1663,1664,1665,
gold,63,809,810,811,812,813,814,815,816,817,818,819,820,829,830,831,832,833,834,835,836,837,838,839,840,849,850,851,852,853,854,855,856,857,858,859,860,861,862,875,876,877,878,879,880,881,882,883,884,885,886,1022,1023,1024,1025,1026,1027,1028,1029,1030,1031,1032,1033,1034,1164,1165,1166,1167,1168,1169,1170,1171,1172,1173,1174,1175,1176,1177,1387,1558,1559,1560,1561,1562,1563,1564,1565,1566,1567,1568,1569,
gold,63,344,345,346,347,348,349,350,351,352,353,354,355,356,357,688,689,690,691,692,693,694,695,696,697,698,699,700,701,714,715,716,717,718,719,720,721,722,723,724,725,726,727,1570,1571,1572,1573,1574,1575,1576,1577,1578,1579,1580,1581,1582,1583,1584,1585,1586,1587,1588,1589,1590,1591,1592,1593,1594,1595,1596,1597,
gold,64,999,1000,1001,1002,1003,1004,1005,1006,1007,1008,1009,1010,1011,1233,1234,1235,1236,1237,1238,1239,1240,1241,1242,1243,1244,1396,1666,1667,1668,1669,1670,1671,1672,1673,
gold,64,413,414,415,416,417,418,419,420,421,422,423,424,829,830,831,832,833,834,835,836,837,838,839,840,875,876,877,878,879,880,881,882,883,884,885,886,1674,1675,1676,1677,1678,1679,1680,1681,1682,1683,1684,1685,1686,1687,1688,1689,1690,1691,1692,1693,1694,1695,1696,1697,
gold,65,1357,1358,1359,1360,1361,1362,1363,1364,1365,1366,1367,1368,1369,1411,1858,1859,1860,1861,1862,1863,1864,1865,1866,1867,
gold,65,537,538,539,540,541,542,543,544,545,546,547,548,549,999,1000,1001,1002,1003,1004,1005,1006,1007,1008,1009,1010,1011,1022,1023,1024,1025,1026,1027,1028,1029,1030,1031,1032,1033,1034,1868,1869,1870,1871,1872,1873,1874,1875,1876,1877,1878,1879,1880,1881,1882,1883,1884,1885,1886,1887,1888,1889,1890,1891,1892,1893,
gold,66,999,1000,1001,1002,1003,1004,1005,1006,1007,1008,1009,1010,1011,1279,1280,1281,1282,1283,1284,1285,1286,1287,1288,1289,1290,1291,1292,1293,1402,1738,1739,1740,1741,1742,1743,1744,1745,1746,1747,1748,1749,1750,1751,
gold,66,459,460,461,462,463,464,465,466,467,468,469,470,471,472,473,895,896,897,898,899,900,901,902,903,904,905,906,907,908,909,924,925,926,927,928,929,930,931,932,933,934,935,936,937,938,1752,1753,1754,1755,1756,1757,1758,1759,1760,1761,1762,1763,1764,1765,1766,1767,1768,1769,1770,1771,1772,1773,1774,1775,1776,1777,1778,1779,1780,1781,
gold,67,688,689,690,691,692,693,694,695,696,697,698,699,700,701,714,715,716,717,718,719,720,721,722,723,724,725,726,727,740,741,742,743,744,745,746,747,748,749,750,751,752,763,764,765,766,767,768,769,770,771,772,773,774,775,786,787,788,789,790,791,792,793,794,795,796,797,798,829,830,831,832,833,834,835,836,837,838,839,840,849,850,851,852,853,854,855,856,857,858,859,860,861,862,953,954,955,956,957,958,959,960,961,962,963,964,1132,1133,1134,1135,1136,1137,1138,1139,1140,1141,1142,1143,1144,1145,1146,1147,1384,1510,1511,1512,1513,1514,1515,1516,1517,1518,1519,1520,1521,1522,1523,1524,1525,
gold,67,312,313,314,315,316,317,318,319,320,321,322,323,324,325,326,327,560,561,562,563,564,565,566,567,568,569,570,571,572,573,574,575,592,593,594,595,596,597,598,599,600,601,602,603,604,605,606,607,624,625,626,627,628,629,630,631,632,633,634,635,636,637,638,639,656,657,658,659,660,661,662,663,664,665,666,667,668,669,670,671,1526,1527,1528,1529,1530,1531,1532,1533,1534,1535,1536,1537,1538,1539,1540,1541,1542,1543,1544,1545,1546,1547,1548,1549,1550,1551,1552,1553,1554,1555,1556,1557,
gold,68,875,876,877,878,879,880,881,882,883,884,885,886,895,896,897,898,899,900,901,902,903,904,905,906,907,908,909,924,925,926,927,928,929,930,931,932,933,934,935,936,937,938,953,954,955,956,957,958,959,960,961,962,963,964,1045,1046,1047,1048,1049,1050,1051,1052,1053,1054,1055,1056,1057,1190,1191,1192,1193,1194,1195,1196,1197,1198,1199,1200,1201,1202,1390,1598,1599,1600,1601,1602,1603,1604,1605,1606,1607,
gold,68,370,371,372,373,374,375,376,377,378,379,380,381,382,740,741,742,743,744,745,746,747,748,749,750,751,752,763,764,765,766,767,768,769,770,771,772,773,774,775,786,787,788,789,790,791,792,793,794,795,796,797,798,1608,1609,1610,1611,1612,1613,1614,1615,1616,1617,1618,1619,1620,1621,1622,1623,1624,1625,1626,1627,1628,1629,1630,1631,1632,1633,
gold,69,248,280,312,344,370,393,413,433,459,488,511,537,560,592,624,656,688,714,740,763,786,809,829,849,875,895,924,953,973,999,1022,1045,1430,1446,1478,1494,1526,1542,1570,1584,1608,1621,1642,1654,1674,1686,1710,1724,1752,1767,1792,1805,1830,1844,1868,1881,
gold,69,249,281,313,345,371,394,414,434,460,489,512,538,561,593,625,657,689,715,741,764,787,810,830,850,876,896,925,954,974,1000,1023,1046,1068,1100,1132,1431,1447,1479,1495,1527,1543,1571,1585,1609,1622,1643,1655,1675,1687,1711,1725,1753,1768,1793,1806,1831,1845,1869,1882,
gold,69,250,282,314,346,372,395,415,435,461,490,513,539,562,594,626,658,690,716,742,765,788,811,831,851,877,897,926,955,975,1001,1024,1047,1069,1101,1133,1164,1190,1213,1233,1253,1279,1308,1331,1357,1432,1448,1480,1496,1528,1544,1572,1586,1610,1623,1644,1656,1676,1688,1712,1726,1754,1769,1794,1807,1832,1846,1870,1883,
gold,69,251,283,315,347,373,396,416,436,462,491,514,540,563,595,627,659,691,717,743,766,789,812,832,852,878,898,927,956,976,1002,1025,1048,1070,1102,1134,1165,1191,1214,1234,1254,1280,1309,1332,1358,1433,1449,1481,1497,1529,1545,1573,1587,1611,1624,1645,1657,1677,1689,1713,1727,1755,1770,1795,1808,1833,1847,1871,1884,
gold,69,252,284,316,348,374,437,463,492,515,541,564,596,628,660,692,718,744,767,790,853,899,928,977,1003,1026,1049,1071,1103,1135,1166,1192,1215,1235,1255,1281,1310,1333,1359,1434,1450,1482,1498,1530,1546,1574,1588,1612,1625,1714,1728,1756,1771,1796,1809,1834,1848,1872,1885,
gold,69,253,285,317,349,438,464,516,565,597,629,661,693,719,854,900,929,978,1072,1104,1136,1167,1193,1216,1236,1256,1282,1311,1334,1360,1435,1451,1483,1499,1531,1547,1575,1589,1715,1729,1757,1772,1835,1849,
gold,69,254,286,318,465,566,598,630,662,901,930,1073,1105,1137,1168,1194,1217,1237,1257,1283,1312,1335,1361,1436,1452,1484,1500,1532,1548,1758,1773,
gold,69,255,287,319,567,599,631,663,1074,1106,1138,1169,1195,1218,1238,1258,1284,1313,1336,1362,1437,1453,1485,1501,1533,1549,
gold,69,1075,1107,1139,1170,1196,1219,1239,1259,1285,1314,1337,1363,
gold,69,256,288,320,350,375,397,417,439,466,493,517,542,568,600,632,664,694,720,745,768,791,813,833,855,879,902,931,957,979,1004,1027,1050,1076,1108,1140,1286,1438,1454,1486,1502,1534,1550,1576,1590,1613,1626,1646,1658,1678,1690,1716,1730,1759,1774,1797,1810,1836,1850,1873,1886,
gold,69,257,289,321,351,376,398,418,440,467,494,518,543,569,601,633,665,695,721,746,769,792,814,834,856,880,903,932,958,980,1005,1028,1051,1077,1109,1141,1171,1260,1287,1338,1439,1455,1487,1503,1535,1551,1577,1591,1614,1627,1647,1659,1679,1691,1717,1731,1760,1775,1798,1811,1837,1851,1874,1887,
gold,69,258,290,322,352,377,399,419,441,468,495,519,544,570,602,634,666,696,722,747,770,793,815,835,857,881,904,933,959,981,1006,1029,1052,1078,1110,1142,1172,1197,1261,1288,1315,1339,1364,1440,1456,1488,1504,1536,1552,1578,1592,1615,1628,1648,1660,1680,1692,1718,1732,1761,1776,1799,1812,1838,1852,1875,1888,
gold,69,259,291,323,353,378,400,420,442,469,496,520,545,571,603,635,667,697,723,748,771,794,816,836,858,882,905,934,960,982,1007,1030,1053,1079,1111,1143,1173,1198,1220,1240,1262,1289,1316,1340,1365,1441,1457,1489,1505,1537,1553,1579,1593,1616,1629,1649,1661,1681,1693,1719,1733,1762,1777,1800,1813,1839,1853,1876,1889,
gold,69,260,292,324,354,379,401,421,443,470,497,521,546,572,604,636,668,698,724,749,772,795,817,837,859,883,906,935,961,983,1008,1031,1054,1080,1112,1144,1174,1199,1221,1241,1263,1290,1317,1341,1366,1442,1458,1490,1506,1538,1554,1580,1594,1617,1630,1650,1662,1682,1694,1720,1734,1763,1778,1801,1814,1840,1854,1877,1890,
gold,69,261,293,325,355,380,402,422,444,471,498,522,547,573,605,637,669,699,725,750,773,796,818,838,860,884,907,936,962,984,1009,1032,1055,1081,1113,1145,1175,1200,1222,1242,1264,1291,1318,1342,1367,1443,1459,1491,1507,1539,1555,1581,1595,1618,1631,1651,1663,1683,1695,1721,1735,1764,1779,1802,1815,1841,1855,1878,1891,
gold,69,262,294,326,356,381,403,423,445,472,499,523,548,574,606,638,670,700,726,751,774,797,819,839,861,885,908,937,963,985,1010,1033,1056,1082,1114,1146,1176,1201,1223,1243,1265,1292,1319,1343,1368,1444,1460,1492,1508,1540,1556,1582,1596,1619,1632,1652,1664,1684,1696,1722,1736,1765,1780,1803,1816,1842,1856,1879,1892,
gold,69,263,295,327,357,382,404,424,446,473,500,524,549,575,607,639,671,701,727,752,775,798,820,840,862,886,909,938,964,986,1011,1034,1057,1083,1115,1147,1177,1202,1224,1244,1266,1293,1320,1344,1369,1445,1461,1493,1509,1541,1557,1583,1597,1620,1633,1653,1665,1685,1697,1723,1737,1766,1781,1804,1817,1843,1857,1880,1893,
red,70,525,526,527,528,529,530,
gold,70,
red,71,506,507,508,509,510,
gold,71,
red,72,550,551,552,553,554,
gold,72,
lightskyblue,179,226,
lightskyblue,179,234,
lightskyblue,179,228,
lightskyblue,179,229,
lightskyblue,179,230,
lightskyblue,179,231,
lightskyblue,179,232,
lightskyblue,179,233,
lightskyblue,179,235,
lightskyblue,179,236,
lightskyblue,179,237,
lightskyblue,179,238,
lightskyblue,179,239,
lightskyblue,179,240,
lightskyblue,179,241,
lightskyblue,179,227,
lightskyblue,135,197,
lightskyblue,135,198,
lightskyblue,135,199,
lightskyblue,135,200,
lightskyblue,135,201,
lightskyblue,135,202,
lightskyblue,135,203,
lightskyblue,135,204,
lightskyblue,139,186,
lightskyblue,139,187,
lightskyblue,139,188,
lightskyblue,139,189,
lightskyblue,139,190,
lightskyblue,139,191,
lightskyblue,139,192,
lightskyblue,139,193,
lightskyblue,183,226,
lightskyblue,183,234,
lightskyblue,183,228,
lightskyblue,183,229,
lightskyblue,183,230,
lightskyblue,183,231,
lightskyblue,183,232,
lightskyblue,183,233,
lightskyblue,183,235,
lightskyblue,183,236,
lightskyblue,183,237,
lightskyblue,183,238,
lightskyblue,183,239,
lightskyblue,183,240,
lightskyblue,183,241,
lightskyblue,183,227,
lightskyblue,141,197,
lightskyblue,141,198,
lightskyblue,141,199,
lightskyblue,141,200,
lightskyblue,141,201,
lightskyblue,141,202,
lightskyblue,141,203,
lightskyblue,141,204,
lightskyblue,137,186,
lightskyblue,137,187,
lightskyblue,137,188,
lightskyblue,137,189,
lightskyblue,137,190,
lightskyblue,137,191,
lightskyblue,137,192,
lightskyblue,137,193,
lightskyblue,221,226,
lightskyblue,221,234,
lightskyblue,221,228,
lightskyblue,221,229,
lightskyblue,221,230,
lightskyblue,221,231,
lightskyblue,221,232,
lightskyblue,221,233,
lightskyblue,221,235,
lightskyblue,221,236,
lightskyblue,221,237,
lightskyblue,221,238,
lightskyblue,221,239,
lightskyblue,221,240,
lightskyblue,221,241,
lightskyblue,221,227,
lightskyblue,194,197,
lightskyblue,194,198,
lightskyblue,194,199,
lightskyblue,194,200,
lightskyblue,194,201,
lightskyblue,194,202,
lightskyblue,194,203,
lightskyblue,194,204,
lightskyblue,181,186,
lightskyblue,181,187,
lightskyblue,181,188,
lightskyblue,181,189,
lightskyblue,181,190,
lightskyblue,181,191,
lightskyblue,181,192,
lightskyblue,181,193,
lightskyblue,213,235,
lightskyblue,213,236,
lightskyblue,213,230,
lightskyblue,213,231,
lightskyblue,213,232,
lightskyblue,213,233,
lightskyblue,213,237,
lightskyblue,213,238,
lightskyblue,213,239,
lightskyblue,213,240,
lightskyblue,213,241,
lightskyblue,213,227,
lightskyblue,213,228,
lightskyblue,213,229,
lightskyblue,167,199,
lightskyblue,167,200,
lightskyblue,167,201,
lightskyblue,167,202,
lightskyblue,167,203,
lightskyblue,167,204,
lightskyblue,169,188,
lightskyblue,169,189,
lightskyblue,169,190,
lightskyblue,169,191,
lightskyblue,169,192,
lightskyblue,169,193,
lightskyblue,223,236,
lightskyblue,223,237,
lightskyblue,223,231,
lightskyblue,223,232,
lightskyblue,223,233,
lightskyblue,223,238,
lightskyblue,223,239,
lightskyblue,223,240,
lightskyblue,223,241,
lightskyblue,223,227,
lightskyblue,223,228,
lightskyblue,223,229,
lightskyblue,223,230,
lightskyblue,175,200,
lightskyblue,175,201,
lightskyblue,175,202,
lightskyblue,175,203,
lightskyblue,175,204,
lightskyblue,171,189,
lightskyblue,171,190,
lightskyblue,171,191,
lightskyblue,171,192,
lightskyblue,171,193,
lightskyblue,211,237,
lightskyblue,211,238,
lightskyblue,211,232,
lightskyblue,211,233,
lightskyblue,211,239,
lightskyblue,211,240,
lightskyblue,211,241,
lightskyblue,211,227,
lightskyblue,211,228,
lightskyblue,211,229,
lightskyblue,211,230,
lightskyblue,211,231,
lightskyblue,149,201,
lightskyblue,149,202,
lightskyblue,149,203,
lightskyblue,149,204,
lightskyblue,145,190,
lightskyblue,145,191,
lightskyblue,145,192,
lightskyblue,145,193,
lightskyblue,215,237,
lightskyblue,215,238,
lightskyblue,215,232,
lightskyblue,215,233,
lightskyblue,215,239,
lightskyblue,215,240,
lightskyblue,215,241,
lightskyblue,215,227,
lightskyblue,215,228,
lightskyblue,215,229,
lightskyblue,215,230,
lightskyblue,215,231,
lightskyblue,157,201,
lightskyblue,157,202,
lightskyblue,157,203,
lightskyblue,157,204,
lightskyblue,155,190,
lightskyblue,155,191,
lightskyblue,155,192,
lightskyblue,155,193,
lightskyblue,209,235,
lightskyblue,209,236,
lightskyblue,209,230,
lightskyblue,209,231,
lightskyblue,209,232,
lightskyblue,209,233,
lightskyblue,209,237,
lightskyblue,209,238,
lightskyblue,209,239,
lightskyblue,209,240,
lightskyblue,209,241,
lightskyblue,209,227,
lightskyblue,209,228,
lightskyblue,209,229,
lightskyblue,163,199,
lightskyblue,163,200,
lightskyblue,163,201,
lightskyblue,163,202,
lightskyblue,163,203,
lightskyblue,163,204,
lightskyblue,159,188,
lightskyblue,159,189,
lightskyblue,159,190,
lightskyblue,159,191,
lightskyblue,159,192,
lightskyblue,159,193,
lightskyblue,219,234,
lightskyblue,219,235,
lightskyblue,219,229,
lightskyblue,219,230,
lightskyblue,219,231,
lightskyblue,219,232,
lightskyblue,219,233,
lightskyblue,219,236,
lightskyblue,219,237,
lightskyblue,219,238,
lightskyblue,219,239,
lightskyblue,219,240,
lightskyblue,219,241,
lightskyblue,219,227,
lightskyblue,219,228,
lightskyblue,177,198,
lightskyblue,177,199,
lightskyblue,177,200,
lightskyblue,177,201,
lightskyblue,177,202,
lightskyblue,177,203,
lightskyblue,177,204,
lightskyblue,173,187,
lightskyblue,173,188,
lightskyblue,173,189,
lightskyblue,173,190,
lightskyblue,173,191,
lightskyblue,173,192,
lightskyblue,173,193,
lightskyblue,207,236,
lightskyblue,207,237,
lightskyblue,207,231,
lightskyblue,207,232,
lightskyblue,207,233,
lightskyblue,207,238,
lightskyblue,207,239,
lightskyblue,207,240,
lightskyblue,207,241,
lightskyblue,207,227,
lightskyblue,207,228,
lightskyblue,207,229,
lightskyblue,207,230,
lightskyblue,143,200,
lightskyblue,143,201,
lightskyblue,143,202,
lightskyblue,143,203,
lightskyblue,143,204,
lightskyblue,153,189,
lightskyblue,153,190,
lightskyblue,153,191,
lightskyblue,153,192,
lightskyblue,153,193,
lightskyblue,205,235,
lightskyblue,205,236,
lightskyblue,205,230,
lightskyblue,205,231,
lightskyblue,205,232,
lightskyblue,205,233,
lightskyblue,205,237,
lightskyblue,205,238,
lightskyblue,205,239,
lightskyblue,205,240,
lightskyblue,205,241,
lightskyblue,205,227,
lightskyblue,205,228,
lightskyblue,205,229,
lightskyblue,151,199,
lightskyblue,151,200,
lightskyblue,151,201,
lightskyblue,151,202,
lightskyblue,151,203,
lightskyblue,151,204,
lightskyblue,147,188,
lightskyblue,147,189,
lightskyblue,147,190,
lightskyblue,147,191,
lightskyblue,147,192,
lightskyblue,147,193,
lightskyblue,217,236,
lightskyblue,217,237,
lightskyblue,217,231,
lightskyblue,217,232,
lightskyblue,217,233,
lightskyblue,217,238,
lightskyblue,217,239,
lightskyblue,217,240,
lightskyblue,217,241,
lightskyblue,217,227,
lightskyblue,217,228,
lightskyblue,217,229,
lightskyblue,217,230,
lightskyblue,165,200,
lightskyblue,165,201,
lightskyblue,165,202,
lightskyblue,165,203,
lightskyblue,165,204,
lightskyblue,161,189,
lightskyblue,161,190,
lightskyblue,161,191,
lightskyblue,161,192,
lightskyblue,161,193,
lightskyblue,221,226,
lightskyblue,221,234,
lightskyblue,221,228,
lightskyblue,221,229,
lightskyblue,221,230,
lightskyblue,221,231,
lightskyblue,221,232,
lightskyblue,221,233,
lightskyblue,221,235,
lightskyblue,221,236,
lightskyblue,221,237,
lightskyblue,221,238,
lightskyblue,221,239,
lightskyblue,221,240,
lightskyblue,221,241,
lightskyblue,221,227,
lightskyblue,194,197,
lightskyblue,194,198,
lightskyblue,194,199,
lightskyblue,194,200,
lightskyblue,194,201,
lightskyblue,194,202,
lightskyblue,194,203,
lightskyblue,194,204,
lightskyblue,181,186,
lightskyblue,181,187,
lightskyblue,181,188,
lightskyblue,181,189,
lightskyblue,181,190,
lightskyblue,181,191,
lightskyblue,181,192,
lightskyblue,181,193,
lightskyblue,221,226,
lightskyblue,221,234,
lightskyblue,221,228,
lightskyblue,221,229,
lightskyblue,221,230,
lightskyblue,221,231,
lightskyblue,221,232,
lightskyblue,221,233,
lightskyblue,221,235,
lightskyblue,221,236,
lightskyblue,221,237,
lightskyblue,221,238,
lightskyblue,221,239,
lightskyblue,221,240,
lightskyblue,221,241,
lightskyblue,221,227,
lightskyblue,194,197,
lightskyblue,194,198,
lightskyblue,194,199,
lightskyblue,194,200,
lightskyblue,194,201,
lightskyblue,194,202,
lightskyblue,194,203,
lightskyblue,194,204,
lightskyblue,181,186,
lightskyblue,181,187,
lightskyblue,181,188,
lightskyblue,181,189,
lightskyblue,181,190,
lightskyblue,181,191,
lightskyblue,181,192,
lightskyblue,181,193,
lightskyblue,221,226,
lightskyblue,221,234,
lightskyblue,221,228,
lightskyblue,221,229,
lightskyblue,221,230,
lightskyblue,221,231,
lightskyblue,221,232,
lightskyblue,221,233,
lightskyblue,221,235,
lightskyblue,221,236,
lightskyblue,221,237,
lightskyblue,221,238,
lightskyblue,221,239,
lightskyblue,221,240,
lightskyblue,221,241,
lightskyblue,221,227,
lightskyblue,194,197,
lightskyblue,194,198,
lightskyblue,194,199,
lightskyblue,194,200,
lightskyblue,194,201,
lightskyblue,194,202,
lightskyblue,194,203,
lightskyblue,194,204,
lightskyblue,181,186,
lightskyblue,181,187,
lightskyblue,181,188,
lightskyblue,181,189,
lightskyblue,181,190,
lightskyblue,181,191,
lightskyblue,181,192,
lightskyblue,181,193,
lightskyblue,221,226,
lightskyblue,221,234,
lightskyblue,221,228,
lightskyblue,221,229,
lightskyblue,221,230,
lightskyblue,221,231,
lightskyblue,221,232,
lightskyblue,221,233,
lightskyblue,221,235,
lightskyblue,221,236,
lightskyblue,221,237,
lightskyblue,221,238,
lightskyblue,221,239,
lightskyblue,221,240,
lightskyblue,221,241,
lightskyblue,221,227,
lightskyblue,194,197,
lightskyblue,194,198,
lightskyblue,194,199,
lightskyblue,194,200,
lightskyblue,194,201,
lightskyblue,194,202,
lightskyblue,194,203,
lightskyblue,194,204,
lightskyblue,181,186,
lightskyblue,181,187,
lightskyblue,181,188,
lightskyblue,181,189,
lightskyblue,181,190,
lightskyblue,181,191,
lightskyblue,181,192,
lightskyblue,181,193,
lightskyblue,213,235,
lightskyblue,213,236,
lightskyblue,213,230,
lightskyblue,213,231,
lightskyblue,213,232,
lightskyblue,213,233,
lightskyblue,213,237,
lightskyblue,213,238,
lightskyblue,213,239,
lightskyblue,213,240,
lightskyblue,213,241,
lightskyblue,213,227,
lightskyblue,213,228,
lightskyblue,213,229,
lightskyblue,167,199,
lightskyblue,167,200,
lightskyblue,167,201,
lightskyblue,167,202,
lightskyblue,167,203,
lightskyblue,167,204,
lightskyblue,169,188,
lightskyblue,169,189,
lightskyblue,169,190,
lightskyblue,169,191,
lightskyblue,169,192,
lightskyblue,169,193,
lightskyblue,213,235,
lightskyblue,213,236,
lightskyblue,213,230,
lightskyblue,213,231,
lightskyblue,213,232,
lightskyblue,213,233,
lightskyblue,213,237,
lightskyblue,213,238,
lightskyblue,213,239,
lightskyblue,213,240,
lightskyblue,213,241,
lightskyblue,213,227,
lightskyblue,213,228,
lightskyblue,213,229,
lightskyblue,167,199,
lightskyblue,167,200,
lightskyblue,167,201,
lightskyblue,167,202,
lightskyblue,167,203,
lightskyblue,167,204,
lightskyblue,169,188,
lightskyblue,169,189,
lightskyblue,169,190,
lightskyblue,169,191,
lightskyblue,169,192,
lightskyblue,169,193,
lightskyblue,223,236,
lightskyblue,223,237,
lightskyblue,223,231,
lightskyblue,223,232,
lightskyblue,223,233,
lightskyblue,223,238,
lightskyblue,223,239,
lightskyblue,223,240,
lightskyblue,223,241,
lightskyblue,223,227,
lightskyblue,223,228,
lightskyblue,223,229,
lightskyblue,223,230,
lightskyblue,175,200,
lightskyblue,175,201,
lightskyblue,175,202,
lightskyblue,175,203,
lightskyblue,175,204,
lightskyblue,171,189,
lightskyblue,171,190,
lightskyblue,171,191,
lightskyblue,171,192,
lightskyblue,171,193,
lightskyblue,223,236,
lightskyblue,223,237,
lightskyblue,223,231,
lightskyblue,223,232,
lightskyblue,223,233,
lightskyblue,223,238,
lightskyblue,223,239,
lightskyblue,223,240,
lightskyblue,223,241,
lightskyblue,223,227,
lightskyblue,223,228,
lightskyblue,223,229,
lightskyblue,223,230,
lightskyblue,175,200,
lightskyblue,175,201,
lightskyblue,175,202,
lightskyblue,175,203,
lightskyblue,175,204,
lightskyblue,171,189,
lightskyblue,171,190,
lightskyblue,171,191,
lightskyblue,171,192,
lightskyblue,171,193,
lightskyblue,223,236,
lightskyblue,223,237,
lightskyblue,223,231,
lightskyblue,223,232,
lightskyblue,223,233,
lightskyblue,223,238,
lightskyblue,223,239,
lightskyblue,223,240,
lightskyblue,223,241,
lightskyblue,223,227,
lightskyblue,223,228,
lightskyblue,223,229,
lightskyblue,223,230,
lightskyblue,175,200,
lightskyblue,175,201,
lightskyblue,175,202,
lightskyblue,175,203,
lightskyblue,175,204,
lightskyblue,171,189,
lightskyblue,171,190,
lightskyblue,171,191,
lightskyblue,171,192,
lightskyblue,171,193,
lightskyblue,211,237,
lightskyblue,211,238,
lightskyblue,211,232,
lightskyblue,211,233,
lightskyblue,211,239,
lightskyblue,211,240,
lightskyblue,211,241,
lightskyblue,211,227,
lightskyblue,211,228,
lightskyblue,211,229,
lightskyblue,211,230,
lightskyblue,211,231,
lightskyblue,149,201,
lightskyblue,149,202,
lightskyblue,149,203,
lightskyblue,149,204,
lightskyblue,145,190,
lightskyblue,145,191,
lightskyblue,145,192,
lightskyblue,145,193,
lightskyblue,215,237,
lightskyblue,215,238,
lightskyblue,215,232,
lightskyblue,215,233,
lightskyblue,215,239,
lightskyblue,215,240,
lightskyblue,215,241,
lightskyblue,215,227,
lightskyblue,215,228,
lightskyblue,215,229,
lightskyblue,215,230,
lightskyblue,215,231,
lightskyblue,157,201,
lightskyblue,157,202,
lightskyblue,157,203,
lightskyblue,157,204,
lightskyblue,155,190,
lightskyblue,155,191,
lightskyblue,155,192,
lightskyblue,155,193,
lightskyblue,209,235,
lightskyblue,209,236,
lightskyblue,209,230,
lightskyblue,209,231,
lightskyblue,209,232,
lightskyblue,209,233,
lightskyblue,209,237,
lightskyblue,209,238,
lightskyblue,209,239,
lightskyblue,209,240,
lightskyblue,209,241,
lightskyblue,209,227,
lightskyblue,209,228,
lightskyblue,209,229,
lightskyblue,163,199,
lightskyblue,163,200,
lightskyblue,163,201,
lightskyblue,163,202,
lightskyblue,163,203,
lightskyblue,163,204,
lightskyblue,159,188,
lightskyblue,159,189,
lightskyblue,159,190,
lightskyblue,159,191,
lightskyblue,159,192,
lightskyblue,159,193,
lightskyblue,215,237,
lightskyblue,215,238,
lightskyblue,215,232,
lightskyblue,215,233,
lightskyblue,215,239,
lightskyblue,215,240,
lightskyblue,215,241,
lightskyblue,215,227,
lightskyblue,215,228,
lightskyblue,215,229,
lightskyblue,215,230,
lightskyblue,215,231,
lightskyblue,157,201,
lightskyblue,157,202,
lightskyblue,157,203,
lightskyblue,157,204,
lightskyblue,155,190,
lightskyblue,155,191,
lightskyblue,155,192,
lightskyblue,155,193,
lightskyblue,219,234,
lightskyblue,219,235,
lightskyblue,219,229,
lightskyblue,219,230,
lightskyblue,219,231,
lightskyblue,219,232,
lightskyblue,219,233,
lightskyblue,219,236,
lightskyblue,219,237,
lightskyblue,219,238,
lightskyblue,219,239,
lightskyblue,219,240,
lightskyblue,219,241,
lightskyblue,219,227,
lightskyblue,219,228,
lightskyblue,177,198,
lightskyblue,177,199,
lightskyblue,177,200,
lightskyblue,177,201,
lightskyblue,177,202,
lightskyblue,177,203,
lightskyblue,177,204,
lightskyblue,173,187,
lightskyblue,173,188,
lightskyblue,173,189,
lightskyblue,173,190,
lightskyblue,173,191,
lightskyblue,173,192,
lightskyblue,173,193,
lightskyblue,219,234,
lightskyblue,219,235,
lightskyblue,219,229,
lightskyblue,219,230,
lightskyblue,219,231,
lightskyblue,219,232,
lightskyblue,219,233,
lightskyblue,219,236,
lightskyblue,219,237,
lightskyblue,219,238,
lightskyblue,219,239,
lightskyblue,219,240,
lightskyblue,219,241,
lightskyblue,219,227,
lightskyblue,219,228,
lightskyblue,177,198,
lightskyblue,177,199,
lightskyblue,177,200,
lightskyblue,177,201,
lightskyblue,177,202,
lightskyblue,177,203,
lightskyblue,177,204,
lightskyblue,173,187,
lightskyblue,173,188,
lightskyblue,173,189,
lightskyblue,173,190,
lightskyblue,173,191,
lightskyblue,173,192,
lightskyblue,173,193,
lightskyblue,211,237,
lightskyblue,211,238,
lightskyblue,211,232,
lightskyblue,211,233,
lightskyblue,211,239,
lightskyblue,211,240,
lightskyblue,211,241,
lightskyblue,211,227,
lightskyblue,211,228,
lightskyblue,211,229,
lightskyblue,211,230,
lightskyblue,211,231,
lightskyblue,149,201,
lightskyblue,149,202,
lightskyblue,149,203,
lightskyblue,149,204,
lightskyblue,145,190,
lightskyblue,145,191,
lightskyblue,145,192,
lightskyblue,145,193,
lightskyblue,205,235,
lightskyblue,205,236,
lightskyblue,205,230,
lightskyblue,205,231,
lightskyblue,205,232,
lightskyblue,205,233,
lightskyblue,205,237,
lightskyblue,205,238,
lightskyblue,205,239,
lightskyblue,205,240,
lightskyblue,205,241,
lightskyblue,205,227,
lightskyblue,205,228,
lightskyblue,205,229,
lightskyblue,151,199,
lightskyblue,151,200,
lightskyblue,151,201,
lightskyblue,151,202,
lightskyblue,151,203,
lightskyblue,151,204,
lightskyblue,147,188,
lightskyblue,147,189,
lightskyblue,147,190,
lightskyblue,147,191,
lightskyblue,147,192,
lightskyblue,147,193,
lightskyblue,217,236,
lightskyblue,217,237,
lightskyblue,217,231,
lightskyblue,217,232,
lightskyblue,217,233,
lightskyblue,217,238,
lightskyblue,217,239,
lightskyblue,217,240,
lightskyblue,217,241,
lightskyblue,217,227,
lightskyblue,217,228,
lightskyblue,217,229,
lightskyblue,217,230,
lightskyblue,165,200,
lightskyblue,165,201,
lightskyblue,165,202,
lightskyblue,165,203,
lightskyblue,165,204,
lightskyblue,161,189,
lightskyblue,161,190,
lightskyblue,161,191,
lightskyblue,161,192,
lightskyblue,161,193,
lightskyblue,217,236,
lightskyblue,217,237,
lightskyblue,217,231,
lightskyblue,217,232,
lightskyblue,217,233,
lightskyblue,217,238,
lightskyblue,217,239,
lightskyblue,217,240,
lightskyblue,217,241,
lightskyblue,217,227,
lightskyblue,217,228,
lightskyblue,217,229,
lightskyblue,217,230,
lightskyblue,165,200,
lightskyblue,165,201,
lightskyblue,165,202,
lightskyblue,165,203,
lightskyblue,165,204,
lightskyblue,161,189,
lightskyblue,161,190,
lightskyblue,161,191,
lightskyblue,161,192,
lightskyblue,161,193,
lightskyblue,207,236,
lightskyblue,207,237,
lightskyblue,207,231,
lightskyblue,207,232,
lightskyblue,207,233,
lightskyblue,207,238,
lightskyblue,207,239,
lightskyblue,207,240,
lightskyblue,207,241,
lightskyblue,207,227,
lightskyblue,207,228,
lightskyblue,207,229,
lightskyblue,207,230,
lightskyblue,143,200,
lightskyblue,143,201,
lightskyblue,143,202,
lightskyblue,143,203,
lightskyblue,143,204,
lightskyblue,153,189,
lightskyblue,153,190,
lightskyblue,153,191,
lightskyblue,153,192,
lightskyblue,153,193,
lightskyblue,180,225,
lightskyblue,180,241,
lightskyblue,180,227,
lightskyblue,180,228,
lightskyblue,180,229,
lightskyblue,180,230,
lightskyblue,180,231,
lightskyblue,180,232,
lightskyblue,180,226,
lightskyblue,180,234,
lightskyblue,180,235,
lightskyblue,180,236,
lightskyblue,180,237,
lightskyblue,180,238,
lightskyblue,180,239,
lightskyblue,180,240,
lightskyblue,136,196,
lightskyblue,136,197,
lightskyblue,136,198,
lightskyblue,136,199,
lightskyblue,136,200,
lightskyblue,136,201,
lightskyblue,136,202,
lightskyblue,136,203,
lightskyblue,140,185,
lightskyblue,140,186,
lightskyblue,140,187,
lightskyblue,140,188,
lightskyblue,140,189,
lightskyblue,140,190,
lightskyblue,140,191,
lightskyblue,140,192,
lightskyblue,184,225,
lightskyblue,184,241,
lightskyblue,184,227,
lightskyblue,184,228,
lightskyblue,184,229,
lightskyblue,184,230,
lightskyblue,184,231,
lightskyblue,184,232,
lightskyblue,184,226,
lightskyblue,184,234,
lightskyblue,184,235,
lightskyblue,184,236,
lightskyblue,184,237,
lightskyblue,184,238,
lightskyblue,184,239,
lightskyblue,184,240,
lightskyblue,142,196,
lightskyblue,142,197,
lightskyblue,142,198,
lightskyblue,142,199,
lightskyblue,142,200,
lightskyblue,142,201,
lightskyblue,142,202,
lightskyblue,142,203,
lightskyblue,138,185,
lightskyblue,138,186,
lightskyblue,138,187,
lightskyblue,138,188,
lightskyblue,138,189,
lightskyblue,138,190,
lightskyblue,138,191,
lightskyblue,138,192,
lightskyblue,222,225,
lightskyblue,222,241,
lightskyblue,222,227,
lightskyblue,222,228,
lightskyblue,222,229,
lightskyblue,222,230,
lightskyblue,222,231,
lightskyblue,222,232,
lightskyblue,222,226,
lightskyblue,222,234,
lightskyblue,222,235,
lightskyblue,222,236,
lightskyblue,222,237,
lightskyblue,222,238,
lightskyblue,222,239,
lightskyblue,222,240,
lightskyblue,195,196,
lightskyblue,195,197,
lightskyblue,195,198,
lightskyblue,195,199,
lightskyblue,195,200,
lightskyblue,195,201,
lightskyblue,195,202,
lightskyblue,195,203,
lightskyblue,182,185,
lightskyblue,182,186,
lightskyblue,182,187,
lightskyblue,182,188,
lightskyblue,182,189,
lightskyblue,182,190,
lightskyblue,182,191,
lightskyblue,182,192,
lightskyblue,214,239,
lightskyblue,214,240,
lightskyblue,214,241,
lightskyblue,214,227,
lightskyblue,214,228,
lightskyblue,214,229,
lightskyblue,214,230,
lightskyblue,214,225,
lightskyblue,214,226,
lightskyblue,214,234,
lightskyblue,214,235,
lightskyblue,214,236,
lightskyblue,214,237,
lightskyblue,214,238,
lightskyblue,168,196,
lightskyblue,168,197,
lightskyblue,168,198,
lightskyblue,168,199,
lightskyblue,168,200,
lightskyblue,168,201,
lightskyblue,170,185,
lightskyblue,170,186,
lightskyblue,170,187,
lightskyblue,170,188,
lightskyblue,170,189,
lightskyblue,170,190,
lightskyblue,224,238,
lightskyblue,224,239,
lightskyblue,224,240,
lightskyblue,224,241,
lightskyblue,224,227,
lightskyblue,224,228,
lightskyblue,224,229,
lightskyblue,224,225,
lightskyblue,224,226,
lightskyblue,224,234,
lightskyblue,224,235,
lightskyblue,224,236,
lightskyblue,224,237,
lightskyblue,176,196,
lightskyblue,176,197,
lightskyblue,176,198,
lightskyblue,176,199,
lightskyblue,176,200,
lightskyblue,172,185,
lightskyblue,172,186,
lightskyblue,172,187,
lightskyblue,172,188,
lightskyblue,172,189,
lightskyblue,212,237,
lightskyblue,212,238,
lightskyblue,212,239,
lightskyblue,212,240,
lightskyblue,212,241,
lightskyblue,212,227,
lightskyblue,212,228,
lightskyblue,212,225,
lightskyblue,212,226,
lightskyblue,212,234,
lightskyblue,212,235,
lightskyblue,212,236,
lightskyblue,150,196,
lightskyblue,150,197,
lightskyblue,150,198,
lightskyblue,150,199,
lightskyblue,146,185,
lightskyblue,146,186,
lightskyblue,146,187,
lightskyblue,146,188,
lightskyblue,216,237,
lightskyblue,216,238,
lightskyblue,216,239,
lightskyblue,216,240,
lightskyblue,216,241,
lightskyblue,216,227,
lightskyblue,216,228,
lightskyblue,216,225,
lightskyblue,216,226,
lightskyblue,216,234,
lightskyblue,216,235,
lightskyblue,216,236,
lightskyblue,158,196,
lightskyblue,158,197,
lightskyblue,158,198,
lightskyblue,158,199,
lightskyblue,156,185,
lightskyblue,156,186,
lightskyblue,156,187,
lightskyblue,156,188,
lightskyblue,210,239,
lightskyblue,210,240,
lightskyblue,210,241,
lightskyblue,210,227,
lightskyblue,210,228,
lightskyblue,210,229,
lightskyblue,210,230,
lightskyblue,210,225,
lightskyblue,210,226,
lightskyblue,210,234,
lightskyblue,210,235,
lightskyblue,210,236,
lightskyblue,210,237,
lightskyblue,210,238,
lightskyblue,164,196,
lightskyblue,164,197,
lightskyblue,164,198,
lightskyblue,164,199,
lightskyblue,164,200,
lightskyblue,164,201,
lightskyblue,160,185,
lightskyblue,160,186,
lightskyblue,160,187,
lightskyblue,160,188,
lightskyblue,160,189,
lightskyblue,160,190,
lightskyblue,220,240,
lightskyblue,220,241,
lightskyblue,220,227,
lightskyblue,220,228,
lightskyblue,220,229,
lightskyblue,220,230,
lightskyblue,220,231,
lightskyblue,220,225,
lightskyblue,220,226,
lightskyblue,220,234,
lightskyblue,220,235,
lightskyblue,220,236,
lightskyblue,220,237,
lightskyblue,220,238,
lightskyblue,220,239,
lightskyblue,178,196,
lightskyblue,178,197,
lightskyblue,178,198,
lightskyblue,178,199,
lightskyblue,178,200,
lightskyblue,178,201,
lightskyblue,178,202,
lightskyblue,174,185,
lightskyblue,174,186,
lightskyblue,174,187,
lightskyblue,174,188,
lightskyblue,174,189,
lightskyblue,174,190,
lightskyblue,174,191,
lightskyblue,208,238,
lightskyblue,208,239,
lightskyblue,208,240,
lightskyblue,208,241,
lightskyblue,208,227,
lightskyblue,208,228,
lightskyblue,208,229,
lightskyblue,208,225,
lightskyblue,208,226,
lightskyblue,208,234,
lightskyblue,208,235,
lightskyblue,208,236,
lightskyblue,208,237,
lightskyblue,144,196,
lightskyblue,144,197,
lightskyblue,144,198,
lightskyblue,144,199,
lightskyblue,144,200,
lightskyblue,154,185,
lightskyblue,154,186,
lightskyblue,154,187,
lightskyblue,154,188,
lightskyblue,154,189,
lightskyblue,206,239,
lightskyblue,206,240,
lightskyblue,206,241,
lightskyblue,206,227,
lightskyblue,206,228,
lightskyblue,206,229,
lightskyblue,206,230,
lightskyblue,206,225,
lightskyblue,206,226,
lightskyblue,206,234,
lightskyblue,206,235,
lightskyblue,206,236,
lightskyblue,206,237,
lightskyblue,206,238,
lightskyblue,152,196,
lightskyblue,152,197,
lightskyblue,152,198,
lightskyblue,152,199,
lightskyblue,152,200,
lightskyblue,152,201,
lightskyblue,148,185,
lightskyblue,148,186,
lightskyblue,148,187,
lightskyblue,148,188,
lightskyblue,148,189,
lightskyblue,148,190,
lightskyblue,218,238,
lightskyblue,218,239,
lightskyblue,218,240,
lightskyblue,218,241,
lightskyblue,218,227,
lightskyblue,218,228,
lightskyblue,218,229,
lightskyblue,218,225,
lightskyblue,218,226,
lightskyblue,218,234,
lightskyblue,218,235,
lightskyblue,218,236,
lightskyblue,218,237,
lightskyblue,166,196,
lightskyblue,166,197,
lightskyblue,166,198,
lightskyblue,166,199,
lightskyblue,166,200,
lightskyblue,162,185,
lightskyblue,162,186,
lightskyblue,162,187,
lightskyblue,162,188,
lightskyblue,162,189,
lightskyblue,133,
lightskyblue,79,
lightskyblue,107,
lightskyblue,109,
lightskyblue,129,
lightskyblue,131,
lightskyblue,127,
lightskyblue,123,
lightskyblue,121,
lightskyblue,125,
lightskyblue,103,
lightskyblue,101,
lightskyblue,105,
lightskyblue,117,
lightskyblue,119,
lightskyblue,115,
lightskyblue,97,
lightskyblue,99,
lightskyblue,95,
lightskyblue,89,
lightskyblue,87,
lightskyblue,81,
lightskyblue,75,
lightskyblue,73,
lightskyblue,77,
lightskyblue,83,
lightskyblue,85,
lightskyblue,244,
lightskyblue,111,
lightskyblue,242,
lightskyblue,113,
lightskyblue,91,
lightskyblue,246,
lightskyblue,93,
lightskyblue,135,197,
lightskyblue,135,198,
lightskyblue,135,199,
lightskyblue,135,200,
lightskyblue,135,201,
lightskyblue,135,202,
lightskyblue,135,203,
lightskyblue,135,204,
lightskyblue,139,186,
lightskyblue,139,187,
lightskyblue,139,188,
lightskyblue,139,189,
lightskyblue,139,190,
lightskyblue,139,191,
lightskyblue,139,192,
lightskyblue,139,193,
lightskyblue,179,226,
lightskyblue,179,234,
lightskyblue,179,228,
lightskyblue,179,229,
lightskyblue,179,230,
lightskyblue,179,231,
lightskyblue,179,232,
lightskyblue,179,233,
lightskyblue,179,235,
lightskyblue,179,236,
lightskyblue,179,237,
lightskyblue,179,238,
lightskyblue,179,239,
lightskyblue,179,240,
lightskyblue,179,241,
lightskyblue,179,227,
lightskyblue,179,226,
lightskyblue,179,234,
lightskyblue,179,228,
lightskyblue,179,229,
lightskyblue,179,230,
lightskyblue,179,231,
lightskyblue,179,232,
lightskyblue,179,233,
lightskyblue,179,235,
lightskyblue,179,236,
lightskyblue,179,237,
lightskyblue,179,238,
lightskyblue,179,239,
lightskyblue,179,240,
lightskyblue,179,241,
lightskyblue,179,227,
lightskyblue,141,197,
lightskyblue,141,198,
lightskyblue,141,199,
lightskyblue,141,200,
lightskyblue,141,201,
lightskyblue,141,202,
lightskyblue,141,203,
lightskyblue,141,204,
lightskyblue,137,186,
lightskyblue,137,187,
lightskyblue,137,188,
lightskyblue,137,189,
lightskyblue,137,190,
lightskyblue,137,191,
lightskyblue,137,192,
lightskyblue,137,193,
lightskyblue,183,226,
lightskyblue,183,234,
lightskyblue,183,228,
lightskyblue,183,229,
lightskyblue,183,230,
lightskyblue,183,231,
lightskyblue,183,232,
lightskyblue,183,233,
lightskyblue,183,235,
lightskyblue,183,236,
lightskyblue,183,237,
lightskyblue,183,238,
lightskyblue,183,239,
lightskyblue,183,240,
lightskyblue,183,241,
lightskyblue,183,227,
lightskyblue,183,226,
lightskyblue,183,234,
lightskyblue,183,228,
lightskyblue,183,229,
lightskyblue,183,230,
lightskyblue,183,231,
lightskyblue,183,232,
lightskyblue,183,233,
lightskyblue,183,235,
lightskyblue,183,236,
lightskyblue,183,237,
lightskyblue,183,238,
lightskyblue,183,239,
lightskyblue,183,240,
lightskyblue,183,241,
lightskyblue,183,227,
lightskyblue,194,197,
lightskyblue,194,198,
lightskyblue,194,199,
lightskyblue,194,200,
lightskyblue,194,201,
lightskyblue,194,202,
lightskyblue,194,203,
lightskyblue,194,204,
lightskyblue,181,186,
lightskyblue,181,187,
lightskyblue,181,188,
lightskyblue,181,189,
lightskyblue,181,190,
lightskyblue,181,191,
lightskyblue,181,192,
lightskyblue,181,193,
lightskyblue,221,226,
lightskyblue,221,234,
lightskyblue,221,228,
lightskyblue,221,229,
lightskyblue,221,230,
lightskyblue,221,231,
lightskyblue,221,232,
lightskyblue,221,233,
lightskyblue,221,235,
lightskyblue,221,236,
lightskyblue,221,237,
lightskyblue,221,238,
lightskyblue,221,239,
lightskyblue,221,240,
lightskyblue,221,241,
lightskyblue,221,227,
lightskyblue,221,226,
lightskyblue,221,234,
lightskyblue,221,228,
lightskyblue,221,229,
lightskyblue,221,230,
lightskyblue,221,231,
lightskyblue,221,232,
lightskyblue,221,233,
lightskyblue,221,235,
lightskyblue,221,236,
lightskyblue,221,237,
lightskyblue,221,238,
lightskyblue,221,239,
lightskyblue,221,240,
lightskyblue,221,241,
lightskyblue,221,227,
lightskyblue,167,199,
lightskyblue,167,200,
lightskyblue,167,201,
lightskyblue,167,202,
lightskyblue,167,203,
lightskyblue,167,204,
lightskyblue,169,188,
lightskyblue,169,189,
lightskyblue,169,190,
lightskyblue,169,191,
lightskyblue,169,192,
lightskyblue,169,193,
lightskyblue,213,235,
lightskyblue,213,236,
lightskyblue,213,230,
lightskyblue,213,231,
lightskyblue,213,232,
lightskyblue,213,233,
lightskyblue,213,237,
lightskyblue,213,238,
lightskyblue,213,239,
lightskyblue,213,240,
lightskyblue,213,241,
lightskyblue,213,227,
lightskyblue,213,228,
lightskyblue,213,229,
lightskyblue,213,235,
lightskyblue,213,236,
lightskyblue,213,230,
lightskyblue,213,231,
lightskyblue,213,232,
lightskyblue,213,233,
lightskyblue,213,237,
lightskyblue,213,238,
lightskyblue,213,239,
lightskyblue,213,240,
lightskyblue,213,241,
lightskyblue,213,227,
lightskyblue,213,228,
lightskyblue,213,229,
lightskyblue,175,200,
lightskyblue,175,201,
lightskyblue,175,202,
lightskyblue,175,203,
lightskyblue,175,204,
lightskyblue,171,189,
lightskyblue,171,190,
lightskyblue,171,191,
lightskyblue,171,192,
lightskyblue,171,193,
lightskyblue,223,236,
lightskyblue,223,237,
lightskyblue,223,231,
lightskyblue,223,232,
lightskyblue,223,233,
lightskyblue,223,238,
lightskyblue,223,239,
lightskyblue,223,240,
lightskyblue,223,241,
lightskyblue,223,227,
lightskyblue,223,228,
lightskyblue,223,229,
lightskyblue,223,230,
lightskyblue,223,236,
lightskyblue,223,237,
lightskyblue,223,231,
lightskyblue,223,232,
lightskyblue,223,233,
lightskyblue,223,238,
lightskyblue,223,239,
lightskyblue,223,240,
lightskyblue,223,241,
lightskyblue,223,227,
lightskyblue,223,228,
lightskyblue,223,229,
lightskyblue,223,230,
lightskyblue,149,201,
lightskyblue,149,202,
lightskyblue,149,203,
lightskyblue,149,204,
lightskyblue,145,190,
lightskyblue,145,191,
lightskyblue,145,192,
lightskyblue,145,193,
lightskyblue,211,237,
lightskyblue,211,238,
lightskyblue,211,232,
lightskyblue,211,233,
lightskyblue,211,239,
lightskyblue,211,240,
lightskyblue,211,241,
lightskyblue,211,227,
lightskyblue,211,228,
lightskyblue,211,229,
lightskyblue,211,230,
lightskyblue,211,231,
lightskyblue,211,237,
lightskyblue,211,238,
lightskyblue,211,232,
lightskyblue,211,233,
lightskyblue,211,239,
lightskyblue,211,240,
lightskyblue,211,241,
lightskyblue,211,227,
lightskyblue,211,228,
lightskyblue,211,229,
lightskyblue,211,230,
lightskyblue,211,231,
lightskyblue,157,201,
lightskyblue,157,202,
lightskyblue,157,203,
lightskyblue,157,204,
lightskyblue,155,190,
lightskyblue,155,191,
lightskyblue,155,192,
lightskyblue,155,193,
lightskyblue,215,237,
lightskyblue,215,238,
lightskyblue,215,232,
lightskyblue,215,233,
lightskyblue,215,239,
lightskyblue,215,240,
lightskyblue,215,241,
lightskyblue,215,227,
lightskyblue,215,228,
lightskyblue,215,229,
lightskyblue,215,230,
lightskyblue,215,231,
lightskyblue,215,237,
lightskyblue,215,238,
lightskyblue,215,232,
lightskyblue,215,233,
lightskyblue,215,239,
lightskyblue,215,240,
lightskyblue,215,241,
lightskyblue,215,227,
lightskyblue,215,228,
lightskyblue,215,229,
lightskyblue,215,230,
lightskyblue,215,231,
lightskyblue,163,199,
lightskyblue,163,200,
lightskyblue,163,201,
lightskyblue,163,202,
lightskyblue,163,203,
lightskyblue,163,204,
lightskyblue,159,188,
lightskyblue,159,189,
lightskyblue,159,190,
lightskyblue,159,191,
lightskyblue,159,192,
lightskyblue,159,193,
lightskyblue,209,235,
lightskyblue,209,236,
lightskyblue,209,230,
lightskyblue,209,231,
lightskyblue,209,232,
lightskyblue,209,233,
lightskyblue,209,237,
lightskyblue,209,238,
lightskyblue,209,239,
lightskyblue,209,240,
lightskyblue,209,241,
lightskyblue,209,227,
lightskyblue,209,228,
lightskyblue,209,229,
lightskyblue,209,235,
lightskyblue,209,236,
lightskyblue,209,230,
lightskyblue,209,231,
lightskyblue,209,232,
lightskyblue,209,233,
lightskyblue,209,237,
lightskyblue,209,238,
lightskyblue,209,239,
lightskyblue,209,240,
lightskyblue,209,241,
lightskyblue,209,227,
lightskyblue,209,228,
lightskyblue,209,229,
lightskyblue,177,198,
lightskyblue,177,199,
lightskyblue,177,200,
lightskyblue,177,201,
lightskyblue,177,202,
lightskyblue,177,203,
lightskyblue,177,204,
lightskyblue,173,187,
lightskyblue,173,188,
lightskyblue,173,189,
lightskyblue,173,190,
lightskyblue,173,191,
lightskyblue,173,192,
lightskyblue,173,193,
lightskyblue,219,234,
lightskyblue,219,235,
lightskyblue,219,229,
lightskyblue,219,230,
lightskyblue,219,231,
lightskyblue,219,232,
lightskyblue,219,233,
lightskyblue,219,236,
lightskyblue,219,237,
lightskyblue,219,238,
lightskyblue,219,239,
lightskyblue,219,240,
lightskyblue,219,241,
lightskyblue,219,227,
lightskyblue,219,228,
lightskyblue,219,234,
lightskyblue,219,235,
lightskyblue,219,229,
lightskyblue,219,230,
lightskyblue,219,231,
lightskyblue,219,232,
lightskyblue,219,233,
lightskyblue,219,236,
lightskyblue,219,237,
lightskyblue,219,238,
lightskyblue,219,239,
lightskyblue,219,240,
lightskyblue,219,241,
lightskyblue,219,227,
lightskyblue,219,228,
lightskyblue,143,200,
lightskyblue,143,201,
lightskyblue,143,202,
lightskyblue,143,203,
lightskyblue,143,204,
lightskyblue,153,189,
lightskyblue,153,190,
lightskyblue,153,191,
lightskyblue,153,192,
lightskyblue,153,193,
lightskyblue,207,236,
lightskyblue,207,237,
lightskyblue,207,231,
lightskyblue,207,232,
lightskyblue,207,233,
lightskyblue,207,238,
lightskyblue,207,239,
lightskyblue,207,240,
lightskyblue,207,241,
lightskyblue,207,227,
lightskyblue,207,228,
lightskyblue,207,229,
lightskyblue,207,230,
lightskyblue,207,236,
lightskyblue,207,237,
lightskyblue,207,231,
lightskyblue,207,232,
lightskyblue,207,233,
lightskyblue,207,238,
lightskyblue,207,239,
lightskyblue,207,240,
lightskyblue,207,241,
lightskyblue,207,227,
lightskyblue,207,228,
lightskyblue,207,229,
lightskyblue,207,230,
lightskyblue,151,199,
lightskyblue,151,200,
lightskyblue,151,201,
lightskyblue,151,202,
lightskyblue,151,203,
lightskyblue,151,204,
lightskyblue,147,188,
lightskyblue,147,189,
lightskyblue,147,190,
lightskyblue,147,191,
lightskyblue,147,192,
lightskyblue,147,193,
lightskyblue,205,235,
lightskyblue,205,236,
lightskyblue,205,230,
lightskyblue,205,231,
lightskyblue,205,232,
lightskyblue,205,233,
lightskyblue,205,237,
lightskyblue,205,238,
lightskyblue,205,239,
lightskyblue,205,240,
lightskyblue,205,241,
lightskyblue,205,227,
lightskyblue,205,228,
lightskyblue,205,229,
lightskyblue,205,235,
lightskyblue,205,236,
lightskyblue,205,230,
lightskyblue,205,231,
lightskyblue,205,232,
lightskyblue,205,233,
lightskyblue,205,237,
lightskyblue,205,238,
lightskyblue,205,239,
lightskyblue,205,240,
lightskyblue,205,241,
lightskyblue,205,227,
lightskyblue,205,228,
lightskyblue,205,229,
lightskyblue,165,200,
lightskyblue,165,201,
lightskyblue,165,202,
lightskyblue,165,203,
lightskyblue,165,204,
lightskyblue,161,189,
lightskyblue,161,190,
lightskyblue,161,191,
lightskyblue,161,192,
lightskyblue,161,193,
lightskyblue,217,236,
lightskyblue,217,237,
lightskyblue,217,231,
lightskyblue,217,232,
lightskyblue,217,233,
lightskyblue,217,238,
lightskyblue,217,239,
lightskyblue,217,240,
lightskyblue,217,241,
lightskyblue,217,227,
lightskyblue,217,228,
lightskyblue,217,229,
lightskyblue,217,230,
lightskyblue,217,236,
lightskyblue,217,237,
lightskyblue,217,231,
lightskyblue,217,232,
lightskyblue,217,233,
lightskyblue,217,238,
lightskyblue,217,239,
lightskyblue,217,240,
lightskyblue,217,241,
lightskyblue,217,227,
lightskyblue,217,228,
lightskyblue,217,229,
lightskyblue,217,230,
