green,
green,
green,
green,
green,
green,
green,
green,
green,
green,
green,
green,
green,
green,
green,
green,
green,
green,
green,
green,
green,
green,
green,
green,
green,
green,
green,
green,
green,
green,
green,
green,
green,
green,
green,
green,
green,
green,
green,
green,
green,
green,
green,
green,
green,
green,
green,
green,
green,
green,
green,
green,
green,
green,
green,
green,
green,
green,
green,
green,
green,
green,
green,
green,
green,
green,
green,
green,
green,
green,
green,
green,
green,
green,
green,
green,
green,
green,
green,
green,
green,
green,
green,
green,
green,
green,
green,
green,
green,
green,
green,
green,
green,
green,
green,
green,
green,
green,
green,
green,
green,
green,
gold,0,703,704,705,706,
gold,0,
gold,1,725,726,727,728,729,
gold,1,
gold,2,707,708,709,710,711,712,713,714,715,716,717,718,719,
gold,2,
gold,3,630,631,632,633,634,635,636,637,
gold,3,
gold,4,606,607,608,609,610,611,612,613,614,615,616,617,618,619,620,621,
gold,4,
gold,5,622,623,624,625,626,627,628,629,
gold,5,
gold,6,503,504,505,506,
gold,6,
gold,7,491,492,493,494,495,496,497,498,499,500,501,502,
gold,7,
gold,8,507,508,509,510,
gold,8,
gold,9,524,525,526,527,528,
gold,9,
gold,10,529,530,531,532,533,
gold,10,
gold,11,534,535,536,537,538,539,540,541,542,543,544,545,
gold,11,
gold,12,550,551,552,553,
gold,12,
gold,13,752,753,754,755,756,757,758,
gold,13,
gold,14,730,731,732,733,734,735,736,737,738,739,740,741,742,743,744,
gold,14,
gold,15,566,567,568,569,
gold,15,
gold,16,554,555,556,557,558,559,560,561,562,563,564,565,
gold,16,
gold,17,570,571,572,573,
gold,17,
gold,18,378,379,380,381,382,383,384,385,386,387,388,389,390,391,392,393,
gold,18,
gold,19,394,395,396,397,398,399,400,401,
gold,19,
gold,20,650,651,652,653,
gold,20,
gold,21,638,639,640,641,642,643,644,645,646,647,648,649,
gold,21,
gold,22,654,655,656,657,
gold,22,
gold,23,459,460,461,462,463,464,
gold,23,
gold,24,439,440,441,442,443,444,445,446,447,448,449,450,451,452,
gold,24,
gold,25,453,454,455,456,457,458,
gold,25,
gold,26,370,371,372,373,
gold,26,
gold,27,358,359,360,361,362,363,364,365,366,367,368,369,
gold,27,
gold,28,687,688,689,690,691,692,693,694,695,696,697,698,
gold,28,
gold,29,673,674,675,676,677,678,679,
gold,29,
gold,30,658,659,660,661,662,663,664,665,666,667,668,669,670,671,672,
gold,30,
gold,31,680,681,682,683,684,685,686,
gold,31,
gold,32,598,599,600,601,602,603,604,605,
gold,32,
gold,33,574,575,576,577,578,579,580,581,582,583,584,585,586,587,588,589,
gold,33,
gold,34,590,591,592,593,594,595,596,597,
gold,34,
gold,35,479,480,481,482,483,484,
gold,35,
gold,36,465,466,467,468,469,470,471,472,473,474,475,476,477,478,
gold,36,
gold,37,485,486,487,488,489,490,
gold,37,
gold,38,353,354,355,356,357,
gold,38,
gold,39,410,411,412,413,414,415,416,417,418,419,420,421,422,423,424,
gold,39,
gold,40,425,426,427,428,429,430,431,
gold,40,
gold,41,348,349,350,351,352,
gold,41,
gold,42,779,780,781,782,783,784,874,875,876,877,878,879,896,897,898,899,947,948,949,950,951,952,953,954,1029,1030,1031,1032,1033,1034,1035,1087,1088,1089,1090,1091,1092,1093,1283,1284,1285,1286,1772,1773,1774,1775,1776,1777,1778,1779,1780,1781,1782,1783,
gold,42,374,375,376,377,1756,1757,1758,1759,
gold,43,773,774,775,776,777,778,868,869,870,871,872,873,892,893,894,895,939,940,941,942,943,944,945,946,1022,1023,1024,1025,1026,1027,1028,1080,1081,1082,1083,1084,1085,1086,1279,1280,1281,1282,1671,1760,1761,1762,1763,1764,1765,1766,1767,1768,1769,1770,1771,
gold,43,370,371,372,373,1752,1753,1754,1755,
gold,44,779,780,781,782,783,784,807,808,809,810,811,812,813,830,831,832,833,850,851,852,853,918,919,920,921,922,1116,1117,1118,1119,1120,1121,1122,1262,1263,1264,1265,1266,1669,1739,1740,1741,1742,1743,1744,1745,1746,1747,1748,1749,1750,1751,
gold,44,353,354,355,356,357,1721,1722,1723,1724,1725,
gold,45,773,774,775,776,777,778,800,801,802,803,804,805,806,826,827,828,829,846,847,848,849,913,914,915,916,917,1109,1110,1111,1112,1113,1114,1115,1257,1258,1259,1260,1261,1668,1726,1727,1728,1729,1730,1731,1732,1733,1734,1735,1736,1737,1738,
gold,45,348,349,350,351,352,1716,1717,1718,1719,1720,
gold,46,999,1000,1001,1002,1003,1004,1005,1006,1168,1169,1170,1171,1416,1417,1418,1419,1685,1976,1977,1978,1979,1980,1981,1982,1983,1984,1985,1986,1987,
gold,46,507,508,509,510,896,897,898,899,1960,1961,1962,1963,
gold,47,991,992,993,994,995,996,997,998,1164,1165,1166,1167,1412,1413,1414,1415,1684,1964,1965,1966,1967,1968,1969,1970,1971,1972,1973,1974,1975,
gold,47,503,504,505,506,892,893,894,895,1956,1957,1958,1959,
gold,48,1459,1460,1461,1462,1691,2044,2045,2046,2047,2048,2049,2050,2051,2052,2053,2054,2055,
gold,48,550,551,552,553,830,831,832,833,2028,2029,2030,2031,
gold,49,1194,1195,1196,1197,1198,1199,1200,1479,1480,1481,1482,1694,2076,2077,2078,2079,2080,2081,2082,2083,2084,2085,2086,2087,
gold,49,570,571,572,573,850,851,852,853,2060,2061,2062,2063,
gold,50,1187,1188,1189,1190,1191,1192,1193,1475,1476,1477,1478,1693,2064,2065,2066,2067,2068,2069,2070,2071,2072,2073,2074,2075,
gold,50,566,567,568,569,846,847,848,849,2056,2057,2058,2059,
gold,51,1109,1110,1111,1112,1113,1114,1115,1234,1235,1236,1237,1238,1559,1560,1561,1562,1702,2192,2193,2194,2195,2196,2197,2198,2199,2200,2201,2202,2203,
gold,51,650,651,652,653,967,968,969,970,2184,2185,2186,2187,
gold,52,1116,1117,1118,1119,1120,1121,1122,1239,1240,1241,1242,1243,1563,1564,1565,1566,1703,2204,2205,2206,2207,2208,2209,2210,2211,2212,2213,2214,2215,
gold,52,654,655,656,657,971,972,973,974,2188,2189,2190,2191,
gold,53,1455,1456,1457,1458,1690,2032,2033,2034,2035,2036,2037,2038,2039,2040,2041,2042,2043,
gold,53,546,547,548,549,826,827,828,829,2024,2025,2026,2027,
gold,54,947,948,949,950,951,952,953,954,971,972,973,974,1145,1146,1147,1148,1149,1150,1151,1394,1395,1396,1397,1398,1399,1682,1942,1943,1944,1945,1946,1947,1948,1949,1950,1951,1952,1953,1954,1955,
gold,54,485,486,487,488,489,490,779,780,781,782,783,784,1922,1923,1924,1925,1926,1927,
gold,55,1438,1439,1440,1441,1442,1688,2011,2012,2013,2014,2015,2016,2017,2018,2019,2020,2021,2022,2023,
gold,55,529,530,531,532,533,918,919,920,921,922,1993,1994,1995,1996,1997,
gold,56,939,940,941,942,943,944,945,946,967,968,969,970,1138,1139,1140,1141,1142,1143,1144,1388,1389,1390,1391,1392,1393,1681,1928,1929,1930,1931,1932,1933,1934,1935,1936,1937,1938,1939,1940,1941,
gold,56,479,480,481,482,483,484,773,774,775,776,777,778,1916,1917,1918,1919,1920,1921,
gold,57,1433,1434,1435,1436,1437,1687,1998,1999,2000,2001,2002,2003,2004,2005,2006,2007,2008,2009,2010,
gold,57,524,525,526,527,528,913,914,915,916,917,1988,1989,1990,1991,1992,
gold,58,1634,1635,1636,1637,1638,1712,2315,2316,2317,2318,2319,2320,2321,2322,2323,2324,2325,2326,2327,
gold,58,725,726,727,728,729,1239,1240,1241,1242,1243,2297,2298,2299,2300,2301,
gold,59,807,808,809,810,811,812,813,830,831,832,833,850,851,852,853,874,875,876,877,878,879,896,897,898,899,918,919,920,921,922,999,1000,1001,1002,1003,1004,1005,1006,1058,1059,1060,1061,1062,1063,1064,1311,1312,1313,1314,1315,1316,1317,1318,1816,1817,1818,1819,1820,1821,1822,1823,1824,1825,1826,1827,1828,1829,1830,1831,
gold,59,402,403,404,405,406,407,408,409,1792,1793,1794,1795,1796,1797,1798,1799,
gold,60,971,972,973,974,1368,1369,1370,1371,1372,1373,1679,1902,1903,1904,1905,1906,1907,1908,1909,1910,1911,1912,1913,1914,1915,
gold,60,459,460,461,462,463,464,874,875,876,877,878,879,1882,1883,1884,1885,1886,1887,
gold,61,800,801,802,803,804,805,806,826,827,828,829,846,847,848,849,868,869,870,871,872,873,892,893,894,895,913,914,915,916,917,991,992,993,994,995,996,997,998,1051,1052,1053,1054,1055,1056,1057,1303,1304,1305,1306,1307,1308,1309,1310,1673,1800,1801,1802,1803,1804,1805,1806,1807,1808,1809,1810,1811,1812,1813,1814,1815,
gold,61,394,395,396,397,398,399,400,401,1784,1785,1786,1787,1788,1789,1790,1791,
gold,62,967,968,969,970,1362,1363,1364,1365,1366,1367,1678,1888,1889,1890,1891,1892,1893,1894,1895,1896,1897,1898,1899,1900,1901,
gold,62,453,454,455,456,457,458,868,869,870,871,872,873,1876,1877,1878,1879,1880,1881,
gold,63,1629,1630,1631,1632,1633,1711,2302,2303,2304,2305,2306,2307,2308,2309,2310,2311,2312,2313,2314,
gold,63,720,721,722,723,724,1234,1235,1236,1237,1238,2292,2293,2294,2295,2296,
gold,64,1334,1335,1336,1337,1338,1339,1340,1675,1846,1847,1848,1849,1850,1851,1852,1853,1854,1855,1856,1857,1858,1859,1860,
gold,64,425,426,427,428,429,430,431,800,801,802,803,804,805,806,1832,1833,1834,1835,1836,1837,1838,
gold,65,1612,1613,1614,1615,1709,2280,2281,2282,2283,2284,2285,2286,2287,2288,2289,2290,2291,
gold,65,703,704,705,706,1168,1169,1170,1171,1217,1218,1219,1220,2264,2265,2266,2267,
gold,66,1608,1609,1610,1611,1708,2268,2269,2270,2271,2272,2273,2274,2275,2276,2277,2278,2279,
gold,66,699,700,701,702,1164,1165,1166,1167,1213,1214,1215,1216,2260,2261,2262,2263,
gold,67,1029,1030,1031,1032,1033,1034,1035,1058,1059,1060,1061,1062,1063,1064,1507,1508,1509,1510,1511,1512,1513,1514,1697,2120,2121,2122,2123,2124,2125,2126,2127,2128,2129,2130,2131,2132,2133,2134,2135,
gold,67,598,599,600,601,602,603,604,605,947,948,949,950,951,952,953,954,2096,2097,2098,2099,2100,2101,2102,2103,
gold,68,1022,1023,1024,1025,1026,1027,1028,1051,1052,1053,1054,1055,1056,1057,1499,1500,1501,1502,1503,1504,1505,1506,1696,2104,2105,2106,2107,2108,2109,2110,2111,2112,2113,2114,2115,2116,2117,2118,2119,
gold,68,590,591,592,593,594,595,596,597,939,940,941,942,943,944,945,946,2088,2089,2090,2091,2092,2093,2094,2095,
gold,69,1087,1088,1089,1090,1091,1092,1093,1217,1218,1219,1220,1539,1540,1541,1542,1543,1544,1545,1546,1700,2168,2169,2170,2171,2172,2173,2174,2175,2176,2177,2178,2179,2180,2181,2182,2183,
gold,69,630,631,632,633,634,635,636,637,999,1000,1001,1002,1003,1004,1005,1006,2144,2145,2146,2147,2148,2149,2150,2151,
gold,70,1080,1081,1082,1083,1084,1085,1086,1213,1214,1215,1216,1531,1532,1533,1534,1535,1536,1537,1538,1699,2152,2153,2154,2155,2156,2157,2158,2159,2160,2161,2162,2163,2164,2165,2166,2167,
gold,70,622,623,624,625,626,627,628,629,991,992,993,994,995,996,997,998,2136,2137,2138,2139,2140,2141,2142,2143,
gold,71,1341,1342,1343,1344,1345,1346,1347,1676,1861,1862,1863,1864,1865,1866,1867,1868,1869,1870,1871,1872,1873,1874,1875,
gold,71,432,433,434,435,436,437,438,807,808,809,810,811,812,813,1839,1840,1841,1842,1843,1844,1845,
gold,72,759,760,761,762,763,764,765,766,767,768,769,770,771,772,854,855,856,857,858,859,860,861,862,863,864,865,866,867,880,881,882,883,884,885,886,887,888,889,890,891,923,924,925,926,927,928,929,930,931,932,933,934,935,936,937,938,1007,1008,1009,1010,1011,1012,1013,1014,1015,1016,1017,1018,1019,1020,1021,1065,1066,1067,1068,1069,1070,1071,1072,1073,1074,1075,1076,1077,1078,1079,1267,1268,1269,1270,1271,1272,1273,1274,1275,1276,1277,1278,1670,1752,1753,1754,1755,1756,1757,1758,1759,
gold,72,358,359,360,361,362,363,364,365,366,367,368,369,1760,1761,1762,1763,1764,1765,1766,1767,1768,1769,1770,1771,1772,1773,1774,1775,1776,1777,1778,1779,1780,1781,1782,1783,
gold,73,759,760,761,762,763,764,765,766,767,768,769,770,771,772,785,786,787,788,789,790,791,792,793,794,795,796,797,798,799,814,815,816,817,818,819,820,821,822,823,824,825,834,835,836,837,838,839,840,841,842,843,844,845,900,901,902,903,904,905,906,907,908,909,910,911,912,1094,1095,1096,1097,1098,1099,1100,1101,1102,1103,1104,1105,1106,1107,1108,1244,1245,1246,1247,1248,1249,1250,1251,1252,1253,1254,1255,1256,1716,1717,1718,1719,1720,1721,1722,1723,1724,1725,
gold,73,335,336,337,338,339,340,341,342,343,344,345,346,347,1726,1727,1728,1729,1730,1731,1732,1733,1734,1735,1736,1737,1738,1739,1740,1741,1742,1743,1744,1745,1746,1747,1748,1749,1750,1751,
gold,74,1661,1662,1663,1664,1665,1666,1667,1715,2357,2358,2359,2360,2361,2362,2363,2364,2365,2366,2367,2368,2369,2370,2371,
gold,74,752,753,754,755,756,757,758,1145,1146,1147,1148,1149,1150,1151,1194,1195,1196,1197,1198,1199,1200,2335,2336,2337,2338,2339,2340,2341,
gold,75,1145,1146,1147,1148,1149,1150,1151,1168,1169,1170,1171,1194,1195,1196,1197,1198,1199,1200,1217,1218,1219,1220,1239,1240,1241,1242,1243,1589,1590,1591,1592,1593,1594,1595,1706,2245,2246,2247,2248,2249,2250,2251,2252,2253,2254,2255,2256,2257,2258,2259,
gold,75,680,681,682,683,684,685,686,1029,1030,1031,1032,1033,1034,1035,1058,1059,1060,1061,1062,1063,1064,1087,1088,1089,1090,1091,1092,1093,1116,1117,1118,1119,1120,1121,1122,2223,2224,2225,2226,2227,2228,2229,
gold,76,1138,1139,1140,1141,1142,1143,1144,1164,1165,1166,1167,1187,1188,1189,1190,1191,1192,1193,1213,1214,1215,1216,1234,1235,1236,1237,1238,1582,1583,1584,1585,1586,1587,1588,1705,2230,2231,2232,2233,2234,2235,2236,2237,2238,2239,2240,2241,2242,2243,2244,
gold,76,673,674,675,676,677,678,679,1022,1023,1024,1025,1026,1027,1028,1051,1052,1053,1054,1055,1056,1057,1080,1081,1082,1083,1084,1085,1086,1109,1110,1111,1112,1113,1114,1115,2216,2217,2218,2219,2220,2221,2222,
gold,77,1654,1655,1656,1657,1658,1659,1660,1714,2342,2343,2344,2345,2346,2347,2348,2349,2350,2351,2352,2353,2354,2355,2356,
gold,77,745,746,747,748,749,750,751,1138,1139,1140,1141,1142,1143,1144,1187,1188,1189,1190,1191,1192,1193,2328,2329,2330,2331,2332,2333,2334,
gold,78,785,786,787,788,789,790,791,792,793,794,795,796,797,798,799,814,815,816,817,818,819,820,821,822,823,824,825,834,835,836,837,838,839,840,841,842,843,844,845,854,855,856,857,858,859,860,861,862,863,864,865,866,867,880,881,882,883,884,885,886,887,888,889,890,891,900,901,902,903,904,905,906,907,908,909,910,911,912,975,976,977,978,979,980,981,982,983,984,985,986,987,988,989,990,1036,1037,1038,1039,1040,1041,1042,1043,1044,1045,1046,1047,1048,1049,1050,1287,1288,1289,1290,1291,1292,1293,1294,1295,1296,1297,1298,1299,1300,1301,1302,1672,1784,1785,1786,1787,1788,1789,1790,1791,1792,1793,1794,1795,1796,1797,1798,1799,
gold,78,378,379,380,381,382,383,384,385,386,387,388,389,390,391,392,393,1800,1801,1802,1803,1804,1805,1806,1807,1808,1809,1810,1811,1812,1813,1814,1815,1816,1817,1818,1819,1820,1821,1822,1823,1824,1825,1826,1827,1828,1829,1830,1831,
gold,79,975,976,977,978,979,980,981,982,983,984,985,986,987,988,989,990,1152,1153,1154,1155,1156,1157,1158,1159,1160,1161,1162,1163,1400,1401,1402,1403,1404,1405,1406,1407,1408,1409,1410,1411,1683,1956,1957,1958,1959,1960,1961,1962,1963,
gold,79,491,492,493,494,495,496,497,498,499,500,501,502,880,881,882,883,884,885,886,887,888,889,890,891,1964,1965,1966,1967,1968,1969,1970,1971,1972,1973,1974,1975,1976,1977,1978,1979,1980,1981,1982,1983,1984,1985,1986,1987,
gold,80,1443,1444,1445,1446,1447,1448,1449,1450,1451,1452,1453,1454,1689,2024,2025,2026,2027,2028,2029,2030,2031,
gold,80,534,535,536,537,538,539,540,541,542,543,544,545,814,815,816,817,818,819,820,821,822,823,824,825,2032,2033,2034,2035,2036,2037,2038,2039,2040,2041,2042,2043,2044,2045,2046,2047,2048,2049,2050,2051,2052,2053,2054,2055,
gold,81,1172,1173,1174,1175,1176,1177,1178,1179,1180,1181,1182,1183,1184,1185,1186,1463,1464,1465,1466,1467,1468,1469,1470,1471,1472,1473,1474,1692,2056,2057,2058,2059,2060,2061,2062,2063,
gold,81,554,555,556,557,558,559,560,561,562,563,564,565,834,835,836,837,838,839,840,841,842,843,844,845,2064,2065,2066,2067,2068,2069,2070,2071,2072,2073,2074,2075,2076,2077,2078,2079,2080,2081,2082,2083,2084,2085,2086,2087,
gold,82,923,924,925,926,927,928,929,930,931,932,933,934,935,936,937,938,955,956,957,958,959,960,961,962,963,964,965,966,1123,1124,1125,1126,1127,1128,1129,1130,1131,1132,1133,1134,1135,1136,1137,1374,1375,1376,1377,1378,1379,1380,1381,1382,1383,1384,1385,1386,1387,1680,1916,1917,1918,1919,1920,1921,1922,1923,1924,1925,1926,1927,
gold,82,465,466,467,468,469,470,471,472,473,474,475,476,477,478,759,760,761,762,763,764,765,766,767,768,769,770,771,772,1928,1929,1930,1931,1932,1933,1934,1935,1936,1937,1938,1939,1940,1941,1942,1943,1944,1945,1946,1947,1948,1949,1950,1951,1952,1953,1954,1955,
gold,83,353,374,402,432,459,485,507,529,550,570,598,630,654,680,703,725,752,779,807,830,850,874,896,918,947,971,999,1029,1058,1087,1116,1145,1168,1194,1217,1239,1721,1756,1792,1839,1882,1922,1960,1993,2028,2060,2096,2144,2188,2223,2264,2297,2335,
gold,83,354,375,403,433,460,486,508,530,551,571,599,631,655,681,704,726,753,780,808,831,851,875,897,919,948,972,1000,1030,1059,1088,1117,1146,1169,1195,1218,1240,1311,1507,1539,1722,1757,1793,1840,1883,1923,1961,1994,2029,2061,2097,2145,2189,2224,2265,2298,2336,
gold,83,355,376,404,434,461,487,509,531,552,572,600,632,656,682,705,727,754,781,809,832,852,876,898,920,949,973,1001,1031,1060,1089,1118,1147,1170,1196,1219,1241,1312,1341,1508,1540,1589,1661,1723,1758,1794,1841,1884,1924,1962,1995,2030,2062,2098,2146,2190,2225,2266,2299,2337,
gold,83,356,377,405,435,462,488,510,532,553,573,601,633,657,683,706,728,755,782,810,833,853,877,899,921,950,974,1002,1032,1061,1090,1119,1148,1171,1197,1220,1242,1313,1342,1368,1394,1509,1541,1590,1662,1724,1759,1795,1842,1885,1925,1963,1996,2031,2063,2099,2147,2191,2226,2267,2300,2338,
gold,83,357,406,436,463,489,533,602,634,684,729,756,783,811,878,922,951,1003,1033,1062,1091,1120,1149,1198,1243,1262,1314,1343,1369,1395,1438,1510,1542,1591,1634,1663,1725,1796,1843,1886,1926,1997,2100,2148,2227,2301,2339,
gold,83,407,437,464,490,603,635,685,757,784,812,879,952,1004,1034,1063,1092,1121,1150,1199,1263,1283,1315,1344,1370,1396,1416,1439,1459,1479,1511,1543,1563,1592,1612,1635,1664,1797,1844,1887,1927,2101,2149,2228,2340,
gold,83,408,438,604,636,686,758,813,953,1005,1035,1064,1093,1122,1151,1200,1264,1284,1316,1345,1371,1397,1417,1440,1460,1480,1512,1544,1564,1593,1613,1636,1665,1798,1845,2102,2150,2229,2341,
gold,83,409,605,637,954,1006,1265,1285,1317,1346,1372,1398,1418,1441,1461,1481,1513,1545,1565,1594,1614,1637,1666,1799,2103,2151,
gold,83,1266,1286,1318,1347,1373,1399,1419,1442,1462,1482,1514,1546,1566,1595,1615,1638,1667,
gold,84,955,956,957,958,959,960,961,962,963,964,965,966,1348,1349,1350,1351,1352,1353,1354,1355,1356,1357,1358,1359,1360,1361,1677,1876,1877,1878,1879,1880,1881,1882,1883,1884,1885,1886,1887,
gold,84,439,440,441,442,443,444,445,446,447,448,449,450,451,452,854,855,856,857,858,859,860,861,862,863,864,865,866,867,1888,1889,1890,1891,1892,1893,1894,1895,1896,1897,1898,1899,1900,1901,1902,1903,1904,1905,1906,1907,1908,1909,1910,1911,1912,1913,1914,1915,
gold,85,1094,1095,1096,1097,1098,1099,1100,1101,1102,1103,1104,1105,1106,1107,1108,1221,1222,1223,1224,1225,1226,1227,1228,1229,1230,1231,1232,1233,1547,1548,1549,1550,1551,1552,1553,1554,1555,1556,1557,1558,1701,2184,2185,2186,2187,2188,2189,2190,2191,
gold,85,638,639,640,641,642,643,644,645,646,647,648,649,955,956,957,958,959,960,961,962,963,964,965,966,2192,2193,2194,2195,2196,2197,2198,2199,2200,2201,2202,2203,2204,2205,2206,2207,2208,2209,2210,2211,2212,2213,2214,2215,
gold,86,348,370,394,425,453,479,503,524,546,566,590,622,650,673,699,720,745,773,800,826,846,868,892,913,939,967,991,1022,1051,1080,1109,1138,1164,1187,1213,1234,1716,1752,1784,1832,1876,1916,1956,1988,2024,2056,2088,2136,2184,2216,2260,2292,2328,
gold,86,349,371,395,426,454,480,504,525,547,567,591,623,651,674,700,721,746,774,801,827,847,869,893,914,940,968,992,1023,1052,1081,1110,1139,1165,1188,1214,1235,1303,1499,1531,1717,1753,1785,1833,1877,1917,1957,1989,2025,2057,2089,2137,2185,2217,2261,2293,2329,
gold,86,350,372,396,427,455,481,505,526,548,568,592,624,652,675,701,722,747,775,802,828,848,870,894,915,941,969,993,1024,1053,1082,1111,1140,1166,1189,1215,1236,1304,1334,1500,1532,1582,1654,1718,1754,1786,1834,1878,1918,1958,1990,2026,2058,2090,2138,2186,2218,2262,2294,2330,
gold,86,351,373,397,428,456,482,506,527,549,569,593,625,653,676,702,723,748,776,803,829,849,871,895,916,942,970,994,1025,1054,1083,1112,1141,1167,1190,1216,1237,1305,1335,1362,1388,1501,1533,1583,1655,1719,1755,1787,1835,1879,1919,1959,1991,2027,2059,2091,2139,2187,2219,2263,2295,2331,
gold,86,352,398,429,457,483,528,594,626,677,724,749,777,804,872,917,943,995,1026,1055,1084,1113,1142,1191,1238,1257,1306,1336,1363,1389,1433,1502,1534,1584,1629,1656,1720,1788,1836,1880,1920,1992,2092,2140,2220,2296,2332,
gold,86,399,430,458,484,595,627,678,750,778,805,873,944,996,1027,1056,1085,1114,1143,1192,1258,1279,1307,1337,1364,1390,1412,1434,1455,1475,1503,1535,1559,1585,1608,1630,1657,1789,1837,1881,1921,2093,2141,2221,2333,
gold,86,400,431,596,628,679,751,806,945,997,1028,1057,1086,1115,1144,1193,1259,1280,1308,1338,1365,1391,1413,1435,1456,1476,1504,1536,1560,1586,1609,1631,1658,1790,1838,2094,2142,2222,2334,
gold,86,401,597,629,946,998,1260,1281,1309,1339,1366,1392,1414,1436,1457,1477,1505,1537,1561,1587,1610,1632,1659,1791,2095,2143,
gold,86,1261,1282,1310,1340,1367,1393,1415,1437,1458,1478,1506,1538,1562,1588,1611,1633,1660,
gold,87,1319,1320,1321,1322,1323,1324,1325,1326,1327,1328,1329,1330,1331,1332,1333,1674,1832,1833,1834,1835,1836,1837,1838,1839,1840,1841,1842,1843,1844,1845,
gold,87,410,411,412,413,414,415,416,417,418,419,420,421,422,423,424,785,786,787,788,789,790,791,792,793,794,795,796,797,798,799,1846,1847,1848,1849,1850,1851,1852,1853,1854,1855,1856,1857,1858,1859,1860,1861,1862,1863,1864,1865,1866,1867,1868,1869,1870,1871,1872,1873,1874,1875,
gold,88,1420,1421,1422,1423,1424,1425,1426,1427,1428,1429,1430,1431,1432,1686,1988,1989,1990,1991,1992,1993,1994,1995,1996,1997,
gold,88,511,512,513,514,515,516,517,518,519,520,521,522,523,900,901,902,903,904,905,906,907,908,909,910,911,912,1998,1999,2000,2001,2002,2003,2004,2005,2006,2007,2008,2009,2010,2011,2012,2013,2014,2015,2016,2017,2018,2019,2020,2021,2022,2023,
gold,89,1616,1617,1618,1619,1620,1621,1622,1623,1624,1625,1626,1627,1628,1710,2292,2293,2294,2295,2296,2297,2298,2299,2300,2301,
gold,89,707,708,709,710,711,712,713,714,715,716,717,718,719,1221,1222,1223,1224,1225,1226,1227,1228,1229,1230,1231,1232,1233,2302,2303,2304,2305,2306,2307,2308,2309,2310,2311,2312,2313,2314,2315,2316,2317,2318,2319,2320,2321,2322,2323,2324,2325,2326,2327,
gold,90,1065,1066,1067,1068,1069,1070,1071,1072,1073,1074,1075,1076,1077,1078,1079,1201,1202,1203,1204,1205,1206,1207,1208,1209,1210,1211,1212,1515,1516,1517,1518,1519,1520,1521,1522,1523,1524,1525,1526,1527,1528,1529,1530,1698,2136,2137,2138,2139,2140,2141,2142,2143,2144,2145,2146,2147,2148,2149,2150,2151,
gold,90,606,607,608,609,610,611,612,613,614,615,616,617,618,619,620,621,975,976,977,978,979,980,981,982,983,984,985,986,987,988,989,990,2152,2153,2154,2155,2156,2157,2158,2159,2160,2161,2162,2163,2164,2165,2166,2167,2168,2169,2170,2171,2172,2173,2174,2175,2176,2177,2178,2179,2180,2181,2182,2183,
gold,91,1007,1008,1009,1010,1011,1012,1013,1014,1015,1016,1017,1018,1019,1020,1021,1036,1037,1038,1039,1040,1041,1042,1043,1044,1045,1046,1047,1048,1049,1050,1483,1484,1485,1486,1487,1488,1489,1490,1491,1492,1493,1494,1495,1496,1497,1498,1695,2088,2089,2090,2091,2092,2093,2094,2095,2096,2097,2098,2099,2100,2101,2102,2103,
gold,91,574,575,576,577,578,579,580,581,582,583,584,585,586,587,588,589,923,924,925,926,927,928,929,930,931,932,933,934,935,936,937,938,2104,2105,2106,2107,2108,2109,2110,2111,2112,2113,2114,2115,2116,2117,2118,2119,2120,2121,2122,2123,2124,2125,2126,2127,2128,2129,2130,2131,2132,2133,2134,2135,
gold,92,1596,1597,1598,1599,1600,1601,1602,1603,1604,1605,1606,1607,1707,2260,2261,2262,2263,2264,2265,2266,2267,
gold,92,687,688,689,690,691,692,693,694,695,696,697,698,1152,1153,1154,1155,1156,1157,1158,1159,1160,1161,1162,1163,1201,1202,1203,1204,1205,1206,1207,1208,1209,1210,1211,1212,2268,2269,2270,2271,2272,2273,2274,2275,2276,2277,2278,2279,2280,2281,2282,2283,2284,2285,2286,2287,2288,2289,2290,2291,
gold,93,1639,1640,1641,1642,1643,1644,1645,1646,1647,1648,1649,1650,1651,1652,1653,1713,2328,2329,2330,2331,2332,2333,2334,2335,2336,2337,2338,2339,2340,2341,
gold,93,730,731,732,733,734,735,736,737,738,739,740,741,742,743,744,1123,1124,1125,1126,1127,1128,1129,1130,1131,1132,1133,1134,1135,1136,1137,1172,1173,1174,1175,1176,1177,1178,1179,1180,1181,1182,1183,1184,1185,1186,2342,2343,2344,2345,2346,2347,2348,2349,2350,2351,2352,2353,2354,2355,2356,2357,2358,2359,2360,2361,2362,2363,2364,2365,2366,2367,2368,2369,2370,2371,
gold,94,1123,1124,1125,1126,1127,1128,1129,1130,1131,1132,1133,1134,1135,1136,1137,1152,1153,1154,1155,1156,1157,1158,1159,1160,1161,1162,1163,1172,1173,1174,1175,1176,1177,1178,1179,1180,1181,1182,1183,1184,1185,1186,1201,1202,1203,1204,1205,1206,1207,1208,1209,1210,1211,1212,1221,1222,1223,1224,1225,1226,1227,1228,1229,1230,1231,1232,1233,1567,1568,1569,1570,1571,1572,1573,1574,1575,1576,1577,1578,1579,1580,1581,1704,2216,2217,2218,2219,2220,2221,2222,2223,2224,2225,2226,2227,2228,2229,
gold,94,658,659,660,661,662,663,664,665,666,667,668,669,670,671,672,1007,1008,1009,1010,1011,1012,1013,1014,1015,1016,1017,1018,1019,1020,1021,1036,1037,1038,1039,1040,1041,1042,1043,1044,1045,1046,1047,1048,1049,1050,1065,1066,1067,1068,1069,1070,1071,1072,1073,1074,1075,1076,1077,1078,1079,1094,1095,1096,1097,1098,1099,1100,1101,1102,1103,1104,1105,1106,1107,1108,2230,2231,2232,2233,2234,2235,2236,2237,2238,2239,2240,2241,2242,2243,2244,2245,2246,2247,2248,2249,2250,2251,2252,2253,2254,2255,2256,2257,2258,2259,
gold,95,335,358,378,410,439,465,491,511,534,554,574,606,638,658,687,707,730,759,785,814,834,854,880,900,923,955,975,1007,1036,1065,1094,1123,1152,1172,1201,1221,1726,1739,1760,1772,1800,1816,1846,1861,1888,1902,1928,1942,1964,1976,1998,2011,2032,2044,2064,2076,2104,2120,2152,2168,2192,2204,2230,2245,2268,2280,2302,2315,2342,2357,
gold,95,336,359,379,411,440,466,492,512,535,555,575,607,639,659,688,708,731,760,786,815,835,855,881,901,924,956,976,1008,1037,1066,1095,1124,1153,1173,1202,1222,1287,1483,1515,1727,1740,1761,1773,1801,1817,1847,1862,1889,1903,1929,1943,1965,1977,1999,2012,2033,2045,2065,2077,2105,2121,2153,2169,2193,2205,2231,2246,2269,2281,2303,2316,2343,2358,
gold,95,337,360,380,412,441,467,493,513,536,556,576,608,640,660,689,709,732,761,787,816,836,856,882,902,925,957,977,1009,1038,1067,1096,1125,1154,1174,1203,1223,1244,1267,1288,1319,1348,1374,1400,1420,1443,1463,1484,1516,1547,1567,1596,1616,1639,1728,1741,1762,1774,1802,1818,1848,1863,1890,1904,1930,1944,1966,1978,2000,2013,2034,2046,2066,2078,2106,2122,2154,2170,2194,2206,2232,2247,2270,2282,2304,2317,2344,2359,
gold,95,338,361,381,413,442,468,494,514,537,557,577,609,641,661,690,710,733,762,788,817,837,857,883,903,926,958,978,1010,1039,1068,1097,1126,1155,1175,1204,1224,1245,1268,1289,1320,1349,1375,1401,1421,1444,1464,1485,1517,1548,1568,1597,1617,1640,1729,1742,1763,1775,1803,1819,1849,1864,1891,1905,1931,1945,1967,1979,2001,2014,2035,2047,2067,2079,2107,2123,2155,2171,2195,2207,2233,2248,2271,2283,2305,2318,2345,2360,
gold,95,339,382,414,443,469,515,578,610,662,711,734,763,789,858,904,927,979,1011,1040,1069,1098,1127,1176,1225,1246,1269,1290,1321,1350,1376,1402,1422,1445,1465,1486,1518,1549,1569,1598,1618,1641,1730,1743,1804,1820,1850,1865,1892,1906,1932,1946,2002,2015,2108,2124,2156,2172,2234,2249,2306,2319,2346,2361,
gold,95,383,415,444,470,579,611,663,735,764,790,859,928,980,1012,1041,1070,1099,1128,1177,1247,1270,1291,1322,1351,1377,1403,1423,1446,1466,1487,1519,1550,1570,1599,1619,1642,1805,1821,1851,1866,1893,1907,1933,1947,2109,2125,2157,2173,2235,2250,2347,2362,
gold,95,384,416,580,612,664,736,791,929,981,1013,1042,1071,1100,1129,1178,1248,1271,1292,1323,1352,1378,1404,1424,1447,1467,1488,1520,1551,1571,1600,1620,1643,1806,1822,1852,1867,2110,2126,2158,2174,2236,2251,2348,2363,
gold,95,385,581,613,930,982,1249,1272,1293,1324,1353,1379,1405,1425,1448,1468,1489,1521,1552,1572,1601,1621,1644,1807,1823,2111,2127,2159,2175,
gold,95,1250,1273,1294,1325,1354,1380,1406,1426,1449,1469,1490,1522,1553,1573,1602,1622,1645,
gold,95,340,362,386,417,445,471,495,516,538,558,582,614,642,665,691,712,737,765,792,818,838,860,884,905,931,959,983,1014,1043,1072,1101,1130,1156,1179,1205,1226,1295,1326,1491,1523,1574,1646,1731,1744,1764,1776,1808,1824,1853,1868,1894,1908,1934,1948,1968,1980,2003,2016,2036,2048,2068,2080,2112,2128,2160,2176,2196,2208,2237,2252,2272,2284,2307,2320,2349,2364,
gold,95,341,363,387,418,446,472,496,517,539,559,583,615,643,666,692,713,738,766,793,819,839,861,885,906,932,960,984,1015,1044,1073,1102,1131,1157,1180,1206,1227,1296,1327,1355,1381,1492,1524,1575,1647,1732,1745,1765,1777,1809,1825,1854,1869,1895,1909,1935,1949,1969,1981,2004,2017,2037,2049,2069,2081,2113,2129,2161,2177,2197,2209,2238,2253,2273,2285,2308,2321,2350,2365,
gold,95,342,364,388,419,447,473,497,518,540,560,584,616,644,667,693,714,739,767,794,820,840,862,886,907,933,961,985,1016,1045,1074,1103,1132,1158,1181,1207,1228,1251,1297,1328,1356,1382,1427,1493,1525,1576,1623,1648,1733,1746,1766,1778,1810,1826,1855,1870,1896,1910,1936,1950,1970,1982,2005,2018,2038,2050,2070,2082,2114,2130,2162,2178,2198,2210,2239,2254,2274,2286,2309,2322,2351,2366,
gold,95,343,365,389,420,448,474,498,519,541,561,585,617,645,668,694,715,740,768,795,821,841,863,887,908,934,962,986,1017,1046,1075,1104,1133,1159,1182,1208,1229,1252,1274,1298,1329,1357,1383,1407,1428,1450,1470,1494,1526,1554,1577,1603,1624,1649,1734,1747,1767,1779,1811,1827,1856,1871,1897,1911,1937,1951,1971,1983,2006,2019,2039,2051,2071,2083,2115,2131,2163,2179,2199,2211,2240,2255,2275,2287,2310,2323,2352,2367,
gold,95,344,366,390,421,449,475,499,520,542,562,586,618,646,669,695,716,741,769,796,822,842,864,888,909,935,963,987,1018,1047,1076,1105,1134,1160,1183,1209,1230,1253,1275,1299,1330,1358,1384,1408,1429,1451,1471,1495,1527,1555,1578,1604,1625,1650,1735,1748,1768,1780,1812,1828,1857,1872,1898,1912,1938,1952,1972,1984,2007,2020,2040,2052,2072,2084,2116,2132,2164,2180,2200,2212,2241,2256,2276,2288,2311,2324,2353,2368,
gold,95,345,367,391,422,450,476,500,521,543,563,587,619,647,670,696,717,742,770,797,823,843,865,889,910,936,964,988,1019,1048,1077,1106,1135,1161,1184,1210,1231,1254,1276,1300,1331,1359,1385,1409,1430,1452,1472,1496,1528,1556,1579,1605,1626,1651,1736,1749,1769,1781,1813,1829,1858,1873,1899,1913,1939,1953,1973,1985,2008,2021,2041,2053,2073,2085,2117,2133,2165,2181,2201,2213,2242,2257,2277,2289,2312,2325,2354,2369,
gold,95,346,368,392,423,451,477,501,522,544,564,588,620,648,671,697,718,743,771,798,824,844,866,890,911,937,965,989,1020,1049,1078,1107,1136,1162,1185,1211,1232,1255,1277,1301,1332,1360,1386,1410,1431,1453,1473,1497,1529,1557,1580,1606,1627,1652,1737,1750,1770,1782,1814,1830,1859,1874,1900,1914,1940,1954,1974,1986,2009,2022,2042,2054,2074,2086,2118,2134,2166,2182,2202,2214,2243,2258,2278,2290,2313,2326,2355,2370,
gold,95,347,369,393,424,452,478,502,523,545,565,589,621,649,672,698,719,744,772,799,825,845,867,891,912,938,966,990,1021,1050,1079,1108,1137,1163,1186,1212,1233,1256,1278,1302,1333,1361,1387,1411,1432,1454,1474,1498,1530,1558,1581,1607,1628,1653,1738,1751,1771,1783,1815,1831,1860,1875,1901,1915,1941,1955,1975,1987,2010,2023,2043,2055,2075,2087,2119,2135,2167,2183,2203,2215,2244,2259,2279,2291,2314,2327,2356,2371,
red,96,546,547,548,549,
gold,96,
red,97,720,721,722,723,724,
gold,97,
red,98,699,700,701,702,
gold,98,
red,99,432,433,434,435,436,437,438,
gold,99,
red,100,745,746,747,748,749,750,751,
gold,100,
red,101,511,512,513,514,515,516,517,518,519,520,521,522,523,
gold,101,
lightskyblue,248,317,
lightskyblue,248,318,
lightskyblue,248,312,
lightskyblue,248,313,
lightskyblue,248,314,
lightskyblue,248,319,
lightskyblue,248,320,
lightskyblue,248,321,
lightskyblue,248,322,
lightskyblue,248,308,
lightskyblue,248,309,
lightskyblue,248,310,
lightskyblue,248,311,
lightskyblue,192,285,
lightskyblue,192,286,
lightskyblue,192,287,
lightskyblue,192,288,
lightskyblue,192,289,
lightskyblue,190,272,
lightskyblue,190,273,
lightskyblue,190,274,
lightskyblue,190,275,
lightskyblue,190,276,
lightskyblue,246,318,
lightskyblue,246,319,
lightskyblue,246,313,
lightskyblue,246,314,
lightskyblue,246,320,
lightskyblue,246,321,
lightskyblue,246,322,
lightskyblue,246,308,
lightskyblue,246,309,
lightskyblue,246,310,
lightskyblue,246,311,
lightskyblue,246,312,
lightskyblue,188,286,
lightskyblue,188,287,
lightskyblue,188,288,
lightskyblue,188,289,
lightskyblue,186,273,
lightskyblue,186,274,
lightskyblue,186,275,
lightskyblue,186,276,
lightskyblue,258,307,
lightskyblue,258,315,
lightskyblue,258,309,
lightskyblue,258,310,
lightskyblue,258,311,
lightskyblue,258,312,
lightskyblue,258,313,
lightskyblue,258,314,
lightskyblue,258,316,
lightskyblue,258,317,
lightskyblue,258,318,
lightskyblue,258,319,
lightskyblue,258,320,
lightskyblue,258,321,
lightskyblue,258,322,
lightskyblue,258,308,
lightskyblue,224,282,
lightskyblue,224,283,
lightskyblue,224,284,
lightskyblue,224,285,
lightskyblue,224,286,
lightskyblue,224,287,
lightskyblue,224,288,
lightskyblue,224,289,
lightskyblue,220,269,
lightskyblue,220,270,
lightskyblue,220,271,
lightskyblue,220,272,
lightskyblue,220,273,
lightskyblue,220,274,
lightskyblue,220,275,
lightskyblue,220,276,
lightskyblue,290,315,
lightskyblue,290,316,
lightskyblue,290,310,
lightskyblue,290,311,
lightskyblue,290,312,
lightskyblue,290,313,
lightskyblue,290,314,
lightskyblue,290,317,
lightskyblue,290,318,
lightskyblue,290,319,
lightskyblue,290,320,
lightskyblue,290,321,
lightskyblue,290,322,
lightskyblue,290,308,
lightskyblue,290,309,
lightskyblue,230,283,
lightskyblue,230,284,
lightskyblue,230,285,
lightskyblue,230,286,
lightskyblue,230,287,
lightskyblue,230,288,
lightskyblue,230,289,
lightskyblue,244,270,
lightskyblue,244,271,
lightskyblue,244,272,
lightskyblue,244,273,
lightskyblue,244,274,
lightskyblue,244,275,
lightskyblue,244,276,
lightskyblue,277,316,
lightskyblue,277,317,
lightskyblue,277,311,
lightskyblue,277,312,
lightskyblue,277,313,
lightskyblue,277,314,
lightskyblue,277,318,
lightskyblue,277,319,
lightskyblue,277,320,
lightskyblue,277,321,
lightskyblue,277,322,
lightskyblue,277,308,
lightskyblue,277,309,
lightskyblue,277,310,
lightskyblue,226,284,
lightskyblue,226,285,
lightskyblue,226,286,
lightskyblue,226,287,
lightskyblue,226,288,
lightskyblue,226,289,
lightskyblue,222,271,
lightskyblue,222,272,
lightskyblue,222,273,
lightskyblue,222,274,
lightskyblue,222,275,
lightskyblue,222,276,
lightskyblue,266,316,
lightskyblue,266,317,
lightskyblue,266,311,
lightskyblue,266,312,
lightskyblue,266,313,
lightskyblue,266,314,
lightskyblue,266,318,
lightskyblue,266,319,
lightskyblue,266,320,
lightskyblue,266,321,
lightskyblue,266,322,
lightskyblue,266,308,
lightskyblue,266,309,
lightskyblue,266,310,
lightskyblue,214,284,
lightskyblue,214,285,
lightskyblue,214,286,
lightskyblue,214,287,
lightskyblue,214,288,
lightskyblue,214,289,
lightskyblue,210,271,
lightskyblue,210,272,
lightskyblue,210,273,
lightskyblue,210,274,
lightskyblue,210,275,
lightskyblue,210,276,
lightskyblue,260,318,
lightskyblue,260,319,
lightskyblue,260,313,
lightskyblue,260,314,
lightskyblue,260,320,
lightskyblue,260,321,
lightskyblue,260,322,
lightskyblue,260,308,
lightskyblue,260,309,
lightskyblue,260,310,
lightskyblue,260,311,
lightskyblue,260,312,
lightskyblue,196,286,
lightskyblue,196,287,
lightskyblue,196,288,
lightskyblue,196,289,
lightskyblue,194,273,
lightskyblue,194,274,
lightskyblue,194,275,
lightskyblue,194,276,
lightskyblue,292,317,
lightskyblue,292,318,
lightskyblue,292,312,
lightskyblue,292,313,
lightskyblue,292,314,
lightskyblue,292,319,
lightskyblue,292,320,
lightskyblue,292,321,
lightskyblue,292,322,
lightskyblue,292,308,
lightskyblue,292,309,
lightskyblue,292,310,
lightskyblue,292,311,
lightskyblue,216,285,
lightskyblue,216,286,
lightskyblue,216,287,
lightskyblue,216,288,
lightskyblue,216,289,
lightskyblue,212,272,
lightskyblue,212,273,
lightskyblue,212,274,
lightskyblue,212,275,
lightskyblue,212,276,
lightskyblue,262,318,
lightskyblue,262,319,
lightskyblue,262,313,
lightskyblue,262,314,
lightskyblue,262,320,
lightskyblue,262,321,
lightskyblue,262,322,
lightskyblue,262,308,
lightskyblue,262,309,
lightskyblue,262,310,
lightskyblue,262,311,
lightskyblue,262,312,
lightskyblue,208,286,
lightskyblue,208,287,
lightskyblue,208,288,
lightskyblue,208,289,
lightskyblue,198,273,
lightskyblue,198,274,
lightskyblue,198,275,
lightskyblue,198,276,
lightskyblue,264,318,
lightskyblue,264,319,
lightskyblue,264,313,
lightskyblue,264,314,
lightskyblue,264,320,
lightskyblue,264,321,
lightskyblue,264,322,
lightskyblue,264,308,
lightskyblue,264,309,
lightskyblue,264,310,
lightskyblue,264,311,
lightskyblue,264,312,
lightskyblue,202,286,
lightskyblue,202,287,
lightskyblue,202,288,
lightskyblue,202,289,
lightskyblue,200,273,
lightskyblue,200,274,
lightskyblue,200,275,
lightskyblue,200,276,
lightskyblue,298,307,
lightskyblue,298,315,
lightskyblue,298,309,
lightskyblue,298,310,
lightskyblue,298,311,
lightskyblue,298,312,
lightskyblue,298,313,
lightskyblue,298,314,
lightskyblue,298,316,
lightskyblue,298,317,
lightskyblue,298,318,
lightskyblue,298,319,
lightskyblue,298,320,
lightskyblue,298,321,
lightskyblue,298,322,
lightskyblue,298,308,
lightskyblue,238,282,
lightskyblue,238,283,
lightskyblue,238,284,
lightskyblue,238,285,
lightskyblue,238,286,
lightskyblue,238,287,
lightskyblue,238,288,
lightskyblue,238,289,
lightskyblue,236,269,
lightskyblue,236,270,
lightskyblue,236,271,
lightskyblue,236,272,
lightskyblue,236,273,
lightskyblue,236,274,
lightskyblue,236,275,
lightskyblue,236,276,
lightskyblue,296,307,
lightskyblue,296,315,
lightskyblue,296,309,
lightskyblue,296,310,
lightskyblue,296,311,
lightskyblue,296,312,
lightskyblue,296,313,
lightskyblue,296,314,
lightskyblue,296,316,
lightskyblue,296,317,
lightskyblue,296,318,
lightskyblue,296,319,
lightskyblue,296,320,
lightskyblue,296,321,
lightskyblue,296,322,
lightskyblue,296,308,
lightskyblue,242,282,
lightskyblue,242,283,
lightskyblue,242,284,
lightskyblue,242,285,
lightskyblue,242,286,
lightskyblue,242,287,
lightskyblue,242,288,
lightskyblue,242,289,
lightskyblue,240,269,
lightskyblue,240,270,
lightskyblue,240,271,
lightskyblue,240,272,
lightskyblue,240,273,
lightskyblue,240,274,
lightskyblue,240,275,
lightskyblue,240,276,
lightskyblue,279,318,
lightskyblue,279,319,
lightskyblue,279,313,
lightskyblue,279,314,
lightskyblue,279,320,
lightskyblue,279,321,
lightskyblue,279,322,
lightskyblue,279,308,
lightskyblue,279,309,
lightskyblue,279,310,
lightskyblue,279,311,
lightskyblue,279,312,
lightskyblue,204,286,
lightskyblue,204,287,
lightskyblue,204,288,
lightskyblue,204,289,
lightskyblue,206,273,
lightskyblue,206,274,
lightskyblue,206,275,
lightskyblue,206,276,
lightskyblue,304,315,
lightskyblue,304,316,
lightskyblue,304,310,
lightskyblue,304,311,
lightskyblue,304,312,
lightskyblue,304,313,
lightskyblue,304,314,
lightskyblue,304,317,
lightskyblue,304,318,
lightskyblue,304,319,
lightskyblue,304,320,
lightskyblue,304,321,
lightskyblue,304,322,
lightskyblue,304,308,
lightskyblue,304,309,
lightskyblue,254,283,
lightskyblue,254,284,
lightskyblue,254,285,
lightskyblue,254,286,
lightskyblue,254,287,
lightskyblue,254,288,
lightskyblue,254,289,
lightskyblue,252,270,
lightskyblue,252,271,
lightskyblue,252,272,
lightskyblue,252,273,
lightskyblue,252,274,
lightskyblue,252,275,
lightskyblue,252,276,
lightskyblue,300,318,
lightskyblue,300,319,
lightskyblue,300,313,
lightskyblue,300,314,
lightskyblue,300,320,
lightskyblue,300,321,
lightskyblue,300,322,
lightskyblue,300,308,
lightskyblue,300,309,
lightskyblue,300,310,
lightskyblue,300,311,
lightskyblue,300,312,
lightskyblue,234,286,
lightskyblue,234,287,
lightskyblue,234,288,
lightskyblue,234,289,
lightskyblue,232,273,
lightskyblue,232,274,
lightskyblue,232,275,
lightskyblue,232,276,
lightskyblue,294,317,
lightskyblue,294,318,
lightskyblue,294,312,
lightskyblue,294,313,
lightskyblue,294,314,
lightskyblue,294,319,
lightskyblue,294,320,
lightskyblue,294,321,
lightskyblue,294,322,
lightskyblue,294,308,
lightskyblue,294,309,
lightskyblue,294,310,
lightskyblue,294,311,
lightskyblue,228,285,
lightskyblue,228,286,
lightskyblue,228,287,
lightskyblue,228,288,
lightskyblue,228,289,
lightskyblue,218,272,
lightskyblue,218,273,
lightskyblue,218,274,
lightskyblue,218,275,
lightskyblue,218,276,
lightskyblue,302,315,
lightskyblue,302,316,
lightskyblue,302,310,
lightskyblue,302,311,
lightskyblue,302,312,
lightskyblue,302,313,
lightskyblue,302,314,
lightskyblue,302,317,
lightskyblue,302,318,
lightskyblue,302,319,
lightskyblue,302,320,
lightskyblue,302,321,
lightskyblue,302,322,
lightskyblue,302,308,
lightskyblue,302,309,
lightskyblue,256,283,
lightskyblue,256,284,
lightskyblue,256,285,
lightskyblue,256,286,
lightskyblue,256,287,
lightskyblue,256,288,
lightskyblue,256,289,
lightskyblue,250,270,
lightskyblue,250,271,
lightskyblue,250,272,
lightskyblue,250,273,
lightskyblue,250,274,
lightskyblue,250,275,
lightskyblue,250,276,
lightskyblue,266,316,
lightskyblue,266,317,
lightskyblue,266,311,
lightskyblue,266,312,
lightskyblue,266,313,
lightskyblue,266,314,
lightskyblue,266,318,
lightskyblue,266,319,
lightskyblue,266,320,
lightskyblue,266,321,
lightskyblue,266,322,
lightskyblue,266,308,
lightskyblue,266,309,
lightskyblue,266,310,
lightskyblue,214,284,
lightskyblue,214,285,
lightskyblue,214,286,
lightskyblue,214,287,
lightskyblue,214,288,
lightskyblue,214,289,
lightskyblue,210,271,
lightskyblue,210,272,
lightskyblue,210,273,
lightskyblue,210,274,
lightskyblue,210,275,
lightskyblue,210,276,
lightskyblue,290,315,
lightskyblue,290,316,
lightskyblue,290,310,
lightskyblue,290,311,
lightskyblue,290,312,
lightskyblue,290,313,
lightskyblue,290,314,
lightskyblue,290,317,
lightskyblue,290,318,
lightskyblue,290,319,
lightskyblue,290,320,
lightskyblue,290,321,
lightskyblue,290,322,
lightskyblue,290,308,
lightskyblue,290,309,
lightskyblue,230,283,
lightskyblue,230,284,
lightskyblue,230,285,
lightskyblue,230,286,
lightskyblue,230,287,
lightskyblue,230,288,
lightskyblue,230,289,
lightskyblue,244,270,
lightskyblue,244,271,
lightskyblue,244,272,
lightskyblue,244,273,
lightskyblue,244,274,
lightskyblue,244,275,
lightskyblue,244,276,
lightskyblue,262,318,
lightskyblue,262,319,
lightskyblue,262,313,
lightskyblue,262,314,
lightskyblue,262,320,
lightskyblue,262,321,
lightskyblue,262,322,
lightskyblue,262,308,
lightskyblue,262,309,
lightskyblue,262,310,
lightskyblue,262,311,
lightskyblue,262,312,
lightskyblue,208,286,
lightskyblue,208,287,
lightskyblue,208,288,
lightskyblue,208,289,
lightskyblue,198,273,
lightskyblue,198,274,
lightskyblue,198,275,
lightskyblue,198,276,
lightskyblue,264,318,
lightskyblue,264,319,
lightskyblue,264,313,
lightskyblue,264,314,
lightskyblue,264,320,
lightskyblue,264,321,
lightskyblue,264,322,
lightskyblue,264,308,
lightskyblue,264,309,
lightskyblue,264,310,
lightskyblue,264,311,
lightskyblue,264,312,
lightskyblue,202,286,
lightskyblue,202,287,
lightskyblue,202,288,
lightskyblue,202,289,
lightskyblue,200,273,
lightskyblue,200,274,
lightskyblue,200,275,
lightskyblue,200,276,
lightskyblue,277,316,
lightskyblue,277,317,
lightskyblue,277,311,
lightskyblue,277,312,
lightskyblue,277,313,
lightskyblue,277,314,
lightskyblue,277,318,
lightskyblue,277,319,
lightskyblue,277,320,
lightskyblue,277,321,
lightskyblue,277,322,
lightskyblue,277,308,
lightskyblue,277,309,
lightskyblue,277,310,
lightskyblue,226,284,
lightskyblue,226,285,
lightskyblue,226,286,
lightskyblue,226,287,
lightskyblue,226,288,
lightskyblue,226,289,
lightskyblue,222,271,
lightskyblue,222,272,
lightskyblue,222,273,
lightskyblue,222,274,
lightskyblue,222,275,
lightskyblue,222,276,
lightskyblue,260,318,
lightskyblue,260,319,
lightskyblue,260,313,
lightskyblue,260,314,
lightskyblue,260,320,
lightskyblue,260,321,
lightskyblue,260,322,
lightskyblue,260,308,
lightskyblue,260,309,
lightskyblue,260,310,
lightskyblue,260,311,
lightskyblue,260,312,
lightskyblue,196,286,
lightskyblue,196,287,
lightskyblue,196,288,
lightskyblue,196,289,
lightskyblue,194,273,
lightskyblue,194,274,
lightskyblue,194,275,
lightskyblue,194,276,
lightskyblue,292,317,
lightskyblue,292,318,
lightskyblue,292,312,
lightskyblue,292,313,
lightskyblue,292,314,
lightskyblue,292,319,
lightskyblue,292,320,
lightskyblue,292,321,
lightskyblue,292,322,
lightskyblue,292,308,
lightskyblue,292,309,
lightskyblue,292,310,
lightskyblue,292,311,
lightskyblue,216,285,
lightskyblue,216,286,
lightskyblue,216,287,
lightskyblue,216,288,
lightskyblue,216,289,
lightskyblue,212,272,
lightskyblue,212,273,
lightskyblue,212,274,
lightskyblue,212,275,
lightskyblue,212,276,
lightskyblue,298,307,
lightskyblue,298,315,
lightskyblue,298,309,
lightskyblue,298,310,
lightskyblue,298,311,
lightskyblue,298,312,
lightskyblue,298,313,
lightskyblue,298,314,
lightskyblue,298,316,
lightskyblue,298,317,
lightskyblue,298,318,
lightskyblue,298,319,
lightskyblue,298,320,
lightskyblue,298,321,
lightskyblue,298,322,
lightskyblue,298,308,
lightskyblue,238,282,
lightskyblue,238,283,
lightskyblue,238,284,
lightskyblue,238,285,
lightskyblue,238,286,
lightskyblue,238,287,
lightskyblue,238,288,
lightskyblue,238,289,
lightskyblue,236,269,
lightskyblue,236,270,
lightskyblue,236,271,
lightskyblue,236,272,
lightskyblue,236,273,
lightskyblue,236,274,
lightskyblue,236,275,
lightskyblue,236,276,
lightskyblue,279,318,
lightskyblue,279,319,
lightskyblue,279,313,
lightskyblue,279,314,
lightskyblue,279,320,
lightskyblue,279,321,
lightskyblue,279,322,
lightskyblue,279,308,
lightskyblue,279,309,
lightskyblue,279,310,
lightskyblue,279,311,
lightskyblue,279,312,
lightskyblue,204,286,
lightskyblue,204,287,
lightskyblue,204,288,
lightskyblue,204,289,
lightskyblue,206,273,
lightskyblue,206,274,
lightskyblue,206,275,
lightskyblue,206,276,
lightskyblue,296,307,
lightskyblue,296,315,
lightskyblue,296,309,
lightskyblue,296,310,
lightskyblue,296,311,
lightskyblue,296,312,
lightskyblue,296,313,
lightskyblue,296,314,
lightskyblue,296,316,
lightskyblue,296,317,
lightskyblue,296,318,
lightskyblue,296,319,
lightskyblue,296,320,
lightskyblue,296,321,
lightskyblue,296,322,
lightskyblue,296,308,
lightskyblue,242,282,
lightskyblue,242,283,
lightskyblue,242,284,
lightskyblue,242,285,
lightskyblue,242,286,
lightskyblue,242,287,
lightskyblue,242,288,
lightskyblue,242,289,
lightskyblue,240,269,
lightskyblue,240,270,
lightskyblue,240,271,
lightskyblue,240,272,
lightskyblue,240,273,
lightskyblue,240,274,
lightskyblue,240,275,
lightskyblue,240,276,
lightskyblue,304,315,
lightskyblue,304,316,
lightskyblue,304,310,
lightskyblue,304,311,
lightskyblue,304,312,
lightskyblue,304,313,
lightskyblue,304,314,
lightskyblue,304,317,
lightskyblue,304,318,
lightskyblue,304,319,
lightskyblue,304,320,
lightskyblue,304,321,
lightskyblue,304,322,
lightskyblue,304,308,
lightskyblue,304,309,
lightskyblue,254,283,
lightskyblue,254,284,
lightskyblue,254,285,
lightskyblue,254,286,
lightskyblue,254,287,
lightskyblue,254,288,
lightskyblue,254,289,
lightskyblue,252,270,
lightskyblue,252,271,
lightskyblue,252,272,
lightskyblue,252,273,
lightskyblue,252,274,
lightskyblue,252,275,
lightskyblue,252,276,
lightskyblue,304,315,
lightskyblue,304,316,
lightskyblue,304,310,
lightskyblue,304,311,
lightskyblue,304,312,
lightskyblue,304,313,
lightskyblue,304,314,
lightskyblue,304,317,
lightskyblue,304,318,
lightskyblue,304,319,
lightskyblue,304,320,
lightskyblue,304,321,
lightskyblue,304,322,
lightskyblue,304,308,
lightskyblue,304,309,
lightskyblue,254,283,
lightskyblue,254,284,
lightskyblue,254,285,
lightskyblue,254,286,
lightskyblue,254,287,
lightskyblue,254,288,
lightskyblue,254,289,
lightskyblue,252,270,
lightskyblue,252,271,
lightskyblue,252,272,
lightskyblue,252,273,
lightskyblue,252,274,
lightskyblue,252,275,
lightskyblue,252,276,
lightskyblue,304,315,
lightskyblue,304,316,
lightskyblue,304,310,
lightskyblue,304,311,
lightskyblue,304,312,
lightskyblue,304,313,
lightskyblue,304,314,
lightskyblue,304,317,
lightskyblue,304,318,
lightskyblue,304,319,
lightskyblue,304,320,
lightskyblue,304,321,
lightskyblue,304,322,
lightskyblue,304,308,
lightskyblue,304,309,
lightskyblue,254,283,
lightskyblue,254,284,
lightskyblue,254,285,
lightskyblue,254,286,
lightskyblue,254,287,
lightskyblue,254,288,
lightskyblue,254,289,
lightskyblue,252,270,
lightskyblue,252,271,
lightskyblue,252,272,
lightskyblue,252,273,
lightskyblue,252,274,
lightskyblue,252,275,
lightskyblue,252,276,
lightskyblue,304,315,
lightskyblue,304,316,
lightskyblue,304,310,
lightskyblue,304,311,
lightskyblue,304,312,
lightskyblue,304,313,
lightskyblue,304,314,
lightskyblue,304,317,
lightskyblue,304,318,
lightskyblue,304,319,
lightskyblue,304,320,
lightskyblue,304,321,
lightskyblue,304,322,
lightskyblue,304,308,
lightskyblue,304,309,
lightskyblue,254,283,
lightskyblue,254,284,
lightskyblue,254,285,
lightskyblue,254,286,
lightskyblue,254,287,
lightskyblue,254,288,
lightskyblue,254,289,
lightskyblue,252,270,
lightskyblue,252,271,
lightskyblue,252,272,
lightskyblue,252,273,
lightskyblue,252,274,
lightskyblue,252,275,
lightskyblue,252,276,
lightskyblue,302,315,
lightskyblue,302,316,
lightskyblue,302,310,
lightskyblue,302,311,
lightskyblue,302,312,
lightskyblue,302,313,
lightskyblue,302,314,
lightskyblue,302,317,
lightskyblue,302,318,
lightskyblue,302,319,
lightskyblue,302,320,
lightskyblue,302,321,
lightskyblue,302,322,
lightskyblue,302,308,
lightskyblue,302,309,
lightskyblue,256,283,
lightskyblue,256,284,
lightskyblue,256,285,
lightskyblue,256,286,
lightskyblue,256,287,
lightskyblue,256,288,
lightskyblue,256,289,
lightskyblue,250,270,
lightskyblue,250,271,
lightskyblue,250,272,
lightskyblue,250,273,
lightskyblue,250,274,
lightskyblue,250,275,
lightskyblue,250,276,
lightskyblue,300,318,
lightskyblue,300,319,
lightskyblue,300,313,
lightskyblue,300,314,
lightskyblue,300,320,
lightskyblue,300,321,
lightskyblue,300,322,
lightskyblue,300,308,
lightskyblue,300,309,
lightskyblue,300,310,
lightskyblue,300,311,
lightskyblue,300,312,
lightskyblue,234,286,
lightskyblue,234,287,
lightskyblue,234,288,
lightskyblue,234,289,
lightskyblue,232,273,
lightskyblue,232,274,
lightskyblue,232,275,
lightskyblue,232,276,
lightskyblue,302,315,
lightskyblue,302,316,
lightskyblue,302,310,
lightskyblue,302,311,
lightskyblue,302,312,
lightskyblue,302,313,
lightskyblue,302,314,
lightskyblue,302,317,
lightskyblue,302,318,
lightskyblue,302,319,
lightskyblue,302,320,
lightskyblue,302,321,
lightskyblue,302,322,
lightskyblue,302,308,
lightskyblue,302,309,
lightskyblue,256,283,
lightskyblue,256,284,
lightskyblue,256,285,
lightskyblue,256,286,
lightskyblue,256,287,
lightskyblue,256,288,
lightskyblue,256,289,
lightskyblue,250,270,
lightskyblue,250,271,
lightskyblue,250,272,
lightskyblue,250,273,
lightskyblue,250,274,
lightskyblue,250,275,
lightskyblue,250,276,
lightskyblue,300,318,
lightskyblue,300,319,
lightskyblue,300,313,
lightskyblue,300,314,
lightskyblue,300,320,
lightskyblue,300,321,
lightskyblue,300,322,
lightskyblue,300,308,
lightskyblue,300,309,
lightskyblue,300,310,
lightskyblue,300,311,
lightskyblue,300,312,
lightskyblue,234,286,
lightskyblue,234,287,
lightskyblue,234,288,
lightskyblue,234,289,
lightskyblue,232,273,
lightskyblue,232,274,
lightskyblue,232,275,
lightskyblue,232,276,
lightskyblue,294,317,
lightskyblue,294,318,
lightskyblue,294,312,
lightskyblue,294,313,
lightskyblue,294,314,
lightskyblue,294,319,
lightskyblue,294,320,
lightskyblue,294,321,
lightskyblue,294,322,
lightskyblue,294,308,
lightskyblue,294,309,
lightskyblue,294,310,
lightskyblue,294,311,
lightskyblue,228,285,
lightskyblue,228,286,
lightskyblue,228,287,
lightskyblue,228,288,
lightskyblue,228,289,
lightskyblue,218,272,
lightskyblue,218,273,
lightskyblue,218,274,
lightskyblue,218,275,
lightskyblue,218,276,
lightskyblue,249,319,
lightskyblue,249,320,
lightskyblue,249,321,
lightskyblue,249,322,
lightskyblue,249,308,
lightskyblue,249,309,
lightskyblue,249,310,
lightskyblue,249,306,
lightskyblue,249,307,
lightskyblue,249,315,
lightskyblue,249,316,
lightskyblue,249,317,
lightskyblue,249,318,
lightskyblue,193,281,
lightskyblue,193,282,
lightskyblue,193,283,
lightskyblue,193,284,
lightskyblue,193,285,
lightskyblue,191,268,
lightskyblue,191,269,
lightskyblue,191,270,
lightskyblue,191,271,
lightskyblue,191,272,
lightskyblue,247,318,
lightskyblue,247,319,
lightskyblue,247,320,
lightskyblue,247,321,
lightskyblue,247,322,
lightskyblue,247,308,
lightskyblue,247,309,
lightskyblue,247,306,
lightskyblue,247,307,
lightskyblue,247,315,
lightskyblue,247,316,
lightskyblue,247,317,
lightskyblue,189,281,
lightskyblue,189,282,
lightskyblue,189,283,
lightskyblue,189,284,
lightskyblue,187,268,
lightskyblue,187,269,
lightskyblue,187,270,
lightskyblue,187,271,
lightskyblue,259,306,
lightskyblue,259,322,
lightskyblue,259,308,
lightskyblue,259,309,
lightskyblue,259,310,
lightskyblue,259,311,
lightskyblue,259,312,
lightskyblue,259,313,
lightskyblue,259,307,
lightskyblue,259,315,
lightskyblue,259,316,
lightskyblue,259,317,
lightskyblue,259,318,
lightskyblue,259,319,
lightskyblue,259,320,
lightskyblue,259,321,
lightskyblue,225,281,
lightskyblue,225,282,
lightskyblue,225,283,
lightskyblue,225,284,
lightskyblue,225,285,
lightskyblue,225,286,
lightskyblue,225,287,
lightskyblue,225,288,
lightskyblue,221,268,
lightskyblue,221,269,
lightskyblue,221,270,
lightskyblue,221,271,
lightskyblue,221,272,
lightskyblue,221,273,
lightskyblue,221,274,
lightskyblue,221,275,
lightskyblue,291,321,
lightskyblue,291,322,
lightskyblue,291,308,
lightskyblue,291,309,
lightskyblue,291,310,
lightskyblue,291,311,
lightskyblue,291,312,
lightskyblue,291,306,
lightskyblue,291,307,
lightskyblue,291,315,
lightskyblue,291,316,
lightskyblue,291,317,
lightskyblue,291,318,
lightskyblue,291,319,
lightskyblue,291,320,
lightskyblue,231,281,
lightskyblue,231,282,
lightskyblue,231,283,
lightskyblue,231,284,
lightskyblue,231,285,
lightskyblue,231,286,
lightskyblue,231,287,
lightskyblue,245,268,
lightskyblue,245,269,
lightskyblue,245,270,
lightskyblue,245,271,
lightskyblue,245,272,
lightskyblue,245,273,
lightskyblue,245,274,
lightskyblue,278,320,
lightskyblue,278,321,
lightskyblue,278,322,
lightskyblue,278,308,
lightskyblue,278,309,
lightskyblue,278,310,
lightskyblue,278,311,
lightskyblue,278,306,
lightskyblue,278,307,
lightskyblue,278,315,
lightskyblue,278,316,
lightskyblue,278,317,
lightskyblue,278,318,
lightskyblue,278,319,
lightskyblue,227,281,
lightskyblue,227,282,
lightskyblue,227,283,
lightskyblue,227,284,
lightskyblue,227,285,
lightskyblue,227,286,
lightskyblue,223,268,
lightskyblue,223,269,
lightskyblue,223,270,
lightskyblue,223,271,
lightskyblue,223,272,
lightskyblue,223,273,
lightskyblue,267,320,
lightskyblue,267,321,
lightskyblue,267,322,
lightskyblue,267,308,
lightskyblue,267,309,
lightskyblue,267,310,
lightskyblue,267,311,
lightskyblue,267,306,
lightskyblue,267,307,
lightskyblue,267,315,
lightskyblue,267,316,
lightskyblue,267,317,
lightskyblue,267,318,
lightskyblue,267,319,
lightskyblue,215,281,
lightskyblue,215,282,
lightskyblue,215,283,
lightskyblue,215,284,
lightskyblue,215,285,
lightskyblue,215,286,
lightskyblue,211,268,
lightskyblue,211,269,
lightskyblue,211,270,
lightskyblue,211,271,
lightskyblue,211,272,
lightskyblue,211,273,
lightskyblue,261,318,
lightskyblue,261,319,
lightskyblue,261,320,
lightskyblue,261,321,
lightskyblue,261,322,
lightskyblue,261,308,
lightskyblue,261,309,
lightskyblue,261,306,
lightskyblue,261,307,
lightskyblue,261,315,
lightskyblue,261,316,
lightskyblue,261,317,
lightskyblue,197,281,
lightskyblue,197,282,
lightskyblue,197,283,
lightskyblue,197,284,
lightskyblue,195,268,
lightskyblue,195,269,
lightskyblue,195,270,
lightskyblue,195,271,
lightskyblue,293,319,
lightskyblue,293,320,
lightskyblue,293,321,
lightskyblue,293,322,
lightskyblue,293,308,
lightskyblue,293,309,
lightskyblue,293,310,
lightskyblue,293,306,
lightskyblue,293,307,
lightskyblue,293,315,
lightskyblue,293,316,
lightskyblue,293,317,
lightskyblue,293,318,
lightskyblue,217,281,
lightskyblue,217,282,
lightskyblue,217,283,
lightskyblue,217,284,
lightskyblue,217,285,
lightskyblue,213,268,
lightskyblue,213,269,
lightskyblue,213,270,
lightskyblue,213,271,
lightskyblue,213,272,
lightskyblue,263,318,
lightskyblue,263,319,
lightskyblue,263,320,
lightskyblue,263,321,
lightskyblue,263,322,
lightskyblue,263,308,
lightskyblue,263,309,
lightskyblue,263,306,
lightskyblue,263,307,
lightskyblue,263,315,
lightskyblue,263,316,
lightskyblue,263,317,
lightskyblue,209,281,
lightskyblue,209,282,
lightskyblue,209,283,
lightskyblue,209,284,
lightskyblue,199,268,
lightskyblue,199,269,
lightskyblue,199,270,
lightskyblue,199,271,
lightskyblue,265,318,
lightskyblue,265,319,
lightskyblue,265,320,
lightskyblue,265,321,
lightskyblue,265,322,
lightskyblue,265,308,
lightskyblue,265,309,
lightskyblue,265,306,
lightskyblue,265,307,
lightskyblue,265,315,
lightskyblue,265,316,
lightskyblue,265,317,
lightskyblue,203,281,
lightskyblue,203,282,
lightskyblue,203,283,
lightskyblue,203,284,
lightskyblue,201,268,
lightskyblue,201,269,
lightskyblue,201,270,
lightskyblue,201,271,
lightskyblue,299,306,
lightskyblue,299,322,
lightskyblue,299,308,
lightskyblue,299,309,
lightskyblue,299,310,
lightskyblue,299,311,
lightskyblue,299,312,
lightskyblue,299,313,
lightskyblue,299,307,
lightskyblue,299,315,
lightskyblue,299,316,
lightskyblue,299,317,
lightskyblue,299,318,
lightskyblue,299,319,
lightskyblue,299,320,
lightskyblue,299,321,
lightskyblue,239,281,
lightskyblue,239,282,
lightskyblue,239,283,
lightskyblue,239,284,
lightskyblue,239,285,
lightskyblue,239,286,
lightskyblue,239,287,
lightskyblue,239,288,
lightskyblue,237,268,
lightskyblue,237,269,
lightskyblue,237,270,
lightskyblue,237,271,
lightskyblue,237,272,
lightskyblue,237,273,
lightskyblue,237,274,
lightskyblue,237,275,
lightskyblue,297,306,
lightskyblue,297,322,
lightskyblue,297,308,
lightskyblue,297,309,
lightskyblue,297,310,
lightskyblue,297,311,
lightskyblue,297,312,
lightskyblue,297,313,
lightskyblue,297,307,
lightskyblue,297,315,
lightskyblue,297,316,
lightskyblue,297,317,
lightskyblue,297,318,
lightskyblue,297,319,
lightskyblue,297,320,
lightskyblue,297,321,
lightskyblue,243,281,
lightskyblue,243,282,
lightskyblue,243,283,
lightskyblue,243,284,
lightskyblue,243,285,
lightskyblue,243,286,
lightskyblue,243,287,
lightskyblue,243,288,
lightskyblue,241,268,
lightskyblue,241,269,
lightskyblue,241,270,
lightskyblue,241,271,
lightskyblue,241,272,
lightskyblue,241,273,
lightskyblue,241,274,
lightskyblue,241,275,
lightskyblue,280,318,
lightskyblue,280,319,
lightskyblue,280,320,
lightskyblue,280,321,
lightskyblue,280,322,
lightskyblue,280,308,
lightskyblue,280,309,
lightskyblue,280,306,
lightskyblue,280,307,
lightskyblue,280,315,
lightskyblue,280,316,
lightskyblue,280,317,
lightskyblue,205,281,
lightskyblue,205,282,
lightskyblue,205,283,
lightskyblue,205,284,
lightskyblue,207,268,
lightskyblue,207,269,
lightskyblue,207,270,
lightskyblue,207,271,
lightskyblue,305,321,
lightskyblue,305,322,
lightskyblue,305,308,
lightskyblue,305,309,
lightskyblue,305,310,
lightskyblue,305,311,
lightskyblue,305,312,
lightskyblue,305,306,
lightskyblue,305,307,
lightskyblue,305,315,
lightskyblue,305,316,
lightskyblue,305,317,
lightskyblue,305,318,
lightskyblue,305,319,
lightskyblue,305,320,
lightskyblue,255,281,
lightskyblue,255,282,
lightskyblue,255,283,
lightskyblue,255,284,
lightskyblue,255,285,
lightskyblue,255,286,
lightskyblue,255,287,
lightskyblue,253,268,
lightskyblue,253,269,
lightskyblue,253,270,
lightskyblue,253,271,
lightskyblue,253,272,
lightskyblue,253,273,
lightskyblue,253,274,
lightskyblue,301,318,
lightskyblue,301,319,
lightskyblue,301,320,
lightskyblue,301,321,
lightskyblue,301,322,
lightskyblue,301,308,
lightskyblue,301,309,
lightskyblue,301,306,
lightskyblue,301,307,
lightskyblue,301,315,
lightskyblue,301,316,
lightskyblue,301,317,
lightskyblue,235,281,
lightskyblue,235,282,
lightskyblue,235,283,
lightskyblue,235,284,
lightskyblue,233,268,
lightskyblue,233,269,
lightskyblue,233,270,
lightskyblue,233,271,
lightskyblue,295,319,
lightskyblue,295,320,
lightskyblue,295,321,
lightskyblue,295,322,
lightskyblue,295,308,
lightskyblue,295,309,
lightskyblue,295,310,
lightskyblue,295,306,
lightskyblue,295,307,
lightskyblue,295,315,
lightskyblue,295,316,
lightskyblue,295,317,
lightskyblue,295,318,
lightskyblue,229,281,
lightskyblue,229,282,
lightskyblue,229,283,
lightskyblue,229,284,
lightskyblue,229,285,
lightskyblue,219,268,
lightskyblue,219,269,
lightskyblue,219,270,
lightskyblue,219,271,
lightskyblue,219,272,
lightskyblue,303,321,
lightskyblue,303,322,
lightskyblue,303,308,
lightskyblue,303,309,
lightskyblue,303,310,
lightskyblue,303,311,
lightskyblue,303,312,
lightskyblue,303,306,
lightskyblue,303,307,
lightskyblue,303,315,
lightskyblue,303,316,
lightskyblue,303,317,
lightskyblue,303,318,
lightskyblue,303,319,
lightskyblue,303,320,
lightskyblue,257,281,
lightskyblue,257,282,
lightskyblue,257,283,
lightskyblue,257,284,
lightskyblue,257,285,
lightskyblue,257,286,
lightskyblue,257,287,
lightskyblue,251,268,
lightskyblue,251,269,
lightskyblue,251,270,
lightskyblue,251,271,
lightskyblue,251,272,
lightskyblue,251,273,
lightskyblue,251,274,
lightskyblue,184,
lightskyblue,178,
lightskyblue,156,
lightskyblue,154,
lightskyblue,138,
lightskyblue,140,
lightskyblue,180,
lightskyblue,182,
lightskyblue,329,
lightskyblue,150,
lightskyblue,152,
lightskyblue,148,
lightskyblue,174,
lightskyblue,172,
lightskyblue,176,
lightskyblue,116,
lightskyblue,114,
lightskyblue,118,
lightskyblue,333,
lightskyblue,120,
lightskyblue,122,
lightskyblue,124,
lightskyblue,323,
lightskyblue,126,
lightskyblue,134,
lightskyblue,132,
lightskyblue,136,
lightskyblue,168,
lightskyblue,170,
lightskyblue,166,
lightskyblue,110,
lightskyblue,112,
lightskyblue,108,
lightskyblue,144,
lightskyblue,142,
lightskyblue,146,
lightskyblue,162,
lightskyblue,160,
lightskyblue,164,
lightskyblue,158,
lightskyblue,327,
lightskyblue,102,
lightskyblue,106,
lightskyblue,325,
lightskyblue,104,
lightskyblue,130,
lightskyblue,331,
lightskyblue,128,
lightskyblue,192,285,
lightskyblue,192,286,
lightskyblue,192,287,
lightskyblue,192,288,
lightskyblue,192,289,
lightskyblue,190,272,
lightskyblue,190,273,
lightskyblue,190,274,
lightskyblue,190,275,
lightskyblue,190,276,
lightskyblue,248,317,
lightskyblue,248,318,
lightskyblue,248,312,
lightskyblue,248,313,
lightskyblue,248,314,
lightskyblue,248,319,
lightskyblue,248,320,
lightskyblue,248,321,
lightskyblue,248,322,
lightskyblue,248,308,
lightskyblue,248,309,
lightskyblue,248,310,
lightskyblue,248,311,
lightskyblue,248,317,
lightskyblue,248,318,
lightskyblue,248,312,
lightskyblue,248,313,
lightskyblue,248,314,
lightskyblue,248,319,
lightskyblue,248,320,
lightskyblue,248,321,
lightskyblue,248,322,
lightskyblue,248,308,
lightskyblue,248,309,
lightskyblue,248,310,
lightskyblue,248,311,
lightskyblue,188,286,
lightskyblue,188,287,
lightskyblue,188,288,
lightskyblue,188,289,
lightskyblue,186,273,
lightskyblue,186,274,
lightskyblue,186,275,
lightskyblue,186,276,
lightskyblue,246,318,
lightskyblue,246,319,
lightskyblue,246,313,
lightskyblue,246,314,
lightskyblue,246,320,
lightskyblue,246,321,
lightskyblue,246,322,
lightskyblue,246,308,
lightskyblue,246,309,
lightskyblue,246,310,
lightskyblue,246,311,
lightskyblue,246,312,
lightskyblue,246,318,
lightskyblue,246,319,
lightskyblue,246,313,
lightskyblue,246,314,
lightskyblue,246,320,
lightskyblue,246,321,
lightskyblue,246,322,
lightskyblue,246,308,
lightskyblue,246,309,
lightskyblue,246,310,
lightskyblue,246,311,
lightskyblue,246,312,
lightskyblue,224,282,
lightskyblue,224,283,
lightskyblue,224,284,
lightskyblue,224,285,
lightskyblue,224,286,
lightskyblue,224,287,
lightskyblue,224,288,
lightskyblue,224,289,
lightskyblue,220,269,
lightskyblue,220,270,
lightskyblue,220,271,
lightskyblue,220,272,
lightskyblue,220,273,
lightskyblue,220,274,
lightskyblue,220,275,
lightskyblue,220,276,
lightskyblue,258,307,
lightskyblue,258,315,
lightskyblue,258,309,
lightskyblue,258,310,
lightskyblue,258,311,
lightskyblue,258,312,
lightskyblue,258,313,
lightskyblue,258,314,
lightskyblue,258,316,
lightskyblue,258,317,
lightskyblue,258,318,
lightskyblue,258,319,
lightskyblue,258,320,
lightskyblue,258,321,
lightskyblue,258,322,
lightskyblue,258,308,
lightskyblue,258,307,
lightskyblue,258,315,
lightskyblue,258,309,
lightskyblue,258,310,
lightskyblue,258,311,
lightskyblue,258,312,
lightskyblue,258,313,
lightskyblue,258,314,
lightskyblue,258,316,
lightskyblue,258,317,
lightskyblue,258,318,
lightskyblue,258,319,
lightskyblue,258,320,
lightskyblue,258,321,
lightskyblue,258,322,
lightskyblue,258,308,
lightskyblue,230,283,
lightskyblue,230,284,
lightskyblue,230,285,
lightskyblue,230,286,
lightskyblue,230,287,
lightskyblue,230,288,
lightskyblue,230,289,
lightskyblue,244,270,
lightskyblue,244,271,
lightskyblue,244,272,
lightskyblue,244,273,
lightskyblue,244,274,
lightskyblue,244,275,
lightskyblue,244,276,
lightskyblue,290,315,
lightskyblue,290,316,
lightskyblue,290,310,
lightskyblue,290,311,
lightskyblue,290,312,
lightskyblue,290,313,
lightskyblue,290,314,
lightskyblue,290,317,
lightskyblue,290,318,
lightskyblue,290,319,
lightskyblue,290,320,
lightskyblue,290,321,
lightskyblue,290,322,
lightskyblue,290,308,
lightskyblue,290,309,
lightskyblue,290,315,
lightskyblue,290,316,
lightskyblue,290,310,
lightskyblue,290,311,
lightskyblue,290,312,
lightskyblue,290,313,
lightskyblue,290,314,
lightskyblue,290,317,
lightskyblue,290,318,
lightskyblue,290,319,
lightskyblue,290,320,
lightskyblue,290,321,
lightskyblue,290,322,
lightskyblue,290,308,
lightskyblue,290,309,
lightskyblue,226,284,
lightskyblue,226,285,
lightskyblue,226,286,
lightskyblue,226,287,
lightskyblue,226,288,
lightskyblue,226,289,
lightskyblue,222,271,
lightskyblue,222,272,
lightskyblue,222,273,
lightskyblue,222,274,
lightskyblue,222,275,
lightskyblue,222,276,
lightskyblue,277,316,
lightskyblue,277,317,
lightskyblue,277,311,
lightskyblue,277,312,
lightskyblue,277,313,
lightskyblue,277,314,
lightskyblue,277,318,
lightskyblue,277,319,
lightskyblue,277,320,
lightskyblue,277,321,
lightskyblue,277,322,
lightskyblue,277,308,
lightskyblue,277,309,
lightskyblue,277,310,
lightskyblue,277,316,
lightskyblue,277,317,
lightskyblue,277,311,
lightskyblue,277,312,
lightskyblue,277,313,
lightskyblue,277,314,
lightskyblue,277,318,
lightskyblue,277,319,
lightskyblue,277,320,
lightskyblue,277,321,
lightskyblue,277,322,
lightskyblue,277,308,
lightskyblue,277,309,
lightskyblue,277,310,
lightskyblue,214,284,
lightskyblue,214,285,
lightskyblue,214,286,
lightskyblue,214,287,
lightskyblue,214,288,
lightskyblue,214,289,
lightskyblue,210,271,
lightskyblue,210,272,
lightskyblue,210,273,
lightskyblue,210,274,
lightskyblue,210,275,
lightskyblue,210,276,
lightskyblue,266,316,
lightskyblue,266,317,
lightskyblue,266,311,
lightskyblue,266,312,
lightskyblue,266,313,
lightskyblue,266,314,
lightskyblue,266,318,
lightskyblue,266,319,
lightskyblue,266,320,
lightskyblue,266,321,
lightskyblue,266,322,
lightskyblue,266,308,
lightskyblue,266,309,
lightskyblue,266,310,
lightskyblue,266,316,
lightskyblue,266,317,
lightskyblue,266,311,
lightskyblue,266,312,
lightskyblue,266,313,
lightskyblue,266,314,
lightskyblue,266,318,
lightskyblue,266,319,
lightskyblue,266,320,
lightskyblue,266,321,
lightskyblue,266,322,
lightskyblue,266,308,
lightskyblue,266,309,
lightskyblue,266,310,
lightskyblue,196,286,
lightskyblue,196,287,
lightskyblue,196,288,
lightskyblue,196,289,
lightskyblue,194,273,
lightskyblue,194,274,
lightskyblue,194,275,
lightskyblue,194,276,
lightskyblue,260,318,
lightskyblue,260,319,
lightskyblue,260,313,
lightskyblue,260,314,
lightskyblue,260,320,
lightskyblue,260,321,
lightskyblue,260,322,
lightskyblue,260,308,
lightskyblue,260,309,
lightskyblue,260,310,
lightskyblue,260,311,
lightskyblue,260,312,
lightskyblue,260,318,
lightskyblue,260,319,
lightskyblue,260,313,
lightskyblue,260,314,
lightskyblue,260,320,
lightskyblue,260,321,
lightskyblue,260,322,
lightskyblue,260,308,
lightskyblue,260,309,
lightskyblue,260,310,
lightskyblue,260,311,
lightskyblue,260,312,
lightskyblue,216,285,
lightskyblue,216,286,
lightskyblue,216,287,
lightskyblue,216,288,
lightskyblue,216,289,
lightskyblue,212,272,
lightskyblue,212,273,
lightskyblue,212,274,
lightskyblue,212,275,
lightskyblue,212,276,
lightskyblue,292,317,
lightskyblue,292,318,
lightskyblue,292,312,
lightskyblue,292,313,
lightskyblue,292,314,
lightskyblue,292,319,
lightskyblue,292,320,
lightskyblue,292,321,
lightskyblue,292,322,
lightskyblue,292,308,
lightskyblue,292,309,
lightskyblue,292,310,
lightskyblue,292,311,
lightskyblue,292,317,
lightskyblue,292,318,
lightskyblue,292,312,
lightskyblue,292,313,
lightskyblue,292,314,
lightskyblue,292,319,
lightskyblue,292,320,
lightskyblue,292,321,
lightskyblue,292,322,
lightskyblue,292,308,
lightskyblue,292,309,
lightskyblue,292,310,
lightskyblue,292,311,
lightskyblue,208,286,
lightskyblue,208,287,
lightskyblue,208,288,
lightskyblue,208,289,
lightskyblue,198,273,
lightskyblue,198,274,
lightskyblue,198,275,
lightskyblue,198,276,
lightskyblue,262,318,
lightskyblue,262,319,
lightskyblue,262,313,
lightskyblue,262,314,
lightskyblue,262,320,
lightskyblue,262,321,
lightskyblue,262,322,
lightskyblue,262,308,
lightskyblue,262,309,
lightskyblue,262,310,
lightskyblue,262,311,
lightskyblue,262,312,
lightskyblue,262,318,
lightskyblue,262,319,
lightskyblue,262,313,
lightskyblue,262,314,
lightskyblue,262,320,
lightskyblue,262,321,
lightskyblue,262,322,
lightskyblue,262,308,
lightskyblue,262,309,
lightskyblue,262,310,
lightskyblue,262,311,
lightskyblue,262,312,
lightskyblue,202,286,
lightskyblue,202,287,
lightskyblue,202,288,
lightskyblue,202,289,
lightskyblue,200,273,
lightskyblue,200,274,
lightskyblue,200,275,
lightskyblue,200,276,
lightskyblue,264,318,
lightskyblue,264,319,
lightskyblue,264,313,
lightskyblue,264,314,
lightskyblue,264,320,
lightskyblue,264,321,
lightskyblue,264,322,
lightskyblue,264,308,
lightskyblue,264,309,
lightskyblue,264,310,
lightskyblue,264,311,
lightskyblue,264,312,
lightskyblue,264,318,
lightskyblue,264,319,
lightskyblue,264,313,
lightskyblue,264,314,
lightskyblue,264,320,
lightskyblue,264,321,
lightskyblue,264,322,
lightskyblue,264,308,
lightskyblue,264,309,
lightskyblue,264,310,
lightskyblue,264,311,
lightskyblue,264,312,
lightskyblue,238,282,
lightskyblue,238,283,
lightskyblue,238,284,
lightskyblue,238,285,
lightskyblue,238,286,
lightskyblue,238,287,
lightskyblue,238,288,
lightskyblue,238,289,
lightskyblue,236,269,
lightskyblue,236,270,
lightskyblue,236,271,
lightskyblue,236,272,
lightskyblue,236,273,
lightskyblue,236,274,
lightskyblue,236,275,
lightskyblue,236,276,
lightskyblue,298,307,
lightskyblue,298,315,
lightskyblue,298,309,
lightskyblue,298,310,
lightskyblue,298,311,
lightskyblue,298,312,
lightskyblue,298,313,
lightskyblue,298,314,
lightskyblue,298,316,
lightskyblue,298,317,
lightskyblue,298,318,
lightskyblue,298,319,
lightskyblue,298,320,
lightskyblue,298,321,
lightskyblue,298,322,
lightskyblue,298,308,
lightskyblue,298,307,
lightskyblue,298,315,
lightskyblue,298,309,
lightskyblue,298,310,
lightskyblue,298,311,
lightskyblue,298,312,
lightskyblue,298,313,
lightskyblue,298,314,
lightskyblue,298,316,
lightskyblue,298,317,
lightskyblue,298,318,
lightskyblue,298,319,
lightskyblue,298,320,
lightskyblue,298,321,
lightskyblue,298,322,
lightskyblue,298,308,
lightskyblue,242,282,
lightskyblue,242,283,
lightskyblue,242,284,
lightskyblue,242,285,
lightskyblue,242,286,
lightskyblue,242,287,
lightskyblue,242,288,
lightskyblue,242,289,
lightskyblue,240,269,
lightskyblue,240,270,
lightskyblue,240,271,
lightskyblue,240,272,
lightskyblue,240,273,
lightskyblue,240,274,
lightskyblue,240,275,
lightskyblue,240,276,
lightskyblue,296,307,
lightskyblue,296,315,
lightskyblue,296,309,
lightskyblue,296,310,
lightskyblue,296,311,
lightskyblue,296,312,
lightskyblue,296,313,
lightskyblue,296,314,
lightskyblue,296,316,
lightskyblue,296,317,
lightskyblue,296,318,
lightskyblue,296,319,
lightskyblue,296,320,
lightskyblue,296,321,
lightskyblue,296,322,
lightskyblue,296,308,
lightskyblue,296,307,
lightskyblue,296,315,
lightskyblue,296,309,
lightskyblue,296,310,
lightskyblue,296,311,
lightskyblue,296,312,
lightskyblue,296,313,
lightskyblue,296,314,
lightskyblue,296,316,
lightskyblue,296,317,
lightskyblue,296,318,
lightskyblue,296,319,
lightskyblue,296,320,
lightskyblue,296,321,
lightskyblue,296,322,
lightskyblue,296,308,
lightskyblue,204,286,
lightskyblue,204,287,
lightskyblue,204,288,
lightskyblue,204,289,
lightskyblue,206,273,
lightskyblue,206,274,
lightskyblue,206,275,
lightskyblue,206,276,
lightskyblue,279,318,
lightskyblue,279,319,
lightskyblue,279,313,
lightskyblue,279,314,
lightskyblue,279,320,
lightskyblue,279,321,
lightskyblue,279,322,
lightskyblue,279,308,
lightskyblue,279,309,
lightskyblue,279,310,
lightskyblue,279,311,
lightskyblue,279,312,
lightskyblue,279,318,
lightskyblue,279,319,
lightskyblue,279,313,
lightskyblue,279,314,
lightskyblue,279,320,
lightskyblue,279,321,
lightskyblue,279,322,
lightskyblue,279,308,
lightskyblue,279,309,
lightskyblue,279,310,
lightskyblue,279,311,
lightskyblue,279,312,
lightskyblue,254,283,
lightskyblue,254,284,
lightskyblue,254,285,
lightskyblue,254,286,
lightskyblue,254,287,
lightskyblue,254,288,
lightskyblue,254,289,
lightskyblue,252,270,
lightskyblue,252,271,
lightskyblue,252,272,
lightskyblue,252,273,
lightskyblue,252,274,
lightskyblue,252,275,
lightskyblue,252,276,
lightskyblue,304,315,
lightskyblue,304,316,
lightskyblue,304,310,
lightskyblue,304,311,
lightskyblue,304,312,
lightskyblue,304,313,
lightskyblue,304,314,
lightskyblue,304,317,
lightskyblue,304,318,
lightskyblue,304,319,
lightskyblue,304,320,
lightskyblue,304,321,
lightskyblue,304,322,
lightskyblue,304,308,
lightskyblue,304,309,
lightskyblue,304,315,
lightskyblue,304,316,
lightskyblue,304,310,
lightskyblue,304,311,
lightskyblue,304,312,
lightskyblue,304,313,
lightskyblue,304,314,
lightskyblue,304,317,
lightskyblue,304,318,
lightskyblue,304,319,
lightskyblue,304,320,
lightskyblue,304,321,
lightskyblue,304,322,
lightskyblue,304,308,
lightskyblue,304,309,
lightskyblue,234,286,
lightskyblue,234,287,
lightskyblue,234,288,
lightskyblue,234,289,
lightskyblue,232,273,
lightskyblue,232,274,
lightskyblue,232,275,
lightskyblue,232,276,
lightskyblue,300,318,
lightskyblue,300,319,
lightskyblue,300,313,
lightskyblue,300,314,
lightskyblue,300,320,
lightskyblue,300,321,
lightskyblue,300,322,
lightskyblue,300,308,
lightskyblue,300,309,
lightskyblue,300,310,
lightskyblue,300,311,
lightskyblue,300,312,
lightskyblue,300,318,
lightskyblue,300,319,
lightskyblue,300,313,
lightskyblue,300,314,
lightskyblue,300,320,
lightskyblue,300,321,
lightskyblue,300,322,
lightskyblue,300,308,
lightskyblue,300,309,
lightskyblue,300,310,
lightskyblue,300,311,
lightskyblue,300,312,
lightskyblue,228,285,
lightskyblue,228,286,
lightskyblue,228,287,
lightskyblue,228,288,
lightskyblue,228,289,
lightskyblue,218,272,
lightskyblue,218,273,
lightskyblue,218,274,
lightskyblue,218,275,
lightskyblue,218,276,
lightskyblue,294,317,
lightskyblue,294,318,
lightskyblue,294,312,
lightskyblue,294,313,
lightskyblue,294,314,
lightskyblue,294,319,
lightskyblue,294,320,
lightskyblue,294,321,
lightskyblue,294,322,
lightskyblue,294,308,
lightskyblue,294,309,
lightskyblue,294,310,
lightskyblue,294,311,
lightskyblue,294,317,
lightskyblue,294,318,
lightskyblue,294,312,
lightskyblue,294,313,
lightskyblue,294,314,
lightskyblue,294,319,
lightskyblue,294,320,
lightskyblue,294,321,
lightskyblue,294,322,
lightskyblue,294,308,
lightskyblue,294,309,
lightskyblue,294,310,
lightskyblue,294,311,
lightskyblue,256,283,
lightskyblue,256,284,
lightskyblue,256,285,
lightskyblue,256,286,
lightskyblue,256,287,
lightskyblue,256,288,
lightskyblue,256,289,
lightskyblue,250,270,
lightskyblue,250,271,
lightskyblue,250,272,
lightskyblue,250,273,
lightskyblue,250,274,
lightskyblue,250,275,
lightskyblue,250,276,
lightskyblue,302,315,
lightskyblue,302,316,
lightskyblue,302,310,
lightskyblue,302,311,
lightskyblue,302,312,
lightskyblue,302,313,
lightskyblue,302,314,
lightskyblue,302,317,
lightskyblue,302,318,
lightskyblue,302,319,
lightskyblue,302,320,
lightskyblue,302,321,
lightskyblue,302,322,
lightskyblue,302,308,
lightskyblue,302,309,
lightskyblue,302,315,
lightskyblue,302,316,
lightskyblue,302,310,
lightskyblue,302,311,
lightskyblue,302,312,
lightskyblue,302,313,
lightskyblue,302,314,
lightskyblue,302,317,
lightskyblue,302,318,
lightskyblue,302,319,
lightskyblue,302,320,
lightskyblue,302,321,
lightskyblue,302,322,
lightskyblue,302,308,
lightskyblue,302,309,
