green,
green,
green,
green,
green,
green,
green,
green,
green,
green,
green,
green,
green,
green,
green,
green,
green,
green,
green,
green,
green,
green,
green,
green,
green,
green,
green,
green,
green,
green,
green,
green,
green,
green,
green,
green,
green,
green,
green,
green,
green,
green,
green,
green,
green,
green,
green,
green,
green,
green,
green,
green,
green,
green,
green,
green,
green,
green,
green,
green,
green,
green,
green,
green,
green,
green,
green,
green,
green,
green,
green,
green,
green,
green,
green,
green,
green,
green,
green,
green,
green,
green,
green,
green,
green,
green,
green,
gold,0,574,575,576,577,
gold,0,
gold,1,605,606,607,608,609,
gold,1,
gold,2,615,616,617,618,619,
gold,2,
gold,3,475,476,477,478,479,480,481,
gold,3,
gold,4,417,418,419,420,421,422,423,424,
gold,4,
gold,5,468,469,470,471,472,473,474,
gold,5,
gold,6,461,462,463,464,465,466,467,
gold,6,
gold,7,620,621,622,623,624,
gold,7,
gold,8,538,539,540,541,542,543,544,545,
gold,8,
gold,9,522,523,524,525,526,527,528,529,
gold,9,
gold,10,514,515,516,517,518,519,520,521,
gold,10,
gold,11,506,507,508,509,510,511,512,513,
gold,11,
gold,12,498,499,500,501,502,503,504,505,
gold,12,
gold,13,482,483,484,485,486,487,488,489,490,491,492,493,494,495,496,497,
gold,13,
gold,14,440,441,442,443,444,445,446,
gold,14,
gold,15,425,426,427,428,429,430,431,432,433,434,435,436,437,438,439,
gold,15,
gold,16,454,455,456,457,458,459,460,
gold,16,
gold,17,600,601,602,603,604,
gold,17,
gold,18,595,596,597,598,599,
gold,18,
gold,19,582,583,584,585,586,587,588,589,590,591,592,593,594,
gold,19,
gold,20,393,394,395,396,397,398,399,400,
gold,20,
gold,21,385,386,387,388,389,390,391,392,
gold,21,
gold,22,377,378,379,380,381,382,383,384,
gold,22,
gold,23,361,362,363,364,365,366,367,368,369,370,371,372,373,374,375,376,
gold,23,
gold,24,409,410,411,412,413,414,415,416,
gold,24,
gold,25,570,571,572,573,
gold,25,
gold,26,562,563,564,565,
gold,26,
gold,27,558,559,560,561,
gold,27,
gold,28,546,547,548,549,550,551,552,553,554,555,556,557,
gold,28,
gold,29,578,579,580,581,
gold,29,
gold,30,356,357,358,359,360,
gold,30,
gold,31,351,352,353,354,355,
gold,31,
gold,32,346,347,348,349,350,
gold,32,
gold,33,341,342,343,344,345,
gold,33,
gold,34,336,337,338,339,340,
gold,34,
gold,35,331,332,333,334,335,
gold,35,
gold,36,657,658,659,660,699,700,701,702,703,815,816,817,818,857,858,859,860,861,930,931,932,933,1094,1095,1096,1097,1098,1368,1546,1547,1548,1549,1550,1551,1552,1553,1554,1555,1556,1557,1558,1559,1560,1561,1562,1563,1564,1565,1566,1567,1568,
gold,36,356,357,358,359,360,1426,1427,1428,1429,1430,1449,1450,1451,1452,1453,1541,1542,1543,1544,1545,
gold,37,637,638,639,640,674,675,676,677,678,795,796,797,798,832,833,834,835,836,910,911,912,913,1069,1070,1071,1072,1073,1363,1431,1432,1433,1434,1435,1436,1437,1438,1439,1440,1441,1442,1443,1444,1445,1446,1447,1448,1449,1450,1451,1452,1453,
gold,37,331,332,333,334,335,1401,1402,1403,1404,1405,1467,1468,1469,1470,1471,1559,1560,1561,1562,1563,
gold,38,653,654,655,656,694,695,696,697,698,811,812,813,814,852,853,854,855,856,926,927,928,929,1089,1090,1091,1092,1093,1367,1523,1524,1525,1526,1527,1528,1529,1530,1531,1532,1533,1534,1535,1536,1537,1538,1539,1540,1541,1542,1543,1544,1545,
gold,38,351,352,353,354,355,1421,1422,1423,1424,1425,1518,1519,1520,1521,1522,1564,1565,1566,1567,1568,
gold,39,641,642,643,644,679,680,681,682,683,799,800,801,802,837,838,839,840,841,914,915,916,917,1074,1075,1076,1077,1078,1364,1454,1455,1456,1457,1458,1459,1460,1461,1462,1463,1464,1465,1466,1467,1468,1469,1470,1471,1472,1473,1474,1475,1476,
gold,39,336,337,338,339,340,1406,1407,1408,1409,1410,1444,1445,1446,1447,1448,1490,1491,1492,1493,1494,
gold,40,649,650,651,652,689,690,691,692,693,807,808,809,810,847,848,849,850,851,922,923,924,925,1084,1085,1086,1087,1088,1366,1500,1501,1502,1503,1504,1505,1506,1507,1508,1509,1510,1511,1512,1513,1514,1515,1516,1517,1518,1519,1520,1521,1522,
gold,40,346,347,348,349,350,1416,1417,1418,1419,1420,1495,1496,1497,1498,1499,1536,1537,1538,1539,1540,
gold,41,645,646,647,648,684,685,686,687,688,803,804,805,806,842,843,844,845,846,918,919,920,921,1079,1080,1081,1082,1083,1365,1477,1478,1479,1480,1481,1482,1483,1484,1485,1486,1487,1488,1489,1490,1491,1492,1493,1494,1495,1496,1497,1498,1499,
gold,41,341,342,343,344,345,1411,1412,1413,1414,1415,1472,1473,1474,1475,1476,1513,1514,1515,1516,1517,
gold,42,679,680,681,682,683,720,721,722,723,799,800,801,802,837,838,839,840,841,878,879,880,881,1031,1032,1033,1034,1035,1185,1186,1187,1188,1189,1190,1191,1880,1881,1882,1883,1884,1885,1886,1887,1888,1889,1890,1891,1892,1893,1894,1895,1896,1897,1898,1899,1900,1901,1902,1903,1904,1905,1906,1907,1908,
gold,42,447,448,449,450,451,452,453,1816,1817,1818,1819,1820,1821,1822,1866,1867,1868,1869,1870,1871,1872,1924,1925,1926,1927,1928,1929,1930,
gold,43,674,675,676,677,678,716,717,718,719,795,796,797,798,832,833,834,835,836,874,875,876,877,1026,1027,1028,1029,1030,1178,1179,1180,1181,1182,1183,1184,1376,1851,1852,1853,1854,1855,1856,1857,1858,1859,1860,1861,1862,1863,1864,1865,1866,1867,1868,1869,1870,1871,1872,1873,1874,1875,1876,1877,1878,1879,
gold,43,440,441,442,443,444,445,446,1809,1810,1811,1812,1813,1814,1815,1895,1896,1897,1898,1899,1900,1901,2011,2012,2013,2014,2015,2016,2017,
gold,44,684,685,686,687,688,724,725,726,727,803,804,805,806,842,843,844,845,846,882,883,884,885,1036,1037,1038,1039,1040,1192,1193,1194,1195,1196,1197,1198,1377,1909,1910,1911,1912,1913,1914,1915,1916,1917,1918,1919,1920,1921,1922,1923,1924,1925,1926,1927,1928,1929,1930,1931,1932,1933,1934,1935,1936,1937,
gold,44,454,455,456,457,458,459,460,1823,1824,1825,1826,1827,1828,1829,1902,1903,1904,1905,1906,1907,1908,1953,1954,1955,1956,1957,1958,1959,
gold,45,699,700,701,702,703,736,737,738,739,815,816,817,818,857,858,859,860,861,894,895,896,897,1051,1052,1053,1054,1055,1213,1214,1215,1216,1217,1218,1219,1380,1996,1997,1998,1999,2000,2001,2002,2003,2004,2005,2006,2007,2008,2009,2010,2011,2012,2013,2014,2015,2016,2017,2018,2019,2020,2021,2022,2023,2024,
gold,45,475,476,477,478,479,480,481,1844,1845,1846,1847,1848,1849,1850,1873,1874,1875,1876,1877,1878,1879,1989,1990,1991,1992,1993,1994,1995,
gold,46,689,690,691,692,693,728,729,730,731,807,808,809,810,847,848,849,850,851,886,887,888,889,1041,1042,1043,1044,1045,1199,1200,1201,1202,1203,1204,1205,1378,1938,1939,1940,1941,1942,1943,1944,1945,1946,1947,1948,1949,1950,1951,1952,1953,1954,1955,1956,1957,1958,1959,1960,1961,1962,1963,1964,1965,1966,
gold,46,461,462,463,464,465,466,467,1830,1831,1832,1833,1834,1835,1836,1931,1932,1933,1934,1935,1936,1937,1982,1983,1984,1985,1986,1987,1988,
gold,47,694,695,696,697,698,732,733,734,735,811,812,813,814,852,853,854,855,856,890,891,892,893,1046,1047,1048,1049,1050,1206,1207,1208,1209,1210,1211,1212,1379,1967,1968,1969,1970,1971,1972,1973,1974,1975,1976,1977,1978,1979,1980,1981,1982,1983,1984,1985,1986,1987,1988,1989,1990,1991,1992,1993,1994,1995,
gold,47,468,469,470,471,472,473,474,1837,1838,1839,1840,1841,1842,1843,1960,1961,1962,1963,1964,1965,1966,2018,2019,2020,2021,2022,2023,2024,
gold,48,649,650,651,652,728,729,730,731,768,769,770,771,772,886,887,888,889,958,959,960,961,998,999,1000,1001,1002,1139,1140,1141,1142,1143,1144,1145,1146,1713,1714,1715,1716,1717,1718,1719,1720,1721,1722,1723,1724,1725,1726,1727,1728,1729,1730,1731,1732,1733,1734,1735,1736,1737,1738,1739,1740,1741,1742,1743,1744,
gold,48,401,402,403,404,405,406,407,408,1593,1594,1595,1596,1597,1598,1599,1600,1705,1706,1707,1708,1709,1710,1711,1712,1761,1762,1763,1764,1765,1766,1767,1768,
gold,49,645,646,647,648,724,725,726,727,763,764,765,766,767,882,883,884,885,954,955,956,957,993,994,995,996,997,1131,1132,1133,1134,1135,1136,1137,1138,1372,1681,1682,1683,1684,1685,1686,1687,1688,1689,1690,1691,1692,1693,1694,1695,1696,1697,1698,1699,1700,1701,1702,1703,1704,1705,1706,1707,1708,1709,1710,1711,1712,
gold,49,393,394,395,396,397,398,399,400,1585,1586,1587,1588,1589,1590,1591,1592,1673,1674,1675,1676,1677,1678,1679,1680,1729,1730,1731,1732,1733,1734,1735,1736,
gold,50,653,654,655,656,732,733,734,735,773,774,775,776,777,890,891,892,893,962,963,964,965,1003,1004,1005,1006,1007,1147,1148,1149,1150,1151,1152,1153,1154,1373,1745,1746,1747,1748,1749,1750,1751,1752,1753,1754,1755,1756,1757,1758,1759,1760,1761,1762,1763,1764,1765,1766,1767,1768,1769,1770,1771,1772,1773,1774,1775,1776,
gold,50,409,410,411,412,413,414,415,416,1601,1602,1603,1604,1605,1606,1607,1608,1737,1738,1739,1740,1741,1742,1743,1744,1801,1802,1803,1804,1805,1806,1807,1808,
gold,51,641,642,643,644,720,721,722,723,758,759,760,761,762,878,879,880,881,950,951,952,953,988,989,990,991,992,1123,1124,1125,1126,1127,1128,1129,1130,1371,1649,1650,1651,1652,1653,1654,1655,1656,1657,1658,1659,1660,1661,1662,1663,1664,1665,1666,1667,1668,1669,1670,1671,1672,1673,1674,1675,1676,1677,1678,1679,1680,
gold,51,385,386,387,388,389,390,391,392,1577,1578,1579,1580,1581,1582,1583,1584,1633,1634,1635,1636,1637,1638,1639,1640,1697,1698,1699,1700,1701,1702,1703,1704,
gold,52,657,658,659,660,736,737,738,739,778,779,780,781,782,894,895,896,897,966,967,968,969,1008,1009,1010,1011,1012,1155,1156,1157,1158,1159,1160,1161,1162,1374,1777,1778,1779,1780,1781,1782,1783,1784,1785,1786,1787,1788,1789,1790,1791,1792,1793,1794,1795,1796,1797,1798,1799,1800,1801,1802,1803,1804,1805,1806,1807,1808,
gold,52,417,418,419,420,421,422,423,424,1609,1610,1611,1612,1613,1614,1615,1616,1641,1642,1643,1644,1645,1646,1647,1648,1769,1770,1771,1772,1773,1774,1775,1776,
gold,53,637,638,639,640,716,717,718,719,753,754,755,756,757,874,875,876,877,946,947,948,949,983,984,985,986,987,1115,1116,1117,1118,1119,1120,1121,1122,1370,1617,1618,1619,1620,1621,1622,1623,1624,1625,1626,1627,1628,1629,1630,1631,1632,1633,1634,1635,1636,1637,1638,1639,1640,1641,1642,1643,1644,1645,1646,1647,1648,
gold,53,377,378,379,380,381,382,383,384,1569,1570,1571,1572,1573,1574,1575,1576,1665,1666,1667,1668,1669,1670,1671,1672,1793,1794,1795,1796,1797,1798,1799,1800,
gold,54,773,774,775,776,777,926,927,928,929,962,963,964,965,1003,1004,1005,1006,1007,1046,1047,1048,1049,1050,1268,1269,1270,1271,1272,1273,1274,1275,2201,2202,2203,2204,2205,2206,2207,2208,2209,2210,2211,2212,2213,2214,2215,2216,2217,2218,2219,2220,2221,2222,2223,2224,2225,2226,2227,2228,2229,2230,2231,2232,
gold,54,530,531,532,533,534,535,536,537,2057,2058,2059,2060,2061,2062,2063,2064,2193,2194,2195,2196,2197,2198,2199,2200,2257,2258,2259,2260,2261,2262,2263,2264,
gold,55,768,769,770,771,772,922,923,924,925,958,959,960,961,998,999,1000,1001,1002,1041,1042,1043,1044,1045,1260,1261,1262,1263,1264,1265,1266,1267,1385,2169,2170,2171,2172,2173,2174,2175,2176,2177,2178,2179,2180,2181,2182,2183,2184,2185,2186,2187,2188,2189,2190,2191,2192,2193,2194,2195,2196,2197,2198,2199,2200,
gold,55,522,523,524,525,526,527,528,529,2049,2050,2051,2052,2053,2054,2055,2056,2161,2162,2163,2164,2165,2166,2167,2168,2217,2218,2219,2220,2221,2222,2223,2224,
gold,56,778,779,780,781,782,930,931,932,933,966,967,968,969,1008,1009,1010,1011,1012,1051,1052,1053,1054,1055,1276,1277,1278,1279,1280,1281,1282,1283,1386,2233,2234,2235,2236,2237,2238,2239,2240,2241,2242,2243,2244,2245,2246,2247,2248,2249,2250,2251,2252,2253,2254,2255,2256,2257,2258,2259,2260,2261,2262,2263,2264,
gold,56,538,539,540,541,542,543,544,545,2065,2066,2067,2068,2069,2070,2071,2072,2097,2098,2099,2100,2101,2102,2103,2104,2225,2226,2227,2228,2229,2230,2231,2232,
gold,57,1312,1313,1314,1315,1392,2369,2370,2371,2372,2373,2374,2375,2376,2377,2378,2379,2380,2381,2382,2383,2384,2385,2386,2387,2388,
gold,57,574,575,576,577,653,654,655,656,732,733,734,735,811,812,813,814,890,891,892,893,926,927,928,929,962,963,964,965,2281,2282,2283,2284,2365,2366,2367,2368,2405,2406,2407,2408,
gold,58,1308,1309,1310,1311,1391,2349,2350,2351,2352,2353,2354,2355,2356,2357,2358,2359,2360,2361,2362,2363,2364,2365,2366,2367,2368,
gold,58,570,571,572,573,649,650,651,652,728,729,730,731,807,808,809,810,886,887,888,889,922,923,924,925,958,959,960,961,2277,2278,2279,2280,2345,2346,2347,2348,2381,2382,2383,2384,
gold,59,1316,1317,1318,1319,1393,2389,2390,2391,2392,2393,2394,2395,2396,2397,2398,2399,2400,2401,2402,2403,2404,2405,2406,2407,2408,
gold,59,578,579,580,581,657,658,659,660,736,737,738,739,815,816,817,818,894,895,896,897,930,931,932,933,966,967,968,969,2285,2286,2287,2288,2305,2306,2307,2308,2385,2386,2387,2388,
gold,60,763,764,765,766,767,918,919,920,921,954,955,956,957,993,994,995,996,997,1036,1037,1038,1039,1040,1252,1253,1254,1255,1256,1257,1258,1259,1384,2137,2138,2139,2140,2141,2142,2143,2144,2145,2146,2147,2148,2149,2150,2151,2152,2153,2154,2155,2156,2157,2158,2159,2160,2161,2162,2163,2164,2165,2166,2167,2168,
gold,60,514,515,516,517,518,519,520,521,2041,2042,2043,2044,2045,2046,2047,2048,2129,2130,2131,2132,2133,2134,2135,2136,2185,2186,2187,2188,2189,2190,2191,2192,
gold,61,753,754,755,756,757,910,911,912,913,946,947,948,949,983,984,985,986,987,1026,1027,1028,1029,1030,1236,1237,1238,1239,1240,1241,1242,1243,1382,2073,2074,2075,2076,2077,2078,2079,2080,2081,2082,2083,2084,2085,2086,2087,2088,2089,2090,2091,2092,2093,2094,2095,2096,2097,2098,2099,2100,2101,2102,2103,2104,
gold,61,498,499,500,501,502,503,504,505,2025,2026,2027,2028,2029,2030,2031,2032,2121,2122,2123,2124,2125,2126,2127,2128,2249,2250,2251,2252,2253,2254,2255,2256,
gold,62,758,759,760,761,762,914,915,916,917,950,951,952,953,988,989,990,991,992,1031,1032,1033,1034,1035,1244,1245,1246,1247,1248,1249,1250,1251,1383,2105,2106,2107,2108,2109,2110,2111,2112,2113,2114,2115,2116,2117,2118,2119,2120,2121,2122,2123,2124,2125,2126,2127,2128,2129,2130,2131,2132,2133,2134,2135,2136,
gold,62,506,507,508,509,510,511,512,513,2033,2034,2035,2036,2037,2038,2039,2040,2089,2090,2091,2092,2093,2094,2095,2096,2153,2154,2155,2156,2157,2158,2159,2160,
gold,63,1296,1297,1298,1299,1388,2289,2290,2291,2292,2293,2294,2295,2296,2297,2298,2299,2300,2301,2302,2303,2304,2305,2306,2307,2308,
gold,63,558,559,560,561,637,638,639,640,716,717,718,719,795,796,797,798,874,875,876,877,910,911,912,913,946,947,948,949,2265,2266,2267,2268,2321,2322,2323,2324,2401,2402,2403,2404,
gold,64,1300,1301,1302,1303,1389,2309,2310,2311,2312,2313,2314,2315,2316,2317,2318,2319,2320,2321,2322,2323,2324,2325,2326,2327,2328,
gold,64,562,563,564,565,641,642,643,644,720,721,722,723,799,800,801,802,878,879,880,881,914,915,916,917,950,951,952,953,2269,2270,2271,2272,2301,2302,2303,2304,2341,2342,2343,2344,
gold,65,1304,1305,1306,1307,1390,2329,2330,2331,2332,2333,2334,2335,2336,2337,2338,2339,2340,2341,2342,2343,2344,2345,2346,2347,2348,
gold,65,566,567,568,569,645,646,647,648,724,725,726,727,803,804,805,806,882,883,884,885,918,919,920,921,954,955,956,957,2273,2274,2275,2276,2325,2326,2327,2328,2361,2362,2363,2364,
gold,66,1353,1354,1355,1356,1357,1399,2531,2532,2533,2534,2535,2536,2537,2538,2539,2540,2541,2542,2543,2544,2545,2546,2547,2548,2549,2550,2551,2552,2553,
gold,66,615,616,617,618,619,694,695,696,697,698,773,774,775,776,777,852,853,854,855,856,1003,1004,1005,1006,1007,1046,1047,1048,1049,1050,2429,2430,2431,2432,2433,2526,2527,2528,2529,2530,2572,2573,2574,2575,2576,
gold,67,351,409,468,530,574,615,653,694,732,773,811,852,890,926,962,1003,1046,1421,1518,1564,1601,1737,1801,1837,1960,2018,2057,2193,2257,2281,2365,2405,2429,2526,2572,
gold,67,352,410,469,531,575,616,654,695,733,774,812,853,891,927,963,1004,1047,1147,1268,1422,1519,1565,1602,1738,1802,1838,1961,2019,2058,2194,2258,2282,2366,2406,2430,2527,2573,
gold,67,353,411,470,532,576,617,655,696,734,775,813,854,892,928,964,1005,1048,1148,1206,1269,1423,1520,1566,1603,1739,1803,1839,1962,2020,2059,2195,2259,2283,2367,2407,2431,2528,2574,
gold,67,354,412,471,533,577,618,656,697,735,776,814,855,893,929,965,1006,1049,1149,1207,1270,1424,1521,1567,1604,1740,1804,1840,1963,2021,2060,2196,2260,2284,2368,2408,2432,2529,2575,
gold,67,355,413,472,534,619,698,777,856,1007,1050,1089,1150,1208,1271,1353,1425,1522,1568,1605,1741,1805,1841,1964,2022,2061,2197,2261,2433,2530,2576,
gold,67,414,473,535,1090,1151,1209,1272,1312,1354,1606,1742,1806,1842,1965,2023,2062,2198,2262,
gold,67,415,474,536,1091,1152,1210,1273,1313,1355,1607,1743,1807,1843,1966,2024,2063,2199,2263,
gold,67,416,537,1092,1153,1211,1274,1314,1356,1608,1744,1808,2064,2200,2264,
gold,67,1093,1154,1212,1275,1315,1357,
gold,68,1358,1359,1360,1361,1362,1400,2554,2555,2556,2557,2558,2559,2560,2561,2562,2563,2564,2565,2566,2567,2568,2569,2570,2571,2572,2573,2574,2575,2576,
gold,68,620,621,622,623,624,699,700,701,702,703,778,779,780,781,782,857,858,859,860,861,1008,1009,1010,1011,1012,1051,1052,1053,1054,1055,2434,2435,2436,2437,2438,2457,2458,2459,2460,2461,2549,2550,2551,2552,2553,
gold,69,356,417,475,538,578,620,657,699,736,778,815,857,894,930,966,1008,1051,1426,1449,1541,1609,1641,1769,1844,1873,1989,2065,2097,2225,2285,2305,2385,2434,2457,2549,
gold,69,357,418,476,539,579,621,658,700,737,779,816,858,895,931,967,1009,1052,1155,1276,1427,1450,1542,1610,1642,1770,1845,1874,1990,2066,2098,2226,2286,2306,2386,2435,2458,2550,
gold,69,358,419,477,540,580,622,659,701,738,780,817,859,896,932,968,1010,1053,1156,1213,1277,1428,1451,1543,1611,1643,1771,1846,1875,1991,2067,2099,2227,2287,2307,2387,2436,2459,2551,
gold,69,359,420,478,541,581,623,660,702,739,781,818,860,897,933,969,1011,1054,1157,1214,1278,1429,1452,1544,1612,1644,1772,1847,1876,1992,2068,2100,2228,2288,2308,2388,2437,2460,2552,
gold,69,360,421,479,542,624,703,782,861,1012,1055,1094,1158,1215,1279,1358,1430,1453,1545,1613,1645,1773,1848,1877,1993,2069,2101,2229,2438,2461,2553,
gold,69,422,480,543,1095,1159,1216,1280,1316,1359,1614,1646,1774,1849,1878,1994,2070,2102,2230,
gold,69,423,481,544,1096,1160,1217,1281,1317,1360,1615,1647,1775,1850,1879,1995,2071,2103,2231,
gold,69,424,545,1097,1161,1218,1282,1318,1361,1616,1648,1776,2072,2104,2232,
gold,69,1098,1162,1219,1283,1319,1362,
gold,70,1333,1334,1335,1336,1337,1395,2439,2440,2441,2442,2443,2444,2445,2446,2447,2448,2449,2450,2451,2452,2453,2454,2455,2456,2457,2458,2459,2460,2461,
gold,70,595,596,597,598,599,674,675,676,677,678,753,754,755,756,757,832,833,834,835,836,983,984,985,986,987,1026,1027,1028,1029,1030,2409,2410,2411,2412,2413,2475,2476,2477,2478,2479,2567,2568,2569,2570,2571,
gold,71,331,377,440,498,558,595,637,674,716,753,795,832,874,910,946,983,1026,1401,1467,1559,1569,1665,1793,1809,1895,2011,2025,2121,2249,2265,2321,2401,2409,2475,2567,
gold,71,332,378,441,499,559,596,638,675,717,754,796,833,875,911,947,984,1027,1115,1236,1402,1468,1560,1570,1666,1794,1810,1896,2012,2026,2122,2250,2266,2322,2402,2410,2476,2568,
gold,71,333,379,442,500,560,597,639,676,718,755,797,834,876,912,948,985,1028,1116,1178,1237,1403,1469,1561,1571,1667,1795,1811,1897,2013,2027,2123,2251,2267,2323,2403,2411,2477,2569,
gold,71,334,380,443,501,561,598,640,677,719,756,798,835,877,913,949,986,1029,1117,1179,1238,1404,1470,1562,1572,1668,1796,1812,1898,2014,2028,2124,2252,2268,2324,2404,2412,2478,2570,
gold,71,335,381,444,502,599,678,757,836,987,1030,1069,1118,1180,1239,1333,1405,1471,1563,1573,1669,1797,1813,1899,2015,2029,2125,2253,2413,2479,2571,
gold,71,382,445,503,1070,1119,1181,1240,1296,1334,1574,1670,1798,1814,1900,2016,2030,2126,2254,
gold,71,383,446,504,1071,1120,1182,1241,1297,1335,1575,1671,1799,1815,1901,2017,2031,2127,2255,
gold,71,384,505,1072,1121,1183,1242,1298,1336,1576,1672,1800,2032,2128,2256,
gold,71,1073,1122,1184,1243,1299,1337,
gold,72,1338,1339,1340,1341,1342,1396,2462,2463,2464,2465,2466,2467,2468,2469,2470,2471,2472,2473,2474,2475,2476,2477,2478,2479,2480,2481,2482,2483,2484,
gold,72,600,601,602,603,604,679,680,681,682,683,758,759,760,761,762,837,838,839,840,841,988,989,990,991,992,1031,1032,1033,1034,1035,2414,2415,2416,2417,2418,2452,2453,2454,2455,2456,2498,2499,2500,2501,2502,
gold,73,336,385,447,506,562,600,641,679,720,758,799,837,878,914,950,988,1031,1406,1444,1490,1577,1633,1697,1816,1866,1924,2033,2089,2153,2269,2301,2341,2414,2452,2498,
gold,73,337,386,448,507,563,601,642,680,721,759,800,838,879,915,951,989,1032,1123,1244,1407,1445,1491,1578,1634,1698,1817,1867,1925,2034,2090,2154,2270,2302,2342,2415,2453,2499,
gold,73,338,387,449,508,564,602,643,681,722,760,801,839,880,916,952,990,1033,1124,1185,1245,1408,1446,1492,1579,1635,1699,1818,1868,1926,2035,2091,2155,2271,2303,2343,2416,2454,2500,
gold,73,339,388,450,509,565,603,644,682,723,761,802,840,881,917,953,991,1034,1125,1186,1246,1409,1447,1493,1580,1636,1700,1819,1869,1927,2036,2092,2156,2272,2304,2344,2417,2455,2501,
gold,73,340,389,451,510,604,683,762,841,992,1035,1074,1126,1187,1247,1338,1410,1448,1494,1581,1637,1701,1820,1870,1928,2037,2093,2157,2418,2456,2502,
gold,73,390,452,511,1075,1127,1188,1248,1300,1339,1582,1638,1702,1821,1871,1929,2038,2094,2158,
gold,73,391,453,512,1076,1128,1189,1249,1301,1340,1583,1639,1703,1822,1872,1930,2039,2095,2159,
gold,73,392,513,1077,1129,1190,1250,1302,1341,1584,1640,1704,2040,2096,2160,
gold,73,1078,1130,1191,1251,1303,1342,
gold,74,1343,1344,1345,1346,1347,1397,2485,2486,2487,2488,2489,2490,2491,2492,2493,2494,2495,2496,2497,2498,2499,2500,2501,2502,2503,2504,2505,2506,2507,
gold,74,605,606,607,608,609,684,685,686,687,688,763,764,765,766,767,842,843,844,845,846,993,994,995,996,997,1036,1037,1038,1039,1040,2419,2420,2421,2422,2423,2480,2481,2482,2483,2484,2521,2522,2523,2524,2525,
gold,75,341,393,454,514,566,605,645,684,724,763,803,842,882,918,954,993,1036,1411,1472,1513,1585,1673,1729,1823,1902,1953,2041,2129,2185,2273,2325,2361,2419,2480,2521,
gold,75,342,394,455,515,567,606,646,685,725,764,804,843,883,919,955,994,1037,1131,1252,1412,1473,1514,1586,1674,1730,1824,1903,1954,2042,2130,2186,2274,2326,2362,2420,2481,2522,
gold,75,343,395,456,516,568,607,647,686,726,765,805,844,884,920,956,995,1038,1132,1192,1253,1413,1474,1515,1587,1675,1731,1825,1904,1955,2043,2131,2187,2275,2327,2363,2421,2482,2523,
gold,75,344,396,457,517,569,608,648,687,727,766,806,845,885,921,957,996,1039,1133,1193,1254,1414,1475,1516,1588,1676,1732,1826,1905,1956,2044,2132,2188,2276,2328,2364,2422,2483,2524,
gold,75,345,397,458,518,609,688,767,846,997,1040,1079,1134,1194,1255,1343,1415,1476,1517,1589,1677,1733,1827,1906,1957,2045,2133,2189,2423,2484,2525,
gold,75,398,459,519,1080,1135,1195,1256,1304,1344,1590,1678,1734,1828,1907,1958,2046,2134,2190,
gold,75,399,460,520,1081,1136,1196,1257,1305,1345,1591,1679,1735,1829,1908,1959,2047,2135,2191,
gold,75,400,521,1082,1137,1197,1258,1306,1346,1592,1680,1736,2048,2136,2192,
gold,75,1083,1138,1198,1259,1307,1347,
gold,76,1348,1349,1350,1351,1352,1398,2508,2509,2510,2511,2512,2513,2514,2515,2516,2517,2518,2519,2520,2521,2522,2523,2524,2525,2526,2527,2528,2529,2530,
gold,76,610,611,612,613,614,689,690,691,692,693,768,769,770,771,772,847,848,849,850,851,998,999,1000,1001,1002,1041,1042,1043,1044,1045,2424,2425,2426,2427,2428,2503,2504,2505,2506,2507,2544,2545,2546,2547,2548,
gold,77,346,401,461,522,570,610,649,689,728,768,807,847,886,922,958,998,1041,1416,1495,1536,1593,1705,1761,1830,1931,1982,2049,2161,2217,2277,2345,2381,2424,2503,2544,
gold,77,347,402,462,523,571,611,650,690,729,769,808,848,887,923,959,999,1042,1139,1260,1417,1496,1537,1594,1706,1762,1831,1932,1983,2050,2162,2218,2278,2346,2382,2425,2504,2545,
gold,77,348,403,463,524,572,612,651,691,730,770,809,849,888,924,960,1000,1043,1140,1199,1261,1418,1497,1538,1595,1707,1763,1832,1933,1984,2051,2163,2219,2279,2347,2383,2426,2505,2546,
gold,77,349,404,464,525,573,613,652,692,731,771,810,850,889,925,961,1001,1044,1141,1200,1262,1419,1498,1539,1596,1708,1764,1833,1934,1985,2052,2164,2220,2280,2348,2384,2427,2506,2547,
gold,77,350,405,465,526,614,693,772,851,1002,1045,1084,1142,1201,1263,1348,1420,1499,1540,1597,1709,1765,1834,1935,1986,2053,2165,2221,2428,2507,2548,
gold,77,406,466,527,1085,1143,1202,1264,1308,1349,1598,1710,1766,1835,1936,1987,2054,2166,2222,
gold,77,407,467,528,1086,1144,1203,1265,1309,1350,1599,1711,1767,1836,1937,1988,2055,2167,2223,
gold,77,408,529,1087,1145,1204,1266,1310,1351,1600,1712,1768,2056,2168,2224,
gold,77,1088,1146,1205,1267,1311,1352,
gold,78,625,626,627,628,629,630,631,632,633,634,635,636,661,662,663,664,665,666,667,668,669,670,671,672,673,783,784,785,786,787,788,789,790,791,792,793,794,819,820,821,822,823,824,825,826,827,828,829,830,831,898,899,900,901,902,903,904,905,906,907,908,909,1056,1057,1058,1059,1060,1061,1062,1063,1064,1065,1066,1067,1068,1401,1402,1403,1404,1405,1406,1407,1408,1409,1410,1411,1412,1413,1414,1415,1416,1417,1418,1419,1420,1421,1422,1423,1424,1425,1426,1427,1428,1429,1430,
gold,78,318,319,320,321,322,323,324,325,326,327,328,329,330,1431,1432,1433,1434,1435,1436,1437,1438,1439,1440,1441,1442,1443,1454,1455,1456,1457,1458,1459,1460,1461,1462,1463,1464,1465,1466,1477,1478,1479,1480,1481,1482,1483,1484,1485,1486,1487,1488,1489,1500,1501,1502,1503,1504,1505,1506,1507,1508,1509,1510,1511,1512,1523,1524,1525,1526,1527,1528,1529,1530,1531,1532,1533,1534,1535,1546,1547,1548,1549,1550,1551,1552,1553,1554,1555,1556,1557,1558,
gold,79,661,662,663,664,665,666,667,668,669,670,671,672,673,704,705,706,707,708,709,710,711,712,713,714,715,783,784,785,786,787,788,789,790,791,792,793,794,819,820,821,822,823,824,825,826,827,828,829,830,831,862,863,864,865,866,867,868,869,870,871,872,873,1013,1014,1015,1016,1017,1018,1019,1020,1021,1022,1023,1024,1025,1163,1164,1165,1166,1167,1168,1169,1170,1171,1172,1173,1174,1175,1176,1177,1375,1809,1810,1811,1812,1813,1814,1815,1816,1817,1818,1819,1820,1821,1822,1823,1824,1825,1826,1827,1828,1829,1830,1831,1832,1833,1834,1835,1836,1837,1838,1839,1840,1841,1842,1843,1844,1845,1846,1847,1848,1849,1850,
gold,79,425,426,427,428,429,430,431,432,433,434,435,436,437,438,439,1851,1852,1853,1854,1855,1856,1857,1858,1859,1860,1861,1862,1863,1864,1865,1880,1881,1882,1883,1884,1885,1886,1887,1888,1889,1890,1891,1892,1893,1894,1909,1910,1911,1912,1913,1914,1915,1916,1917,1918,1919,1920,1921,1922,1923,1938,1939,1940,1941,1942,1943,1944,1945,1946,1947,1948,1949,1950,1951,1952,1967,1968,1969,1970,1971,1972,1973,1974,1975,1976,1977,1978,1979,1980,1981,1996,1997,1998,1999,2000,2001,2002,2003,2004,2005,2006,2007,2008,2009,2010,
gold,80,625,626,627,628,629,630,631,632,633,634,635,636,704,705,706,707,708,709,710,711,712,713,714,715,740,741,742,743,744,745,746,747,748,749,750,751,752,862,863,864,865,866,867,868,869,870,871,872,873,934,935,936,937,938,939,940,941,942,943,944,945,970,971,972,973,974,975,976,977,978,979,980,981,982,1099,1100,1101,1102,1103,1104,1105,1106,1107,1108,1109,1110,1111,1112,1113,1114,1369,1569,1570,1571,1572,1573,1574,1575,1576,1577,1578,1579,1580,1581,1582,1583,1584,1585,1586,1587,1588,1589,1590,1591,1592,1593,1594,1595,1596,1597,1598,1599,1600,1601,1602,1603,1604,1605,1606,1607,1608,1609,1610,1611,1612,1613,1614,1615,1616,
gold,80,361,362,363,364,365,366,367,368,369,370,371,372,373,374,375,376,1617,1618,1619,1620,1621,1622,1623,1624,1625,1626,1627,1628,1629,1630,1631,1632,1649,1650,1651,1652,1653,1654,1655,1656,1657,1658,1659,1660,1661,1662,1663,1664,1681,1682,1683,1684,1685,1686,1687,1688,1689,1690,1691,1692,1693,1694,1695,1696,1713,1714,1715,1716,1717,1718,1719,1720,1721,1722,1723,1724,1725,1726,1727,1728,1745,1746,1747,1748,1749,1750,1751,1752,1753,1754,1755,1756,1757,1758,1759,1760,1777,1778,1779,1780,1781,1782,1783,1784,1785,1786,1787,1788,1789,1790,1791,1792,
gold,81,740,741,742,743,744,745,746,747,748,749,750,751,752,898,899,900,901,902,903,904,905,906,907,908,909,934,935,936,937,938,939,940,941,942,943,944,945,970,971,972,973,974,975,976,977,978,979,980,981,982,1013,1014,1015,1016,1017,1018,1019,1020,1021,1022,1023,1024,1025,1220,1221,1222,1223,1224,1225,1226,1227,1228,1229,1230,1231,1232,1233,1234,1235,1381,2025,2026,2027,2028,2029,2030,2031,2032,2033,2034,2035,2036,2037,2038,2039,2040,2041,2042,2043,2044,2045,2046,2047,2048,2049,2050,2051,2052,2053,2054,2055,2056,2057,2058,2059,2060,2061,2062,2063,2064,2065,2066,2067,2068,2069,2070,2071,2072,
gold,81,482,483,484,485,486,487,488,489,490,491,492,493,494,495,496,497,2073,2074,2075,2076,2077,2078,2079,2080,2081,2082,2083,2084,2085,2086,2087,2088,2105,2106,2107,2108,2109,2110,2111,2112,2113,2114,2115,2116,2117,2118,2119,2120,2137,2138,2139,2140,2141,2142,2143,2144,2145,2146,2147,2148,2149,2150,2151,2152,2169,2170,2171,2172,2173,2174,2175,2176,2177,2178,2179,2180,2181,2182,2183,2184,2201,2202,2203,2204,2205,2206,2207,2208,2209,2210,2211,2212,2213,2214,2215,2216,2233,2234,2235,2236,2237,2238,2239,2240,2241,2242,2243,2244,2245,2246,2247,2248,
gold,82,1284,1285,1286,1287,1288,1289,1290,1291,1292,1293,1294,1295,1387,2265,2266,2267,2268,2269,2270,2271,2272,2273,2274,2275,2276,2277,2278,2279,2280,2281,2282,2283,2284,2285,2286,2287,2288,
gold,82,546,547,548,549,550,551,552,553,554,555,556,557,625,626,627,628,629,630,631,632,633,634,635,636,704,705,706,707,708,709,710,711,712,713,714,715,783,784,785,786,787,788,789,790,791,792,793,794,862,863,864,865,866,867,868,869,870,871,872,873,898,899,900,901,902,903,904,905,906,907,908,909,934,935,936,937,938,939,940,941,942,943,944,945,2289,2290,2291,2292,2293,2294,2295,2296,2297,2298,2299,2300,2309,2310,2311,2312,2313,2314,2315,2316,2317,2318,2319,2320,2329,2330,2331,2332,2333,2334,2335,2336,2337,2338,2339,2340,2349,2350,2351,2352,2353,2354,2355,2356,2357,2358,2359,2360,2369,2370,2371,2372,2373,2374,2375,2376,2377,2378,2379,2380,2389,2390,2391,2392,2393,2394,2395,2396,2397,2398,2399,2400,
gold,83,1320,1321,1322,1323,1324,1325,1326,1327,1328,1329,1330,1331,1332,1394,2409,2410,2411,2412,2413,2414,2415,2416,2417,2418,2419,2420,2421,2422,2423,2424,2425,2426,2427,2428,2429,2430,2431,2432,2433,2434,2435,2436,2437,2438,
gold,83,582,583,584,585,586,587,588,589,590,591,592,593,594,661,662,663,664,665,666,667,668,669,670,671,672,673,740,741,742,743,744,745,746,747,748,749,750,751,752,819,820,821,822,823,824,825,826,827,828,829,830,831,970,971,972,973,974,975,976,977,978,979,980,981,982,1013,1014,1015,1016,1017,1018,1019,1020,1021,1022,1023,1024,1025,2439,2440,2441,2442,2443,2444,2445,2446,2447,2448,2449,2450,2451,2462,2463,2464,2465,2466,2467,2468,2469,2470,2471,2472,2473,2474,2485,2486,2487,2488,2489,2490,2491,2492,2493,2494,2495,2496,2497,2508,2509,2510,2511,2512,2513,2514,2515,2516,2517,2518,2519,2520,2531,2532,2533,2534,2535,2536,2537,2538,2539,2540,2541,2542,2543,2554,2555,2556,2557,2558,2559,2560,2561,2562,2563,2564,2565,2566,
gold,84,318,361,425,482,546,582,625,661,704,740,783,819,862,898,934,970,1013,1431,1454,1477,1500,1523,1546,1617,1649,1681,1713,1745,1777,1851,1880,1909,1938,1967,1996,2073,2105,2137,2169,2201,2233,2289,2309,2329,2349,2369,2389,2439,2462,2485,2508,2531,2554,
gold,84,319,362,426,483,547,583,626,662,705,741,784,820,863,899,935,971,1014,1099,1220,1432,1455,1478,1501,1524,1547,1618,1650,1682,1714,1746,1778,1852,1881,1910,1939,1968,1997,2074,2106,2138,2170,2202,2234,2290,2310,2330,2350,2370,2390,2440,2463,2486,2509,2532,2555,
gold,84,320,363,427,484,548,584,627,663,706,742,785,821,864,900,936,972,1015,1056,1100,1163,1221,1284,1320,1433,1456,1479,1502,1525,1548,1619,1651,1683,1715,1747,1779,1853,1882,1911,1940,1969,1998,2075,2107,2139,2171,2203,2235,2291,2311,2331,2351,2371,2391,2441,2464,2487,2510,2533,2556,
gold,84,321,364,428,485,549,585,628,664,707,743,786,822,865,901,937,973,1016,1057,1101,1164,1222,1285,1321,1434,1457,1480,1503,1526,1549,1620,1652,1684,1716,1748,1780,1854,1883,1912,1941,1970,1999,2076,2108,2140,2172,2204,2236,2292,2312,2332,2352,2372,2392,2442,2465,2488,2511,2534,2557,
gold,84,322,365,429,486,586,665,744,823,974,1017,1058,1102,1165,1223,1286,1322,1435,1458,1481,1504,1527,1550,1621,1653,1685,1717,1749,1781,1855,1884,1913,1942,1971,2000,2077,2109,2141,2173,2205,2237,2443,2466,2489,2512,2535,2558,
gold,84,366,430,487,1059,1103,1166,1224,1287,1323,1622,1654,1686,1718,1750,1782,1856,1885,1914,1943,1972,2001,2078,2110,2142,2174,2206,2238,
gold,84,367,431,488,1060,1104,1167,1225,1288,1324,1623,1655,1687,1719,1751,1783,1857,1886,1915,1944,1973,2002,2079,2111,2143,2175,2207,2239,
gold,84,368,489,1061,1105,1168,1226,1289,1325,1624,1656,1688,1720,1752,1784,2080,2112,2144,2176,2208,2240,
gold,84,1062,1106,1169,1227,1290,1326,
gold,84,323,369,432,490,550,587,629,666,708,745,787,824,866,902,938,975,1018,1107,1170,1228,1436,1459,1482,1505,1528,1551,1625,1657,1689,1721,1753,1785,1858,1887,1916,1945,1974,2003,2081,2113,2145,2177,2209,2241,2293,2313,2333,2353,2373,2393,2444,2467,2490,2513,2536,2559,
gold,84,324,370,433,491,551,588,630,667,709,746,788,825,867,903,939,976,1019,1108,1171,1229,1437,1460,1483,1506,1529,1552,1626,1658,1690,1722,1754,1786,1859,1888,1917,1946,1975,2004,2082,2114,2146,2178,2210,2242,2294,2314,2334,2354,2374,2394,2445,2468,2491,2514,2537,2560,
gold,84,325,371,434,492,552,589,631,668,710,747,789,826,868,904,940,977,1020,1063,1109,1172,1230,1327,1438,1461,1484,1507,1530,1553,1627,1659,1691,1723,1755,1787,1860,1889,1918,1947,1976,2005,2083,2115,2147,2179,2211,2243,2295,2315,2335,2355,2375,2395,2446,2469,2492,2515,2538,2561,
gold,84,326,372,435,493,553,590,632,669,711,748,790,827,869,905,941,978,1021,1064,1110,1173,1231,1291,1328,1439,1462,1485,1508,1531,1554,1628,1660,1692,1724,1756,1788,1861,1890,1919,1948,1977,2006,2084,2116,2148,2180,2212,2244,2296,2316,2336,2356,2376,2396,2447,2470,2493,2516,2539,2562,
gold,84,327,373,436,494,554,591,633,670,712,749,791,828,870,906,942,979,1022,1065,1111,1174,1232,1292,1329,1440,1463,1486,1509,1532,1555,1629,1661,1693,1725,1757,1789,1862,1891,1920,1949,1978,2007,2085,2117,2149,2181,2213,2245,2297,2317,2337,2357,2377,2397,2448,2471,2494,2517,2540,2563,
gold,84,328,374,437,495,555,592,634,671,713,750,792,829,871,907,943,980,1023,1066,1112,1175,1233,1293,1330,1441,1464,1487,1510,1533,1556,1630,1662,1694,1726,1758,1790,1863,1892,1921,1950,1979,2008,2086,2118,2150,2182,2214,2246,2298,2318,2338,2358,2378,2398,2449,2472,2495,2518,2541,2564,
gold,84,329,375,438,496,556,593,635,672,714,751,793,830,872,908,944,981,1024,1067,1113,1176,1234,1294,1331,1442,1465,1488,1511,1534,1557,1631,1663,1695,1727,1759,1791,1864,1893,1922,1951,1980,2009,2087,2119,2151,2183,2215,2247,2299,2319,2339,2359,2379,2399,2450,2473,2496,2519,2542,2565,
gold,84,330,376,439,497,557,594,636,673,715,752,794,831,873,909,945,982,1025,1068,1114,1177,1235,1295,1332,1443,1466,1489,1512,1535,1558,1632,1664,1696,1728,1760,1792,1865,1894,1923,1952,1981,2010,2088,2120,2152,2184,2216,2248,2300,2320,2340,2360,2380,2400,2451,2474,2497,2520,2543,2566,
red,85,566,567,568,569,
gold,85,
red,86,610,611,612,613,614,
gold,86,
lightskyblue,285,308,
lightskyblue,285,309,
lightskyblue,285,303,
lightskyblue,285,304,
lightskyblue,285,305,
lightskyblue,285,310,
lightskyblue,285,311,
lightskyblue,285,312,
lightskyblue,285,313,
lightskyblue,285,299,
lightskyblue,285,300,
lightskyblue,285,301,
lightskyblue,285,302,
lightskyblue,161,247,
lightskyblue,161,248,
lightskyblue,161,249,
lightskyblue,161,250,
lightskyblue,161,251,
lightskyblue,165,258,
lightskyblue,165,259,
lightskyblue,165,260,
lightskyblue,165,261,
lightskyblue,165,262,
lightskyblue,169,269,
lightskyblue,169,270,
lightskyblue,169,271,
lightskyblue,169,272,
lightskyblue,169,273,
lightskyblue,167,280,
lightskyblue,167,281,
lightskyblue,167,282,
lightskyblue,167,283,
lightskyblue,167,284,
lightskyblue,163,225,
lightskyblue,163,226,
lightskyblue,163,227,
lightskyblue,163,228,
lightskyblue,163,229,
lightskyblue,159,236,
lightskyblue,159,237,
lightskyblue,159,238,
lightskyblue,159,239,
lightskyblue,159,240,
lightskyblue,289,298,
lightskyblue,289,306,
lightskyblue,289,300,
lightskyblue,289,301,
lightskyblue,289,302,
lightskyblue,289,303,
lightskyblue,289,304,
lightskyblue,289,305,
lightskyblue,289,307,
lightskyblue,289,308,
lightskyblue,289,309,
lightskyblue,289,310,
lightskyblue,289,311,
lightskyblue,289,312,
lightskyblue,289,313,
lightskyblue,289,299,
lightskyblue,193,244,
lightskyblue,193,245,
lightskyblue,193,246,
lightskyblue,193,247,
lightskyblue,193,248,
lightskyblue,193,249,
lightskyblue,193,250,
lightskyblue,193,251,
lightskyblue,189,255,
lightskyblue,189,256,
lightskyblue,189,257,
lightskyblue,189,258,
lightskyblue,189,259,
lightskyblue,189,260,
lightskyblue,189,261,
lightskyblue,189,262,
lightskyblue,185,266,
lightskyblue,185,267,
lightskyblue,185,268,
lightskyblue,185,269,
lightskyblue,185,270,
lightskyblue,185,271,
lightskyblue,185,272,
lightskyblue,185,273,
lightskyblue,183,277,
lightskyblue,183,278,
lightskyblue,183,279,
lightskyblue,183,280,
lightskyblue,183,281,
lightskyblue,183,282,
lightskyblue,183,283,
lightskyblue,183,284,
lightskyblue,187,222,
lightskyblue,187,223,
lightskyblue,187,224,
lightskyblue,187,225,
lightskyblue,187,226,
lightskyblue,187,227,
lightskyblue,187,228,
lightskyblue,187,229,
lightskyblue,191,233,
lightskyblue,191,234,
lightskyblue,191,235,
lightskyblue,191,236,
lightskyblue,191,237,
lightskyblue,191,238,
lightskyblue,191,239,
lightskyblue,191,240,
lightskyblue,287,306,
lightskyblue,287,307,
lightskyblue,287,301,
lightskyblue,287,302,
lightskyblue,287,303,
lightskyblue,287,304,
lightskyblue,287,305,
lightskyblue,287,308,
lightskyblue,287,309,
lightskyblue,287,310,
lightskyblue,287,311,
lightskyblue,287,312,
lightskyblue,287,313,
lightskyblue,287,299,
lightskyblue,287,300,
lightskyblue,173,245,
lightskyblue,173,246,
lightskyblue,173,247,
lightskyblue,173,248,
lightskyblue,173,249,
lightskyblue,173,250,
lightskyblue,173,251,
lightskyblue,171,256,
lightskyblue,171,257,
lightskyblue,171,258,
lightskyblue,171,259,
lightskyblue,171,260,
lightskyblue,171,261,
lightskyblue,171,262,
lightskyblue,175,267,
lightskyblue,175,268,
lightskyblue,175,269,
lightskyblue,175,270,
lightskyblue,175,271,
lightskyblue,175,272,
lightskyblue,175,273,
lightskyblue,179,278,
lightskyblue,179,279,
lightskyblue,179,280,
lightskyblue,179,281,
lightskyblue,179,282,
lightskyblue,179,283,
lightskyblue,179,284,
lightskyblue,181,223,
lightskyblue,181,224,
lightskyblue,181,225,
lightskyblue,181,226,
lightskyblue,181,227,
lightskyblue,181,228,
lightskyblue,181,229,
lightskyblue,177,234,
lightskyblue,177,235,
lightskyblue,177,236,
lightskyblue,177,237,
lightskyblue,177,238,
lightskyblue,177,239,
lightskyblue,177,240,
lightskyblue,291,298,
lightskyblue,291,306,
lightskyblue,291,300,
lightskyblue,291,301,
lightskyblue,291,302,
lightskyblue,291,303,
lightskyblue,291,304,
lightskyblue,291,305,
lightskyblue,291,307,
lightskyblue,291,308,
lightskyblue,291,309,
lightskyblue,291,310,
lightskyblue,291,311,
lightskyblue,291,312,
lightskyblue,291,313,
lightskyblue,291,299,
lightskyblue,209,244,
lightskyblue,209,245,
lightskyblue,209,246,
lightskyblue,209,247,
lightskyblue,209,248,
lightskyblue,209,249,
lightskyblue,209,250,
lightskyblue,209,251,
lightskyblue,211,255,
lightskyblue,211,256,
lightskyblue,211,257,
lightskyblue,211,258,
lightskyblue,211,259,
lightskyblue,211,260,
lightskyblue,211,261,
lightskyblue,211,262,
lightskyblue,207,266,
lightskyblue,207,267,
lightskyblue,207,268,
lightskyblue,207,269,
lightskyblue,207,270,
lightskyblue,207,271,
lightskyblue,207,272,
lightskyblue,207,273,
lightskyblue,197,277,
lightskyblue,197,278,
lightskyblue,197,279,
lightskyblue,197,280,
lightskyblue,197,281,
lightskyblue,197,282,
lightskyblue,197,283,
lightskyblue,197,284,
lightskyblue,195,222,
lightskyblue,195,223,
lightskyblue,195,224,
lightskyblue,195,225,
lightskyblue,195,226,
lightskyblue,195,227,
lightskyblue,195,228,
lightskyblue,195,229,
lightskyblue,199,233,
lightskyblue,199,234,
lightskyblue,199,235,
lightskyblue,199,236,
lightskyblue,199,237,
lightskyblue,199,238,
lightskyblue,199,239,
lightskyblue,199,240,
lightskyblue,293,309,
lightskyblue,293,310,
lightskyblue,293,304,
lightskyblue,293,305,
lightskyblue,293,311,
lightskyblue,293,312,
lightskyblue,293,313,
lightskyblue,293,299,
lightskyblue,293,300,
lightskyblue,293,301,
lightskyblue,293,302,
lightskyblue,293,303,
lightskyblue,213,248,
lightskyblue,213,249,
lightskyblue,213,250,
lightskyblue,213,251,
lightskyblue,215,259,
lightskyblue,215,260,
lightskyblue,215,261,
lightskyblue,215,262,
lightskyblue,217,270,
lightskyblue,217,271,
lightskyblue,217,272,
lightskyblue,217,273,
lightskyblue,203,281,
lightskyblue,203,282,
lightskyblue,203,283,
lightskyblue,203,284,
lightskyblue,201,226,
lightskyblue,201,227,
lightskyblue,201,228,
lightskyblue,201,229,
lightskyblue,205,237,
lightskyblue,205,238,
lightskyblue,205,239,
lightskyblue,205,240,
lightskyblue,295,308,
lightskyblue,295,309,
lightskyblue,295,303,
lightskyblue,295,304,
lightskyblue,295,305,
lightskyblue,295,310,
lightskyblue,295,311,
lightskyblue,295,312,
lightskyblue,295,313,
lightskyblue,295,299,
lightskyblue,295,300,
lightskyblue,295,301,
lightskyblue,295,302,
lightskyblue,241,247,
lightskyblue,241,248,
lightskyblue,241,249,
lightskyblue,241,250,
lightskyblue,241,251,
lightskyblue,252,258,
lightskyblue,252,259,
lightskyblue,252,260,
lightskyblue,252,261,
lightskyblue,252,262,
lightskyblue,263,269,
lightskyblue,263,270,
lightskyblue,263,271,
lightskyblue,263,272,
lightskyblue,263,273,
lightskyblue,274,280,
lightskyblue,274,281,
lightskyblue,274,282,
lightskyblue,274,283,
lightskyblue,274,284,
lightskyblue,219,225,
lightskyblue,219,226,
lightskyblue,219,227,
lightskyblue,219,228,
lightskyblue,219,229,
lightskyblue,230,236,
lightskyblue,230,237,
lightskyblue,230,238,
lightskyblue,230,239,
lightskyblue,230,240,
lightskyblue,293,309,
lightskyblue,293,310,
lightskyblue,293,304,
lightskyblue,293,305,
lightskyblue,293,311,
lightskyblue,293,312,
lightskyblue,293,313,
lightskyblue,293,299,
lightskyblue,293,300,
lightskyblue,293,301,
lightskyblue,293,302,
lightskyblue,293,303,
lightskyblue,213,248,
lightskyblue,213,249,
lightskyblue,213,250,
lightskyblue,213,251,
lightskyblue,215,259,
lightskyblue,215,260,
lightskyblue,215,261,
lightskyblue,215,262,
lightskyblue,217,270,
lightskyblue,217,271,
lightskyblue,217,272,
lightskyblue,217,273,
lightskyblue,203,281,
lightskyblue,203,282,
lightskyblue,203,283,
lightskyblue,203,284,
lightskyblue,201,226,
lightskyblue,201,227,
lightskyblue,201,228,
lightskyblue,201,229,
lightskyblue,205,237,
lightskyblue,205,238,
lightskyblue,205,239,
lightskyblue,205,240,
lightskyblue,295,308,
lightskyblue,295,309,
lightskyblue,295,303,
lightskyblue,295,304,
lightskyblue,295,305,
lightskyblue,295,310,
lightskyblue,295,311,
lightskyblue,295,312,
lightskyblue,295,313,
lightskyblue,295,299,
lightskyblue,295,300,
lightskyblue,295,301,
lightskyblue,295,302,
lightskyblue,241,247,
lightskyblue,241,248,
lightskyblue,241,249,
lightskyblue,241,250,
lightskyblue,241,251,
lightskyblue,252,258,
lightskyblue,252,259,
lightskyblue,252,260,
lightskyblue,252,261,
lightskyblue,252,262,
lightskyblue,263,269,
lightskyblue,263,270,
lightskyblue,263,271,
lightskyblue,263,272,
lightskyblue,263,273,
lightskyblue,274,280,
lightskyblue,274,281,
lightskyblue,274,282,
lightskyblue,274,283,
lightskyblue,274,284,
lightskyblue,219,225,
lightskyblue,219,226,
lightskyblue,219,227,
lightskyblue,219,228,
lightskyblue,219,229,
lightskyblue,230,236,
lightskyblue,230,237,
lightskyblue,230,238,
lightskyblue,230,239,
lightskyblue,230,240,
lightskyblue,293,309,
lightskyblue,293,310,
lightskyblue,293,304,
lightskyblue,293,305,
lightskyblue,293,311,
lightskyblue,293,312,
lightskyblue,293,313,
lightskyblue,293,299,
lightskyblue,293,300,
lightskyblue,293,301,
lightskyblue,293,302,
lightskyblue,293,303,
lightskyblue,213,248,
lightskyblue,213,249,
lightskyblue,213,250,
lightskyblue,213,251,
lightskyblue,215,259,
lightskyblue,215,260,
lightskyblue,215,261,
lightskyblue,215,262,
lightskyblue,217,270,
lightskyblue,217,271,
lightskyblue,217,272,
lightskyblue,217,273,
lightskyblue,203,281,
lightskyblue,203,282,
lightskyblue,203,283,
lightskyblue,203,284,
lightskyblue,201,226,
lightskyblue,201,227,
lightskyblue,201,228,
lightskyblue,201,229,
lightskyblue,205,237,
lightskyblue,205,238,
lightskyblue,205,239,
lightskyblue,205,240,
lightskyblue,295,308,
lightskyblue,295,309,
lightskyblue,295,303,
lightskyblue,295,304,
lightskyblue,295,305,
lightskyblue,295,310,
lightskyblue,295,311,
lightskyblue,295,312,
lightskyblue,295,313,
lightskyblue,295,299,
lightskyblue,295,300,
lightskyblue,295,301,
lightskyblue,295,302,
lightskyblue,241,247,
lightskyblue,241,248,
lightskyblue,241,249,
lightskyblue,241,250,
lightskyblue,241,251,
lightskyblue,252,258,
lightskyblue,252,259,
lightskyblue,252,260,
lightskyblue,252,261,
lightskyblue,252,262,
lightskyblue,263,269,
lightskyblue,263,270,
lightskyblue,263,271,
lightskyblue,263,272,
lightskyblue,263,273,
lightskyblue,274,280,
lightskyblue,274,281,
lightskyblue,274,282,
lightskyblue,274,283,
lightskyblue,274,284,
lightskyblue,219,225,
lightskyblue,219,226,
lightskyblue,219,227,
lightskyblue,219,228,
lightskyblue,219,229,
lightskyblue,230,236,
lightskyblue,230,237,
lightskyblue,230,238,
lightskyblue,230,239,
lightskyblue,230,240,
lightskyblue,293,309,
lightskyblue,293,310,
lightskyblue,293,304,
lightskyblue,293,305,
lightskyblue,293,311,
lightskyblue,293,312,
lightskyblue,293,313,
lightskyblue,293,299,
lightskyblue,293,300,
lightskyblue,293,301,
lightskyblue,293,302,
lightskyblue,293,303,
lightskyblue,213,248,
lightskyblue,213,249,
lightskyblue,213,250,
lightskyblue,213,251,
lightskyblue,215,259,
lightskyblue,215,260,
lightskyblue,215,261,
lightskyblue,215,262,
lightskyblue,217,270,
lightskyblue,217,271,
lightskyblue,217,272,
lightskyblue,217,273,
lightskyblue,203,281,
lightskyblue,203,282,
lightskyblue,203,283,
lightskyblue,203,284,
lightskyblue,201,226,
lightskyblue,201,227,
lightskyblue,201,228,
lightskyblue,201,229,
lightskyblue,205,237,
lightskyblue,205,238,
lightskyblue,205,239,
lightskyblue,205,240,
lightskyblue,295,308,
lightskyblue,295,309,
lightskyblue,295,303,
lightskyblue,295,304,
lightskyblue,295,305,
lightskyblue,295,310,
lightskyblue,295,311,
lightskyblue,295,312,
lightskyblue,295,313,
lightskyblue,295,299,
lightskyblue,295,300,
lightskyblue,295,301,
lightskyblue,295,302,
lightskyblue,241,247,
lightskyblue,241,248,
lightskyblue,241,249,
lightskyblue,241,250,
lightskyblue,241,251,
lightskyblue,252,258,
lightskyblue,252,259,
lightskyblue,252,260,
lightskyblue,252,261,
lightskyblue,252,262,
lightskyblue,263,269,
lightskyblue,263,270,
lightskyblue,263,271,
lightskyblue,263,272,
lightskyblue,263,273,
lightskyblue,274,280,
lightskyblue,274,281,
lightskyblue,274,282,
lightskyblue,274,283,
lightskyblue,274,284,
lightskyblue,219,225,
lightskyblue,219,226,
lightskyblue,219,227,
lightskyblue,219,228,
lightskyblue,219,229,
lightskyblue,230,236,
lightskyblue,230,237,
lightskyblue,230,238,
lightskyblue,230,239,
lightskyblue,230,240,
lightskyblue,293,309,
lightskyblue,293,310,
lightskyblue,293,304,
lightskyblue,293,305,
lightskyblue,293,311,
lightskyblue,293,312,
lightskyblue,293,313,
lightskyblue,293,299,
lightskyblue,293,300,
lightskyblue,293,301,
lightskyblue,293,302,
lightskyblue,293,303,
lightskyblue,213,248,
lightskyblue,213,249,
lightskyblue,213,250,
lightskyblue,213,251,
lightskyblue,215,259,
lightskyblue,215,260,
lightskyblue,215,261,
lightskyblue,215,262,
lightskyblue,217,270,
lightskyblue,217,271,
lightskyblue,217,272,
lightskyblue,217,273,
lightskyblue,203,281,
lightskyblue,203,282,
lightskyblue,203,283,
lightskyblue,203,284,
lightskyblue,201,226,
lightskyblue,201,227,
lightskyblue,201,228,
lightskyblue,201,229,
lightskyblue,205,237,
lightskyblue,205,238,
lightskyblue,205,239,
lightskyblue,205,240,
lightskyblue,293,309,
lightskyblue,293,310,
lightskyblue,293,304,
lightskyblue,293,305,
lightskyblue,293,311,
lightskyblue,293,312,
lightskyblue,293,313,
lightskyblue,293,299,
lightskyblue,293,300,
lightskyblue,293,301,
lightskyblue,293,302,
lightskyblue,293,303,
lightskyblue,213,248,
lightskyblue,213,249,
lightskyblue,213,250,
lightskyblue,213,251,
lightskyblue,215,259,
lightskyblue,215,260,
lightskyblue,215,261,
lightskyblue,215,262,
lightskyblue,217,270,
lightskyblue,217,271,
lightskyblue,217,272,
lightskyblue,217,273,
lightskyblue,203,281,
lightskyblue,203,282,
lightskyblue,203,283,
lightskyblue,203,284,
lightskyblue,201,226,
lightskyblue,201,227,
lightskyblue,201,228,
lightskyblue,201,229,
lightskyblue,205,237,
lightskyblue,205,238,
lightskyblue,205,239,
lightskyblue,205,240,
lightskyblue,293,309,
lightskyblue,293,310,
lightskyblue,293,304,
lightskyblue,293,305,
lightskyblue,293,311,
lightskyblue,293,312,
lightskyblue,293,313,
lightskyblue,293,299,
lightskyblue,293,300,
lightskyblue,293,301,
lightskyblue,293,302,
lightskyblue,293,303,
lightskyblue,213,248,
lightskyblue,213,249,
lightskyblue,213,250,
lightskyblue,213,251,
lightskyblue,215,259,
lightskyblue,215,260,
lightskyblue,215,261,
lightskyblue,215,262,
lightskyblue,217,270,
lightskyblue,217,271,
lightskyblue,217,272,
lightskyblue,217,273,
lightskyblue,203,281,
lightskyblue,203,282,
lightskyblue,203,283,
lightskyblue,203,284,
lightskyblue,201,226,
lightskyblue,201,227,
lightskyblue,201,228,
lightskyblue,201,229,
lightskyblue,205,237,
lightskyblue,205,238,
lightskyblue,205,239,
lightskyblue,205,240,
lightskyblue,295,308,
lightskyblue,295,309,
lightskyblue,295,303,
lightskyblue,295,304,
lightskyblue,295,305,
lightskyblue,295,310,
lightskyblue,295,311,
lightskyblue,295,312,
lightskyblue,295,313,
lightskyblue,295,299,
lightskyblue,295,300,
lightskyblue,295,301,
lightskyblue,295,302,
lightskyblue,241,247,
lightskyblue,241,248,
lightskyblue,241,249,
lightskyblue,241,250,
lightskyblue,241,251,
lightskyblue,252,258,
lightskyblue,252,259,
lightskyblue,252,260,
lightskyblue,252,261,
lightskyblue,252,262,
lightskyblue,263,269,
lightskyblue,263,270,
lightskyblue,263,271,
lightskyblue,263,272,
lightskyblue,263,273,
lightskyblue,274,280,
lightskyblue,274,281,
lightskyblue,274,282,
lightskyblue,274,283,
lightskyblue,274,284,
lightskyblue,219,225,
lightskyblue,219,226,
lightskyblue,219,227,
lightskyblue,219,228,
lightskyblue,219,229,
lightskyblue,230,236,
lightskyblue,230,237,
lightskyblue,230,238,
lightskyblue,230,239,
lightskyblue,230,240,
lightskyblue,295,308,
lightskyblue,295,309,
lightskyblue,295,303,
lightskyblue,295,304,
lightskyblue,295,305,
lightskyblue,295,310,
lightskyblue,295,311,
lightskyblue,295,312,
lightskyblue,295,313,
lightskyblue,295,299,
lightskyblue,295,300,
lightskyblue,295,301,
lightskyblue,295,302,
lightskyblue,241,247,
lightskyblue,241,248,
lightskyblue,241,249,
lightskyblue,241,250,
lightskyblue,241,251,
lightskyblue,252,258,
lightskyblue,252,259,
lightskyblue,252,260,
lightskyblue,252,261,
lightskyblue,252,262,
lightskyblue,263,269,
lightskyblue,263,270,
lightskyblue,263,271,
lightskyblue,263,272,
lightskyblue,263,273,
lightskyblue,274,280,
lightskyblue,274,281,
lightskyblue,274,282,
lightskyblue,274,283,
lightskyblue,274,284,
lightskyblue,219,225,
lightskyblue,219,226,
lightskyblue,219,227,
lightskyblue,219,228,
lightskyblue,219,229,
lightskyblue,230,236,
lightskyblue,230,237,
lightskyblue,230,238,
lightskyblue,230,239,
lightskyblue,230,240,
lightskyblue,286,310,
lightskyblue,286,311,
lightskyblue,286,312,
lightskyblue,286,313,
lightskyblue,286,299,
lightskyblue,286,300,
lightskyblue,286,301,
lightskyblue,286,297,
lightskyblue,286,298,
lightskyblue,286,306,
lightskyblue,286,307,
lightskyblue,286,308,
lightskyblue,286,309,
lightskyblue,162,243,
lightskyblue,162,244,
lightskyblue,162,245,
lightskyblue,162,246,
lightskyblue,162,247,
lightskyblue,166,254,
lightskyblue,166,255,
lightskyblue,166,256,
lightskyblue,166,257,
lightskyblue,166,258,
lightskyblue,170,265,
lightskyblue,170,266,
lightskyblue,170,267,
lightskyblue,170,268,
lightskyblue,170,269,
lightskyblue,168,276,
lightskyblue,168,277,
lightskyblue,168,278,
lightskyblue,168,279,
lightskyblue,168,280,
lightskyblue,164,221,
lightskyblue,164,222,
lightskyblue,164,223,
lightskyblue,164,224,
lightskyblue,164,225,
lightskyblue,160,232,
lightskyblue,160,233,
lightskyblue,160,234,
lightskyblue,160,235,
lightskyblue,160,236,
lightskyblue,290,297,
lightskyblue,290,313,
lightskyblue,290,299,
lightskyblue,290,300,
lightskyblue,290,301,
lightskyblue,290,302,
lightskyblue,290,303,
lightskyblue,290,304,
lightskyblue,290,298,
lightskyblue,290,306,
lightskyblue,290,307,
lightskyblue,290,308,
lightskyblue,290,309,
lightskyblue,290,310,
lightskyblue,290,311,
lightskyblue,290,312,
lightskyblue,194,243,
lightskyblue,194,244,
lightskyblue,194,245,
lightskyblue,194,246,
lightskyblue,194,247,
lightskyblue,194,248,
lightskyblue,194,249,
lightskyblue,194,250,
lightskyblue,190,254,
lightskyblue,190,255,
lightskyblue,190,256,
lightskyblue,190,257,
lightskyblue,190,258,
lightskyblue,190,259,
lightskyblue,190,260,
lightskyblue,190,261,
lightskyblue,186,265,
lightskyblue,186,266,
lightskyblue,186,267,
lightskyblue,186,268,
lightskyblue,186,269,
lightskyblue,186,270,
lightskyblue,186,271,
lightskyblue,186,272,
lightskyblue,184,276,
lightskyblue,184,277,
lightskyblue,184,278,
lightskyblue,184,279,
lightskyblue,184,280,
lightskyblue,184,281,
lightskyblue,184,282,
lightskyblue,184,283,
lightskyblue,188,221,
lightskyblue,188,222,
lightskyblue,188,223,
lightskyblue,188,224,
lightskyblue,188,225,
lightskyblue,188,226,
lightskyblue,188,227,
lightskyblue,188,228,
lightskyblue,192,232,
lightskyblue,192,233,
lightskyblue,192,234,
lightskyblue,192,235,
lightskyblue,192,236,
lightskyblue,192,237,
lightskyblue,192,238,
lightskyblue,192,239,
lightskyblue,288,312,
lightskyblue,288,313,
lightskyblue,288,299,
lightskyblue,288,300,
lightskyblue,288,301,
lightskyblue,288,302,
lightskyblue,288,303,
lightskyblue,288,297,
lightskyblue,288,298,
lightskyblue,288,306,
lightskyblue,288,307,
lightskyblue,288,308,
lightskyblue,288,309,
lightskyblue,288,310,
lightskyblue,288,311,
lightskyblue,174,243,
lightskyblue,174,244,
lightskyblue,174,245,
lightskyblue,174,246,
lightskyblue,174,247,
lightskyblue,174,248,
lightskyblue,174,249,
lightskyblue,172,254,
lightskyblue,172,255,
lightskyblue,172,256,
lightskyblue,172,257,
lightskyblue,172,258,
lightskyblue,172,259,
lightskyblue,172,260,
lightskyblue,176,265,
lightskyblue,176,266,
lightskyblue,176,267,
lightskyblue,176,268,
lightskyblue,176,269,
lightskyblue,176,270,
lightskyblue,176,271,
lightskyblue,180,276,
lightskyblue,180,277,
lightskyblue,180,278,
lightskyblue,180,279,
lightskyblue,180,280,
lightskyblue,180,281,
lightskyblue,180,282,
lightskyblue,182,221,
lightskyblue,182,222,
lightskyblue,182,223,
lightskyblue,182,224,
lightskyblue,182,225,
lightskyblue,182,226,
lightskyblue,182,227,
lightskyblue,178,232,
lightskyblue,178,233,
lightskyblue,178,234,
lightskyblue,178,235,
lightskyblue,178,236,
lightskyblue,178,237,
lightskyblue,178,238,
lightskyblue,292,297,
lightskyblue,292,313,
lightskyblue,292,299,
lightskyblue,292,300,
lightskyblue,292,301,
lightskyblue,292,302,
lightskyblue,292,303,
lightskyblue,292,304,
lightskyblue,292,298,
lightskyblue,292,306,
lightskyblue,292,307,
lightskyblue,292,308,
lightskyblue,292,309,
lightskyblue,292,310,
lightskyblue,292,311,
lightskyblue,292,312,
lightskyblue,210,243,
lightskyblue,210,244,
lightskyblue,210,245,
lightskyblue,210,246,
lightskyblue,210,247,
lightskyblue,210,248,
lightskyblue,210,249,
lightskyblue,210,250,
lightskyblue,212,254,
lightskyblue,212,255,
lightskyblue,212,256,
lightskyblue,212,257,
lightskyblue,212,258,
lightskyblue,212,259,
lightskyblue,212,260,
lightskyblue,212,261,
lightskyblue,208,265,
lightskyblue,208,266,
lightskyblue,208,267,
lightskyblue,208,268,
lightskyblue,208,269,
lightskyblue,208,270,
lightskyblue,208,271,
lightskyblue,208,272,
lightskyblue,198,276,
lightskyblue,198,277,
lightskyblue,198,278,
lightskyblue,198,279,
lightskyblue,198,280,
lightskyblue,198,281,
lightskyblue,198,282,
lightskyblue,198,283,
lightskyblue,196,221,
lightskyblue,196,222,
lightskyblue,196,223,
lightskyblue,196,224,
lightskyblue,196,225,
lightskyblue,196,226,
lightskyblue,196,227,
lightskyblue,196,228,
lightskyblue,200,232,
lightskyblue,200,233,
lightskyblue,200,234,
lightskyblue,200,235,
lightskyblue,200,236,
lightskyblue,200,237,
lightskyblue,200,238,
lightskyblue,200,239,
lightskyblue,294,309,
lightskyblue,294,310,
lightskyblue,294,311,
lightskyblue,294,312,
lightskyblue,294,313,
lightskyblue,294,299,
lightskyblue,294,300,
lightskyblue,294,297,
lightskyblue,294,298,
lightskyblue,294,306,
lightskyblue,294,307,
lightskyblue,294,308,
lightskyblue,214,243,
lightskyblue,214,244,
lightskyblue,214,245,
lightskyblue,214,246,
lightskyblue,216,254,
lightskyblue,216,255,
lightskyblue,216,256,
lightskyblue,216,257,
lightskyblue,218,265,
lightskyblue,218,266,
lightskyblue,218,267,
lightskyblue,218,268,
lightskyblue,204,276,
lightskyblue,204,277,
lightskyblue,204,278,
lightskyblue,204,279,
lightskyblue,202,221,
lightskyblue,202,222,
lightskyblue,202,223,
lightskyblue,202,224,
lightskyblue,206,232,
lightskyblue,206,233,
lightskyblue,206,234,
lightskyblue,206,235,
lightskyblue,296,310,
lightskyblue,296,311,
lightskyblue,296,312,
lightskyblue,296,313,
lightskyblue,296,299,
lightskyblue,296,300,
lightskyblue,296,301,
lightskyblue,296,297,
lightskyblue,296,298,
lightskyblue,296,306,
lightskyblue,296,307,
lightskyblue,296,308,
lightskyblue,296,309,
lightskyblue,242,243,
lightskyblue,242,244,
lightskyblue,242,245,
lightskyblue,242,246,
lightskyblue,242,247,
lightskyblue,253,254,
lightskyblue,253,255,
lightskyblue,253,256,
lightskyblue,253,257,
lightskyblue,253,258,
lightskyblue,264,265,
lightskyblue,264,266,
lightskyblue,264,267,
lightskyblue,264,268,
lightskyblue,264,269,
lightskyblue,275,276,
lightskyblue,275,277,
lightskyblue,275,278,
lightskyblue,275,279,
lightskyblue,275,280,
lightskyblue,220,221,
lightskyblue,220,222,
lightskyblue,220,223,
lightskyblue,220,224,
lightskyblue,220,225,
lightskyblue,231,232,
lightskyblue,231,233,
lightskyblue,231,234,
lightskyblue,231,235,
lightskyblue,231,236,
lightskyblue,157,
lightskyblue,155,
lightskyblue,153,
lightskyblue,151,
lightskyblue,149,
lightskyblue,147,
lightskyblue,133,
lightskyblue,131,
lightskyblue,129,
lightskyblue,127,
lightskyblue,135,
lightskyblue,95,
lightskyblue,117,
lightskyblue,115,
lightskyblue,119,
lightskyblue,99,
lightskyblue,97,
lightskyblue,93,
lightskyblue,113,
lightskyblue,111,
lightskyblue,109,
lightskyblue,107,
lightskyblue,105,
lightskyblue,103,
lightskyblue,143,
lightskyblue,141,
lightskyblue,139,
lightskyblue,314,
lightskyblue,137,
lightskyblue,87,
lightskyblue,145,
lightskyblue,125,
lightskyblue,123,
lightskyblue,121,
lightskyblue,89,
lightskyblue,316,
lightskyblue,91,
lightskyblue,101,
lightskyblue,161,247,
lightskyblue,161,248,
lightskyblue,161,249,
lightskyblue,161,250,
lightskyblue,161,251,
lightskyblue,165,258,
lightskyblue,165,259,
lightskyblue,165,260,
lightskyblue,165,261,
lightskyblue,165,262,
lightskyblue,169,269,
lightskyblue,169,270,
lightskyblue,169,271,
lightskyblue,169,272,
lightskyblue,169,273,
lightskyblue,167,280,
lightskyblue,167,281,
lightskyblue,167,282,
lightskyblue,167,283,
lightskyblue,167,284,
lightskyblue,163,225,
lightskyblue,163,226,
lightskyblue,163,227,
lightskyblue,163,228,
lightskyblue,163,229,
lightskyblue,159,236,
lightskyblue,159,237,
lightskyblue,159,238,
lightskyblue,159,239,
lightskyblue,159,240,
lightskyblue,285,308,
lightskyblue,285,309,
lightskyblue,285,303,
lightskyblue,285,304,
lightskyblue,285,305,
lightskyblue,285,310,
lightskyblue,285,311,
lightskyblue,285,312,
lightskyblue,285,313,
lightskyblue,285,299,
lightskyblue,285,300,
lightskyblue,285,301,
lightskyblue,285,302,
lightskyblue,165,258,
lightskyblue,165,259,
lightskyblue,165,260,
lightskyblue,165,261,
lightskyblue,165,262,
lightskyblue,159,236,
lightskyblue,159,237,
lightskyblue,159,238,
lightskyblue,159,239,
lightskyblue,159,240,
lightskyblue,285,308,
lightskyblue,285,309,
lightskyblue,285,303,
lightskyblue,285,304,
lightskyblue,285,305,
lightskyblue,285,310,
lightskyblue,285,311,
lightskyblue,285,312,
lightskyblue,285,313,
lightskyblue,285,299,
lightskyblue,285,300,
lightskyblue,285,301,
lightskyblue,285,302,
lightskyblue,161,247,
lightskyblue,161,248,
lightskyblue,161,249,
lightskyblue,161,250,
lightskyblue,161,251,
lightskyblue,169,269,
lightskyblue,169,270,
lightskyblue,169,271,
lightskyblue,169,272,
lightskyblue,169,273,
lightskyblue,285,308,
lightskyblue,285,309,
lightskyblue,285,303,
lightskyblue,285,304,
lightskyblue,285,305,
lightskyblue,285,310,
lightskyblue,285,311,
lightskyblue,285,312,
lightskyblue,285,313,
lightskyblue,285,299,
lightskyblue,285,300,
lightskyblue,285,301,
lightskyblue,285,302,
lightskyblue,165,258,
lightskyblue,165,259,
lightskyblue,165,260,
lightskyblue,165,261,
lightskyblue,165,262,
lightskyblue,167,280,
lightskyblue,167,281,
lightskyblue,167,282,
lightskyblue,167,283,
lightskyblue,167,284,
lightskyblue,285,308,
lightskyblue,285,309,
lightskyblue,285,303,
lightskyblue,285,304,
lightskyblue,285,305,
lightskyblue,285,310,
lightskyblue,285,311,
lightskyblue,285,312,
lightskyblue,285,313,
lightskyblue,285,299,
lightskyblue,285,300,
lightskyblue,285,301,
lightskyblue,285,302,
lightskyblue,169,269,
lightskyblue,169,270,
lightskyblue,169,271,
lightskyblue,169,272,
lightskyblue,169,273,
lightskyblue,163,225,
lightskyblue,163,226,
lightskyblue,163,227,
lightskyblue,163,228,
lightskyblue,163,229,
lightskyblue,285,308,
lightskyblue,285,309,
lightskyblue,285,303,
lightskyblue,285,304,
lightskyblue,285,305,
lightskyblue,285,310,
lightskyblue,285,311,
lightskyblue,285,312,
lightskyblue,285,313,
lightskyblue,285,299,
lightskyblue,285,300,
lightskyblue,285,301,
lightskyblue,285,302,
lightskyblue,167,280,
lightskyblue,167,281,
lightskyblue,167,282,
lightskyblue,167,283,
lightskyblue,167,284,
lightskyblue,159,236,
lightskyblue,159,237,
lightskyblue,159,238,
lightskyblue,159,239,
lightskyblue,159,240,
lightskyblue,285,308,
lightskyblue,285,309,
lightskyblue,285,303,
lightskyblue,285,304,
lightskyblue,285,305,
lightskyblue,285,310,
lightskyblue,285,311,
lightskyblue,285,312,
lightskyblue,285,313,
lightskyblue,285,299,
lightskyblue,285,300,
lightskyblue,285,301,
lightskyblue,285,302,
lightskyblue,161,247,
lightskyblue,161,248,
lightskyblue,161,249,
lightskyblue,161,250,
lightskyblue,161,251,
lightskyblue,163,225,
lightskyblue,163,226,
lightskyblue,163,227,
lightskyblue,163,228,
lightskyblue,163,229,
lightskyblue,193,244,
lightskyblue,193,245,
lightskyblue,193,246,
lightskyblue,193,247,
lightskyblue,193,248,
lightskyblue,193,249,
lightskyblue,193,250,
lightskyblue,193,251,
lightskyblue,189,255,
lightskyblue,189,256,
lightskyblue,189,257,
lightskyblue,189,258,
lightskyblue,189,259,
lightskyblue,189,260,
lightskyblue,189,261,
lightskyblue,189,262,
lightskyblue,185,266,
lightskyblue,185,267,
lightskyblue,185,268,
lightskyblue,185,269,
lightskyblue,185,270,
lightskyblue,185,271,
lightskyblue,185,272,
lightskyblue,185,273,
lightskyblue,183,277,
lightskyblue,183,278,
lightskyblue,183,279,
lightskyblue,183,280,
lightskyblue,183,281,
lightskyblue,183,282,
lightskyblue,183,283,
lightskyblue,183,284,
lightskyblue,187,222,
lightskyblue,187,223,
lightskyblue,187,224,
lightskyblue,187,225,
lightskyblue,187,226,
lightskyblue,187,227,
lightskyblue,187,228,
lightskyblue,187,229,
lightskyblue,191,233,
lightskyblue,191,234,
lightskyblue,191,235,
lightskyblue,191,236,
lightskyblue,191,237,
lightskyblue,191,238,
lightskyblue,191,239,
lightskyblue,191,240,
lightskyblue,289,298,
lightskyblue,289,306,
lightskyblue,289,300,
lightskyblue,289,301,
lightskyblue,289,302,
lightskyblue,289,303,
lightskyblue,289,304,
lightskyblue,289,305,
lightskyblue,289,307,
lightskyblue,289,308,
lightskyblue,289,309,
lightskyblue,289,310,
lightskyblue,289,311,
lightskyblue,289,312,
lightskyblue,289,313,
lightskyblue,289,299,
lightskyblue,189,255,
lightskyblue,189,256,
lightskyblue,189,257,
lightskyblue,189,258,
lightskyblue,189,259,
lightskyblue,189,260,
lightskyblue,189,261,
lightskyblue,189,262,
lightskyblue,191,233,
lightskyblue,191,234,
lightskyblue,191,235,
lightskyblue,191,236,
lightskyblue,191,237,
lightskyblue,191,238,
lightskyblue,191,239,
lightskyblue,191,240,
lightskyblue,289,298,
lightskyblue,289,306,
lightskyblue,289,300,
lightskyblue,289,301,
lightskyblue,289,302,
lightskyblue,289,303,
lightskyblue,289,304,
lightskyblue,289,305,
lightskyblue,289,307,
lightskyblue,289,308,
lightskyblue,289,309,
lightskyblue,289,310,
lightskyblue,289,311,
lightskyblue,289,312,
lightskyblue,289,313,
lightskyblue,289,299,
lightskyblue,193,244,
lightskyblue,193,245,
lightskyblue,193,246,
lightskyblue,193,247,
lightskyblue,193,248,
lightskyblue,193,249,
lightskyblue,193,250,
lightskyblue,193,251,
lightskyblue,185,266,
lightskyblue,185,267,
lightskyblue,185,268,
lightskyblue,185,269,
lightskyblue,185,270,
lightskyblue,185,271,
lightskyblue,185,272,
lightskyblue,185,273,
lightskyblue,289,298,
lightskyblue,289,306,
lightskyblue,289,300,
lightskyblue,289,301,
lightskyblue,289,302,
lightskyblue,289,303,
lightskyblue,289,304,
lightskyblue,289,305,
lightskyblue,289,307,
lightskyblue,289,308,
lightskyblue,289,309,
lightskyblue,289,310,
lightskyblue,289,311,
lightskyblue,289,312,
lightskyblue,289,313,
lightskyblue,289,299,
lightskyblue,189,255,
lightskyblue,189,256,
lightskyblue,189,257,
lightskyblue,189,258,
lightskyblue,189,259,
lightskyblue,189,260,
lightskyblue,189,261,
lightskyblue,189,262,
lightskyblue,183,277,
lightskyblue,183,278,
lightskyblue,183,279,
lightskyblue,183,280,
lightskyblue,183,281,
lightskyblue,183,282,
lightskyblue,183,283,
lightskyblue,183,284,
lightskyblue,289,298,
lightskyblue,289,306,
lightskyblue,289,300,
lightskyblue,289,301,
lightskyblue,289,302,
lightskyblue,289,303,
lightskyblue,289,304,
lightskyblue,289,305,
lightskyblue,289,307,
lightskyblue,289,308,
lightskyblue,289,309,
lightskyblue,289,310,
lightskyblue,289,311,
lightskyblue,289,312,
lightskyblue,289,313,
lightskyblue,289,299,
lightskyblue,185,266,
lightskyblue,185,267,
lightskyblue,185,268,
lightskyblue,185,269,
lightskyblue,185,270,
lightskyblue,185,271,
lightskyblue,185,272,
lightskyblue,185,273,
lightskyblue,187,222,
lightskyblue,187,223,
lightskyblue,187,224,
lightskyblue,187,225,
lightskyblue,187,226,
lightskyblue,187,227,
lightskyblue,187,228,
lightskyblue,187,229,
lightskyblue,289,298,
lightskyblue,289,306,
lightskyblue,289,300,
lightskyblue,289,301,
lightskyblue,289,302,
lightskyblue,289,303,
lightskyblue,289,304,
lightskyblue,289,305,
lightskyblue,289,307,
lightskyblue,289,308,
lightskyblue,289,309,
lightskyblue,289,310,
lightskyblue,289,311,
lightskyblue,289,312,
lightskyblue,289,313,
lightskyblue,289,299,
lightskyblue,183,277,
lightskyblue,183,278,
lightskyblue,183,279,
lightskyblue,183,280,
lightskyblue,183,281,
lightskyblue,183,282,
lightskyblue,183,283,
lightskyblue,183,284,
lightskyblue,191,233,
lightskyblue,191,234,
lightskyblue,191,235,
lightskyblue,191,236,
lightskyblue,191,237,
lightskyblue,191,238,
lightskyblue,191,239,
lightskyblue,191,240,
lightskyblue,289,298,
lightskyblue,289,306,
lightskyblue,289,300,
lightskyblue,289,301,
lightskyblue,289,302,
lightskyblue,289,303,
lightskyblue,289,304,
lightskyblue,289,305,
lightskyblue,289,307,
lightskyblue,289,308,
lightskyblue,289,309,
lightskyblue,289,310,
lightskyblue,289,311,
lightskyblue,289,312,
lightskyblue,289,313,
lightskyblue,289,299,
lightskyblue,193,244,
lightskyblue,193,245,
lightskyblue,193,246,
lightskyblue,193,247,
lightskyblue,193,248,
lightskyblue,193,249,
lightskyblue,193,250,
lightskyblue,193,251,
lightskyblue,187,222,
lightskyblue,187,223,
lightskyblue,187,224,
lightskyblue,187,225,
lightskyblue,187,226,
lightskyblue,187,227,
lightskyblue,187,228,
lightskyblue,187,229,
lightskyblue,173,245,
lightskyblue,173,246,
lightskyblue,173,247,
lightskyblue,173,248,
lightskyblue,173,249,
lightskyblue,173,250,
lightskyblue,173,251,
lightskyblue,171,256,
lightskyblue,171,257,
lightskyblue,171,258,
lightskyblue,171,259,
lightskyblue,171,260,
lightskyblue,171,261,
lightskyblue,171,262,
lightskyblue,175,267,
lightskyblue,175,268,
lightskyblue,175,269,
lightskyblue,175,270,
lightskyblue,175,271,
lightskyblue,175,272,
lightskyblue,175,273,
lightskyblue,179,278,
lightskyblue,179,279,
lightskyblue,179,280,
lightskyblue,179,281,
lightskyblue,179,282,
lightskyblue,179,283,
lightskyblue,179,284,
lightskyblue,181,223,
lightskyblue,181,224,
lightskyblue,181,225,
lightskyblue,181,226,
lightskyblue,181,227,
lightskyblue,181,228,
lightskyblue,181,229,
lightskyblue,177,234,
lightskyblue,177,235,
lightskyblue,177,236,
lightskyblue,177,237,
lightskyblue,177,238,
lightskyblue,177,239,
lightskyblue,177,240,
lightskyblue,287,306,
lightskyblue,287,307,
lightskyblue,287,301,
lightskyblue,287,302,
lightskyblue,287,303,
lightskyblue,287,304,
lightskyblue,287,305,
lightskyblue,287,308,
lightskyblue,287,309,
lightskyblue,287,310,
lightskyblue,287,311,
lightskyblue,287,312,
lightskyblue,287,313,
lightskyblue,287,299,
lightskyblue,287,300,
lightskyblue,171,256,
lightskyblue,171,257,
lightskyblue,171,258,
lightskyblue,171,259,
lightskyblue,171,260,
lightskyblue,171,261,
lightskyblue,171,262,
lightskyblue,177,234,
lightskyblue,177,235,
lightskyblue,177,236,
lightskyblue,177,237,
lightskyblue,177,238,
lightskyblue,177,239,
lightskyblue,177,240,
lightskyblue,287,306,
lightskyblue,287,307,
lightskyblue,287,301,
lightskyblue,287,302,
lightskyblue,287,303,
lightskyblue,287,304,
lightskyblue,287,305,
lightskyblue,287,308,
lightskyblue,287,309,
lightskyblue,287,310,
lightskyblue,287,311,
lightskyblue,287,312,
lightskyblue,287,313,
lightskyblue,287,299,
lightskyblue,287,300,
lightskyblue,173,245,
lightskyblue,173,246,
lightskyblue,173,247,
lightskyblue,173,248,
lightskyblue,173,249,
lightskyblue,173,250,
lightskyblue,173,251,
lightskyblue,175,267,
lightskyblue,175,268,
lightskyblue,175,269,
lightskyblue,175,270,
lightskyblue,175,271,
lightskyblue,175,272,
lightskyblue,175,273,
lightskyblue,287,306,
lightskyblue,287,307,
lightskyblue,287,301,
lightskyblue,287,302,
lightskyblue,287,303,
lightskyblue,287,304,
lightskyblue,287,305,
lightskyblue,287,308,
lightskyblue,287,309,
lightskyblue,287,310,
lightskyblue,287,311,
lightskyblue,287,312,
lightskyblue,287,313,
lightskyblue,287,299,
lightskyblue,287,300,
lightskyblue,171,256,
lightskyblue,171,257,
lightskyblue,171,258,
lightskyblue,171,259,
lightskyblue,171,260,
lightskyblue,171,261,
lightskyblue,171,262,
lightskyblue,179,278,
lightskyblue,179,279,
lightskyblue,179,280,
lightskyblue,179,281,
lightskyblue,179,282,
lightskyblue,179,283,
lightskyblue,179,284,
lightskyblue,287,306,
lightskyblue,287,307,
lightskyblue,287,301,
lightskyblue,287,302,
lightskyblue,287,303,
lightskyblue,287,304,
lightskyblue,287,305,
lightskyblue,287,308,
lightskyblue,287,309,
lightskyblue,287,310,
lightskyblue,287,311,
lightskyblue,287,312,
lightskyblue,287,313,
lightskyblue,287,299,
lightskyblue,287,300,
lightskyblue,175,267,
lightskyblue,175,268,
lightskyblue,175,269,
lightskyblue,175,270,
lightskyblue,175,271,
lightskyblue,175,272,
lightskyblue,175,273,
lightskyblue,181,223,
lightskyblue,181,224,
lightskyblue,181,225,
lightskyblue,181,226,
lightskyblue,181,227,
lightskyblue,181,228,
lightskyblue,181,229,
lightskyblue,287,306,
lightskyblue,287,307,
lightskyblue,287,301,
lightskyblue,287,302,
lightskyblue,287,303,
lightskyblue,287,304,
lightskyblue,287,305,
lightskyblue,287,308,
lightskyblue,287,309,
lightskyblue,287,310,
lightskyblue,287,311,
lightskyblue,287,312,
lightskyblue,287,313,
lightskyblue,287,299,
lightskyblue,287,300,
lightskyblue,179,278,
lightskyblue,179,279,
lightskyblue,179,280,
lightskyblue,179,281,
lightskyblue,179,282,
lightskyblue,179,283,
lightskyblue,179,284,
lightskyblue,177,234,
lightskyblue,177,235,
lightskyblue,177,236,
lightskyblue,177,237,
lightskyblue,177,238,
lightskyblue,177,239,
lightskyblue,177,240,
lightskyblue,287,306,
lightskyblue,287,307,
lightskyblue,287,301,
lightskyblue,287,302,
lightskyblue,287,303,
lightskyblue,287,304,
lightskyblue,287,305,
lightskyblue,287,308,
lightskyblue,287,309,
lightskyblue,287,310,
lightskyblue,287,311,
lightskyblue,287,312,
lightskyblue,287,313,
lightskyblue,287,299,
lightskyblue,287,300,
lightskyblue,173,245,
lightskyblue,173,246,
lightskyblue,173,247,
lightskyblue,173,248,
lightskyblue,173,249,
lightskyblue,173,250,
lightskyblue,173,251,
lightskyblue,181,223,
lightskyblue,181,224,
lightskyblue,181,225,
lightskyblue,181,226,
lightskyblue,181,227,
lightskyblue,181,228,
lightskyblue,181,229,
lightskyblue,209,244,
lightskyblue,209,245,
lightskyblue,209,246,
lightskyblue,209,247,
lightskyblue,209,248,
lightskyblue,209,249,
lightskyblue,209,250,
lightskyblue,209,251,
lightskyblue,211,255,
lightskyblue,211,256,
lightskyblue,211,257,
lightskyblue,211,258,
lightskyblue,211,259,
lightskyblue,211,260,
lightskyblue,211,261,
lightskyblue,211,262,
lightskyblue,207,266,
lightskyblue,207,267,
lightskyblue,207,268,
lightskyblue,207,269,
lightskyblue,207,270,
lightskyblue,207,271,
lightskyblue,207,272,
lightskyblue,207,273,
lightskyblue,197,277,
lightskyblue,197,278,
lightskyblue,197,279,
lightskyblue,197,280,
lightskyblue,197,281,
lightskyblue,197,282,
lightskyblue,197,283,
lightskyblue,197,284,
lightskyblue,195,222,
lightskyblue,195,223,
lightskyblue,195,224,
lightskyblue,195,225,
lightskyblue,195,226,
lightskyblue,195,227,
lightskyblue,195,228,
lightskyblue,195,229,
lightskyblue,199,233,
lightskyblue,199,234,
lightskyblue,199,235,
lightskyblue,199,236,
lightskyblue,199,237,
lightskyblue,199,238,
lightskyblue,199,239,
lightskyblue,199,240,
lightskyblue,291,298,
lightskyblue,291,306,
lightskyblue,291,300,
lightskyblue,291,301,
lightskyblue,291,302,
lightskyblue,291,303,
lightskyblue,291,304,
lightskyblue,291,305,
lightskyblue,291,307,
lightskyblue,291,308,
lightskyblue,291,309,
lightskyblue,291,310,
lightskyblue,291,311,
lightskyblue,291,312,
lightskyblue,291,313,
lightskyblue,291,299,
lightskyblue,211,255,
lightskyblue,211,256,
lightskyblue,211,257,
lightskyblue,211,258,
lightskyblue,211,259,
lightskyblue,211,260,
lightskyblue,211,261,
lightskyblue,211,262,
lightskyblue,199,233,
lightskyblue,199,234,
lightskyblue,199,235,
lightskyblue,199,236,
lightskyblue,199,237,
lightskyblue,199,238,
lightskyblue,199,239,
lightskyblue,199,240,
lightskyblue,291,298,
lightskyblue,291,306,
lightskyblue,291,300,
lightskyblue,291,301,
lightskyblue,291,302,
lightskyblue,291,303,
lightskyblue,291,304,
lightskyblue,291,305,
lightskyblue,291,307,
lightskyblue,291,308,
lightskyblue,291,309,
lightskyblue,291,310,
lightskyblue,291,311,
lightskyblue,291,312,
lightskyblue,291,313,
lightskyblue,291,299,
lightskyblue,209,244,
lightskyblue,209,245,
lightskyblue,209,246,
lightskyblue,209,247,
lightskyblue,209,248,
lightskyblue,209,249,
lightskyblue,209,250,
lightskyblue,209,251,
lightskyblue,207,266,
lightskyblue,207,267,
lightskyblue,207,268,
lightskyblue,207,269,
lightskyblue,207,270,
lightskyblue,207,271,
lightskyblue,207,272,
lightskyblue,207,273,
lightskyblue,291,298,
lightskyblue,291,306,
lightskyblue,291,300,
lightskyblue,291,301,
lightskyblue,291,302,
lightskyblue,291,303,
lightskyblue,291,304,
lightskyblue,291,305,
lightskyblue,291,307,
lightskyblue,291,308,
lightskyblue,291,309,
lightskyblue,291,310,
lightskyblue,291,311,
lightskyblue,291,312,
lightskyblue,291,313,
lightskyblue,291,299,
lightskyblue,211,255,
lightskyblue,211,256,
lightskyblue,211,257,
lightskyblue,211,258,
lightskyblue,211,259,
lightskyblue,211,260,
lightskyblue,211,261,
lightskyblue,211,262,
lightskyblue,197,277,
lightskyblue,197,278,
lightskyblue,197,279,
lightskyblue,197,280,
lightskyblue,197,281,
lightskyblue,197,282,
lightskyblue,197,283,
lightskyblue,197,284,
lightskyblue,291,298,
lightskyblue,291,306,
lightskyblue,291,300,
lightskyblue,291,301,
lightskyblue,291,302,
lightskyblue,291,303,
lightskyblue,291,304,
lightskyblue,291,305,
lightskyblue,291,307,
lightskyblue,291,308,
lightskyblue,291,309,
lightskyblue,291,310,
lightskyblue,291,311,
lightskyblue,291,312,
lightskyblue,291,313,
lightskyblue,291,299,
lightskyblue,207,266,
lightskyblue,207,267,
lightskyblue,207,268,
lightskyblue,207,269,
lightskyblue,207,270,
lightskyblue,207,271,
lightskyblue,207,272,
lightskyblue,207,273,
lightskyblue,195,222,
lightskyblue,195,223,
lightskyblue,195,224,
lightskyblue,195,225,
lightskyblue,195,226,
lightskyblue,195,227,
lightskyblue,195,228,
lightskyblue,195,229,
lightskyblue,291,298,
lightskyblue,291,306,
lightskyblue,291,300,
lightskyblue,291,301,
lightskyblue,291,302,
lightskyblue,291,303,
lightskyblue,291,304,
lightskyblue,291,305,
lightskyblue,291,307,
lightskyblue,291,308,
lightskyblue,291,309,
lightskyblue,291,310,
lightskyblue,291,311,
lightskyblue,291,312,
lightskyblue,291,313,
lightskyblue,291,299,
lightskyblue,197,277,
lightskyblue,197,278,
lightskyblue,197,279,
lightskyblue,197,280,
lightskyblue,197,281,
lightskyblue,197,282,
lightskyblue,197,283,
lightskyblue,197,284,
lightskyblue,199,233,
lightskyblue,199,234,
lightskyblue,199,235,
lightskyblue,199,236,
lightskyblue,199,237,
lightskyblue,199,238,
lightskyblue,199,239,
lightskyblue,199,240,
lightskyblue,291,298,
lightskyblue,291,306,
lightskyblue,291,300,
lightskyblue,291,301,
lightskyblue,291,302,
lightskyblue,291,303,
lightskyblue,291,304,
lightskyblue,291,305,
lightskyblue,291,307,
lightskyblue,291,308,
lightskyblue,291,309,
lightskyblue,291,310,
lightskyblue,291,311,
lightskyblue,291,312,
lightskyblue,291,313,
lightskyblue,291,299,
lightskyblue,209,244,
lightskyblue,209,245,
lightskyblue,209,246,
lightskyblue,209,247,
lightskyblue,209,248,
lightskyblue,209,249,
lightskyblue,209,250,
lightskyblue,209,251,
lightskyblue,195,222,
lightskyblue,195,223,
lightskyblue,195,224,
lightskyblue,195,225,
lightskyblue,195,226,
lightskyblue,195,227,
lightskyblue,195,228,
lightskyblue,195,229,
lightskyblue,213,248,
lightskyblue,213,249,
lightskyblue,213,250,
lightskyblue,213,251,
lightskyblue,215,259,
lightskyblue,215,260,
lightskyblue,215,261,
lightskyblue,215,262,
lightskyblue,217,270,
lightskyblue,217,271,
lightskyblue,217,272,
lightskyblue,217,273,
lightskyblue,203,281,
lightskyblue,203,282,
lightskyblue,203,283,
lightskyblue,203,284,
lightskyblue,201,226,
lightskyblue,201,227,
lightskyblue,201,228,
lightskyblue,201,229,
lightskyblue,205,237,
lightskyblue,205,238,
lightskyblue,205,239,
lightskyblue,205,240,
lightskyblue,293,309,
lightskyblue,293,310,
lightskyblue,293,304,
lightskyblue,293,305,
lightskyblue,293,311,
lightskyblue,293,312,
lightskyblue,293,313,
lightskyblue,293,299,
lightskyblue,293,300,
lightskyblue,293,301,
lightskyblue,293,302,
lightskyblue,293,303,
lightskyblue,215,259,
lightskyblue,215,260,
lightskyblue,215,261,
lightskyblue,215,262,
lightskyblue,205,237,
lightskyblue,205,238,
lightskyblue,205,239,
lightskyblue,205,240,
lightskyblue,293,309,
lightskyblue,293,310,
lightskyblue,293,304,
lightskyblue,293,305,
lightskyblue,293,311,
lightskyblue,293,312,
lightskyblue,293,313,
lightskyblue,293,299,
lightskyblue,293,300,
lightskyblue,293,301,
lightskyblue,293,302,
lightskyblue,293,303,
lightskyblue,213,248,
lightskyblue,213,249,
lightskyblue,213,250,
lightskyblue,213,251,
lightskyblue,217,270,
lightskyblue,217,271,
lightskyblue,217,272,
lightskyblue,217,273,
lightskyblue,293,309,
lightskyblue,293,310,
lightskyblue,293,304,
lightskyblue,293,305,
lightskyblue,293,311,
lightskyblue,293,312,
lightskyblue,293,313,
lightskyblue,293,299,
lightskyblue,293,300,
lightskyblue,293,301,
lightskyblue,293,302,
lightskyblue,293,303,
lightskyblue,215,259,
lightskyblue,215,260,
lightskyblue,215,261,
lightskyblue,215,262,
lightskyblue,203,281,
lightskyblue,203,282,
lightskyblue,203,283,
lightskyblue,203,284,
lightskyblue,293,309,
lightskyblue,293,310,
lightskyblue,293,304,
lightskyblue,293,305,
lightskyblue,293,311,
lightskyblue,293,312,
lightskyblue,293,313,
lightskyblue,293,299,
lightskyblue,293,300,
lightskyblue,293,301,
lightskyblue,293,302,
lightskyblue,293,303,
lightskyblue,217,270,
lightskyblue,217,271,
lightskyblue,217,272,
lightskyblue,217,273,
lightskyblue,201,226,
lightskyblue,201,227,
lightskyblue,201,228,
lightskyblue,201,229,
lightskyblue,293,309,
lightskyblue,293,310,
lightskyblue,293,304,
lightskyblue,293,305,
lightskyblue,293,311,
lightskyblue,293,312,
lightskyblue,293,313,
lightskyblue,293,299,
lightskyblue,293,300,
lightskyblue,293,301,
lightskyblue,293,302,
lightskyblue,293,303,
lightskyblue,203,281,
lightskyblue,203,282,
lightskyblue,203,283,
lightskyblue,203,284,
lightskyblue,205,237,
lightskyblue,205,238,
lightskyblue,205,239,
lightskyblue,205,240,
lightskyblue,293,309,
lightskyblue,293,310,
lightskyblue,293,304,
lightskyblue,293,305,
lightskyblue,293,311,
lightskyblue,293,312,
lightskyblue,293,313,
lightskyblue,293,299,
lightskyblue,293,300,
lightskyblue,293,301,
lightskyblue,293,302,
lightskyblue,293,303,
lightskyblue,213,248,
lightskyblue,213,249,
lightskyblue,213,250,
lightskyblue,213,251,
lightskyblue,201,226,
lightskyblue,201,227,
lightskyblue,201,228,
lightskyblue,201,229,
lightskyblue,241,247,
lightskyblue,241,248,
lightskyblue,241,249,
lightskyblue,241,250,
lightskyblue,241,251,
lightskyblue,252,258,
lightskyblue,252,259,
lightskyblue,252,260,
lightskyblue,252,261,
lightskyblue,252,262,
lightskyblue,263,269,
lightskyblue,263,270,
lightskyblue,263,271,
lightskyblue,263,272,
lightskyblue,263,273,
lightskyblue,274,280,
lightskyblue,274,281,
lightskyblue,274,282,
lightskyblue,274,283,
lightskyblue,274,284,
lightskyblue,219,225,
lightskyblue,219,226,
lightskyblue,219,227,
lightskyblue,219,228,
lightskyblue,219,229,
lightskyblue,230,236,
lightskyblue,230,237,
lightskyblue,230,238,
lightskyblue,230,239,
lightskyblue,230,240,
lightskyblue,295,308,
lightskyblue,295,309,
lightskyblue,295,303,
lightskyblue,295,304,
lightskyblue,295,305,
lightskyblue,295,310,
lightskyblue,295,311,
lightskyblue,295,312,
lightskyblue,295,313,
lightskyblue,295,299,
lightskyblue,295,300,
lightskyblue,295,301,
lightskyblue,295,302,
lightskyblue,252,258,
lightskyblue,252,259,
lightskyblue,252,260,
lightskyblue,252,261,
lightskyblue,252,262,
lightskyblue,230,236,
lightskyblue,230,237,
lightskyblue,230,238,
lightskyblue,230,239,
lightskyblue,230,240,
lightskyblue,295,308,
lightskyblue,295,309,
lightskyblue,295,303,
lightskyblue,295,304,
lightskyblue,295,305,
lightskyblue,295,310,
lightskyblue,295,311,
lightskyblue,295,312,
lightskyblue,295,313,
lightskyblue,295,299,
lightskyblue,295,300,
lightskyblue,295,301,
lightskyblue,295,302,
lightskyblue,241,247,
lightskyblue,241,248,
lightskyblue,241,249,
lightskyblue,241,250,
lightskyblue,241,251,
lightskyblue,263,269,
lightskyblue,263,270,
lightskyblue,263,271,
lightskyblue,263,272,
lightskyblue,263,273,
lightskyblue,295,308,
lightskyblue,295,309,
lightskyblue,295,303,
lightskyblue,295,304,
lightskyblue,295,305,
lightskyblue,295,310,
lightskyblue,295,311,
lightskyblue,295,312,
lightskyblue,295,313,
lightskyblue,295,299,
lightskyblue,295,300,
lightskyblue,295,301,
lightskyblue,295,302,
lightskyblue,252,258,
lightskyblue,252,259,
lightskyblue,252,260,
lightskyblue,252,261,
lightskyblue,252,262,
lightskyblue,274,280,
lightskyblue,274,281,
lightskyblue,274,282,
lightskyblue,274,283,
lightskyblue,274,284,
lightskyblue,295,308,
lightskyblue,295,309,
lightskyblue,295,303,
lightskyblue,295,304,
lightskyblue,295,305,
lightskyblue,295,310,
lightskyblue,295,311,
lightskyblue,295,312,
lightskyblue,295,313,
lightskyblue,295,299,
lightskyblue,295,300,
lightskyblue,295,301,
lightskyblue,295,302,
lightskyblue,263,269,
lightskyblue,263,270,
lightskyblue,263,271,
lightskyblue,263,272,
lightskyblue,263,273,
lightskyblue,219,225,
lightskyblue,219,226,
lightskyblue,219,227,
lightskyblue,219,228,
lightskyblue,219,229,
lightskyblue,295,308,
lightskyblue,295,309,
lightskyblue,295,303,
lightskyblue,295,304,
lightskyblue,295,305,
lightskyblue,295,310,
lightskyblue,295,311,
lightskyblue,295,312,
lightskyblue,295,313,
lightskyblue,295,299,
lightskyblue,295,300,
lightskyblue,295,301,
lightskyblue,295,302,
lightskyblue,274,280,
lightskyblue,274,281,
lightskyblue,274,282,
lightskyblue,274,283,
lightskyblue,274,284,
lightskyblue,230,236,
lightskyblue,230,237,
lightskyblue,230,238,
lightskyblue,230,239,
lightskyblue,230,240,
lightskyblue,295,308,
lightskyblue,295,309,
lightskyblue,295,303,
lightskyblue,295,304,
lightskyblue,295,305,
lightskyblue,295,310,
lightskyblue,295,311,
lightskyblue,295,312,
lightskyblue,295,313,
lightskyblue,295,299,
lightskyblue,295,300,
lightskyblue,295,301,
lightskyblue,295,302,
lightskyblue,241,247,
lightskyblue,241,248,
lightskyblue,241,249,
lightskyblue,241,250,
lightskyblue,241,251,
lightskyblue,219,225,
lightskyblue,219,226,
lightskyblue,219,227,
lightskyblue,219,228,
lightskyblue,219,229,
