0
0
0
0
0
0,67,239,263,110,245,79,230,70,64,76,98,73
0,91,88,191,85,82,275,140,155,638,94,212
0,97,100,103,233,106,248,65,113
0,68,109,266,118,101,251,158,112,124,127,115,121,293,215
0,133,194,136,278,130,173
0,197,145,148,281,142,151,139,176,83,455
0,169,200,116,166,163,182,154,218,160,296,86,157
0,284,172,143,175,178,131
0,184,542,187,181,161,299
0,134,193,146,221,89,190,205,287,164,202,199,208,254,196
0,257,203,226,290,92,217,211,214,167,220,119,223
0,232,71,260,235,104,229
0,238,241,74,269
0,256,236,244,250,224,206,259,122,253,107,247,77
0,268,271,302,80,125,265,242,262
0,283,277,95,149,280,179,286,274,137,227,209,289
0,272,295,185,301,292,128,170,298
0,310,362,313,316,307,389,320,304,443,353
0,328,325,395,322,305,419,335,331,365,319
0,340,377,337,323,334,422
0,343,431
0,346,458,398,349
0,355,392,358,308,446,352
0,361,401,367,373,326,425,364,434,370,311
0,376,338,410,382,385,379,449,506
0,314,356,388,391
0,368,406,461,329,347,397,400,428,394,403
0,412,409,380,452
0,415,437
0,418,427,341,404,332,371,421,424
0,344,433,374,430
0,439,436,464,416
0,442,383,445,317,359,641,451,413,448
0,463,152,457,460,407,454,350,440
0,466,620,584,605,469,472
0,475,478,548,563
0,614,481,487,484,644,551,490,587,494
0,502,590,496,554,493,499,617,482
0,518,511,530,593,508,514,386,505
0,566,533,509,523,629,520,517,526
0,532,521,538,512,596,529,535,569
0,544,623,188,541
0,550,556,497,547,476,485,572,559,599,553
0,479,562,635
0,557,571,580,574,565,602,632,608,568,577,524,536
0,583,467
0,598,601,575,488,592,595,560,515,589,500,586,539
0,470,610,578,607,626,604
0,616,613,503,491
0,545,473,622,619,611,625
0,628,631,527,581
0,634
0,637
0,640
0,643
0
0
1,780
1,64
1,65
1,786
1,67
1,68
1,787
1,70
1,71
1,798
1,73
1,74
1,795
1,76
1,77
1,795
1,79
1,80
1,787
1,82
1,83
1,785
1,85
1,86
1,796
1,88
1,89
1,787
1,91
1,92
1,797
1,94
1,95
1,786
1,97
1,98
1,786
1,100
1,101
1,797
1,103
1,104
1,784
1,106
1,107
1,787
1,109
1,110
1,787
1,112
1,113
1,797
1,115
1,116
1,797
1,118
1,119
1,793
1,121
1,122
1,794
1,124
1,125
1,782
1,127
1,128
1,790
1,130
1,131
1,789
1,133
1,134
1,796
1,136
1,137
1,790
1,139
1,140
1,785
1,142
1,143
1,790
1,145
1,146
1,795
1,148
1,149
1,786
1,151
1,152
1,801
1,154
1,155
1,796
1,157
1,158
1,797
1,160
1,161
1,793
1,163
1,164
1,796
1,166
1,167
1,794
1,169
1,170
1,795
1,172
1,173
1,789
1,175
1,176
1,790
1,178
1,179
1,790
1,181
1,182
1,793
1,184
1,185
1,793
1,187
1,188
1,803
1,190
1,191
1,787
1,193
1,194
1,796
1,196
1,197
1,795
1,199
1,200
1,796
1,202
1,203
1,782
1,205
1,206
1,795
1,208
1,209
1,783
1,211
1,212
1,797
1,214
1,215
1,793
1,217
1,218
1,794
1,220
1,221
1,782
1,223
1,224
1,787
1,226
1,227
1,794
1,229
1,230
1,798
1,232
1,233
1,784
1,235
1,236
1,796
1,238
1,239
1,795
1,241
1,242
1,796
1,244
1,245
1,795
1,247
1,248
1,787
1,250
1,251
1,794
1,253
1,254
1,795
1,256
1,257
1,787
1,259
1,260
1,796
1,262
1,263
1,787
1,265
1,266
1,782
1,268
1,269
1,796
1,271
1,272
1,786
1,274
1,275
1,786
1,277
1,278
1,790
1,280
1,281
1,786
1,283
1,284
1,790
1,286
1,287
1,783
1,289
1,290
1,794
1,292
1,293
1,790
1,295
1,296
1,795
1,298
1,299
1,793
1,301
1,302
1,786
1,304
1,305
1,797
1,307
1,308
1,783
1,310
1,311
1,798
1,313
1,314
1,798
1,316
1,317
1,791
1,319
1,320
1,797
1,322
1,323
1,783
1,325
1,326
1,791
1,328
1,329
1,799
1,331
1,332
1,783
1,334
1,335
1,783
1,337
1,338
1,798
1,340
1,341
1,791
1,343
1,344
1,796
1,346
1,347
1,792
1,349
1,350
1,799
1,352
1,353
1,783
1,355
1,356
1,786
1,358
1,359
1,792
1,361
1,362
1,798
1,364
1,365
1,791
1,367
1,368
1,786
1,370
1,371
1,782
1,373
1,374
1,794
1,376
1,377
1,798
1,379
1,380
1,787
1,382
1,383
1,795
1,385
1,386
1,802
1,388
1,389
1,798
1,391
1,392
1,786
1,394
1,395
1,799
1,397
1,398
1,792
1,400
1,401
1,786
1,403
1,404
1,787
1,406
1,407
1,796
1,409
1,410
1,787
1,412
1,413
1,794
1,415
1,416
1,792
1,418
1,419
1,783
1,421
1,422
1,791
1,424
1,425
1,782
1,427
1,428
1,787
1,430
1,431
1,796
1,433
1,434
1,794
1,436
1,437
1,792
1,439
1,440
1,800
1,442
1,443
1,791
1,445
1,446
1,792
1,448
1,449
1,795
1,451
1,452
1,794
1,454
1,455
1,801
1,457
1,458
1,799
1,460
1,461
1,796
1,463
1,464
1,800
1,466
1,467
1,781
1,469
1,470
1,798
1,472
1,473
1,795
1,475
1,476
1,796
1,478
1,479
1,799
1,481
1,482
1,786
1,484
1,485
1,798
1,487
1,488
1,796
1,490
1,491
1,790
1,493
1,494
1,786
1,496
1,497
1,783
1,499
1,500
1,796
1,502
1,503
1,798
1,505
1,506
1,802
1,508
1,509
1,795
1,511
1,512
1,784
1,514
1,515
1,794
1,517
1,518
1,795
1,520
1,521
1,792
1,523
1,524
1,799
1,526
1,527
1,789
1,529
1,530
1,784
1,532
1,533
1,792
1,535
1,536
1,799
1,538
1,539
1,782
1,541
1,542
1,803
1,544
1,545
1,794
1,547
1,548
1,796
1,550
1,551
1,798
1,553
1,554
1,783
1,556
1,557
1,792
1,559
1,560
1,797
1,562
1,563
1,799
1,565
1,566
1,799
1,568
1,569
1,799
1,571
1,572
1,792
1,574
1,575
1,795
1,577
1,578
1,795
1,580
1,581
1,788
1,583
1,584
1,781
1,586
1,587
1,796
1,589
1,590
1,796
1,592
1,593
1,794
1,595
1,596
1,782
1,598
1,599
1,797
1,601
1,602
1,795
1,604
1,605
1,798
1,607
1,608
1,795
1,610
1,611
1,786
1,613
1,614
1,790
1,616
1,617
1,798
1,619
1,620
1,795
1,622
1,623
1,794
1,625
1,626
1,786
1,628
1,629
1,789
1,631
1,632
1,788
2,634
2,635
2
2,637
2,638
2
2,640
2,641
2
2,643
2,644
2
3,776,730,663,665,670
3,777,666,672,733
3,732,662,729,668
3,646,664,775,661,671,718,647,667,669,645,717
3,675,688,740
3,739,690,677,736
3,684,692,747,680
3,681,743,694
3,737,686,683,742,678,746,674
3,721,652,720,651,722,649,653,687,778,673,676,650,679,693,682,691,685,719,689
3,700,697,751,710
3,712,753,750,699
3,702,714,757
3,716,761,706,703
3,760,754,696,708,756,705
3,715,659,713,726,707,658,655,657,725,704,724,723,698,711,779,695,709,701,656
4,662
4,663
4
4,665
4,666
4
4,668
4
4,670
4
4,672
4
4,674
4,675
4
4,677
4,678
4
4,680
4,681
4
4,683
4,684
4
4,686
4
4,688
4
4,690
4
4,692
4
4,694
4
4,696
4,697
4
4,699
4,700
4
4,702
4,703
4
4,705
4,706
4
4,708
4
4,710
4
4,712
4
4,714
4
4,716
4
5,727
5,731
5,734
5,738
5,741
5,744
5,748
5,752
5,755
5,758
6,728
6,729
6,730
6
6,732
6,733
6
6,735
6,736
6,737
6
6,739
6,740
6
6,742
6,743
6
6,745
6,746
6,747
6
6,749
6,750
6,751
6
6,753
6,754
6
6,756
6,757
6
6,759
6,760
6,761
6
14,62,778,779
14,300,618,555,591,219,234,510,132,78,486,252,183,162,99,504,120,603,369,543,63,327,204,489,246,84,384,66,465,507,447,264,270,366,315,390,396,540,573,243,180,582,615,381,330,144,549,402,168,423,174,294,606,357,519,207,123,126,192,90,417,588,585,393,72,483,576,105,198,231,261,87,111,225,276,321,279,492,240,375,309,498,438,450,282,624,171,303,258,471,237,93,147,213,432,513,564,627,342,345,201,552,420,558,360,216,411,141,339,528,117,522,150,336,81,468,531,189,249,324,96,255,501,459,534,456,775,426,408,462,273,399,474,429,480,495,102,135,129,153,165,288,441,186,594,435,579,75,348,621,477,546,195,285,372,405,363,414,114,378,210,630,516,561,570,156,351,138,354,600,453,525,444,318,267,228,387,297,567,333,108,609,159,222,177,597,291,312,537,306,69,612
12,633,731,673,728,698,738,642,749,636,661,639,695
12,755,682,759,741,745,704
12,701,679
12,676,735,752
12,664
12,713,693,691,715
12
12,687,671,669,709
12,711,689
12
12,667,685,707
7,776
7,777
7
7,780
7,780
15
15
15
15
15
15
15
15
15
15
15
15
15
15
15
15
15
15
15
15
15
15
15
15