0
0
0
0
0
0,26,29,57,66
0,60,42,51,38,32,35
0,44,41,47,33,63,54
0,45,50,36,53
0,39,62,59,48,56,27
0,126,30,65,68,72
0,69,71,84,80,120,123,111,102,117,77,74,93
0,75,89,83,96,86,105
0,95,87,92,98,108,78
0,101,107,81,99,90,104,114
0,110
0,113
0,116
0,119
0,122
0,125
0
0
0
1,262
1,26
1,27
1,265
1,29
1,30
1,275
1,32
1,33
1,268
1,35
1,36
1,270
1,38
1,39
1,274
1,41
1,42
1,268
1,44
1,45
1,264
1,47
1,48
1,272
1,50
1,51
1,270
1,53
1,54
1,264
1,56
1,57
1,265
1,59
1,60
1,274
1,62
1,63
1,272
1,65
1,66
1,275
1,68
1,69
1,273
1,71
1,72
1,273
1,74
1,75
1,270
1,77
1,78
1,267
1,80
1,81
1,269
1,83
1,84
1,270
1,86
1,87
1,266
1,89
1,90
1,271
1,92
1,93
1,267
1,95
1,96
1,266
1,98
1,99
1,263
1,101
1,102
1,269
1,104
1,105
1,271
1,107
1,108
1,263
2,110
2,111
2
2,113
2,114
2
2,116
2,117
2
2,119
2,120
2
2,122
2,123
2
2,125
2,126
2
3,212,145,147,258,152
3,154,148,215,259
3,150,214,144,211
3,153,151,200,128,146,127,129,143,257,199,149
3,170,222,157
3,221,218,172,159
3,166,162,229,174
3,163,176,225
3,168,165,224,228,156,160,219
3,164,161,175,173,203,134,167,202,169,201,133,204,260,155,131,158,135,132,171
3,233,192,179,182
3,194,235,232,181
3,184,239,196
3,188,198,243,185
3,242,236,187,238,178,190
3,139,189,205,180,140,193,137,261,177,191,208,197,141,207,186,206,183,138,195
4,144
4,145
4
4,147
4,148
4
4,150
4
4,152
4
4,154
4
4,156
4,157
4
4,159
4,160
4
4,162
4,163
4
4,165
4,166
4
4,168
4
4,170
4
4,172
4
4,174
4
4,176
4
4,178
4,179
4
4,181
4,182
4
4,184
4,185
4
4,187
4,188
4
4,190
4
4,192
4
4,194
4
4,196
4
4,198
4
5,209
5,213
5,216
5,220
5,223
5,226
5,230
5,234
5,237
5,240
6,210
6,211
6,212
6
6,214
6,215
6
6,217
6,218
6,219
6
6,221
6,222
6
6,224
6,225
6
6,227
6,228
6,229
6
6,231
6,232
6,233
6
6,235
6,236
6
6,238
6,239
6
6,241
6,242
6,243
6
14,24,260,261
14,94,85,88,61,52,82,76,25,103,79,37,34,43,40,67,46,100,49,58,73,28,257,70,64,97,91,31,106,55
12,155,210,231,109,180,112,143,124,220,213,115,177,118,121
12,237,164,241,227,223,186
12,183,161
12,158,217,234
12,146
12,195,173,197,175
12
12,151,191,169,153
12,171,193
12
12,149,189,167
7,258
7,259
7
7,262
7,262
15
15
15
15
15
15
15
15
15
15
15
15
15
15