0
0
0
0
0
0,28,31,44,50
0,89,53,34,37
0,47,40
0,29,43,46,41
0,32,52,49,35
0,110,55,61,65,98,74,58,80
0,83,67,104,116,70,77,64,56
0,73,76,68,59
0,119,71,92,101,79,107,62,85,82
0,88,113,95,91,38,86
0,94
0,97
0,100
0,103
0,106
0,109
0,112
0,115
0,118
0
0
1,255
1,28
1,29
1,260
1,31
1,32
1,258
1,34
1,35
1,257
1,37
1,38
1,263
1,40
1,41
1,261
1,43
1,44
1,260
1,46
1,47
1,261
1,49
1,50
1,258
1,52
1,53
1,257
1,55
1,56
1,256
1,58
1,59
1,259
1,61
1,62
1,257
1,64
1,65
1,256
1,67
1,68
1,256
1,70
1,71
1,262
1,73
1,74
1,259
1,76
1,77
1,256
1,79
1,80
1,257
1,82
1,83
1,262
1,85
1,86
1,258
1,88
1,89
1,263
1,91
1,92
1,258
2,94
2,95
2
2,97
2,98
2
2,100
2,101
2
2,103
2,104
2
2,106
2,107
2
2,109
2,110
2
2,112
2,113
2
2,115
2,116
2
2,118
2,119
2
3,205,138,140,251,145
3,147,141,208,252
3,143,207,137,204
3,146,144,193,121,139,120,122,136,250,192,142
3,163,215,150
3,214,211,165,152
3,159,155,222,167
3,156,169,218
3,161,158,217,149,221,153,212
3,157,154,168,166,196,127,160,195,194,162,126,197,253,148,124,151,128,125,164
3,226,185,172,175
3,187,228,225,174
3,232,177,189
3,181,191,236,178
3,235,231,229,180,171,183
3,190,182,198,173,133,134,130,254,170,184,186,200,179,176,131,132,188,199,201
4,137
4,138
4
4,140
4,141
4
4,143
4
4,145
4
4,147
4
4,149
4,150
4
4,152
4,153
4
4,155
4,156
4
4,158
4,159
4
4,161
4
4,163
4
4,165
4
4,167
4
4,169
4
4,171
4,172
4
4,174
4,175
4
4,177
4,178
4
4,180
4,181
4
4,183
4
4,185
4
4,187
4
4,189
4
4,191
4
5,202
5,206
5,209
5,213
5,216
5,219
5,223
5,227
5,230
5,233
6,203
6,204
6,205
6
6,207
6,208
6
6,210
6,211
6,212
6
6,214
6,215
6
6,217
6,218
6
6,220
6,221
6,222
6
6,224
6,225
6,226
6
6,228
6,229
6
6,231
6,232
6
6,234
6,235
6,236
6
14,26,253,254
14,39,87,90,63,54,84,78,27,81,36,45,42,69,48,51,60,75,30,250,66,33,57,72
12,148,114,224,203,117,111,93,105,173,96,136,108,213,206,170,102,99
12,230,157,234,220,216,179
12,176,154
12,151,210,227
12,139
12,188,166,190,168
12
12,144,184,162,146
12,164,186
12
12,142,182,160
7,251
7,252
7
7,255
7,255
15
15
15
15
15
15
15
15
15