0
0
0
0
0
0,28,31,59,68
0,62,44,53,40,34,37
0,46,43,49,35,65,56
0,47,52,38,55
0,41,64,61,50,58,29
0,32,67,125,70,74
0,128,71,73,137,116,86,82,122,134,104,119,79,76,95
0,77,91,131,85,98,88,107
0,97,89,94,100,110,80
0,103,109,83,101,92,113,106
0,112
0,115
0,118
0,121
0,124
0,127
0,130
0,133
0,136
0
0
1,273
1,28
1,29
1,276
1,31
1,32
1,286
1,34
1,35
1,279
1,37
1,38
1,281
1,40
1,41
1,285
1,43
1,44
1,279
1,46
1,47
1,275
1,49
1,50
1,283
1,52
1,53
1,281
1,55
1,56
1,275
1,58
1,59
1,276
1,61
1,62
1,285
1,64
1,65
1,283
1,67
1,68
1,286
1,70
1,71
1,284
1,73
1,74
1,284
1,76
1,77
1,281
1,79
1,80
1,278
1,82
1,83
1,280
1,85
1,86
1,281
1,88
1,89
1,277
1,91
1,92
1,282
1,94
1,95
1,278
1,97
1,98
1,277
1,100
1,101
1,274
1,103
1,104
1,280
1,106
1,107
1,282
1,109
1,110
1,274
2,112
2,113
2
2,115
2,116
2
2,118
2,119
2
2,121
2,122
2
2,124
2,125
2
2,127
2,128
2
2,130
2,131
2
2,133
2,134
2
2,136
2,137
2
3,223,156,158,269,163
3,165,159,226,270
3,161,225,155,222
3,164,162,211,139,157,138,140,154,268,210,160
3,181,233,168
3,232,229,183,170
3,177,173,240,185
3,174,187,236
3,179,176,235,239,167,171,230
3,175,172,186,184,214,145,178,213,180,212,144,215,271,166,142,169,146,143,182
3,244,203,190,193
3,205,246,243,192
3,195,250,207
3,199,209,254,196
3,253,247,198,249,189,201
3,150,200,216,191,151,204,152,148,272,188,202,219,208,218,197,217,194,149,206
4,155
4,156
4
4,158
4,159
4
4,161
4
4,163
4
4,165
4
4,167
4,168
4
4,170
4,171
4
4,173
4,174
4
4,176
4,177
4
4,179
4
4,181
4
4,183
4
4,185
4
4,187
4
4,189
4,190
4
4,192
4,193
4
4,195
4,196
4
4,198
4,199
4
4,201
4
4,203
4
4,205
4
4,207
4
4,209
4
5,220
5,224
5,227
5,231
5,234
5,237
5,241
5,245
5,248
5,251
6,221
6,222
6,223
6
6,225
6,226
6
6,228
6,229
6,230
6
6,232
6,233
6
6,235
6,236
6
6,238
6,239
6,240
6
6,242
6,243
6,244
6
6,246
6,247
6
6,249
6,250
6
6,252
6,253
6,254
6
14,26,271,272
14,96,87,90,63,54,84,78,27,105,81,39,36,45,42,69,48,51,60,102,75,30,268,72,66,99,93,33,108,57
12,166,132,221,135,129,242,111,191,114,154,126,231,224,117,188,120,123
12,248,175,252,238,234,197
12,194,172
12,169,228,245
12,157
12,206,184,208,186
12
12,162,202,180,164
12,182,204
12
12,160,200,178
7,269
7,270
7
7,273
7,273
15
15
15
15
15
15
15
15
15
15
15
15
15
15