0
0
0
0
0
0,36,57,63,26,42,23,69
0,29,45,72,51
0,60,48,39,32
0,38,33,35,24
0,54,66,44,30,27,41
0,47
0,50
0,53
0,56
0,59
0,62
0,65
0,68
0,71
0
0
1,208
1,23
1,24
1,211
1,26
1,27
1,210
1,29
1,30
1,209
1,32
1,33
1,212
1,35
1,36
1,211
1,38
1,39
1,212
1,41
1,42
1,210
1,44
1,45
1,209
2,47
2,48
2
2,50
2,51
2
2,53
2,54
2
2,56
2,57
2
2,59
2,60
2
2,62
2,63
2
2,65
2,66
2
2,68
2,69
2
2,71
2,72
2
3,158,93,204,91,98
3,100,205,94,161
3,96,160,90,157
3,73,145,75,89,203,74,99,95,92,97,146
3,168,103,116
3,118,164,105,167
3,120,112,175,108
3,109,122,171
3,102,174,114,111,106,165,170
3,149,110,77,117,147,115,79,148,104,80,113,81,150,121,206,119,107,101,78
3,138,125,179,128
3,181,178,140,127
3,130,142,185
3,144,131,134,189
3,182,188,133,136,124,184
3,139,154,85,83,86,123,151,143,153,141,137,152,87,132,135,126,129,84,207
4,90
4,91
4
4,93
4,94
4
4,96
4
4,98
4
4,100
4
4,102
4,103
4
4,105
4,106
4
4,108
4,109
4
4,111
4,112
4
4,114
4
4,116
4
4,118
4
4,120
4
4,122
4
4,124
4,125
4
4,127
4,128
4
4,130
4,131
4
4,133
4,134
4
4,136
4
4,138
4
4,140
4
4,142
4
4,144
4
5,155
5,159
5,162
5,166
5,169
5,172
5,176
5,180
5,183
5,186
6,156
6,157
6,158
6
6,160
6,161
6
6,163
6,164
6,165
6
6,167
6,168
6
6,170
6,171
6
6,173
6,174
6,175
6
6,177
6,178
6,179
6
6,181
6,182
6
6,184
6,185
6
6,187
6,188
6,189
6
14,206,21,207
14,22,25,203,34,31,40,37,43,28
12,46,55,156,70,64,126,89,166,159,58,61,177,49,101,52,67,123
12,110,132,169,183,187,173
12,107,129
12,163,180,104
12,92
12,119,141,143,121
12
12,97,137,99,115
12,139,117
12
12,113,95,135
7,204
7,205
7
7,208
7,208
15
15
15
15
15