0
0
0
0
0
0,92,62,28,41,25
0,80,31,95,101,65,37,98,44,34,53,83,86,89
0,46,56,43,32,26,49,40,68
0,58,74,47,55,71,52,35
0,64,77,61,59,29,67,104,38,50,70
0,73
0,100
0,103
0,76
0,79
0,82
0,85
0,88
0,91
0,94
0,97
0
0
1,240
1,25
1,26
1,247
1,28
1,29
1,242
1,31
1,32
1,243
1,34
1,35
1,244
1,37
1,38
1,246
1,40
1,41
1,247
1,43
1,44
1,243
1,46
1,47
1,241
1,49
1,50
1,245
1,52
1,53
1,244
1,55
1,56
1,241
1,58
1,59
1,248
1,61
1,62
1,242
1,64
1,65
1,246
1,67
1,68
1,245
1,70
1,71
1,248
2,73
2,74
2
2,76
2,77
2
2,79
2,80
2
2,82
2,83
2
2,85
2,86
2
2,88
2,89
2
2,91
2,92
2
2,94
2,95
2
2,97
2,98
2
2,100
2,101
2
2,103
2,104
2
3,190,123,125,236,130
3,132,126,193,237
3,128,192,122,189
3,131,129,178,106,124,105,107,121,235,177,127
3,148,200,135
3,199,196,150,137
3,144,140,207,152
3,141,154,203
3,146,143,202,206,134,138,197
3,142,139,153,151,181,112,145,180,179,147,111,182,238,133,109,136,113,110,149
3,211,170,157,160
3,172,213,210,159
3,217,162,174
3,166,176,221,163
3,220,216,214,165,156,168
3,175,167,183,158,118,171,119,115,239,155,169,185,164,184,161,116,117,173,186
4,122
4,123
4
4,125
4,126
4
4,128
4
4,130
4
4,132
4
4,134
4,135
4
4,137
4,138
4
4,140
4,141
4
4,143
4,144
4
4,146
4
4,148
4
4,150
4
4,152
4
4,154
4
4,156
4,157
4
4,159
4,160
4
4,162
4,163
4
4,165
4,166
4
4,168
4
4,170
4
4,172
4
4,174
4
4,176
4
5,187
5,191
5,194
5,198
5,201
5,204
5,208
5,212
5,215
5,218
6,188
6,189
6,190
6
6,192
6,193
6
6,195
6,196
6,197
6
6,199
6,200
6
6,202
6,203
6
6,205
6,206
6,207
6
6,209
6,210
6,211
6
6,213
6,214
6
6,216
6,217
6
6,219
6,220
6,221
6
14,23,238,239
14,36,60,51,24,33,42,39,66,45,48,57,27,235,69,63,30,54
12,209,99,133,93,102,188,96,72,158,75,121,87,198,191,155,81,84,78,90
12,215,142,219,205,201,164
12,161,139
12,136,195,212
12,124
12,173,151,175,153
12
12,129,169,147,131
12,149,171
12
12,127,167,145
7,236
7,237
7
7,240
7,240
15
15
15
15
15
15
15
15
15