0
0
0
0
0
0,51,26,29,45
0,93,54,87,38,32,35
0,41,48
0,47,27,44,42
0,53,30,50,33
0,81,62,59,75,138,66,56
0,78,71,65,68,135,57,126
0,60,69,77,74
0,90,63,83,80
0,86,89,36,84
0,95,39,117,98,105,129,92,101
0,107,120,132,96,104,113,123,110
0,99,119,108,116
0,111,122
0,128,131,114,125,72,102
0,134
0,137
0
0
1,274
1,26
1,27
1,284
1,29
1,30
1,280
1,32
1,33
1,277
1,35
1,36
1,286
1,38
1,39
1,287
1,41
1,42
1,285
1,44
1,45
1,284
1,47
1,48
1,285
1,50
1,51
1,280
1,53
1,54
1,277
1,56
1,57
1,275
1,59
1,60
1,281
1,62
1,63
1,277
1,65
1,66
1,275
1,68
1,69
1,275
1,71
1,72
1,286
1,74
1,75
1,281
1,77
1,78
1,275
1,80
1,81
1,277
1,83
1,84
1,280
1,86
1,87
1,286
1,89
1,90
1,280
1,92
1,93
1,287
1,95
1,96
1,283
1,98
1,99
1,279
1,101
1,102
1,280
1,104
1,105
1,283
1,107
1,108
1,278
1,110
1,111
1,282
1,113
1,114
1,276
1,116
1,117
1,279
1,119
1,120
1,278
1,122
1,123
1,282
1,125
1,126
1,286
1,128
1,129
1,280
1,131
1,132
1,276
2,134
2,135
2
2,137
2,138
2
3,224,157,159,270,164
3,166,160,227,271
3,162,226,156,223
3,165,163,212,140,158,139,141,155,269,211,161
3,182,234,169
3,233,230,184,171
3,178,174,241,186
3,175,188,237
3,180,177,236,240,168,172,231
3,176,173,187,185,215,146,179,214,213,181,145,216,272,167,143,170,147,144,183
3,245,204,191,194
3,206,247,244,193
3,251,196,208
3,200,210,255,197
3,254,250,248,199,190,202
3,209,201,217,192,152,153,149,273,189,203,205,219,198,195,150,151,207,218,220
4,156
4,157
4
4,159
4,160
4
4,162
4
4,164
4
4,166
4
4,168
4,169
4
4,171
4,172
4
4,174
4,175
4
4,177
4,178
4
4,180
4
4,182
4
4,184
4
4,186
4
4,188
4
4,190
4,191
4
4,193
4,194
4
4,196
4,197
4
4,199
4,200
4
4,202
4
4,204
4
4,206
4
4,208
4
4,210
4
5,221
5,225
5,228
5,232
5,235
5,238
5,242
5,246
5,249
5,252
6,222
6,223
6,224
6
6,226
6,227
6
6,229
6,230
6,231
6
6,233
6,234
6
6,236
6,237
6
6,239
6,240
6,241
6
6,243
6,244
6,245
6
6,247
6,248
6
6,250
6,251
6
6,253
6,254
6,255
6
14,24,272,273
14,82,37,94,85,88,124,61,52,76,25,103,79,112,34,43,40,118,100,67,46,49,58,73,28,269,70,64,97,115,127,121,91,31,106,55,109,130
12,167,243,222,133,192,136,155,232,225,189
12,249,176,253,239,235,198
12,195,173
12,170,229,246
12,158
12,207,185,209,187
12
12,163,203,181,165
12,183,205
12
12,161,201,179
7,270
7,271
7
7,274
7,274
15
15
15
15
15
15
15
15
15
15
15
15
15
15