0
0
0
0
0
0
0
0
0
0
0
0
0
0
0
0
0
0
0
0
0
0
0
0
0
0
0
0
0
0
0
0
0
0
0
0
0
0,556,1522,321,1520,448,103,641
0,1532,569,658,1530,626,591,121,393,367,332,404,419
0,1542,352,123,395,685,1540
0,611,510,578,406,700,374,1552,1550,628,125,339
0,1562,428,725,376,127,1560,613
0,742,1570,1572,129,378,600
0,380,369,131,1582,461,470,430,1580,503,408,757,630
0,784,1592,1590,133,382
0,1600,1602,602,797,135,384
0,472,1610,137,483,1612,812,386,490
0,1622,410,139,1620,397,831
0,1630,1632,105,346,846
0,441,432,859,492,1640,562,1642,141
0,434,1652,878,1650,354,494,412,143
0,145,1660,1662,897,421,463,505,530
0,1670,423,519,916,147,474,1672
0,1682,149,933,1680,356
0,436,543,1690,496,151,1692,946
0,399,963,1702,512,153,545,1700
0,514,547,443,980,521,1712,1710,532,155
0,534,157,1001,1720,1722
0,536,159,1732,1730,485,1014
0,1029,107,583,1742,1740
0,476,523,1042,1752,161,549,1750,538
0,1762,1061,1760,163,341,456
0,1770,165,1772,465,1076
0,167,1780,525,1089,1782
0,478,1790,169,1102,1792
0,171,1115,551,1802,1800
0,1810,1812,173,1128,414
0,596,1141,1820,109,1822,567
0,1156,111,1832,618,598,585,361,558,1830,328
0,391,337,330,113,501,323,607,363,1179,1842,1840,450,574,620,348
0,1852,452,560,365,1212,1850,622,115
0,587,1862,609,117,576,1860,1231
0,350,589,454,119,1870,1872,624,1248
0,1181,1458,643,319
0,1460,1166,326,666,1191
0,1462,708,1193,335,1065
0,1195,848,344,935,880,1464,1256,687
0,1466,668,1168,359,761,1197,1220
0,372,801,1468,746,729,710,763,814,786
0,965,689,1199,833,670,389,1470
0,712,1130,882,1472,765,402,835,672
0,1474,417,918,899,674
0,863,884,948,426,767,731,1476
0,439,1478,982,865
0,645,446,1183,1480,1214,1250,1063
0,1482,901,1078,459,769
0,1484,1104,1044,771,816,920,468
0,481,1486,1016,818
0,1488,867,886,950,820,488
0,773,903,1490,499,1201
0,1492,967,714,508,984
0,1046,517,1494,986,1091,922
0,1018,1003,1048,988,1496,905,528
0,541,990,969,1050,952,1117,1498
0,647,1500,554,1216,1158,861
0,1502,1143,660,565
0,1185,702,1233,572,1504
0,662,1160,581,1235,1031,1252,1506
0,1162,1145,799,744,594,1508
0,727,605,1237,704,1510,1187
0,1254,1218,706,1164,1512,759,1189,616,664
1,1900
2,103
2
2,105
2
2,107
2
2,109
2
2,111
2
2,113
2
2,115
2
2,117
2
2,119
2
2,121
2
2,123
2
2,125
2
2,127
2
2,129
2
2,131
2
2,133
2
2,135
2
2,137
2
2,139
2
2,141
2
2,143
2
2,145
2
2,147
2
2,149
2
2,151
2
2,153
2
2,155
2
2,157
2
2,159
2
2,161
2
2,163
2
2,165
2
2,167
2
2,169
2
2,171
2
2,173
2
3,322,317,1279,320
3,329,331,327,324,1280
3,333,336,338,340,1281
3,1282,349,351,353,347,342,345,355
3,368,362,360,357,366,364,1283
3,370,379,1284,377,385,383,373,375,381
3,387,1285,392,398,396,390,394
3,405,1286,413,411,409,407,403,400
3,420,415,418,422,1287
3,427,435,424,429,433,1288,431
3,440,442,437,1289
3,449,455,453,444,1290,447,451
3,1291,460,464,462,457
3,473,466,471,469,475,477,1292
3,482,479,1293,484
3,489,1294,493,495,486,491
3,1295,497,502,500,504
3,509,506,513,1296,511
3,524,522,518,520,1297,515
3,526,537,531,535,529,533,1298
3,546,539,1299,544,542,548,550
3,1300,552,555,559,561,557
3,568,566,563,1301
3,570,575,573,1302,577
3,590,579,582,1303,584,586,588
3,595,592,597,601,599,1304
3,610,603,612,1305,608,606
3,617,619,623,629,621,625,614,1306,627
3,1517,635,639
3,1515,632,634,637
3,1308,1307,636,203,631,1899,633,638,202
3,649,654,651,1525
3,652,656,1527
3,206,646,205,1311,1309,642,655,644,1310,650,653,640,1312,648
3,676,678,681,1535
3,683,1537,679
3,680,677,661,665,208,1315,657,671,1316,673,1314,669,682,659,663,209,1313,667,675
3,1545,693,696,691
3,698,1547,694
3,1319,688,1320,692,695,1318,684,1317,212,690,697,211,686
3,1555,721,718,716
3,719,723,1557
3,709,711,703,715,722,1324,1321,1323,720,701,705,214,717,1322,713,215,699,707
3,735,738,1565,733
3,736,1567,740
3,726,218,730,732,1327,1325,1328,734,724,728,737,1326,217,739
3,753,748,750,1575
3,1577,755,751
3,1331,754,221,1330,220,741,752,747,1332,1329,745,749,743
3,780,1585,777,775
3,1587,778,782
3,776,1333,224,772,768,762,779,766,756,1335,1336,781,760,1334,770,223,758,764,774
3,1595,793,788,790
3,791,1597,795
3,226,1340,794,792,227,1337,783,787,789,1339,785,1338
3,808,805,803,1605
3,810,1607,806
3,229,800,804,798,1341,807,1344,796,230,1343,809,1342,802
3,827,1615,822,824
3,829,1617,825
3,233,811,1345,1347,232,815,1348,826,828,817,1346,819,813,823,821
3,839,1625,842,837
3,1627,840,844
3,1350,841,832,834,830,836,838,1349,235,236,843,1351,1352
3,855,850,1635,852
3,1637,857,853
3,1354,856,1353,239,1355,1356,851,847,845,849,854,238
3,871,869,874,1645
3,872,876,1647
3,241,1359,242,875,1357,866,1360,868,1358,860,873,858,862,870,864
3,888,890,1655,893
3,1657,891,895
3,894,889,877,1361,892,1363,1364,1362,887,885,245,881,883,879,244
3,912,909,1665,907
3,1667,914,910
3,911,1368,896,900,248,904,1367,902,1365,898,247,913,908,1366,906
3,926,924,1675,929
3,927,931,1677
3,250,915,928,1371,919,1369,1370,930,925,923,921,917,1372,251
3,1685,942,937,939
3,1687,944,940
3,1374,253,943,1376,932,1375,1373,941,938,254,934,936
3,1695,959,956,954
3,1697,957,961
3,256,1377,960,947,945,949,955,1379,958,1378,1380,257,951,953
3,1705,971,973,976
3,1707,978,974
3,970,962,1384,975,964,977,1381,972,1383,966,1382,260,968,259
3,994,992,1715,997
3,999,995,1717
3,989,1385,1386,979,981,996,998,987,263,983,1387,991,262,985,1388,993
3,1005,1725,1007,1010
3,1727,1012,1008
3,1004,266,1002,1390,1389,1011,1009,1391,1392,265,1000,1006
3,1735,1025,1020,1022
3,1027,1737,1023
3,1396,1395,1393,1019,1021,268,1017,1024,1026,1013,269,1015,1394
3,1035,1745,1033,1038
3,1040,1747,1036
3,271,1039,1397,1032,1400,1028,272,1030,1037,1034,1399,1398
3,1057,1755,1052,1054
3,1055,1757,1059
3,1403,1047,1051,1056,1404,1045,1043,274,1053,1058,1049,1401,275,1402,1041
3,1069,1067,1072,1765
3,1767,1074,1070
3,278,1073,1406,1405,277,1408,1068,1407,1060,1064,1066,1062,1071
3,1775,1080,1085,1082
3,1777,1087,1083
3,1081,1079,1086,1075,1412,1410,1411,1084,1409,280,1077,281
3,1093,1098,1785,1095
3,1100,1787,1096
3,1094,1414,1088,1416,1099,1092,1097,1415,1413,284,283,1090
3,1795,1111,1108,1106
3,1797,1113,1109
3,1103,1105,286,1417,1107,1101,1419,1110,1112,1420,1418,287
3,1124,1805,1119,1121
3,1126,1807,1122
3,289,1422,1424,1116,1423,1421,1123,1114,1125,1118,1120,290
3,1137,1815,1132,1134
3,1135,1817,1139
3,1428,1131,293,1133,1138,1127,1136,292,1425,1427,1129,1426
3,1147,1152,1825,1149
3,1154,1150,1827
3,1432,1140,296,295,1153,1142,1148,1431,1429,1146,1144,1151,1430
3,1170,1835,1172,1175
3,1837,1173,1177
3,1163,1176,1171,1165,1167,1155,1157,1436,1174,1433,1159,299,1161,1435,1169,1434,298
3,1205,1208,1845,1203
3,1210,1206,1847
3,1192,1440,1196,1209,1182,1188,1204,1439,1438,1202,1437,1178,1184,302,1186,1200,1198,1180,1194,1207,301,1190
3,1224,1855,1222,1227
3,1229,1225,1857
3,305,1441,1444,1219,1443,1226,1223,1221,1228,1442,304,1213,1211,1215,1217
3,1244,1241,1865,1239
3,1246,1867,1242
3,1232,1238,1234,308,1243,1447,1446,1445,1245,1236,1240,307,1448,1230
3,1258,1875,1263,1260
3,1265,1877,1261
3,310,1247,311,1451,1264,1255,1259,1262,1253,1449,1257,1452,1251,1249,1450
3,1272,1276,1269,1885
3,1271,1887,1278
3,1880,1274,1882,1267
3,1453,1268,1455,1266,1454,1275,1277,1270,1456,315,1273,314,313
4,318
4,319
4
4,321
4
4,323
4
4,325
4,326
4
4,328
4
4,330
4
4,332
4
4,334
4,335
4
4,337
4
4,339
4
4,341
4
4,343
4,344
4
4,346
4
4,348
4
4,350
4
4,352
4
4,354
4
4,356
4
4,358
4,359
4
4,361
4
4,363
4
4,365
4
4,367
4
4,369
4
4,371
4,372
4
4,374
4
4,376
4
4,378
4
4,380
4
4,382
4
4,384
4
4,386
4
4,388
4,389
4
4,391
4
4,393
4
4,395
4
4,397
4
4,399
4
4,401
4,402
4
4,404
4
4,406
4
4,408
4
4,410
4
4,412
4
4,414
4
4,416
4,417
4
4,419
4
4,421
4
4,423
4
4,425
4,426
4
4,428
4
4,430
4
4,432
4
4,434
4
4,436
4
4,438
4,439
4
4,441
4
4,443
4
4,445
4,446
4
4,448
4
4,450
4
4,452
4
4,454
4
4,456
4
4,458
4,459
4
4,461
4
4,463
4
4,465
4
4,467
4,468
4
4,470
4
4,472
4
4,474
4
4,476
4
4,478
4
4,480
4,481
4
4,483
4
4,485
4
4,487
4,488
4
4,490
4
4,492
4
4,494
4
4,496
4
4,498
4,499
4
4,501
4
4,503
4
4,505
4
4,507
4,508
4
4,510
4
4,512
4
4,514
4
4,516
4,517
4
4,519
4
4,521
4
4,523
4
4,525
4
4,527
4,528
4
4,530
4
4,532
4
4,534
4
4,536
4
4,538
4
4,540
4,541
4
4,543
4
4,545
4
4,547
4
4,549
4
4,551
4
4,553
4,554
4
4,556
4
4,558
4
4,560
4
4,562
4
4,564
4,565
4
4,567
4
4,569
4
4,571
4,572
4
4,574
4
4,576
4
4,578
4
4,580
4,581
4
4,583
4
4,585
4
4,587
4
4,589
4
4,591
4
4,593
4,594
4
4,596
4
4,598
4
4,600
4
4,602
4
4,604
4,605
4
4,607
4
4,609
4
4,611
4
4,613
4
4,615
4,616
4
4,618
4
4,620
4
4,622
4
4,624
4
4,626
4
4,628
4
4,630
4
4,632
4
4,634
4,635
4
4,637
4
4,639
4
4,641
4
4,643
4
4,645
4
4,647
4
4,649
4
4,651
4,652
4
4,654
4
4,656
4
4,658
4
4,660
4
4,662
4
4,664
4
4,666
4
4,668
4
4,670
4
4,672
4
4,674
4
4,676
4
4,678
4,679
4
4,681
4
4,683
4
4,685
4
4,687
4
4,689
4
4,691
4
4,693
4,694
4
4,696
4
4,698
4
4,700
4
4,702
4
4,704
4
4,706
4
4,708
4
4,710
4
4,712
4
4,714
4
4,716
4
4,718
4,719
4
4,721
4
4,723
4
4,725
4
4,727
4
4,729
4
4,731
4
4,733
4
4,735
4,736
4
4,738
4
4,740
4
4,742
4
4,744
4
4,746
4
4,748
4
4,750
4,751
4
4,753
4
4,755
4
4,757
4
4,759
4
4,761
4
4,763
4
4,765
4
4,767
4
4,769
4
4,771
4
4,773
4
4,775
4
4,777
4,778
4
4,780
4
4,782
4
4,784
4
4,786
4
4,788
4
4,790
4,791
4
4,793
4
4,795
4
4,797
4
4,799
4
4,801
4
4,803
4
4,805
4,806
4
4,808
4
4,810
4
4,812
4
4,814
4
4,816
4
4,818
4
4,820
4
4,822
4
4,824
4,825
4
4,827
4
4,829
4
4,831
4
4,833
4
4,835
4
4,837
4
4,839
4,840
4
4,842
4
4,844
4
4,846
4
4,848
4
4,850
4
4,852
4,853
4
4,855
4
4,857
4
4,859
4
4,861
4
4,863
4
4,865
4
4,867
4
4,869
4
4,871
4,872
4
4,874
4
4,876
4
4,878
4
4,880
4
4,882
4
4,884
4
4,886
4
4,888
4
4,890
4,891
4
4,893
4
4,895
4
4,897
4
4,899
4
4,901
4
4,903
4
4,905
4
4,907
4
4,909
4,910
4
4,912
4
4,914
4
4,916
4
4,918
4
4,920
4
4,922
4
4,924
4
4,926
4,927
4
4,929
4
4,931
4
4,933
4
4,935
4
4,937
4
4,939
4,940
4
4,942
4
4,944
4
4,946
4
4,948
4
4,950
4
4,952
4
4,954
4
4,956
4,957
4
4,959
4
4,961
4
4,963
4
4,965
4
4,967
4
4,969
4
4,971
4
4,973
4,974
4
4,976
4
4,978
4
4,980
4
4,982
4
4,984
4
4,986
4
4,988
4
4,990
4
4,992
4
4,994
4,995
4
4,997
4
4,999
4
4,1001
4
4,1003
4
4,1005
4
4,1007
4,1008
4
4,1010
4
4,1012
4
4,1014
4
4,1016
4
4,1018
4
4,1020
4
4,1022
4,1023
4
4,1025
4
4,1027
4
4,1029
4
4,1031
4
4,1033
4
4,1035
4,1036
4
4,1038
4
4,1040
4
4,1042
4
4,1044
4
4,1046
4
4,1048
4
4,1050
4
4,1052
4
4,1054
4,1055
4
4,1057
4
4,1059
4
4,1061
4
4,1063
4
4,1065
4
4,1067
4
4,1069
4,1070
4
4,1072
4
4,1074
4
4,1076
4
4,1078
4
4,1080
4
4,1082
4,1083
4
4,1085
4
4,1087
4
4,1089
4
4,1091
4
4,1093
4
4,1095
4,1096
4
4,1098
4
4,1100
4
4,1102
4
4,1104
4
4,1106
4
4,1108
4,1109
4
4,1111
4
4,1113
4
4,1115
4
4,1117
4
4,1119
4
4,1121
4,1122
4
4,1124
4
4,1126
4
4,1128
4
4,1130
4
4,1132
4
4,1134
4,1135
4
4,1137
4
4,1139
4
4,1141
4
4,1143
4
4,1145
4
4,1147
4
4,1149
4,1150
4
4,1152
4
4,1154
4
4,1156
4
4,1158
4
4,1160
4
4,1162
4
4,1164
4
4,1166
4
4,1168
4
4,1170
4
4,1172
4,1173
4
4,1175
4
4,1177
4
4,1179
4
4,1181
4
4,1183
4
4,1185
4
4,1187
4
4,1189
4
4,1191
4
4,1193
4
4,1195
4
4,1197
4
4,1199
4
4,1201
4
4,1203
4
4,1205
4,1206
4
4,1208
4
4,1210
4
4,1212
4
4,1214
4
4,1216
4
4,1218
4
4,1220
4
4,1222
4
4,1224
4,1225
4
4,1227
4
4,1229
4
4,1231
4
4,1233
4
4,1235
4
4,1237
4
4,1239
4
4,1241
4,1242
4
4,1244
4
4,1246
4
4,1248
4
4,1250
4
4,1252
4
4,1254
4
4,1256
4
4,1258
4
4,1260
4,1261
4
4,1263
4
4,1265
4
4,1267
4
4,1269
4
4,1271
4,1272
4
4,1274
4
4,1276
4
4,1278
4
5,1457
5,1459
5,1461
5,1463
5,1465
5,1467
5,1469
5,1471
5,1473
5,1475
5,1477
5,1479
5,1481
5,1483
5,1485
5,1487
5,1489
5,1491
5,1493
5,1495
5,1497
5,1499
5,1501
5,1503
5,1505
5,1507
5,1509
5,1511
5,1513
5,1516
5,1518
5,1521
5,1523
5,1526
5,1528
5,1531
5,1533
5,1536
5,1538
5,1541
5,1543
5,1546
5,1548
5,1551
5,1553
5,1556
5,1558
5,1561
5,1563
5,1566
5,1568
5,1571
5,1573
5,1576
5,1578
5,1581
5,1583
5,1586
5,1588
5,1591
5,1593
5,1596
5,1598
5,1601
5,1603
5,1606
5,1608
5,1611
5,1613
5,1616
5,1618
5,1621
5,1623
5,1626
5,1628
5,1631
5,1633
5,1636
5,1638
5,1641
5,1643
5,1646
5,1648
5,1651
5,1653
5,1656
5,1658
5,1661
5,1663
5,1666
5,1668
5,1671
5,1673
5,1676
5,1678
5,1681
5,1683
5,1686
5,1688
5,1691
5,1693
5,1696
5,1698
5,1701
5,1703
5,1706
5,1708
5,1711
5,1713
5,1716
5,1718
5,1721
5,1723
5,1726
5,1728
5,1731
5,1733
5,1736
5,1738
5,1741
5,1743
5,1746
5,1748
5,1751
5,1753
5,1756
5,1758
5,1761
5,1763
5,1766
5,1768
5,1771
5,1773
5,1776
5,1778
5,1781
5,1783
5,1786
5,1788
5,1791
5,1793
5,1796
5,1798
5,1801
5,1803
5,1806
5,1808
5,1811
5,1813
5,1816
5,1818
5,1821
5,1823
5,1826
5,1828
5,1831
5,1833
5,1836
5,1838
5,1841
5,1843
5,1846
5,1848
5,1851
5,1853
5,1856
5,1858
5,1861
5,1863
5,1866
5,1868
5,1871
5,1873
5,1876
5,1878
5,1881
5,1883
5,1886
6,1458
6
6,1460
6
6,1462
6
6,1464
6
6,1466
6
6,1468
6
6,1470
6
6,1472
6
6,1474
6
6,1476
6
6,1478
6
6,1480
6
6,1482
6
6,1484
6
6,1486
6
6,1488
6
6,1490
6
6,1492
6
6,1494
6
6,1496
6
6,1498
6
6,1500
6
6,1502
6
6,1504
6
6,1506
6
6,1508
6
6,1510
6
6,1512
6
6,1514
6,1515
6
6,1517
6
6,1519
6,1520
6
6,1522
6
6,1524
6,1525
6
6,1527
6
6,1529
6,1530
6
6,1532
6
6,1534
6,1535
6
6,1537
6
6,1539
6,1540
6
6,1542
6
6,1544
6,1545
6
6,1547
6
6,1549
6,1550
6
6,1552
6
6,1554
6,1555
6
6,1557
6
6,1559
6,1560
6
6,1562
6
6,1564
6,1565
6
6,1567
6
6,1569
6,1570
6
6,1572
6
6,1574
6,1575
6
6,1577
6
6,1579
6,1580
6
6,1582
6
6,1584
6,1585
6
6,1587
6
6,1589
6,1590
6
6,1592
6
6,1594
6,1595
6
6,1597
6
6,1599
6,1600
6
6,1602
6
6,1604
6,1605
6
6,1607
6
6,1609
6,1610
6
6,1612
6
6,1614
6,1615
6
6,1617
6
6,1619
6,1620
6
6,1622
6
6,1624
6,1625
6
6,1627
6
6,1629
6,1630
6
6,1632
6
6,1634
6,1635
6
6,1637
6
6,1639
6,1640
6
6,1642
6
6,1644
6,1645
6
6,1647
6
6,1649
6,1650
6
6,1652
6
6,1654
6,1655
6
6,1657
6
6,1659
6,1660
6
6,1662
6
6,1664
6,1665
6
6,1667
6
6,1669
6,1670
6
6,1672
6
6,1674
6,1675
6
6,1677
6
6,1679
6,1680
6
6,1682
6
6,1684
6,1685
6
6,1687
6
6,1689
6,1690
6
6,1692
6
6,1694
6,1695
6
6,1697
6
6,1699
6,1700
6
6,1702
6
6,1704
6,1705
6
6,1707
6
6,1709
6,1710
6
6,1712
6
6,1714
6,1715
6
6,1717
6
6,1719
6,1720
6
6,1722
6
6,1724
6,1725
6
6,1727
6
6,1729
6,1730
6
6,1732
6
6,1734
6,1735
6
6,1737
6
6,1739
6,1740
6
6,1742
6
6,1744
6,1745
6
6,1747
6
6,1749
6,1750
6
6,1752
6
6,1754
6,1755
6
6,1757
6
6,1759
6,1760
6
6,1762
6
6,1764
6,1765
6
6,1767
6
6,1769
6,1770
6
6,1772
6
6,1774
6,1775
6
6,1777
6
6,1779
6,1780
6
6,1782
6
6,1784
6,1785
6
6,1787
6
6,1789
6,1790
6
6,1792
6
6,1794
6,1795
6
6,1797
6
6,1799
6,1800
6
6,1802
6
6,1804
6,1805
6
6,1807
6
6,1809
6,1810
6
6,1812
6
6,1814
6,1815
6
6,1817
6
6,1819
6,1820
6
6,1822
6
6,1824
6,1825
6
6,1827
6
6,1829
6,1830
6
6,1832
6
6,1834
6,1835
6
6,1837
6
6,1839
6,1840
6
6,1842
6
6,1844
6,1845
6
6,1847
6
6,1849
6,1850
6
6,1852
6
6,1854
6,1855
6
6,1857
6
6,1859
6,1860
6
6,1862
6
6,1864
6,1865
6
6,1867
6
6,1869
6,1870
6
6,1872
6
6,1874
6,1875
6
6,1877
6
6,1879
6,1880
6
6,1882
6
6,1884
6,1885
6
6,1887
6
14,1899,101
12
12,1129,1045,1213,663,1469,1461,730,762,1471,1219,1188,507,964,743,862,1495,1047,1198,1485,1144,661,785,1077,564,1217,1196,1483,593,1030,1165,985,966,760,764,898,815,1489,834,669,527,1255,1159,445,968,711,1465,879,1167,709,1249,458,1215,1505,665,1503,642,772,1200,766,713,1236,1232,1043,813,707,1507,989,987,1186,487,917,745,881,371,686,1253,921,949,1475,1161,644,1015,817,1064,604,1251,1509,1049,688,866,1477,416,667,1457,726,951,1103,1234,1459,919,1090,1491,819,343,703,571,1481,1142,934,902,1487,646,1479,864,615,860,1192,728,1473,758,467,553,1180,1467,659,1501,516,334,883,832,1002,770,1499,1194,1511,318,1116,947,673,580,904,358,1062,388,1182,900,1493,1157,981,705,847,768,1463,1163,540,401,1184,480,798,671,425,1017,800,325,1190,885,701,1497,498,438,983
12,938,993,1171,1094,1034,677,650,1223,851,1259,972,838,908,925,1107,1148,1053,1133,1068,1120,717,734,955,1006,692,870,776,1081,804,889,749,1240,1021,789,1270,633,1204,823
12,104,140,118,1701,108,1641,106,148,1621,152,1721,1591,1551,162,172,1741,112,1601,1541,1631,1581,164,154,1841,1571,130,120,1531,136,134,1811,102,138,1751,170,1671,1801,168,1611,1691,110,1521,1681,1871,132,1831,158,1781,1651,1771,124,1761,160,1711,146,1861,128,1791,1851,144,114,156,166,1661,126,1561,150,116,142,1731,122,1821
12,849,1202,1586,1816,1004,1576,1724,1131,1606,1646,1066,1886,631,936,1526,1814,1674,1105,1666,1864,1654,1686,1854,1604,1556,906,1766,1596,1736,1756,1734,1764,1634,1636,1676,1804,868,1824,1146,1836,836,1566,1844,1716,1516,1794,1726,1514,1786,1169,675,1594,1616,1664,648,715,1656,1834,1846,1051,1221,1806,774,1884,1092,1874,1257,1564,1866,1776,1624,1626,1796,991,1694,1118,1744,1754,1019,1268,1536,747,1544,1644,1876,1684,787,1238,1746,1079,1714,1574,1826,821,1696,1524,1774,802,1856,1706,732,1614,1584,887,1554,1534,1784,953,690,970,1704,1032,923,1546
12,524,383,627,1759,455,433,347,396,409,484,1539,368,1881,1060,1559,394,440,625,606,877,447,1028,1155,1529,1839,336,379,979,601,322,1609,353,327,349,360,1619,1699,1041,453,392,1114,544,546,573,407,756,513,518,491,629,537,355,621,390,1779,796,535,362,599,623,724,1749,520,548,1809,577,1859,533,1849,699,500,575,1088,566,568,1649,351,1789,340,962,588,1709,1519,1549,542,1101,377,464,932,338,431,366,364,1599,1247,420,504,590,1739,1000,1211,451,1075,489,1819,945,495,586,531,373,559,522,418,1569,413,830,845,584,1579,608,617,1230,398,657,449,345,1140,511,460,595,1178,475,896,469,1799,1769,422,1639,741,442,502,462,1659,1689,684,1589,427,1719,411,1127,471,858,1679,640,429,403,915,473,1829,561,375,329,811,555,619,610,529,493,405,557,509,381,1869,385,783,597,435,1629,331,612,582,550,477,1013,1669,482,320,1729
12,873,843,695,737,794,720,1228,1262,958,1209,1174,752,856,682,930,826,975,792,1176,894,754,807,960,779,841,1138,1039,1058,1011,1243,943,1112,1125,996,1153,1207,739,1136,854,977,697,1097,1245,1073,653,1264,638,655,828,1275,1110,1151,1099,1277,1071,809,722,680,911,928,1024,636,941,892,1086,781,1037,1226,1123,1084,1026,1009,998,875,1056,913
12,1273
12
12,1266,1879
7,1900
15