0
0
0
0
0
0
0
0
0
0
0
0
0
0
0
0
0
0
0
0
0
0
0
0
0
0
0
0
0
0
0
0
0
0
0
0
0
0,615,661,1552,599,1554,329,107,485
0,378,346,125,1564,680,603,442,1562
0,699,424,127,1572,380,413,1574,404
0,1582,415,718,426,361,444,1584,648,389,129
0,741,1592,630,348,363,131,417,1594,391,406,610
0,365,1604,650,478,350,1602,471,766,133
0,135,1612,367,499,1614,787,393,428
0,1622,369,1624,437,430,455,641,806,137,408
0,829,446,1632,395,139,419,1634
0,1642,141,457,1644,519,846,487,432
0,865,1652,143,397,1654
0,1664,1662,878,109,331,340,601
0,1674,1672,145,501,895
0,503,480,382,521,1682,908,147,1684
0,149,508,927,1692,1694,473
0,1704,1702,942,510,151,335
0,957,153,564,1714,1712,448
0,450,523,1724,1722,155,972
0,1734,573,1732,371,494,987,157
0,1004,1744,512,1742,539,575,159
0,528,1021,161,1752,541,1754
0,586,163,1764,1762,1036
0,462,1049,111,1772,1774
0,1784,1062,165,1782,514
0,489,1794,588,1075,167,1792
0,1090,1802,169,566,550,590,530,1804,577
0,1812,171,532,592,1814,1111,568,543
0,1130,173,534,1824,1822
0,175,1143,545,594,1832,1834,579
0,1842,581,177,1160,552,1844
0,402,635,1175,113,1852,617,464,1854
0,115,1194,1864,387,1862
0,1872,355,117,1874,1207,557
0,1884,1882,1222,333,619,357,637,119,626
0,628,121,1243,342,1894,1892,608,646,376
0,1902,639,1904,1264,559,359,469,123,344,621
0,663,1224,944,1482,327,880
0,884,1251,747,770,338,1484,684,1272
0,1274,1211,1486,1232,353,989,772,789,722,810,749
0,374,910,701,1488,686,1253
0,867,1490,724,791,831,751,1196,385
0,753,400,1492,703,1183,812
0,755,705,411,833,1494,726
0,814,848,1496,707,793,422,728
0,1498,816,435
0,688,959,440,835,730,974,1500
0,453,1502,818,850
0,460,1051,1504,1177
0,1506,774,929,1276,467
0,912,1508,776,476
0,1077,669,483,1510,852
0,1512,991,492
0,897,497,1514,914,795
0,1064,931,1516,1006,506,946
0,517,1518,976,854,916
0,1113,1132,1520,1092,1023,526
0,537,1115,1145,1008,1025,1522
0,1094,1162,548,1524
0,555,1209,1266,1526
0,1117,562,961,1528,1096
0,1098,1530,1147,1010,1164,571,993
0,1532,1038,1119,1100,1149,584,1079
0,682,1534,665,882,597
0,1536,1245,743,606
0,613,667,1226,1179,1268,1538
0,1247,1228,745,624,1540
0,1230,633,1181,1542,1270,808
0,720,644,1544,768,1249
1,1932
2,107
2
2,109
2
2,111
2
2,113
2
2,115
2
2,117
2
2,119
2
2,121
2
2,123
2
2,125
2
2,127
2
2,129
2
2,131
2
2,133
2
2,135
2
2,137
2
2,139
2
2,141
2
2,143
2
2,145
2
2,147
2
2,149
2
2,151
2
2,153
2
2,155
2
2,157
2
2,159
2
2,161
2
2,163
2
2,165
2
2,167
2
2,169
2
2,171
2
2,173
2
2,175
2
2,177
2
3,330,332,334,325,1299,328
3,345,341,349,347,343,339,336,1300
3,370,351,360,368,366,362,354,356,358,364,1301
3,1302,379,381,377,375,372
3,394,388,386,383,396,392,390,1303
3,398,407,405,401,1304,403
3,418,409,1305,414,412,416
3,425,1306,431,429,427,423,420
3,433,436,1307
3,441,449,438,443,447,1308,445
3,454,456,451,1309
3,463,458,1310,461
3,1311,468,472,470,465
3,474,479,477,1312
3,484,488,481,1313,486
3,493,490,1314
3,498,1315,495,500,502
3,513,507,504,511,1316,509
3,522,518,520,1317,515
3,524,529,533,527,531,1318
3,542,535,1319,540,538,544
3,546,551,1320,549
3,556,558,553,1321
3,563,567,1322,565,560
3,580,578,572,576,1323,569,574
3,1324,591,593,587,589,582,585
3,1325,600,595,602,598
3,609,607,604,1326
3,620,616,1327,611,614,618
3,1328,627,625,622,629
3,1329,634,631,636,638,640
3,649,642,645,647,1330
3,659,655,1549
3,652,657,654,1547
3,210,656,1331,651,1931,1332,211,653,658
3,671,673,676,1557
3,678,1559,674
3,664,1335,1333,672,1336,213,1334,662,214,660,666,670,668,677,675
3,692,695,690,1567
3,1569,697,693
3,217,689,683,691,685,696,1338,681,1337,1340,694,679,687,1339,216
3,711,714,709,1577
3,1579,716,712
3,219,704,1341,698,220,706,702,1344,708,700,1343,715,710,713,1342
3,1587,737,732,734
3,739,735,1589
3,223,723,717,729,731,222,1348,719,1347,725,1345,738,736,727,733,1346,721
3,759,762,1597,757
3,1599,764,760
3,1350,756,752,1352,740,226,758,750,1349,763,748,754,744,1351,742,761,746,225
3,783,1607,780,778
3,1609,785,781
3,229,769,775,771,1354,1356,784,777,773,1353,782,1355,779,765,767,228
3,799,797,802,1617
3,804,1619,800
3,231,1358,790,1357,1360,798,801,788,232,794,803,796,786,1359,792
3,825,820,1627,822
3,827,1629,823
3,805,821,1363,234,811,1364,824,809,235,813,815,826,1362,817,807,1361,819
3,837,839,842,1637
3,840,844,1639
3,836,841,1366,830,1368,1365,834,838,237,238,843,832,1367,828
3,856,858,1647,861
3,859,863,1649
3,1370,1371,857,240,853,862,845,1369,241,847,851,849,855,1372,860
3,874,871,1657,869
3,876,1659,872
3,244,1374,1376,866,1373,864,875,873,868,870,243,1375
3,888,886,1667,891
3,889,893,1669
3,1379,877,247,885,246,883,892,1378,1377,890,1380,879,881,887
3,1677,899,904,901
3,1679,902,906
3,896,894,905,903,1384,249,898,900,1382,250,1383,1381
3,1687,920,918,923
3,921,925,1689
3,907,922,1387,1388,911,909,924,913,252,253,1386,1385,917,919,915
3,933,1697,935,938
3,936,1699,940
3,928,939,1392,1389,256,932,255,926,1390,1391,937,930,934
3,950,953,1707,948
3,951,1709,955
3,1395,952,1393,259,941,947,1396,943,954,258,945,1394,949
3,963,965,968,1717
3,1719,970,966
3,964,962,262,958,261,956,969,1400,967,1399,1397,1398,960
3,1727,983,978,980
3,985,1729,981
3,975,1401,265,1402,1403,971,984,973,982,979,264,1404,977
3,1000,1737,995,997
3,1002,1739,998
3,986,268,999,992,996,1001,267,988,1405,1407,990,1406,994,1408
3,1014,1747,1017,1012
3,1015,1749,1019
3,1410,1016,271,1411,1005,1412,1003,270,1011,1013,1007,1018,1409,1009
3,1029,1027,1032,1757
3,1034,1030,1759
3,1413,273,1024,1033,1414,1022,1415,1416,1031,1028,1020,274,1026
3,1767,1045,1040,1042
3,1047,1769,1043
3,277,1420,276,1035,1041,1417,1419,1418,1037,1039,1046,1044
3,1058,1777,1053,1055
3,1779,1060,1056
3,1422,1423,1059,1054,1057,1421,280,1050,1052,1048,1424,279
3,1787,1068,1066,1071
3,1789,1073,1069
3,282,283,1070,1061,1426,1067,1428,1063,1425,1072,1065,1427
3,1083,1086,1797,1081
3,1084,1799,1088
3,1087,1074,1430,1085,1429,1078,285,1076,1432,1080,1431,286,1082
3,1102,1807,1104,1107
3,1105,1809,1109
3,1101,1093,1097,1108,288,1433,1089,1091,1436,1095,1435,1103,1099,1106,289,1434
3,1126,1121,1817,1123
3,1819,1128,1124
3,1127,291,1437,1118,1120,1439,1440,292,1438,1116,1122,1110,1112,1114,1125
3,1136,1139,1827,1134
3,1829,1141,1137
3,1138,1140,1442,1135,1444,1133,1129,294,295,1441,1131,1443
3,1151,1837,1156,1153
3,1158,1154,1839
3,1144,1146,1148,1150,298,1446,1447,1445,1142,1157,1155,1448,1152,297
3,1166,1847,1171,1168
3,1169,1173,1849
3,300,301,1165,1450,1163,1170,1161,1449,1172,1167,1451,1159,1452
3,1857,1190,1187,1185
3,1192,1859,1188
3,1455,1182,1174,1189,1176,1191,303,1184,1456,1178,304,1454,1180,1186,1453
3,1203,1200,1198,1867
3,1869,1205,1201
3,306,1458,1195,1199,1457,1460,1202,1193,1204,1459,307,1197
3,1213,1215,1218,1877
3,1216,1879,1220
3,1210,1219,1464,309,1206,1463,310,1214,1461,1212,1462,1208,1217
3,1239,1234,1887,1236
3,1241,1889,1237
3,1468,1235,1225,1467,1240,1238,1465,1466,1229,1227,1223,1221,312,1231,313,1233
3,1257,1255,1897,1260
3,1262,1258,1899
3,315,1250,1259,1471,316,1469,1256,1470,1472,1248,1254,1252,1246,1261,1244,1242
3,1907,1280,1283,1278
3,1281,1285,1909
3,1277,1273,1263,1279,1475,1271,1269,1275,1267,1265,319,1474,318,1476,1282,1473,1284
3,1296,1289,1292,1917
3,1291,1919,1298
3,1912,1287,1294,1914
3,1295,322,1297,1480,1479,321,1477,1288,1478,1286,1290,323,1293
4,326
4,327
4
4,329
4
4,331
4
4,333
4
4,335
4
4,337
4,338
4
4,340
4
4,342
4
4,344
4
4,346
4
4,348
4
4,350
4
4,352
4,353
4
4,355
4
4,357
4
4,359
4
4,361
4
4,363
4
4,365
4
4,367
4
4,369
4
4,371
4
4,373
4,374
4
4,376
4
4,378
4
4,380
4
4,382
4
4,384
4,385
4
4,387
4
4,389
4
4,391
4
4,393
4
4,395
4
4,397
4
4,399
4,400
4
4,402
4
4,404
4
4,406
4
4,408
4
4,410
4,411
4
4,413
4
4,415
4
4,417
4
4,419
4
4,421
4,422
4
4,424
4
4,426
4
4,428
4
4,430
4
4,432
4
4,434
4,435
4
4,437
4
4,439
4,440
4
4,442
4
4,444
4
4,446
4
4,448
4
4,450
4
4,452
4,453
4
4,455
4
4,457
4
4,459
4,460
4
4,462
4
4,464
4
4,466
4,467
4
4,469
4
4,471
4
4,473
4
4,475
4,476
4
4,478
4
4,480
4
4,482
4,483
4
4,485
4
4,487
4
4,489
4
4,491
4,492
4
4,494
4
4,496
4,497
4
4,499
4
4,501
4
4,503
4
4,505
4,506
4
4,508
4
4,510
4
4,512
4
4,514
4
4,516
4,517
4
4,519
4
4,521
4
4,523
4
4,525
4,526
4
4,528
4
4,530
4
4,532
4
4,534
4
4,536
4,537
4
4,539
4
4,541
4
4,543
4
4,545
4
4,547
4,548
4
4,550
4
4,552
4
4,554
4,555
4
4,557
4
4,559
4
4,561
4,562
4
4,564
4
4,566
4
4,568
4
4,570
4,571
4
4,573
4
4,575
4
4,577
4
4,579
4
4,581
4
4,583
4,584
4
4,586
4
4,588
4
4,590
4
4,592
4
4,594
4
4,596
4,597
4
4,599
4
4,601
4
4,603
4
4,605
4,606
4
4,608
4
4,610
4
4,612
4,613
4
4,615
4
4,617
4
4,619
4
4,621
4
4,623
4,624
4
4,626
4
4,628
4
4,630
4
4,632
4,633
4
4,635
4
4,637
4
4,639
4
4,641
4
4,643
4,644
4
4,646
4
4,648
4
4,650
4
4,652
4
4,654
4,655
4
4,657
4
4,659
4
4,661
4
4,663
4
4,665
4
4,667
4
4,669
4
4,671
4
4,673
4,674
4
4,676
4
4,678
4
4,680
4
4,682
4
4,684
4
4,686
4
4,688
4
4,690
4
4,692
4,693
4
4,695
4
4,697
4
4,699
4
4,701
4
4,703
4
4,705
4
4,707
4
4,709
4
4,711
4,712
4
4,714
4
4,716
4
4,718
4
4,720
4
4,722
4
4,724
4
4,726
4
4,728
4
4,730
4
4,732
4
4,734
4,735
4
4,737
4
4,739
4
4,741
4
4,743
4
4,745
4
4,747
4
4,749
4
4,751
4
4,753
4
4,755
4
4,757
4
4,759
4,760
4
4,762
4
4,764
4
4,766
4
4,768
4
4,770
4
4,772
4
4,774
4
4,776
4
4,778
4
4,780
4,781
4
4,783
4
4,785
4
4,787
4
4,789
4
4,791
4
4,793
4
4,795
4
4,797
4
4,799
4,800
4
4,802
4
4,804
4
4,806
4
4,808
4
4,810
4
4,812
4
4,814
4
4,816
4
4,818
4
4,820
4
4,822
4,823
4
4,825
4
4,827
4
4,829
4
4,831
4
4,833
4
4,835
4
4,837
4
4,839
4,840
4
4,842
4
4,844
4
4,846
4
4,848
4
4,850
4
4,852
4
4,854
4
4,856
4
4,858
4,859
4
4,861
4
4,863
4
4,865
4
4,867
4
4,869
4
4,871
4,872
4
4,874
4
4,876
4
4,878
4
4,880
4
4,882
4
4,884
4
4,886
4
4,888
4,889
4
4,891
4
4,893
4
4,895
4
4,897
4
4,899
4
4,901
4,902
4
4,904
4
4,906
4
4,908
4
4,910
4
4,912
4
4,914
4
4,916
4
4,918
4
4,920
4,921
4
4,923
4
4,925
4
4,927
4
4,929
4
4,931
4
4,933
4
4,935
4,936
4
4,938
4
4,940
4
4,942
4
4,944
4
4,946
4
4,948
4
4,950
4,951
4
4,953
4
4,955
4
4,957
4
4,959
4
4,961
4
4,963
4
4,965
4,966
4
4,968
4
4,970
4
4,972
4
4,974
4
4,976
4
4,978
4
4,980
4,981
4
4,983
4
4,985
4
4,987
4
4,989
4
4,991
4
4,993
4
4,995
4
4,997
4,998
4
4,1000
4
4,1002
4
4,1004
4
4,1006
4
4,1008
4
4,1010
4
4,1012
4
4,1014
4,1015
4
4,1017
4
4,1019
4
4,1021
4
4,1023
4
4,1025
4
4,1027
4
4,1029
4,1030
4
4,1032
4
4,1034
4
4,1036
4
4,1038
4
4,1040
4
4,1042
4,1043
4
4,1045
4
4,1047
4
4,1049
4
4,1051
4
4,1053
4
4,1055
4,1056
4
4,1058
4
4,1060
4
4,1062
4
4,1064
4
4,1066
4
4,1068
4,1069
4
4,1071
4
4,1073
4
4,1075
4
4,1077
4
4,1079
4
4,1081
4
4,1083
4,1084
4
4,1086
4
4,1088
4
4,1090
4
4,1092
4
4,1094
4
4,1096
4
4,1098
4
4,1100
4
4,1102
4
4,1104
4,1105
4
4,1107
4
4,1109
4
4,1111
4
4,1113
4
4,1115
4
4,1117
4
4,1119
4
4,1121
4
4,1123
4,1124
4
4,1126
4
4,1128
4
4,1130
4
4,1132
4
4,1134
4
4,1136
4,1137
4
4,1139
4
4,1141
4
4,1143
4
4,1145
4
4,1147
4
4,1149
4
4,1151
4
4,1153
4,1154
4
4,1156
4
4,1158
4
4,1160
4
4,1162
4
4,1164
4
4,1166
4
4,1168
4,1169
4
4,1171
4
4,1173
4
4,1175
4
4,1177
4
4,1179
4
4,1181
4
4,1183
4
4,1185
4
4,1187
4,1188
4
4,1190
4
4,1192
4
4,1194
4
4,1196
4
4,1198
4
4,1200
4,1201
4
4,1203
4
4,1205
4
4,1207
4
4,1209
4
4,1211
4
4,1213
4
4,1215
4,1216
4
4,1218
4
4,1220
4
4,1222
4
4,1224
4
4,1226
4
4,1228
4
4,1230
4
4,1232
4
4,1234
4
4,1236
4,1237
4
4,1239
4
4,1241
4
4,1243
4
4,1245
4
4,1247
4
4,1249
4
4,1251
4
4,1253
4
4,1255
4
4,1257
4,1258
4
4,1260
4
4,1262
4
4,1264
4
4,1266
4
4,1268
4
4,1270
4
4,1272
4
4,1274
4
4,1276
4
4,1278
4
4,1280
4,1281
4
4,1283
4
4,1285
4
4,1287
4
4,1289
4
4,1291
4,1292
4
4,1294
4
4,1296
4
4,1298
4
5,1481
5,1483
5,1485
5,1487
5,1489
5,1491
5,1493
5,1495
5,1497
5,1499
5,1501
5,1503
5,1505
5,1507
5,1509
5,1511
5,1513
5,1515
5,1517
5,1519
5,1521
5,1523
5,1525
5,1527
5,1529
5,1531
5,1533
5,1535
5,1537
5,1539
5,1541
5,1543
5,1545
5,1548
5,1550
5,1553
5,1555
5,1558
5,1560
5,1563
5,1565
5,1568
5,1570
5,1573
5,1575
5,1578
5,1580
5,1583
5,1585
5,1588
5,1590
5,1593
5,1595
5,1598
5,1600
5,1603
5,1605
5,1608
5,1610
5,1613
5,1615
5,1618
5,1620
5,1623
5,1625
5,1628
5,1630
5,1633
5,1635
5,1638
5,1640
5,1643
5,1645
5,1648
5,1650
5,1653
5,1655
5,1658
5,1660
5,1663
5,1665
5,1668
5,1670
5,1673
5,1675
5,1678
5,1680
5,1683
5,1685
5,1688
5,1690
5,1693
5,1695
5,1698
5,1700
5,1703
5,1705
5,1708
5,1710
5,1713
5,1715
5,1718
5,1720
5,1723
5,1725
5,1728
5,1730
5,1733
5,1735
5,1738
5,1740
5,1743
5,1745
5,1748
5,1750
5,1753
5,1755
5,1758
5,1760
5,1763
5,1765
5,1768
5,1770
5,1773
5,1775
5,1778
5,1780
5,1783
5,1785
5,1788
5,1790
5,1793
5,1795
5,1798
5,1800
5,1803
5,1805
5,1808
5,1810
5,1813
5,1815
5,1818
5,1820
5,1823
5,1825
5,1828
5,1830
5,1833
5,1835
5,1838
5,1840
5,1843
5,1845
5,1848
5,1850
5,1853
5,1855
5,1858
5,1860
5,1863
5,1865
5,1868
5,1870
5,1873
5,1875
5,1878
5,1880
5,1883
5,1885
5,1888
5,1890
5,1893
5,1895
5,1898
5,1900
5,1903
5,1905
5,1908
5,1910
5,1913
5,1915
5,1918
6,1482
6
6,1484
6
6,1486
6
6,1488
6
6,1490
6
6,1492
6
6,1494
6
6,1496
6
6,1498
6
6,1500
6
6,1502
6
6,1504
6
6,1506
6
6,1508
6
6,1510
6
6,1512
6
6,1514
6
6,1516
6
6,1518
6
6,1520
6
6,1522
6
6,1524
6
6,1526
6
6,1528
6
6,1530
6
6,1532
6
6,1534
6
6,1536
6
6,1538
6
6,1540
6
6,1542
6
6,1544
6
6,1546
6,1547
6
6,1549
6
6,1551
6,1552
6
6,1554
6
6,1556
6,1557
6
6,1559
6
6,1561
6,1562
6
6,1564
6
6,1566
6,1567
6
6,1569
6
6,1571
6,1572
6
6,1574
6
6,1576
6,1577
6
6,1579
6
6,1581
6,1582
6
6,1584
6
6,1586
6,1587
6
6,1589
6
6,1591
6,1592
6
6,1594
6
6,1596
6,1597
6
6,1599
6
6,1601
6,1602
6
6,1604
6
6,1606
6,1607
6
6,1609
6
6,1611
6,1612
6
6,1614
6
6,1616
6,1617
6
6,1619
6
6,1621
6,1622
6
6,1624
6
6,1626
6,1627
6
6,1629
6
6,1631
6,1632
6
6,1634
6
6,1636
6,1637
6
6,1639
6
6,1641
6,1642
6
6,1644
6
6,1646
6,1647
6
6,1649
6
6,1651
6,1652
6
6,1654
6
6,1656
6,1657
6
6,1659
6
6,1661
6,1662
6
6,1664
6
6,1666
6,1667
6
6,1669
6
6,1671
6,1672
6
6,1674
6
6,1676
6,1677
6
6,1679
6
6,1681
6,1682
6
6,1684
6
6,1686
6,1687
6
6,1689
6
6,1691
6,1692
6
6,1694
6
6,1696
6,1697
6
6,1699
6
6,1701
6,1702
6
6,1704
6
6,1706
6,1707
6
6,1709
6
6,1711
6,1712
6
6,1714
6
6,1716
6,1717
6
6,1719
6
6,1721
6,1722
6
6,1724
6
6,1726
6,1727
6
6,1729
6
6,1731
6,1732
6
6,1734
6
6,1736
6,1737
6
6,1739
6
6,1741
6,1742
6
6,1744
6
6,1746
6,1747
6
6,1749
6
6,1751
6,1752
6
6,1754
6
6,1756
6,1757
6
6,1759
6
6,1761
6,1762
6
6,1764
6
6,1766
6,1767
6
6,1769
6
6,1771
6,1772
6
6,1774
6
6,1776
6,1777
6
6,1779
6
6,1781
6,1782
6
6,1784
6
6,1786
6,1787
6
6,1789
6
6,1791
6,1792
6
6,1794
6
6,1796
6,1797
6
6,1799
6
6,1801
6,1802
6
6,1804
6
6,1806
6,1807
6
6,1809
6
6,1811
6,1812
6
6,1814
6
6,1816
6,1817
6
6,1819
6
6,1821
6,1822
6
6,1824
6
6,1826
6,1827
6
6,1829
6
6,1831
6,1832
6
6,1834
6
6,1836
6,1837
6
6,1839
6
6,1841
6,1842
6
6,1844
6
6,1846
6,1847
6
6,1849
6
6,1851
6,1852
6
6,1854
6
6,1856
6,1857
6
6,1859
6
6,1861
6,1862
6
6,1864
6
6,1866
6,1867
6
6,1869
6
6,1871
6,1872
6
6,1874
6
6,1876
6,1877
6
6,1879
6
6,1881
6,1882
6
6,1884
6
6,1886
6,1887
6
6,1889
6
6,1891
6,1892
6
6,1894
6
6,1896
6,1897
6
6,1899
6
6,1901
6,1902
6
6,1904
6
6,1906
6,1907
6
6,1909
6
6,1911
6,1912
6
6,1914
6
6,1916
6,1917
6
6,1919
6
14,105,1931
12
12,960,1091,1007,1491,1493,1485,666,809,704,1495,1223,1182,505,1246,681,832,1519,1009,754,1509,1231,990,719,1037,554,1507,817,583,988,384,930,702,706,866,769,1513,790,1095,525,1271,459,1489,847,1195,466,1163,1529,1527,1118,1180,1005,767,1244,1531,853,1521,815,491,879,683,1252,849,928,399,746,1265,727,883,750,973,1499,632,1208,913,1273,623,771,1024,596,1099,1116,1078,1533,1535,326,1501,1093,434,813,1275,612,1481,662,1543,1210,915,1114,1063,1178,881,1050,1515,723,773,373,561,1505,1483,721,1112,896,1511,1503,1537,834,605,830,685,729,664,1497,700,475,547,1144,1248,792,1525,516,352,851,748,788,1269,958,643,794,1523,668,1227,1076,909,570,775,1022,410,1146,687,1250,1267,1161,1517,1131,992,811,943,1539,807,1176,1487,725,536,1097,911,421,1148,482,1541,742,1225,439,975,744,337,752,1229,496,452,945
12,838,857,1082,996,710,964,821,1067,887,870,1135,691,653,900,1013,919,672,1199,1103,1152,733,798,758,934,1054,1028,1290,1186,1041,1167,779,1122,1214,1279,1256,1235,949,979
12,108,144,122,112,1633,110,152,1783,1713,1583,120,166,176,1733,116,1593,1623,1573,168,158,1833,1563,1553,134,124,140,138,1803,106,1693,142,1743,174,1663,1793,172,1603,1903,170,1683,114,1673,1863,136,1823,162,1773,1643,1763,156,128,1753,1723,164,1703,150,1853,132,1843,148,118,1883,160,1653,1613,130,154,126,146,1893,1873,1813
12,1578,1808,868,1568,1716,1233,1916,1026,1798,1133,898,1039,1011,1856,1666,1065,1658,1150,1646,1678,1846,1165,1596,1598,1288,1758,1886,1588,1728,1748,947,1726,1768,1756,1628,1668,1796,796,1828,1806,1558,777,670,1708,1786,1718,1778,1120,1184,1638,1908,1586,1608,1656,1648,1866,651,708,1254,1838,731,1876,1052,1197,1816,1836,1277,819,1878,1556,689,1858,962,1616,1618,1788,1686,1868,1101,1918,1736,1746,977,917,756,1898,1636,994,1676,1212,1738,1080,1706,932,1566,1818,1896,1688,1766,1826,1906,1848,1698,1606,1576,855,1776,1626,1548,836,1696,1888,1546,885
12,634,447,377,1242,600,1193,520,429,486,394,1020,1551,1003,416,454,1711,1871,828,845,461,986,1129,354,407,591,330,1601,339,379,1611,1691,540,414,620,941,1074,345,542,563,427,1891,1741,614,1851,698,511,518,356,1035,1631,1221,412,533,388,589,1901,349,364,660,1263,544,1801,567,531,468,396,1841,498,565,638,1048,360,556,558,645,1641,1751,381,513,1781,358,926,578,1701,1881,538,1061,1206,368,679,405,472,894,629,445,392,640,390,1591,502,580,1731,956,627,493,370,1771,1811,907,576,529,401,1110,522,436,1561,549,786,386,805,574,418,1571,616,607,1831,463,375,509,740,649,585,1142,343,864,477,618,1791,332,1761,334,456,500,470,1651,1174,1159,1681,1581,441,431,1089,479,636,1671,443,423,877,403,341,765,598,366,609,602,527,425,488,551,507,593,647,1861,1913,717,347,625,587,449,1621,572,362,971,1661,484,328,1821,1721
12,843,1204,1155,1138,954,1217,952,1108,892,1087,1297,1259,939,656,1261,801,715,922,784,1284,967,1191,982,905,1072,1085,803,862,1057,761,1157,969,841,1202,694,675,1127,984,696,873,763,736,824,1238,1295,1033,782,890,1070,738,1059,1031,875,1125,1240,1001,1170,1219,1189,713,658,1106,826,903,860,1140,924,1016,1046,999,1282,1044,677,937,1018,1172
12,1293
12
12,1286,1911
7,1932
15