0
0
0
0
0
0
0
0
0
0
0
0
0
0
0
0
0
0
0
0
0
0
0
0
0
0
0
0
0
0
0
0
0
0
0
0
0
0,535,415,1150,241,350,95,470,1148
0,113,311,271,1160,520,1158,511,554
0,115,273,573,422,478,491,1170,1168
0,410,480,302,322,592,284,522,357,333,256,117,1178,1180
0,378,621,258,1188,1190,119,524
0,1200,275,638,1198,121,371
0,1210,123,1208,427,653,313,324
0,260,670,277,1220,454,315,439,125,383,1218,390
0,695,286,127,1230,1228,340
0,304,129,288,1240,364,710,295,1238
0,345,729,131,1248,1250
0,459,472,97,742,243,1258,1260
0,395,373,335,1268,429,1270,133,759,366,359,326,385
0,449,99,786,1278,1280
0,799,101,444,1288,496,250,1290
0,103,461,474,816,400,405,485,516,355,1298,1300,498,265,505
0,847,245,105,1310,507,1308
0,417,862,267,1320,1318,434,487,300,107,252,509
0,489,331,518,1328,309,109,887,463,293,254,476,1330
0,914,1338,320,282,269,111,1340,465,500
0,849,537,1070,239,744
0,803,625,248,598,1072,870,672,897
0,1074,674,872,263,830,579,560,920,640
0,280,712,697,922,1076,600
0,714,1078,899,291
0,602,298,874,1080,716
0,676,655,307,1082,562,901
0,318,924,1084,604,657,761
0,903,1086,606,329,763
0,699,338,1088
0,343,1090,731
0,348,1092,539
0,1094,608,353,832,765
0,767,1096,718,362
0,369,642,769,1098
0,1100,627,376
0,381,1102,771,678
0,1104,388,680
0,393,1106,773
0,834,1108,398
0,403,836,1110
0,610,408,1112
0,413,541,1114,864
0,581,420,1116
0,1118,659,425,775
0,1120,876,432
0,437,1122,682
0,1124,442,805
0,788,1126,447
0,1128,684,452
0,457,916,746,818,889,1130
0,748,575,820,543,468,891,594,1132
0,577,1134,893,483,866,822
0,1136,494,918,801,824
0,1138,503,556,851,826,868
0,1140,514,623,558,828,596,895
1,1368
2,95
2
2,97
2
2,99
2
2,101
2
2,103
2
2,105
2
2,107
2
2,109
2
2,111
2
2,113
2
2,115
2
2,117
2
2,119
2
2,121
2
2,123
2
2,125
2
2,127
2
2,129
2
2,131
2
2,133
2
3,242,244,237,947,240
3,255,251,259,257,253,246,249,948
3,274,261,270,276,272,264,266,949,268
3,950,287,283,278,281,285
3,294,292,289,951
3,296,952,303,299,301
3,305,953,310,314,308,312
3,321,954,325,323,319,316
3,332,327,330,334,955
3,339,336,956
3,344,341,957
3,346,958,349
3,959,354,356,358,351
3,360,365,363,960
3,370,367,961,372
3,377,374,962
3,382,963,379,384
3,389,386,964
3,394,965,391
3,396,399,966
3,401,967,404
3,406,968,409
3,416,411,414,969
3,421,970,418
3,426,971,423,428
3,972,430,433
3,435,438,973
3,440,974,443
3,975,445,448
3,450,976,453
3,460,458,464,977,462,455
3,475,477,466,473,479,469,978,471
3,486,979,490,481,488,484
3,495,497,492,980,499
3,981,508,510,504,506,501
3,515,517,523,512,521,982,519
3,529,1145,533
3,531,526,528,1143
3,530,983,1367,170,525,984,527,171,532
3,547,545,1153,550
3,1155,548,552
3,173,540,546,987,538,549,544,536,988,551,985,534,542,986,174
3,569,1163,564,566
3,1165,571,567
3,563,555,990,570,557,559,177,553,561,565,989,176,568,992,991
3,585,583,588,1173
3,590,1175,586
3,580,574,994,996,578,572,589,582,584,180,179,995,587,576,993
3,612,1183,614,617
3,1185,615,619
3,618,999,593,597,997,591,1000,182,609,998,601,613,616,183,595,603,605,611,607,599
3,629,634,631,1193
3,636,632,1195
3,620,624,1001,622,626,1004,630,185,633,1003,1002,635,628,186
3,649,1203,644,646
3,647,651,1205
3,1006,641,645,643,648,1005,189,188,650,637,1007,639,1008
3,661,666,1213,663
3,668,1215,664
3,1012,662,667,192,656,660,665,1011,1010,191,658,652,1009,654
3,688,686,1223,691
3,1225,693,689
3,692,194,690,687,671,1015,1016,685,1013,679,1014,677,675,683,669,195,673,681
3,1233,706,703,701
3,708,704,1235
3,1017,197,698,198,705,700,1018,1020,696,694,707,702,1019
3,1243,722,720,725
3,723,1245,727
3,713,1021,715,200,711,719,709,201,721,1024,1023,1022,724,726,717
3,733,1253,735,738
3,1255,736,740
3,203,734,739,1027,730,737,732,1026,1028,204,728,1025
3,755,752,1263,750
3,753,1265,757
3,751,741,1029,206,756,1030,1031,743,747,1032,207,749,754,745
3,779,1273,782,777
3,1275,784,780
3,764,781,209,1036,778,760,774,768,776,758,783,762,210,766,770,772,1035,1033,1034
3,1283,790,792,795
3,793,797,1285
3,787,789,1038,1037,212,213,785,794,796,1040,791,1039
3,812,807,1293,809
3,814,1295,810
3,1044,1042,813,800,216,806,804,811,802,1043,798,1041,215,808
3,838,843,1303,840
3,845,841,1305
3,835,825,815,821,218,829,831,819,842,1048,844,827,839,1047,837,833,1045,817,1046,219,823
3,855,853,858,1313
3,1315,860,856
3,854,1050,857,222,1052,850,848,1049,859,221,852,1051,846
3,878,1323,880,883
3,885,1325,881
3,225,875,861,1053,884,882,871,867,869,865,879,1055,877,1054,873,863,224,1056
3,905,910,907,1333
3,912,908,1335
3,227,894,892,909,904,1057,896,911,1060,888,228,902,890,1059,1058,906,886,900,898
3,931,928,1343,926
3,1345,933,929
3,230,915,917,930,1064,925,927,919,921,1062,1061,932,231,923,913,1063
3,937,944,940,1353
3,946,939,1355
3,935,1350,1348,942
3,1068,941,234,235,1065,936,233,943,945,938,934,1066,1067
4,238
4,239
4
4,241
4
4,243
4
4,245
4
4,247
4,248
4
4,250
4
4,252
4
4,254
4
4,256
4
4,258
4
4,260
4
4,262
4,263
4
4,265
4
4,267
4
4,269
4
4,271
4
4,273
4
4,275
4
4,277
4
4,279
4,280
4
4,282
4
4,284
4
4,286
4
4,288
4
4,290
4,291
4
4,293
4
4,295
4
4,297
4,298
4
4,300
4
4,302
4
4,304
4
4,306
4,307
4
4,309
4
4,311
4
4,313
4
4,315
4
4,317
4,318
4
4,320
4
4,322
4
4,324
4
4,326
4
4,328
4,329
4
4,331
4
4,333
4
4,335
4
4,337
4,338
4
4,340
4
4,342
4,343
4
4,345
4
4,347
4,348
4
4,350
4
4,352
4,353
4
4,355
4
4,357
4
4,359
4
4,361
4,362
4
4,364
4
4,366
4
4,368
4,369
4
4,371
4
4,373
4
4,375
4,376
4
4,378
4
4,380
4,381
4
4,383
4
4,385
4
4,387
4,388
4
4,390
4
4,392
4,393
4
4,395
4
4,397
4,398
4
4,400
4
4,402
4,403
4
4,405
4
4,407
4,408
4
4,410
4
4,412
4,413
4
4,415
4
4,417
4
4,419
4,420
4
4,422
4
4,424
4,425
4
4,427
4
4,429
4
4,431
4,432
4
4,434
4
4,436
4,437
4
4,439
4
4,441
4,442
4
4,444
4
4,446
4,447
4
4,449
4
4,451
4,452
4
4,454
4
4,456
4,457
4
4,459
4
4,461
4
4,463
4
4,465
4
4,467
4,468
4
4,470
4
4,472
4
4,474
4
4,476
4
4,478
4
4,480
4
4,482
4,483
4
4,485
4
4,487
4
4,489
4
4,491
4
4,493
4,494
4
4,496
4
4,498
4
4,500
4
4,502
4,503
4
4,505
4
4,507
4
4,509
4
4,511
4
4,513
4,514
4
4,516
4
4,518
4
4,520
4
4,522
4
4,524
4
4,526
4
4,528
4,529
4
4,531
4
4,533
4
4,535
4
4,537
4
4,539
4
4,541
4
4,543
4
4,545
4
4,547
4,548
4
4,550
4
4,552
4
4,554
4
4,556
4
4,558
4
4,560
4
4,562
4
4,564
4
4,566
4,567
4
4,569
4
4,571
4
4,573
4
4,575
4
4,577
4
4,579
4
4,581
4
4,583
4
4,585
4,586
4
4,588
4
4,590
4
4,592
4
4,594
4
4,596
4
4,598
4
4,600
4
4,602
4
4,604
4
4,606
4
4,608
4
4,610
4
4,612
4
4,614
4,615
4
4,617
4
4,619
4
4,621
4
4,623
4
4,625
4
4,627
4
4,629
4
4,631
4,632
4
4,634
4
4,636
4
4,638
4
4,640
4
4,642
4
4,644
4
4,646
4,647
4
4,649
4
4,651
4
4,653
4
4,655
4
4,657
4
4,659
4
4,661
4
4,663
4,664
4
4,666
4
4,668
4
4,670
4
4,672
4
4,674
4
4,676
4
4,678
4
4,680
4
4,682
4
4,684
4
4,686
4
4,688
4,689
4
4,691
4
4,693
4
4,695
4
4,697
4
4,699
4
4,701
4
4,703
4,704
4
4,706
4
4,708
4
4,710
4
4,712
4
4,714
4
4,716
4
4,718
4
4,720
4
4,722
4,723
4
4,725
4
4,727
4
4,729
4
4,731
4
4,733
4
4,735
4,736
4
4,738
4
4,740
4
4,742
4
4,744
4
4,746
4
4,748
4
4,750
4
4,752
4,753
4
4,755
4
4,757
4
4,759
4
4,761
4
4,763
4
4,765
4
4,767
4
4,769
4
4,771
4
4,773
4
4,775
4
4,777
4
4,779
4,780
4
4,782
4
4,784
4
4,786
4
4,788
4
4,790
4
4,792
4,793
4
4,795
4
4,797
4
4,799
4
4,801
4
4,803
4
4,805
4
4,807
4
4,809
4,810
4
4,812
4
4,814
4
4,816
4
4,818
4
4,820
4
4,822
4
4,824
4
4,826
4
4,828
4
4,830
4
4,832
4
4,834
4
4,836
4
4,838
4
4,840
4,841
4
4,843
4
4,845
4
4,847
4
4,849
4
4,851
4
4,853
4
4,855
4,856
4
4,858
4
4,860
4
4,862
4
4,864
4
4,866
4
4,868
4
4,870
4
4,872
4
4,874
4
4,876
4
4,878
4
4,880
4,881
4
4,883
4
4,885
4
4,887
4
4,889
4
4,891
4
4,893
4
4,895
4
4,897
4
4,899
4
4,901
4
4,903
4
4,905
4
4,907
4,908
4
4,910
4
4,912
4
4,914
4
4,916
4
4,918
4
4,920
4
4,922
4
4,924
4
4,926
4
4,928
4,929
4
4,931
4
4,933
4
4,935
4
4,937
4
4,939
4,940
4
4,942
4
4,944
4
4,946
4
5,1069
5,1071
5,1073
5,1075
5,1077
5,1079
5,1081
5,1083
5,1085
5,1087
5,1089
5,1091
5,1093
5,1095
5,1097
5,1099
5,1101
5,1103
5,1105
5,1107
5,1109
5,1111
5,1113
5,1115
5,1117
5,1119
5,1121
5,1123
5,1125
5,1127
5,1129
5,1131
5,1133
5,1135
5,1137
5,1139
5,1141
5,1144
5,1146
5,1149
5,1151
5,1154
5,1156
5,1159
5,1161
5,1164
5,1166
5,1169
5,1171
5,1174
5,1176
5,1179
5,1181
5,1184
5,1186
5,1189
5,1191
5,1194
5,1196
5,1199
5,1201
5,1204
5,1206
5,1209
5,1211
5,1214
5,1216
5,1219
5,1221
5,1224
5,1226
5,1229
5,1231
5,1234
5,1236
5,1239
5,1241
5,1244
5,1246
5,1249
5,1251
5,1254
5,1256
5,1259
5,1261
5,1264
5,1266
5,1269
5,1271
5,1274
5,1276
5,1279
5,1281
5,1284
5,1286
5,1289
5,1291
5,1294
5,1296
5,1299
5,1301
5,1304
5,1306
5,1309
5,1311
5,1314
5,1316
5,1319
5,1321
5,1324
5,1326
5,1329
5,1331
5,1334
5,1336
5,1339
5,1341
5,1344
5,1346
5,1349
5,1351
5,1354
6,1070
6
6,1072
6
6,1074
6
6,1076
6
6,1078
6
6,1080
6
6,1082
6
6,1084
6
6,1086
6
6,1088
6
6,1090
6
6,1092
6
6,1094
6
6,1096
6
6,1098
6
6,1100
6
6,1102
6
6,1104
6
6,1106
6
6,1108
6
6,1110
6
6,1112
6
6,1114
6
6,1116
6
6,1118
6
6,1120
6
6,1122
6
6,1124
6
6,1126
6
6,1128
6
6,1130
6
6,1132
6
6,1134
6
6,1136
6
6,1138
6
6,1140
6
6,1142
6,1143
6
6,1145
6
6,1147
6,1148
6
6,1150
6
6,1152
6,1153
6
6,1155
6
6,1157
6,1158
6
6,1160
6
6,1162
6,1163
6
6,1165
6
6,1167
6,1168
6
6,1170
6
6,1172
6,1173
6
6,1175
6
6,1177
6,1178
6
6,1180
6
6,1182
6,1183
6
6,1185
6
6,1187
6,1188
6
6,1190
6
6,1192
6,1193
6
6,1195
6
6,1197
6,1198
6
6,1200
6
6,1202
6,1203
6
6,1205
6
6,1207
6,1208
6
6,1210
6
6,1212
6,1213
6
6,1215
6
6,1217
6,1218
6
6,1220
6
6,1222
6,1223
6
6,1225
6
6,1227
6,1228
6
6,1230
6
6,1232
6,1233
6
6,1235
6
6,1237
6,1238
6
6,1240
6
6,1242
6,1243
6
6,1245
6
6,1247
6,1248
6
6,1250
6
6,1252
6,1253
6
6,1255
6
6,1257
6,1258
6
6,1260
6
6,1262
6,1263
6
6,1265
6
6,1267
6,1268
6
6,1270
6
6,1272
6,1273
6
6,1275
6
6,1277
6,1278
6
6,1280
6
6,1282
6,1283
6
6,1285
6
6,1287
6,1288
6
6,1290
6
6,1292
6,1293
6
6,1295
6
6,1297
6,1298
6
6,1300
6
6,1302
6,1303
6
6,1305
6
6,1307
6,1308
6
6,1310
6
6,1312
6,1313
6
6,1315
6
6,1317
6,1318
6
6,1320
6
6,1322
6,1323
6
6,1325
6
6,1327
6,1328
6
6,1330
6
6,1332
6,1333
6
6,1335
6
6,1337
6,1338
6
6,1340
6
6,1342
6,1343
6
6,1345
6
6,1347
6,1348
6
6,1350
6
6,1352
6,1353
6
6,1355
6
14,93,1367
12
12,819,1101,1081,1073,595,1083,607,898,871,387,730,825,624,774,1107,821,923,605,1097,802,863,890,412,1095,603,431,800,290,831,1135,764,654,557,1127,576,902,482,502,397,347,1077,352,770,1117,1115,833,626,817,875,555,493,1119,919,1109,601,375,679,747,829,869,297,698,540,827,675,681,456,787,1087,1139,715,451,559,892,850,436,835,804,1121,671,917,656,683,1089,328,599,896,446,1133,1069,1131,717,894,915,673,888,1103,561,419,1093,1071,279,696,658,1099,1091,768,513,1125,441,622,609,1085,361,407,1079,578,1113,392,921,262,639,542,574,467,580,641,1111,1123,238,873,711,677,424,766,848,760,762,306,900,1105,597,743,593,1075,402,713,317,368,1129,823,536,337,538,247,1137,865,772,867,380,342,745
12,630,839,854,808,687,546,613,721,527,879,662,791,702,584,645,927,906,938,751,778,734,565
12,96,132,110,100,1189,98,1269,108,1289,104,1149,1179,122,112,128,126,94,1249,130,1299,1219,1159,1239,1199,102,1229,124,1339,1329,116,1309,1259,120,106,1319,1209,1169,118,1279,114
12,1272,1194,1142,852,1354,1222,1214,1202,1234,749,732,1152,1154,1314,1284,1304,1282,1324,1312,1182,1184,1224,1352,582,1264,1274,904,1144,1164,1212,1204,643,525,1342,700,936,925,544,1172,1174,1344,1242,837,611,1292,1302,719,776,789,1192,806,1232,1294,1262,877,563,1244,1322,1254,1162,685,1332,660,628,1252,1334
12,325,404,458,479,283,372,846,312,344,1187,620,637,349,264,242,1157,249,506,285,292,1167,1247,815,495,488,310,741,255,421,323,1297,448,394,266,861,521,308,294,259,274,354,382,462,886,270,414,416,469,1197,1307,287,268,728,913,303,694,464,1147,332,499,1337,1287,758,377,1327,490,709,519,299,330,504,409,523,572,591,453,428,1257,314,443,281,477,534,473,1267,433,1349,652,363,244,1317,334,384,356,1207,1237,339,365,460,1227,358,484,319,301,251,553,438,276,517,508,399,321,389,471,497,475,798,510,257,1177,486,253,515,426,669,272,785,1217,370,240,1277
12,635,754,909,930,568,945,648,530,587,690,618,882,796,705,707,739,756,589,549,633,844,794,665,783,551,859,737,932,842,570,781,616,857,724,911,813,667,726,692,811,943,884,532,650
12,941
12
12,934,1347
7,1368
15