0
0
0
0
0
0
0
0
0
0
0
0
0
0
0
0
0
0
0
0
0
0
0
0
0
0
0
0
0
0
0
0
0
0
0
0
0
0,767,1758,342,362,111,703,1756
0,353,736,129,555,750,405,1768,1766,611,784
0,752,709,743,131,355,407,392,366,807,377,1778,1776,437
0,357,368,754,836,481,716,133,1786,1788
0,448,857,1796,636,1798,135,718,346,409,756
0,394,1806,880,370,492,348,1808,137,379,505
0,1818,139,483,903,1816
0,450,916,1828,463,396,141,1826,411
0,935,143,381,1838,1836,525
0,418,542,145,950,439,1846,494,1848,593,465,514,398,527,679
0,544,420,981,147,1856,1858,496,383,452
0,723,607,113,1002,1866,1868
0,516,1876,1878,149,1017,422
0,467,424,441,1032,1888,625,572,151,1886
0,1898,153,1053,454,485,1896,529,546
0,664,385,1906,155,1072,1908,602
0,557,157,498,531,681,507,387,638,1089,1916,1918,574
0,1928,1926,1116,533,159,426,576,548
0,1936,616,692,413,161,1135,1938,559,578
0,580,651,618,1946,535,428,1948,1156,500,163
0,518,1956,683,627,1958,582,1179,640,165,537,620,456,666
0,167,520,1208,1966,1968,584
0,734,1223,115,1978,1976
0,561,653,1236,169,1986,1988,595,629,586
0,430,631,694,563,1996,1998,171,1257,668,642
0,1280,588,173,565,2008,655,509,2006
0,2016,175,685,443,1299,2018,597
0,1316,696,2026,177,2028,670
0,179,1331,2038,2036,672,644
0,687,567,2046,550,698,646,2048,1346,674,181,657
0,2056,117,725,2058,344,1371,490,714
0,119,2066,364,2068,472,1390
0,403,461,121,474,1405,2076,2078,337
0,2088,2086,476,1424,741,705,123
0,727,125,707,2096,375,748,2098,662,609,1441
0,435,2108,127,729,2106,1464
0,335,1678,1407
0,882,771,340,1377,1680,863
0,1682,351,842,815,792
0,773,360,884,817,1394,1684,844
0,983,886,819,1686,937,1074,1091,373,1451
0,918,821,390,1688,952,888
0,823,920,794,865,1137,401,1690,1411
0,416,1259,985,1118,1034,1692,954,1019,1158
0,825,956,1036,1694,433,1468,1301
0,987,922,1181,446,867,1696,1055
0,459,1698,924,958,1413,1038
0,1392,1409,470,1700,1426
0,1702,479,846,905,1057
0,960,1704,989,890,1093,1379,1160,488
0,892,1282,1095,503,1706
0,1708,962,1210,1183,1021,512
0,1097,939,964,523,1710,1162,1120,1185,1059
0,966,1712,1122,1061,540,1348,991
0,553,1714,1284,1139,1350,1099,1261,796,1238
0,1187,1164,1240,1141,1124,1716,1101,1212,570,1040,1286
0,591,1303,1242,968,1718
0,1076,600,1720
0,786,605,1443,1004,1722
0,1143,1166,614,1724,1189
0,1191,1726,1244,1042,623,1263
0,1728,869,634,1352,1333,1265,1103,1193
0,649,1354,1168,1730,1246,1288
0,660,1267,1732,1453,1356,1335,1195,1078,1318
0,1358,970,1305,1734,677,1105,1197
0,1145,1736,690,1320,1269,1360
0,701,809,1738,1445,769,1428
0,1373,859,712,838,1740
0,1466,1006,1375,1742,1447,721
0,1744,732,788,1225
0,1746,739,811,1430
0,1449,813,746,1748,790,840,861
1,2136
2,111
2
2,113
2
2,115
2
2,117
2
2,119
2
2,121
2
2,123
2
2,125
2
2,127
2
2,129
2
2,131
2
2,133
2
2,135
2
2,137
2
2,139
2
2,141
2
2,143
2
2,145
2
2,147
2
2,149
2
2,151
2
2,153
2
2,155
2
2,157
2
2,159
2
2,161
2
2,163
2
2,165
2
2,167
2
2,169
2
2,171
2
2,173
2
2,175
2
2,177
2
2,179
2
2,181
2
3,333,1491,336
3,347,343,345,341,338,1492
3,349,352,354,356,1493
3,1494,365,367,369,363,358,361
3,386,382,376,374,371,384,380,378,1495
3,388,397,1496,395,391,393
3,399,1497,404,410,408,402,412,406
3,419,1498,427,429,425,423,421,417,414
3,442,436,440,431,434,438,1499
3,447,455,444,449,453,1500,451
3,460,466,462,457,464,1501
3,1502,473,468,471,475
3,1503,480,484,482,477
3,486,499,491,493,489,495,497,1504
3,504,508,1505,506,501
3,510,513,517,519,515,1506
3,524,1507,521,532,526,530,534,536,528
3,549,547,541,538,545,1508,543
3,560,558,562,566,554,556,564,1509,551
3,568,585,579,583,573,581,577,571,575,1510,587
3,596,589,1511,594,592
3,598,1512,601
3,603,610,608,606,1513
3,615,1514,619,617,612
3,621,630,624,628,1515,626
3,1516,643,637,639,641,632,635,645
3,656,654,647,650,1517,652
3,658,669,667,1518,673,665,671,661,663
3,1519,675,682,678,686,680,684
3,695,688,1520,691,697,693
3,704,702,708,1521,706,699
3,717,713,1522,710,715
3,724,1523,728,719,726,722
3,733,735,730,1524
3,1525,740,742,737
3,747,749,755,744,753,1526,751
3,761,1753,765
3,763,758,760,1751
3,762,1527,2135,218,757,1528,759,219,764
3,780,777,775,1761
3,782,778,1763
3,221,776,772,1531,770,781,768,1532,1529,766,774,1530,779,222
3,798,800,1771,803
3,1773,805,801
3,785,1534,787,789,797,225,795,783,804,791,799,793,224,1533,802,1536,1535
3,829,832,1781,827
3,830,1783,834
3,814,808,1538,826,1540,820,818,833,812,806,828,824,816,228,227,1539,822,831,810,1537
3,848,850,853,1791
3,855,1793,851
3,1543,849,837,1542,841,1541,835,1544,852,845,839,231,230,854,847,843
3,876,873,1801,871
3,874,1803,878
3,858,877,870,875,860,1545,872,862,866,856,233,868,234,1548,1546,864,1547
3,899,896,1811,894
3,897,901,1813
3,895,1550,883,898,889,891,1549,237,236,879,900,893,887,1551,881,885,1552
3,912,909,1821,907
3,914,1823,910
3,240,1554,911,906,1556,904,1555,239,913,902,1553,908
3,1831,926,928,931
3,933,1833,929
3,242,927,917,1560,1557,930,923,921,932,915,1558,243,1559,925,919
3,1841,946,943,941
3,948,944,1843
3,245,938,246,945,940,1562,1564,1561,936,947,934,942,1563
3,972,974,977,1851
3,979,1853,975
3,953,963,1565,959,967,955,971,248,951,973,949,249,961,976,978,1568,1567,1566,965,969,957
3,1861,995,998,993
3,1863,996,1000
3,251,990,986,1571,982,992,984,997,1570,1572,252,988,980,999,994,1569
3,1013,1871,1010,1008
3,1873,1015,1011
3,1001,1007,254,1574,1573,1575,1003,1576,1009,255,1014,1012,1005
3,1023,1881,1025,1028
3,1883,1030,1026
3,257,1580,1018,1027,1016,1024,1020,1022,258,1579,1577,1578,1029
3,1044,1049,1046,1891
3,1047,1051,1893
3,1584,1583,1582,1045,1039,1037,1050,1033,1035,1048,1581,261,260,1043,1031,1041
3,1065,1063,1068,1901
3,1066,1070,1903
3,1588,1058,1060,1052,1056,263,1064,1586,1054,264,1067,1585,1069,1062,1587
3,1911,1082,1085,1080
3,1083,1087,1913
3,1590,267,1075,1079,1077,1081,1592,1589,1591,1084,1071,1086,1073,266
3,1109,1107,1921,1112
3,1923,1114,1110
3,1098,1104,1111,1594,270,1106,1092,1090,1096,1100,1593,1094,1596,1113,1108,1088,1595,1102,269
3,1128,1931,1126,1131
3,1933,1129,1133
3,1117,1115,1599,1597,1123,1598,1132,1127,273,1600,1130,1119,1125,1121,272
3,1152,1149,1147,1941
3,1150,1154,1943
3,276,1601,1603,1146,275,1140,1134,1148,1151,1153,1138,1144,1604,1136,1602,1142
3,1175,1172,1170,1951
3,1953,1177,1173
3,1163,278,1605,1161,1159,1607,1176,1606,1165,1155,1608,1169,1157,1171,1167,279,1174
3,1961,1199,1204,1201
3,1963,1202,1206
3,1188,282,1180,1190,1184,1203,1609,1612,1178,1182,1611,1196,1186,1198,1205,1610,1200,281,1192,1194
3,1216,1971,1214,1219
3,1217,1221,1973
3,1615,1613,1207,1213,1616,1218,1209,1215,1211,1220,285,284,1614
3,1229,1227,1232,1981
3,1234,1983,1230
3,1231,1620,1617,1618,1222,1226,1233,1228,288,287,1224,1619
3,1250,1991,1253,1248
3,1993,1255,1251
3,1622,1235,291,290,1252,1249,1624,1623,1254,1245,1243,1239,1621,1247,1241,1237
3,1276,1273,2001,1271
3,1278,1274,2003
3,1256,1275,1625,1628,1272,1262,1626,294,1270,1260,1266,1268,1277,293,1627,1264,1258
3,1292,2011,1290,1295
3,1293,1297,2013
3,1291,1629,1631,1281,1279,1632,1294,1289,1630,1287,1283,296,1296,297,1285
3,2021,1312,1309,1307
3,1310,1314,2023
3,1304,1634,1300,1636,1306,1633,299,300,1308,1635,1313,1302,1311,1298
3,1327,1322,2031,1324
3,1329,1325,2033
3,1638,1637,1317,1328,1326,1640,1321,1315,303,1639,1323,1319,302
3,1337,1339,1342,2041
3,2043,1340,1344
3,306,1343,1642,1644,1334,305,1330,1332,1341,1338,1641,1643,1336
3,1367,1362,2051,1364
3,1369,2053,1365
3,1349,1357,1368,1361,1359,1647,1648,308,1351,1366,1355,1353,1363,309,1347,1645,1646,1345
3,1381,1383,1386,2061
3,2063,1384,1388
3,1370,1387,311,1378,1374,1652,312,1376,1372,1649,1650,1385,1651,1382,1380
3,2071,1401,1398,1396
3,1403,1399,2073
3,315,1393,1655,1400,1653,1389,1395,1654,1391,1402,1656,1397,314
3,1417,1420,1415,2081
3,2083,1418,1422
3,1660,1658,1410,1419,1406,1412,1421,318,1414,1408,1657,1404,1416,1659,317
3,1437,2091,1432,1434
3,2093,1435,1439
3,320,321,1661,1433,1664,1423,1431,1438,1662,1663,1429,1436,1425,1427
3,1455,1460,1457,2101
3,1458,1462,2103
3,1440,1666,1454,1442,1667,1448,1452,1444,1459,1665,324,323,1668,1450,1461,1456,1446
3,1470,1475,1472,2111
3,1477,2113,1473
3,1467,1474,1672,1463,1469,1476,1465,326,1471,1670,1669,327,1671
3,1484,1488,1481,2121
3,1483,2123,1490
3,2118,1479,2116,1486
3,1674,330,1485,1487,1489,1675,1478,1673,329,1480,331,1482,1676
4,334
4,335
4
4,337
4
4,339
4,340
4
4,342
4
4,344
4
4,346
4
4,348
4
4,350
4,351
4
4,353
4
4,355
4
4,357
4
4,359
4,360
4
4,362
4
4,364
4
4,366
4
4,368
4
4,370
4
4,372
4,373
4
4,375
4
4,377
4
4,379
4
4,381
4
4,383
4
4,385
4
4,387
4
4,389
4,390
4
4,392
4
4,394
4
4,396
4
4,398
4
4,400
4,401
4
4,403
4
4,405
4
4,407
4
4,409
4
4,411
4
4,413
4
4,415
4,416
4
4,418
4
4,420
4
4,422
4
4,424
4
4,426
4
4,428
4
4,430
4
4,432
4,433
4
4,435
4
4,437
4
4,439
4
4,441
4
4,443
4
4,445
4,446
4
4,448
4
4,450
4
4,452
4
4,454
4
4,456
4
4,458
4,459
4
4,461
4
4,463
4
4,465
4
4,467
4
4,469
4,470
4
4,472
4
4,474
4
4,476
4
4,478
4,479
4
4,481
4
4,483
4
4,485
4
4,487
4,488
4
4,490
4
4,492
4
4,494
4
4,496
4
4,498
4
4,500
4
4,502
4,503
4
4,505
4
4,507
4
4,509
4
4,511
4,512
4
4,514
4
4,516
4
4,518
4
4,520
4
4,522
4,523
4
4,525
4
4,527
4
4,529
4
4,531
4
4,533
4
4,535
4
4,537
4
4,539
4,540
4
4,542
4
4,544
4
4,546
4
4,548
4
4,550
4
4,552
4,553
4
4,555
4
4,557
4
4,559
4
4,561
4
4,563
4
4,565
4
4,567
4
4,569
4,570
4
4,572
4
4,574
4
4,576
4
4,578
4
4,580
4
4,582
4
4,584
4
4,586
4
4,588
4
4,590
4,591
4
4,593
4
4,595
4
4,597
4
4,599
4,600
4
4,602
4
4,604
4,605
4
4,607
4
4,609
4
4,611
4
4,613
4,614
4
4,616
4
4,618
4
4,620
4
4,622
4,623
4
4,625
4
4,627
4
4,629
4
4,631
4
4,633
4,634
4
4,636
4
4,638
4
4,640
4
4,642
4
4,644
4
4,646
4
4,648
4,649
4
4,651
4
4,653
4
4,655
4
4,657
4
4,659
4,660
4
4,662
4
4,664
4
4,666
4
4,668
4
4,670
4
4,672
4
4,674
4
4,676
4,677
4
4,679
4
4,681
4
4,683
4
4,685
4
4,687
4
4,689
4,690
4
4,692
4
4,694
4
4,696
4
4,698
4
4,700
4,701
4
4,703
4
4,705
4
4,707
4
4,709
4
4,711
4,712
4
4,714
4
4,716
4
4,718
4
4,720
4,721
4
4,723
4
4,725
4
4,727
4
4,729
4
4,731
4,732
4
4,734
4
4,736
4
4,738
4,739
4
4,741
4
4,743
4
4,745
4,746
4
4,748
4
4,750
4
4,752
4
4,754
4
4,756
4
4,758
4
4,760
4,761
4
4,763
4
4,765
4
4,767
4
4,769
4
4,771
4
4,773
4
4,775
4
4,777
4,778
4
4,780
4
4,782
4
4,784
4
4,786
4
4,788
4
4,790
4
4,792
4
4,794
4
4,796
4
4,798
4
4,800
4,801
4
4,803
4
4,805
4
4,807
4
4,809
4
4,811
4
4,813
4
4,815
4
4,817
4
4,819
4
4,821
4
4,823
4
4,825
4
4,827
4
4,829
4,830
4
4,832
4
4,834
4
4,836
4
4,838
4
4,840
4
4,842
4
4,844
4
4,846
4
4,848
4
4,850
4,851
4
4,853
4
4,855
4
4,857
4
4,859
4
4,861
4
4,863
4
4,865
4
4,867
4
4,869
4
4,871
4
4,873
4,874
4
4,876
4
4,878
4
4,880
4
4,882
4
4,884
4
4,886
4
4,888
4
4,890
4
4,892
4
4,894
4
4,896
4,897
4
4,899
4
4,901
4
4,903
4
4,905
4
4,907
4
4,909
4,910
4
4,912
4
4,914
4
4,916
4
4,918
4
4,920
4
4,922
4
4,924
4
4,926
4
4,928
4,929
4
4,931
4
4,933
4
4,935
4
4,937
4
4,939
4
4,941
4
4,943
4,944
4
4,946
4
4,948
4
4,950
4
4,952
4
4,954
4
4,956
4
4,958
4
4,960
4
4,962
4
4,964
4
4,966
4
4,968
4
4,970
4
4,972
4
4,974
4,975
4
4,977
4
4,979
4
4,981
4
4,983
4
4,985
4
4,987
4
4,989
4
4,991
4
4,993
4
4,995
4,996
4
4,998
4
4,1000
4
4,1002
4
4,1004
4
4,1006
4
4,1008
4
4,1010
4,1011
4
4,1013
4
4,1015
4
4,1017
4
4,1019
4
4,1021
4
4,1023
4
4,1025
4,1026
4
4,1028
4
4,1030
4
4,1032
4
4,1034
4
4,1036
4
4,1038
4
4,1040
4
4,1042
4
4,1044
4
4,1046
4,1047
4
4,1049
4
4,1051
4
4,1053
4
4,1055
4
4,1057
4
4,1059
4
4,1061
4
4,1063
4
4,1065
4,1066
4
4,1068
4
4,1070
4
4,1072
4
4,1074
4
4,1076
4
4,1078
4
4,1080
4
4,1082
4,1083
4
4,1085
4
4,1087
4
4,1089
4
4,1091
4
4,1093
4
4,1095
4
4,1097
4
4,1099
4
4,1101
4
4,1103
4
4,1105
4
4,1107
4
4,1109
4,1110
4
4,1112
4
4,1114
4
4,1116
4
4,1118
4
4,1120
4
4,1122
4
4,1124
4
4,1126
4
4,1128
4,1129
4
4,1131
4
4,1133
4
4,1135
4
4,1137
4
4,1139
4
4,1141
4
4,1143
4
4,1145
4
4,1147
4
4,1149
4,1150
4
4,1152
4
4,1154
4
4,1156
4
4,1158
4
4,1160
4
4,1162
4
4,1164
4
4,1166
4
4,1168
4
4,1170
4
4,1172
4,1173
4
4,1175
4
4,1177
4
4,1179
4
4,1181
4
4,1183
4
4,1185
4
4,1187
4
4,1189
4
4,1191
4
4,1193
4
4,1195
4
4,1197
4
4,1199
4
4,1201
4,1202
4
4,1204
4
4,1206
4
4,1208
4
4,1210
4
4,1212
4
4,1214
4
4,1216
4,1217
4
4,1219
4
4,1221
4
4,1223
4
4,1225
4
4,1227
4
4,1229
4,1230
4
4,1232
4
4,1234
4
4,1236
4
4,1238
4
4,1240
4
4,1242
4
4,1244
4
4,1246
4
4,1248
4
4,1250
4,1251
4
4,1253
4
4,1255
4
4,1257
4
4,1259
4
4,1261
4
4,1263
4
4,1265
4
4,1267
4
4,1269
4
4,1271
4
4,1273
4,1274
4
4,1276
4
4,1278
4
4,1280
4
4,1282
4
4,1284
4
4,1286
4
4,1288
4
4,1290
4
4,1292
4,1293
4
4,1295
4
4,1297
4
4,1299
4
4,1301
4
4,1303
4
4,1305
4
4,1307
4
4,1309
4,1310
4
4,1312
4
4,1314
4
4,1316
4
4,1318
4
4,1320
4
4,1322
4
4,1324
4,1325
4
4,1327
4
4,1329
4
4,1331
4
4,1333
4
4,1335
4
4,1337
4
4,1339
4,1340
4
4,1342
4
4,1344
4
4,1346
4
4,1348
4
4,1350
4
4,1352
4
4,1354
4
4,1356
4
4,1358
4
4,1360
4
4,1362
4
4,1364
4,1365
4
4,1367
4
4,1369
4
4,1371
4
4,1373
4
4,1375
4
4,1377
4
4,1379
4
4,1381
4
4,1383
4,1384
4
4,1386
4
4,1388
4
4,1390
4
4,1392
4
4,1394
4
4,1396
4
4,1398
4,1399
4
4,1401
4
4,1403
4
4,1405
4
4,1407
4
4,1409
4
4,1411
4
4,1413
4
4,1415
4
4,1417
4,1418
4
4,1420
4
4,1422
4
4,1424
4
4,1426
4
4,1428
4
4,1430
4
4,1432
4
4,1434
4,1435
4
4,1437
4
4,1439
4
4,1441
4
4,1443
4
4,1445
4
4,1447
4
4,1449
4
4,1451
4
4,1453
4
4,1455
4
4,1457
4,1458
4
4,1460
4
4,1462
4
4,1464
4
4,1466
4
4,1468
4
4,1470
4
4,1472
4,1473
4
4,1475
4
4,1477
4
4,1479
4
4,1481
4
4,1483
4,1484
4
4,1486
4
4,1488
4
4,1490
4
5,1677
5,1679
5,1681
5,1683
5,1685
5,1687
5,1689
5,1691
5,1693
5,1695
5,1697
5,1699
5,1701
5,1703
5,1705
5,1707
5,1709
5,1711
5,1713
5,1715
5,1717
5,1719
5,1721
5,1723
5,1725
5,1727
5,1729
5,1731
5,1733
5,1735
5,1737
5,1739
5,1741
5,1743
5,1745
5,1747
5,1749
5,1752
5,1754
5,1757
5,1759
5,1762
5,1764
5,1767
5,1769
5,1772
5,1774
5,1777
5,1779
5,1782
5,1784
5,1787
5,1789
5,1792
5,1794
5,1797
5,1799
5,1802
5,1804
5,1807
5,1809
5,1812
5,1814
5,1817
5,1819
5,1822
5,1824
5,1827
5,1829
5,1832
5,1834
5,1837
5,1839
5,1842
5,1844
5,1847
5,1849
5,1852
5,1854
5,1857
5,1859
5,1862
5,1864
5,1867
5,1869
5,1872
5,1874
5,1877
5,1879
5,1882
5,1884
5,1887
5,1889
5,1892
5,1894
5,1897
5,1899
5,1902
5,1904
5,1907
5,1909
5,1912
5,1914
5,1917
5,1919
5,1922
5,1924
5,1927
5,1929
5,1932
5,1934
5,1937
5,1939
5,1942
5,1944
5,1947
5,1949
5,1952
5,1954
5,1957
5,1959
5,1962
5,1964
5,1967
5,1969
5,1972
5,1974
5,1977
5,1979
5,1982
5,1984
5,1987
5,1989
5,1992
5,1994
5,1997
5,1999
5,2002
5,2004
5,2007
5,2009
5,2012
5,2014
5,2017
5,2019
5,2022
5,2024
5,2027
5,2029
5,2032
5,2034
5,2037
5,2039
5,2042
5,2044
5,2047
5,2049
5,2052
5,2054
5,2057
5,2059
5,2062
5,2064
5,2067
5,2069
5,2072
5,2074
5,2077
5,2079
5,2082
5,2084
5,2087
5,2089
5,2092
5,2094
5,2097
5,2099
5,2102
5,2104
5,2107
5,2109
5,2112
5,2114
5,2117
5,2119
5,2122
6,1678
6
6,1680
6
6,1682
6
6,1684
6
6,1686
6
6,1688
6
6,1690
6
6,1692
6
6,1694
6
6,1696
6
6,1698
6
6,1700
6
6,1702
6
6,1704
6
6,1706
6
6,1708
6
6,1710
6
6,1712
6
6,1714
6
6,1716
6
6,1718
6
6,1720
6
6,1722
6
6,1724
6
6,1726
6
6,1728
6
6,1730
6
6,1732
6
6,1734
6
6,1736
6
6,1738
6
6,1740
6
6,1742
6
6,1744
6
6,1746
6
6,1748
6
6,1750
6,1751
6
6,1753
6
6,1755
6,1756
6
6,1758
6
6,1760
6,1761
6
6,1763
6
6,1765
6,1766
6
6,1768
6
6,1770
6,1771
6
6,1773
6
6,1775
6,1776
6
6,1778
6
6,1780
6,1781
6
6,1783
6
6,1785
6,1786
6
6,1788
6
6,1790
6,1791
6
6,1793
6
6,1795
6,1796
6
6,1798
6
6,1800
6,1801
6
6,1803
6
6,1805
6,1806
6
6,1808
6
6,1810
6,1811
6
6,1813
6
6,1815
6,1816
6
6,1818
6
6,1820
6,1821
6
6,1823
6
6,1825
6,1826
6
6,1828
6
6,1830
6,1831
6
6,1833
6
6,1835
6,1836
6
6,1838
6
6,1840
6,1841
6
6,1843
6
6,1845
6,1846
6
6,1848
6
6,1850
6,1851
6
6,1853
6
6,1855
6,1856
6
6,1858
6
6,1860
6,1861
6
6,1863
6
6,1865
6,1866
6
6,1868
6
6,1870
6,1871
6
6,1873
6
6,1875
6,1876
6
6,1878
6
6,1880
6,1881
6
6,1883
6
6,1885
6,1886
6
6,1888
6
6,1890
6,1891
6
6,1893
6
6,1895
6,1896
6
6,1898
6
6,1900
6,1901
6
6,1903
6
6,1905
6,1906
6
6,1908
6
6,1910
6,1911
6
6,1913
6
6,1915
6,1916
6
6,1918
6
6,1920
6,1921
6
6,1923
6
6,1925
6,1926
6
6,1928
6
6,1930
6,1931
6
6,1933
6
6,1935
6,1936
6
6,1938
6
6,1940
6,1941
6
6,1943
6
6,1945
6,1946
6
6,1948
6
6,1950
6,1951
6
6,1953
6
6,1955
6,1956
6
6,1958
6
6,1960
6,1961
6
6,1963
6
6,1965
6,1966
6
6,1968
6
6,1970
6,1971
6
6,1973
6
6,1975
6,1976
6
6,1978
6
6,1980
6,1981
6
6,1983
6
6,1985
6,1986
6
6,1988
6
6,1990
6,1991
6
6,1993
6
6,1995
6,1996
6
6,1998
6
6,2000
6,2001
6
6,2003
6
6,2005
6,2006
6
6,2008
6
6,2010
6,2011
6
6,2013
6
6,2015
6,2016
6
6,2018
6
6,2020
6,2021
6
6,2023
6
6,2025
6,2026
6
6,2028
6
6,2030
6,2031
6
6,2033
6
6,2035
6,2036
6
6,2038
6
6,2040
6,2041
6
6,2043
6
6,2045
6,2046
6
6,2048
6
6,2050
6,2051
6
6,2053
6
6,2055
6,2056
6
6,2058
6
6,2060
6,2061
6
6,2063
6
6,2065
6,2066
6
6,2068
6
6,2070
6,2071
6
6,2073
6
6,2075
6,2076
6
6,2078
6
6,2080
6,2081
6
6,2083
6
6,2085
6,2086
6
6,2088
6
6,2090
6,2091
6
6,2093
6
6,2095
6,2096
6
6,2098
6
6,2100
6,2101
6
6,2103
6
6,2105
6,2106
6
6,2108
6
6,2110
6,2111
6
6,2113
6
6,2115
6,2116
6
6,2118
6
6,2120
6,2121
6
6,2123
6
14,109,2135
12
12,822,1209,1184,1689,1681,1448,839,1691,1287,1347,1075,1266,539,982,1190,860,967,1374,1715,1077,1427,1165,1142,1705,1355,1056,1117,604,1285,1703,1467,633,1098,969,372,1245,984,904,787,1709,810,816,720,1138,738,569,1239,469,986,1685,1060,1196,1317,478,1283,1725,818,1723,1444,1304,1300,862,1073,785,959,1094,1727,921,889,1167,1161,1268,887,1717,1096,1264,845,1372,511,1334,883,1123,389,938,772,820,1391,1406,1695,700,1241,1747,955,689,866,1033,789,988,1092,648,1319,1442,1058,1729,1104,917,1041,1192,1159,1351,868,864,1697,1039,1211,432,1180,843,1144,1465,676,1741,990,1677,1452,1739,957,1157,1302,919,1136,1711,791,1450,1429,1140,613,1701,1679,359,1224,936,1102,1707,1699,745,1733,659,1743,858,1188,1693,599,1258,1687,1037,812,1721,552,1163,350,885,881,808,711,891,731,814,1425,1719,824,963,1731,334,1054,951,1357,1410,1359,1332,923,622,1018,793,1020,1446,1090,400,1260,1378,1281,1713,1237,1186,841,1003,965,795,1735,961,837,1100,1683,1243,590,953,415,1262,502,1737,1182,768,1349,445,1408,1035,770,1376,339,1393,1745,1119,487,1353,1412,1121,522,1194,458,1005
12,973,1471,1382,1215,1024,1291,908,1416,828,1200,1081,759,1064,1148,1171,1323,872,1108,849,799,942,1433,1272,1249,994,1397,1127,1338,1482,895,776,1456,1308,1045,1363,1228,1009,927
12,1817,2097,112,148,126,116,1957,114,2077,156,160,1877,124,170,180,1897,120,1757,1787,172,162,138,128,144,142,1967,110,1857,2087,146,1907,178,2047,1827,176,2107,1767,1797,2067,174,1847,2017,118,1837,2027,140,1987,1947,166,1937,1807,1927,132,1917,168,1867,1997,136,2007,152,122,164,1777,134,158,150,2057,1887,154,2037,130,1977
12,1972,906,1880,1802,1469,1750,2042,2092,1990,1454,1079,1830,1125,1822,1810,1842,2010,1760,1762,2080,1922,2102,1892,2070,1007,1932,1480,1920,1043,1790,1792,1832,1361,2062,1970,1872,1882,1942,925,1752,2072,1772,1820,2050,1812,757,1213,1106,940,992,2002,1247,1289,1962,1062,2040,1980,2000,2090,774,2030,1890,971,797,847,2022,1022,1780,1782,1952,826,2032,1900,1910,1169,1226,1270,1800,1321,1840,1336,1306,1902,1198,1870,1960,1850,1414,1982,2060,1431,870,1146,1395,1852,1860,2112,2012,1992,2020,1862,1770,1930,2110,1940,2120,2082,893,1950,2122,2052,1912,1380,2100
12,560,1404,423,671,1915,702,1279,453,363,673,652,556,506,382,2045,1088,406,460,2035,856,879,1052,1235,686,352,397,1001,641,1370,1765,341,742,365,680,1775,1855,1071,733,726,404,684,1178,2075,530,594,347,384,596,615,421,2055,549,697,678,2015,466,545,2085,554,515,354,536,579,1115,753,1345,665,402,577,376,639,2065,667,1965,619,575,610,2005,412,464,524,617,706,429,1134,606,608,713,440,1805,367,547,1945,475,356,980,630,1865,1463,592,1155,1330,395,564,484,934,695,451,380,708,378,1755,436,528,2105,534,1895,583,1016,581,693,386,513,1935,1975,728,949,519,2117,628,1389,573,751,391,1222,1440,558,434,427,740,601,755,806,374,691,626,408,1315,661,1298,410,1995,473,361,543,766,717,1785,669,480,645,1875,635,562,1256,1423,495,902,489,682,1955,1925,438,1795,462,526,482,1905,1815,499,1845,447,425,1207,491,1835,722,449,417,915,493,471,393,343,783,650,1985,663,654,749,566,571,517,419,532,508,541,2095,643,715,704,735,2025,637,455,724,345,442,747,656,835,624,585,497,587,369,1031,1825,504,336,1885
12,1476,1231,997,1326,1014,898,802,1012,1438,1048,1489,930,1387,1254,1419,1132,1130,1069,762,804,1218,852,1027,945,999,947,1313,1205,1311,1275,1111,781,1459,1203,1294,1328,1487,1176,1151,1366,1385,833,1296,1421,854,1050,1400,1174,1233,932,1113,1436,779,1402,978,1461,1277,913,1368,1067,1252,976,1343,831,1084,1220,1029,900,877,1086,764,1341,911,1474,1153,875
12,1485
12
12,2115,1478
7,2136
15