0
0
0
0
0
0
0
0
0
0
0
0
0
0
0
0
0
0
0
0
0
0
0
0
0
0
0
0
0
0
0
0
0
0
0
0
0
0
0
0
0
0,757,1770,717,365,119,689,515,1768
0,404,395,378,737,415,137,1780,428,1778,776
0,477,732,430,139,739,799,380,1790,1788,708,597
0,417,824,741,141,1798,488,382,441,1800
0,697,845,1808,1810,143,746,710
0,406,493,862,459,699,1820,1818,145
0,1830,147,450,549,1828,504,408,881,419
0,551,384,495,1840,902,149,1838
0,919,386,421,151,432,1850,1848
0,553,153,936,497,1858,1860
0,506,951,155,452,1868,529,1870,470
0,121,970,1878,719,1880
0,517,562,508,1888,1890,157,983,555
0,524,510,1002,1900,557,159,519,1898
0,161,1021,531,1908,1910,602,388
0,163,479,1918,1038,1920,609
0,624,165,461,1053,1928,1930,542
0,1940,1938,1070,564,575,167
0,1948,169,577,1085,1950
0,566,544,1098,626,1958,611,1960,171
0,1968,1970,628,173,533,1117
0,579,568,175,443,613,454,1132,1980,586,652,1978
0,1157,393,123,593,1990,1988
0,499,1172,177,1998,2000
0,663,615,654,2008,639,2010,179,1185,535,676
0,1208,665,181,581,2020,641,537,2018,617
0,183,2028,678,1229,643,2030
0,680,1244,2038,185,570,604,2040,588
0,645,187,656,1263,630,2050,2048
0,2058,2060,1280,189,619
0,682,2070,667,2068,1293,632,191
0,2078,684,2080,193,647,1310,712
0,481,669,2090,195,2088,1327
0,486,125,2098,2100,448,637,1342,691
0,197,658,1361,2108,671,2110
0,127,475,2118,367,1376,704,726,2120
0,2128,369,706,129,728,1395,2130,693,595
0,413,437,1416,721,2140,466,131,2138
0,133,374,426,1435,730,2150,439,400,2148
0,2160,1456,402,468,135,376,2158,695
0,1690,1378,363,1397,759
0,921,1023,1460,780,1692,372,830,1439,904,809
0,1694,391,782,1161
0,1441,784,398,866,1696,1462,883
0,1698,786,832,885,1420,923,411
0,424,811,1443,1700,925,788
0,834,1445,435,1702,1134,1422
0,446,1136,1704,953,1348,887
0,1055,1706,457,868
0,464,955,1464,1424,1708
0,473,1710,1384,813,1329,1040
0,484,826,1712,1344
0,1714,1174,491,938,870,906
0,985,1716,889,1004,957,502
0,765,1006,987,513,1718
0,1720,1008,522
0,1187,527,1722,1210,1119,959,1025
0,1724,1057,540,1100
0,891,1010,940,547,1726,989,908
0,1102,1246,1138,991,1728,560,1072
0,573,1074,1212,1087,1730,1140
0,1142,584,1248,1732
0,591,1399,801,1734,1159
0,1250,600,1027,1736
0,1738,1042,1189,1144,1214,607,1282,1104
0,1265,1740,1059,622,1106,1295,1121
0,1350,1231,1314,635,1742,1267,1191,1216
0,1146,1269,1744,1193,650,1363
0,1331,1297,1218,1746,661,1365,1195
0,1748,674,1299,1316,1252,1233,1197
0,761,687,1401,847,1750,864,1458,1346
0,1312,849,1380,1403,702,803,1752
0,1418,1754,763,715,972
0,805,1382,1756,724,1437,1405
0,1758,735,778,828,807
0,744,851,1760
1,2188
2,119
2
2,121
2
2,123
2
2,125
2
2,127
2
2,129
2
2,131
2
2,133
2
2,135
2
2,137
2
2,139
2
2,141
2
2,143
2
2,145
2
2,147
2
2,149
2
2,151
2
2,153
2
2,155
2
2,157
2
2,159
2
2,161
2
2,163
2
2,165
2
2,167
2
2,169
2
2,171
2
2,173
2
2,175
2
2,177
2
2,179
2
2,181
2
2,183
2
2,185
2
2,187
2
2,189
2
2,191
2
2,193
2
2,195
2
2,197
2
3,366,368,361,1487,364
3,379,375,385,383,381,370,373,377,387,1488
3,389,392,394,1489
3,1490,405,407,401,396,399,403
3,420,414,412,409,418,416,1491
3,422,431,1492,429,425,427
3,433,1493,438,442,436,440
3,449,1494,453,451,447,444
3,460,455,458,1495
3,465,462,467,1496,469
3,474,480,476,471,478,1497
3,487,482,1498,485
3,1499,492,498,496,494,489
3,507,500,505,503,509,1500
3,514,518,1501,516,511
3,523,520,1502
3,528,1503,525,536,530,534,532
3,541,538,1504,543
3,554,552,556,548,550,1505,545
3,558,569,563,567,561,565,1506
3,578,571,1507,576,574,580
3,582,587,1508,585
3,596,594,589,592,1509
3,601,1510,603,598
3,618,616,614,608,612,1511,605,610
3,1512,631,625,627,629,620,623
3,642,640,633,636,1513,646,638,644
3,648,657,1514,655,651,653
3,1515,659,666,662,670,664,668
3,672,679,1516,675,683,681,677
3,698,690,692,688,694,1517,696,685
3,709,711,707,703,1518,700,705
3,718,1519,713,720,716
3,725,727,722,1520,731,729
3,1521,740,736,738,733
3,745,742,1522
3,751,1765,755
3,753,748,750,1763
3,752,1523,2187,234,747,1524,749,235,754
3,769,767,1773,772
3,1775,770,774
3,237,762,768,1527,760,771,766,758,1528,773,1525,756,764,1526,238
3,790,792,795,1783
3,1785,797,793
3,1530,779,781,789,241,787,785,775,796,783,777,791,240,1529,794,1532,1531
3,815,1793,820,817
3,1795,822,818
3,806,1536,800,1534,812,810,804,798,814,816,808,244,243,1535,802,1533,819,821
3,838,836,1803,841
3,843,1805,839
3,1539,837,825,829,1537,823,1540,840,1538,833,827,247,246,842,835,831
3,853,858,855,1813
3,860,856,1815
3,844,848,1541,846,850,852,854,249,857,1543,1544,1542,859,250
3,872,874,1823,877
3,875,879,1825
3,1546,865,873,878,1545,253,252,861,869,1547,863,867,1548,876,871
3,898,893,1833,895
3,896,900,1835
3,894,890,1552,899,256,892,884,1551,1550,255,886,880,888,1549,897,882
3,912,910,1843,915
3,913,917,1845
3,258,903,909,1556,1553,916,907,1555,901,1554,259,911,914,905
3,932,1853,929,927
3,934,1855,930
3,926,1557,261,928,931,922,262,1558,1560,920,918,933,1559,924
3,1863,947,942,944
3,949,945,1865
3,939,941,1561,264,937,935,265,943,1564,1563,1562,946,948
3,1873,966,961,963
3,964,1875,968
3,267,960,956,1567,952,954,965,967,1566,1568,268,958,950,1565,962
3,1883,974,979,976
3,981,1885,977
3,969,973,270,975,1570,978,1569,1571,971,1572,271,980
3,1893,998,993,995
3,1895,996,1000
3,988,997,273,999,992,984,994,982,986,1576,274,990,1575,1573,1574
3,1903,1017,1014,1012
3,1019,1905,1015
3,1580,1579,1578,1011,1009,1007,1003,1016,1005,1018,1577,277,276,1013,1001
3,1034,1913,1031,1029
3,1036,1915,1032
3,1026,1584,1020,1030,1024,1033,279,1582,1022,1035,1581,280,1583,1028
3,1046,1044,1923,1049
3,1925,1051,1047
3,1586,1043,283,1041,1587,1588,1585,1048,1045,1050,1037,1039,282
3,1061,1066,1063,1933
3,1064,1935,1068
3,1590,286,1056,1054,1589,1058,1592,1062,1052,1060,1065,285,1067,1591
3,1078,1081,1943,1076
3,1945,1083,1079
3,1069,1080,1595,1593,1594,289,1596,1082,1073,1071,1075,288,1077
3,1953,1089,1094,1091
3,1096,1092,1955
3,1088,292,1090,1597,291,1095,1093,1599,1600,1084,1086,1598
3,1108,1963,1110,1113
3,1965,1115,1111
3,1601,1103,1101,1603,1602,1112,1097,1604,1109,294,1099,1107,1114,1105,295
3,1125,1973,1128,1123
3,1126,1975,1130
3,298,1118,1608,1122,1120,1607,1605,1127,1129,1116,1606,1124,297
3,1150,1983,1153,1148
3,1151,1155,1985
3,1611,1609,1141,1612,1133,1154,1147,1139,1137,1135,1152,1143,1131,1149,301,300,1145,1610
3,1163,1168,1165,1993
3,1995,1170,1166
3,1162,1169,1616,1160,1613,1614,1164,1156,1167,1158,304,303,1615
3,1178,1176,2003,1181
3,1183,1179,2005
3,1171,307,306,1620,1619,1618,1180,1177,1182,1175,1173,1617
3,1204,1201,2013,1199
3,1206,1202,2015
3,1184,1203,310,1624,1200,1190,1622,1198,1188,1194,1196,1621,1205,309,1623,1186,1192
3,1220,2023,1222,1225
3,1223,1227,2025
3,1625,1627,1209,1626,1207,1628,1211,312,1226,1221,1224,1217,313,1213,1215,1219
3,2033,1240,1235,1237
3,1242,2035,1238
3,1239,1630,1230,1632,1629,1236,316,315,1631,1232,1241,1234,1228
3,1254,1259,2043,1256
3,1261,1257,2045
3,1247,1255,1634,1633,1636,1251,1249,1260,1253,1243,319,1635,1245,1258,318
3,1271,1276,2053,1273
3,1274,1278,2055
3,1277,322,1275,1638,1268,1640,1270,1266,1272,321,1264,1637,1262,1639
3,1289,1286,2063,1284
3,1291,1287,2065
3,1290,1643,324,1644,1641,1283,1288,1285,325,1281,1642,1279
3,1303,1301,1306,2073
3,2075,1308,1304
3,1645,1307,1647,327,1302,1292,328,1300,1646,1648,1296,1298,1294,1305
3,2083,1320,1323,1318
3,1321,1325,2085
3,1311,1309,1651,1317,1324,1322,1315,1652,330,331,1650,1649,1313,1319
3,1333,1338,1335,2093
3,2095,1336,1340
3,1326,334,1654,1339,1656,1337,1328,1334,1330,333,1653,1332,1655
3,1354,1357,1352,2103
3,2105,1355,1359
3,1358,337,1345,1349,1660,1347,1353,1341,1356,1658,1351,336,1657,1659,1343
3,1369,2113,1367,1372
3,1370,1374,2115
3,1360,1662,340,339,1661,1373,1371,1364,1366,1664,1362,1368,1663
3,1391,1386,2123,1388
3,1393,2125,1389
3,1377,1392,342,1379,1665,1385,343,1381,1375,1667,1668,1383,1390,1387,1666
3,2133,1407,1412,1409
3,1414,2135,1410
3,1402,1672,1396,1404,346,1669,1400,1406,1398,1670,1413,1671,345,1408,1394,1411
3,1431,1426,1428,2143
3,1429,1433,2145
3,1427,1674,1430,1676,1673,1423,1421,348,1417,349,1425,1419,1432,1675,1415
3,1449,1447,2153,1452
3,1450,2155,1454
3,1434,1436,1680,1446,1442,1438,1440,1678,1679,1677,1448,1453,1444,1451,352,351
3,1468,2163,1466,1471
3,1473,2165,1469
3,1683,1682,1684,1459,1472,1465,1470,1455,1463,1467,354,355,1461,1681,1457
3,1484,1477,2173,1480
3,1479,2175,1486
3,1475,2168,2170,1482
3,1476,1688,1687,358,1686,359,1483,357,1685,1481,1485,1478,1474
4,362
4,363
4
4,365
4
4,367
4
4,369
4
4,371
4,372
4
4,374
4
4,376
4
4,378
4
4,380
4
4,382
4
4,384
4
4,386
4
4,388
4
4,390
4,391
4
4,393
4
4,395
4
4,397
4,398
4
4,400
4
4,402
4
4,404
4
4,406
4
4,408
4
4,410
4,411
4
4,413
4
4,415
4
4,417
4
4,419
4
4,421
4
4,423
4,424
4
4,426
4
4,428
4
4,430
4
4,432
4
4,434
4,435
4
4,437
4
4,439
4
4,441
4
4,443
4
4,445
4,446
4
4,448
4
4,450
4
4,452
4
4,454
4
4,456
4,457
4
4,459
4
4,461
4
4,463
4,464
4
4,466
4
4,468
4
4,470
4
4,472
4,473
4
4,475
4
4,477
4
4,479
4
4,481
4
4,483
4,484
4
4,486
4
4,488
4
4,490
4,491
4
4,493
4
4,495
4
4,497
4
4,499
4
4,501
4,502
4
4,504
4
4,506
4
4,508
4
4,510
4
4,512
4,513
4
4,515
4
4,517
4
4,519
4
4,521
4,522
4
4,524
4
4,526
4,527
4
4,529
4
4,531
4
4,533
4
4,535
4
4,537
4
4,539
4,540
4
4,542
4
4,544
4
4,546
4,547
4
4,549
4
4,551
4
4,553
4
4,555
4
4,557
4
4,559
4,560
4
4,562
4
4,564
4
4,566
4
4,568
4
4,570
4
4,572
4,573
4
4,575
4
4,577
4
4,579
4
4,581
4
4,583
4,584
4
4,586
4
4,588
4
4,590
4,591
4
4,593
4
4,595
4
4,597
4
4,599
4,600
4
4,602
4
4,604
4
4,606
4,607
4
4,609
4
4,611
4
4,613
4
4,615
4
4,617
4
4,619
4
4,621
4,622
4
4,624
4
4,626
4
4,628
4
4,630
4
4,632
4
4,634
4,635
4
4,637
4
4,639
4
4,641
4
4,643
4
4,645
4
4,647
4
4,649
4,650
4
4,652
4
4,654
4
4,656
4
4,658
4
4,660
4,661
4
4,663
4
4,665
4
4,667
4
4,669
4
4,671
4
4,673
4,674
4
4,676
4
4,678
4
4,680
4
4,682
4
4,684
4
4,686
4,687
4
4,689
4
4,691
4
4,693
4
4,695
4
4,697
4
4,699
4
4,701
4,702
4
4,704
4
4,706
4
4,708
4
4,710
4
4,712
4
4,714
4,715
4
4,717
4
4,719
4
4,721
4
4,723
4,724
4
4,726
4
4,728
4
4,730
4
4,732
4
4,734
4,735
4
4,737
4
4,739
4
4,741
4
4,743
4,744
4
4,746
4
4,748
4
4,750
4,751
4
4,753
4
4,755
4
4,757
4
4,759
4
4,761
4
4,763
4
4,765
4
4,767
4
4,769
4,770
4
4,772
4
4,774
4
4,776
4
4,778
4
4,780
4
4,782
4
4,784
4
4,786
4
4,788
4
4,790
4
4,792
4,793
4
4,795
4
4,797
4
4,799
4
4,801
4
4,803
4
4,805
4
4,807
4
4,809
4
4,811
4
4,813
4
4,815
4
4,817
4,818
4
4,820
4
4,822
4
4,824
4
4,826
4
4,828
4
4,830
4
4,832
4
4,834
4
4,836
4
4,838
4,839
4
4,841
4
4,843
4
4,845
4
4,847
4
4,849
4
4,851
4
4,853
4
4,855
4,856
4
4,858
4
4,860
4
4,862
4
4,864
4
4,866
4
4,868
4
4,870
4
4,872
4
4,874
4,875
4
4,877
4
4,879
4
4,881
4
4,883
4
4,885
4
4,887
4
4,889
4
4,891
4
4,893
4
4,895
4,896
4
4,898
4
4,900
4
4,902
4
4,904
4
4,906
4
4,908
4
4,910
4
4,912
4,913
4
4,915
4
4,917
4
4,919
4
4,921
4
4,923
4
4,925
4
4,927
4
4,929
4,930
4
4,932
4
4,934
4
4,936
4
4,938
4
4,940
4
4,942
4
4,944
4,945
4
4,947
4
4,949
4
4,951
4
4,953
4
4,955
4
4,957
4
4,959
4
4,961
4
4,963
4,964
4
4,966
4
4,968
4
4,970
4
4,972
4
4,974
4
4,976
4,977
4
4,979
4
4,981
4
4,983
4
4,985
4
4,987
4
4,989
4
4,991
4
4,993
4
4,995
4,996
4
4,998
4
4,1000
4
4,1002
4
4,1004
4
4,1006
4
4,1008
4
4,1010
4
4,1012
4
4,1014
4,1015
4
4,1017
4
4,1019
4
4,1021
4
4,1023
4
4,1025
4
4,1027
4
4,1029
4
4,1031
4,1032
4
4,1034
4
4,1036
4
4,1038
4
4,1040
4
4,1042
4
4,1044
4
4,1046
4,1047
4
4,1049
4
4,1051
4
4,1053
4
4,1055
4
4,1057
4
4,1059
4
4,1061
4
4,1063
4,1064
4
4,1066
4
4,1068
4
4,1070
4
4,1072
4
4,1074
4
4,1076
4
4,1078
4,1079
4
4,1081
4
4,1083
4
4,1085
4
4,1087
4
4,1089
4
4,1091
4,1092
4
4,1094
4
4,1096
4
4,1098
4
4,1100
4
4,1102
4
4,1104
4
4,1106
4
4,1108
4
4,1110
4,1111
4
4,1113
4
4,1115
4
4,1117
4
4,1119
4
4,1121
4
4,1123
4
4,1125
4,1126
4
4,1128
4
4,1130
4
4,1132
4
4,1134
4
4,1136
4
4,1138
4
4,1140
4
4,1142
4
4,1144
4
4,1146
4
4,1148
4
4,1150
4,1151
4
4,1153
4
4,1155
4
4,1157
4
4,1159
4
4,1161
4
4,1163
4
4,1165
4,1166
4
4,1168
4
4,1170
4
4,1172
4
4,1174
4
4,1176
4
4,1178
4,1179
4
4,1181
4
4,1183
4
4,1185
4
4,1187
4
4,1189
4
4,1191
4
4,1193
4
4,1195
4
4,1197
4
4,1199
4
4,1201
4,1202
4
4,1204
4
4,1206
4
4,1208
4
4,1210
4
4,1212
4
4,1214
4
4,1216
4
4,1218
4
4,1220
4
4,1222
4,1223
4
4,1225
4
4,1227
4
4,1229
4
4,1231
4
4,1233
4
4,1235
4
4,1237
4,1238
4
4,1240
4
4,1242
4
4,1244
4
4,1246
4
4,1248
4
4,1250
4
4,1252
4
4,1254
4
4,1256
4,1257
4
4,1259
4
4,1261
4
4,1263
4
4,1265
4
4,1267
4
4,1269
4
4,1271
4
4,1273
4,1274
4
4,1276
4
4,1278
4
4,1280
4
4,1282
4
4,1284
4
4,1286
4,1287
4
4,1289
4
4,1291
4
4,1293
4
4,1295
4
4,1297
4
4,1299
4
4,1301
4
4,1303
4,1304
4
4,1306
4
4,1308
4
4,1310
4
4,1312
4
4,1314
4
4,1316
4
4,1318
4
4,1320
4,1321
4
4,1323
4
4,1325
4
4,1327
4
4,1329
4
4,1331
4
4,1333
4
4,1335
4,1336
4
4,1338
4
4,1340
4
4,1342
4
4,1344
4
4,1346
4
4,1348
4
4,1350
4
4,1352
4
4,1354
4,1355
4
4,1357
4
4,1359
4
4,1361
4
4,1363
4
4,1365
4
4,1367
4
4,1369
4,1370
4
4,1372
4
4,1374
4
4,1376
4
4,1378
4
4,1380
4
4,1382
4
4,1384
4
4,1386
4
4,1388
4,1389
4
4,1391
4
4,1393
4
4,1395
4
4,1397
4
4,1399
4
4,1401
4
4,1403
4
4,1405
4
4,1407
4
4,1409
4,1410
4
4,1412
4
4,1414
4
4,1416
4
4,1418
4
4,1420
4
4,1422
4
4,1424
4
4,1426
4
4,1428
4,1429
4
4,1431
4
4,1433
4
4,1435
4
4,1437
4
4,1439
4
4,1441
4
4,1443
4
4,1445
4
4,1447
4
4,1449
4,1450
4
4,1452
4
4,1454
4
4,1456
4
4,1458
4
4,1460
4
4,1462
4
4,1464
4
4,1466
4
4,1468
4,1469
4
4,1471
4
4,1473
4
4,1475
4
4,1477
4
4,1479
4,1480
4
4,1482
4
4,1484
4
4,1486
4
5,1689
5,1691
5,1693
5,1695
5,1697
5,1699
5,1701
5,1703
5,1705
5,1707
5,1709
5,1711
5,1713
5,1715
5,1717
5,1719
5,1721
5,1723
5,1725
5,1727
5,1729
5,1731
5,1733
5,1735
5,1737
5,1739
5,1741
5,1743
5,1745
5,1747
5,1749
5,1751
5,1753
5,1755
5,1757
5,1759
5,1761
5,1764
5,1766
5,1769
5,1771
5,1774
5,1776
5,1779
5,1781
5,1784
5,1786
5,1789
5,1791
5,1794
5,1796
5,1799
5,1801
5,1804
5,1806
5,1809
5,1811
5,1814
5,1816
5,1819
5,1821
5,1824
5,1826
5,1829
5,1831
5,1834
5,1836
5,1839
5,1841
5,1844
5,1846
5,1849
5,1851
5,1854
5,1856
5,1859
5,1861
5,1864
5,1866
5,1869
5,1871
5,1874
5,1876
5,1879
5,1881
5,1884
5,1886
5,1889
5,1891
5,1894
5,1896
5,1899
5,1901
5,1904
5,1906
5,1909
5,1911
5,1914
5,1916
5,1919
5,1921
5,1924
5,1926
5,1929
5,1931
5,1934
5,1936
5,1939
5,1941
5,1944
5,1946
5,1949
5,1951
5,1954
5,1956
5,1959
5,1961
5,1964
5,1966
5,1969
5,1971
5,1974
5,1976
5,1979
5,1981
5,1984
5,1986
5,1989
5,1991
5,1994
5,1996
5,1999
5,2001
5,2004
5,2006
5,2009
5,2011
5,2014
5,2016
5,2019
5,2021
5,2024
5,2026
5,2029
5,2031
5,2034
5,2036
5,2039
5,2041
5,2044
5,2046
5,2049
5,2051
5,2054
5,2056
5,2059
5,2061
5,2064
5,2066
5,2069
5,2071
5,2074
5,2076
5,2079
5,2081
5,2084
5,2086
5,2089
5,2091
5,2094
5,2096
5,2099
5,2101
5,2104
5,2106
5,2109
5,2111
5,2114
5,2116
5,2119
5,2121
5,2124
5,2126
5,2129
5,2131
5,2134
5,2136
5,2139
5,2141
5,2144
5,2146
5,2149
5,2151
5,2154
5,2156
5,2159
5,2161
5,2164
5,2166
5,2169
5,2171
5,2174
6,1690
6
6,1692
6
6,1694
6
6,1696
6
6,1698
6
6,1700
6
6,1702
6
6,1704
6
6,1706
6
6,1708
6
6,1710
6
6,1712
6
6,1714
6
6,1716
6
6,1718
6
6,1720
6
6,1722
6
6,1724
6
6,1726
6
6,1728
6
6,1730
6
6,1732
6
6,1734
6
6,1736
6
6,1738
6
6,1740
6
6,1742
6
6,1744
6
6,1746
6
6,1748
6
6,1750
6
6,1752
6
6,1754
6
6,1756
6
6,1758
6
6,1760
6
6,1762
6,1763
6
6,1765
6
6,1767
6,1768
6
6,1770
6
6,1772
6,1773
6
6,1775
6
6,1777
6,1778
6
6,1780
6
6,1782
6,1783
6
6,1785
6
6,1787
6,1788
6
6,1790
6
6,1792
6,1793
6
6,1795
6
6,1797
6,1798
6
6,1800
6
6,1802
6,1803
6
6,1805
6
6,1807
6,1808
6
6,1810
6
6,1812
6,1813
6
6,1815
6
6,1817
6,1818
6
6,1820
6
6,1822
6,1823
6
6,1825
6
6,1827
6,1828
6
6,1830
6
6,1832
6,1833
6
6,1835
6
6,1837
6,1838
6
6,1840
6
6,1842
6,1843
6
6,1845
6
6,1847
6,1848
6
6,1850
6
6,1852
6,1853
6
6,1855
6
6,1857
6,1858
6
6,1860
6
6,1862
6,1863
6
6,1865
6
6,1867
6,1868
6
6,1870
6
6,1872
6,1873
6
6,1875
6
6,1877
6,1878
6
6,1880
6
6,1882
6,1883
6
6,1885
6
6,1887
6,1888
6
6,1890
6
6,1892
6,1893
6
6,1895
6
6,1897
6,1898
6
6,1900
6
6,1902
6,1903
6
6,1905
6
6,1907
6,1908
6
6,1910
6
6,1912
6,1913
6
6,1915
6
6,1917
6,1918
6
6,1920
6
6,1922
6,1923
6
6,1925
6
6,1927
6,1928
6
6,1930
6
6,1932
6,1933
6
6,1935
6
6,1937
6,1938
6
6,1940
6
6,1942
6,1943
6
6,1945
6
6,1947
6,1948
6
6,1950
6
6,1952
6,1953
6
6,1955
6
6,1957
6,1958
6
6,1960
6
6,1962
6,1963
6
6,1965
6
6,1967
6,1968
6
6,1970
6
6,1972
6,1973
6
6,1975
6
6,1977
6,1978
6
6,1980
6
6,1982
6,1983
6
6,1985
6
6,1987
6,1988
6
6,1990
6
6,1992
6,1993
6
6,1995
6
6,1997
6,1998
6
6,2000
6
6,2002
6,2003
6
6,2005
6
6,2007
6,2008
6
6,2010
6
6,2012
6,2013
6
6,2015
6
6,2017
6,2018
6
6,2020
6
6,2022
6,2023
6
6,2025
6
6,2027
6,2028
6
6,2030
6
6,2032
6,2033
6
6,2035
6
6,2037
6,2038
6
6,2040
6
6,2042
6,2043
6
6,2045
6
6,2047
6,2048
6
6,2050
6
6,2052
6,2053
6
6,2055
6
6,2057
6,2058
6
6,2060
6
6,2062
6,2063
6
6,2065
6
6,2067
6,2068
6
6,2070
6
6,2072
6,2073
6
6,2075
6
6,2077
6,2078
6
6,2080
6
6,2082
6,2083
6
6,2085
6
6,2087
6,2088
6
6,2090
6
6,2092
6,2093
6
6,2095
6
6,2097
6,2098
6
6,2100
6
6,2102
6,2103
6
6,2105
6
6,2107
6,2108
6
6,2110
6
6,2112
6,2113
6
6,2115
6
6,2117
6,2118
6
6,2120
6
6,2122
6,2123
6
6,2125
6
6,2127
6,2128
6
6,2130
6
6,2132
6,2133
6
6,2135
6
6,2137
6,2138
6
6,2140
6
6,2142
6,2143
6
6,2145
6
6,2147
6,2148
6
6,2150
6
6,2152
6,2153
6
6,2155
6
6,2157
6,2158
6
6,2160
6
6,2162
6,2163
6
6,2165
6
6,2167
6,2168
6
6,2170
6
6,2172
6,2173
6
6,2175
6
14,117,2187
12
12,1133,1041,1396,1701,1693,827,1703,1215,1459,1281,1194,952,848,1727,1345,1717,1024,1071,1440,1213,1419,1715,1379,621,1022,1400,410,954,988,882,779,1721,802,808,1249,714,924,734,559,1251,483,1137,956,1697,1245,490,812,1211,1737,1735,1217,810,1315,1463,539,850,1039,777,1349,1442,1058,1739,1103,1196,869,1729,1143,1192,833,1294,521,1402,1266,423,922,1362,762,1311,907,1328,1003,1707,686,1264,1759,673,1421,781,958,1056,634,1247,1141,1741,903,1457,1343,1364,1101,1709,1009,1135,456,831,1296,660,1753,1689,1751,1160,1438,1118,1099,1232,905,1086,1723,783,1347,1404,599,1713,1691,397,1158,920,1145,1755,1330,886,1719,1711,743,1745,888,649,846,590,1005,1705,1417,501,583,1186,1699,1007,804,1733,546,1105,390,867,863,764,800,1383,701,723,806,785,865,1731,1423,1298,1436,1743,362,937,606,990,1054,984,986,434,884,1444,1209,1725,1173,829,971,1188,787,1747,825,1230,1695,1461,1268,572,1381,1139,939,445,1190,512,1749,1120,758,1377,1398,463,890,526,760,371,1313,1757,1073,472,1026
12,854,928,1408,1467,943,994,1124,1030,1334,1272,1077,768,1478,911,1368,1164,1177,1221,1353,1319,749,1200,1109,962,837,1427,791,894,1090,1236,816,975,1062,1285,1255,1149,873,1387,1045,1013,1448,1302
12,1829,120,156,134,124,1969,2139,1809,122,2089,164,1959,1889,2069,132,178,188,1909,128,1769,1799,180,2039,170,2129,146,136,152,2109,150,1979,118,1869,2099,154,1919,186,2059,1839,184,2149,1779,2079,182,1859,2029,126,1849,148,1999,174,1949,1819,168,1939,140,1929,190,176,196,1879,2119,2009,144,2019,160,130,172,1789,142,166,192,158,2159,1899,162,194,2049,138,1989
12,1043,1984,1332,1892,1075,2102,1011,1814,1762,2054,1974,1175,2104,2142,1842,1834,1822,1854,2022,1772,1774,2092,1904,1902,1944,1792,1932,1802,1804,1844,1972,2074,1162,2004,1982,2012,1283,1884,1894,1954,973,1764,2084,1784,1234,1832,2062,1270,1874,1824,1147,892,747,2032,1934,2002,2164,2014,2052,2144,1864,1992,766,1924,926,2042,1300,1253,789,1088,835,2034,1219,1317,1794,1964,2044,1060,2094,1912,2124,1922,2114,814,2172,1198,1812,1028,1852,1366,992,1914,1122,2152,1882,2174,1862,1994,2072,1476,2162,1107,1446,1942,2024,1782,2122,871,2154,1351,1425,1952,2132,1406,909,1465,1962,852,2134,1872,960,2064,2082,941,1385,2112
12,554,1326,453,688,403,401,638,1309,550,516,420,2057,1052,440,474,2047,844,861,2127,485,1171,670,392,2137,431,969,629,1292,366,1777,373,738,664,1787,1867,1037,725,720,438,668,1116,2087,534,576,379,2147,578,646,601,451,2067,1917,681,662,2027,480,2097,548,394,1927,569,1069,2157,1279,436,731,567,414,627,2077,383,657,696,385,580,1977,2007,565,596,2017,1084,478,528,603,692,592,594,703,1817,405,1957,950,614,1997,1877,2107,574,1097,1262,429,496,918,679,469,418,694,416,1767,460,532,616,2117,729,644,1907,982,1207,677,523,1947,498,1987,935,612,563,1156,1360,552,458,736,655,585,387,381,798,412,823,675,610,442,1243,651,487,399,543,756,707,1375,492,1887,623,556,1184,509,880,503,618,666,1967,1394,368,1937,1807,476,530,494,1827,1228,1857,465,711,1131,1455,505,690,1847,716,467,447,901,507,1020,698,427,375,775,636,653,640,740,561,449,683,536,518,587,541,425,631,705,1434,727,2037,709,625,1797,718,377,745,1415,2169,642,608,1341,407,1001,1837,514,364,1897
12,1048,1258,859,999,967,1095,1180,1114,1305,1224,933,980,1356,1453,948,1018,916,1307,1392,1129,1337,1371,1290,1154,840,978,752,1390,794,1239,796,997,1127,931,946,1169,1241,878,1203,771,1483,857,1112,1358,1413,1432,819,1152,1093,1082,1451,965,1470,842,1016,773,1277,1065,1167,1205,1324,1035,1275,914,1067,1288,1339,1182,1226,1050,1080,1033,1411,821,1260,1472,1373,1322,1485,1430,899,876,754,897
12,1481
12
12,1474,2167
7,2188
15