0
0
0
0
0
0
0
0
0
0
0
0
0
0
0
0
0
0
0
0
0
0
0
0
0
0
0
0
0
0
0
0
0
0
0
0
0
0
0
0
0
0,707,115,1590,634,645,629,1588,332,356
0,360,1598,351,367,133,391,728,692,681,1600,640,419,376
0,437,652,325,135,683,1610,1608,757,404
0,672,1620,501,1618,450,778,406,338,137
0,340,694,139,799,457,421,1630,327,483,1628
0,1640,822,342,1638,141
0,143,1650,423,1648,835
0,848,661,547,1660,470,519,145,378,1658
0,521,674,1668,685,869,380,147,1670,472
0,149,890,459,393,1678,1680
0,425,1688,439,408,905,1690,151,534
0,117,924,1700,446,1698
0,382,1710,474,410,1708,559,153,461,937
0,523,1720,1718,476,536,958,155
0,1728,600,384,573,492,463,395,157,1730,975
0,159,998,1738,1740,525,605,441
0,1015,586,161,478,575,494,412,538,663,1750,503,514,1748
0,566,465,1758,1044,1760,163
0,1770,577,1059,452,165,1768,505
0,568,607,579,1076,1780,167,1778
0,527,414,1093,1790,169,1788,612,507,588,581
0,171,485,496,1800,1798,430,552,1116
0,1135,334,119,1808,636,1810
0,1818,1820,173,593,1150,624,540,696
0,509,487,529,1169,614,554,542,1828,595,1830,175
0,177,619,1840,1194,1838
0,668,372,1848,347,121,1850,690,1207,336
0,123,400,1858,358,1860,1228
0,125,1243,1868,1870,679
0,657,1256,402,650,1880,1878,127
0,659,129,448,1888,638,374,1273,1890
0,389,1292,564,349,1900,131,1898,435,670,365
0,1502,323,759,801
0,805,784,1213,711,330,1504,824,1139
0,1506,1296,736,1215,345
0,354,713,1230,1508,738
0,1510,1298,363,740
0,1217,852,370,1281,875,1512,742,977,941
0,744,1300,387,979,1514,892
0,1095,943,1232,907,1516,1019,398,1262,765,786
0,1518,417,807,746,837,909
0,1118,428,1520
0,433,1522,911,1000,1302,767
0,926,780,444,1275,1524,1061
0,1526,981,894,809,455,1046,945
0,877,1528,960,1021,854,947,468
0,481,1120,811,1171,1530
0,1532,1023,983,1122,490
0,1173,788,499,1534,1063,1097,1025
0,1536,1027,512
0,856,517,1538,1175,1002,879,962,1099
0,1177,964,1029,1540,532,913,1154
0,545,1542,858
0,1124,550,1179,1544
0,557,939,1546
0,1304,1048,1078,562,1548
0,1101,985,1550,1080,1065,571,1031
0,1552,1033,1103,584
0,1156,591,1181,1554
0,1556,987,598
0,1082,1558,603,1004
0,1560,610,1105,1183
0,617,1196,1562
0,1158,622,1564
0,627,1566,715
0,709,1277,730,1137,632,1568
0,643,1570,717
0,761,648,1572,1258
0,850,1260,1017,1279,1574,655
0,782,666,1576,1209,1294,871
0,677,1245,873,1578,763,732
0,803,1152,1580,1211,688,734
1,1928
2,115
2
2,117
2
2,119
2
2,121
2
2,123
2
2,125
2
2,127
2
2,129
2
2,131
2
2,133
2
2,135
2
2,137
2
2,139
2
2,141
2
2,143
2
2,145
2
2,147
2
2,149
2
2,151
2
2,153
2
2,155
2
2,157
2
2,159
2
2,161
2
2,163
2
2,165
2
2,167
2
2,169
2
2,171
2
2,173
2
2,175
2
2,177
2
3,326,321,1327,324
3,337,333,341,339,335,331,328,1328
3,343,346,348,350,1329
3,1330,359,357,352,355
3,366,364,361,1331
3,368,377,1332,375,383,381,371,373,379
3,385,1333,390,394,388,392
3,413,401,1334,409,411,407,405,403,399,396
3,420,424,415,418,422,1335
3,429,426,1336
3,434,440,436,438,431,1337
3,1338,447,451,442,445,449
3,1339,456,464,462,460,458,453
3,473,466,471,469,475,477,1340
3,482,486,1341,484,479
3,491,495,488,493,1342
3,500,1343,497,508,502,506,504
3,513,510,1344
3,524,522,526,518,1345,520,528,515
3,530,533,541,535,539,537,1346
3,543,1347,546
3,548,553,1348,551
3,558,555,1349
3,563,567,1350,565,560
3,580,578,576,1351,569,572,574
3,1352,587,582,585
3,589,592,1353,594
3,596,1354,599
3,1355,601,604,606
3,608,1356,611,613
3,618,1357,615
3,1358,623,620
3,628,1359,625
3,633,635,1360,637,639,630
3,641,644,1361
3,646,651,1362,649
3,656,662,658,660,1363,653
3,667,671,669,1364,673,664
3,675,680,682,678,1365,684
3,1366,686,691,689,693,695
3,701,705,1585
3,703,700,698,1583
3,1367,1927,699,702,704,218,219,697,1368
3,719,724,1593,721
3,726,1595,722
3,716,1372,221,718,222,723,714,712,1371,720,1370,708,706,725,1369,710
3,748,753,750,1603
3,755,751,1605
3,224,1374,731,743,749,747,737,745,739,754,727,225,729,1375,733,735,1376,1373,741,752
3,774,769,1613,771
3,772,776,1615
3,1378,770,228,1377,768,1380,764,756,227,1379,775,762,773,766,760,758
3,795,1623,790,792
3,1625,797,793
3,787,230,781,779,777,785,783,796,794,791,1384,1383,789,1382,231,1381
3,1633,815,818,813
3,816,1635,820
3,1386,817,810,1388,798,802,234,812,814,1387,1385,808,804,819,233,800,806
3,1643,826,828,831
3,1645,833,829
3,1392,832,830,236,827,823,1390,1389,825,1391,237,821
3,1653,841,839,844
3,1655,842,846
3,240,1396,845,838,840,836,1394,1395,834,843,1393,239
3,860,862,865,1663
3,863,867,1665
3,866,864,243,861,1400,1398,1399,242,849,1397,855,853,851,847,859,857
3,883,1673,886,881
3,1675,884,888
3,868,245,880,882,1402,885,246,872,887,1403,870,876,878,1404,874,1401
3,1683,901,896,898
3,903,1685,899
3,897,895,1405,1407,248,889,893,900,902,1406,891,249,1408
3,917,920,1693,915
3,922,918,1695
3,1409,1410,906,252,904,1411,910,912,919,908,916,914,921,1412,251
3,928,930,1703,933
3,935,931,1705
3,1415,932,923,1416,1413,1414,925,254,927,255,929,934
3,954,949,1713,951
3,1715,952,956
3,1418,1417,942,944,948,257,1420,950,953,955,1419,258,936,946,938,940
3,1723,966,971,968
3,969,1725,973
3,959,967,963,961,1421,260,972,957,261,970,1424,1422,1423,965
3,991,1733,989,994
3,1735,992,996
3,980,988,986,974,1426,978,1428,990,1425,984,264,976,263,1427,993,982,995
3,1008,1743,1011,1006
3,1009,1745,1013
3,999,266,1003,1431,1012,267,997,1007,1430,1010,1005,1429,1001,1432
3,1753,1035,1040,1037
3,1038,1042,1755
3,269,1436,1032,1433,1026,1039,1435,1014,1041,1028,1020,1016,1018,1034,270,1024,1036,1030,1022,1434
3,1052,1763,1055,1050
3,1057,1765,1053
3,1439,1438,1054,1045,1047,1440,1056,1051,1043,1049,272,1437,273
3,1773,1069,1067,1072
3,1070,1775,1074
3,1441,1062,1064,1060,1444,276,1058,1071,1442,275,1066,1073,1443,1068
3,1783,1089,1086,1084
3,1785,1087,1091
3,1088,1090,279,1447,1079,1083,1448,1077,278,1075,1081,1445,1085,1446
3,1107,1112,1109,1793
3,1114,1110,1795
3,1108,282,1104,1100,1098,1449,1450,1451,1111,1106,1102,1094,281,1452,1092,1096,1113
3,1128,1803,1126,1131
3,1133,1129,1805
3,1455,1123,1119,1127,284,1115,1121,1125,1130,1453,1454,1117,1132,1456,285
3,1813,1146,1141,1143
3,1148,1815,1144
3,1458,1138,1140,1136,1134,1457,1459,1460,287,1145,288,1142,1147
3,1160,1165,1823,1162
3,1167,1163,1825
3,1155,1149,1166,1462,1463,1461,1151,1153,291,1164,1157,1464,1161,290,1159
3,1187,1185,1833,1190
3,1188,1192,1835
3,1174,1184,1189,1467,1180,1178,1465,1186,1170,293,1168,1191,294,1182,1468,1172,1466,1176
3,1203,1200,1843,1198
3,1205,1201,1845
3,1197,1470,1193,1199,1202,297,1472,1195,296,1204,1469,1471
3,1221,1853,1219,1224
3,1226,1222,1855
3,1206,1473,299,1223,1210,1212,300,1208,1474,1214,1218,1216,1220,1476,1225,1475
3,1863,1234,1239,1236
3,1237,1241,1865
3,303,1479,1477,1229,1235,302,1480,1478,1240,1233,1238,1231,1227
3,1247,1252,1249,1873
3,1875,1254,1250
3,1484,1246,1482,305,1244,1481,1242,1253,306,1483,1248,1251
3,1266,1269,1883,1264
3,1885,1267,1271
3,1485,308,1265,1263,1270,1486,1487,1261,309,1488,1268,1257,1255,1259
3,1288,1893,1285,1283
3,1286,1895,1290
3,1272,1284,1274,1491,1280,312,1276,1489,311,1287,1492,1289,1490,1278,1282
3,1311,1308,1903,1306
3,1313,1905,1309
3,1301,1299,1295,1496,1303,1297,1291,1293,1305,314,1494,315,1493,1310,1495,1312,1307
3,1320,1317,1913,1324
3,1319,1915,1326
3,1322,1910,1315,1908
3,1499,1498,318,1323,1325,1314,1497,1321,317,1316,319,1318,1500
4,322
4,323
4
4,325
4
4,327
4
4,329
4,330
4
4,332
4
4,334
4
4,336
4
4,338
4
4,340
4
4,342
4
4,344
4,345
4
4,347
4
4,349
4
4,351
4
4,353
4,354
4
4,356
4
4,358
4
4,360
4
4,362
4,363
4
4,365
4
4,367
4
4,369
4,370
4
4,372
4
4,374
4
4,376
4
4,378
4
4,380
4
4,382
4
4,384
4
4,386
4,387
4
4,389
4
4,391
4
4,393
4
4,395
4
4,397
4,398
4
4,400
4
4,402
4
4,404
4
4,406
4
4,408
4
4,410
4
4,412
4
4,414
4
4,416
4,417
4
4,419
4
4,421
4
4,423
4
4,425
4
4,427
4,428
4
4,430
4
4,432
4,433
4
4,435
4
4,437
4
4,439
4
4,441
4
4,443
4,444
4
4,446
4
4,448
4
4,450
4
4,452
4
4,454
4,455
4
4,457
4
4,459
4
4,461
4
4,463
4
4,465
4
4,467
4,468
4
4,470
4
4,472
4
4,474
4
4,476
4
4,478
4
4,480
4,481
4
4,483
4
4,485
4
4,487
4
4,489
4,490
4
4,492
4
4,494
4
4,496
4
4,498
4,499
4
4,501
4
4,503
4
4,505
4
4,507
4
4,509
4
4,511
4,512
4
4,514
4
4,516
4,517
4
4,519
4
4,521
4
4,523
4
4,525
4
4,527
4
4,529
4
4,531
4,532
4
4,534
4
4,536
4
4,538
4
4,540
4
4,542
4
4,544
4,545
4
4,547
4
4,549
4,550
4
4,552
4
4,554
4
4,556
4,557
4
4,559
4
4,561
4,562
4
4,564
4
4,566
4
4,568
4
4,570
4,571
4
4,573
4
4,575
4
4,577
4
4,579
4
4,581
4
4,583
4,584
4
4,586
4
4,588
4
4,590
4,591
4
4,593
4
4,595
4
4,597
4,598
4
4,600
4
4,602
4,603
4
4,605
4
4,607
4
4,609
4,610
4
4,612
4
4,614
4
4,616
4,617
4
4,619
4
4,621
4,622
4
4,624
4
4,626
4,627
4
4,629
4
4,631
4,632
4
4,634
4
4,636
4
4,638
4
4,640
4
4,642
4,643
4
4,645
4
4,647
4,648
4
4,650
4
4,652
4
4,654
4,655
4
4,657
4
4,659
4
4,661
4
4,663
4
4,665
4,666
4
4,668
4
4,670
4
4,672
4
4,674
4
4,676
4,677
4
4,679
4
4,681
4
4,683
4
4,685
4
4,687
4,688
4
4,690
4
4,692
4
4,694
4
4,696
4
4,698
4
4,700
4,701
4
4,703
4
4,705
4
4,707
4
4,709
4
4,711
4
4,713
4
4,715
4
4,717
4
4,719
4
4,721
4,722
4
4,724
4
4,726
4
4,728
4
4,730
4
4,732
4
4,734
4
4,736
4
4,738
4
4,740
4
4,742
4
4,744
4
4,746
4
4,748
4
4,750
4,751
4
4,753
4
4,755
4
4,757
4
4,759
4
4,761
4
4,763
4
4,765
4
4,767
4
4,769
4
4,771
4,772
4
4,774
4
4,776
4
4,778
4
4,780
4
4,782
4
4,784
4
4,786
4
4,788
4
4,790
4
4,792
4,793
4
4,795
4
4,797
4
4,799
4
4,801
4
4,803
4
4,805
4
4,807
4
4,809
4
4,811
4
4,813
4
4,815
4,816
4
4,818
4
4,820
4
4,822
4
4,824
4
4,826
4
4,828
4,829
4
4,831
4
4,833
4
4,835
4
4,837
4
4,839
4
4,841
4,842
4
4,844
4
4,846
4
4,848
4
4,850
4
4,852
4
4,854
4
4,856
4
4,858
4
4,860
4
4,862
4,863
4
4,865
4
4,867
4
4,869
4
4,871
4
4,873
4
4,875
4
4,877
4
4,879
4
4,881
4
4,883
4,884
4
4,886
4
4,888
4
4,890
4
4,892
4
4,894
4
4,896
4
4,898
4,899
4
4,901
4
4,903
4
4,905
4
4,907
4
4,909
4
4,911
4
4,913
4
4,915
4
4,917
4,918
4
4,920
4
4,922
4
4,924
4
4,926
4
4,928
4
4,930
4,931
4
4,933
4
4,935
4
4,937
4
4,939
4
4,941
4
4,943
4
4,945
4
4,947
4
4,949
4
4,951
4,952
4
4,954
4
4,956
4
4,958
4
4,960
4
4,962
4
4,964
4
4,966
4
4,968
4,969
4
4,971
4
4,973
4
4,975
4
4,977
4
4,979
4
4,981
4
4,983
4
4,985
4
4,987
4
4,989
4
4,991
4,992
4
4,994
4
4,996
4
4,998
4
4,1000
4
4,1002
4
4,1004
4
4,1006
4
4,1008
4,1009
4
4,1011
4
4,1013
4
4,1015
4
4,1017
4
4,1019
4
4,1021
4
4,1023
4
4,1025
4
4,1027
4
4,1029
4
4,1031
4
4,1033
4
4,1035
4
4,1037
4,1038
4
4,1040
4
4,1042
4
4,1044
4
4,1046
4
4,1048
4
4,1050
4
4,1052
4,1053
4
4,1055
4
4,1057
4
4,1059
4
4,1061
4
4,1063
4
4,1065
4
4,1067
4
4,1069
4,1070
4
4,1072
4
4,1074
4
4,1076
4
4,1078
4
4,1080
4
4,1082
4
4,1084
4
4,1086
4,1087
4
4,1089
4
4,1091
4
4,1093
4
4,1095
4
4,1097
4
4,1099
4
4,1101
4
4,1103
4
4,1105
4
4,1107
4
4,1109
4,1110
4
4,1112
4
4,1114
4
4,1116
4
4,1118
4
4,1120
4
4,1122
4
4,1124
4
4,1126
4
4,1128
4,1129
4
4,1131
4
4,1133
4
4,1135
4
4,1137
4
4,1139
4
4,1141
4
4,1143
4,1144
4
4,1146
4
4,1148
4
4,1150
4
4,1152
4
4,1154
4
4,1156
4
4,1158
4
4,1160
4
4,1162
4,1163
4
4,1165
4
4,1167
4
4,1169
4
4,1171
4
4,1173
4
4,1175
4
4,1177
4
4,1179
4
4,1181
4
4,1183
4
4,1185
4
4,1187
4,1188
4
4,1190
4
4,1192
4
4,1194
4
4,1196
4
4,1198
4
4,1200
4,1201
4
4,1203
4
4,1205
4
4,1207
4
4,1209
4
4,1211
4
4,1213
4
4,1215
4
4,1217
4
4,1219
4
4,1221
4,1222
4
4,1224
4
4,1226
4
4,1228
4
4,1230
4
4,1232
4
4,1234
4
4,1236
4,1237
4
4,1239
4
4,1241
4
4,1243
4
4,1245
4
4,1247
4
4,1249
4,1250
4
4,1252
4
4,1254
4
4,1256
4
4,1258
4
4,1260
4
4,1262
4
4,1264
4
4,1266
4,1267
4
4,1269
4
4,1271
4
4,1273
4
4,1275
4
4,1277
4
4,1279
4
4,1281
4
4,1283
4
4,1285
4,1286
4
4,1288
4
4,1290
4
4,1292
4
4,1294
4
4,1296
4
4,1298
4
4,1300
4
4,1302
4
4,1304
4
4,1306
4
4,1308
4,1309
4
4,1311
4
4,1313
4
4,1315
4
4,1317
4
4,1319
4,1320
4
4,1322
4
4,1324
4
4,1326
4
5,1501
5,1503
5,1505
5,1507
5,1509
5,1511
5,1513
5,1515
5,1517
5,1519
5,1521
5,1523
5,1525
5,1527
5,1529
5,1531
5,1533
5,1535
5,1537
5,1539
5,1541
5,1543
5,1545
5,1547
5,1549
5,1551
5,1553
5,1555
5,1557
5,1559
5,1561
5,1563
5,1565
5,1567
5,1569
5,1571
5,1573
5,1575
5,1577
5,1579
5,1581
5,1584
5,1586
5,1589
5,1591
5,1594
5,1596
5,1599
5,1601
5,1604
5,1606
5,1609
5,1611
5,1614
5,1616
5,1619
5,1621
5,1624
5,1626
5,1629
5,1631
5,1634
5,1636
5,1639
5,1641
5,1644
5,1646
5,1649
5,1651
5,1654
5,1656
5,1659
5,1661
5,1664
5,1666
5,1669
5,1671
5,1674
5,1676
5,1679
5,1681
5,1684
5,1686
5,1689
5,1691
5,1694
5,1696
5,1699
5,1701
5,1704
5,1706
5,1709
5,1711
5,1714
5,1716
5,1719
5,1721
5,1724
5,1726
5,1729
5,1731
5,1734
5,1736
5,1739
5,1741
5,1744
5,1746
5,1749
5,1751
5,1754
5,1756
5,1759
5,1761
5,1764
5,1766
5,1769
5,1771
5,1774
5,1776
5,1779
5,1781
5,1784
5,1786
5,1789
5,1791
5,1794
5,1796
5,1799
5,1801
5,1804
5,1806
5,1809
5,1811
5,1814
5,1816
5,1819
5,1821
5,1824
5,1826
5,1829
5,1831
5,1834
5,1836
5,1839
5,1841
5,1844
5,1846
5,1849
5,1851
5,1854
5,1856
5,1859
5,1861
5,1864
5,1866
5,1869
5,1871
5,1874
5,1876
5,1879
5,1881
5,1884
5,1886
5,1889
5,1891
5,1894
5,1896
5,1899
5,1901
5,1904
5,1906
5,1909
5,1911
5,1914
6,1502
6
6,1504
6
6,1506
6
6,1508
6
6,1510
6
6,1512
6
6,1514
6
6,1516
6
6,1518
6
6,1520
6
6,1522
6
6,1524
6
6,1526
6
6,1528
6
6,1530
6
6,1532
6
6,1534
6
6,1536
6
6,1538
6
6,1540
6
6,1542
6
6,1544
6
6,1546
6
6,1548
6
6,1550
6
6,1552
6
6,1554
6
6,1556
6
6,1558
6
6,1560
6
6,1562
6
6,1564
6
6,1566
6
6,1568
6
6,1570
6
6,1572
6
6,1574
6
6,1576
6
6,1578
6
6,1580
6
6,1582
6,1583
6
6,1585
6
6,1587
6,1588
6
6,1590
6
6,1592
6,1593
6
6,1595
6
6,1597
6,1598
6
6,1600
6
6,1602
6,1603
6
6,1605
6
6,1607
6,1608
6
6,1610
6
6,1612
6,1613
6
6,1615
6
6,1617
6,1618
6
6,1620
6
6,1622
6,1623
6
6,1625
6
6,1627
6,1628
6
6,1630
6
6,1632
6,1633
6
6,1635
6
6,1637
6,1638
6
6,1640
6
6,1642
6,1643
6
6,1645
6
6,1647
6,1648
6
6,1650
6
6,1652
6,1653
6
6,1655
6
6,1657
6,1658
6
6,1660
6
6,1662
6,1663
6
6,1665
6
6,1667
6,1668
6
6,1670
6
6,1672
6,1673
6
6,1675
6
6,1677
6,1678
6
6,1680
6
6,1682
6,1683
6
6,1685
6
6,1687
6,1688
6
6,1690
6
6,1692
6,1693
6
6,1695
6
6,1697
6,1698
6
6,1700
6
6,1702
6,1703
6
6,1705
6
6,1707
6,1708
6
6,1710
6
6,1712
6,1713
6
6,1715
6
6,1717
6,1718
6
6,1720
6
6,1722
6,1723
6
6,1725
6
6,1727
6,1728
6
6,1730
6
6,1732
6,1733
6
6,1735
6
6,1737
6,1738
6
6,1740
6
6,1742
6,1743
6
6,1745
6
6,1747
6,1748
6
6,1750
6
6,1752
6,1753
6
6,1755
6
6,1757
6,1758
6
6,1760
6
6,1762
6,1763
6
6,1765
6
6,1767
6,1768
6
6,1770
6
6,1772
6,1773
6
6,1775
6
6,1777
6,1778
6
6,1780
6
6,1782
6,1783
6
6,1785
6
6,1787
6,1788
6
6,1790
6
6,1792
6,1793
6
6,1795
6
6,1797
6,1798
6
6,1800
6
6,1802
6,1803
6
6,1805
6
6,1807
6,1808
6
6,1810
6
6,1812
6,1813
6
6,1815
6
6,1817
6,1818
6
6,1820
6
6,1822
6,1823
6
6,1825
6
6,1827
6,1828
6
6,1830
6
6,1832
6,1833
6
6,1835
6
6,1837
6,1838
6
6,1840
6
6,1842
6,1843
6
6,1845
6
6,1847
6,1848
6
6,1850
6
6,1852
6,1853
6
6,1855
6
6,1857
6,1858
6
6,1860
6
6,1862
6,1863
6
6,1865
6
6,1867
6,1868
6
6,1870
6
6,1872
6,1873
6
6,1875
6
6,1877
6,1878
6
6,1880
6
6,1882
6,1883
6
6,1885
6
6,1887
6,1888
6
6,1890
6
6,1892
6,1893
6
6,1895
6
6,1897
6,1898
6
6,1900
6
6,1902
6,1903
6
6,1905
6
6,1907
6,1908
6
6,1910
6
6,1912
6,1913
6
6,1915
6
14,113,1927
12
12,944,984,1170,1299,1020,1513,1505,1280,1515,1123,1259,986,511,710,1539,779,982,908,959,556,1121,1527,583,906,946,362,1045,853,1079,758,741,1533,1155,626,804,978,642,1295,531,1157,443,1509,912,743,1032,1151,454,1119,1549,1547,1276,1195,1136,712,925,1178,1573,1551,857,1102,737,1104,735,1541,855,1100,1208,489,1172,1216,787,836,1278,369,802,1026,783,1229,616,1180,891,1519,1274,1081,480,609,716,940,590,1153,1064,1001,760,714,1521,1047,416,1176,1575,1210,602,1565,1301,1501,1571,1563,1553,999,1138,781,1529,976,1535,1261,1577,980,561,1525,1503,353,1060,800,1182,1567,762,665,1531,1523,647,1557,1062,764,597,708,654,1024,745,1517,467,549,1094,1511,766,1545,516,1293,344,687,733,729,1244,621,739,631,878,1579,1257,731,1543,1555,322,810,1016,823,785,570,876,938,870,872,942,386,1096,1231,1117,806,1537,1077,1022,808,849,1559,1507,1174,544,1297,1303,397,1098,1561,1018,874,1028,676,427,893,498,1214,1212,329,1569,961,1003,963,1030,432,851,910
12,1036,861,1051,1265,791,882,967,1142,749,1127,950,1199,699,916,1085,1186,1248,990,1307,1068,770,1108,929,720,1161,827,1235,1318,1220,1007,814,840,1284,897
12,116,152,130,120,1749,1589,118,1869,1739,164,1669,138,1849,1649,128,174,1689,124,176,166,142,132,148,1889,146,1759,114,1879,150,1699,1619,1899,1859,1639,122,1819,144,160,1779,170,1729,1599,1719,136,1709,1679,172,1659,1809,1789,140,1799,156,126,1839,168,1609,162,154,158,1829,134,1629,1769
12,1764,1672,1594,1872,1834,1754,1884,1246,1762,1622,1614,1812,1083,1602,1802,838,697,1714,1842,1584,1894,1684,1862,880,1704,1682,1316,1712,927,1624,1752,1854,1005,1664,1674,1734,1106,895,1882,1582,1140,1612,1604,789,1049,1782,1912,1218,1794,1125,825,914,1832,1772,1792,1822,1159,1814,1724,1744,1642,1824,718,1184,812,1692,1904,1702,948,1592,1632,1694,1034,1662,1852,1263,1864,1774,1233,1066,1644,1722,1282,965,1634,1804,1784,1654,1305,1197,1902,768,988,1732,859,1892,1874,1742,1914,1652,1844,747
12,524,1242,405,381,618,357,1149,1227,520,484,1897,1837,936,392,434,678,1587,1827,706,727,904,1075,1787,346,377,847,1206,326,331,359,606,923,633,451,390,693,1014,1647,506,337,658,403,1847,1697,604,1807,440,364,518,493,348,1797,541,413,563,1193,388,639,366,1857,341,1757,567,537,671,438,500,565,411,974,558,623,424,695,1597,1707,1737,1877,464,449,350,834,578,667,546,997,1168,375,528,798,656,420,504,1657,580,637,475,1687,868,1115,957,613,491,1727,660,462,1767,821,1909,576,535,371,1058,1272,522,684,418,409,551,339,682,611,574,394,594,599,447,355,691,662,1291,456,1667,585,526,1092,1255,539,756,469,1747,1717,422,644,436,502,458,1607,1134,1637,429,407,1043,460,471,669,1627,1867,628,399,473,445,373,673,333,592,1777,651,533,495,401,508,486,553,513,379,1887,635,1817,689,383,680,587,335,649,572,777,324,477,889,1617,482,1677
12,832,934,1132,885,754,1270,1325,1090,796,1253,1251,1223,1204,1088,972,921,1145,1054,900,1147,887,864,845,752,1071,1041,1225,1111,955,1323,1202,902,970,1312,995,1238,843,819,1289,1164,794,704,1268,1113,1073,1189,919,1310,1039,1012,953,830,725,1056,1130,1191,702,1240,817,866,775,1287,1166,1010,723,932,993,773
12,1321
12
12,1907,1314
7,1928
15