0
0
0
0
0
0
0
0
0
0
0
0
0
0
0
0
0
0
0
0
0
0
0
0
0
0
0
0
0
0
0
0
0
0
0
0
0
0
0
0
0
0
0
0
0
0
0
0
0
0,857,1900,1902,736,380,404,135
0,666,802,874,153,1912,842,449,384,1910
0,844,1922,533,519,479,373,155,895,1920,386
0,481,918,1930,1932,458,410,157,451
0,557,1942,427,1940,159,937,375
0,559,804,548,1952,846,460,412,397,954,161,429,1950,514
0,163,462,1962,983,1960
0,1970,483,1972,464,996,438,165
0,1013,414,1980,167,1982,535
0,1028,574,388,399,169,806,485,1990,1992
0,1049,576,561,2002,390,416,466,171,2000,594
0,137,811,836,2010,1072,2012,831
0,537,563,1089,651,731,2022,2020,173,492,440
0,521,2032,1112,759,638,817,2030,468,494,175
0,550,2042,177,2040,470,1135,596
0,741,526,1152,2052,2050,179,442,503,587,681,653
0,181,2060,640,2062,655,690,418,1177
0,2070,539,2072,605,487,695,183,1196
0,2082,598,589,616,706,541,2080,185,565,683,1215
0,788,720,715,771,1240,618,2090,2092,187
0,657,2100,1261,392,189,793,2102,607,620
0,191,578,528,1282,552,2110,748,2112
0,2122,679,508,406,139,822,838,629,1301,2120
0,761,1324,2130,668,697,2132,193,496
0,750,2140,622,670,1343,609,642,567,2142,420,195,722
0,743,1370,2150,197,2152,600,624,580,708,672
0,199,2162,543,659,611,644,674,2160,752,569,1393
0,2172,710,2170,201,783,1418
0,203,766,582,699,754,2182,776,724,1433,2180
0,1456,2192,2190,701,646,205,685,726
0,2200,141,510,1475,2202,408
0,798,143,631,824,1490,2212,2210
0,2220,145,2222,456,800,1507,781,813
0,2232,475,1526,2230,815,147
0,664,149,434,2242,826,425,633,501,382,1541,840,2240
0,1568,447,436,512,2252,477,151,2250
0,939,1798,897,371
0,1032,1263,901,861,378,1800,1051,880,1549
0,1802,1034,962,395
0,964,1015,863,402,1345,1053,1804,1311,920,1479,1179
0,1806,1551,966,941,423
0,432,1091,1808,1572,1154,1553,998
0,882,1574,922,445,1810
0,968,924,1116,1513,985,1812,1137,454,1000,1055
0,1198,1814,473,1530,903,926,1036,1576,1002
0,490,1093,1326,1816,1118
0,499,1818,1555,1156
0,956,1303,506,1820,1477,1570
0,1822,905,517,1120
0,1158,1824,1284,524
0,1017,531,1200,907,1095,1395,1217,1826
0,1828,1286,970,1139,546
0,943,1219,555,1830,1397,1057,1097,1347,972
0,1832,1059,1372,572,1288,1038,1435
0,1221,585,1834,1160
0,1374,1223,1061,1141,1836,592
0,603,1349,1265,1202,1399,1838
0,1351,614,1242,1376,1225,1840,1267
0,627,1543,1842,1305,1492
0,1353,1401,1181,1122,636,1458,1844
0,1162,1099,1846,1403,1183,649,1269
0,1328,1848,1378,1355,884,1557,662,1405
0,1227,1164,677,1850,1313,1460
0,1852,1185,688
0,1462,1330,693,1854,1204,1437
0,1856,1380,1229,704,1420
0,713,1858,1244
0,1439,718,1860,1246,1357,1464
0,729,1862,1101
0,1864,859,734
0,739,1166,1382,1866
0,1290,1407,1868,1359,746,1441
0,757,1124,1332,1870
0,1872,1443,764
0,1874,1248,769
0,1876,774,1445
0,779,1878,1422,1515
0,1880,1250,786
0,791,1882,1271
0,796,1509,958,876,1030,1884,1494
0,1528,1511,1074,1886,809,1114
0,1496,1307,820,1545,1888
0,1076,1890,829
0,1309,1547,1892,834,899,878,1078,960
1,2280
2,135
2
2,137
2
2,139
2
2,141
2
2,143
2
2,145
2
2,147
2
2,149
2
2,151
2
2,153
2
2,155
2
2,157
2
2,159
2
2,161
2
2,163
2
2,165
2
2,167
2
2,169
2
2,171
2
2,173
2
2,175
2
2,177
2
2,179
2
2,181
2
2,183
2
2,185
2
2,187
2
2,189
2
2,191
2
2,193
2
2,195
2
2,197
2
2,199
2
2,201
2
2,203
2
2,205
2
3,374,1599,369,372
3,385,381,391,389,387,383,379,376,1600
3,393,1601,396,398
3,417,1602,407,419,409,411,405,403,413,415,400
3,426,424,421,428,1603
3,430,439,1604,433,437,435,441
3,443,1605,448,446,450
3,469,457,1606,465,467,463,461,459,455,452
3,484,482,476,480,486,471,474,478,1607
3,491,488,493,1608,495
3,500,502,497,1609
3,1610,509,513,504,507,511
3,1611,518,520,515
3,522,527,525,1612
3,538,532,540,536,542,1613,534,529
3,547,551,544,549,1614
3,556,1615,553,564,558,562,566,568,560
3,581,579,573,570,577,1616,575
3,586,588,1617,583
3,590,593,595,599,597,1618
3,608,601,1619,604,610,606
3,612,621,623,617,1620,619,615
3,632,628,630,625,1621
3,637,645,641,643,1622,639,634
3,658,656,654,1623,647,650,652
3,1624,671,665,667,669,660,663,673
3,684,682,675,678,1625,680
3,686,1626,689
3,1627,698,696,694,700,691
3,709,702,1628,705,707
3,714,1629,711
3,723,721,1630,719,716,725
3,730,727,1631
3,735,1632,732
3,737,740,742,1633
3,749,753,1634,744,751,747
3,755,758,1635,760
3,762,765,1636
3,1637,767,770
3,775,772,1638
3,777,782,1639,780
3,787,784,1640
3,792,789,1641
3,801,805,799,794,803,1642,797
3,816,814,812,810,807,1643
3,818,825,1644,821,823
3,1645,830,827
3,845,835,841,837,843,1646,832,839
3,1897,855,851
3,848,853,850,1895
3,2279,852,847,1647,254,849,255,1648,854
3,865,1905,867,870
3,1907,872,868
3,860,864,1650,866,856,1652,871,258,862,1649,257,869,1651,858
3,1915,886,891,888
3,893,889,1917
3,260,1655,887,879,877,1653,1656,892,883,261,885,890,881,875,873,1654
3,911,909,914,1925
3,916,1927,912
3,913,906,915,894,898,1659,1658,904,263,1657,264,896,910,900,908,1660,902
3,933,1935,928,930
3,931,1937,935
3,1664,923,919,934,932,927,1661,917,1663,929,921,267,1662,266,925
3,945,950,947,1945
3,948,1947,952
3,1665,936,1668,269,944,270,946,951,949,938,942,1667,940,1666
3,1955,974,976,979
3,977,1957,981
3,959,1670,961,969,980,975,955,967,965,1669,1671,963,971,953,272,273,978,973,1672,957
3,987,992,1965,989
3,994,990,1967
3,986,1675,984,1674,1676,1673,276,275,993,991,988,982
3,1006,1975,1009,1004
3,1007,1011,1977
3,995,1005,1678,1003,278,1680,1677,997,1679,1010,279,999,1008,1001
3,1021,1024,1985,1019
3,1022,1987,1026
3,1018,1023,281,1014,1012,1681,1016,1683,1020,282,1684,1025,1682
3,1040,1995,1045,1042
3,1047,1043,1997
3,1039,1044,1037,1688,1027,1685,1035,1686,1687,285,1029,1046,1031,284,1041,1033
3,1063,1065,2005,1068
3,1070,2007,1066
3,1689,1058,288,1060,1692,287,1691,1062,1054,1056,1052,1067,1050,1048,1064,1690,1069
3,2015,1082,1080,1085
3,2017,1083,1087
3,1086,1693,1694,1696,1075,1073,1084,1695,291,1081,1079,290,1077,1071
3,2025,1108,1103,1105
3,1106,1110,2027
3,1107,1104,293,1700,1098,1102,1699,1090,1088,1109,1698,294,1100,1697,1094,1092,1096
3,2035,1131,1128,1126
3,1129,1133,2037
3,1117,1111,1703,1702,1130,1113,1121,1704,1132,1701,1119,296,1123,1115,297,1127,1125
3,2045,1148,1145,1143
3,1146,1150,2047
3,1142,1706,300,1140,1144,1138,1134,299,1708,1705,1147,1136,1149,1707
3,1173,2055,1170,1168
3,1171,1175,2057
3,1167,1153,1165,303,1151,1172,1161,1710,302,1174,1712,1157,1159,1155,1711,1169,1709,1163
3,1189,1192,1187,2065
3,1194,2067,1190
3,1182,305,1176,1184,1716,1714,1186,1178,1715,1191,1180,1188,1193,1713,306
3,1206,1211,2075,1208
3,2077,1213,1209
3,1717,308,1201,1203,1718,1195,1210,1212,1197,309,1719,1720,1207,1205,1199
3,1231,2085,1233,1236
3,1234,1238,2087
3,1723,1216,1214,1224,1218,311,312,1220,1235,1237,1232,1222,1721,1230,1226,1722,1724,1228
3,2095,1252,1257,1254
3,2097,1259,1255
3,1256,1245,1726,314,1243,1725,1249,1253,315,1247,1241,1258,1239,1727,1728,1251
3,1278,1273,1275,2105
3,2107,1276,1280
3,1266,1731,1270,317,1262,1279,1264,1729,1272,1260,1732,1277,1730,318,1274,1268
3,1294,2115,1297,1292
3,2117,1295,1299
3,1733,1736,1735,1287,1291,1293,1281,1298,1289,321,1283,320,1734,1285,1296
3,1315,2125,1320,1317
3,1318,2127,1322
3,1316,1740,1312,1321,323,1300,1310,1302,1737,1738,1319,324,1739,1308,1314,1304,1306
3,1334,1336,2135,1339
3,1341,2137,1337
3,327,1335,1325,1744,1329,1742,1327,326,1323,1333,1743,1741,1340,1331,1338
3,1361,2145,1366,1363
3,1368,1364,2147
3,1360,329,1342,1348,1352,1746,1354,1346,1367,1358,1745,1344,1356,1747,1748,1365,330,1362,1350
3,2155,1386,1384,1389
3,1387,2157,1391
3,1749,1385,1751,1377,1371,1379,1390,1373,1752,1388,1375,333,1381,332,1369,1383,1750
3,1414,1411,1409,2165
3,2167,1416,1412
3,1406,1400,335,1394,1410,1415,1756,1754,1413,1408,1753,1398,336,1404,1396,1392,1402,1755
3,2175,1426,1429,1424
3,1431,1427,2177
3,1419,1421,1759,339,338,1758,1757,1760,1428,1423,1425,1430,1417
3,1452,1447,2185,1449
3,1450,2187,1454
3,1446,1442,1448,1432,1453,1434,1436,1444,1438,1764,1451,341,342,1762,1440,1763,1761
3,2195,1466,1471,1468
3,2197,1469,1473
3,345,1463,1470,1768,1455,1457,1461,1465,1472,1459,1767,344,1766,1765,1467
3,1486,1483,2205,1481
3,2207,1484,1488
3,1770,1487,1485,1480,1772,1771,1476,1478,348,1769,1474,1482,347
3,1500,1498,1503,2215
3,1501,2217,1505
3,1776,351,1775,1504,1773,1774,1502,1491,1493,1499,1495,1489,1497,350
3,1522,1519,1517,2225
3,1520,1524,2227
3,1512,1514,1778,1518,1506,1779,1777,1523,1521,1780,1510,1516,1508,354,353
3,1534,1532,2235,1537
3,2237,1539,1535
3,1531,1783,1784,356,1533,1538,1782,1527,1525,1781,357,1536,1529
3,2245,1561,1559,1564
3,2247,1566,1562
3,1560,1542,1552,1563,1788,1546,1556,1540,1786,1565,360,359,1558,1550,1548,1544,1554,1787,1785
3,1580,2255,1583,1578
3,1581,1585,2257
3,363,1569,1571,1577,362,1791,1575,1584,1573,1582,1567,1579,1790,1792,1789
3,2265,1592,1596,1589
3,2267,1591,1598
3,2262,2260,1587,1594
3,1794,365,1793,1597,1795,1590,366,1796,367,1586,1588,1595,1593
4,370
4,371
4
4,373
4
4,375
4
4,377
4,378
4
4,380
4
4,382
4
4,384
4
4,386
4
4,388
4
4,390
4
4,392
4
4,394
4,395
4
4,397
4
4,399
4
4,401
4,402
4
4,404
4
4,406
4
4,408
4
4,410
4
4,412
4
4,414
4
4,416
4
4,418
4
4,420
4
4,422
4,423
4
4,425
4
4,427
4
4,429
4
4,431
4,432
4
4,434
4
4,436
4
4,438
4
4,440
4
4,442
4
4,444
4,445
4
4,447
4
4,449
4
4,451
4
4,453
4,454
4
4,456
4
4,458
4
4,460
4
4,462
4
4,464
4
4,466
4
4,468
4
4,470
4
4,472
4,473
4
4,475
4
4,477
4
4,479
4
4,481
4
4,483
4
4,485
4
4,487
4
4,489
4,490
4
4,492
4
4,494
4
4,496
4
4,498
4,499
4
4,501
4
4,503
4
4,505
4,506
4
4,508
4
4,510
4
4,512
4
4,514
4
4,516
4,517
4
4,519
4
4,521
4
4,523
4,524
4
4,526
4
4,528
4
4,530
4,531
4
4,533
4
4,535
4
4,537
4
4,539
4
4,541
4
4,543
4
4,545
4,546
4
4,548
4
4,550
4
4,552
4
4,554
4,555
4
4,557
4
4,559
4
4,561
4
4,563
4
4,565
4
4,567
4
4,569
4
4,571
4,572
4
4,574
4
4,576
4
4,578
4
4,580
4
4,582
4
4,584
4,585
4
4,587
4
4,589
4
4,591
4,592
4
4,594
4
4,596
4
4,598
4
4,600
4
4,602
4,603
4
4,605
4
4,607
4
4,609
4
4,611
4
4,613
4,614
4
4,616
4
4,618
4
4,620
4
4,622
4
4,624
4
4,626
4,627
4
4,629
4
4,631
4
4,633
4
4,635
4,636
4
4,638
4
4,640
4
4,642
4
4,644
4
4,646
4
4,648
4,649
4
4,651
4
4,653
4
4,655
4
4,657
4
4,659
4
4,661
4,662
4
4,664
4
4,666
4
4,668
4
4,670
4
4,672
4
4,674
4
4,676
4,677
4
4,679
4
4,681
4
4,683
4
4,685
4
4,687
4,688
4
4,690
4
4,692
4,693
4
4,695
4
4,697
4
4,699
4
4,701
4
4,703
4,704
4
4,706
4
4,708
4
4,710
4
4,712
4,713
4
4,715
4
4,717
4,718
4
4,720
4
4,722
4
4,724
4
4,726
4
4,728
4,729
4
4,731
4
4,733
4,734
4
4,736
4
4,738
4,739
4
4,741
4
4,743
4
4,745
4,746
4
4,748
4
4,750
4
4,752
4
4,754
4
4,756
4,757
4
4,759
4
4,761
4
4,763
4,764
4
4,766
4
4,768
4,769
4
4,771
4
4,773
4,774
4
4,776
4
4,778
4,779
4
4,781
4
4,783
4
4,785
4,786
4
4,788
4
4,790
4,791
4
4,793
4
4,795
4,796
4
4,798
4
4,800
4
4,802
4
4,804
4
4,806
4
4,808
4,809
4
4,811
4
4,813
4
4,815
4
4,817
4
4,819
4,820
4
4,822
4
4,824
4
4,826
4
4,828
4,829
4
4,831
4
4,833
4,834
4
4,836
4
4,838
4
4,840
4
4,842
4
4,844
4
4,846
4
4,848
4
4,850
4,851
4
4,853
4
4,855
4
4,857
4
4,859
4
4,861
4
4,863
4
4,865
4
4,867
4,868
4
4,870
4
4,872
4
4,874
4
4,876
4
4,878
4
4,880
4
4,882
4
4,884
4
4,886
4
4,888
4,889
4
4,891
4
4,893
4
4,895
4
4,897
4
4,899
4
4,901
4
4,903
4
4,905
4
4,907
4
4,909
4
4,911
4,912
4
4,914
4
4,916
4
4,918
4
4,920
4
4,922
4
4,924
4
4,926
4
4,928
4
4,930
4,931
4
4,933
4
4,935
4
4,937
4
4,939
4
4,941
4
4,943
4
4,945
4
4,947
4,948
4
4,950
4
4,952
4
4,954
4
4,956
4
4,958
4
4,960
4
4,962
4
4,964
4
4,966
4
4,968
4
4,970
4
4,972
4
4,974
4
4,976
4,977
4
4,979
4
4,981
4
4,983
4
4,985
4
4,987
4
4,989
4,990
4
4,992
4
4,994
4
4,996
4
4,998
4
4,1000
4
4,1002
4
4,1004
4
4,1006
4,1007
4
4,1009
4
4,1011
4
4,1013
4
4,1015
4
4,1017
4
4,1019
4
4,1021
4,1022
4
4,1024
4
4,1026
4
4,1028
4
4,1030
4
4,1032
4
4,1034
4
4,1036
4
4,1038
4
4,1040
4
4,1042
4,1043
4
4,1045
4
4,1047
4
4,1049
4
4,1051
4
4,1053
4
4,1055
4
4,1057
4
4,1059
4
4,1061
4
4,1063
4
4,1065
4,1066
4
4,1068
4
4,1070
4
4,1072
4
4,1074
4
4,1076
4
4,1078
4
4,1080
4
4,1082
4,1083
4
4,1085
4
4,1087
4
4,1089
4
4,1091
4
4,1093
4
4,1095
4
4,1097
4
4,1099
4
4,1101
4
4,1103
4
4,1105
4,1106
4
4,1108
4
4,1110
4
4,1112
4
4,1114
4
4,1116
4
4,1118
4
4,1120
4
4,1122
4
4,1124
4
4,1126
4
4,1128
4,1129
4
4,1131
4
4,1133
4
4,1135
4
4,1137
4
4,1139
4
4,1141
4
4,1143
4
4,1145
4,1146
4
4,1148
4
4,1150
4
4,1152
4
4,1154
4
4,1156
4
4,1158
4
4,1160
4
4,1162
4
4,1164
4
4,1166
4
4,1168
4
4,1170
4,1171
4
4,1173
4
4,1175
4
4,1177
4
4,1179
4
4,1181
4
4,1183
4
4,1185
4
4,1187
4
4,1189
4,1190
4
4,1192
4
4,1194
4
4,1196
4
4,1198
4
4,1200
4
4,1202
4
4,1204
4
4,1206
4
4,1208
4,1209
4
4,1211
4
4,1213
4
4,1215
4
4,1217
4
4,1219
4
4,1221
4
4,1223
4
4,1225
4
4,1227
4
4,1229
4
4,1231
4
4,1233
4,1234
4
4,1236
4
4,1238
4
4,1240
4
4,1242
4
4,1244
4
4,1246
4
4,1248
4
4,1250
4
4,1252
4
4,1254
4,1255
4
4,1257
4
4,1259
4
4,1261
4
4,1263
4
4,1265
4
4,1267
4
4,1269
4
4,1271
4
4,1273
4
4,1275
4,1276
4
4,1278
4
4,1280
4
4,1282
4
4,1284
4
4,1286
4
4,1288
4
4,1290
4
4,1292
4
4,1294
4,1295
4
4,1297
4
4,1299
4
4,1301
4
4,1303
4
4,1305
4
4,1307
4
4,1309
4
4,1311
4
4,1313
4
4,1315
4
4,1317
4,1318
4
4,1320
4
4,1322
4
4,1324
4
4,1326
4
4,1328
4
4,1330
4
4,1332
4
4,1334
4
4,1336
4,1337
4
4,1339
4
4,1341
4
4,1343
4
4,1345
4
4,1347
4
4,1349
4
4,1351
4
4,1353
4
4,1355
4
4,1357
4
4,1359
4
4,1361
4
4,1363
4,1364
4
4,1366
4
4,1368
4
4,1370
4
4,1372
4
4,1374
4
4,1376
4
4,1378
4
4,1380
4
4,1382
4
4,1384
4
4,1386
4,1387
4
4,1389
4
4,1391
4
4,1393
4
4,1395
4
4,1397
4
4,1399
4
4,1401
4
4,1403
4
4,1405
4
4,1407
4
4,1409
4
4,1411
4,1412
4
4,1414
4
4,1416
4
4,1418
4
4,1420
4
4,1422
4
4,1424
4
4,1426
4,1427
4
4,1429
4
4,1431
4
4,1433
4
4,1435
4
4,1437
4
4,1439
4
4,1441
4
4,1443
4
4,1445
4
4,1447
4
4,1449
4,1450
4
4,1452
4
4,1454
4
4,1456
4
4,1458
4
4,1460
4
4,1462
4
4,1464
4
4,1466
4
4,1468
4,1469
4
4,1471
4
4,1473
4
4,1475
4
4,1477
4
4,1479
4
4,1481
4
4,1483
4,1484
4
4,1486
4
4,1488
4
4,1490
4
4,1492
4
4,1494
4
4,1496
4
4,1498
4
4,1500
4,1501
4
4,1503
4
4,1505
4
4,1507
4
4,1509
4
4,1511
4
4,1513
4
4,1515
4
4,1517
4
4,1519
4,1520
4
4,1522
4
4,1524
4
4,1526
4
4,1528
4
4,1530
4
4,1532
4
4,1534
4,1535
4
4,1537
4
4,1539
4
4,1541
4
4,1543
4
4,1545
4
4,1547
4
4,1549
4
4,1551
4
4,1553
4
4,1555
4
4,1557
4
4,1559
4
4,1561
4,1562
4
4,1564
4
4,1566
4
4,1568
4
4,1570
4
4,1572
4
4,1574
4
4,1576
4
4,1578
4
4,1580
4,1581
4
4,1583
4
4,1585
4
4,1587
4
4,1589
4
4,1591
4,1592
4
4,1594
4
4,1596
4
4,1598
4
5,1797
5,1799
5,1801
5,1803
5,1805
5,1807
5,1809
5,1811
5,1813
5,1815
5,1817
5,1819
5,1821
5,1823
5,1825
5,1827
5,1829
5,1831
5,1833
5,1835
5,1837
5,1839
5,1841
5,1843
5,1845
5,1847
5,1849
5,1851
5,1853
5,1855
5,1857
5,1859
5,1861
5,1863
5,1865
5,1867
5,1869
5,1871
5,1873
5,1875
5,1877
5,1879
5,1881
5,1883
5,1885
5,1887
5,1889
5,1891
5,1893
5,1896
5,1898
5,1901
5,1903
5,1906
5,1908
5,1911
5,1913
5,1916
5,1918
5,1921
5,1923
5,1926
5,1928
5,1931
5,1933
5,1936
5,1938
5,1941
5,1943
5,1946
5,1948
5,1951
5,1953
5,1956
5,1958
5,1961
5,1963
5,1966
5,1968
5,1971
5,1973
5,1976
5,1978
5,1981
5,1983
5,1986
5,1988
5,1991
5,1993
5,1996
5,1998
5,2001
5,2003
5,2006
5,2008
5,2011
5,2013
5,2016
5,2018
5,2021
5,2023
5,2026
5,2028
5,2031
5,2033
5,2036
5,2038
5,2041
5,2043
5,2046
5,2048
5,2051
5,2053
5,2056
5,2058
5,2061
5,2063
5,2066
5,2068
5,2071
5,2073
5,2076
5,2078
5,2081
5,2083
5,2086
5,2088
5,2091
5,2093
5,2096
5,2098
5,2101
5,2103
5,2106
5,2108
5,2111
5,2113
5,2116
5,2118
5,2121
5,2123
5,2126
5,2128
5,2131
5,2133
5,2136
5,2138
5,2141
5,2143
5,2146
5,2148
5,2151
5,2153
5,2156
5,2158
5,2161
5,2163
5,2166
5,2168
5,2171
5,2173
5,2176
5,2178
5,2181
5,2183
5,2186
5,2188
5,2191
5,2193
5,2196
5,2198
5,2201
5,2203
5,2206
5,2208
5,2211
5,2213
5,2216
5,2218
5,2221
5,2223
5,2226
5,2228
5,2231
5,2233
5,2236
5,2238
5,2241
5,2243
5,2246
5,2248
5,2251
5,2253
5,2256
5,2258
5,2261
5,2263
5,2266
6,1798
6
6,1800
6
6,1802
6
6,1804
6
6,1806
6
6,1808
6
6,1810
6
6,1812
6
6,1814
6
6,1816
6
6,1818
6
6,1820
6
6,1822
6
6,1824
6
6,1826
6
6,1828
6
6,1830
6
6,1832
6
6,1834
6
6,1836
6
6,1838
6
6,1840
6
6,1842
6
6,1844
6
6,1846
6
6,1848
6
6,1850
6
6,1852
6
6,1854
6
6,1856
6
6,1858
6
6,1860
6
6,1862
6
6,1864
6
6,1866
6
6,1868
6
6,1870
6
6,1872
6
6,1874
6
6,1876
6
6,1878
6
6,1880
6
6,1882
6
6,1884
6
6,1886
6
6,1888
6
6,1890
6
6,1892
6
6,1894
6,1895
6
6,1897
6
6,1899
6,1900
6
6,1902
6
6,1904
6,1905
6
6,1907
6
6,1909
6,1910
6
6,1912
6
6,1914
6,1915
6
6,1917
6
6,1919
6,1920
6
6,1922
6
6,1924
6,1925
6
6,1927
6
6,1929
6,1930
6
6,1932
6
6,1934
6,1935
6
6,1937
6
6,1939
6,1940
6
6,1942
6
6,1944
6,1945
6
6,1947
6
6,1949
6,1950
6
6,1952
6
6,1954
6,1955
6
6,1957
6
6,1959
6,1960
6
6,1962
6
6,1964
6,1965
6
6,1967
6
6,1969
6,1970
6
6,1972
6
6,1974
6,1975
6
6,1977
6
6,1979
6,1980
6
6,1982
6
6,1984
6,1985
6
6,1987
6
6,1989
6,1990
6
6,1992
6
6,1994
6,1995
6
6,1997
6
6,1999
6,2000
6
6,2002
6
6,2004
6,2005
6
6,2007
6
6,2009
6,2010
6
6,2012
6
6,2014
6,2015
6
6,2017
6
6,2019
6,2020
6
6,2022
6
6,2024
6,2025
6
6,2027
6
6,2029
6,2030
6
6,2032
6
6,2034
6,2035
6
6,2037
6
6,2039
6,2040
6
6,2042
6
6,2044
6,2045
6
6,2047
6
6,2049
6,2050
6
6,2052
6
6,2054
6,2055
6
6,2057
6
6,2059
6,2060
6
6,2062
6
6,2064
6,2065
6
6,2067
6
6,2069
6,2070
6
6,2072
6
6,2074
6,2075
6
6,2077
6
6,2079
6,2080
6
6,2082
6
6,2084
6,2085
6
6,2087
6
6,2089
6,2090
6
6,2092
6
6,2094
6,2095
6
6,2097
6
6,2099
6,2100
6
6,2102
6
6,2104
6,2105
6
6,2107
6
6,2109
6,2110
6
6,2112
6
6,2114
6,2115
6
6,2117
6
6,2119
6,2120
6
6,2122
6
6,2124
6,2125
6
6,2127
6
6,2129
6,2130
6
6,2132
6
6,2134
6,2135
6
6,2137
6
6,2139
6,2140
6
6,2142
6
6,2144
6,2145
6
6,2147
6
6,2149
6,2150
6
6,2152
6
6,2154
6,2155
6
6,2157
6
6,2159
6,2160
6
6,2162
6
6,2164
6,2165
6
6,2167
6
6,2169
6,2170
6
6,2172
6
6,2174
6,2175
6
6,2177
6
6,2179
6,2180
6
6,2182
6
6,2184
6,2185
6
6,2187
6
6,2189
6,2190
6
6,2192
6
6,2194
6,2195
6
6,2197
6
6,2199
6,2200
6
6,2202
6
6,2204
6,2205
6
6,2207
6
6,2209
6,2210
6
6,2212
6
6,2214
6,2215
6
6,2217
6
6,2219
6,2220
6
6,2222
6
6,2224
6,2225
6
6,2227
6
6,2229
6,2230
6
6,2232
6
6,2234
6,2235
6
6,2237
6
6,2239
6,2240
6
6,2242
6
6,2244
6,2245
6
6,2247
6
6,2249
6,2250
6
6,2252
6
6,2254
6,2255
6
6,2257
6
6,2259
6,2260
6
6,2262
6
6,2264
6,2265
6
6,2267
6
14,2279,133
12
12,1571,921,1434,1220,1090,1573,1029,1809,1801,1308,1404,1811,1119,1421,1197,906,967,963,1098,571,1163,1438,1835,923,1285,1825,1546,1228,898,955,1398,626,1461,1117,1823,661,1478,1887,1348,1344,422,773,862,795,1829,1157,728,1575,738,1327,591,1159,1075,1247,1379,505,1877,1033,1805,902,1153,1346,516,790,1115,1845,1459,1121,1304,1056,1140,919,1879,1442,942,1869,1554,1847,1444,1881,1548,1552,1226,1001,1100,1837,1096,997,1216,545,1350,1180,1224,961,431,1544,1241,1542,1556,1402,712,875,1815,1302,1077,1178,778,1867,703,1375,940,676,1155,1037,1054,1849,1419,883,1283,999,1514,1817,1527,1356,881,1889,1031,808,472,1883,1123,1493,1871,1218,692,1861,1797,1312,1859,1052,1512,1396,1569,1138,984,1831,1287,1873,635,1821,1050,971,1799,401,1863,1264,763,1827,1819,1310,745,1853,687,1550,756,1491,1529,1813,1371,1406,523,613,1807,879,1373,1841,584,1325,1060,394,1440,1508,1245,1331,1262,717,733,1891,1875,1289,1839,969,1377,1249,1851,370,965,1354,1457,1201,1014,1266,648,1161,1510,938,896,1436,858,785,860,1306,1400,819,444,1092,1165,1222,1243,1113,1833,1073,900,1268,1855,1381,1270,1136,1803,1182,602,1329,1035,453,1495,1094,828,530,1857,1016,1476,925,1885,1463,768,489,904,1352,877,554,1843,377,1865,957,833,1394,1184,1058,1358,1203,1199,959,498
12,1448,1041,1169,1482,1064,1127,1274,866,1293,1335,910,1425,1385,929,1081,1467,975,1579,1207,1518,1499,1590,1020,988,1104,1533,1232,1188,946,849,1253,1560,1316,1144,887,1005,1410,1362
12,136,172,150,166,140,1981,2151,2161,138,1971,184,1901,2251,2081,148,194,204,1921,144,196,2211,186,2141,162,152,168,2181,2121,1991,134,2111,170,2241,1931,202,200,2131,2091,142,2201,2051,2101,164,180,2011,190,1961,2231,156,1951,1941,192,2221,2021,2041,160,2031,176,146,2071,188,198,2171,2191,158,182,174,2001,1911,178,2061,154
12,1497,1360,864,1996,2234,2204,1531,1904,2246,2066,2266,2154,1314,1896,1291,1079,2034,1558,1186,1480,2126,2104,1946,2074,2184,1423,2194,2136,1916,2094,1936,1914,1956,885,2226,2214,1984,1986,2086,1003,2016,1994,1974,1906,1966,1167,2114,2254,1577,2206,2096,2196,847,973,1944,1125,2014,2264,908,2176,2026,927,2256,2166,2064,2156,2004,2024,1230,2054,986,2046,2236,1976,2144,2056,1465,1039,2164,1924,1934,1205,1062,2044,1102,1142,2116,1926,1018,2244,1894,2084,1272,2006,2174,1251,1383,1954,2036,1588,944,2186,2134,1964,2106,2224,2216,1408,2146,2076,1333,1516,1446,2124
12,1260,461,787,1939,714,435,405,825,2261,1567,1214,1239,534,415,2069,936,450,500,1525,2209,770,486,606,2139,507,894,700,396,439,669,374,411,814,379,407,696,735,513,448,1012,742,816,562,385,760,2159,608,637,459,2079,581,694,2039,577,2109,586,549,398,2029,568,953,753,469,413,2169,1195,2199,446,457,599,426,2089,389,821,839,419,1929,391,792,797,588,610,810,1989,641,597,845,632,556,1455,639,467,982,628,630,765,719,480,782,409,579,1969,511,805,656,2009,643,1474,1323,604,995,1176,437,1489,2149,758,841,2239,538,428,476,560,658,645,1999,2129,1919,856,1111,707,547,843,1959,566,1540,542,654,595,751,540,799,433,619,1048,1300,474,2229,465,740,837,615,2219,705,652,680,1151,689,484,2019,509,403,575,830,723,623,518,823,673,1899,663,1088,1281,525,698,1979,1949,478,2249,747,502,558,520,667,1134,491,2059,1432,463,1027,1417,527,780,730,493,455,1506,621,2189,1071,381,678,917,424,682,749,2099,593,551,835,801,709,564,812,536,617,573,441,495,2119,671,721,417,1392,2049,775,725,387,665,383,1342,482,1369,684,650,2179,873,532,372,803,1909
12,1453,1067,1597,1487,1172,915,1536,1086,1296,1046,1025,1321,980,1084,1235,1338,1023,871,1502,1565,1147,1470,1485,1538,1521,1174,1010,1298,1428,1582,1237,1472,1319,1388,1193,1107,991,1415,913,1109,949,892,1191,934,1584,1277,993,854,1430,1279,1340,932,951,1149,1595,1044,1504,1256,1130,852,1069,1132,890,1563,978,1258,1523,869,1413,1390,1210,1212,1451,1367,1365,1008
12,1593
12
12,2259,1586
7,2280
15