0
0
0
0
0
0
0
0
0
0
0
0
0
0
0
0
0
0
0
0
0
0
0
0
0
0
0
0
0
0
0
0
0
0
0
0
0
0
0
0
0
0
0
0
0
0
0
0
0
0,897,2016,2018,766,397,849,488,139,557
0,842,918,157,2028,884,772,2026
0,529,454,807,2038,873,509,159,935,2036,844,417,492
0,2046,962,471,2048,835,419,672,559,540,494,161
0,456,408,2058,437,2056,163,987
0,458,2068,2066,1004,165,473
0,167,496,687,2078,1019,864,2076,439,545
0,819,2086,2088,550,605,649,460,561,1040,169,574
0,1065,798,426,2096,516,171,2098
0,1082,640,173,2108,607,475,531,2106,866
0,1103,627,2118,462,175,875,2116,616
0,2128,141,2126,882,1122
0,1135,498,2138,594,2136,177
0,2148,1150,500,518,441,2146,563,179,477
0,443,479,642,698,181,464,2158,629,2156,502,585,1171
0,1198,2168,2166,183,618,877
0,596,185,2176,481,631,428,2178,504,1213,576,724,609,520
0,2186,689,2188,578,187,565,1242
0,2198,674,587,700,2196,189,726,483,1259
0,728,567,735,1280,633,800,580,2206,2208,191,663
0,713,2216,2218,598,1305,793,676,193,786,522
0,195,1328,777,2226,678,620,802,2228
0,2238,448,490,538,143,851,1347,2236,812
0,2246,466,779,197,755,821,2248,1368
0,533,2256,757,1387,680,715,2258,199,635,886
0,759,1410,2266,201,611,600,691,2268
0,203,737,2278,730,2276,1429
0,2286,814,205,622,644,2288,693,1444
0,207,702,1463,788,552,654,2296,739,2298
0,665,1484,704,2308,741,2306,589,826,209
0,2316,682,781,706,211,656,750,1505,2318
0,667,213,708,2328,743,2326,828,1526,717,430
0,1549,658,215,761,2336,2338
0,145,527,858,1564,2348,399,2346
0,1581,2358,745,719,217,830,2356
0,147,853,2366,2368,860,871,401,1598
0,413,149,2376,2378,1617
0,572,2386,424,1630,514,2388,768,151
0,1649,153,2398,2396,450
0,406,415,452,1662,840,2406,2408,155,770,435,862
0,1914,899,395,1600,1566
0,1670,989,404,1916
0,1918,411,941,966,1672,1619
0,1067,422,1528,1634,1920,1215
0,1674,1152,1922,1173,1023,991,433
0,1006,1651,446,1353,1044,1175,1924,1676,943,1107,993,1370
0,1261,1086,1008,1154,1217,469,1926,1177,968
0,1137,945,1025,970,1355,1219,1928,1156,1179,486,905
0,1930,507,947
0,1307,1158,1636,512,1221,1932,1069
0,525,1934,949,1088,1391,1570
0,964,536,1349,1936
0,1938,1027,543
0,1465,1940,1046,548
0,972,555,907,1160,1244,1048,1282,1942
0,1944,1246,1050,1284,1223,1638,570
0,1263,583,1181,1946,1486
0,1225,1948,1412,592,1139,1309
0,1090,603,1950,1227,1052,1414
0,1109,1446,1330,1952,614,1202
0,1286,625,1111,1393,1183,1229,1954
0,1092,638,1956,1185,1448
0,647,1042,1958
0,1507,1467,652,1960,1551
0,1962,1530,661,1488,1288
0,1964,1311,1395,974,670,1265,1332,1509
0,1416,685,1966,1450,1248,1029
0,1532,1267,1511,1968,696,1490,1187,1469
0,1397,1313,1583,711,1970,1534
0,1972,1269,1231,722,1290,1431
0,1536,1433,1292,1492,733,1471,1974,1585
0,748,1976,1513
0,1399,753,1553,1978,1372,1418
0,1664,901,920,1980,1632,764
0,775,1374,1515,1982,1334
0,1984,1315,784,1473
0,791,1317,1986
0,1336,1988,1294,1071,796
0,951,1990,805
0,1992,1357,810,1452
0,817,1994,1376,1054
0,1494,1996,1587,824,1538
0,833,976,1998
0,1666,922,937,2000,838
0,1602,1351,2002,847,903
0,1668,1021,1084,856,1568,1604,2004
0,2006,1606,939,869,1105,1200
0,1389,2008,880,1124,924
1,2436
2,139
2
2,141
2
2,143
2
2,145
2
2,147
2
2,149
2
2,151
2
2,153
2
2,155
2
2,157
2
2,159
2
2,161
2
2,163
2
2,165
2
2,167
2
2,169
2
2,171
2
2,173
2
2,175
2
2,177
2
2,179
2
2,181
2
2,183
2
2,185
2
2,187
2
2,189
2
2,191
2
2,193
2
2,195
2
2,197
2
2,199
2
2,201
2
2,203
2
2,205
2
2,207
2
2,209
2
2,211
2
2,213
2
2,215
2
2,217
2
3,398,1699,400,393,396
3,407,405,402,1700
3,409,418,412,414,416,1701
3,1702,427,429,425,420,423
3,442,436,434,431,438,440,1703
3,444,453,461,465,1704,463,447,451,459,457,449,455
3,467,1705,472,478,476,470,480,474,482
3,501,489,503,1706,497,499,495,493,491,487,484
3,505,508,1707
3,513,521,510,515,519,1708,517
3,526,532,528,523,530,1709
3,539,534,1710,537
3,1711,544,541
3,546,551,549,1712
3,562,556,564,560,566,1713,558,553
3,571,575,577,579,568,573,1714
3,584,1715,581,586,588
3,599,593,590,597,1716,595
3,610,608,604,606,1717,601
3,612,617,621,615,619,1718
3,630,623,1719,628,626,632,634
3,636,641,1720,643,639
3,648,645,1721
3,653,657,1722,655,650
3,666,1723,659,662,664
3,1724,679,673,675,677,668,671,681
3,692,690,683,686,1725,688
3,694,705,703,1726,701,707,697,699
3,1727,709,716,714,712,718
3,727,720,1728,723,729,725
3,734,1729,738,740,742,731,744,736
3,1730,749,746
3,758,754,756,751,760,1731
3,765,767,1732,769,771,762
3,773,776,1733,780,778
3,787,1734,782,785
3,789,792,1735
3,794,797,799,801,1736
3,1737,803,806
3,811,808,813,1738
3,815,820,1739,818
3,825,827,829,822,1740
3,834,831,1741
3,843,841,836,1742,839
3,852,850,848,845,1743
3,854,861,863,865,1744,857,859
3,1745,874,876,872,870,867
3,883,1746,881,878,885
3,2013,895,891
3,888,893,890,2011
3,2435,892,1747,267,266,889,887,1748,894
3,2021,911,914,909
3,2023,912,916
3,900,1750,913,896,906,1752,910,1749,270,902,908,269,1751,904,898,915
3,2031,931,928,926
3,933,929,2033
3,1755,272,925,923,921,1753,1756,273,927,919,932,930,917,1754
3,955,953,2041,958
3,960,956,2043
3,946,934,948,959,938,950,954,1759,275,1758,944,1757,276,957,936,940,1760,942,952
3,980,983,978,2051
3,985,2053,981
3,979,982,1764,967,963,971,1762,1761,961,1763,975,965,973,279,278,977,969,984
3,995,1000,997,2061
3,998,2063,1002
3,1765,986,1768,281,994,1001,988,992,996,1767,990,282,1766,999
3,2071,1012,1015,1010
3,2073,1017,1013
3,1770,1016,1009,284,1014,1005,1769,1771,1003,1011,285,1772,1007
3,1036,1033,1031,2081
3,1034,2083,1038
3,1775,1028,1020,1774,1032,1026,1776,288,287,1024,1035,1773,1030,1037,1022,1018
3,1058,1056,1061,2091
3,2093,1059,1063
3,1057,1039,1047,1778,1060,1051,1041,290,1053,1780,1777,1049,1062,1779,1055,291,1043,1045
3,1073,1078,1075,2101
3,1080,1076,2103
3,1072,293,1079,1064,1781,1068,1783,1066,1784,294,1074,1077,1782,1070
3,1094,2111,1096,1099
3,1101,1097,2113
3,1093,1098,1091,1788,1081,1785,1089,1786,1787,297,1100,1085,1083,296,1095,1087
3,1118,1113,2121,1115
3,2123,1120,1116
3,1789,1117,1108,300,1792,1114,299,1791,1110,1112,1106,1104,1102,1790,1119
3,1128,2131,1126,1131
3,2133,1133,1129
3,1793,1796,1125,1123,1795,1794,1132,1130,303,1127,302,1121
3,1146,1141,2141,1143
3,1148,1144,2143
3,305,1140,1800,1134,1797,1799,1798,306,1142,1138,1147,1136,1145
3,1162,2151,1167,1164
3,1165,1169,2153
3,1155,1149,308,1803,1801,1802,1168,1161,1159,1804,1166,1151,1157,1153,309,1163
3,1194,2161,1189,1191
3,1192,1196,2163
3,1178,1806,1180,1188,311,312,1176,1190,1174,1170,1807,1805,1195,1172,1182,1184,1808,1186,1193
3,1206,1209,1204,2171
3,1211,1207,2173
3,1809,1199,315,1210,1197,1810,314,1812,1205,1201,1203,1811,1208
3,1235,1238,1233,2181
3,1236,2183,1240
3,1218,317,1212,1220,1224,1228,1239,1232,1815,1230,1816,1814,1237,1214,1216,318,1222,1813,1234,1226
3,1252,1255,1250,2191
3,1257,2193,1253
3,1817,1251,1247,1254,1241,1256,1243,321,320,1819,1820,1249,1818,1245
3,1276,1273,1271,2201
3,1278,1274,2203
3,1823,1260,1270,1258,1264,1277,1262,1268,1275,324,1272,1266,1821,323,1822,1824
3,2211,1301,1296,1298
3,2213,1303,1299
3,1291,1302,1285,1826,326,1825,1283,1287,327,1295,1281,1293,1279,1300,1827,1297,1289,1828
3,1321,1324,2221,1319
3,1322,2223,1326
3,1310,1831,1306,1323,1318,1308,1314,1829,1304,1325,1320,1316,1832,1830,330,329,1312
3,1340,2231,1343,1338
3,2233,1345,1341
3,1344,1836,1337,1329,1339,1327,332,1835,1833,1333,333,1335,1834,1331,1342
3,1361,2241,1359,1364
3,1362,2243,1366
3,1839,1840,335,1346,1356,1348,1837,1838,1365,336,1358,1354,1360,1350,1363,1352
3,1378,2251,1383,1380
3,1385,2253,1381
3,339,1382,1379,1844,1373,1842,1843,1369,1377,338,1841,1367,1375,1371,1384
3,1406,2261,1403,1401
3,2263,1404,1408
3,341,1392,1396,1846,1390,1386,1400,1407,1398,1845,1388,1405,1847,1848,342,1394,1402
3,2271,1425,1420,1422
3,1423,2273,1427
3,1849,1419,1411,1426,1851,1417,1421,1424,1413,1852,1415,344,1409,345,1850
3,1440,1437,1435,2281
3,2283,1438,1442
3,1853,1439,1436,347,1855,1854,1434,348,1430,1432,1428,1441,1856
3,1456,1454,2291,1459
3,1461,1457,2293
3,1445,1447,1859,1451,1460,351,350,1858,1857,1860,1458,1449,1455,1443,1453
3,1475,1477,2301,1480
3,1482,1478,2303
3,1472,1462,1464,1861,1468,1481,1466,1864,1474,353,354,1863,1479,1862,1470,1476
3,2311,1501,1498,1496
3,2313,1499,1503
3,357,1868,1485,1493,1489,1500,1502,1487,1867,1495,356,1866,1497,1491,1483,1865
3,1522,1519,1517,2321
3,2323,1524,1520
3,1508,1872,1871,1512,1869,360,1521,1506,1514,1510,1518,1523,1504,1870,359,1516
3,1545,1540,1542,2331
3,1547,1543,2333
3,1546,1541,1529,1531,1533,363,1527,1525,1535,1539,1874,1875,1537,1544,362,1876,1873
3,1557,1555,1560,2341
3,1562,1558,2343
3,1878,1554,1559,1561,1550,1556,366,1548,1880,365,1552,1879,1877
3,2351,1572,1574,1577
3,1575,2353,1579
3,1883,369,1881,1571,1882,1884,1565,1563,1573,1578,368,1567,1569,1576
3,1589,1594,2361,1591
3,1596,2363,1592
3,372,1886,1885,1584,1887,1580,1595,1888,1590,1588,1582,371,1593,1586
3,1610,2371,1613,1608
3,1611,2373,1615
3,1891,1609,1603,1607,1889,1614,1599,1612,1892,1601,374,1890,375,1605,1597
3,1621,1623,1626,2381
3,1624,2383,1628
3,1627,377,1895,1896,1894,378,1620,1616,1625,1618,1893,1622
3,1642,1645,2391,1640
3,1643,2393,1647
3,1899,1646,1898,1639,1631,381,1633,1635,1637,1897,1641,1644,1900,380,1629
3,2401,1655,1653,1658
3,1660,1656,2403
3,1648,1902,383,1657,1904,1652,1659,384,1903,1650,1654,1901
3,1683,1680,1678,2411
3,2413,1681,1685
3,1906,1669,1679,1671,1663,1665,1661,1908,1675,1905,1667,386,387,1677,1673,1682,1907,1684
3,1692,1689,2421,1696
3,2423,1691,1698
3,2416,1687,1694,2418
3,1695,1911,1697,391,1688,1686,390,1912,1693,1909,1690,1910,389
4,394
4,395
4
4,397
4
4,399
4
4,401
4
4,403
4,404
4
4,406
4
4,408
4
4,410
4,411
4
4,413
4
4,415
4
4,417
4
4,419
4
4,421
4,422
4
4,424
4
4,426
4
4,428
4
4,430
4
4,432
4,433
4
4,435
4
4,437
4
4,439
4
4,441
4
4,443
4
4,445
4,446
4
4,448
4
4,450
4
4,452
4
4,454
4
4,456
4
4,458
4
4,460
4
4,462
4
4,464
4
4,466
4
4,468
4,469
4
4,471
4
4,473
4
4,475
4
4,477
4
4,479
4
4,481
4
4,483
4
4,485
4,486
4
4,488
4
4,490
4
4,492
4
4,494
4
4,496
4
4,498
4
4,500
4
4,502
4
4,504
4
4,506
4,507
4
4,509
4
4,511
4,512
4
4,514
4
4,516
4
4,518
4
4,520
4
4,522
4
4,524
4,525
4
4,527
4
4,529
4
4,531
4
4,533
4
4,535
4,536
4
4,538
4
4,540
4
4,542
4,543
4
4,545
4
4,547
4,548
4
4,550
4
4,552
4
4,554
4,555
4
4,557
4
4,559
4
4,561
4
4,563
4
4,565
4
4,567
4
4,569
4,570
4
4,572
4
4,574
4
4,576
4
4,578
4
4,580
4
4,582
4,583
4
4,585
4
4,587
4
4,589
4
4,591
4,592
4
4,594
4
4,596
4
4,598
4
4,600
4
4,602
4,603
4
4,605
4
4,607
4
4,609
4
4,611
4
4,613
4,614
4
4,616
4
4,618
4
4,620
4
4,622
4
4,624
4,625
4
4,627
4
4,629
4
4,631
4
4,633
4
4,635
4
4,637
4,638
4
4,640
4
4,642
4
4,644
4
4,646
4,647
4
4,649
4
4,651
4,652
4
4,654
4
4,656
4
4,658
4
4,660
4,661
4
4,663
4
4,665
4
4,667
4
4,669
4,670
4
4,672
4
4,674
4
4,676
4
4,678
4
4,680
4
4,682
4
4,684
4,685
4
4,687
4
4,689
4
4,691
4
4,693
4
4,695
4,696
4
4,698
4
4,700
4
4,702
4
4,704
4
4,706
4
4,708
4
4,710
4,711
4
4,713
4
4,715
4
4,717
4
4,719
4
4,721
4,722
4
4,724
4
4,726
4
4,728
4
4,730
4
4,732
4,733
4
4,735
4
4,737
4
4,739
4
4,741
4
4,743
4
4,745
4
4,747
4,748
4
4,750
4
4,752
4,753
4
4,755
4
4,757
4
4,759
4
4,761
4
4,763
4,764
4
4,766
4
4,768
4
4,770
4
4,772
4
4,774
4,775
4
4,777
4
4,779
4
4,781
4
4,783
4,784
4
4,786
4
4,788
4
4,790
4,791
4
4,793
4
4,795
4,796
4
4,798
4
4,800
4
4,802
4
4,804
4,805
4
4,807
4
4,809
4,810
4
4,812
4
4,814
4
4,816
4,817
4
4,819
4
4,821
4
4,823
4,824
4
4,826
4
4,828
4
4,830
4
4,832
4,833
4
4,835
4
4,837
4,838
4
4,840
4
4,842
4
4,844
4
4,846
4,847
4
4,849
4
4,851
4
4,853
4
4,855
4,856
4
4,858
4
4,860
4
4,862
4
4,864
4
4,866
4
4,868
4,869
4
4,871
4
4,873
4
4,875
4
4,877
4
4,879
4,880
4
4,882
4
4,884
4
4,886
4
4,888
4
4,890
4,891
4
4,893
4
4,895
4
4,897
4
4,899
4
4,901
4
4,903
4
4,905
4
4,907
4
4,909
4
4,911
4,912
4
4,914
4
4,916
4
4,918
4
4,920
4
4,922
4
4,924
4
4,926
4
4,928
4,929
4
4,931
4
4,933
4
4,935
4
4,937
4
4,939
4
4,941
4
4,943
4
4,945
4
4,947
4
4,949
4
4,951
4
4,953
4
4,955
4,956
4
4,958
4
4,960
4
4,962
4
4,964
4
4,966
4
4,968
4
4,970
4
4,972
4
4,974
4
4,976
4
4,978
4
4,980
4,981
4
4,983
4
4,985
4
4,987
4
4,989
4
4,991
4
4,993
4
4,995
4
4,997
4,998
4
4,1000
4
4,1002
4
4,1004
4
4,1006
4
4,1008
4
4,1010
4
4,1012
4,1013
4
4,1015
4
4,1017
4
4,1019
4
4,1021
4
4,1023
4
4,1025
4
4,1027
4
4,1029
4
4,1031
4
4,1033
4,1034
4
4,1036
4
4,1038
4
4,1040
4
4,1042
4
4,1044
4
4,1046
4
4,1048
4
4,1050
4
4,1052
4
4,1054
4
4,1056
4
4,1058
4,1059
4
4,1061
4
4,1063
4
4,1065
4
4,1067
4
4,1069
4
4,1071
4
4,1073
4
4,1075
4,1076
4
4,1078
4
4,1080
4
4,1082
4
4,1084
4
4,1086
4
4,1088
4
4,1090
4
4,1092
4
4,1094
4
4,1096
4,1097
4
4,1099
4
4,1101
4
4,1103
4
4,1105
4
4,1107
4
4,1109
4
4,1111
4
4,1113
4
4,1115
4,1116
4
4,1118
4
4,1120
4
4,1122
4
4,1124
4
4,1126
4
4,1128
4,1129
4
4,1131
4
4,1133
4
4,1135
4
4,1137
4
4,1139
4
4,1141
4
4,1143
4,1144
4
4,1146
4
4,1148
4
4,1150
4
4,1152
4
4,1154
4
4,1156
4
4,1158
4
4,1160
4
4,1162
4
4,1164
4,1165
4
4,1167
4
4,1169
4
4,1171
4
4,1173
4
4,1175
4
4,1177
4
4,1179
4
4,1181
4
4,1183
4
4,1185
4
4,1187
4
4,1189
4
4,1191
4,1192
4
4,1194
4
4,1196
4
4,1198
4
4,1200
4
4,1202
4
4,1204
4
4,1206
4,1207
4
4,1209
4
4,1211
4
4,1213
4
4,1215
4
4,1217
4
4,1219
4
4,1221
4
4,1223
4
4,1225
4
4,1227
4
4,1229
4
4,1231
4
4,1233
4
4,1235
4,1236
4
4,1238
4
4,1240
4
4,1242
4
4,1244
4
4,1246
4
4,1248
4
4,1250
4
4,1252
4,1253
4
4,1255
4
4,1257
4
4,1259
4
4,1261
4
4,1263
4
4,1265
4
4,1267
4
4,1269
4
4,1271
4
4,1273
4,1274
4
4,1276
4
4,1278
4
4,1280
4
4,1282
4
4,1284
4
4,1286
4
4,1288
4
4,1290
4
4,1292
4
4,1294
4
4,1296
4
4,1298
4,1299
4
4,1301
4
4,1303
4
4,1305
4
4,1307
4
4,1309
4
4,1311
4
4,1313
4
4,1315
4
4,1317
4
4,1319
4
4,1321
4,1322
4
4,1324
4
4,1326
4
4,1328
4
4,1330
4
4,1332
4
4,1334
4
4,1336
4
4,1338
4
4,1340
4,1341
4
4,1343
4
4,1345
4
4,1347
4
4,1349
4
4,1351
4
4,1353
4
4,1355
4
4,1357
4
4,1359
4
4,1361
4,1362
4
4,1364
4
4,1366
4
4,1368
4
4,1370
4
4,1372
4
4,1374
4
4,1376
4
4,1378
4
4,1380
4,1381
4
4,1383
4
4,1385
4
4,1387
4
4,1389
4
4,1391
4
4,1393
4
4,1395
4
4,1397
4
4,1399
4
4,1401
4
4,1403
4,1404
4
4,1406
4
4,1408
4
4,1410
4
4,1412
4
4,1414
4
4,1416
4
4,1418
4
4,1420
4
4,1422
4,1423
4
4,1425
4
4,1427
4
4,1429
4
4,1431
4
4,1433
4
4,1435
4
4,1437
4,1438
4
4,1440
4
4,1442
4
4,1444
4
4,1446
4
4,1448
4
4,1450
4
4,1452
4
4,1454
4
4,1456
4,1457
4
4,1459
4
4,1461
4
4,1463
4
4,1465
4
4,1467
4
4,1469
4
4,1471
4
4,1473
4
4,1475
4
4,1477
4,1478
4
4,1480
4
4,1482
4
4,1484
4
4,1486
4
4,1488
4
4,1490
4
4,1492
4
4,1494
4
4,1496
4
4,1498
4,1499
4
4,1501
4
4,1503
4
4,1505
4
4,1507
4
4,1509
4
4,1511
4
4,1513
4
4,1515
4
4,1517
4
4,1519
4,1520
4
4,1522
4
4,1524
4
4,1526
4
4,1528
4
4,1530
4
4,1532
4
4,1534
4
4,1536
4
4,1538
4
4,1540
4
4,1542
4,1543
4
4,1545
4
4,1547
4
4,1549
4
4,1551
4
4,1553
4
4,1555
4
4,1557
4,1558
4
4,1560
4
4,1562
4
4,1564
4
4,1566
4
4,1568
4
4,1570
4
4,1572
4
4,1574
4,1575
4
4,1577
4
4,1579
4
4,1581
4
4,1583
4
4,1585
4
4,1587
4
4,1589
4
4,1591
4,1592
4
4,1594
4
4,1596
4
4,1598
4
4,1600
4
4,1602
4
4,1604
4
4,1606
4
4,1608
4
4,1610
4,1611
4
4,1613
4
4,1615
4
4,1617
4
4,1619
4
4,1621
4
4,1623
4,1624
4
4,1626
4
4,1628
4
4,1630
4
4,1632
4
4,1634
4
4,1636
4
4,1638
4
4,1640
4
4,1642
4,1643
4
4,1645
4
4,1647
4
4,1649
4
4,1651
4
4,1653
4
4,1655
4,1656
4
4,1658
4
4,1660
4
4,1662
4
4,1664
4
4,1666
4
4,1668
4
4,1670
4
4,1672
4
4,1674
4
4,1676
4
4,1678
4
4,1680
4,1681
4
4,1683
4
4,1685
4
4,1687
4
4,1689
4
4,1691
4,1692
4
4,1694
4
4,1696
4
4,1698
4
5,1913
5,1915
5,1917
5,1919
5,1921
5,1923
5,1925
5,1927
5,1929
5,1931
5,1933
5,1935
5,1937
5,1939
5,1941
5,1943
5,1945
5,1947
5,1949
5,1951
5,1953
5,1955
5,1957
5,1959
5,1961
5,1963
5,1965
5,1967
5,1969
5,1971
5,1973
5,1975
5,1977
5,1979
5,1981
5,1983
5,1985
5,1987
5,1989
5,1991
5,1993
5,1995
5,1997
5,1999
5,2001
5,2003
5,2005
5,2007
5,2009
5,2012
5,2014
5,2017
5,2019
5,2022
5,2024
5,2027
5,2029
5,2032
5,2034
5,2037
5,2039
5,2042
5,2044
5,2047
5,2049
5,2052
5,2054
5,2057
5,2059
5,2062
5,2064
5,2067
5,2069
5,2072
5,2074
5,2077
5,2079
5,2082
5,2084
5,2087
5,2089
5,2092
5,2094
5,2097
5,2099
5,2102
5,2104
5,2107
5,2109
5,2112
5,2114
5,2117
5,2119
5,2122
5,2124
5,2127
5,2129
5,2132
5,2134
5,2137
5,2139
5,2142
5,2144
5,2147
5,2149
5,2152
5,2154
5,2157
5,2159
5,2162
5,2164
5,2167
5,2169
5,2172
5,2174
5,2177
5,2179
5,2182
5,2184
5,2187
5,2189
5,2192
5,2194
5,2197
5,2199
5,2202
5,2204
5,2207
5,2209
5,2212
5,2214
5,2217
5,2219
5,2222
5,2224
5,2227
5,2229
5,2232
5,2234
5,2237
5,2239
5,2242
5,2244
5,2247
5,2249
5,2252
5,2254
5,2257
5,2259
5,2262
5,2264
5,2267
5,2269
5,2272
5,2274
5,2277
5,2279
5,2282
5,2284
5,2287
5,2289
5,2292
5,2294
5,2297
5,2299
5,2302
5,2304
5,2307
5,2309
5,2312
5,2314
5,2317
5,2319
5,2322
5,2324
5,2327
5,2329
5,2332
5,2334
5,2337
5,2339
5,2342
5,2344
5,2347
5,2349
5,2352
5,2354
5,2357
5,2359
5,2362
5,2364
5,2367
5,2369
5,2372
5,2374
5,2377
5,2379
5,2382
5,2384
5,2387
5,2389
5,2392
5,2394
5,2397
5,2399
5,2402
5,2404
5,2407
5,2409
5,2412
5,2414
5,2417
5,2419
5,2422
6,1914
6
6,1916
6
6,1918
6
6,1920
6
6,1922
6
6,1924
6
6,1926
6
6,1928
6
6,1930
6
6,1932
6
6,1934
6
6,1936
6
6,1938
6
6,1940
6
6,1942
6
6,1944
6
6,1946
6
6,1948
6
6,1950
6
6,1952
6
6,1954
6
6,1956
6
6,1958
6
6,1960
6
6,1962
6
6,1964
6
6,1966
6
6,1968
6
6,1970
6
6,1972
6
6,1974
6
6,1976
6
6,1978
6
6,1980
6
6,1982
6
6,1984
6
6,1986
6
6,1988
6
6,1990
6
6,1992
6
6,1994
6
6,1996
6
6,1998
6
6,2000
6
6,2002
6
6,2004
6
6,2006
6
6,2008
6
6,2010
6,2011
6
6,2013
6
6,2015
6,2016
6
6,2018
6
6,2020
6,2021
6
6,2023
6
6,2025
6,2026
6
6,2028
6
6,2030
6,2031
6
6,2033
6
6,2035
6,2036
6
6,2038
6
6,2040
6,2041
6
6,2043
6
6,2045
6,2046
6
6,2048
6
6,2050
6,2051
6
6,2053
6
6,2055
6,2056
6
6,2058
6
6,2060
6,2061
6
6,2063
6
6,2065
6,2066
6
6,2068
6
6,2070
6,2071
6
6,2073
6
6,2075
6,2076
6
6,2078
6
6,2080
6,2081
6
6,2083
6
6,2085
6,2086
6
6,2088
6
6,2090
6,2091
6
6,2093
6
6,2095
6,2096
6
6,2098
6
6,2100
6,2101
6
6,2103
6
6,2105
6,2106
6
6,2108
6
6,2110
6,2111
6
6,2113
6
6,2115
6,2116
6
6,2118
6
6,2120
6,2121
6
6,2123
6
6,2125
6,2126
6
6,2128
6
6,2130
6,2131
6
6,2133
6
6,2135
6,2136
6
6,2138
6
6,2140
6,2141
6
6,2143
6
6,2145
6,2146
6
6,2148
6
6,2150
6,2151
6
6,2153
6
6,2155
6,2156
6
6,2158
6
6,2160
6,2161
6
6,2163
6
6,2165
6,2166
6
6,2168
6
6,2170
6,2171
6
6,2173
6
6,2175
6,2176
6
6,2178
6
6,2180
6,2181
6
6,2183
6
6,2185
6,2186
6
6,2188
6
6,2190
6,2191
6
6,2193
6
6,2195
6,2196
6
6,2198
6
6,2200
6,2201
6
6,2203
6
6,2205
6,2206
6
6,2208
6
6,2210
6,2211
6
6,2213
6
6,2215
6,2216
6
6,2218
6
6,2220
6,2221
6
6,2223
6
6,2225
6,2226
6
6,2228
6
6,2230
6,2231
6
6,2233
6
6,2235
6,2236
6
6,2238
6
6,2240
6,2241
6
6,2243
6
6,2245
6,2246
6
6,2248
6
6,2250
6,2251
6
6,2253
6
6,2255
6,2256
6
6,2258
6
6,2260
6,2261
6
6,2263
6
6,2265
6,2266
6
6,2268
6
6,2270
6,2271
6
6,2273
6
6,2275
6,2276
6
6,2278
6
6,2280
6,2281
6
6,2283
6
6,2285
6,2286
6
6,2288
6
6,2290
6,2291
6
6,2293
6
6,2295
6,2296
6
6,2298
6
6,2300
6,2301
6
6,2303
6
6,2305
6,2306
6
6,2308
6
6,2310
6,2311
6
6,2313
6
6,2315
6,2316
6
6,2318
6
6,2320
6,2321
6
6,2323
6
6,2325
6,2326
6
6,2328
6
6,2330
6,2331
6
6,2333
6
6,2335
6,2336
6
6,2338
6
6,2340
6,2341
6
6,2343
6
6,2345
6,2346
6
6,2348
6
6,2350
6,2351
6
6,2353
6
6,2355
6,2356
6
6,2358
6
6,2360
6,2361
6
6,2363
6
6,2365
6,2366
6
6,2368
6
6,2370
6,2371
6
6,2373
6
6,2375
6,2376
6
6,2378
6
6,2380
6,2381
6
6,2383
6
6,2385
6,2386
6
6,2388
6
6,2390
6,2391
6
6,2393
6
6,2395
6,2396
6
6,2398
6
6,2400
6,2401
6
6,2403
6
6,2405
6,2406
6
6,2408
6
6,2410
6,2411
6
6,2413
6
6,2415
6,2416
6
6,2418
6
6,2420
6,2421
6
6,2423
6
14,2435,137
12
12,1083,1070,1601,1028,965,1464,1136,1603,1182,1925,1917,1354,1927,1157,1447,1489,1533,946,1650,591,1468,971,1951,1331,1049,1316,1941,938,1005,646,1155,1939,1186,1180,669,1508,936,2003,1293,1392,1388,410,432,809,1514,1373,902,1281,837,1945,752,1605,1022,774,1371,613,1287,535,1993,1087,1921,942,1669,1199,1390,1663,542,832,1153,1961,1959,1487,1159,1510,1506,1350,1675,1243,1110,1176,963,1995,1472,1222,1449,992,1985,1963,1997,1671,1178,1051,1045,1260,1667,569,1394,1268,975,445,973,950,1955,732,1224,919,1931,1348,1582,1983,721,1415,1024,1535,990,684,1201,1091,1108,1104,1635,1445,967,1512,1043,1491,1567,1933,1565,1665,1085,846,506,1999,1333,1214,1291,1375,1529,1987,1262,1586,710,816,1977,1913,1537,1975,1216,1106,1569,1599,1026,1041,1174,1184,948,1451,1020,1947,421,1310,1989,1396,651,1937,1432,1915,1226,1979,795,1053,1943,1935,906,1633,1356,783,1969,695,790,1531,1527,1929,1411,547,637,1923,923,1965,1413,1957,602,1369,1047,1470,1550,1285,1306,747,763,2007,1991,1329,1335,1417,1289,1430,1967,394,1398,1485,1247,1066,1631,660,1007,904,1552,988,1466,898,823,900,1584,1352,855,1138,1266,468,1283,1151,1949,1123,940,1230,1971,1314,1172,1919,2005,1218,624,1089,485,868,554,1973,1068,969,2001,1245,804,1493,511,1308,944,1228,921,582,1673,1264,403,1981,879,1220,1312,1953,1637,1618,524
12,1654,1679,1032,1455,1095,1251,910,1297,1436,1127,1690,1163,1142,1190,1339,1641,1205,954,1556,1573,979,1609,1421,1057,1518,1360,1011,1320,1074,996,927,1114,889,1379,1272,1476,1234,1590,1402,1622,1541,1497
12,140,176,154,2297,144,2097,2267,2277,142,2377,2217,184,2017,2367,2197,2407,152,198,208,2037,148,202,200,2327,190,166,156,172,170,2107,138,2227,174,2357,2047,206,2237,204,2247,188,2207,146,2317,2167,168,2397,2127,2087,194,2077,2347,2067,160,2057,2307,210,196,216,2337,2157,164,2147,180,150,2187,2257,192,2287,2387,162,186,212,178,2027,182,2137,214,2177,158,2117
12,2112,2252,2020,1009,2362,2320,2382,1588,2102,2270,2420,925,1688,1318,1620,2422,1112,2392,1539,1125,2150,2220,2062,2190,1639,2402,2242,2300,2310,2032,1677,908,2052,2030,2072,2342,2330,2100,2202,2132,1607,2090,2022,2082,2412,2322,1295,2012,1161,977,2182,2212,2410,2312,887,2250,2060,1203,2130,2380,1474,2292,1554,1270,2142,2390,2372,2400,2370,1140,2180,2272,2120,2140,1249,2170,2162,2352,2092,2172,2350,1188,1358,1093,994,1400,1055,2040,952,2050,1495,2160,1516,1434,2232,2042,2360,2010,2280,1652,2200,2230,2122,1030,1337,2290,2070,1571,2210,2152,2110,2302,1232,2282,1419,1072,2080,2260,2222,2340,1453,2332,2262,2192,1377,2240
12,827,610,1304,503,493,825,876,457,707,2055,734,519,425,861,1597,872,1258,1197,1279,558,442,2185,2225,986,961,474,526,1563,2325,806,705,461,2175,2255,537,934,2135,412,2405,677,398,405,427,714,765,690,628,758,472,718,1064,778,2275,630,653,491,2345,2195,2045,729,712,2155,532,434,597,604,573,414,1003,501,2285,1241,2315,701,470,771,489,436,675,2205,1462,1629,857,885,703,742,834,839,606,632,848,2105,657,619,655,865,2145,480,801,530,584,1483,738,499,1018,418,648,797,749,820,429,599,2085,416,1504,1367,626,1039,1212,451,1525,2265,792,440,562,438,588,2245,769,2417,852,2035,896,1149,725,571,2075,2115,760,1580,566,577,666,617,564,841,447,643,1102,1346,608,508,497,776,482,883,2395,1648,639,874,2335,723,1661,664,476,688,697,478,539,423,813,595,870,1616,863,544,859,681,2385,2015,671,1134,727,2375,1327,621,549,716,2095,1386,400,2065,528,586,1170,513,495,1081,829,1443,551,799,2355,736,818,754,515,487,744,449,2305,1121,407,686,2125,699,787,2215,780,615,575,881,843,1548,850,560,453,641,465,593,455,517,2235,579,679,1428,767,2165,811,740,459,2365,673,521,756,785,1409,692,662,463,2295,917,634,556,396,2025
12,1062,1644,1302,913,1208,1147,1132,1426,1323,1627,1479,1166,1561,1195,1342,1100,1077,1275,1695,1544,1684,1441,1277,1382,1682,1130,1300,1239,984,1546,1502,915,1523,1405,1439,1646,1344,1119,1210,1612,1060,1035,1500,1559,1595,930,1365,1145,1237,959,1016,957,1657,1424,1458,932,999,1625,894,1578,1593,1117,1614,1079,1325,1521,1254,1659,1098,1168,1014,1363,1001,1193,1460,1256,1407,1576,1697,1384,982,1481,892,1037
12,1693
12
12,1686,2415
7,2436
15