0
0
0
0
0
0
0
0
0
0
0
0
0
0
0
0
0
0
0
0
0
0
0
0
0
0
0
0
0
0
0
0
0
0
0
0
0
0
0
0
0
0
0
0
0
0
0
0
0
0
0
0
0
0
0
0
0
0
0
0
0
0
0
0
0
0
0
0
0
0,679,1590,1588,714,625,592,337,390,159,694,457,803
0,659,1598,1600,830,177,598,674
0,1610,179,1608,534,847,358,747,779,486,541,407
0,872,732,420,431,742,720,582,1620,1618,652,181
0,669,516,493,752,1630,897,183,1628,381,772,699
0,922,774,664,409,637,1640,1638,185,781
0,792,1648,187,396,495,472,709,1650,383,943,479,757,452,567,536
0,550,529,385,600,433,440,767,506,1658,461,411,398,1660,189,737,976,543
0,400,1013,562,474,552,497,191,722,1668,511,545,1670
0,518,1680,1040,193,610,1678,435,422
0,346,1688,783,642,195,1690,360,557,1059,577
0,1082,647,1698,375,161,1700
0,1708,572,587,463,1710,197,632,1097,520,424
0,657,377,1720,1120,163,684,502,689,1718,788
0,351,1143,484,165,342,1730,762,504,1728
0,167,1738,1740,392,716,370,525,594,1164,605
0,344,169,1748,615,468,1750,1187
0,527,365,429,405,1758,416,1204,1760,171
0,1225,450,445,470,173,1770,1768,596,790,379,356,418
0,727,1780,491,630,1252,175,704,394,718,620,1778,459
0,1446,335,805
0,1145,1189,340,1063,1448
0,1450,349,1147
0,354,851,1452,1065,1231
0,1208,1454,363
0,368,1456,1172
0,901,947,1084,984,1126,1233,373,1458
0,949,1174,1017,811,1460,1256,388,986
0,1462,403,928,853,1210,988
0,1212,1235,414,1042,1464,876,1099
0,427,1466,878,990,1214,1044
0,438,1468,978
0,1470,1237,443
0,1472,951,1239,448
0,813,1101,1258,455,1474,992
0,1476,1191,1019,1241,953,466
0,955,477,1478
0,1480,1149,482,855
0,1260,903,489,1482,957,1021
0,1128,1484,994,500,1151
0,1023,1486,509
0,905,514,1046,1488,1103
0,523,1166,1206,980,1490
0,857,532,1492,959
0,1025,1494,996,539,859
0,1496,998,548,1027
0,555,1498,1067
0,1500,560,1029
0,961,565,1502
0,1504,570,1105
0,575,1506,1069
0,580,1508,880
0,1107,585,1510
0,1168,807,832,1227,1512,590,982
0,603,1514,1176
0,1516,608,1048
0,613,1518,1193
0,1262,1520,618
0,1522,623,815
0,1524,628,1264,1109
0,635,1526,930
0,1528,640,1071
0,645,1530,1086
0,1532,882,650
0,1534,1122,834,655
0,932,662,1536
0,1538,667,907
0,672,836,1540
0,1542,677,817
0,682,1130,1544
0,1132,687,1546
0,692,819,1548
0,1550,697,909
0,1552,702,1266
0,963,1554,707
0,874,1556,1254,1170,1015,809,712
0,725,1268,1558
0,730,884,1560
0,1000,735,1562
0,886,1564,740
0,1566,861,745
0,750,911,1568
0,1570,755,965
0,1572,1153,760
0,1002,765,1574
0,924,899,770,1576
0,777,849,1061,1578,926
0,1124,1580,1229,786,945
1,1808
2,159
2
2,161
2
2,163
2
2,165
2
2,167
2
2,169
2
2,171
2
2,173
2
2,175
2
2,177
2
2,179
2
2,181
2
2,183
2
2,185
2
2,187
2
2,189
2
2,191
2
2,193
2
2,195
2
2,197
2
3,333,1291,336
3,343,345,341,338,1292
3,347,350,1293
3,1294,359,357,352,355
3,364,361,1295
3,366,1296,369
3,371,1297,376,380,374,382,384,378
3,391,1298,399,397,395,393,389,386
3,406,410,401,404,408,1299
3,415,423,412,417,421,1300,419
3,428,434,430,425,432,1301
3,436,1302,439
3,1303,444,441
3,446,451,449,1304
3,462,456,460,453,1305,458
3,467,471,473,464,469,1306
3,478,1307,475
3,483,480,1308,485
3,496,494,490,1309,492,487
3,498,501,503,505,1310
3,507,1311,510
3,512,517,1312,519,515
3,528,524,526,521,1313
3,533,1314,535,530
3,544,1315,537,540,542
3,1316,551,546,549
3,553,556,1317
3,558,1318,561
3,1319,563,566
3,568,1320,571
3,576,1321,573
3,1322,581,578
3,586,1323,583
3,591,593,1324,595,599,597,588
3,601,1325,604
3,1326,606,609
3,611,614,1327
3,616,619,1328
3,1329,624,621
3,629,631,626,1330
3,633,1331,636
3,641,638,1332
3,646,643,1333
3,651,1334,648
3,653,658,1335,656
3,663,1336,660
3,1337,668,665
3,1338,670,673
3,675,1339,678
3,1340,680,683
3,688,1341,685
3,693,690,1342
3,698,1343,695
3,700,1344,703
3,708,705,1345
3,1346,717,710,715,719,713,721
3,726,723,1347
3,1348,731,728
3,1349,736,733
3,741,738,1350
3,746,1351,743
3,748,1352,751
3,1353,753,756
3,761,758,1354
3,766,1355,763
3,1356,773,771,768
3,778,780,782,1357,775
3,1358,791,784,787,789
3,801,1585,797
3,1583,799,794,796
3,266,1360,798,1807,1359,267,800,793,795
3,821,823,1593,826
3,1595,828,824
3,1363,810,822,269,808,802,1361,812,1364,1362,814,818,827,804,820,806,825,816,270
3,843,1603,838,840
3,1605,845,841
3,835,829,272,831,837,1368,1367,833,842,844,839,1366,1365,273
3,863,1613,868,865
3,870,866,1615
3,846,1369,860,869,276,852,867,1372,1370,858,862,1371,848,275,864,856,854,850
3,890,893,1623,888
3,1625,891,895
3,873,1373,1375,1374,881,278,877,894,1376,892,279,885,879,889,883,887,871,875
3,915,1633,913,918
3,920,916,1635
3,898,896,919,1377,1378,904,1379,917,910,282,281,902,1380,912,908,906,900,914
3,939,936,1643,934
3,941,937,1645
3,933,923,285,931,921,927,929,940,938,1382,935,925,284,1384,1383,1381
3,972,967,969,1653
3,974,1655,970
3,1386,1385,962,966,1388,942,960,973,948,954,971,952,288,946,287,956,958,950,964,1387,968,944
3,1006,1009,1663,1004
3,1011,1665,1007
3,1390,291,999,993,981,1391,290,979,1389,995,1003,985,1008,1392,975,997,1010,977,991,987,989,1005,1001,983
3,1031,1033,1673,1036
3,1675,1034,1038
3,1396,1035,1020,1014,1032,1037,1012,1393,1022,1018,1028,1026,1395,294,293,1024,1394,1030,1016
3,1683,1050,1055,1052
3,1053,1685,1057
3,1047,1051,1045,1041,1049,1398,1039,1397,1400,1043,296,1399,1056,1054,297
3,1075,1073,1693,1078
3,1695,1080,1076
3,300,299,1077,1072,1064,1070,1403,1066,1401,1402,1060,1068,1062,1074,1058,1079,1404
3,1093,1088,1090,1703
3,1091,1095,1705
3,1407,1087,1083,1408,303,1094,1092,1085,1081,1405,1089,302,1406
3,1111,1113,1713,1116
3,1118,1114,1715
3,1412,1106,1409,1112,1108,1100,306,1110,305,1117,1098,1410,1102,1411,1096,1115,1104
3,1134,1136,1723,1139
3,1725,1137,1141
3,1119,1140,1416,1414,1415,1129,1133,1123,1135,1125,1131,308,1138,1413,1127,309,1121
3,1155,1733,1160,1157
3,1735,1162,1158
3,311,1152,312,1150,1159,1418,1417,1419,1144,1142,1146,1148,1156,1420,1161,1154
3,1743,1178,1183,1180
3,1181,1745,1185
3,1421,1422,1424,1179,314,1167,1423,315,1169,1184,1173,1171,1165,1175,1182,1177,1163
3,1200,1753,1195,1197
3,1755,1202,1198
3,1194,1188,1428,317,318,1427,1199,1201,1186,1190,1426,1192,1425,1196
3,1216,1763,1221,1218
3,1765,1219,1223
3,1205,1220,1222,1430,320,1215,1217,321,1429,1207,1209,1213,1211,1432,1431,1203
3,1248,1245,1773,1243
3,1246,1250,1775
3,1232,1236,1436,1242,1238,1224,1435,1249,1228,1433,1240,1434,1234,324,1226,1244,1247,1230,323
3,1270,1272,1275,1783
3,1277,1785,1273
3,1438,1269,1253,1267,1251,1255,1265,1437,1440,1259,1257,1261,327,1271,326,1263,1439,1276,1274
3,1793,1288,1284,1281
3,1290,1795,1283
3,1788,1286,1279,1790
3,1287,1289,1280,1278,1444,1441,1285,1443,1282,1442,330,329,331
4,334
4,335
4
4,337
4
4,339
4,340
4
4,342
4
4,344
4
4,346
4
4,348
4,349
4
4,351
4
4,353
4,354
4
4,356
4
4,358
4
4,360
4
4,362
4,363
4
4,365
4
4,367
4,368
4
4,370
4
4,372
4,373
4
4,375
4
4,377
4
4,379
4
4,381
4
4,383
4
4,385
4
4,387
4,388
4
4,390
4
4,392
4
4,394
4
4,396
4
4,398
4
4,400
4
4,402
4,403
4
4,405
4
4,407
4
4,409
4
4,411
4
4,413
4,414
4
4,416
4
4,418
4
4,420
4
4,422
4
4,424
4
4,426
4,427
4
4,429
4
4,431
4
4,433
4
4,435
4
4,437
4,438
4
4,440
4
4,442
4,443
4
4,445
4
4,447
4,448
4
4,450
4
4,452
4
4,454
4,455
4
4,457
4
4,459
4
4,461
4
4,463
4
4,465
4,466
4
4,468
4
4,470
4
4,472
4
4,474
4
4,476
4,477
4
4,479
4
4,481
4,482
4
4,484
4
4,486
4
4,488
4,489
4
4,491
4
4,493
4
4,495
4
4,497
4
4,499
4,500
4
4,502
4
4,504
4
4,506
4
4,508
4,509
4
4,511
4
4,513
4,514
4
4,516
4
4,518
4
4,520
4
4,522
4,523
4
4,525
4
4,527
4
4,529
4
4,531
4,532
4
4,534
4
4,536
4
4,538
4,539
4
4,541
4
4,543
4
4,545
4
4,547
4,548
4
4,550
4
4,552
4
4,554
4,555
4
4,557
4
4,559
4,560
4
4,562
4
4,564
4,565
4
4,567
4
4,569
4,570
4
4,572
4
4,574
4,575
4
4,577
4
4,579
4,580
4
4,582
4
4,584
4,585
4
4,587
4
4,589
4,590
4
4,592
4
4,594
4
4,596
4
4,598
4
4,600
4
4,602
4,603
4
4,605
4
4,607
4,608
4
4,610
4
4,612
4,613
4
4,615
4
4,617
4,618
4
4,620
4
4,622
4,623
4
4,625
4
4,627
4,628
4
4,630
4
4,632
4
4,634
4,635
4
4,637
4
4,639
4,640
4
4,642
4
4,644
4,645
4
4,647
4
4,649
4,650
4
4,652
4
4,654
4,655
4
4,657
4
4,659
4
4,661
4,662
4
4,664
4
4,666
4,667
4
4,669
4
4,671
4,672
4
4,674
4
4,676
4,677
4
4,679
4
4,681
4,682
4
4,684
4
4,686
4,687
4
4,689
4
4,691
4,692
4
4,694
4
4,696
4,697
4
4,699
4
4,701
4,702
4
4,704
4
4,706
4,707
4
4,709
4
4,711
4,712
4
4,714
4
4,716
4
4,718
4
4,720
4
4,722
4
4,724
4,725
4
4,727
4
4,729
4,730
4
4,732
4
4,734
4,735
4
4,737
4
4,739
4,740
4
4,742
4
4,744
4,745
4
4,747
4
4,749
4,750
4
4,752
4
4,754
4,755
4
4,757
4
4,759
4,760
4
4,762
4
4,764
4,765
4
4,767
4
4,769
4,770
4
4,772
4
4,774
4
4,776
4,777
4
4,779
4
4,781
4
4,783
4
4,785
4,786
4
4,788
4
4,790
4
4,792
4
4,794
4
4,796
4,797
4
4,799
4
4,801
4
4,803
4
4,805
4
4,807
4
4,809
4
4,811
4
4,813
4
4,815
4
4,817
4
4,819
4
4,821
4
4,823
4,824
4
4,826
4
4,828
4
4,830
4
4,832
4
4,834
4
4,836
4
4,838
4
4,840
4,841
4
4,843
4
4,845
4
4,847
4
4,849
4
4,851
4
4,853
4
4,855
4
4,857
4
4,859
4
4,861
4
4,863
4
4,865
4,866
4
4,868
4
4,870
4
4,872
4
4,874
4
4,876
4
4,878
4
4,880
4
4,882
4
4,884
4
4,886
4
4,888
4
4,890
4,891
4
4,893
4
4,895
4
4,897
4
4,899
4
4,901
4
4,903
4
4,905
4
4,907
4
4,909
4
4,911
4
4,913
4
4,915
4,916
4
4,918
4
4,920
4
4,922
4
4,924
4
4,926
4
4,928
4
4,930
4
4,932
4
4,934
4
4,936
4,937
4
4,939
4
4,941
4
4,943
4
4,945
4
4,947
4
4,949
4
4,951
4
4,953
4
4,955
4
4,957
4
4,959
4
4,961
4
4,963
4
4,965
4
4,967
4
4,969
4,970
4
4,972
4
4,974
4
4,976
4
4,978
4
4,980
4
4,982
4
4,984
4
4,986
4
4,988
4
4,990
4
4,992
4
4,994
4
4,996
4
4,998
4
4,1000
4
4,1002
4
4,1004
4
4,1006
4,1007
4
4,1009
4
4,1011
4
4,1013
4
4,1015
4
4,1017
4
4,1019
4
4,1021
4
4,1023
4
4,1025
4
4,1027
4
4,1029
4
4,1031
4
4,1033
4,1034
4
4,1036
4
4,1038
4
4,1040
4
4,1042
4
4,1044
4
4,1046
4
4,1048
4
4,1050
4
4,1052
4,1053
4
4,1055
4
4,1057
4
4,1059
4
4,1061
4
4,1063
4
4,1065
4
4,1067
4
4,1069
4
4,1071
4
4,1073
4
4,1075
4,1076
4
4,1078
4
4,1080
4
4,1082
4
4,1084
4
4,1086
4
4,1088
4
4,1090
4,1091
4
4,1093
4
4,1095
4
4,1097
4
4,1099
4
4,1101
4
4,1103
4
4,1105
4
4,1107
4
4,1109
4
4,1111
4
4,1113
4,1114
4
4,1116
4
4,1118
4
4,1120
4
4,1122
4
4,1124
4
4,1126
4
4,1128
4
4,1130
4
4,1132
4
4,1134
4
4,1136
4,1137
4
4,1139
4
4,1141
4
4,1143
4
4,1145
4
4,1147
4
4,1149
4
4,1151
4
4,1153
4
4,1155
4
4,1157
4,1158
4
4,1160
4
4,1162
4
4,1164
4
4,1166
4
4,1168
4
4,1170
4
4,1172
4
4,1174
4
4,1176
4
4,1178
4
4,1180
4,1181
4
4,1183
4
4,1185
4
4,1187
4
4,1189
4
4,1191
4
4,1193
4
4,1195
4
4,1197
4,1198
4
4,1200
4
4,1202
4
4,1204
4
4,1206
4
4,1208
4
4,1210
4
4,1212
4
4,1214
4
4,1216
4
4,1218
4,1219
4
4,1221
4
4,1223
4
4,1225
4
4,1227
4
4,1229
4
4,1231
4
4,1233
4
4,1235
4
4,1237
4
4,1239
4
4,1241
4
4,1243
4
4,1245
4,1246
4
4,1248
4
4,1250
4
4,1252
4
4,1254
4
4,1256
4
4,1258
4
4,1260
4
4,1262
4
4,1264
4
4,1266
4
4,1268
4
4,1270
4
4,1272
4,1273
4
4,1275
4
4,1277
4
4,1279
4
4,1281
4
4,1283
4,1284
4
4,1286
4
4,1288
4
4,1290
4
5,1445
5,1447
5,1449
5,1451
5,1453
5,1455
5,1457
5,1459
5,1461
5,1463
5,1465
5,1467
5,1469
5,1471
5,1473
5,1475
5,1477
5,1479
5,1481
5,1483
5,1485
5,1487
5,1489
5,1491
5,1493
5,1495
5,1497
5,1499
5,1501
5,1503
5,1505
5,1507
5,1509
5,1511
5,1513
5,1515
5,1517
5,1519
5,1521
5,1523
5,1525
5,1527
5,1529
5,1531
5,1533
5,1535
5,1537
5,1539
5,1541
5,1543
5,1545
5,1547
5,1549
5,1551
5,1553
5,1555
5,1557
5,1559
5,1561
5,1563
5,1565
5,1567
5,1569
5,1571
5,1573
5,1575
5,1577
5,1579
5,1581
5,1584
5,1586
5,1589
5,1591
5,1594
5,1596
5,1599
5,1601
5,1604
5,1606
5,1609
5,1611
5,1614
5,1616
5,1619
5,1621
5,1624
5,1626
5,1629
5,1631
5,1634
5,1636
5,1639
5,1641
5,1644
5,1646
5,1649
5,1651
5,1654
5,1656
5,1659
5,1661
5,1664
5,1666
5,1669
5,1671
5,1674
5,1676
5,1679
5,1681
5,1684
5,1686
5,1689
5,1691
5,1694
5,1696
5,1699
5,1701
5,1704
5,1706
5,1709
5,1711
5,1714
5,1716
5,1719
5,1721
5,1724
5,1726
5,1729
5,1731
5,1734
5,1736
5,1739
5,1741
5,1744
5,1746
5,1749
5,1751
5,1754
5,1756
5,1759
5,1761
5,1764
5,1766
5,1769
5,1771
5,1774
5,1776
5,1779
5,1781
5,1784
5,1786
5,1789
5,1791
5,1794
6,1446
6
6,1448
6
6,1450
6
6,1452
6
6,1454
6
6,1456
6
6,1458
6
6,1460
6
6,1462
6
6,1464
6
6,1466
6
6,1468
6
6,1470
6
6,1472
6
6,1474
6
6,1476
6
6,1478
6
6,1480
6
6,1482
6
6,1484
6
6,1486
6
6,1488
6
6,1490
6
6,1492
6
6,1494
6
6,1496
6
6,1498
6
6,1500
6
6,1502
6
6,1504
6
6,1506
6
6,1508
6
6,1510
6
6,1512
6
6,1514
6
6,1516
6
6,1518
6
6,1520
6
6,1522
6
6,1524
6
6,1526
6
6,1528
6
6,1530
6
6,1532
6
6,1534
6
6,1536
6
6,1538
6
6,1540
6
6,1542
6
6,1544
6
6,1546
6
6,1548
6
6,1550
6
6,1552
6
6,1554
6
6,1556
6
6,1558
6
6,1560
6
6,1562
6
6,1564
6
6,1566
6
6,1568
6
6,1570
6
6,1572
6
6,1574
6
6,1576
6
6,1578
6
6,1580
6
6,1582
6,1583
6
6,1585
6
6,1587
6,1588
6
6,1590
6
6,1592
6,1593
6
6,1595
6
6,1597
6,1598
6
6,1600
6
6,1602
6,1603
6
6,1605
6
6,1607
6,1608
6
6,1610
6
6,1612
6,1613
6
6,1615
6
6,1617
6,1618
6
6,1620
6
6,1622
6,1623
6
6,1625
6
6,1627
6,1628
6
6,1630
6
6,1632
6,1633
6
6,1635
6
6,1637
6,1638
6
6,1640
6
6,1642
6,1643
6
6,1645
6
6,1647
6,1648
6
6,1650
6
6,1652
6,1653
6
6,1655
6
6,1657
6,1658
6
6,1660
6
6,1662
6,1663
6
6,1665
6
6,1667
6,1668
6
6,1670
6
6,1672
6,1673
6
6,1675
6
6,1677
6,1678
6
6,1680
6
6,1682
6,1683
6
6,1685
6
6,1687
6,1688
6
6,1690
6
6,1692
6,1693
6
6,1695
6
6,1697
6,1698
6
6,1700
6
6,1702
6,1703
6
6,1705
6
6,1707
6,1708
6
6,1710
6
6,1712
6,1713
6
6,1715
6
6,1717
6,1718
6
6,1720
6
6,1722
6,1723
6
6,1725
6
6,1727
6,1728
6
6,1730
6
6,1732
6,1733
6
6,1735
6
6,1737
6,1738
6
6,1740
6
6,1742
6,1743
6
6,1745
6
6,1747
6,1748
6
6,1750
6
6,1752
6,1753
6
6,1755
6
6,1757
6,1758
6
6,1760
6
6,1762
6,1763
6
6,1765
6
6,1767
6,1768
6
6,1770
6
6,1772
6,1773
6
6,1775
6
6,1777
6,1778
6
6,1780
6
6,1782
6,1783
6
6,1785
6
6,1787
6,1788
6
6,1790
6
6,1792
6,1793
6
6,1795
6
14,157,1807
12
12,1167,1555,1543,1169,952,754,985,1457,1449,854,954,962,686,1459,979,833,1226,481,1483,1549,1567,1473,1557,1152,522,749,925,1471,547,1062,1535,764,902,898,362,1121,1207,989,987,1068,877,724,649,1477,1192,960,1018,584,1171,1559,602,875,499,1028,931,437,1129,1525,1453,1565,900,671,739,442,644,1493,1491,1043,1064,1060,729,1232,850,1265,983,1527,981,785,1165,701,1517,589,1495,1561,1529,1150,1485,814,1257,465,904,1577,1108,367,1125,706,1487,860,1001,1238,1026,1014,666,997,999,574,1463,848,1551,1569,995,634,1515,569,1190,1236,554,1209,1547,1041,1205,759,977,769,1104,1465,1537,1255,654,402,1531,879,908,1085,1519,1148,564,1509,1445,858,1571,1507,1253,1102,1173,1146,1479,1575,927,958,1123,835,1521,881,531,1469,946,1447,353,1511,617,1230,1127,1475,1467,856,607,1501,1100,948,559,612,711,1083,1461,956,447,1240,513,1455,744,1497,1489,488,873,885,1541,734,348,627,696,1020,1098,681,804,639,1267,818,579,1070,1539,1523,1234,929,1213,1553,1499,334,1188,691,1211,538,852,1573,1016,1022,923,661,950,676,372,1563,1144,1481,991,1228,810,1131,1503,964,1263,1259,1513,1024,812,1451,910,508,816,883,387,1106,454,1505,1066,1533,1261,1047,622,413,993,806,1545,906,476,831,339,1175,808,944,776,1579,426,1045
12,1271,1196,1074,864,1179,1156,1112,1005,889,822,1032,935,968,1051,914,1244,1089,1217,839,1282,1135,795
12,160,196,174,1669,164,1639,1649,162,1749,1589,1779,172,168,1699,1629,186,176,192,1609,190,158,1599,194,1729,1619,166,188,1689,1769,1719,180,1679,184,170,1659,1759,1739,182,1709,178
12,1242,1722,1692,933,1744,1784,1702,1110,1754,1269,1280,1604,1794,887,793,1584,1774,1682,1714,1734,1642,1177,1742,1694,1602,1782,1684,1752,862,1764,1664,1762,1772,1644,1003,1724,1652,1215,1594,1704,1614,1154,1592,1672,820,1030,1732,1049,1133,1624,1674,837,1662,1792,966,1087,912,1194,1622,1654,1632,1712,1634,1582,1072,1612
12,496,802,395,641,942,576,421,357,1163,715,1203,492,458,766,693,703,378,708,428,1119,624,1627,439,350,1637,1777,341,359,364,591,376,756,787,1647,533,393,780,1186,566,434,1597,490,668,1251,1657,1687,374,597,391,1012,721,663,688,1667,646,651,698,746,656,761,505,771,528,384,432,478,1039,535,524,526,619,581,410,1058,731,871,510,1697,1081,614,462,406,1617,595,683,1789,467,544,1142,473,503,369,519,741,846,494,404,1717,399,604,1224,515,717,571,542,380,561,382,719,355,631,485,778,444,1757,549,1747,829,449,408,1737,430,415,678,397,726,975,451,713,469,1727,636,586,417,389,773,1096,1677,343,556,1587,501,471,673,1767,789,658,460,517,483,419,1607,593,629,736,782,551,751,423,599,345,896,791,609,921,1707,540,336,456
12,938,844,1115,1222,1274,1008,1056,1199,825,1140,1289,1010,1054,894,1220,1287,827,1117,798,919,1249,940,892,1159,800,1161,1182,1092,1035,842,867,1077,971,1094,1037,1201,1138,1247,1079,973,1276,917,869,1184
12,1285
12
12,1278,1787
7,1808
15