0
0
0
0
0
0
0
0
0
0
0
0
0
0
0
0
0
0
0
0
0
0
0
0
0
0
0
0
0
0
0
0
0
0,312,395,1028,261,1030,79,303
0,1040,281,97,1038,268,358,412
0,270,99,1048,429,1050
0,1058,442,378,101,272,1060
0,1068,103,283,380,457,1070
0,1078,369,1080,105,472,285
0,107,320,487,1088,1090
0,1100,500,1098,287,109
0,1110,1108,111,342,513
0,526,1120,1118,113,360
0,1130,115,539,333,1128
0,552,327,81,263,1140,1138
0,322,567,117,1148,1150
0,1160,1158,371,580,119
0,121,593,335,1168,1170
0,1178,123,274,606,1180
0,125,1190,619,1188,344
0,1200,382,632,127,1198
0,645,1210,362,129,1208
0,296,1218,1220,658,131
0,384,1230,1228,133,671
0,135,289,1240,1238,684
0,305,329,83,697,1248,314,1250
0,1258,298,714,137,1260
0,1268,1270,139,307,727
0,1278,740,141,276,1280
0,1290,85,753,340,331,316,1288
0,87,318,1298,770,1300
0,783,294,89,1308,1310
0,349,1318,1320,796,354,91
0,1330,93,1328,376,811,356
0,1340,826,95,1338,367
0,554,998,259,397
0,742,431,446,608,266,1000,416
0,1002,418,279,502,461,686,476
0,660,292,785,1004,716
0,399,729,1006,301,699
0,1008,569,401,755,701,489,310,772
0,595,325,1010,541,757,556,703
0,759,515,1012,338,621
0,1014,798,347
0,414,352,813,647,800,1016,528
0,828,582,474,365,1018
0,1020,374,673,444,634,459,815
1,1368
2,79
2
2,81
2
2,83
2
2,85
2
2,87
2
2,89
2
2,91
2
2,93
2
2,95
2
2,97
2
2,99
2
2,101
2
2,103
2
2,105
2
2,107
2
2,109
2
2,111
2
2,113
2
2,115
2
2,117
2
2,119
2
2,121
2
2,123
2
2,125
2
2,127
2
2,129
2
2,131
2
2,133
2
2,135
2
2,137
2
2,139
2
2,141
2
3,262,851,257,260
3,273,269,275,271,267,264,852
3,277,286,288,280,282,284,853
3,854,295,290,293,297
3,304,306,299,302,855
3,317,856,313,319,315,308,311,321
3,857,328,332,323,334,330,326
3,336,343,339,341,858
3,345,348,859
3,357,361,350,860,359,353,355
3,861,363,366,368,370
3,383,372,379,377,381,862,375
3,393,389,1025
3,386,391,1023,388
3,387,385,863,392,390,155,1367,864,154
3,405,403,408,1033
3,410,1035,406
3,865,409,400,402,394,404,866,868,867,398,157,158,407,396
3,1043,425,422,420
3,423,1045,427
3,424,417,870,421,869,413,411,419,160,872,426,871,415,161
3,433,435,438,1053
3,1055,436,440
3,428,876,875,430,434,163,164,432,439,874,437,873
3,453,450,448,1063
3,455,1065,451
3,879,880,454,447,443,452,166,445,449,441,167,878,877
3,463,468,1073,465
3,466,1075,470
3,882,456,883,469,884,462,169,458,467,464,881,460,170
3,1083,483,478,480
3,485,1085,481
3,885,886,484,473,887,888,477,173,475,479,471,172,482
3,491,493,1093,496
3,1095,494,498
3,889,488,490,892,495,890,492,486,176,175,891,497
3,509,506,504,1103
3,507,511,1105
3,894,893,499,510,896,505,503,895,179,508,178,501
3,1113,522,519,517
3,1115,520,524
3,516,514,521,897,512,181,518,898,523,182,900,899
3,1123,535,530,532
3,533,1125,537
3,525,904,529,185,531,901,536,534,903,527,902,184
3,1133,543,548,545
3,1135,546,550
3,544,906,188,540,908,549,905,907,187,538,547,542
3,560,563,558,1143
3,561,1145,565
3,557,910,553,190,551,564,559,555,562,911,912,909,191
3,576,1153,571,573
3,1155,574,578
3,194,915,913,575,916,572,566,570,193,577,914,568
3,589,584,586,1163
3,1165,591,587
3,196,590,917,918,588,581,919,585,579,583,920,197
3,1173,597,602,599
3,1175,604,600
3,594,598,592,601,924,199,922,923,200,603,596,921
3,610,615,612,1183
3,1185,613,617
3,605,202,927,203,607,926,609,614,928,616,611,925
3,1193,623,628,625
3,630,1195,626
3,206,931,629,205,622,932,618,929,930,624,620,627
3,636,1203,641,638
3,639,1205,643
3,637,631,635,935,208,933,642,640,936,934,209,633
3,1213,654,651,649
3,656,1215,652
3,937,648,646,211,653,940,939,644,212,655,650,938
3,664,667,662,1223
3,669,665,1225
3,944,941,661,666,657,942,214,943,659,668,215,663
3,675,1233,680,677
3,678,1235,682
3,217,679,672,945,670,948,946,674,676,218,947,681
3,688,693,1243,690
3,1245,695,691
3,221,685,687,952,220,950,692,683,689,949,694,951
3,710,707,1253,705
3,712,708,1255
3,696,700,711,702,224,223,704,953,956,709,955,698,954,706
3,1263,720,723,718
3,721,1265,725
3,958,724,957,960,717,713,226,959,227,722,719,715
3,736,733,731,1273
3,1275,734,738
3,963,726,961,964,229,737,735,732,730,728,962,230
3,1283,744,749,746
3,747,1285,751
3,748,233,966,745,741,967,232,965,743,739,750,968
3,761,766,763,1293
3,768,764,1295
3,765,756,752,972,762,754,969,767,758,971,760,970,235,236
3,779,774,1303,776
3,781,1305,777
3,974,976,239,973,778,769,238,780,775,975,771,773
3,787,792,789,1313
3,794,1315,790
3,977,791,788,793,980,978,784,786,241,242,782,979
3,807,802,804,1323
3,805,809,1325
3,803,795,245,983,797,808,801,806,984,799,981,982,244
3,817,1333,822,819
3,820,824,1335
3,988,248,985,812,987,247,986,816,821,810,823,818,814
3,832,830,835,1343
3,833,837,1345
3,990,991,831,829,989,992,251,825,836,250,827,834
3,1353,848,841,844
3,843,1355,850
3,846,1348,1350,839
3,847,840,254,845,838,255,849,842,996,993,995,253,994
4,258
4,259
4
4,261
4
4,263
4
4,265
4,266
4
4,268
4
4,270
4
4,272
4
4,274
4
4,276
4
4,278
4,279
4
4,281
4
4,283
4
4,285
4
4,287
4
4,289
4
4,291
4,292
4
4,294
4
4,296
4
4,298
4
4,300
4,301
4
4,303
4
4,305
4
4,307
4
4,309
4,310
4
4,312
4
4,314
4
4,316
4
4,318
4
4,320
4
4,322
4
4,324
4,325
4
4,327
4
4,329
4
4,331
4
4,333
4
4,335
4
4,337
4,338
4
4,340
4
4,342
4
4,344
4
4,346
4,347
4
4,349
4
4,351
4,352
4
4,354
4
4,356
4
4,358
4
4,360
4
4,362
4
4,364
4,365
4
4,367
4
4,369
4
4,371
4
4,373
4,374
4
4,376
4
4,378
4
4,380
4
4,382
4
4,384
4
4,386
4
4,388
4,389
4
4,391
4
4,393
4
4,395
4
4,397
4
4,399
4
4,401
4
4,403
4
4,405
4,406
4
4,408
4
4,410
4
4,412
4
4,414
4
4,416
4
4,418
4
4,420
4
4,422
4,423
4
4,425
4
4,427
4
4,429
4
4,431
4
4,433
4
4,435
4,436
4
4,438
4
4,440
4
4,442
4
4,444
4
4,446
4
4,448
4
4,450
4,451
4
4,453
4
4,455
4
4,457
4
4,459
4
4,461
4
4,463
4
4,465
4,466
4
4,468
4
4,470
4
4,472
4
4,474
4
4,476
4
4,478
4
4,480
4,481
4
4,483
4
4,485
4
4,487
4
4,489
4
4,491
4
4,493
4,494
4
4,496
4
4,498
4
4,500
4
4,502
4
4,504
4
4,506
4,507
4
4,509
4
4,511
4
4,513
4
4,515
4
4,517
4
4,519
4,520
4
4,522
4
4,524
4
4,526
4
4,528
4
4,530
4
4,532
4,533
4
4,535
4
4,537
4
4,539
4
4,541
4
4,543
4
4,545
4,546
4
4,548
4
4,550
4
4,552
4
4,554
4
4,556
4
4,558
4
4,560
4,561
4
4,563
4
4,565
4
4,567
4
4,569
4
4,571
4
4,573
4,574
4
4,576
4
4,578
4
4,580
4
4,582
4
4,584
4
4,586
4,587
4
4,589
4
4,591
4
4,593
4
4,595
4
4,597
4
4,599
4,600
4
4,602
4
4,604
4
4,606
4
4,608
4
4,610
4
4,612
4,613
4
4,615
4
4,617
4
4,619
4
4,621
4
4,623
4
4,625
4,626
4
4,628
4
4,630
4
4,632
4
4,634
4
4,636
4
4,638
4,639
4
4,641
4
4,643
4
4,645
4
4,647
4
4,649
4
4,651
4,652
4
4,654
4
4,656
4
4,658
4
4,660
4
4,662
4
4,664
4,665
4
4,667
4
4,669
4
4,671
4
4,673
4
4,675
4
4,677
4,678
4
4,680
4
4,682
4
4,684
4
4,686
4
4,688
4
4,690
4,691
4
4,693
4
4,695
4
4,697
4
4,699
4
4,701
4
4,703
4
4,705
4
4,707
4,708
4
4,710
4
4,712
4
4,714
4
4,716
4
4,718
4
4,720
4,721
4
4,723
4
4,725
4
4,727
4
4,729
4
4,731
4
4,733
4,734
4
4,736
4
4,738
4
4,740
4
4,742
4
4,744
4
4,746
4,747
4
4,749
4
4,751
4
4,753
4
4,755
4
4,757
4
4,759
4
4,761
4
4,763
4,764
4
4,766
4
4,768
4
4,770
4
4,772
4
4,774
4
4,776
4,777
4
4,779
4
4,781
4
4,783
4
4,785
4
4,787
4
4,789
4,790
4
4,792
4
4,794
4
4,796
4
4,798
4
4,800
4
4,802
4
4,804
4,805
4
4,807
4
4,809
4
4,811
4
4,813
4
4,815
4
4,817
4
4,819
4,820
4
4,822
4
4,824
4
4,826
4
4,828
4
4,830
4
4,832
4,833
4
4,835
4
4,837
4
4,839
4
4,841
4
4,843
4,844
4
4,846
4
4,848
4
4,850
4
5,997
5,999
5,1001
5,1003
5,1005
5,1007
5,1009
5,1011
5,1013
5,1015
5,1017
5,1019
5,1021
5,1024
5,1026
5,1029
5,1031
5,1034
5,1036
5,1039
5,1041
5,1044
5,1046
5,1049
5,1051
5,1054
5,1056
5,1059
5,1061
5,1064
5,1066
5,1069
5,1071
5,1074
5,1076
5,1079
5,1081
5,1084
5,1086
5,1089
5,1091
5,1094
5,1096
5,1099
5,1101
5,1104
5,1106
5,1109
5,1111
5,1114
5,1116
5,1119
5,1121
5,1124
5,1126
5,1129
5,1131
5,1134
5,1136
5,1139
5,1141
5,1144
5,1146
5,1149
5,1151
5,1154
5,1156
5,1159
5,1161
5,1164
5,1166
5,1169
5,1171
5,1174
5,1176
5,1179
5,1181
5,1184
5,1186
5,1189
5,1191
5,1194
5,1196
5,1199
5,1201
5,1204
5,1206
5,1209
5,1211
5,1214
5,1216
5,1219
5,1221
5,1224
5,1226
5,1229
5,1231
5,1234
5,1236
5,1239
5,1241
5,1244
5,1246
5,1249
5,1251
5,1254
5,1256
5,1259
5,1261
5,1264
5,1266
5,1269
5,1271
5,1274
5,1276
5,1279
5,1281
5,1284
5,1286
5,1289
5,1291
5,1294
5,1296
5,1299
5,1301
5,1304
5,1306
5,1309
5,1311
5,1314
5,1316
5,1319
5,1321
5,1324
5,1326
5,1329
5,1331
5,1334
5,1336
5,1339
5,1341
5,1344
5,1346
5,1349
5,1351
5,1354
6,998
6
6,1000
6
6,1002
6
6,1004
6
6,1006
6
6,1008
6
6,1010
6
6,1012
6
6,1014
6
6,1016
6
6,1018
6
6,1020
6
6,1022
6,1023
6
6,1025
6
6,1027
6,1028
6
6,1030
6
6,1032
6,1033
6
6,1035
6
6,1037
6,1038
6
6,1040
6
6,1042
6,1043
6
6,1045
6
6,1047
6,1048
6
6,1050
6
6,1052
6,1053
6
6,1055
6
6,1057
6,1058
6
6,1060
6
6,1062
6,1063
6
6,1065
6
6,1067
6,1068
6
6,1070
6
6,1072
6,1073
6
6,1075
6
6,1077
6,1078
6
6,1080
6
6,1082
6,1083
6
6,1085
6
6,1087
6,1088
6
6,1090
6
6,1092
6,1093
6
6,1095
6
6,1097
6,1098
6
6,1100
6
6,1102
6,1103
6
6,1105
6
6,1107
6,1108
6
6,1110
6
6,1112
6,1113
6
6,1115
6
6,1117
6,1118
6
6,1120
6
6,1122
6,1123
6
6,1125
6
6,1127
6,1128
6
6,1130
6
6,1132
6,1133
6
6,1135
6
6,1137
6,1138
6
6,1140
6
6,1142
6,1143
6
6,1145
6
6,1147
6,1148
6
6,1150
6
6,1152
6,1153
6
6,1155
6
6,1157
6,1158
6
6,1160
6
6,1162
6,1163
6
6,1165
6
6,1167
6,1168
6
6,1170
6
6,1172
6,1173
6
6,1175
6
6,1177
6,1178
6
6,1180
6
6,1182
6,1183
6
6,1185
6
6,1187
6,1188
6
6,1190
6
6,1192
6,1193
6
6,1195
6
6,1197
6,1198
6
6,1200
6
6,1202
6,1203
6
6,1205
6
6,1207
6,1208
6
6,1210
6
6,1212
6,1213
6
6,1215
6
6,1217
6,1218
6
6,1220
6
6,1222
6,1223
6
6,1225
6
6,1227
6,1228
6
6,1230
6
6,1232
6,1233
6
6,1235
6
6,1237
6,1238
6
6,1240
6
6,1242
6,1243
6
6,1245
6
6,1247
6,1248
6
6,1250
6
6,1252
6,1253
6
6,1255
6
6,1257
6,1258
6
6,1260
6
6,1262
6,1263
6
6,1265
6
6,1267
6,1268
6
6,1270
6
6,1272
6,1273
6
6,1275
6
6,1277
6,1278
6
6,1280
6
6,1282
6,1283
6
6,1285
6
6,1287
6,1288
6
6,1290
6
6,1292
6,1293
6
6,1295
6
6,1297
6,1298
6
6,1300
6
6,1302
6,1303
6
6,1305
6
6,1307
6,1308
6
6,1310
6
6,1312
6,1313
6
6,1315
6
6,1317
6,1318
6
6,1320
6
6,1322
6,1323
6
6,1325
6
6,1327
6,1328
6
6,1330
6
6,1332
6,1333
6
6,1335
6
6,1337
6,1338
6
6,1340
6
6,1342
6,1343
6
6,1345
6
6,1347
6,1348
6
6,1350
6
6,1352
6,1353
6
6,1355
6
14,77,1367
12
12,1009,1001,702,1011,685,417,300,700,812,756,540,373,1005,771,620,445,568,413,741,458,827,309,646,398,473,553,1015,514,799,460,814,1017,346,997,672,698,999,291,1019,784,1013,555,607,1007,758,633,278,396,797,754,715,400,258,430,594,527,324,415,1003,581,337,488,728,659,475,351,265,501,443,364
12,818,842,479,831,745,544,775,719,421,663,449,637,531,585,598,464,505,732,404,706,387,572,762,803,788,689,624,611,518,492,559,434,650,676
12,1049,80,116,94,84,82,1069,124,1289,128,1259,1089,92,138,88,1299,1119,1269,1209,1219,1099,1249,140,1039,1109,130,1239,1229,106,96,1199,112,110,78,114,1159,1339,1169,1129,1279,1329,1309,1139,86,108,134,1319,100,136,1029,1179,104,120,90,132,1059,1079,102,126,1189,118,122,1149,98
12,419,1034,1314,1244,1102,1274,635,773,1154,1032,1254,596,1152,1162,1194,1342,1272,1224,1322,503,1122,1264,490,661,1344,609,1114,1024,1262,1022,1354,1052,1284,1332,1184,385,529,1334,1324,1084,462,648,402,1132,1062,542,704,1142,622,1172,829,1232,743,516,557,1292,760,1294,840,1124,801,1204,1212,1312,1074,687,1352,1092,717,1302,1304,816,1104,1072,447,1242,477,570,730,1192,1282,1182,1234,1252,583,1144,1222,1094,1112,1202,674,1044,1064,786,1054,1134,1174,1042,1082,1164,432,1214
12,605,1147,321,1177,383,313,359,295,1037,1207,1137,1087,330,366,1107,334,782,795,375,1047,1197,280,317,262,1277,267,297,302,1287,381,328,471,273,343,592,696,282,538,326,1167,551,726,304,670,394,1317,370,657,1057,286,284,411,1077,1187,1217,683,1127,315,1117,357,1267,512,486,1027,1067,456,379,311,348,1237,752,769,332,1247,377,293,1297,1227,810,1307,368,1327,428,631,644,1257,353,566,618,355,339,825,269,1097,739,341,499,1349,319,1157,713,275,361,525,306,271,579,288,1337,441,260
12,642,765,614,793,590,409,523,484,482,748,780,668,722,767,653,426,737,521,601,692,439,549,849,627,806,616,834,629,454,655,709,495,469,588,778,392,679,437,724,508,823,547,390,603,681,510,497,821,750,467,562,452,711,847,424,836,407,640,577,808,694,735,536,575,666,564,534,791
12,845
12
12,838,1347
7,1368
15