0
0
0
0
0
0
0
0
0
0
0
0
0
0
0
0
0
0
0
0
0
0
0
0
0
0
0
0
0
0
0
0
0
0
0
0
0
0
0
0
0
0
0
0
0
0
0
0
0
0
0
0
0
0
0
0
0
0
0
0
0
0
0
0
0
0
0
0
0
0,179,755,2442,2440,501,457,604,1139
0,505,2450,2452,1158,197,632,761,524,492,961
0,470,690,619,2462,199,823,2460,1181
0,1111,1200,983,692,2472,963,2470,507,565,201
0,567,703,649,666,1042,2482,825,576,1223,203,537,509,2480,472,606
0,1256,694,1100,1126,2492,2490,681,205
0,2500,621,207,2502,1275,539,483,1044
0,998,578,1294,1046,2510,474,965,651,2512,1102,209
0,1319,623,211,2520,634,511,552,1071,2522
0,2532,2530,770,541,808,1340,746,213,763,1128,580
0,2540,476,526,485,215,2542,967,625,801,1365
0,1051,2550,1388,2552,181
0,2560,1113,969,2562,1401,217,608
0,1013,683,554,1061,668,2570,653,913,1418,219,2572,593,1025
0,494,221,1447,1027,845,2582,2580,993
0,1466,670,223,2592,1115,880,2590,636,779,827,1003,765,528,705
0,810,225,2602,672,543,685,2600,865,513,627,1497
0,2610,478,847,227,696,1522,2612,707
0,709,515,1541,2620,1008,582,655,595,229,2622,556
0,1566,2630,674,803,772,569,2632,231
0,720,584,849,829,899,781,545,2640,2642,233,890,1029,1585
0,235,2650,1086,812,597,892,1117,971,722,774,1614,2652
0,503,821,2662,533,183,550,563,729,922,459,591,490,1038,957,1641,2660
0,733,1093,1676,2670,237,1076,2672,867,908,836,851
0,783,853,711,1701,496,860,735,676,976,239,2682,948,517,1031,2680
0,901,724,241,1734,2692,2690,748
0,243,1751,855,2700,792,2702,932,657,737,937
0,794,2710,245,750,915,1774,1088,939,838,2712,638,831
0,247,558,2720,713,796,1801,869,586,463,2722,599,785
0,2732,2730,640,978,917,1828,941,715,739,249
0,871,950,1851,2740,2742,251
0,253,1081,903,659,2750,1866,2752,814
0,1066,943,255,952,1885,741,1119,816,927,2762,2760,894
0,185,988,1107,2770,1912,535,2772,613,647
0,1933,2782,257,2780,1018,1033,840,642,885
0,2790,187,1954,757,2792,1056,615,461
0,574,189,701,468,2800,876,1973,2802
0,1109,1992,2812,2810,959,1124,878,191
0,2011,2820,193,2822,522,759,1023,664
0,617,1098,1040,790,2832,2030,195,731,2830
0,1803,1956,2298,1643,455,1141
0,1302,1524,1183,466,1369,2300,1229,1977
0,2302,1279,1371,481
0,1449,488,1164,1649,2304,1703
0,1231,1499,2306,1705,1206,1651,1166,1543,1321,1147,499
0,520,2308,1373,2015,1168,1474
0,1233,1916,1281,1653,1501,1346,531,2310,1587
0,1805,1323,1420,2312,1545,1655,548
0,1657,1235,2314,561,1208,1568
0,1979,572,1589,1304,1547,1237,1348,2316,1807
0,589,2318,1620,1809,1659,1549,1422
0,1143,1403,602,2320,1225
0,2322,1918,1283,1503,1185,1325,611,1960,2036,1375
0,1830,2324,1776,1170,1935,1327,1476,630
0,1306,1920,1868,1424,1753,1239,1551,645,2326
0,2328,2017,1241,1505,1478,1426,1570,1707,662
0,1428,679,2330,1262,1507
0,2332,1526,688,1187,1264,1210
0,699,2334,1981,1553,1528,1832,1709,1243,1811,1480
0,1591,1622,2336,1736,718
0,1711,727,1661,2038,1834,1889,1678,2338,1755
0,1350,1738,744,1778,2340
0,1958,753,1468,1342,1160,2013,2342,1145
0,1352,1624,768,1572,2344
0,1713,2346,1813,1482,777,1593
0,2348,2040,1780,788,1815,1757
0,1377,799,1574,2350
0,1870,1626,2352,806,1509,1354,1891
0,1245,1782,2354,1595,819,1663,1484,1189
0,1784,2356,1937,834,1680
0,1715,1451,1530,1682,843,1597,2358,1759
0,1717,858,2360
0,1684,863,2362,1817,1511,1853
0,1470,1994,1975,2364,874
0,883,2366,1939
0,2368,888,1893,1628,1599
0,897,1872,1740,1601,2370
0,1686,2372,906
0,2374,1836,911,1786,1430
0,2376,920,1665
0,925,2378,1895
0,1761,2380,930
0,935,2382,1763,1897,1788,1838
0,1899,946,1855,2384,1719
0,1616,1202,1296,2386,1996,1405,1162,955,1367,1645
0,974,1721,2388,1840
0,1212,2390,981
0,986,1922,2392
0,2394,991,1453
0,996,1308,2396
0,1001,1486,2398
0,1555,1006,2400
0,1432,2402,1011
0,2404,1016,1941
0,1434,1943,2406,1455,1723,1021,2019,1603
0,2408,1277,1298,1227,2032,1036,1647
0,1049,1390,2410
0,1962,1054,2412
0,1436,1059,2414
0,1901,2416,1064
0,2418,1329,1069
0,1074,1688,2420
0,2422,1079,1874
0,1630,2424,1790,1084
0,1690,1091,2426
0,1300,1258,2034,1096,2428
0,1105,1914,1887,1204,1407,2430,1472,1618,1998
0,1260,2432,2000,1122,1344
1,2860
2,179
2
2,181
2
2,183
2
2,185
2
2,187
2
2,189
2
2,191
2
2,193
2
2,195
2
2,197
2
2,199
2
2,201
2
2,203
2
2,205
2
2,207
2
2,209
2
2,211
2
2,213
2
2,215
2
2,217
2
2,219
2
2,221
2
2,223
2
2,225
2
2,227
2
2,229
2
2,231
2
2,233
2
2,235
2
2,237
2
2,239
2
2,241
2
2,243
2
2,245
2
2,247
2
2,249
2
2,251
2
2,253
2
2,255
2
2,257
2
3,458,2063,460,462,453,456
3,473,469,477,475,471,467,464,2064
3,479,482,484,2065
3,493,2066,495,491,486,489
3,512,508,502,500,514,497,510,506,504,516,2067
3,518,527,2068,525,521,523
3,529,2069,534,540,538,532,542,536,544
3,551,546,2070,557,555,553,549
3,564,568,559,562,566,2071
3,573,581,585,570,575,579,2072,577,583
3,590,596,592,587,594,598,2073
3,605,600,2074,603,607
3,622,2075,612,620,618,616,614,626,609,624
3,635,628,641,633,631,637,639,2076
3,652,646,654,650,658,656,2077,648,643
3,675,663,667,669,671,673,660,665,2078
3,2079,677,682,680,684
3,695,689,686,693,2080,691
3,706,704,2081,708,712,700,702,710,714,697
3,716,719,721,723,2082
3,732,725,2083,730,738,728,734,740,736
3,742,747,2084,749,745
3,760,762,758,754,756,751,764,2085
3,769,773,2086,771,766
3,784,782,2087,775,778,780
3,2088,791,793,795,786,789
3,797,2089,800,802
3,804,815,813,2090,811,807,809
3,2091,817,830,824,828,822,820,826
3,839,832,2092,835,837
3,844,854,2093,848,850,852,841,846
3,2094,859,856
3,868,864,866,861,870,2095
3,875,877,2096,879,872
3,881,884,2097
3,891,2098,886,893,889
3,895,898,902,2099,900
3,904,907,2100
3,914,2101,916,912,909
3,921,918,2102
3,923,2103,926
3,931,928,2104
3,940,942,936,933,938,2105
3,951,949,947,2106,944
3,953,968,958,964,960,970,2107,966,956,962
3,972,975,2108,977
3,2109,982,979
3,2110,984,987
3,989,2111,992
3,997,2112,994
3,1002,2113,999
3,1007,1004,2114
3,1012,2115,1009
3,1017,1014,2116
3,1026,1032,1024,1022,1019,1030,2117,1028
3,2118,1041,1034,1043,1037,1039,1045
3,1050,1047,2119
3,2120,1055,1052
3,2121,1060,1057
3,2122,1065,1062
3,1070,2123,1067
3,1072,1075,2124
3,2125,1077,1080
3,1087,1085,2126,1082
3,1092,2127,1089
3,2128,1099,1097,1094,1101
3,1106,1118,1114,1110,2129,1108,1112,1103,1116
3,2130,1127,1123,1120,1125
3,1137,2437,1133
3,2435,1135,1132,1130
3,326,2132,1134,2131,327,2859,1136,1129,1131
3,1151,1154,1149,2445
3,2447,1152,1156
3,2135,1150,1153,1146,2136,1144,2133,2134,1138,1140,1142,1148,1155,330,329
3,1172,2455,1177,1174
3,2457,1179,1175
3,1163,1157,332,1167,1176,1159,1171,1178,1173,2140,2139,1161,333,2138,2137,1169,1165
3,2465,1196,1193,1191
3,1198,1194,2467
3,2141,1197,1190,336,1188,1186,2144,2142,1184,2143,1182,335,1180,1192,1195
3,1219,1214,2475,1216
3,1217,1221,2477
3,1201,2145,2147,2146,1213,1209,1218,1215,1203,338,1205,2148,1220,339,1207,1211,1199
3,2485,1249,1252,1247
3,1250,1254,2487
3,1224,1248,1222,1251,1246,2149,2150,1230,1244,1240,2151,1236,342,341,1253,1228,2152,1234,1238,1242,1232,1226
3,2495,1271,1266,1268
3,1269,2497,1273
3,1270,1265,1257,1255,1267,1261,1263,345,1272,2153,2154,1259,344,2156,2155
3,1285,1290,1287,2505
3,2507,1288,1292
3,2157,1291,2160,1286,1284,1274,348,1278,347,1280,1289,1282,2158,2159,1276
3,1315,2515,1310,1312
3,1313,2517,1317
3,2162,351,1311,1297,1309,2163,350,2161,1314,1307,1303,1316,2164,1293,1295,1299,1305,1301
3,1331,1333,2525,1336
3,1338,1334,2527
3,2165,1337,2168,1326,1328,1320,1318,1324,1335,2167,1330,1332,354,353,2166,1322
3,1356,2535,1361,1358
3,2537,1363,1359
3,1347,2170,1343,1345,1341,1355,1339,2169,2172,1357,2171,1360,1362,1353,1351,357,356,1349
3,1381,1379,2545,1384
3,2547,1386,1382
3,1374,360,359,1370,2173,1366,1383,1378,1376,2175,1372,1364,2174,2176,1368,1380,1385
3,1394,1397,1392,2555
3,1395,2557,1399
3,1389,2180,363,1391,1398,1387,2177,2179,1396,362,2178,1393
3,1414,1409,1411,2565
3,1416,1412,2567
3,2184,1406,365,1413,1408,366,1404,2181,1410,2182,2183,1415,1400,1402
3,1438,2575,1443,1440
3,2577,1445,1441
3,1442,1437,1431,1423,1429,2187,1419,1425,2185,1433,1421,1417,1444,1435,2186,1427,2188,369,368,1439
3,1459,2585,1457,1462
3,2587,1460,1464
3,1448,2191,372,2189,1456,1452,2192,1458,1461,1450,371,1446,1454,1463,2190
3,1488,1490,2595,1493
3,2597,1491,1495
3,375,1492,1465,1483,1473,2194,2196,1469,1471,1477,1479,1475,1489,1467,2195,1485,374,2193,1494,1481,1487
3,1513,1515,2605,1518
3,1516,2607,1520
3,377,1502,1508,1504,1519,378,2200,1496,2198,2199,1510,1506,1498,1517,1512,1514,1500,2197
3,1534,1537,2615,1532
3,1539,1535,2617
3,1525,1521,2203,1538,380,2201,1523,1527,2204,1533,1536,1531,381,1529,2202
3,1562,1557,2625,1559
3,1560,2627,1564
3,1540,1542,383,2205,1563,1556,1548,1550,384,1552,2207,1558,1546,2206,2208,1544,1554,1561
3,1581,1578,2635,1576
3,1579,2637,1583
3,2211,1575,1573,1565,2210,1577,1571,387,2209,1569,1580,1582,386,1567,2212
3,1605,1610,2645,1607
3,1612,2647,1608
3,1594,2216,2213,2215,1600,389,1611,2214,1588,1586,1606,1584,1592,1604,390,1598,1609,1602,1590,1596
3,1632,1637,2655,1634
3,2657,1639,1635
3,2217,2218,1625,1621,1638,1636,1631,1627,1613,1629,1619,2220,1617,1623,393,2219,1633,392,1615
3,1667,1669,2665,1672
3,1670,1674,2667
3,1664,1668,2224,2223,1644,396,395,1671,1660,1673,1650,1642,1654,2221,1648,1640,1666,1656,1652,2222,1662,1658,1646
3,2675,1694,1697,1692
3,2677,1695,1699
3,2227,1691,399,1685,2226,1698,1679,1683,1687,1675,1689,1693,398,2228,1681,1696,2225,1677
3,1730,2685,1727,1725
3,1728,1732,2687
3,1700,1706,2231,1710,1712,1702,2229,1716,401,1708,1729,1724,2230,1726,1718,1704,1731,1722,402,2232,1714,1720
3,1742,1747,2695,1744
3,1745,1749,2697
3,2236,1739,1743,1746,2233,1748,1735,404,1741,2234,1737,405,1733,2235
3,1765,2705,1767,1770
3,1768,2707,1772
3,1754,1752,2237,1760,1758,1766,408,1762,1771,407,2240,1769,2239,1764,1756,2238,1750
3,1792,1797,2715,1794
3,1795,1799,2717
3,1783,1793,2242,2244,1791,1777,1781,1789,1787,2243,1796,410,1775,1779,2241,411,1773,1798,1785
3,1821,1819,1824,2725
3,1826,1822,2727
3,1806,1818,1810,1825,2246,1820,1814,2248,413,1808,414,2247,1800,2245,1816,1802,1812,1804,1823
3,1842,1844,2735,1847
3,1845,1849,2737
3,2249,1833,2250,2252,2251,1827,1837,417,1848,1829,1846,1839,1831,1841,1843,1835,416
3,1857,1859,2745,1862
3,2747,1864,1860
3,2254,2256,420,2255,419,1856,1861,1854,1858,1852,1863,2253,1850
3,1878,1881,1876,2755
3,1879,2757,1883
3,1873,1877,1875,2259,2257,423,1867,422,2260,1869,1880,1882,2258,1871,1865
3,2765,1903,1908,1905
3,1906,2767,1910
3,2261,2263,1898,1886,1888,1900,1902,1884,2262,1909,2264,1894,1890,425,1904,1892,1907,1896,426
3,2775,1924,1926,1929
3,1927,1931,2777
3,2267,2266,1930,429,1925,1928,2265,1923,1921,1913,1915,1911,1917,1919,2268,428
3,1945,1950,1947,2785
3,1952,2787,1948
3,1934,2272,1944,1932,1936,1940,1946,2271,1949,1942,1951,2269,432,1938,431,2270
3,1969,2795,1966,1964
3,1971,2797,1967
3,1955,1970,2276,1953,1965,435,1957,1963,434,1959,2275,1961,2273,1968,2274
3,1985,2805,1983,1988
3,2807,1990,1986
3,1978,437,1974,1989,1972,1980,2277,2278,1984,1982,438,1987,2279,1976,2280
3,2815,2002,2007,2004
3,2009,2817,2005
3,441,440,2284,2283,1993,2282,2006,2008,1995,1999,1997,2001,1991,2003,2281
3,2825,2021,2026,2023
3,2024,2827,2028
3,2010,2014,2020,2288,2025,2012,2285,444,2286,2018,2287,443,2016,2027,2022
3,2047,2044,2042,2835
3,2837,2045,2049
3,2291,2043,2048,2031,2041,2035,2039,447,2290,2033,2046,2289,2292,2029,446,2037
3,2053,2060,2845,2056
3,2055,2847,2062
3,2058,2842,2051,2840
3,2059,2294,2296,449,2052,2061,450,2054,2050,2295,451,2057,2293
4,454
4,455
4
4,457
4
4,459
4
4,461
4
4,463
4
4,465
4,466
4
4,468
4
4,470
4
4,472
4
4,474
4
4,476
4
4,478
4
4,480
4,481
4
4,483
4
4,485
4
4,487
4,488
4
4,490
4
4,492
4
4,494
4
4,496
4
4,498
4,499
4
4,501
4
4,503
4
4,505
4
4,507
4
4,509
4
4,511
4
4,513
4
4,515
4
4,517
4
4,519
4,520
4
4,522
4
4,524
4
4,526
4
4,528
4
4,530
4,531
4
4,533
4
4,535
4
4,537
4
4,539
4
4,541
4
4,543
4
4,545
4
4,547
4,548
4
4,550
4
4,552
4
4,554
4
4,556
4
4,558
4
4,560
4,561
4
4,563
4
4,565
4
4,567
4
4,569
4
4,571
4,572
4
4,574
4
4,576
4
4,578
4
4,580
4
4,582
4
4,584
4
4,586
4
4,588
4,589
4
4,591
4
4,593
4
4,595
4
4,597
4
4,599
4
4,601
4,602
4
4,604
4
4,606
4
4,608
4
4,610
4,611
4
4,613
4
4,615
4
4,617
4
4,619
4
4,621
4
4,623
4
4,625
4
4,627
4
4,629
4,630
4
4,632
4
4,634
4
4,636
4
4,638
4
4,640
4
4,642
4
4,644
4,645
4
4,647
4
4,649
4
4,651
4
4,653
4
4,655
4
4,657
4
4,659
4
4,661
4,662
4
4,664
4
4,666
4
4,668
4
4,670
4
4,672
4
4,674
4
4,676
4
4,678
4,679
4
4,681
4
4,683
4
4,685
4
4,687
4,688
4
4,690
4
4,692
4
4,694
4
4,696
4
4,698
4,699
4
4,701
4
4,703
4
4,705
4
4,707
4
4,709
4
4,711
4
4,713
4
4,715
4
4,717
4,718
4
4,720
4
4,722
4
4,724
4
4,726
4,727
4
4,729
4
4,731
4
4,733
4
4,735
4
4,737
4
4,739
4
4,741
4
4,743
4,744
4
4,746
4
4,748
4
4,750
4
4,752
4,753
4
4,755
4
4,757
4
4,759
4
4,761
4
4,763
4
4,765
4
4,767
4,768
4
4,770
4
4,772
4
4,774
4
4,776
4,777
4
4,779
4
4,781
4
4,783
4
4,785
4
4,787
4,788
4
4,790
4
4,792
4
4,794
4
4,796
4
4,798
4,799
4
4,801
4
4,803
4
4,805
4,806
4
4,808
4
4,810
4
4,812
4
4,814
4
4,816
4
4,818
4,819
4
4,821
4
4,823
4
4,825
4
4,827
4
4,829
4
4,831
4
4,833
4,834
4
4,836
4
4,838
4
4,840
4
4,842
4,843
4
4,845
4
4,847
4
4,849
4
4,851
4
4,853
4
4,855
4
4,857
4,858
4
4,860
4
4,862
4,863
4
4,865
4
4,867
4
4,869
4
4,871
4
4,873
4,874
4
4,876
4
4,878
4
4,880
4
4,882
4,883
4
4,885
4
4,887
4,888
4
4,890
4
4,892
4
4,894
4
4,896
4,897
4
4,899
4
4,901
4
4,903
4
4,905
4,906
4
4,908
4
4,910
4,911
4
4,913
4
4,915
4
4,917
4
4,919
4,920
4
4,922
4
4,924
4,925
4
4,927
4
4,929
4,930
4
4,932
4
4,934
4,935
4
4,937
4
4,939
4
4,941
4
4,943
4
4,945
4,946
4
4,948
4
4,950
4
4,952
4
4,954
4,955
4
4,957
4
4,959
4
4,961
4
4,963
4
4,965
4
4,967
4
4,969
4
4,971
4
4,973
4,974
4
4,976
4
4,978
4
4,980
4,981
4
4,983
4
4,985
4,986
4
4,988
4
4,990
4,991
4
4,993
4
4,995
4,996
4
4,998
4
4,1000
4,1001
4
4,1003
4
4,1005
4,1006
4
4,1008
4
4,1010
4,1011
4
4,1013
4
4,1015
4,1016
4
4,1018
4
4,1020
4,1021
4
4,1023
4
4,1025
4
4,1027
4
4,1029
4
4,1031
4
4,1033
4
4,1035
4,1036
4
4,1038
4
4,1040
4
4,1042
4
4,1044
4
4,1046
4
4,1048
4,1049
4
4,1051
4
4,1053
4,1054
4
4,1056
4
4,1058
4,1059
4
4,1061
4
4,1063
4,1064
4
4,1066
4
4,1068
4,1069
4
4,1071
4
4,1073
4,1074
4
4,1076
4
4,1078
4,1079
4
4,1081
4
4,1083
4,1084
4
4,1086
4
4,1088
4
4,1090
4,1091
4
4,1093
4
4,1095
4,1096
4
4,1098
4
4,1100
4
4,1102
4
4,1104
4,1105
4
4,1107
4
4,1109
4
4,1111
4
4,1113
4
4,1115
4
4,1117
4
4,1119
4
4,1121
4,1122
4
4,1124
4
4,1126
4
4,1128
4
4,1130
4
4,1132
4,1133
4
4,1135
4
4,1137
4
4,1139
4
4,1141
4
4,1143
4
4,1145
4
4,1147
4
4,1149
4
4,1151
4,1152
4
4,1154
4
4,1156
4
4,1158
4
4,1160
4
4,1162
4
4,1164
4
4,1166
4
4,1168
4
4,1170
4
4,1172
4
4,1174
4,1175
4
4,1177
4
4,1179
4
4,1181
4
4,1183
4
4,1185
4
4,1187
4
4,1189
4
4,1191
4
4,1193
4,1194
4
4,1196
4
4,1198
4
4,1200
4
4,1202
4
4,1204
4
4,1206
4
4,1208
4
4,1210
4
4,1212
4
4,1214
4
4,1216
4,1217
4
4,1219
4
4,1221
4
4,1223
4
4,1225
4
4,1227
4
4,1229
4
4,1231
4
4,1233
4
4,1235
4
4,1237
4
4,1239
4
4,1241
4
4,1243
4
4,1245
4
4,1247
4
4,1249
4,1250
4
4,1252
4
4,1254
4
4,1256
4
4,1258
4
4,1260
4
4,1262
4
4,1264
4
4,1266
4
4,1268
4,1269
4
4,1271
4
4,1273
4
4,1275
4
4,1277
4
4,1279
4
4,1281
4
4,1283
4
4,1285
4
4,1287
4,1288
4
4,1290
4
4,1292
4
4,1294
4
4,1296
4
4,1298
4
4,1300
4
4,1302
4
4,1304
4
4,1306
4
4,1308
4
4,1310
4
4,1312
4,1313
4
4,1315
4
4,1317
4
4,1319
4
4,1321
4
4,1323
4
4,1325
4
4,1327
4
4,1329
4
4,1331
4
4,1333
4,1334
4
4,1336
4
4,1338
4
4,1340
4
4,1342
4
4,1344
4
4,1346
4
4,1348
4
4,1350
4
4,1352
4
4,1354
4
4,1356
4
4,1358
4,1359
4
4,1361
4
4,1363
4
4,1365
4
4,1367
4
4,1369
4
4,1371
4
4,1373
4
4,1375
4
4,1377
4
4,1379
4
4,1381
4,1382
4
4,1384
4
4,1386
4
4,1388
4
4,1390
4
4,1392
4
4,1394
4,1395
4
4,1397
4
4,1399
4
4,1401
4
4,1403
4
4,1405
4
4,1407
4
4,1409
4
4,1411
4,1412
4
4,1414
4
4,1416
4
4,1418
4
4,1420
4
4,1422
4
4,1424
4
4,1426
4
4,1428
4
4,1430
4
4,1432
4
4,1434
4
4,1436
4
4,1438
4
4,1440
4,1441
4
4,1443
4
4,1445
4
4,1447
4
4,1449
4
4,1451
4
4,1453
4
4,1455
4
4,1457
4
4,1459
4,1460
4
4,1462
4
4,1464
4
4,1466
4
4,1468
4
4,1470
4
4,1472
4
4,1474
4
4,1476
4
4,1478
4
4,1480
4
4,1482
4
4,1484
4
4,1486
4
4,1488
4
4,1490
4,1491
4
4,1493
4
4,1495
4
4,1497
4
4,1499
4
4,1501
4
4,1503
4
4,1505
4
4,1507
4
4,1509
4
4,1511
4
4,1513
4
4,1515
4,1516
4
4,1518
4
4,1520
4
4,1522
4
4,1524
4
4,1526
4
4,1528
4
4,1530
4
4,1532
4
4,1534
4,1535
4
4,1537
4
4,1539
4
4,1541
4
4,1543
4
4,1545
4
4,1547
4
4,1549
4
4,1551
4
4,1553
4
4,1555
4
4,1557
4
4,1559
4,1560
4
4,1562
4
4,1564
4
4,1566
4
4,1568
4
4,1570
4
4,1572
4
4,1574
4
4,1576
4
4,1578
4,1579
4
4,1581
4
4,1583
4
4,1585
4
4,1587
4
4,1589
4
4,1591
4
4,1593
4
4,1595
4
4,1597
4
4,1599
4
4,1601
4
4,1603
4
4,1605
4
4,1607
4,1608
4
4,1610
4
4,1612
4
4,1614
4
4,1616
4
4,1618
4
4,1620
4
4,1622
4
4,1624
4
4,1626
4
4,1628
4
4,1630
4
4,1632
4
4,1634
4,1635
4
4,1637
4
4,1639
4
4,1641
4
4,1643
4
4,1645
4
4,1647
4
4,1649
4
4,1651
4
4,1653
4
4,1655
4
4,1657
4
4,1659
4
4,1661
4
4,1663
4
4,1665
4
4,1667
4
4,1669
4,1670
4
4,1672
4
4,1674
4
4,1676
4
4,1678
4
4,1680
4
4,1682
4
4,1684
4
4,1686
4
4,1688
4
4,1690
4
4,1692
4
4,1694
4,1695
4
4,1697
4
4,1699
4
4,1701
4
4,1703
4
4,1705
4
4,1707
4
4,1709
4
4,1711
4
4,1713
4
4,1715
4
4,1717
4
4,1719
4
4,1721
4
4,1723
4
4,1725
4
4,1727
4,1728
4
4,1730
4
4,1732
4
4,1734
4
4,1736
4
4,1738
4
4,1740
4
4,1742
4
4,1744
4,1745
4
4,1747
4
4,1749
4
4,1751
4
4,1753
4
4,1755
4
4,1757
4
4,1759
4
4,1761
4
4,1763
4
4,1765
4
4,1767
4,1768
4
4,1770
4
4,1772
4
4,1774
4
4,1776
4
4,1778
4
4,1780
4
4,1782
4
4,1784
4
4,1786
4
4,1788
4
4,1790
4
4,1792
4
4,1794
4,1795
4
4,1797
4
4,1799
4
4,1801
4
4,1803
4
4,1805
4
4,1807
4
4,1809
4
4,1811
4
4,1813
4
4,1815
4
4,1817
4
4,1819
4
4,1821
4,1822
4
4,1824
4
4,1826
4
4,1828
4
4,1830
4
4,1832
4
4,1834
4
4,1836
4
4,1838
4
4,1840
4
4,1842
4
4,1844
4,1845
4
4,1847
4
4,1849
4
4,1851
4
4,1853
4
4,1855
4
4,1857
4
4,1859
4,1860
4
4,1862
4
4,1864
4
4,1866
4
4,1868
4
4,1870
4
4,1872
4
4,1874
4
4,1876
4
4,1878
4,1879
4
4,1881
4
4,1883
4
4,1885
4
4,1887
4
4,1889
4
4,1891
4
4,1893
4
4,1895
4
4,1897
4
4,1899
4
4,1901
4
4,1903
4
4,1905
4,1906
4
4,1908
4
4,1910
4
4,1912
4
4,1914
4
4,1916
4
4,1918
4
4,1920
4
4,1922
4
4,1924
4
4,1926
4,1927
4
4,1929
4
4,1931
4
4,1933
4
4,1935
4
4,1937
4
4,1939
4
4,1941
4
4,1943
4
4,1945
4
4,1947
4,1948
4
4,1950
4
4,1952
4
4,1954
4
4,1956
4
4,1958
4
4,1960
4
4,1962
4
4,1964
4
4,1966
4,1967
4
4,1969
4
4,1971
4
4,1973
4
4,1975
4
4,1977
4
4,1979
4
4,1981
4
4,1983
4
4,1985
4,1986
4
4,1988
4
4,1990
4
4,1992
4
4,1994
4
4,1996
4
4,1998
4
4,2000
4
4,2002
4
4,2004
4,2005
4
4,2007
4
4,2009
4
4,2011
4
4,2013
4
4,2015
4
4,2017
4
4,2019
4
4,2021
4
4,2023
4,2024
4
4,2026
4
4,2028
4
4,2030
4
4,2032
4
4,2034
4
4,2036
4
4,2038
4
4,2040
4
4,2042
4
4,2044
4,2045
4
4,2047
4
4,2049
4
4,2051
4
4,2053
4
4,2055
4,2056
4
4,2058
4
4,2060
4
4,2062
4
5,2297
5,2299
5,2301
5,2303
5,2305
5,2307
5,2309
5,2311
5,2313
5,2315
5,2317
5,2319
5,2321
5,2323
5,2325
5,2327
5,2329
5,2331
5,2333
5,2335
5,2337
5,2339
5,2341
5,2343
5,2345
5,2347
5,2349
5,2351
5,2353
5,2355
5,2357
5,2359
5,2361
5,2363
5,2365
5,2367
5,2369
5,2371
5,2373
5,2375
5,2377
5,2379
5,2381
5,2383
5,2385
5,2387
5,2389
5,2391
5,2393
5,2395
5,2397
5,2399
5,2401
5,2403
5,2405
5,2407
5,2409
5,2411
5,2413
5,2415
5,2417
5,2419
5,2421
5,2423
5,2425
5,2427
5,2429
5,2431
5,2433
5,2436
5,2438
5,2441
5,2443
5,2446
5,2448
5,2451
5,2453
5,2456
5,2458
5,2461
5,2463
5,2466
5,2468
5,2471
5,2473
5,2476
5,2478
5,2481
5,2483
5,2486
5,2488
5,2491
5,2493
5,2496
5,2498
5,2501
5,2503
5,2506
5,2508
5,2511
5,2513
5,2516
5,2518
5,2521
5,2523
5,2526
5,2528
5,2531
5,2533
5,2536
5,2538
5,2541
5,2543
5,2546
5,2548
5,2551
5,2553
5,2556
5,2558
5,2561
5,2563
5,2566
5,2568
5,2571
5,2573
5,2576
5,2578
5,2581
5,2583
5,2586
5,2588
5,2591
5,2593
5,2596
5,2598
5,2601
5,2603
5,2606
5,2608
5,2611
5,2613
5,2616
5,2618
5,2621
5,2623
5,2626
5,2628
5,2631
5,2633
5,2636
5,2638
5,2641
5,2643
5,2646
5,2648
5,2651
5,2653
5,2656
5,2658
5,2661
5,2663
5,2666
5,2668
5,2671
5,2673
5,2676
5,2678
5,2681
5,2683
5,2686
5,2688
5,2691
5,2693
5,2696
5,2698
5,2701
5,2703
5,2706
5,2708
5,2711
5,2713
5,2716
5,2718
5,2721
5,2723
5,2726
5,2728
5,2731
5,2733
5,2736
5,2738
5,2741
5,2743
5,2746
5,2748
5,2751
5,2753
5,2756
5,2758
5,2761
5,2763
5,2766
5,2768
5,2771
5,2773
5,2776
5,2778
5,2781
5,2783
5,2786
5,2788
5,2791
5,2793
5,2796
5,2798
5,2801
5,2803
5,2806
5,2808
5,2811
5,2813
5,2816
5,2818
5,2821
5,2823
5,2826
5,2828
5,2831
5,2833
5,2836
5,2838
5,2841
5,2843
5,2846
6,2298
6
6,2300
6
6,2302
6
6,2304
6
6,2306
6
6,2308
6
6,2310
6
6,2312
6
6,2314
6
6,2316
6
6,2318
6
6,2320
6
6,2322
6
6,2324
6
6,2326
6
6,2328
6
6,2330
6
6,2332
6
6,2334
6
6,2336
6
6,2338
6
6,2340
6
6,2342
6
6,2344
6
6,2346
6
6,2348
6
6,2350
6
6,2352
6
6,2354
6
6,2356
6
6,2358
6
6,2360
6
6,2362
6
6,2364
6
6,2366
6
6,2368
6
6,2370
6
6,2372
6
6,2374
6
6,2376
6
6,2378
6
6,2380
6
6,2382
6
6,2384
6
6,2386
6
6,2388
6
6,2390
6
6,2392
6
6,2394
6
6,2396
6
6,2398
6
6,2400
6
6,2402
6
6,2404
6
6,2406
6
6,2408
6
6,2410
6
6,2412
6
6,2414
6
6,2416
6
6,2418
6
6,2420
6
6,2422
6
6,2424
6
6,2426
6
6,2428
6
6,2430
6
6,2432
6
6,2434
6,2435
6
6,2437
6
6,2439
6,2440
6
6,2442
6
6,2444
6,2445
6
6,2447
6
6,2449
6,2450
6
6,2452
6
6,2454
6,2455
6
6,2457
6
6,2459
6,2460
6
6,2462
6
6,2464
6,2465
6
6,2467
6
6,2469
6,2470
6
6,2472
6
6,2474
6,2475
6
6,2477
6
6,2479
6,2480
6
6,2482
6
6,2484
6,2485
6
6,2487
6
6,2489
6,2490
6
6,2492
6
6,2494
6,2495
6
6,2497
6
6,2499
6,2500
6
6,2502
6
6,2504
6,2505
6
6,2507
6
6,2509
6,2510
6
6,2512
6
6,2514
6,2515
6
6,2517
6
6,2519
6,2520
6
6,2522
6
6,2524
6,2525
6
6,2527
6
6,2529
6,2530
6
6,2532
6
6,2534
6,2535
6
6,2537
6
6,2539
6,2540
6
6,2542
6
6,2544
6,2545
6
6,2547
6
6,2549
6,2550
6
6,2552
6
6,2554
6,2555
6
6,2557
6
6,2559
6,2560
6
6,2562
6
6,2564
6,2565
6
6,2567
6
6,2569
6,2570
6
6,2572
6
6,2574
6,2575
6
6,2577
6
6,2579
6,2580
6
6,2582
6
6,2584
6,2585
6
6,2587
6
6,2589
6,2590
6
6,2592
6
6,2594
6,2595
6
6,2597
6
6,2599
6,2600
6
6,2602
6
6,2604
6,2605
6
6,2607
6
6,2609
6,2610
6
6,2612
6
6,2614
6,2615
6
6,2617
6
6,2619
6,2620
6
6,2622
6
6,2624
6,2625
6
6,2627
6
6,2629
6,2630
6
6,2632
6
6,2634
6,2635
6
6,2637
6
6,2639
6,2640
6
6,2642
6
6,2644
6,2645
6
6,2647
6
6,2649
6,2650
6
6,2652
6
6,2654
6,2655
6
6,2657
6
6,2659
6,2660
6
6,2662
6
6,2664
6,2665
6
6,2667
6
6,2669
6,2670
6
6,2672
6
6,2674
6,2675
6
6,2677
6
6,2679
6,2680
6
6,2682
6
6,2684
6,2685
6
6,2687
6
6,2689
6,2690
6
6,2692
6
6,2694
6,2695
6
6,2697
6
6,2699
6,2700
6
6,2702
6
6,2704
6,2705
6
6,2707
6
6,2709
6,2710
6
6,2712
6
6,2714
6,2715
6
6,2717
6
6,2719
6,2720
6
6,2722
6
6,2724
6,2725
6
6,2727
6
6,2729
6,2730
6
6,2732
6
6,2734
6,2735
6
6,2737
6
6,2739
6,2740
6
6,2742
6
6,2744
6,2745
6
6,2747
6
6,2749
6,2750
6
6,2752
6
6,2754
6,2755
6
6,2757
6
6,2759
6,2760
6
6,2762
6
6,2764
6,2765
6
6,2767
6
6,2769
6,2770
6
6,2772
6
6,2774
6,2775
6
6,2777
6
6,2779
6,2780
6
6,2782
6
6,2784
6,2785
6
6,2787
6
6,2789
6,2790
6
6,2792
6
6,2794
6,2795
6
6,2797
6
6,2799
6,2800
6
6,2802
6
6,2804
6,2805
6
6,2807
6
6,2809
6,2810
6
6,2812
6
6,2814
6,2815
6
6,2817
6
6,2819
6,2820
6
6,2822
6
6,2824
6,2825
6
6,2827
6
6,2829
6,2830
6
6,2832
6
6,2834
6,2835
6
6,2837
6
6,2839
6,2840
6
6,2842
6
6,2844
6,2845
6
6,2847
6
14,177,2859
12
12,1469,1900,2407,1737,2395,1471,1078,1762,1957,2309,1898,2301,1188,1598,1000,2311,1297,1328,1974,1710,1542,687,1873,1506,2335,1804,2401,2411,1161,2419,2325,1592,1475,2409,1852,1280,752,1073,1915,2323,1240,787,1368,2387,1090,1228,1224,498,1419,1525,1307,2035,1305,1627,1205,1508,1048,945,1652,2329,1324,862,1433,1473,1934,882,1203,717,601,1427,2377,2305,2417,1783,1226,1829,1063,1644,610,934,2345,2343,1343,1370,1184,995,1940,1802,1301,1646,2379,1615,1955,1299,1121,1867,1015,2369,2347,1590,2413,1835,2381,1892,1454,2337,1888,1683,1571,661,1230,2429,1662,1959,519,1936,1020,1779,1712,2339,1625,1602,1554,1320,1702,1263,842,1995,1435,2315,1182,1808,2403,2421,1660,2367,1167,1980,833,1500,1552,798,1760,1814,1479,1679,1527,1623,2399,1685,1257,1366,1083,1295,1095,1621,1548,1242,2317,1569,1839,954,560,2383,1739,1207,2371,1921,1452,818,924,2361,1681,1896,2297,2423,1502,2359,1567,1423,1467,1833,1353,1450,1714,2331,2427,1261,1421,1374,1163,2373,2031,1209,767,2321,1278,1656,2299,487,1481,1735,1654,2363,2397,905,1650,1978,1053,1425,2319,1510,1919,887,1718,1917,2353,805,896,1035,1303,2313,1754,1758,1642,629,743,1785,2307,2018,1068,2349,1259,2341,698,1201,2393,1058,480,919,1010,1689,1326,1402,1658,2327,1140,929,1938,857,1376,873,1976,2391,2375,1165,1550,2405,2016,2351,454,1961,1942,1234,1341,1406,1720,1523,1144,1005,1677,776,1708,1890,1404,1186,2425,1594,1322,1619,1498,1546,1282,1504,973,990,1600,2039,1169,1586,2012,2415,1810,1448,1716,1854,2014,1722,1913,530,2333,1871,1544,1886,1687,1146,1812,1588,1429,1837,2355,1104,1573,1775,1993,1777,1756,2303,1236,2389,1648,726,1831,1211,547,980,1869,644,1806,2357,1664,1629,1372,2385,1617,1389,2037,1596,1347,1351,1244,910,1349,1894,571,1483,1142,1485,1232,2033,678,1816,1431,1706,1159,1704,465,2365,1787,1999,985,1781,1276,2431,1789,1238,1345,1529,1997,1477,588,1752
12,1668,1393,1904,1380,1793,1633,1439,1150,1357,1533,1843,1925,2054,2003,1286,1577,1858,1946,1606,1267,1458,1489,1215,1984,1514,1965,1131,1693,1173,1410,1311,2043,1766,1820,1332,1248,1877,1192,1558,2022,1726,1743
12,2641,180,216,194,184,2491,2501,182,2441,224,2661,228,2801,2811,2691,2631,2831,192,238,248,188,240,2671,2551,230,2571,206,2761,196,212,2521,2461,210,178,2451,214,2581,246,2681,244,2721,2701,2601,186,2731,2471,2821,208,2541,2621,234,200,2711,2531,250,236,256,204,220,190,2481,2781,232,242,2511,2611,2751,2591,202,226,2771,252,2791,218,222,2651,2561,254,2741,198
12,2656,2846,2776,2574,2544,2636,1631,2736,1284,2606,1487,1724,1408,2706,1875,2456,2646,2726,2666,1355,1963,2754,2714,2644,1129,2654,2756,1437,2436,2786,2444,1531,2626,1246,1391,2466,2534,1741,2826,2001,1309,2804,2566,2554,2586,2494,1764,1604,2594,2734,2546,2454,2814,2634,2536,2684,2686,2604,2616,1330,2806,2614,2624,2694,2696,2496,1378,2041,2746,2020,2796,2836,2576,2766,2724,2794,2664,2446,2556,1213,2844,2524,2564,2596,1456,1556,1171,1691,2584,2504,2716,2674,2476,2704,1902,1148,1841,2052,2514,1190,1791,1666,2834,2816,2526,2474,2676,2506,2744,1265,2516,2824,2774,2484,2764,2784,1944,1856,2486,1923,2434,1982,1818,1512,1575,2464
12,622,626,706,1138,555,1953,931,1274,844,962,579,491,538,1465,1521,702,648,1092,508,1070,1932,942,1017,536,1022,590,2789,1417,1584,912,815,2749,2029,2479,603,1700,828,482,527,2629,795,458,493,822,875,583,730,868,534,826,1030,473,510,2709,900,516,1123,2499,732,769,553,1114,673,1108,938,1496,820,1991,691,596,500,693,2449,1640,700,665,1112,484,658,970,2719,1750,1733,1565,2699,1039,532,551,2819,1116,675,502,1318,1045,477,2829,975,1106,813,852,1002,2659,2799,2519,514,936,947,1012,734,956,1080,773,1032,1085,723,1118,1097,758,542,594,680,1339,2639,2809,771,848,754,756,907,859,568,495,695,620,607,784,1675,966,1364,1055,624,1199,728,525,710,760,616,1387,762,839,898,2539,506,598,652,504,564,684,1613,1007,2469,879,1800,997,960,837,764,512,663,467,902,618,870,1446,656,2679,669,782,721,893,2509,654,949,521,749,1065,1180,704,562,2569,884,544,1827,811,585,1540,745,1028,916,830,2649,1041,835,780,1024,802,2729,807,540,1043,2489,605,489,2759,982,1850,612,977,2609,789,708,471,2599,1157,637,631,824,2669,1087,460,566,462,740,1911,592,682,614,793,1026,2549,2739,641,573,557,1050,1293,2769,633,1037,2579,846,926,2619,1972,864,575,549,1099,1400,1884,854,523,2529,2779,469,1865,800,809,891,2439,712,719,667,987,951,2010,1125,958,2559,650,2841,747,1101,1773,689,577,2459,671,877,921,1060,850,914,2589,964,475,1110,791,1075,581,866,940,635,714,1222,1127,889,1255,778,646,992,639,2689,738,968,736,456
12,1396,1582,1882,1463,1272,1536,1769,1928,1671,1335,1771,1846,2008,1413,1673,1823,1989,2027,1153,1253,1383,2059,1609,1251,1291,1698,1178,1316,1360,1289,2046,1907,1848,1519,1314,1930,1825,1415,1580,1968,2061,1561,1949,1538,1611,1385,1461,1134,1748,1638,1494,1362,1442,1220,1195,1136,1863,1155,1398,1731,1492,2006,1909,2048,1218,1951,1517,1176,2025,1987,1729,1796,1563,1970,1197,1444,1861,1636,1798,1746,1270,1880,1337,1696
12,2057
12
12,2050,2839
7,2860
15