0
0
0
0
0
0
0
0
0
0
0
0
0
0
0
0
0
0
0
0
0
0
0
0
0
0
0
0
0
0
0
0
0
0
0
0
0
0
0
0
0
0
0
0
0
0
0
0
0
0
0
0
0
0
0
0
0
0
0
0
0
0
0
0
0
0
0
0
0
0
0
0
0
0
0
0
0
0,711,2330,505,457,1113,610,2328,191
0,2340,1132,2338,209,634,735,958,972,544
0,2350,511,211,897,648,1153,2348
0,717,2360,974,650,2358,627,1069,546,574,1170,490,213,616,533
0,2368,659,976,2370,1201,466,215,559,963
0,2378,1222,991,798,217,2380,981,593
0,219,1241,2388,851,576,2390
0,618,595,492,535,578,1083,221,2398,666,2400,1256
0,1098,1281,473,697,2410,513,719,2408,223,580,818,597,641
0,1310,225,620,2418,1085,2420,899
0,2428,917,675,1327,548,2430,1087,475,227,862,800,520,782,537
0,2438,1358,193,2440,751
0,842,2448,2450,1371,789,636,229
0,1388,784,2460,1033,2458,477,652,599,231
0,233,601,1035,1409,2468,684,582,775,2470
0,2478,2480,584,550,235,830,906,1430,494,686,522,853
0,677,237,791,2488,1457,468,2490,552
0,496,561,1476,726,2500,2498,239,688,1047
0,764,654,2508,1100,864,737,498,1042,802,241,1049,1497,2510,901,721
0,1016,744,986,1001,2518,777,1037,753,813,661,2520,933,938,243,1530
0,793,668,603,2528,804,245,878,2530,524,479,1563,855,766
0,919,690,247,643,1102,1592,2538,837,2540
0,2548,566,529,195,2550,459,589,713,486,1613,1006,968
0,866,2560,629,1640,706,1064,249,820,2558,883,605,892
0,755,921,739,806,885,2570,251,908,2568,1667
0,928,1690,2580,1021,857,910,253,768,2578,1054,868,679
0,255,2588,757,728,2590,943,1717,500,670
0,2600,953,1738,257,2598,730,912
0,259,1089,2608,2610,1059,832,699,1755,887,481,770,873
0,923,844,515,808,2618,261,825,2620,1782,746
0,2630,507,1805,197,695,1079,612,531,2628,1011
0,199,704,509,1026,1094,1828,568,2640,614,2638,625,488
0,201,1855,2648,2650,1074
0,762,2660,2658,970,1868,203,996
0,591,849,1081,205,2670,2668,715,1885,570,461
0,557,572,542,207,1031,1096,1908,2680,948,2678
0,1615,2170,1887,1115,455
0,464,1459,2172,1205
0,1759,2174,471,1392,1565,1331,1289
0,484,1621,1432,1719,1834,2176,1505,1262,1178,1478
0,1121,2178,1291,1811,1836,1157,503,1784
0,1434,518,1333,2180,1567
0,1264,1813,1335,1623,527,2182,1180
0,1136,1436,1914,2184,540,1337,1461,1182
0,1916,1480,2186,555,1207
0,1625,1413,1438,564,1243,1893,1838,1184,1266,2188,1918,1293
0,587,2190,1644,1569,1627,1224,1268,1394,1295,1895,1415
0,1117,1172,1312,608,1258,1807,1830,2192
0,2194,1186,1840,623,1646
0,1373,2196,1138,632
0,1297,1596,639,2198
0,2200,1507,1159,1188,1396,646
0,1534,657,2202,1209
0,2204,664,1721,1571,1270
0,673,2206,1339,1463,1692
0,1482,1417,1598,1440,2208,682
0,1761,1299,1815,693,2210
0,702,1648,2212,1842
0,709,1499,1889,1283,1617,2214,1119,1174
0,1723,1484,1740,724,2216
0,1509,2218,733,1140,1669
0,2220,1536,742,1786
0,1538,749,1360,2222,1725,1671
0,1763,1511,760,1573,2224,1694,1872
0,1419,1540,773,2226
0,2228,1341,780,1398
0,1575,787,1465,2230,1375
0,1673,796,2232,1788,1577,1343,1513,1226
0,811,2234,1542
0,1285,1642,2236,816
0,823,1790,2238
0,1765,2240,828,1442
0,1600,835,2242
0,1377,2244,1792,840
0,2246,1897,1696,847,1579,1444,1245
0,2248,860,1345,1515,1650,1698
0,871,2250,1767
0,2252,1581,876
0,881,2254,1652,1769,1675
0,1654,2256,890
0,2258,1501,1314,895,1155
0,1677,1742,904,2260,1446,1700
0,1602,2262,1679,915,1794,1347
0,926,1702,2264
0,2266,931,1544
0,936,1546,2268
0,941,1727,2270
0,946,1920,2272
0,2274,951,1744
0,2276,1142,956
0,2278,961,1211
0,1176,2280,1870,1134,1619,1203,966
0,979,2282,1228
0,1548,984,2284
0,1230,989,2286
0,2288,1874,994
0,2290,1550,999
0,1004,1629,2292
0,2294,1009,1817
0,2296,1552,1014
0,1704,1019,2298
0,1844,1024,2300
0,1411,1390,1532,2302,1910,1029
0,2304,1040,1517
0,2306,1519,1045,1486
0,2308,1706,1052
0,1771,2310,1057
0,1656,2312,1062
0,1067,2314,1190
0,2316,1072,1857
0,1316,1891,1809,1077,1329,1260,2318,1757
0,1594,1287,1503,1832,1912,2320,1092
1,2708
2,191
2
2,193
2
2,195
2
2,197
2
2,199
2
2,201
2
2,203
2
2,205
2
2,207
2
2,209
2
2,211
2
2,213
2
2,215
2
2,217
2
2,219
2
2,221
2
2,223
2
2,225
2
2,227
2
2,229
2
2,231
2
2,233
2
2,235
2
2,237
2
2,239
2
2,241
2
2,243
2
2,245
2
2,247
2
2,249
2
2,251
2
2,253
2
2,255
2
2,257
2
2,259
2
2,261
2
3,458,1943,456,460,453
3,467,465,462,1944
3,469,478,480,472,474,476,1945
3,499,1946,489,491,493,487,482,485,495,497
3,512,506,504,501,514,510,508,1947
3,516,1948,523,519,521
3,525,1949,530,536,534,528,532
3,543,1950,551,549,547,545,541,538
3,558,553,556,560,1951
3,581,565,573,577,579,562,567,571,1952,583,569,575
3,598,588,602,594,590,604,585,592,596,600,1953
3,611,617,619,615,606,1954,609,613
3,1955,624,628,626,621
3,630,635,633,1956
3,640,1957,642,637
3,647,651,653,644,649,1958
3,658,1959,655,660
3,665,662,669,1960,667
3,678,1961,674,676,671
3,680,683,685,689,687,1962
3,698,691,1963,696,694
3,700,705,1964,703
3,716,718,714,710,712,707,720,1965
3,725,729,1966,727,722
3,738,1967,731,734,736
3,1968,740,745,743
3,756,754,747,750,1969,752
3,758,769,767,1970,765,761,763
3,1971,771,774,776
3,778,1972,781,783
3,788,1973,792,785,790
3,805,807,801,799,1974,797,794,803
3,812,809,1975
3,817,819,1976,814
3,821,1977,824
3,831,1978,826,829
3,833,836,1979
3,838,843,841,1980
3,850,1981,852,848,845,856,854
3,867,1982,861,865,863,858
3,869,1983,872
3,874,877,1984
3,886,879,882,884,1985
3,891,1986,888
3,893,898,900,1987,896
3,905,1988,911,902,909,907
3,920,922,1989,916,918,913
3,1990,924,927
3,929,1991,932
3,1992,934,937
3,942,1993,939
3,947,944,1994
3,952,1995,949
3,954,1996,957
3,962,959,1997
3,971,1998,964,973,967,969,975
3,977,980,1999
3,2000,985,982
3,2001,990,987
3,2002,995,992
3,1000,2003,997
3,1002,1005,2004
3,2005,1007,1010
3,1015,1012,2006
3,1020,1017,2007
3,1025,2008,1022
3,1030,1032,1034,1036,1027,2009
3,1038,1041,2010
3,2011,1046,1048,1043
3,1053,2012,1050
3,2013,1055,1058
3,2014,1063,1060
3,2015,1065,1068
3,1070,2016,1073
3,2017,1082,1080,1088,1075,1078,1084,1086
3,1101,1095,1090,1099,1097,1093,2018
3,2325,1107,1111
3,1104,1109,1106,2323
3,2707,1110,1108,1103,2019,1105,338,2020,339
3,1125,1128,2333,1123
3,2335,1130,1126
3,1112,1129,342,2024,2023,1124,341,1120,2022,1114,1127,2021,1118,1122,1116
3,2343,1149,1146,1144
3,1151,2345,1147
3,1133,1143,1148,345,1150,344,2028,1137,1141,1131,2026,1135,1139,2025,1145,2027
3,1163,1161,1166,2353
3,2355,1164,1168
3,2032,1162,2029,347,1160,2031,1154,1152,348,1165,1158,1167,2030,1156
3,1197,1194,1192,2363
3,1199,1195,2365
3,1193,2036,1179,1175,1181,2035,351,1187,1196,2033,1198,1185,1183,1189,2034,1169,1177,350,1191,1171,1173
3,2373,1215,1218,1213
3,2375,1216,1220
3,2039,1219,1210,2040,1212,1204,1200,353,354,1206,1217,2037,1214,2038,1208,1202
3,1237,2383,1234,1232
3,1239,1235,2385
3,1236,357,1233,2043,1238,1221,1225,2044,356,1231,1229,1223,1227,2041,2042
3,1249,1247,2393,1252
3,2395,1250,1254
3,1244,359,2048,1246,1251,1253,1240,2046,1248,1242,2047,360,2045
3,2403,1277,1274,1272
3,1279,2405,1275
3,1271,1276,1267,1273,363,1261,1278,362,1269,1265,1257,2051,1263,2049,1255,2052,1259,2050
3,1303,2413,1306,1301
3,1304,2415,1308
3,2053,366,365,2056,1286,1292,2054,1280,1288,1305,1290,1298,1284,1307,1302,1294,1296,1300,2055,1282
3,1323,1320,2423,1318
3,1321,2425,1325
3,1311,1317,1322,2060,1313,2059,2058,1319,1309,368,1324,1315,2057,369
3,1349,2433,1354,1351
3,1352,2435,1356
3,1350,2063,2061,1334,1355,1348,1344,1342,371,2064,1338,1346,1330,1332,1328,2062,1326,372,1340,1336,1353
3,1367,1362,1364,2443
3,1369,1365,2445
3,1357,2067,2068,1359,1363,1361,374,2066,1368,2065,1366,375
3,2453,1379,1381,1384
3,1382,2455,1386
3,1376,378,2071,1383,2069,2072,1378,1372,1385,1370,1380,1374,2070,377
3,1402,1400,2463,1405
3,1407,2465,1403
3,1393,1395,1391,381,1399,1389,380,1397,2074,1387,2075,2073,2076,1401,1404,1406
3,1421,1423,2473,1426
3,1428,2475,1424
3,2080,2078,1427,1425,383,1414,2077,1418,1408,2079,1412,384,1410,1416,1420,1422
3,1450,1453,1448,2483
3,1451,2485,1455
3,1437,1433,2083,1435,1431,387,1454,1439,1447,1445,2084,1441,1429,1452,1449,2082,386,2081,1443
3,1469,1467,1472,2493
3,1474,1470,2495
3,1464,390,1468,389,2088,2086,1471,1456,1473,1466,1460,1462,2085,1458,2087
3,1493,1488,2503,1490
3,1491,2505,1495
3,1487,1489,393,2092,1481,1494,2091,1475,392,1483,1485,1477,2089,1492,2090,1479
3,1526,2513,1521,1523
3,1528,1524,2515
3,2093,396,1502,1520,2094,1516,2096,2095,1514,1506,1496,1518,1508,1525,1510,1504,395,1527,1512,1522,1500,1498
3,1554,1559,2523,1556
3,1557,2525,1561
3,2099,1555,1531,1551,1549,1560,399,1553,1545,1541,1535,1539,1547,2100,398,1543,2097,1529,1533,2098,1537,1558
3,1583,1588,1585,2533
3,1586,1590,2535
3,2102,1562,2103,1580,1570,1574,402,1576,1566,1564,401,1582,1589,1578,1587,1568,1572,2101,2104,1584
3,1606,1609,1604,2543
3,1611,1607,2545
3,1601,1603,1608,2106,2108,1599,1597,1595,1610,1591,2107,2105,1605,1593,405,404
3,1633,1636,1631,2553
3,1634,2555,1638
3,1635,1614,2110,1637,1622,407,408,2112,2109,1616,1632,2111,1628,1620,1618,1626,1630,1612,1624
3,1663,1660,1658,2563
3,2565,1665,1661
3,1662,2116,1655,1659,410,2115,411,1645,1657,2114,1653,1647,1664,1639,1651,1641,1643,1649,2113
3,1686,2573,1683,1681
3,1688,1684,2575
3,1685,1682,1666,2120,2119,1670,2117,1678,1668,1676,413,2118,1672,1674,1680,1687,414
3,2583,1713,1710,1708
3,2585,1715,1711
3,1705,1699,416,2123,1703,1689,1695,1709,1691,417,2121,2124,1712,1701,1693,1697,2122,1707,1714
3,1729,1734,2593,1731
3,1736,2595,1732
3,1730,1733,420,1724,2128,1720,1735,1718,1728,419,1726,2126,2127,1722,2125,1716
3,1746,2603,1751,1748
3,1749,1753,2605
3,1752,1737,1743,2129,1747,1745,2130,423,1739,422,2131,1741,1750,2132
3,1778,2613,1773,1775
3,1780,1776,2615
3,1764,425,1762,1766,1756,2136,1760,1772,1779,1777,1754,2135,2133,1770,426,1758,1768,2134,1774
3,2623,1801,1798,1796
3,2625,1803,1799
3,2138,428,2140,429,1781,1793,1802,1783,1797,2139,1791,1800,1785,1787,1795,2137,1789
3,2633,1821,1819,1824
3,1822,2635,1826
3,1806,1810,432,1818,1816,1820,1804,1808,2142,2143,1814,2141,2144,1812,1823,431,1825
3,1848,1846,2643,1851
3,2645,1853,1849
3,1829,1847,1845,1833,435,2147,2146,1839,1827,1831,2148,1843,1837,434,1852,1841,1850,1835,2145
3,1859,1861,1864,2653
3,2655,1862,1866
3,2150,1856,1860,2149,1863,2151,1858,438,1865,2152,437,1854
3,1878,1876,1881,2663
3,2665,1883,1879
3,1871,1882,1875,1877,2154,1873,2153,2156,440,1869,2155,1880,1867,441
3,2673,1904,1899,1901
3,1902,2675,1906
3,2159,1903,1884,1892,443,1890,2157,1898,444,1905,2158,1894,1900,1886,1888,1896,2160
3,1927,1922,1924,2683
3,2685,1929,1925
3,1928,2162,1921,1926,447,1915,1907,2163,1923,1911,2161,446,1913,1909,2164,1919,1917
3,1940,1936,1933,2693
3,2695,1942,1935
3,1938,2688,2690,1931
3,2168,2167,451,1932,1934,449,2166,2165,1930,1937,1941,1939,450
4,454
4,455
4
4,457
4
4,459
4
4,461
4
4,463
4,464
4
4,466
4
4,468
4
4,470
4,471
4
4,473
4
4,475
4
4,477
4
4,479
4
4,481
4
4,483
4,484
4
4,486
4
4,488
4
4,490
4
4,492
4
4,494
4
4,496
4
4,498
4
4,500
4
4,502
4,503
4
4,505
4
4,507
4
4,509
4
4,511
4
4,513
4
4,515
4
4,517
4,518
4
4,520
4
4,522
4
4,524
4
4,526
4,527
4
4,529
4
4,531
4
4,533
4
4,535
4
4,537
4
4,539
4,540
4
4,542
4
4,544
4
4,546
4
4,548
4
4,550
4
4,552
4
4,554
4,555
4
4,557
4
4,559
4
4,561
4
4,563
4,564
4
4,566
4
4,568
4
4,570
4
4,572
4
4,574
4
4,576
4
4,578
4
4,580
4
4,582
4
4,584
4
4,586
4,587
4
4,589
4
4,591
4
4,593
4
4,595
4
4,597
4
4,599
4
4,601
4
4,603
4
4,605
4
4,607
4,608
4
4,610
4
4,612
4
4,614
4
4,616
4
4,618
4
4,620
4
4,622
4,623
4
4,625
4
4,627
4
4,629
4
4,631
4,632
4
4,634
4
4,636
4
4,638
4,639
4
4,641
4
4,643
4
4,645
4,646
4
4,648
4
4,650
4
4,652
4
4,654
4
4,656
4,657
4
4,659
4
4,661
4
4,663
4,664
4
4,666
4
4,668
4
4,670
4
4,672
4,673
4
4,675
4
4,677
4
4,679
4
4,681
4,682
4
4,684
4
4,686
4
4,688
4
4,690
4
4,692
4,693
4
4,695
4
4,697
4
4,699
4
4,701
4,702
4
4,704
4
4,706
4
4,708
4,709
4
4,711
4
4,713
4
4,715
4
4,717
4
4,719
4
4,721
4
4,723
4,724
4
4,726
4
4,728
4
4,730
4
4,732
4,733
4
4,735
4
4,737
4
4,739
4
4,741
4,742
4
4,744
4
4,746
4
4,748
4,749
4
4,751
4
4,753
4
4,755
4
4,757
4
4,759
4,760
4
4,762
4
4,764
4
4,766
4
4,768
4
4,770
4
4,772
4,773
4
4,775
4
4,777
4
4,779
4,780
4
4,782
4
4,784
4
4,786
4,787
4
4,789
4
4,791
4
4,793
4
4,795
4,796
4
4,798
4
4,800
4
4,802
4
4,804
4
4,806
4
4,808
4
4,810
4,811
4
4,813
4
4,815
4,816
4
4,818
4
4,820
4
4,822
4,823
4
4,825
4
4,827
4,828
4
4,830
4
4,832
4
4,834
4,835
4
4,837
4
4,839
4,840
4
4,842
4
4,844
4
4,846
4,847
4
4,849
4
4,851
4
4,853
4
4,855
4
4,857
4
4,859
4,860
4
4,862
4
4,864
4
4,866
4
4,868
4
4,870
4,871
4
4,873
4
4,875
4,876
4
4,878
4
4,880
4,881
4
4,883
4
4,885
4
4,887
4
4,889
4,890
4
4,892
4
4,894
4,895
4
4,897
4
4,899
4
4,901
4
4,903
4,904
4
4,906
4
4,908
4
4,910
4
4,912
4
4,914
4,915
4
4,917
4
4,919
4
4,921
4
4,923
4
4,925
4,926
4
4,928
4
4,930
4,931
4
4,933
4
4,935
4,936
4
4,938
4
4,940
4,941
4
4,943
4
4,945
4,946
4
4,948
4
4,950
4,951
4
4,953
4
4,955
4,956
4
4,958
4
4,960
4,961
4
4,963
4
4,965
4,966
4
4,968
4
4,970
4
4,972
4
4,974
4
4,976
4
4,978
4,979
4
4,981
4
4,983
4,984
4
4,986
4
4,988
4,989
4
4,991
4
4,993
4,994
4
4,996
4
4,998
4,999
4
4,1001
4
4,1003
4,1004
4
4,1006
4
4,1008
4,1009
4
4,1011
4
4,1013
4,1014
4
4,1016
4
4,1018
4,1019
4
4,1021
4
4,1023
4,1024
4
4,1026
4
4,1028
4,1029
4
4,1031
4
4,1033
4
4,1035
4
4,1037
4
4,1039
4,1040
4
4,1042
4
4,1044
4,1045
4
4,1047
4
4,1049
4
4,1051
4,1052
4
4,1054
4
4,1056
4,1057
4
4,1059
4
4,1061
4,1062
4
4,1064
4
4,1066
4,1067
4
4,1069
4
4,1071
4,1072
4
4,1074
4
4,1076
4,1077
4
4,1079
4
4,1081
4
4,1083
4
4,1085
4
4,1087
4
4,1089
4
4,1091
4,1092
4
4,1094
4
4,1096
4
4,1098
4
4,1100
4
4,1102
4
4,1104
4
4,1106
4,1107
4
4,1109
4
4,1111
4
4,1113
4
4,1115
4
4,1117
4
4,1119
4
4,1121
4
4,1123
4
4,1125
4,1126
4
4,1128
4
4,1130
4
4,1132
4
4,1134
4
4,1136
4
4,1138
4
4,1140
4
4,1142
4
4,1144
4
4,1146
4,1147
4
4,1149
4
4,1151
4
4,1153
4
4,1155
4
4,1157
4
4,1159
4
4,1161
4
4,1163
4,1164
4
4,1166
4
4,1168
4
4,1170
4
4,1172
4
4,1174
4
4,1176
4
4,1178
4
4,1180
4
4,1182
4
4,1184
4
4,1186
4
4,1188
4
4,1190
4
4,1192
4
4,1194
4,1195
4
4,1197
4
4,1199
4
4,1201
4
4,1203
4
4,1205
4
4,1207
4
4,1209
4
4,1211
4
4,1213
4
4,1215
4,1216
4
4,1218
4
4,1220
4
4,1222
4
4,1224
4
4,1226
4
4,1228
4
4,1230
4
4,1232
4
4,1234
4,1235
4
4,1237
4
4,1239
4
4,1241
4
4,1243
4
4,1245
4
4,1247
4
4,1249
4,1250
4
4,1252
4
4,1254
4
4,1256
4
4,1258
4
4,1260
4
4,1262
4
4,1264
4
4,1266
4
4,1268
4
4,1270
4
4,1272
4
4,1274
4,1275
4
4,1277
4
4,1279
4
4,1281
4
4,1283
4
4,1285
4
4,1287
4
4,1289
4
4,1291
4
4,1293
4
4,1295
4
4,1297
4
4,1299
4
4,1301
4
4,1303
4,1304
4
4,1306
4
4,1308
4
4,1310
4
4,1312
4
4,1314
4
4,1316
4
4,1318
4
4,1320
4,1321
4
4,1323
4
4,1325
4
4,1327
4
4,1329
4
4,1331
4
4,1333
4
4,1335
4
4,1337
4
4,1339
4
4,1341
4
4,1343
4
4,1345
4
4,1347
4
4,1349
4
4,1351
4,1352
4
4,1354
4
4,1356
4
4,1358
4
4,1360
4
4,1362
4
4,1364
4,1365
4
4,1367
4
4,1369
4
4,1371
4
4,1373
4
4,1375
4
4,1377
4
4,1379
4
4,1381
4,1382
4
4,1384
4
4,1386
4
4,1388
4
4,1390
4
4,1392
4
4,1394
4
4,1396
4
4,1398
4
4,1400
4
4,1402
4,1403
4
4,1405
4
4,1407
4
4,1409
4
4,1411
4
4,1413
4
4,1415
4
4,1417
4
4,1419
4
4,1421
4
4,1423
4,1424
4
4,1426
4
4,1428
4
4,1430
4
4,1432
4
4,1434
4
4,1436
4
4,1438
4
4,1440
4
4,1442
4
4,1444
4
4,1446
4
4,1448
4
4,1450
4,1451
4
4,1453
4
4,1455
4
4,1457
4
4,1459
4
4,1461
4
4,1463
4
4,1465
4
4,1467
4
4,1469
4,1470
4
4,1472
4
4,1474
4
4,1476
4
4,1478
4
4,1480
4
4,1482
4
4,1484
4
4,1486
4
4,1488
4
4,1490
4,1491
4
4,1493
4
4,1495
4
4,1497
4
4,1499
4
4,1501
4
4,1503
4
4,1505
4
4,1507
4
4,1509
4
4,1511
4
4,1513
4
4,1515
4
4,1517
4
4,1519
4
4,1521
4
4,1523
4,1524
4
4,1526
4
4,1528
4
4,1530
4
4,1532
4
4,1534
4
4,1536
4
4,1538
4
4,1540
4
4,1542
4
4,1544
4
4,1546
4
4,1548
4
4,1550
4
4,1552
4
4,1554
4
4,1556
4,1557
4
4,1559
4
4,1561
4
4,1563
4
4,1565
4
4,1567
4
4,1569
4
4,1571
4
4,1573
4
4,1575
4
4,1577
4
4,1579
4
4,1581
4
4,1583
4
4,1585
4,1586
4
4,1588
4
4,1590
4
4,1592
4
4,1594
4
4,1596
4
4,1598
4
4,1600
4
4,1602
4
4,1604
4
4,1606
4,1607
4
4,1609
4
4,1611
4
4,1613
4
4,1615
4
4,1617
4
4,1619
4
4,1621
4
4,1623
4
4,1625
4
4,1627
4
4,1629
4
4,1631
4
4,1633
4,1634
4
4,1636
4
4,1638
4
4,1640
4
4,1642
4
4,1644
4
4,1646
4
4,1648
4
4,1650
4
4,1652
4
4,1654
4
4,1656
4
4,1658
4
4,1660
4,1661
4
4,1663
4
4,1665
4
4,1667
4
4,1669
4
4,1671
4
4,1673
4
4,1675
4
4,1677
4
4,1679
4
4,1681
4
4,1683
4,1684
4
4,1686
4
4,1688
4
4,1690
4
4,1692
4
4,1694
4
4,1696
4
4,1698
4
4,1700
4
4,1702
4
4,1704
4
4,1706
4
4,1708
4
4,1710
4,1711
4
4,1713
4
4,1715
4
4,1717
4
4,1719
4
4,1721
4
4,1723
4
4,1725
4
4,1727
4
4,1729
4
4,1731
4,1732
4
4,1734
4
4,1736
4
4,1738
4
4,1740
4
4,1742
4
4,1744
4
4,1746
4
4,1748
4,1749
4
4,1751
4
4,1753
4
4,1755
4
4,1757
4
4,1759
4
4,1761
4
4,1763
4
4,1765
4
4,1767
4
4,1769
4
4,1771
4
4,1773
4
4,1775
4,1776
4
4,1778
4
4,1780
4
4,1782
4
4,1784
4
4,1786
4
4,1788
4
4,1790
4
4,1792
4
4,1794
4
4,1796
4
4,1798
4,1799
4
4,1801
4
4,1803
4
4,1805
4
4,1807
4
4,1809
4
4,1811
4
4,1813
4
4,1815
4
4,1817
4
4,1819
4
4,1821
4,1822
4
4,1824
4
4,1826
4
4,1828
4
4,1830
4
4,1832
4
4,1834
4
4,1836
4
4,1838
4
4,1840
4
4,1842
4
4,1844
4
4,1846
4
4,1848
4,1849
4
4,1851
4
4,1853
4
4,1855
4
4,1857
4
4,1859
4
4,1861
4,1862
4
4,1864
4
4,1866
4
4,1868
4
4,1870
4
4,1872
4
4,1874
4
4,1876
4
4,1878
4,1879
4
4,1881
4
4,1883
4
4,1885
4
4,1887
4
4,1889
4
4,1891
4
4,1893
4
4,1895
4
4,1897
4
4,1899
4
4,1901
4,1902
4
4,1904
4
4,1906
4
4,1908
4
4,1910
4
4,1912
4
4,1914
4
4,1916
4
4,1918
4
4,1920
4
4,1922
4
4,1924
4,1925
4
4,1927
4
4,1929
4
4,1931
4
4,1933
4
4,1935
4,1936
4
4,1938
4
4,1940
4
4,1942
4
5,2169
5,2171
5,2173
5,2175
5,2177
5,2179
5,2181
5,2183
5,2185
5,2187
5,2189
5,2191
5,2193
5,2195
5,2197
5,2199
5,2201
5,2203
5,2205
5,2207
5,2209
5,2211
5,2213
5,2215
5,2217
5,2219
5,2221
5,2223
5,2225
5,2227
5,2229
5,2231
5,2233
5,2235
5,2237
5,2239
5,2241
5,2243
5,2245
5,2247
5,2249
5,2251
5,2253
5,2255
5,2257
5,2259
5,2261
5,2263
5,2265
5,2267
5,2269
5,2271
5,2273
5,2275
5,2277
5,2279
5,2281
5,2283
5,2285
5,2287
5,2289
5,2291
5,2293
5,2295
5,2297
5,2299
5,2301
5,2303
5,2305
5,2307
5,2309
5,2311
5,2313
5,2315
5,2317
5,2319
5,2321
5,2324
5,2326
5,2329
5,2331
5,2334
5,2336
5,2339
5,2341
5,2344
5,2346
5,2349
5,2351
5,2354
5,2356
5,2359
5,2361
5,2364
5,2366
5,2369
5,2371
5,2374
5,2376
5,2379
5,2381
5,2384
5,2386
5,2389
5,2391
5,2394
5,2396
5,2399
5,2401
5,2404
5,2406
5,2409
5,2411
5,2414
5,2416
5,2419
5,2421
5,2424
5,2426
5,2429
5,2431
5,2434
5,2436
5,2439
5,2441
5,2444
5,2446
5,2449
5,2451
5,2454
5,2456
5,2459
5,2461
5,2464
5,2466
5,2469
5,2471
5,2474
5,2476
5,2479
5,2481
5,2484
5,2486
5,2489
5,2491
5,2494
5,2496
5,2499
5,2501
5,2504
5,2506
5,2509
5,2511
5,2514
5,2516
5,2519
5,2521
5,2524
5,2526
5,2529
5,2531
5,2534
5,2536
5,2539
5,2541
5,2544
5,2546
5,2549
5,2551
5,2554
5,2556
5,2559
5,2561
5,2564
5,2566
5,2569
5,2571
5,2574
5,2576
5,2579
5,2581
5,2584
5,2586
5,2589
5,2591
5,2594
5,2596
5,2599
5,2601
5,2604
5,2606
5,2609
5,2611
5,2614
5,2616
5,2619
5,2621
5,2624
5,2626
5,2629
5,2631
5,2634
5,2636
5,2639
5,2641
5,2644
5,2646
5,2649
5,2651
5,2654
5,2656
5,2659
5,2661
5,2664
5,2666
5,2669
5,2671
5,2674
5,2676
5,2679
5,2681
5,2684
5,2686
5,2689
5,2691
5,2694
6,2170
6
6,2172
6
6,2174
6
6,2176
6
6,2178
6
6,2180
6
6,2182
6
6,2184
6
6,2186
6
6,2188
6
6,2190
6
6,2192
6
6,2194
6
6,2196
6
6,2198
6
6,2200
6
6,2202
6
6,2204
6
6,2206
6
6,2208
6
6,2210
6
6,2212
6
6,2214
6
6,2216
6
6,2218
6
6,2220
6
6,2222
6
6,2224
6
6,2226
6
6,2228
6
6,2230
6
6,2232
6
6,2234
6
6,2236
6
6,2238
6
6,2240
6
6,2242
6
6,2244
6
6,2246
6
6,2248
6
6,2250
6
6,2252
6
6,2254
6
6,2256
6
6,2258
6
6,2260
6
6,2262
6
6,2264
6
6,2266
6
6,2268
6
6,2270
6
6,2272
6
6,2274
6
6,2276
6
6,2278
6
6,2280
6
6,2282
6
6,2284
6
6,2286
6
6,2288
6
6,2290
6
6,2292
6
6,2294
6
6,2296
6
6,2298
6
6,2300
6
6,2302
6
6,2304
6
6,2306
6
6,2308
6
6,2310
6
6,2312
6
6,2314
6
6,2316
6
6,2318
6
6,2320
6
6,2322
6,2323
6
6,2325
6
6,2327
6,2328
6
6,2330
6
6,2332
6,2333
6
6,2335
6
6,2337
6,2338
6
6,2340
6
6,2342
6,2343
6
6,2345
6
6,2347
6,2348
6
6,2350
6
6,2352
6,2353
6
6,2355
6
6,2357
6,2358
6
6,2360
6
6,2362
6,2363
6
6,2365
6
6,2367
6,2368
6
6,2370
6
6,2372
6,2373
6
6,2375
6
6,2377
6,2378
6
6,2380
6
6,2382
6,2383
6
6,2385
6
6,2387
6,2388
6
6,2390
6
6,2392
6,2393
6
6,2395
6
6,2397
6,2398
6
6,2400
6
6,2402
6,2403
6
6,2405
6
6,2407
6,2408
6
6,2410
6
6,2412
6,2413
6
6,2415
6
6,2417
6,2418
6
6,2420
6
6,2422
6,2423
6
6,2425
6
6,2427
6,2428
6
6,2430
6
6,2432
6,2433
6
6,2435
6
6,2437
6,2438
6
6,2440
6
6,2442
6,2443
6
6,2445
6
6,2447
6,2448
6
6,2450
6
6,2452
6,2453
6
6,2455
6
6,2457
6,2458
6
6,2460
6
6,2462
6,2463
6
6,2465
6
6,2467
6,2468
6
6,2470
6
6,2472
6,2473
6
6,2475
6
6,2477
6,2478
6
6,2480
6
6,2482
6,2483
6
6,2485
6
6,2487
6,2488
6
6,2490
6
6,2492
6,2493
6
6,2495
6
6,2497
6,2498
6
6,2500
6
6,2502
6,2503
6
6,2505
6
6,2507
6,2508
6
6,2510
6
6,2512
6,2513
6
6,2515
6
6,2517
6,2518
6
6,2520
6
6,2522
6,2523
6
6,2525
6
6,2527
6,2528
6
6,2530
6
6,2532
6,2533
6
6,2535
6
6,2537
6,2538
6
6,2540
6
6,2542
6,2543
6
6,2545
6
6,2547
6,2548
6
6,2550
6
6,2552
6,2553
6
6,2555
6
6,2557
6,2558
6
6,2560
6
6,2562
6,2563
6
6,2565
6
6,2567
6,2568
6
6,2570
6
6,2572
6,2573
6
6,2575
6
6,2577
6,2578
6
6,2580
6
6,2582
6,2583
6
6,2585
6
6,2587
6,2588
6
6,2590
6
6,2592
6,2593
6
6,2595
6
6,2597
6,2598
6
6,2600
6
6,2602
6,2603
6
6,2605
6
6,2607
6,2608
6
6,2610
6
6,2612
6,2613
6
6,2615
6
6,2617
6,2618
6
6,2620
6
6,2622
6,2623
6
6,2625
6
6,2627
6,2628
6
6,2630
6
6,2632
6,2633
6
6,2635
6
6,2637
6,2638
6
6,2640
6
6,2642
6,2643
6
6,2645
6
6,2647
6,2648
6
6,2650
6
6,2652
6,2653
6
6,2655
6
6,2657
6,2658
6
6,2660
6
6,2662
6,2663
6
6,2665
6
6,2667
6,2668
6
6,2670
6
6,2672
6,2673
6
6,2675
6
6,2677
6,2678
6
6,2680
6
6,2682
6,2683
6
6,2685
6
6,2687
6,2688
6
6,2690
6
6,2692
6,2693
6
6,2695
6
14,189,2707
12
12,1892,1539,1259,1886,1593,2279,1894,1479,1265,2267,1599,1261,1008,2181,2173,1437,1177,940,2183,1678,1460,1919,1328,663,1290,1641,2309,1547,2207,1344,1397,2273,1445,1346,2291,2197,1483,1672,2281,708,1003,1693,2195,1435,1336,741,1156,2259,1018,1743,502,1835,1223,2311,1292,978,1551,889,1330,2201,1118,810,1263,2283,1890,1718,822,681,1076,607,2249,2177,2289,925,1412,622,880,2217,2215,1701,1651,1158,1154,1334,1724,1643,1564,1843,1091,1793,1414,1770,2251,1313,1760,1739,1135,1670,1039,1766,1653,1647,1372,955,2241,2219,1061,1376,1566,2285,1568,2253,993,2319,2209,645,2301,1518,1668,517,1720,960,1535,1183,1911,1340,1114,1458,786,1785,2187,1570,2275,1181,2239,1841,779,1839,1284,1179,1338,748,1764,1576,1315,2271,1133,1439,1311,1013,1023,1395,1208,1871,2189,2261,894,554,2305,2255,1624,2293,1915,1498,1508,2315,1173,2243,1758,1699,772,870,2233,2169,2295,1572,1286,2231,1359,1628,1296,1869,1227,1389,1649,1516,1189,1257,1597,1433,1051,1244,2203,2299,1917,1225,483,2245,1829,1580,723,2193,1697,2171,1888,1477,2235,839,1768,1418,983,2199,2191,1614,1294,827,2225,1204,759,1242,1410,1873,1044,834,965,1175,1171,2185,1500,1462,1504,631,1342,701,2179,1812,998,1703,2221,1756,2213,672,2265,1066,988,1485,470,859,1541,1512,1655,1620,950,1443,1120,1229,1816,1202,1814,935,1185,1896,1722,795,815,1695,2263,2247,1705,1510,2211,2277,1622,1791,1506,1810,1674,2223,454,1726,1206,1645,945,1431,732,1464,2297,1116,875,1282,1332,1288,903,930,1837,526,1056,1783,1626,2287,1298,1616,1808,1691,2205,2317,1441,1741,1574,1374,1618,1601,1833,2227,1393,1531,1269,1533,1502,1071,2175,1416,1909,1187,692,1595,1856,539,1210,914,1806,638,2229,1549,2257,1391,1762,1139,846,1913,2307,1141,1676,563,1514,2269,2313,1831,656,1578,463,2237,1543,1789,1481,1537,1028,2303,1545,1787,1267,586,1137
12,1709,1555,1248,1847,1468,1214,1659,1380,1319,1124,1934,1923,1162,1900,1193,1584,1860,1877,1747,1233,1489,1774,1605,1302,1422,1363,1682,1820,1730,1350,1522,1797,1273,1632,1105,1401,1449,1145
12,2599,2449,192,228,206,2329,196,194,2409,2639,236,240,2619,2499,2439,204,250,260,200,2479,2359,242,2649,252,218,208,224,2609,222,190,226,2389,258,2489,256,2629,2529,2509,2459,198,2539,2349,2469,220,2429,2569,246,2379,212,2519,2339,2559,248,2669,216,232,202,2589,244,254,2419,2399,214,230,238,2579,2679,2659,234,2369,2549,210
12,2632,2464,2684,1361,2584,2534,2382,2352,2502,1399,2404,2362,1246,2664,2544,2414,2432,2554,1160,1680,1553,1745,2474,2324,1520,2562,2522,1772,2564,2624,2594,2662,1795,2572,2652,2462,2434,1875,2342,1858,2634,1420,1122,2612,2374,2644,2642,2394,2402,2542,1466,2354,2574,1707,2344,1348,1231,2492,2494,2484,1317,2442,2322,2692,2412,2424,2614,1378,2422,2504,1447,2604,2384,2532,1898,1657,2472,2364,1932,2514,1143,1818,2332,2682,2392,2622,1921,2694,2524,2482,2512,2334,1103,2454,1487,2674,1845,1630,1212,2654,1300,2452,1603,2552,2582,2602,2672,1191,2592,1728,2372,1582,2444,1271
12,581,547,1737,877,922,788,617,807,521,571,487,534,918,1309,676,642,1020,497,512,1000,947,1255,598,957,532,1058,962,588,2597,1221,1370,848,769,1827,609,1456,472,2437,458,493,465,489,776,817,575,696,615,530,865,1907,514,1041,698,725,619,1082,1032,884,1884,1280,774,2517,594,504,669,674,1095,649,1036,909,474,2527,1475,495,2347,765,545,528,2677,2507,689,506,1112,975,1084,905,767,942,2467,2607,2327,2647,882,891,952,896,1010,729,2557,1015,687,600,624,1025,714,592,658,1131,2447,727,792,579,478,710,712,841,797,1804,867,613,476,2657,2577,1429,1152,985,694,523,1030,2357,716,718,836,510,596,508,558,491,1562,937,900,1867,783,720,1078,1093,647,1097,1169,1357,1240,2487,653,738,1101,685,1496,2617,850,519,995,678,854,556,2377,551,824,577,1854,1326,703,1080,852,1591,2457,920,971,2367,781,736,2397,752,2537,761,536,583,973,2627,611,1099,856,485,2567,863,667,1048,916,1612,805,801,2637,911,907,2417,743,2407,2689,633,2477,460,560,1689,829,590,660,626,2547,565,932,549,980,635,967,843,2387,790,872,1088,2427,1754,628,812,567,541,1200,2337,2587,2667,602,467,969,1639,750,1053,763,754,831,683,651,927,543,898,1063,705,665,1086,1716,1781,569,1073,799,1068,499,819,861,990,1387,1046,803,2497,1034,745,1005,573,886,756,734,1666,1529,604,480,1408,640,456
12,1587,1926,1525,1905,1129,1610,1712,1494,1198,1368,1685,1219,1637,1939,1217,1165,1492,1928,1322,1863,1148,1823,1452,1406,1236,1779,1852,1150,1527,1305,1687,1251,1635,1385,1558,1608,1825,1108,1454,1355,1802,1777,1560,1800,1473,1714,1752,1471,1733,1589,1425,1366,1253,1865,1383,1664,1427,1882,1735,1750,1307,1850,1167,1662,1404,1110,1903,1127,1238,1941,1278,1324,1353,1196,1276,1880
12,1937
12
12,2687,1930
7,2708
15