0
0
0
0
0
0
0
0
0
0
0
0
0
0
0
0
0
0
0
0
0
0
0
0
0
0
0
0
0
0
0
0
0
0
0
0
0
0
0
0
0
0
0
0
0
0
0
0
0
0
0
0
0
0
0
0
0
0
0
0
0
0
0
0
0
0
0
0
0
0
0
0
0
0
0
0
0
0,2314,830,464,1105,496,2312,191
0,479,2324,1122,2322,209,836,556
0,1009,621,2334,522,211,1031,1139,468,2332,558
0,1092,947,584,2344,706,675,2342,524,1162,560,599,213,903
0,526,2352,2354,737,1191,215,677,749,1055
0,2362,539,601,481,528,798,1033,586,562,1212,217,612,2364,679,649,1077
0,758,219,1247,660,692,2372,509,972,588,483,2374
0,728,638,1094,1038,221,2382,2384,1272
0,485,708,1291,470,2394,623,2392,223,974,569,1079
0,1316,225,472,2402,760,739,767,590,530,614,2404,787,640
0,1345,541,942,2414,571,227,2412,694
0,2422,735,1364,193,2424,927
0,1081,2432,625,1004,774,2434,1043,912,487,1379,229,807
0,1406,877,2444,814,932,863,1083,231,2442
0,1024,233,1427,2452,789,776,681,2454
0,2462,721,511,235,879,905,2464,1446,459,856,532
0,237,2474,543,2472,1471,534,662,592
0,545,2484,1490,2482,239,603
0,816,2492,573,664,241,1505,2494
0,723,2502,2504,1522,699,605,243
0,474,547,710,1060,2512,818,489,245,2514,1539,959,778
0,712,247,1566,780,868,884,907,2522,820,564,891,513,2524
0,2532,2534,922,673,195,832,1595,619
0,1614,762,2544,984,651,666,249,642,751,549,2542,701,896,714,1045
0,2554,498,841,1019,800,1647,2552,683,251
0,1668,2564,937,917,253,607,782,744,2562,954,791,994,730,802,685
0,255,2572,491,793,2574,1701,753,627
0,846,2584,575,989,1720,257,961,2582,858,1085,769,1014
0,259,2592,668,2594,851,1747,594,809,629
0,1065,653,716,2604,1070,870,886,979,2602,261,1768
0,1793,2614,197,952,1090,466,2612
0,199,834,1050,999,1029,457,2624,966,2622,658,503,1810,518,875
0,201,1841,968,2634,2632,634
0,554,2644,1856,2642,1075,690,520,647,580,901,203
0,505,205,2654,2652,1881
0,582,825,207,507,636,970,1894,2664,2662
0,1448,2154,455,1812
0,1322,1797,1541,1109,1297,462,2156,1143
0,2158,1251,1543,1383,1703,1126,1220,1299,477
0,1649,494,1111,2160
0,1452,1898,1253,2162,1570,1883,501,1820
0,1324,1145,1168,516,1222,1822,1473,1862,2164,1454,1195
0,1475,1492,1347,1616,537,2166,1224,1545
0,1226,1128,1147,1170,1572,1864,2168,552
0,2170,567,1301,1349,1507,1724
0,1228,1749,578,1255,1900,1326,1866,1477,2172,1172
0,1494,597,2174,1670,1230,1174,1524
0,1318,610,2176,1214
0,2178,1751,1385,617,1705,1599,1303,1149
0,1328,2180,1618,1845,1902,1276,632
0,645,1232,1770,1868,1620,2182
0,2184,1257,1622,1479,1509,1824,1753,656
0,1234,1601,1672,1651,1176,671,2186,1429,1197
0,2188,1259,688,1351,1870
0,1624,1526,697,2190
0,1547,1178,1772,1305,2192,1626,704,1574
0,719,1456,1528,2194
0,1674,726,2196,1278
0,733,1320,1193,1366,2198
0,1676,742,2200
0,1707,2202,1628,747,1199
0,2204,1630,756,1330,1261
0,1332,765,2206,1726
0,1678,772,1431,2208,1549,1576,1387
0,1680,785,2210,1334,1709,1433
0,2212,796,1653,1236,1682
0,1389,805,2214,1755
0,1511,812,2216,1410,1578,1551
0,1904,823,2218
0,1124,1597,1107,2220,1814,828
0,839,1655,2222
0,2224,844,1728
0,849,2226,1757
0,2228,1730,1458,854
0,2230,861,1412
0,2232,1580,866,1774
0,1460,873,2234,1414,1826
0,2236,1776,882,1582
0,1584,889,2238
0,2240,1632,894
0,2242,899,1858,1568,1164,1450
0,910,1391,2244
0,2246,1684,915
0,920,1603,2248
0,2250,925,1368
0,930,1416,2252
0,935,2254,1686
0,940,1353,2256
0,2258,945,1180
0,2260,1799,1688,950
0,2262,1553,957,1732
0,1293,2264,1816,1249,1843,1896,964
0,977,1778,2266
0,1634,982,2268
0,987,2270,1734
0,1690,2272,992
0,2274,1828,997
0,1002,1393,2276
0,2278,1007,1151
0,2280,1736,1012
0,2282,1017,1657
0,1022,2284,1435
0,1141,1818,2286,1216,1027
0,2288,1036,1280
0,1395,2290,1636,1041
0,1048,2292,1830
0,2294,1201,1053
0,2296,1555,1058
0,1063,2298,1780
0,1782,2300,1068
0,1381,1295,1860,1408,1073,1722,1218,2302
0,1166,1795,1274,2304,1088
1,2692
2,191
2
2,193
2
2,195
2
2,197
2
2,199
2
2,201
2
2,203
2
2,205
2
2,207
2
2,209
2
2,211
2
2,213
2
2,215
2
2,217
2
2,219
2
2,221
2
2,223
2
2,225
2
2,227
2
2,229
2
2,231
2
2,233
2
2,235
2
2,237
2
2,239
2
2,241
2
2,243
2
2,245
2
2,247
2
2,249
2
2,251
2
2,253
2
2,255
2
2,257
2
2,259
2
2,261
2
3,458,453,1927,456
3,469,465,473,471,463,467,460,1928
3,475,484,490,486,478,480,482,488,1929
3,1930,497,492,495
3,510,504,502,499,512,508,506,1931
3,514,523,1932,533,521,529,527,517,519,525,531
3,535,1933,540,546,544,538,548,542
3,555,1934,563,561,559,557,553,550
3,570,574,565,568,572,1935
3,579,587,591,593,576,581,585,1936,583,589
3,598,604,1937,595,602,606,600
3,1938,613,608,611
3,628,1939,618,626,624,622,620,615
3,639,637,630,635,633,641,1940
3,652,646,650,1941,648,643
3,657,661,663,665,667,654,659,1942
3,672,1943,669,680,674,678,682,684,676
3,686,689,693,1944,691
3,1945,698,700,695
3,702,713,707,715,711,705,1946,709
3,717,1947,722,720
3,724,729,1948,727
3,738,734,736,731,1949
3,743,1950,740
3,752,1951,745,748,750
3,1952,759,761,754,757
3,763,1953,766,768
3,770,781,779,777,1954,773,775
3,1955,786,783,790,788,792
3,801,794,1956,797,799
3,806,1957,803,808
3,817,815,1958,813,810,819
3,824,821,1959
3,829,831,1960,833,835,826
3,837,840,1961
3,845,1962,842
3,847,850,1963
3,852,857,855,1964
3,1965,862,859
3,867,869,864,1966
3,871,878,876,1967,874
3,883,885,880,1968
3,887,890,1969
3,895,1970,892
3,897,902,904,1971,900,906
3,908,911,1972
3,1973,916,913
3,1974,918,921
3,923,1975,926
3,931,1976,928
3,936,1977,933
3,941,938,1978
3,946,1979,943
3,953,948,1980,951
3,960,958,955,1981
3,1982,969,962,971,965,967,973
3,978,975,1983
3,1984,983,980
3,1985,988,985
3,993,990,1986
3,998,1987,995
3,1000,1003,1988
3,1989,1005,1008
3,1013,1010,1990
3,1018,1015,1991
3,1992,1020,1023
3,1028,1030,1032,1025,1993
3,1034,1037,1994
3,1995,1042,1039,1044
3,1996,1049,1046
3,1997,1051,1054
3,1059,1998,1056
3,1999,1061,1064
3,1066,2000,1069
3,2001,1082,1076,1078,1084,1071,1074,1080
3,1091,1086,1093,1089,2002
3,2309,1099,1103
3,1096,1101,1098,2307
3,2691,1102,1100,1095,2003,1097,338,2004,339
3,1118,1113,2317,1115
3,2319,1120,1116
3,1104,1114,342,1117,1110,2007,341,2008,2006,1112,1106,1119,2005,1108
3,2327,1130,1132,1135
3,1137,1133,2329
3,1123,1134,345,2012,1131,1127,1136,1121,344,2010,1129,1125,2009,2011
3,1153,2337,1158,1155
3,2339,1160,1156
3,1157,2016,2013,347,1148,2015,1159,1154,1140,1144,1138,1150,348,1146,1152,2014,1142
3,1187,1184,1182,2347
3,1185,1189,2349
3,2020,1171,1167,1175,1173,2019,1169,351,1183,1179,1188,1186,1177,2017,2018,1161,350,1163,1165,1181
3,2357,1205,1208,1203
3,1206,2359,1210
3,2023,354,1209,1200,2024,1202,353,1194,1190,1198,1196,1207,2021,1204,2022,1192
3,2367,1238,1243,1240
3,1241,2369,1245
3,1227,357,1229,1233,2027,1225,1231,1219,1211,1215,2028,356,2025,1223,1239,1235,1217,1242,1244,1213,1221,2026,1237
3,2377,1268,1265,1263
3,2379,1266,1270
3,1250,1267,359,1260,2032,1256,1262,1264,1252,1269,1246,1258,2030,1248,2031,360,2029,1254
3,1284,1282,1287,2387
3,1285,2389,1289
3,1283,363,362,1279,1273,2035,1281,1286,2033,1277,1271,2036,1275,2034,1288
3,1307,1309,2397,1312
3,1310,1314,2399
3,2037,366,365,1308,1313,1296,1306,1302,2038,1290,1298,1300,1311,1294,1304,2039,2040,1292
3,1341,1338,2407,1336
3,1339,1343,2409
3,1317,1327,2044,1337,1319,2043,1331,1335,1329,2042,1315,1342,368,1333,1340,1321,2041,1323,369,1325
3,1355,1357,2417,1360
3,1362,2419,1358
3,2047,2045,1352,1356,372,1354,2048,371,1361,1350,1346,2046,1359,1344,1348
3,1372,1370,2427,1375
3,1373,2429,1377
3,1376,2051,2052,1365,2050,1367,2049,1371,374,1369,1363,1374,375
3,1402,1399,2437,1397
3,1400,2439,1404
3,1384,1401,1386,1394,2053,2056,1380,1403,1392,378,377,1378,1388,1398,1382,2055,1396,1390,2054
3,1420,1423,1418,2447
3,1425,2449,1421
3,1411,2060,1413,1424,1409,381,1417,1407,1419,380,1415,2058,1405,2059,2057,1422
3,1437,1439,1442,2457
3,1444,2459,1440
3,2064,2062,1438,1443,1432,383,1441,2061,1426,2063,1430,384,1428,1434,1436
3,1467,2467,1464,1462
3,2469,1469,1465
3,1453,1466,2067,1449,1451,1447,1457,2068,1468,1463,1445,1461,2066,386,387,1455,2065,1459
3,1483,1481,1486,2477
3,1488,1484,2479
3,1474,1478,390,1482,389,2070,1470,1487,1485,1480,2072,1476,2069,1472,2071
3,1498,1496,2487,1501
3,2489,1499,1503
3,2076,2075,1489,393,392,1502,1491,1497,2074,1495,1500,2073,1493
3,1515,2497,1513,1518
3,1520,2499,1516
3,396,1519,1512,2077,2080,2079,1504,1514,1510,395,1517,2078,1508,1506
3,1535,2507,1530,1532
3,1537,1533,2509
3,2083,1523,1527,2084,399,1531,1536,1534,398,2081,1521,1525,2082,1529
3,1557,1559,1562,2517
3,1564,1560,2519
3,1552,2086,2085,1538,2088,1556,2087,1546,1550,1561,1542,401,1554,1544,1548,402,1558,1540,1563
3,1586,1588,2527,1591
3,1593,1589,2529
3,1581,2090,1575,1579,1571,1569,1590,1565,2091,1583,1567,1573,2092,1577,405,1587,2089,404,1592,1585
3,1607,1610,2537,1605
3,1612,2539,1608
3,1596,2094,1598,1594,1611,407,1604,408,2096,1606,2093,2095,1602,1600,1609
3,1638,2547,1640,1643
3,1641,1645,2549
3,1629,410,2099,1631,1639,411,1635,1619,2098,1637,1627,2100,1644,1613,1625,1633,1615,1617,1642,1621,1623,2097
3,1659,2557,1664,1661
3,1662,1666,2559
3,1665,1646,2104,1654,1650,2101,2103,1660,1648,1656,1658,413,2102,1663,1652,414
3,1694,1692,1697,2567
3,1699,2569,1695
3,1677,1685,1679,416,2107,2108,1681,1693,1698,1667,1669,417,1689,1671,2105,1691,1675,2106,1683,1673,1687,1696
3,1713,1711,1716,2577
3,1718,2579,1714
3,1717,420,1712,1715,1704,2112,1702,1708,1710,419,2110,2111,1706,2109,1700
3,1743,2587,1738,1740
3,1745,2589,1741
3,1731,1737,1727,1725,2114,1735,2113,422,1729,1739,1733,423,1721,2115,1723,1719,2116,1742,1744
3,1764,2597,1759,1761
3,2599,1762,1766
3,1756,1748,425,1763,1754,1758,2120,1765,1746,1760,2119,2117,1752,426,1750,2118
3,1784,2607,1786,1789
3,2609,1787,1791
3,2122,428,1790,2124,1785,1767,1771,1779,1788,1783,1777,1769,1781,2123,429,1773,2121,1775
3,2617,1803,1806,1801
3,1804,2619,1808
3,1802,1794,1798,432,1792,1796,2126,2127,2125,1805,1807,431,1800,2128
3,1837,2627,1834,1832
3,2629,1835,1839
3,1831,1833,1811,435,1836,1821,1809,1813,2132,1829,1825,434,1838,1815,1827,1817,2131,2130,1819,1823,2129
3,1847,1852,1849,2637
3,1854,2639,1850
3,1842,2134,2133,1844,437,438,2135,1853,1848,1851,1846,2136,1840
3,1874,1872,1877,2647
3,1879,2649,1875
3,1859,1871,1876,1873,1863,1878,441,2139,1869,2137,2140,1857,1865,440,1861,2138,1855,1867
3,1890,1887,2657,1885
3,1888,2659,1892
3,2143,1889,1880,443,1884,1882,2141,444,1891,2142,1886,2144
3,1906,1908,1911,2667
3,1913,2669,1909
3,1893,2146,447,1901,2147,2145,1899,446,1903,1905,1895,1897,1912,1907,1910,2148
3,2677,1924,1920,1917
3,2679,1926,1919
3,2674,1915,1922,2672
3,2152,2151,451,449,450,1918,2150,1916,2149,1921,1914,1925,1923
4,454
4,455
4
4,457
4
4,459
4
4,461
4,462
4
4,464
4
4,466
4
4,468
4
4,470
4
4,472
4
4,474
4
4,476
4,477
4
4,479
4
4,481
4
4,483
4
4,485
4
4,487
4
4,489
4
4,491
4
4,493
4,494
4
4,496
4
4,498
4
4,500
4,501
4
4,503
4
4,505
4
4,507
4
4,509
4
4,511
4
4,513
4
4,515
4,516
4
4,518
4
4,520
4
4,522
4
4,524
4
4,526
4
4,528
4
4,530
4
4,532
4
4,534
4
4,536
4,537
4
4,539
4
4,541
4
4,543
4
4,545
4
4,547
4
4,549
4
4,551
4,552
4
4,554
4
4,556
4
4,558
4
4,560
4
4,562
4
4,564
4
4,566
4,567
4
4,569
4
4,571
4
4,573
4
4,575
4
4,577
4,578
4
4,580
4
4,582
4
4,584
4
4,586
4
4,588
4
4,590
4
4,592
4
4,594
4
4,596
4,597
4
4,599
4
4,601
4
4,603
4
4,605
4
4,607
4
4,609
4,610
4
4,612
4
4,614
4
4,616
4,617
4
4,619
4
4,621
4
4,623
4
4,625
4
4,627
4
4,629
4
4,631
4,632
4
4,634
4
4,636
4
4,638
4
4,640
4
4,642
4
4,644
4,645
4
4,647
4
4,649
4
4,651
4
4,653
4
4,655
4,656
4
4,658
4
4,660
4
4,662
4
4,664
4
4,666
4
4,668
4
4,670
4,671
4
4,673
4
4,675
4
4,677
4
4,679
4
4,681
4
4,683
4
4,685
4
4,687
4,688
4
4,690
4
4,692
4
4,694
4
4,696
4,697
4
4,699
4
4,701
4
4,703
4,704
4
4,706
4
4,708
4
4,710
4
4,712
4
4,714
4
4,716
4
4,718
4,719
4
4,721
4
4,723
4
4,725
4,726
4
4,728
4
4,730
4
4,732
4,733
4
4,735
4
4,737
4
4,739
4
4,741
4,742
4
4,744
4
4,746
4,747
4
4,749
4
4,751
4
4,753
4
4,755
4,756
4
4,758
4
4,760
4
4,762
4
4,764
4,765
4
4,767
4
4,769
4
4,771
4,772
4
4,774
4
4,776
4
4,778
4
4,780
4
4,782
4
4,784
4,785
4
4,787
4
4,789
4
4,791
4
4,793
4
4,795
4,796
4
4,798
4
4,800
4
4,802
4
4,804
4,805
4
4,807
4
4,809
4
4,811
4,812
4
4,814
4
4,816
4
4,818
4
4,820
4
4,822
4,823
4
4,825
4
4,827
4,828
4
4,830
4
4,832
4
4,834
4
4,836
4
4,838
4,839
4
4,841
4
4,843
4,844
4
4,846
4
4,848
4,849
4
4,851
4
4,853
4,854
4
4,856
4
4,858
4
4,860
4,861
4
4,863
4
4,865
4,866
4
4,868
4
4,870
4
4,872
4,873
4
4,875
4
4,877
4
4,879
4
4,881
4,882
4
4,884
4
4,886
4
4,888
4,889
4
4,891
4
4,893
4,894
4
4,896
4
4,898
4,899
4
4,901
4
4,903
4
4,905
4
4,907
4
4,909
4,910
4
4,912
4
4,914
4,915
4
4,917
4
4,919
4,920
4
4,922
4
4,924
4,925
4
4,927
4
4,929
4,930
4
4,932
4
4,934
4,935
4
4,937
4
4,939
4,940
4
4,942
4
4,944
4,945
4
4,947
4
4,949
4,950
4
4,952
4
4,954
4
4,956
4,957
4
4,959
4
4,961
4
4,963
4,964
4
4,966
4
4,968
4
4,970
4
4,972
4
4,974
4
4,976
4,977
4
4,979
4
4,981
4,982
4
4,984
4
4,986
4,987
4
4,989
4
4,991
4,992
4
4,994
4
4,996
4,997
4
4,999
4
4,1001
4,1002
4
4,1004
4
4,1006
4,1007
4
4,1009
4
4,1011
4,1012
4
4,1014
4
4,1016
4,1017
4
4,1019
4
4,1021
4,1022
4
4,1024
4
4,1026
4,1027
4
4,1029
4
4,1031
4
4,1033
4
4,1035
4,1036
4
4,1038
4
4,1040
4,1041
4
4,1043
4
4,1045
4
4,1047
4,1048
4
4,1050
4
4,1052
4,1053
4
4,1055
4
4,1057
4,1058
4
4,1060
4
4,1062
4,1063
4
4,1065
4
4,1067
4,1068
4
4,1070
4
4,1072
4,1073
4
4,1075
4
4,1077
4
4,1079
4
4,1081
4
4,1083
4
4,1085
4
4,1087
4,1088
4
4,1090
4
4,1092
4
4,1094
4
4,1096
4
4,1098
4,1099
4
4,1101
4
4,1103
4
4,1105
4
4,1107
4
4,1109
4
4,1111
4
4,1113
4
4,1115
4,1116
4
4,1118
4
4,1120
4
4,1122
4
4,1124
4
4,1126
4
4,1128
4
4,1130
4
4,1132
4,1133
4
4,1135
4
4,1137
4
4,1139
4
4,1141
4
4,1143
4
4,1145
4
4,1147
4
4,1149
4
4,1151
4
4,1153
4
4,1155
4,1156
4
4,1158
4
4,1160
4
4,1162
4
4,1164
4
4,1166
4
4,1168
4
4,1170
4
4,1172
4
4,1174
4
4,1176
4
4,1178
4
4,1180
4
4,1182
4
4,1184
4,1185
4
4,1187
4
4,1189
4
4,1191
4
4,1193
4
4,1195
4
4,1197
4
4,1199
4
4,1201
4
4,1203
4
4,1205
4,1206
4
4,1208
4
4,1210
4
4,1212
4
4,1214
4
4,1216
4
4,1218
4
4,1220
4
4,1222
4
4,1224
4
4,1226
4
4,1228
4
4,1230
4
4,1232
4
4,1234
4
4,1236
4
4,1238
4
4,1240
4,1241
4
4,1243
4
4,1245
4
4,1247
4
4,1249
4
4,1251
4
4,1253
4
4,1255
4
4,1257
4
4,1259
4
4,1261
4
4,1263
4
4,1265
4,1266
4
4,1268
4
4,1270
4
4,1272
4
4,1274
4
4,1276
4
4,1278
4
4,1280
4
4,1282
4
4,1284
4,1285
4
4,1287
4
4,1289
4
4,1291
4
4,1293
4
4,1295
4
4,1297
4
4,1299
4
4,1301
4
4,1303
4
4,1305
4
4,1307
4
4,1309
4,1310
4
4,1312
4
4,1314
4
4,1316
4
4,1318
4
4,1320
4
4,1322
4
4,1324
4
4,1326
4
4,1328
4
4,1330
4
4,1332
4
4,1334
4
4,1336
4
4,1338
4,1339
4
4,1341
4
4,1343
4
4,1345
4
4,1347
4
4,1349
4
4,1351
4
4,1353
4
4,1355
4
4,1357
4,1358
4
4,1360
4
4,1362
4
4,1364
4
4,1366
4
4,1368
4
4,1370
4
4,1372
4,1373
4
4,1375
4
4,1377
4
4,1379
4
4,1381
4
4,1383
4
4,1385
4
4,1387
4
4,1389
4
4,1391
4
4,1393
4
4,1395
4
4,1397
4
4,1399
4,1400
4
4,1402
4
4,1404
4
4,1406
4
4,1408
4
4,1410
4
4,1412
4
4,1414
4
4,1416
4
4,1418
4
4,1420
4,1421
4
4,1423
4
4,1425
4
4,1427
4
4,1429
4
4,1431
4
4,1433
4
4,1435
4
4,1437
4
4,1439
4,1440
4
4,1442
4
4,1444
4
4,1446
4
4,1448
4
4,1450
4
4,1452
4
4,1454
4
4,1456
4
4,1458
4
4,1460
4
4,1462
4
4,1464
4,1465
4
4,1467
4
4,1469
4
4,1471
4
4,1473
4
4,1475
4
4,1477
4
4,1479
4
4,1481
4
4,1483
4,1484
4
4,1486
4
4,1488
4
4,1490
4
4,1492
4
4,1494
4
4,1496
4
4,1498
4,1499
4
4,1501
4
4,1503
4
4,1505
4
4,1507
4
4,1509
4
4,1511
4
4,1513
4
4,1515
4,1516
4
4,1518
4
4,1520
4
4,1522
4
4,1524
4
4,1526
4
4,1528
4
4,1530
4
4,1532
4,1533
4
4,1535
4
4,1537
4
4,1539
4
4,1541
4
4,1543
4
4,1545
4
4,1547
4
4,1549
4
4,1551
4
4,1553
4
4,1555
4
4,1557
4
4,1559
4,1560
4
4,1562
4
4,1564
4
4,1566
4
4,1568
4
4,1570
4
4,1572
4
4,1574
4
4,1576
4
4,1578
4
4,1580
4
4,1582
4
4,1584
4
4,1586
4
4,1588
4,1589
4
4,1591
4
4,1593
4
4,1595
4
4,1597
4
4,1599
4
4,1601
4
4,1603
4
4,1605
4
4,1607
4,1608
4
4,1610
4
4,1612
4
4,1614
4
4,1616
4
4,1618
4
4,1620
4
4,1622
4
4,1624
4
4,1626
4
4,1628
4
4,1630
4
4,1632
4
4,1634
4
4,1636
4
4,1638
4
4,1640
4,1641
4
4,1643
4
4,1645
4
4,1647
4
4,1649
4
4,1651
4
4,1653
4
4,1655
4
4,1657
4
4,1659
4
4,1661
4,1662
4
4,1664
4
4,1666
4
4,1668
4
4,1670
4
4,1672
4
4,1674
4
4,1676
4
4,1678
4
4,1680
4
4,1682
4
4,1684
4
4,1686
4
4,1688
4
4,1690
4
4,1692
4
4,1694
4,1695
4
4,1697
4
4,1699
4
4,1701
4
4,1703
4
4,1705
4
4,1707
4
4,1709
4
4,1711
4
4,1713
4,1714
4
4,1716
4
4,1718
4
4,1720
4
4,1722
4
4,1724
4
4,1726
4
4,1728
4
4,1730
4
4,1732
4
4,1734
4
4,1736
4
4,1738
4
4,1740
4,1741
4
4,1743
4
4,1745
4
4,1747
4
4,1749
4
4,1751
4
4,1753
4
4,1755
4
4,1757
4
4,1759
4
4,1761
4,1762
4
4,1764
4
4,1766
4
4,1768
4
4,1770
4
4,1772
4
4,1774
4
4,1776
4
4,1778
4
4,1780
4
4,1782
4
4,1784
4
4,1786
4,1787
4
4,1789
4
4,1791
4
4,1793
4
4,1795
4
4,1797
4
4,1799
4
4,1801
4
4,1803
4,1804
4
4,1806
4
4,1808
4
4,1810
4
4,1812
4
4,1814
4
4,1816
4
4,1818
4
4,1820
4
4,1822
4
4,1824
4
4,1826
4
4,1828
4
4,1830
4
4,1832
4
4,1834
4,1835
4
4,1837
4
4,1839
4
4,1841
4
4,1843
4
4,1845
4
4,1847
4
4,1849
4,1850
4
4,1852
4
4,1854
4
4,1856
4
4,1858
4
4,1860
4
4,1862
4
4,1864
4
4,1866
4
4,1868
4
4,1870
4
4,1872
4
4,1874
4,1875
4
4,1877
4
4,1879
4
4,1881
4
4,1883
4
4,1885
4
4,1887
4,1888
4
4,1890
4
4,1892
4
4,1894
4
4,1896
4
4,1898
4
4,1900
4
4,1902
4
4,1904
4
4,1906
4
4,1908
4,1909
4
4,1911
4
4,1913
4
4,1915
4
4,1917
4
4,1919
4,1920
4
4,1922
4
4,1924
4
4,1926
4
5,2153
5,2155
5,2157
5,2159
5,2161
5,2163
5,2165
5,2167
5,2169
5,2171
5,2173
5,2175
5,2177
5,2179
5,2181
5,2183
5,2185
5,2187
5,2189
5,2191
5,2193
5,2195
5,2197
5,2199
5,2201
5,2203
5,2205
5,2207
5,2209
5,2211
5,2213
5,2215
5,2217
5,2219
5,2221
5,2223
5,2225
5,2227
5,2229
5,2231
5,2233
5,2235
5,2237
5,2239
5,2241
5,2243
5,2245
5,2247
5,2249
5,2251
5,2253
5,2255
5,2257
5,2259
5,2261
5,2263
5,2265
5,2267
5,2269
5,2271
5,2273
5,2275
5,2277
5,2279
5,2281
5,2283
5,2285
5,2287
5,2289
5,2291
5,2293
5,2295
5,2297
5,2299
5,2301
5,2303
5,2305
5,2308
5,2310
5,2313
5,2315
5,2318
5,2320
5,2323
5,2325
5,2328
5,2330
5,2333
5,2335
5,2338
5,2340
5,2343
5,2345
5,2348
5,2350
5,2353
5,2355
5,2358
5,2360
5,2363
5,2365
5,2368
5,2370
5,2373
5,2375
5,2378
5,2380
5,2383
5,2385
5,2388
5,2390
5,2393
5,2395
5,2398
5,2400
5,2403
5,2405
5,2408
5,2410
5,2413
5,2415
5,2418
5,2420
5,2423
5,2425
5,2428
5,2430
5,2433
5,2435
5,2438
5,2440
5,2443
5,2445
5,2448
5,2450
5,2453
5,2455
5,2458
5,2460
5,2463
5,2465
5,2468
5,2470
5,2473
5,2475
5,2478
5,2480
5,2483
5,2485
5,2488
5,2490
5,2493
5,2495
5,2498
5,2500
5,2503
5,2505
5,2508
5,2510
5,2513
5,2515
5,2518
5,2520
5,2523
5,2525
5,2528
5,2530
5,2533
5,2535
5,2538
5,2540
5,2543
5,2545
5,2548
5,2550
5,2553
5,2555
5,2558
5,2560
5,2563
5,2565
5,2568
5,2570
5,2573
5,2575
5,2578
5,2580
5,2583
5,2585
5,2588
5,2590
5,2593
5,2595
5,2598
5,2600
5,2603
5,2605
5,2608
5,2610
5,2613
5,2615
5,2618
5,2620
5,2623
5,2625
5,2628
5,2630
5,2633
5,2635
5,2638
5,2640
5,2643
5,2645
5,2648
5,2650
5,2653
5,2655
5,2658
5,2660
5,2663
5,2665
5,2668
5,2670
5,2673
5,2675
5,2678
6,2154
6
6,2156
6
6,2158
6
6,2160
6
6,2162
6
6,2164
6
6,2166
6
6,2168
6
6,2170
6
6,2172
6
6,2174
6
6,2176
6
6,2178
6
6,2180
6
6,2182
6
6,2184
6
6,2186
6
6,2188
6
6,2190
6
6,2192
6
6,2194
6
6,2196
6
6,2198
6
6,2200
6
6,2202
6
6,2204
6
6,2206
6
6,2208
6
6,2210
6
6,2212
6
6,2214
6
6,2216
6
6,2218
6
6,2220
6
6,2222
6
6,2224
6
6,2226
6
6,2228
6
6,2230
6
6,2232
6
6,2234
6
6,2236
6
6,2238
6
6,2240
6
6,2242
6
6,2244
6
6,2246
6
6,2248
6
6,2250
6
6,2252
6
6,2254
6
6,2256
6
6,2258
6
6,2260
6
6,2262
6
6,2264
6
6,2266
6
6,2268
6
6,2270
6
6,2272
6
6,2274
6
6,2276
6
6,2278
6
6,2280
6
6,2282
6
6,2284
6
6,2286
6
6,2288
6
6,2290
6
6,2292
6
6,2294
6
6,2296
6
6,2298
6
6,2300
6
6,2302
6
6,2304
6
6,2306
6,2307
6
6,2309
6
6,2311
6,2312
6
6,2314
6
6,2316
6,2317
6
6,2319
6
6,2321
6,2322
6
6,2324
6
6,2326
6,2327
6
6,2329
6
6,2331
6,2332
6
6,2334
6
6,2336
6,2337
6
6,2339
6
6,2341
6,2342
6
6,2344
6
6,2346
6,2347
6
6,2349
6
6,2351
6,2352
6
6,2354
6
6,2356
6,2357
6
6,2359
6
6,2361
6,2362
6
6,2364
6
6,2366
6,2367
6
6,2369
6
6,2371
6,2372
6
6,2374
6
6,2376
6,2377
6
6,2379
6
6,2381
6,2382
6
6,2384
6
6,2386
6,2387
6
6,2389
6
6,2391
6,2392
6
6,2394
6
6,2396
6,2397
6
6,2399
6
6,2401
6,2402
6
6,2404
6
6,2406
6,2407
6
6,2409
6
6,2411
6,2412
6
6,2414
6
6,2416
6,2417
6
6,2419
6
6,2421
6,2422
6
6,2424
6
6,2426
6,2427
6
6,2429
6
6,2431
6,2432
6
6,2434
6
6,2436
6,2437
6
6,2439
6
6,2441
6,2442
6
6,2444
6
6,2446
6,2447
6
6,2449
6
6,2451
6,2452
6
6,2454
6
6,2456
6,2457
6
6,2459
6
6,2461
6,2462
6
6,2464
6
6,2466
6,2467
6
6,2469
6
6,2471
6,2472
6
6,2474
6
6,2476
6,2477
6
6,2479
6
6,2481
6,2482
6
6,2484
6
6,2486
6,2487
6
6,2489
6
6,2491
6,2492
6
6,2494
6
6,2496
6,2497
6
6,2499
6
6,2501
6,2502
6
6,2504
6
6,2506
6,2507
6
6,2509
6
6,2511
6,2512
6
6,2514
6
6,2516
6,2517
6
6,2519
6
6,2521
6,2522
6
6,2524
6
6,2526
6,2527
6
6,2529
6
6,2531
6,2532
6
6,2534
6
6,2536
6,2537
6
6,2539
6
6,2541
6,2542
6
6,2544
6
6,2546
6,2547
6
6,2549
6
6,2551
6,2552
6
6,2554
6
6,2556
6,2557
6
6,2559
6
6,2561
6,2562
6
6,2564
6
6,2566
6,2567
6
6,2569
6
6,2571
6,2572
6
6,2574
6
6,2576
6,2577
6
6,2579
6
6,2581
6,2582
6
6,2584
6
6,2586
6,2587
6
6,2589
6
6,2591
6,2592
6
6,2594
6
6,2596
6,2597
6
6,2599
6
6,2601
6,2602
6
6,2604
6
6,2606
6,2607
6
6,2609
6
6,2611
6,2612
6
6,2614
6
6,2616
6,2617
6
6,2619
6
6,2621
6,2622
6
6,2624
6
6,2626
6,2627
6
6,2629
6
6,2631
6,2632
6
6,2634
6
6,2636
6,2637
6
6,2639
6
6,2641
6,2642
6
6,2644
6
6,2646
6,2647
6
6,2649
6
6,2651
6,2652
6
6,2654
6
6,2656
6,2657
6
6,2659
6
6,2661
6,2662
6
6,2664
6
6,2666
6,2667
6
6,2669
6
6,2671
6,2672
6
6,2674
6
6,2676
6,2677
6
6,2679
6
14,189,2691
12
12,1275,1882,1567,2263,1493,2251,1277,1006,2165,2157,2213,1169,934,2167,1474,1346,687,1527,1821,1300,1615,2293,1227,1733,2191,1415,2257,2275,2181,1386,2265,1596,1256,732,1001,1671,2179,1451,1679,755,1142,2243,1016,1327,1550,500,1213,2295,1815,1148,1302,893,1901,2185,1110,822,1279,2267,1702,838,703,1072,609,2233,2161,2273,1623,991,1430,616,888,2201,2199,1026,1625,1144,1352,1708,1540,1825,1087,1779,2235,1721,1125,1650,1035,1627,1621,1380,949,2225,1260,2203,1057,1384,1542,2269,1544,1573,2237,1865,1254,1258,2193,655,1685,1235,2285,1648,515,1704,956,1175,1897,1731,1581,1106,1221,1472,804,1233,2171,1546,2259,2277,1863,1173,2223,1823,1631,795,1294,1171,764,1756,1552,1681,1449,1321,2255,1123,1455,1317,1140,1011,1021,1413,1052,1198,2173,2245,1367,1577,898,566,2289,2239,1506,2299,1165,2227,1629,1750,1677,1252,784,872,2217,2153,2279,1548,1296,2215,1365,1217,1407,1273,1571,1231,1453,1869,1617,1047,1250,2187,2283,1903,996,1687,939,1215,493,1652,2229,1811,1333,741,2177,1675,2155,1229,1491,2219,1428,853,1752,981,1350,1219,2183,2175,1304,1319,1579,1683,843,1727,2209,771,1248,1331,1861,1040,848,1857,1635,963,1167,1163,2169,1392,1476,631,1432,725,2163,2205,1748,2197,696,2249,1062,1827,986,476,1729,1602,944,1459,865,1192,929,881,1706,811,1150,827,1673,2303,2247,2231,2195,1771,1325,1844,2261,1777,1798,1654,2207,454,1859,1196,1619,1323,1447,746,1478,1725,2281,1388,1108,1633,1292,1298,909,924,1394,1819,1817,536,1177,1794,1689,2211,1769,2271,1598,1796,2189,2301,1781,1583,1829,1735,1348,1457,1723,1382,1600,1223,1575,1194,1411,1523,1525,1510,1067,2159,1434,1895,1179,718,1569,1842,551,1200,914,644,1146,976,2241,1813,1409,1754,1390,1867,860,1899,2291,1656,577,1329,2253,1508,2297,670,1554,1225,1669,461,2221,1775,919,2287,1773,596,1127
12,1587,1482,1337,1204,1154,1693,1264,1183,1283,1907,1639,1802,1660,1739,1918,1114,1833,1438,1886,1131,1308,1239,1514,1760,1785,1463,1398,1497,1873,1558,1371,1606,1097,1356,1531,1419,1712,1848
12,2583,2433,192,228,2313,196,194,2623,236,2523,240,2603,2483,2423,204,250,260,200,252,2463,2343,242,2633,206,2473,218,2553,208,224,2393,222,190,226,2373,258,2663,256,2513,254,2443,198,2333,2613,2453,220,2413,246,2363,2593,212,2503,2323,2543,248,2653,216,232,202,2573,244,2493,2403,2383,214,238,2563,2643,230,234,2353,2533,210
12,2616,2448,2668,2568,1884,2518,2308,2366,2336,1396,2486,1417,2388,2428,2346,2648,2528,2628,2398,2416,1436,2498,1905,2458,1831,1800,1262,2546,2506,1335,2446,2548,2608,1691,2646,2418,2326,2618,2596,2358,2626,2378,1369,1512,1585,2386,1281,2338,2558,2426,2328,2476,1495,2478,2306,2676,2396,2408,1737,2598,1529,1658,2406,2488,2578,1846,1637,2636,1152,2538,2586,2588,2556,1783,2368,2516,2656,1129,2456,2348,1604,1916,1181,2316,1758,1461,2376,2606,2678,2508,2496,2318,1095,1710,2658,2466,1202,2638,2436,1354,2438,2468,1306,1112,2536,1237,2566,2576,2356,1480,2666,2526,1556,1871
12,628,885,559,1719,883,527,806,585,497,1315,700,648,1018,2641,510,1700,1271,951,542,1054,958,598,2581,1211,1378,862,781,531,2541,1809,611,1470,2561,478,523,2421,458,463,788,829,589,722,540,792,906,678,469,512,2501,1037,743,557,667,1030,1290,786,604,693,698,1091,1893,659,480,738,2511,684,713,1489,715,2331,777,967,538,835,555,2491,711,504,761,1104,973,1080,473,1855,911,1028,779,2521,936,2451,2591,2311,890,895,946,998,900,1008,1013,709,1023,548,602,672,1121,2431,593,484,734,736,855,813,878,1792,574,876,1082,626,482,1445,1138,983,720,521,2631,2661,2341,622,850,508,606,652,506,570,676,941,833,1538,931,904,799,1074,1089,657,1093,1161,624,682,1246,2471,663,752,707,1504,1840,2601,517,993,568,2361,563,840,1565,591,1344,727,1076,502,2441,969,2351,797,1363,750,960,2381,544,768,773,546,971,613,495,1078,2551,869,691,1044,916,1594,817,2621,953,618,2401,757,801,467,2391,639,2673,633,790,2461,572,1613,1667,600,674,620,2531,579,926,561,978,635,965,857,2371,808,1049,874,1084,2411,1746,824,581,553,1190,519,2321,2571,465,488,766,490,775,1880,705,661,921,680,902,1059,650,729,689,525,1767,583,665,1069,815,1064,2651,831,867,988,1405,1042,529,819,471,1032,759,1003,587,637,845,2611,748,1646,641,533,2481,1521,486,1426,646,456
12,1441,1836,1563,1912,1242,1742,1119,1698,1878,1374,1665,1715,1209,1561,1117,1763,1744,1207,1267,1765,1340,1403,1790,1805,1592,1134,1468,1536,1424,1288,1876,1313,1136,1891,1889,1517,1788,1269,1611,1717,1609,1286,1159,1485,1100,1500,1519,1487,1311,1186,1642,1696,1157,1443,1851,1359,1244,1376,1838,1361,1807,1422,1102,1925,1923,1644,1910,1590,1502,1401,1534,1663,1466,1342,1853,1188
12,1921
12
12,2671,1914
7,2692
15