0
0
0
0
0
0
0
0
0
0
0
0
0
0
0
0
0
0
0
0
0
0
0
0
0
0
0
0
0
0
0
0
0
0
0
0
0
0
0
0
0
0,381,461,1224,317,1226,95
0,1236,113,1234,348,476
0,1244,444,115,489,1246
0,1254,502,117,446,1256
0,1266,1264,119,515,350
0,1274,424,1276,121,528
0,332,123,541,1284,1286
0,1296,334,1294,125,554
0,1306,336,1304,127,567
0,580,1316,1314,129,359
0,1326,385,131,593,1324
0,606,383,97,319,330,1336,357,1334
0,625,133,1344,387,1346
0,1354,1356,321,638,135
0,389,137,651,1364,1366
0,1374,139,426,664,1376
0,141,361,1386,677,1384
0,1394,1396,400,690,143
0,703,1406,448,145,1404
0,1414,1416,363,716,147
0,1426,1424,149,352,729
0,151,365,1436,1434,742
0,372,422,99,394,755,1444,431,1446
0,1454,774,153,1456,323
0,1464,1466,155,343,787
0,325,800,157,1474,1476
0,159,402,813,1484,1486
0,826,415,161,1496,1494
0,163,1506,1504,435,839
0,852,1516,165,1514,437
0,1524,376,865,167,1526
0,169,1534,1536,878,367
0,1546,891,1544,171,450
0,374,101,1554,904,407,1556
0,173,1564,919,1566,417
0,103,396,932,1576,442,1574
0,947,1586,105,1584,409,398
0,962,341,1594,1596,107
0,975,411,109,1604,1606
0,413,1614,1616,988,433,111
0,640,608,315,802,1194,776,463
0,556,328,569,1196,614,543
0,1198,339,789,964
0,731,346,517,478,1200
0,679,1202,582,355,718,610,880,744
0,1204,906,757,370,867
0,653,612,465,379,1206,595,627
0,759,949,815,1208,392,934,692
0,908,1210,921,828,951,990,977,405
0,530,420,666,1212,761
0,763,992,429,854,841,1214
0,1216,440,893,705,936,504,491
1,1644
2,95
2
2,97
2
2,99
2
2,101
2
2,103
2
2,105
2
2,107
2
2,109
2
2,111
2
2,113
2
2,115
2
2,117
2
2,119
2
2,121
2
2,123
2
2,125
2
2,127
2
2,129
2
2,131
2
2,133
2
2,135
2
2,137
2
2,139
2
2,141
2
2,143
2
2,145
2
2,147
2
2,149
2
2,151
2
2,153
2
2,155
2
2,157
2
2,159
2
2,161
2
2,163
2
2,165
2
2,167
2
2,169
2
2,171
2
2,173
2
3,324,318,1015,320,322,313,316
3,335,331,333,329,326,1016
3,337,340,342,1017
3,1018,351,349,344,347
3,358,364,356,362,360,353,366,1019
3,1020,373,375,368,371
3,1021,382,377,388,386,384,380
3,1022,390,397,393,395,399,401
3,412,416,408,403,410,406,1023,414
3,425,418,1024,421,423
3,436,1025,427,430,432,434
3,449,438,445,1026,443,447,441
3,459,1221,455
3,452,457,1219,454
3,453,451,1027,458,456,187,1643,1028,186
3,467,472,469,1229
3,474,1231,470
3,1029,466,460,1030,1032,1031,471,464,189,190,473,468,462
3,1239,480,482,485
3,483,487,1241
3,479,1034,481,1033,477,484,475,192,1036,1035,193,486
3,493,495,498,1249
3,1251,496,500
3,488,1040,1039,490,494,195,196,492,499,1038,497,1037
3,511,508,506,1259
3,509,513,1261
3,1043,1044,503,510,512,198,501,507,199,1042,1041,505
3,521,1269,524,519
3,522,526,1271
3,1046,1047,1048,201,520,516,514,518,525,1045,202,523
3,1279,532,537,534
3,1281,535,539
3,1049,1050,529,1051,1052,205,536,531,204,538,527,533
3,545,547,1289,550
3,1291,548,552
3,1053,542,544,1056,549,1054,1055,546,540,208,207,551
3,563,560,558,1299
3,561,565,1301
3,1058,1057,553,564,1060,559,557,1059,211,562,210,555
3,1309,576,573,571
3,1311,574,578
3,570,568,575,1061,566,213,572,1062,577,214,1064,1063
3,1319,589,584,586
3,587,1321,591
3,579,1068,583,217,585,1065,590,588,581,1067,1066,216
3,1329,597,602,599
3,1331,600,604
3,1070,1069,220,598,594,1072,603,1071,219,592,601,596
3,618,616,621,1339
3,619,1341,623
3,613,615,1074,607,222,605,617,620,611,609,1075,1076,622,1073,223
3,634,1349,629,631
3,1351,632,636
3,226,1079,1077,633,1080,630,624,628,225,635,1078,626
3,647,642,644,1359
3,1361,649,645
3,228,648,1081,1082,646,639,1083,643,637,641,1084,229
3,1369,660,657,655
3,1371,658,662
3,652,656,650,659,1088,231,1086,1087,232,661,654,1085
3,668,673,670,1379
3,1381,671,675
3,663,234,1091,235,674,665,1090,667,672,1092,669,1089
3,1389,681,686,683
3,688,1391,684
3,238,1095,687,237,680,1096,676,1093,1094,682,678,685
3,694,1399,699,696
3,697,1401,701
3,695,1097,1099,693,240,689,700,1098,698,1100,241,691
3,1409,712,709,707
3,710,1411,714
3,1101,706,704,243,711,1104,1103,702,244,1102,713,708
3,722,725,720,1419
3,727,723,1421
3,1108,1105,715,719,724,1106,246,1107,717,726,247,721
3,733,1429,738,735
3,736,1431,740
3,249,737,730,1109,728,250,1112,1110,732,734,1111,739
3,746,751,1439,748
3,1441,753,749
3,253,743,745,1116,252,1114,750,741,747,1113,752,1115
3,767,770,765,1449
3,772,768,1451
3,256,760,758,769,255,754,1117,764,1120,771,1119,756,1118,762,766
3,1459,780,783,778
3,781,1461,785
3,1122,784,1121,1124,777,258,1123,259,782,773,779,775
3,796,793,791,1469
3,1471,794,798
3,1127,786,1125,1128,261,797,795,792,788,790,1126,262
3,1479,804,809,806
3,807,1481,811
3,265,1130,805,801,1131,808,264,1129,803,799,810,1132
3,822,1489,817,819
3,820,1491,824
3,1136,267,823,1134,1133,268,821,812,818,816,1135,814
3,835,830,1499,832
3,837,1501,833
3,834,1138,1137,271,270,1140,829,1139,825,831,836,827
3,843,848,845,1509
3,850,1511,846
3,840,842,844,1143,1141,1144,849,1142,847,274,838,273
3,858,861,1519,856
3,859,863,1521
3,855,1148,857,277,1146,862,851,853,1147,1145,276,860
3,874,1529,871,869
3,1531,872,876
3,873,875,280,1150,866,870,1152,868,279,864,1149,1151
3,882,884,887,1539
3,885,889,1541
3,282,883,1156,879,881,283,886,1155,877,888,1153,1154
3,897,895,1549,900
3,1551,898,902
3,901,1160,896,892,899,1157,286,1158,894,890,285,1159
3,1559,910,915,912
3,1561,917,913
3,289,1161,1162,1163,905,288,903,1164,909,911,916,907,914
3,928,925,1569,923
3,1571,926,930
3,924,918,1167,291,292,1166,1165,929,922,920,1168,927
3,943,1579,940,938
3,941,1581,945
3,931,295,1169,1172,1170,942,294,939,937,1171,935,933,944
3,955,953,1589,958
3,1591,960,956
3,954,1173,948,1174,1176,1175,950,959,946,957,298,297,952
3,1599,966,968,971
3,973,969,1601
3,301,1177,967,963,1178,972,965,300,1180,970,961,1179
3,979,1609,984,981
3,982,986,1611
3,304,976,985,983,974,978,1183,1182,303,980,1181,1184
3,994,1619,999,996
3,1621,1001,997
3,1187,987,307,991,1186,993,306,1000,1188,998,995,1185,989
3,1005,1012,1008,1629
3,1631,1007,1014
3,1624,1626,1010,1003
3,310,1009,309,1192,1002,1189,1191,1004,1013,1190,311,1011,1006
4,314
4,315
4
4,317
4
4,319
4
4,321
4
4,323
4
4,325
4
4,327
4,328
4
4,330
4
4,332
4
4,334
4
4,336
4
4,338
4,339
4
4,341
4
4,343
4
4,345
4,346
4
4,348
4
4,350
4
4,352
4
4,354
4,355
4
4,357
4
4,359
4
4,361
4
4,363
4
4,365
4
4,367
4
4,369
4,370
4
4,372
4
4,374
4
4,376
4
4,378
4,379
4
4,381
4
4,383
4
4,385
4
4,387
4
4,389
4
4,391
4,392
4
4,394
4
4,396
4
4,398
4
4,400
4
4,402
4
4,404
4,405
4
4,407
4
4,409
4
4,411
4
4,413
4
4,415
4
4,417
4
4,419
4,420
4
4,422
4
4,424
4
4,426
4
4,428
4,429
4
4,431
4
4,433
4
4,435
4
4,437
4
4,439
4,440
4
4,442
4
4,444
4
4,446
4
4,448
4
4,450
4
4,452
4
4,454
4,455
4
4,457
4
4,459
4
4,461
4
4,463
4
4,465
4
4,467
4
4,469
4,470
4
4,472
4
4,474
4
4,476
4
4,478
4
4,480
4
4,482
4,483
4
4,485
4
4,487
4
4,489
4
4,491
4
4,493
4
4,495
4,496
4
4,498
4
4,500
4
4,502
4
4,504
4
4,506
4
4,508
4,509
4
4,511
4
4,513
4
4,515
4
4,517
4
4,519
4
4,521
4,522
4
4,524
4
4,526
4
4,528
4
4,530
4
4,532
4
4,534
4,535
4
4,537
4
4,539
4
4,541
4
4,543
4
4,545
4
4,547
4,548
4
4,550
4
4,552
4
4,554
4
4,556
4
4,558
4
4,560
4,561
4
4,563
4
4,565
4
4,567
4
4,569
4
4,571
4
4,573
4,574
4
4,576
4
4,578
4
4,580
4
4,582
4
4,584
4
4,586
4,587
4
4,589
4
4,591
4
4,593
4
4,595
4
4,597
4
4,599
4,600
4
4,602
4
4,604
4
4,606
4
4,608
4
4,610
4
4,612
4
4,614
4
4,616
4
4,618
4,619
4
4,621
4
4,623
4
4,625
4
4,627
4
4,629
4
4,631
4,632
4
4,634
4
4,636
4
4,638
4
4,640
4
4,642
4
4,644
4,645
4
4,647
4
4,649
4
4,651
4
4,653
4
4,655
4
4,657
4,658
4
4,660
4
4,662
4
4,664
4
4,666
4
4,668
4
4,670
4,671
4
4,673
4
4,675
4
4,677
4
4,679
4
4,681
4
4,683
4,684
4
4,686
4
4,688
4
4,690
4
4,692
4
4,694
4
4,696
4,697
4
4,699
4
4,701
4
4,703
4
4,705
4
4,707
4
4,709
4,710
4
4,712
4
4,714
4
4,716
4
4,718
4
4,720
4
4,722
4,723
4
4,725
4
4,727
4
4,729
4
4,731
4
4,733
4
4,735
4,736
4
4,738
4
4,740
4
4,742
4
4,744
4
4,746
4
4,748
4,749
4
4,751
4
4,753
4
4,755
4
4,757
4
4,759
4
4,761
4
4,763
4
4,765
4
4,767
4,768
4
4,770
4
4,772
4
4,774
4
4,776
4
4,778
4
4,780
4,781
4
4,783
4
4,785
4
4,787
4
4,789
4
4,791
4
4,793
4,794
4
4,796
4
4,798
4
4,800
4
4,802
4
4,804
4
4,806
4,807
4
4,809
4
4,811
4
4,813
4
4,815
4
4,817
4
4,819
4,820
4
4,822
4
4,824
4
4,826
4
4,828
4
4,830
4
4,832
4,833
4
4,835
4
4,837
4
4,839
4
4,841
4
4,843
4
4,845
4,846
4
4,848
4
4,850
4
4,852
4
4,854
4
4,856
4
4,858
4,859
4
4,861
4
4,863
4
4,865
4
4,867
4
4,869
4
4,871
4,872
4
4,874
4
4,876
4
4,878
4
4,880
4
4,882
4
4,884
4,885
4
4,887
4
4,889
4
4,891
4
4,893
4
4,895
4
4,897
4,898
4
4,900
4
4,902
4
4,904
4
4,906
4
4,908
4
4,910
4
4,912
4,913
4
4,915
4
4,917
4
4,919
4
4,921
4
4,923
4
4,925
4,926
4
4,928
4
4,930
4
4,932
4
4,934
4
4,936
4
4,938
4
4,940
4,941
4
4,943
4
4,945
4
4,947
4
4,949
4
4,951
4
4,953
4
4,955
4,956
4
4,958
4
4,960
4
4,962
4
4,964
4
4,966
4
4,968
4,969
4
4,971
4
4,973
4
4,975
4
4,977
4
4,979
4
4,981
4,982
4
4,984
4
4,986
4
4,988
4
4,990
4
4,992
4
4,994
4
4,996
4,997
4
4,999
4
4,1001
4
4,1003
4
4,1005
4
4,1007
4,1008
4
4,1010
4
4,1012
4
4,1014
4
5,1193
5,1195
5,1197
5,1199
5,1201
5,1203
5,1205
5,1207
5,1209
5,1211
5,1213
5,1215
5,1217
5,1220
5,1222
5,1225
5,1227
5,1230
5,1232
5,1235
5,1237
5,1240
5,1242
5,1245
5,1247
5,1250
5,1252
5,1255
5,1257
5,1260
5,1262
5,1265
5,1267
5,1270
5,1272
5,1275
5,1277
5,1280
5,1282
5,1285
5,1287
5,1290
5,1292
5,1295
5,1297
5,1300
5,1302
5,1305
5,1307
5,1310
5,1312
5,1315
5,1317
5,1320
5,1322
5,1325
5,1327
5,1330
5,1332
5,1335
5,1337
5,1340
5,1342
5,1345
5,1347
5,1350
5,1352
5,1355
5,1357
5,1360
5,1362
5,1365
5,1367
5,1370
5,1372
5,1375
5,1377
5,1380
5,1382
5,1385
5,1387
5,1390
5,1392
5,1395
5,1397
5,1400
5,1402
5,1405
5,1407
5,1410
5,1412
5,1415
5,1417
5,1420
5,1422
5,1425
5,1427
5,1430
5,1432
5,1435
5,1437
5,1440
5,1442
5,1445
5,1447
5,1450
5,1452
5,1455
5,1457
5,1460
5,1462
5,1465
5,1467
5,1470
5,1472
5,1475
5,1477
5,1480
5,1482
5,1485
5,1487
5,1490
5,1492
5,1495
5,1497
5,1500
5,1502
5,1505
5,1507
5,1510
5,1512
5,1515
5,1517
5,1520
5,1522
5,1525
5,1527
5,1530
5,1532
5,1535
5,1537
5,1540
5,1542
5,1545
5,1547
5,1550
5,1552
5,1555
5,1557
5,1560
5,1562
5,1565
5,1567
5,1570
5,1572
5,1575
5,1577
5,1580
5,1582
5,1585
5,1587
5,1590
5,1592
5,1595
5,1597
5,1600
5,1602
5,1605
5,1607
5,1610
5,1612
5,1615
5,1617
5,1620
5,1622
5,1625
5,1627
5,1630
6,1194
6
6,1196
6
6,1198
6
6,1200
6
6,1202
6
6,1204
6
6,1206
6
6,1208
6
6,1210
6
6,1212
6
6,1214
6
6,1216
6
6,1218
6,1219
6
6,1221
6
6,1223
6,1224
6
6,1226
6
6,1228
6,1229
6
6,1231
6
6,1233
6,1234
6
6,1236
6
6,1238
6,1239
6
6,1241
6
6,1243
6,1244
6
6,1246
6
6,1248
6,1249
6
6,1251
6
6,1253
6,1254
6
6,1256
6
6,1258
6,1259
6
6,1261
6
6,1263
6,1264
6
6,1266
6
6,1268
6,1269
6
6,1271
6
6,1273
6,1274
6
6,1276
6
6,1278
6,1279
6
6,1281
6
6,1283
6,1284
6
6,1286
6
6,1288
6,1289
6
6,1291
6
6,1293
6,1294
6
6,1296
6
6,1298
6,1299
6
6,1301
6
6,1303
6,1304
6
6,1306
6
6,1308
6,1309
6
6,1311
6
6,1313
6,1314
6
6,1316
6
6,1318
6,1319
6
6,1321
6
6,1323
6,1324
6
6,1326
6
6,1328
6,1329
6
6,1331
6
6,1333
6,1334
6
6,1336
6
6,1338
6,1339
6
6,1341
6
6,1343
6,1344
6
6,1346
6
6,1348
6,1349
6
6,1351
6
6,1353
6,1354
6
6,1356
6
6,1358
6,1359
6
6,1361
6
6,1363
6,1364
6
6,1366
6
6,1368
6,1369
6
6,1371
6
6,1373
6,1374
6
6,1376
6
6,1378
6,1379
6
6,1381
6
6,1383
6,1384
6
6,1386
6
6,1388
6,1389
6
6,1391
6
6,1393
6,1394
6
6,1396
6
6,1398
6,1399
6
6,1401
6
6,1403
6,1404
6
6,1406
6
6,1408
6,1409
6
6,1411
6
6,1413
6,1414
6
6,1416
6
6,1418
6,1419
6
6,1421
6
6,1423
6,1424
6
6,1426
6
6,1428
6,1429
6
6,1431
6
6,1433
6,1434
6
6,1436
6
6,1438
6,1439
6
6,1441
6
6,1443
6,1444
6
6,1446
6
6,1448
6,1449
6
6,1451
6
6,1453
6,1454
6
6,1456
6
6,1458
6,1459
6
6,1461
6
6,1463
6,1464
6
6,1466
6
6,1468
6,1469
6
6,1471
6
6,1473
6,1474
6
6,1476
6
6,1478
6,1479
6
6,1481
6
6,1483
6,1484
6
6,1486
6
6,1488
6,1489
6
6,1491
6
6,1493
6,1494
6
6,1496
6
6,1498
6,1499
6
6,1501
6
6,1503
6,1504
6
6,1506
6
6,1508
6,1509
6
6,1511
6
6,1513
6,1514
6
6,1516
6
6,1518
6,1519
6
6,1521
6
6,1523
6,1524
6
6,1526
6
6,1528
6,1529
6
6,1531
6
6,1533
6,1534
6
6,1536
6
6,1538
6,1539
6
6,1541
6
6,1543
6,1544
6
6,1546
6
6,1548
6,1549
6
6,1551
6
6,1553
6,1554
6
6,1556
6
6,1558
6,1559
6
6,1561
6
6,1563
6,1564
6
6,1566
6
6,1568
6,1569
6
6,1571
6
6,1573
6,1574
6
6,1576
6
6,1578
6,1579
6
6,1581
6
6,1583
6,1584
6
6,1586
6
6,1588
6,1589
6
6,1591
6
6,1593
6,1594
6
6,1596
6
6,1598
6,1599
6
6,1601
6
6,1603
6,1604
6
6,1606
6
6,1608
6,1609
6
6,1611
6
6,1613
6,1614
6
6,1616
6
6,1618
6,1619
6
6,1621
6
6,1623
6,1624
6
6,1626
6
6,1628
6,1629
6
6,1631
6
14,93,1643
12
12,991,1205,1197,760,1207,920,743,976,354,758,762,866,594,439,1201,827,490,678,626,477,989,801,516,879,369,704,464,529,607,963,1211,568,462,1213,404,1193,730,756,1195,345,892,1215,840,1209,609,665,1203,691,338,853,814,948,775,611,314,905,950,652,581,378,613,933,1199,639,907,391,542,788,717,419,327,555,503,428,935
12,792,857,911,883,766,805,954,844,598,831,980,779,721,695,585,643,656,559,896,734,533,870,617,453,520,630,995,967,507,747,468,818,682,669,572,481,546,494,924,1006,708,939
12,1245,96,132,110,100,98,140,1485,144,1585,1455,1285,108,154,164,1465,1605,104,1315,1405,1495,1415,1295,1445,156,1235,1305,146,1435,1425,122,112,1395,128,126,94,1565,130,1615,162,1355,1535,1365,160,1325,1475,1525,1505,158,1555,1335,102,1265,1545,124,150,1515,116,1595,166,152,172,1225,1575,1375,120,136,106,148,1345,1255,1275,118,142,168,1385,134,138,170,114
12,993,1230,518,829,868,1440,1588,1298,1470,1608,693,531,1350,1228,894,1450,654,466,1004,1348,1390,1530,1538,1468,505,1420,1518,557,1318,1460,544,1600,1620,937,719,1628,1500,1540,615,1430,1580,1590,667,1310,1220,1458,1218,1550,855,1248,1630,1480,1528,1380,451,583,1358,1520,1280,706,1418,1328,1258,764,596,1338,1428,680,1368,1598,803,570,952,1488,1558,1490,1510,1618,965,1320,1400,1408,1508,1270,745,1548,1288,777,1610,1498,1300,1268,1578,1438,922,1330,628,790,1560,1388,1568,1570,1478,1378,1448,641,1340,1290,1308,1398,732,1240,881,1260,842,1250,1370,1238,1278,978,479,909,1360,816,492,1410
12,663,399,1343,1373,449,373,349,1403,364,1333,1283,384,430,1303,388,838,851,441,1243,1393,340,318,1473,329,351,356,1483,1563,447,382,931,527,335,1613,650,436,754,342,592,397,380,1363,605,786,358,728,460,324,366,434,715,1253,412,1513,1233,918,475,1273,1573,1383,1413,741,1323,375,501,1313,425,362,1463,408,566,1603,946,540,1223,1263,322,514,445,903,371,406,1433,488,812,825,386,1443,416,443,347,1583,1493,1423,864,320,410,1503,1625,432,1523,689,1553,702,1453,421,401,624,676,423,393,877,974,890,331,1293,799,987,395,553,1543,1353,773,579,360,333,414,637,961,1533,316,1593
12,914,700,998,620,672,849,648,784,622,577,942,916,1013,538,808,836,726,782,771,711,862,797,575,823,659,972,750,499,603,901,685,536,929,674,886,687,471,713,959,549,646,834,484,860,737,497,985,486,562,944,601,456,927,1011,970,661,739,821,564,551,875,810,525,512,769,899,888,1000,473,458,983,957,698,635,752,795,590,633,510,523,873,724,588,847
12,1009
12
12,1623,1002
7,1644
15