0
0
0
0
0
0
0
0
0
0
0
0
0
0
0
0
0
0
0
0
0
0
0
0
0
0
0
0
0
0
0
0
0
0
0
0
0
0
0
0
0
0
0
0
0
0
0
0
0
0
0
0
0
0
0
0
0
0
0
0,679,2144,469,415,2146,556,985,157,886
0,2154,2156,906,471,175,1006,441,665,528
0,959,482,2166,1027,2164,177
0,443,460,2174,2176,179,1042
0,2186,961,1057,484,2184,181,974,802,543,426
0,1080,545,891,948,564,445,183,2196,2194
0,513,2206,658,185,1101,937,2204,649,486,547,686,580,428,926,785
0,855,515,582,497,2214,2216,1134,612,187
0,688,462,530,447,1155,189,2226,963,2224
0,1176,191,807,584,2234,2236,896
0,571,430,2244,193,850,506,2246,1193
0,2254,159,2256,796,1212
0,2264,690,939,1225,2266,499,950,195,672,597,712
0,743,449,1250,625,651,488,2274,692,638,197,2276
0,199,2286,508,653,573,1275,451,2284,517
0,2294,627,2296,201,586,1296,532
0,203,1313,827,549,2306,2304
0,575,660,1328,2314,490,2316,464,588,205
0,2324,1349,763,699,501,207,2326
0,845,551,614,1366,745,2336,640,2334,701,209
0,473,1389,453,599,2344,2346,211,750,534,590,765,714,774
0,213,536,1418,2356,734,2354,723
0,968,161,2364,931,911,2366,1435,879,867,558
0,519,767,716,2374,809,215,752,736,2376,642,1458,703
0,738,705,1485,2384,538,217,2386,629
0,2394,616,2396,219,1504,694,674,838,776
0,221,901,2404,778,601,592,811,829,872,1525,2406,860,787
0,818,921,707,631,521,223,1554,725,2414,2416
0,2426,225,2424,1577,667,754,840,789,769
0,2436,603,756,618,432,820,727,227,2434,952,780,1598
0,2444,566,874,822,455,1625,2446,718,862,229
0,1648,758,231,2456,813,831,791,729,2454,633
0,1671,2464,478,2466,681,163,944,916
0,165,2476,970,2474,623,1690,798,437
0,167,420,2486,836,1709,480,2484,881,608,560
0,957,2496,1732,2494,610,526,972,562,169,422,933
0,1757,171,439,935,424,800,2504,946,2506
0,2514,1778,495,2516,647,173
0,987,2022,413
0,1602,1765,1065,1715,1195,418,2024,1742,1105
0,2026,435,1767,1391,1159,1252,1086,1696,1008,1044,1629,1277
0,458,1330,2028,1161,1046
0,1010,2030,993,1393,467
0,476,1107,1717,1677,1067,1332,1031,2032,1254
0,1136,1231,1780,1351,493,2034
0,1197,1279,2036,504
0,1109,1556,1460,2038,511,1281,1138
0,524,1298,1163,1012,1487,1420,1395,1744,2040
0,1088,541,2042,1315,1111,1069,1368
0,1437,989,1734,1627,554,1711,2044,1082
0,2046,1334,1199,569,1283
0,1300,1336,2048,1140,1178,1527,1113,1397,578
0,595,1399,1233,1529,1604,2050
0,2052,1142,1506,1746,1719,1370,1606,606
0,1650,1256,621,2054,1302,1489,1698,1558
0,2056,1462,1372,636,1258
0,1782,645,2058,1260,1115,1285
0,1338,1117,2060,656
0,663,2062,1579,1014
0,670,1235,2064,1508
0,677,1673,2066,991
0,1165,1262,1237,1510,684,1119,2068
0,2070,1353,1560,697,1374,1491,1464
0,1631,2072,1466,1239,710,1401
0,721,1652,1608,2074,1422,1562
0,1424,1468,2076,732,1493
0,1264,1376,741,2078
0,2080,748,1610,1403,1470,1581,1654
0,1405,761,1355,1472,2082,1583
0,772,2084,1612,1512,1407,1531
0,783,1656,1121,1533,2086,1585
0,1759,1059,2088,1214,1692,794
0,805,1180,1474,2090,1535,1658
0,1564,2092,816,1614,1633
0,825,2094,1317,1660,1537
0,1587,1514,1721,2096,834
0,2098,843,1378
0,2100,848,1201
0,853,2102,1144
0,1635,2104,1539,858
0,865,2106,1445
0,2108,1541,870,1637
0,2110,1439,1713,877
0,884,995,2112
0,2114,889,1090
0,894,1182,2116
0,2118,899,1543
0,904,1016,2120
0,909,1447,2122
0,914,1679,2124
0,2126,919,1566
0,2128,1123,924
0,1761,1736,2130,1227,929,1441,1103
0,1763,1675,942,2132,1600,1084,1229
0,955,1738,1061,1157,1029,2134
0,1694,1740,1063,966,2136,1443
1,2544
2,157
2
2,159
2
2,161
2
2,163
2
2,165
2
2,167
2
2,169
2
2,171
2
2,173
2
2,175
2
2,177
2
2,179
2
2,181
2
2,183
2
2,185
2
2,187
2
2,189
2
2,191
2
2,193
2
2,195
2
2,197
2
2,199
2
2,201
2
2,203
2
2,205
2
2,207
2
2,209
2
2,211
2
2,213
2
2,215
2
2,217
2
2,219
2
2,221
2
2,223
2
2,225
2
2,227
2
2,229
2
2,231
2
3,411,1805,414
3,425,421,431,429,427,419,423,416,1806
3,452,433,442,450,454,448,444,436,438,440,446,1807
3,1808,463,461,459,456
3,470,468,465,472,1809
3,474,483,1810,481,489,487,477,479,485
3,491,1811,496,500,494,498
3,507,1812,505,502
3,520,514,518,509,512,516,1813
3,525,533,537,522,527,531,1814,529,535
3,542,548,539,546,550,1815,544
3,557,563,565,561,552,1816,555,559
3,1817,570,574,572,567
3,583,576,589,581,591,579,585,587,1818
3,602,596,600,1819,598,593
3,607,611,617,613,615,604,609,1820
3,622,1821,619,630,624,628,632,626
3,637,634,641,1822,639
3,652,650,1823,646,648,643
3,654,659,657,1824
3,661,1825,666,664
3,668,673,1826,671
3,678,680,675,1827
3,685,693,689,691,1828,687,682
3,706,704,702,1829,695,698,700
3,1830,713,715,717,708,711
3,728,726,719,722,1831,724
3,730,1832,737,733,735
3,1833,739,742,744
3,753,746,1834,757,755,749,751
3,762,1835,766,759,764,768
3,777,775,1836,773,770,779
3,788,784,786,790,1837,781
3,795,797,1838,799,801,792
3,803,1839,806,812,808,810
3,819,817,1840,814,821
3,823,826,830,1841,828
3,832,837,835,839,1842
3,1843,844,841
3,849,846,1844
3,851,1845,854
3,859,856,861,1846
3,863,866,1847
3,871,873,1848,868
3,875,880,1849,878
3,885,1850,882
3,1851,890,887
3,1852,892,895
3,897,1853,900
3,905,1854,902
3,910,1855,907
3,915,912,1856
3,920,1857,917
3,922,1858,925
3,930,934,938,1859,936,927,932
3,943,947,949,951,940,1860,945
3,962,956,953,1861,960,958
3,964,971,967,969,973,1862
3,2141,983,979
3,978,981,2139,976
3,290,1864,977,982,291,975,1863,980,2543
3,999,1002,2149,997
3,1004,2151,1000
3,1866,998,986,1868,996,1001,992,1867,988,990,994,293,1003,294,984,1865
3,1020,2159,1023,1018
3,2161,1025,1021
3,1870,1024,297,1013,1007,1011,1017,1009,1872,1871,296,1022,1019,1015,1869,1005
3,1038,1033,2169,1035
3,2171,1040,1036
3,1037,1873,1874,300,1876,1039,1032,1030,1034,1028,1875,299,1026
3,1050,1048,2179,1053
3,1051,1055,2181
3,1880,1877,302,1052,1047,1045,1049,1878,1041,1879,1043,303,1054
3,2189,1076,1073,1071
3,1078,2191,1074
3,1883,306,1077,1058,1064,1881,1075,305,1070,1882,1068,1884,1062,1066,1060,1056,1072
3,1097,1094,2199,1092
3,2201,1095,1099
3,1089,1098,1083,1096,1085,1087,1886,309,1091,1079,1885,1888,1081,308,1887,1093
3,1130,1125,2209,1127
3,2211,1128,1132
3,1889,1890,1110,1129,1118,311,1100,312,1126,1892,1104,1120,1116,1108,1114,1112,1122,1891,1131,1124,1102,1106
3,1148,1151,2219,1146
3,1153,2221,1149
3,1895,1896,1139,1894,1893,1135,1145,1141,1133,1137,315,1152,1147,314,1150,1143
3,1172,1169,2229,1167
3,1174,1170,2231
3,1900,1166,317,1173,1898,1164,1899,1160,1162,1897,1154,1171,1156,1168,318,1158
3,2239,1186,1189,1184
3,1187,1191,2241
3,1190,1179,321,1904,1183,1902,1901,1181,1185,1175,1188,320,1177,1903
3,1205,1203,2249,1208
3,2251,1206,1210
3,1906,1209,1905,1200,1907,1196,1204,1192,1194,324,1908,1198,1207,323,1202
3,1216,2259,1218,1221
3,2261,1219,1223
3,1911,1912,1217,326,1222,1910,327,1211,1213,1220,1215,1909
3,1241,2269,1243,1246
3,1248,2271,1244
3,1915,1914,1913,1226,1238,1232,1245,1234,1224,1228,1230,1247,330,1236,1916,329,1242,1240
3,1266,1268,1271,2279
3,2281,1269,1273
3,1257,333,1920,1261,1265,1919,1918,1249,1270,1253,1267,1263,1251,1272,1917,332,1259,1255
3,2289,1287,1289,1292
3,1290,1294,2291
3,336,1923,1922,1291,1276,1293,1288,1921,1278,1282,335,1274,1286,1280,1284,1924
3,1304,2299,1306,1309
3,1311,2301,1307
3,1305,1299,1297,1925,1928,1301,1927,1303,339,1926,1308,1310,338,1295
3,1324,1321,2309,1319
3,2311,1322,1326
3,341,1932,1931,1930,1929,1323,1314,1312,1318,1320,1316,1325,342
3,1340,2319,1345,1342
3,1343,2321,1347
3,1327,1333,1331,1935,1344,344,1335,1934,1936,1346,1339,1337,1329,1341,345,1933
3,1362,2329,1359,1357
3,2331,1364,1360
3,1352,1358,1939,1361,1938,1348,1937,1354,1363,348,1356,347,1940,1350
3,2339,1382,1380,1385
3,1383,1387,2341
3,1944,1373,1386,1371,1381,1379,351,1375,1365,1377,1367,1943,1941,350,1942,1369,1384
3,1414,2349,1409,1411
3,2351,1416,1412
3,1946,1396,1406,1415,1410,1947,1394,354,1413,1392,1388,1404,1402,1398,1945,1948,1408,1400,1390,353
3,1428,1431,1426,2359
3,1429,2361,1433
3,1952,1951,1417,1432,357,1430,1421,1949,356,1425,1419,1423,1950,1427
3,1449,1451,2369,1454
3,1456,1452,2371
3,1956,1436,1450,360,1446,1440,1448,1953,1954,1434,359,1442,1955,1455,1438,1444,1453
3,1478,1476,1481,2379
3,2381,1479,1483
3,1957,1959,1457,1465,1467,1469,1958,1463,1480,363,1960,1477,1482,362,1461,1459,1471,1473,1475
3,2389,1495,1497,1500
3,2391,1498,1502
3,1492,1961,1490,1484,365,366,1486,1964,1496,1494,1501,1488,1962,1963,1499
3,1516,2399,1518,1521
3,1523,1519,2401
3,1507,1511,1520,1503,1968,1513,1967,1965,369,368,1522,1505,1517,1509,1966,1515
3,1547,2409,1550,1545
3,1548,2411,1552
3,1969,371,1971,1524,1546,1528,1538,372,1534,1544,1551,1532,1972,1542,1970,1530,1540,1536,1526,1549
3,1568,2419,1573,1570
3,2421,1571,1575
3,374,1559,1975,1574,1976,1567,1973,1569,1563,1974,375,1561,1565,1555,1572,1557,1553
3,1589,1594,2429,1591
3,2431,1592,1596
3,1582,1593,377,1978,1977,1980,1595,1586,378,1578,1584,1588,1979,1580,1590,1576
3,1618,1616,2439,1621
3,1623,2441,1619
3,1599,1611,1984,1607,1617,1609,1983,381,1615,1620,1613,1981,1605,380,1603,1982,1597,1622,1601
3,1639,2449,1641,1644
3,2451,1642,1646
3,1987,1986,1640,1636,1624,384,1988,1645,1638,1626,1643,1985,1630,1634,1632,383,1628
3,1662,1664,1667,2459
3,2461,1665,1669
3,1990,1666,1647,1649,387,1989,1992,386,1659,1663,1668,1653,1655,1657,1651,1991,1661
3,1681,1683,1686,2469
3,2471,1688,1684
3,1995,390,1687,1680,1672,389,1678,1993,1685,1670,1994,1676,1996,1682,1674
3,1702,2479,1705,1700
3,2481,1707,1703
3,1701,2000,1691,1699,1997,1706,1998,1704,1695,1689,392,1693,1697,393,1999
3,2489,1728,1725,1723
3,1730,1726,2491
3,1722,1724,396,1712,1710,1729,395,2002,1708,2001,1720,2003,1718,1727,1714,2004,1716
3,1748,1753,2499,1750
3,1755,2501,1751
3,1745,1739,2005,1735,1752,1743,2007,1733,1754,399,2008,1737,2006,1731,398,1741,1747,1749
3,2509,1771,1774,1769
3,1772,2511,1776
3,1762,1775,1773,2009,2011,1756,1770,401,2010,1760,1766,1764,1758,1768,402,2012
3,1784,2519,1789,1786
3,1791,1787,2521
3,1790,1779,2014,404,2016,1783,405,2013,2015,1777,1781,1788,1785
3,1802,1795,1798,2529
3,2531,1804,1797
3,2524,2526,1793,1800
3,407,1801,2017,1803,1792,1796,2020,2018,408,409,1799,1794,2019
4,412
4,413
4
4,415
4
4,417
4,418
4
4,420
4
4,422
4
4,424
4
4,426
4
4,428
4
4,430
4
4,432
4
4,434
4,435
4
4,437
4
4,439
4
4,441
4
4,443
4
4,445
4
4,447
4
4,449
4
4,451
4
4,453
4
4,455
4
4,457
4,458
4
4,460
4
4,462
4
4,464
4
4,466
4,467
4
4,469
4
4,471
4
4,473
4
4,475
4,476
4
4,478
4
4,480
4
4,482
4
4,484
4
4,486
4
4,488
4
4,490
4
4,492
4,493
4
4,495
4
4,497
4
4,499
4
4,501
4
4,503
4,504
4
4,506
4
4,508
4
4,510
4,511
4
4,513
4
4,515
4
4,517
4
4,519
4
4,521
4
4,523
4,524
4
4,526
4
4,528
4
4,530
4
4,532
4
4,534
4
4,536
4
4,538
4
4,540
4,541
4
4,543
4
4,545
4
4,547
4
4,549
4
4,551
4
4,553
4,554
4
4,556
4
4,558
4
4,560
4
4,562
4
4,564
4
4,566
4
4,568
4,569
4
4,571
4
4,573
4
4,575
4
4,577
4,578
4
4,580
4
4,582
4
4,584
4
4,586
4
4,588
4
4,590
4
4,592
4
4,594
4,595
4
4,597
4
4,599
4
4,601
4
4,603
4
4,605
4,606
4
4,608
4
4,610
4
4,612
4
4,614
4
4,616
4
4,618
4
4,620
4,621
4
4,623
4
4,625
4
4,627
4
4,629
4
4,631
4
4,633
4
4,635
4,636
4
4,638
4
4,640
4
4,642
4
4,644
4,645
4
4,647
4
4,649
4
4,651
4
4,653
4
4,655
4,656
4
4,658
4
4,660
4
4,662
4,663
4
4,665
4
4,667
4
4,669
4,670
4
4,672
4
4,674
4
4,676
4,677
4
4,679
4
4,681
4
4,683
4,684
4
4,686
4
4,688
4
4,690
4
4,692
4
4,694
4
4,696
4,697
4
4,699
4
4,701
4
4,703
4
4,705
4
4,707
4
4,709
4,710
4
4,712
4
4,714
4
4,716
4
4,718
4
4,720
4,721
4
4,723
4
4,725
4
4,727
4
4,729
4
4,731
4,732
4
4,734
4
4,736
4
4,738
4
4,740
4,741
4
4,743
4
4,745
4
4,747
4,748
4
4,750
4
4,752
4
4,754
4
4,756
4
4,758
4
4,760
4,761
4
4,763
4
4,765
4
4,767
4
4,769
4
4,771
4,772
4
4,774
4
4,776
4
4,778
4
4,780
4
4,782
4,783
4
4,785
4
4,787
4
4,789
4
4,791
4
4,793
4,794
4
4,796
4
4,798
4
4,800
4
4,802
4
4,804
4,805
4
4,807
4
4,809
4
4,811
4
4,813
4
4,815
4,816
4
4,818
4
4,820
4
4,822
4
4,824
4,825
4
4,827
4
4,829
4
4,831
4
4,833
4,834
4
4,836
4
4,838
4
4,840
4
4,842
4,843
4
4,845
4
4,847
4,848
4
4,850
4
4,852
4,853
4
4,855
4
4,857
4,858
4
4,860
4
4,862
4
4,864
4,865
4
4,867
4
4,869
4,870
4
4,872
4
4,874
4
4,876
4,877
4
4,879
4
4,881
4
4,883
4,884
4
4,886
4
4,888
4,889
4
4,891
4
4,893
4,894
4
4,896
4
4,898
4,899
4
4,901
4
4,903
4,904
4
4,906
4
4,908
4,909
4
4,911
4
4,913
4,914
4
4,916
4
4,918
4,919
4
4,921
4
4,923
4,924
4
4,926
4
4,928
4,929
4
4,931
4
4,933
4
4,935
4
4,937
4
4,939
4
4,941
4,942
4
4,944
4
4,946
4
4,948
4
4,950
4
4,952
4
4,954
4,955
4
4,957
4
4,959
4
4,961
4
4,963
4
4,965
4,966
4
4,968
4
4,970
4
4,972
4
4,974
4
4,976
4
4,978
4,979
4
4,981
4
4,983
4
4,985
4
4,987
4
4,989
4
4,991
4
4,993
4
4,995
4
4,997
4
4,999
4,1000
4
4,1002
4
4,1004
4
4,1006
4
4,1008
4
4,1010
4
4,1012
4
4,1014
4
4,1016
4
4,1018
4
4,1020
4,1021
4
4,1023
4
4,1025
4
4,1027
4
4,1029
4
4,1031
4
4,1033
4
4,1035
4,1036
4
4,1038
4
4,1040
4
4,1042
4
4,1044
4
4,1046
4
4,1048
4
4,1050
4,1051
4
4,1053
4
4,1055
4
4,1057
4
4,1059
4
4,1061
4
4,1063
4
4,1065
4
4,1067
4
4,1069
4
4,1071
4
4,1073
4,1074
4
4,1076
4
4,1078
4
4,1080
4
4,1082
4
4,1084
4
4,1086
4
4,1088
4
4,1090
4
4,1092
4
4,1094
4,1095
4
4,1097
4
4,1099
4
4,1101
4
4,1103
4
4,1105
4
4,1107
4
4,1109
4
4,1111
4
4,1113
4
4,1115
4
4,1117
4
4,1119
4
4,1121
4
4,1123
4
4,1125
4
4,1127
4,1128
4
4,1130
4
4,1132
4
4,1134
4
4,1136
4
4,1138
4
4,1140
4
4,1142
4
4,1144
4
4,1146
4
4,1148
4,1149
4
4,1151
4
4,1153
4
4,1155
4
4,1157
4
4,1159
4
4,1161
4
4,1163
4
4,1165
4
4,1167
4
4,1169
4,1170
4
4,1172
4
4,1174
4
4,1176
4
4,1178
4
4,1180
4
4,1182
4
4,1184
4
4,1186
4,1187
4
4,1189
4
4,1191
4
4,1193
4
4,1195
4
4,1197
4
4,1199
4
4,1201
4
4,1203
4
4,1205
4,1206
4
4,1208
4
4,1210
4
4,1212
4
4,1214
4
4,1216
4
4,1218
4,1219
4
4,1221
4
4,1223
4
4,1225
4
4,1227
4
4,1229
4
4,1231
4
4,1233
4
4,1235
4
4,1237
4
4,1239
4
4,1241
4
4,1243
4,1244
4
4,1246
4
4,1248
4
4,1250
4
4,1252
4
4,1254
4
4,1256
4
4,1258
4
4,1260
4
4,1262
4
4,1264
4
4,1266
4
4,1268
4,1269
4
4,1271
4
4,1273
4
4,1275
4
4,1277
4
4,1279
4
4,1281
4
4,1283
4
4,1285
4
4,1287
4
4,1289
4,1290
4
4,1292
4
4,1294
4
4,1296
4
4,1298
4
4,1300
4
4,1302
4
4,1304
4
4,1306
4,1307
4
4,1309
4
4,1311
4
4,1313
4
4,1315
4
4,1317
4
4,1319
4
4,1321
4,1322
4
4,1324
4
4,1326
4
4,1328
4
4,1330
4
4,1332
4
4,1334
4
4,1336
4
4,1338
4
4,1340
4
4,1342
4,1343
4
4,1345
4
4,1347
4
4,1349
4
4,1351
4
4,1353
4
4,1355
4
4,1357
4
4,1359
4,1360
4
4,1362
4
4,1364
4
4,1366
4
4,1368
4
4,1370
4
4,1372
4
4,1374
4
4,1376
4
4,1378
4
4,1380
4
4,1382
4,1383
4
4,1385
4
4,1387
4
4,1389
4
4,1391
4
4,1393
4
4,1395
4
4,1397
4
4,1399
4
4,1401
4
4,1403
4
4,1405
4
4,1407
4
4,1409
4
4,1411
4,1412
4
4,1414
4
4,1416
4
4,1418
4
4,1420
4
4,1422
4
4,1424
4
4,1426
4
4,1428
4,1429
4
4,1431
4
4,1433
4
4,1435
4
4,1437
4
4,1439
4
4,1441
4
4,1443
4
4,1445
4
4,1447
4
4,1449
4
4,1451
4,1452
4
4,1454
4
4,1456
4
4,1458
4
4,1460
4
4,1462
4
4,1464
4
4,1466
4
4,1468
4
4,1470
4
4,1472
4
4,1474
4
4,1476
4
4,1478
4,1479
4
4,1481
4
4,1483
4
4,1485
4
4,1487
4
4,1489
4
4,1491
4
4,1493
4
4,1495
4
4,1497
4,1498
4
4,1500
4
4,1502
4
4,1504
4
4,1506
4
4,1508
4
4,1510
4
4,1512
4
4,1514
4
4,1516
4
4,1518
4,1519
4
4,1521
4
4,1523
4
4,1525
4
4,1527
4
4,1529
4
4,1531
4
4,1533
4
4,1535
4
4,1537
4
4,1539
4
4,1541
4
4,1543
4
4,1545
4
4,1547
4,1548
4
4,1550
4
4,1552
4
4,1554
4
4,1556
4
4,1558
4
4,1560
4
4,1562
4
4,1564
4
4,1566
4
4,1568
4
4,1570
4,1571
4
4,1573
4
4,1575
4
4,1577
4
4,1579
4
4,1581
4
4,1583
4
4,1585
4
4,1587
4
4,1589
4
4,1591
4,1592
4
4,1594
4
4,1596
4
4,1598
4
4,1600
4
4,1602
4
4,1604
4
4,1606
4
4,1608
4
4,1610
4
4,1612
4
4,1614
4
4,1616
4
4,1618
4,1619
4
4,1621
4
4,1623
4
4,1625
4
4,1627
4
4,1629
4
4,1631
4
4,1633
4
4,1635
4
4,1637
4
4,1639
4
4,1641
4,1642
4
4,1644
4
4,1646
4
4,1648
4
4,1650
4
4,1652
4
4,1654
4
4,1656
4
4,1658
4
4,1660
4
4,1662
4
4,1664
4,1665
4
4,1667
4
4,1669
4
4,1671
4
4,1673
4
4,1675
4
4,1677
4
4,1679
4
4,1681
4
4,1683
4,1684
4
4,1686
4
4,1688
4
4,1690
4
4,1692
4
4,1694
4
4,1696
4
4,1698
4
4,1700
4
4,1702
4,1703
4
4,1705
4
4,1707
4
4,1709
4
4,1711
4
4,1713
4
4,1715
4
4,1717
4
4,1719
4
4,1721
4
4,1723
4
4,1725
4,1726
4
4,1728
4
4,1730
4
4,1732
4
4,1734
4
4,1736
4
4,1738
4
4,1740
4
4,1742
4
4,1744
4
4,1746
4
4,1748
4
4,1750
4,1751
4
4,1753
4
4,1755
4
4,1757
4
4,1759
4
4,1761
4
4,1763
4
4,1765
4
4,1767
4
4,1769
4
4,1771
4,1772
4
4,1774
4
4,1776
4
4,1778
4
4,1780
4
4,1782
4
4,1784
4
4,1786
4,1787
4
4,1789
4
4,1791
4
4,1793
4
4,1795
4
4,1797
4,1798
4
4,1800
4
4,1802
4
4,1804
4
5,2021
5,2023
5,2025
5,2027
5,2029
5,2031
5,2033
5,2035
5,2037
5,2039
5,2041
5,2043
5,2045
5,2047
5,2049
5,2051
5,2053
5,2055
5,2057
5,2059
5,2061
5,2063
5,2065
5,2067
5,2069
5,2071
5,2073
5,2075
5,2077
5,2079
5,2081
5,2083
5,2085
5,2087
5,2089
5,2091
5,2093
5,2095
5,2097
5,2099
5,2101
5,2103
5,2105
5,2107
5,2109
5,2111
5,2113
5,2115
5,2117
5,2119
5,2121
5,2123
5,2125
5,2127
5,2129
5,2131
5,2133
5,2135
5,2137
5,2140
5,2142
5,2145
5,2147
5,2150
5,2152
5,2155
5,2157
5,2160
5,2162
5,2165
5,2167
5,2170
5,2172
5,2175
5,2177
5,2180
5,2182
5,2185
5,2187
5,2190
5,2192
5,2195
5,2197
5,2200
5,2202
5,2205
5,2207
5,2210
5,2212
5,2215
5,2217
5,2220
5,2222
5,2225
5,2227
5,2230
5,2232
5,2235
5,2237
5,2240
5,2242
5,2245
5,2247
5,2250
5,2252
5,2255
5,2257
5,2260
5,2262
5,2265
5,2267
5,2270
5,2272
5,2275
5,2277
5,2280
5,2282
5,2285
5,2287
5,2290
5,2292
5,2295
5,2297
5,2300
5,2302
5,2305
5,2307
5,2310
5,2312
5,2315
5,2317
5,2320
5,2322
5,2325
5,2327
5,2330
5,2332
5,2335
5,2337
5,2340
5,2342
5,2345
5,2347
5,2350
5,2352
5,2355
5,2357
5,2360
5,2362
5,2365
5,2367
5,2370
5,2372
5,2375
5,2377
5,2380
5,2382
5,2385
5,2387
5,2390
5,2392
5,2395
5,2397
5,2400
5,2402
5,2405
5,2407
5,2410
5,2412
5,2415
5,2417
5,2420
5,2422
5,2425
5,2427
5,2430
5,2432
5,2435
5,2437
5,2440
5,2442
5,2445
5,2447
5,2450
5,2452
5,2455
5,2457
5,2460
5,2462
5,2465
5,2467
5,2470
5,2472
5,2475
5,2477
5,2480
5,2482
5,2485
5,2487
5,2490
5,2492
5,2495
5,2497
5,2500
5,2502
5,2505
5,2507
5,2510
5,2512
5,2515
5,2517
5,2520
5,2522
5,2525
5,2527
5,2530
6,2022
6
6,2024
6
6,2026
6
6,2028
6
6,2030
6
6,2032
6
6,2034
6
6,2036
6
6,2038
6
6,2040
6
6,2042
6
6,2044
6
6,2046
6
6,2048
6
6,2050
6
6,2052
6
6,2054
6
6,2056
6
6,2058
6
6,2060
6
6,2062
6
6,2064
6
6,2066
6
6,2068
6
6,2070
6
6,2072
6
6,2074
6
6,2076
6
6,2078
6
6,2080
6
6,2082
6
6,2084
6
6,2086
6
6,2088
6
6,2090
6
6,2092
6
6,2094
6
6,2096
6
6,2098
6
6,2100
6
6,2102
6
6,2104
6
6,2106
6
6,2108
6
6,2110
6
6,2112
6
6,2114
6
6,2116
6
6,2118
6
6,2120
6
6,2122
6
6,2124
6
6,2126
6
6,2128
6
6,2130
6
6,2132
6
6,2134
6
6,2136
6
6,2138
6,2139
6
6,2141
6
6,2143
6,2144
6
6,2146
6
6,2148
6,2149
6
6,2151
6
6,2153
6,2154
6
6,2156
6
6,2158
6,2159
6
6,2161
6
6,2163
6,2164
6
6,2166
6
6,2168
6,2169
6
6,2171
6
6,2173
6,2174
6
6,2176
6
6,2178
6,2179
6
6,2181
6
6,2183
6,2184
6
6,2186
6
6,2188
6,2189
6
6,2191
6
6,2193
6,2194
6
6,2196
6
6,2198
6,2199
6
6,2201
6
6,2203
6,2204
6
6,2206
6
6,2208
6,2209
6
6,2211
6
6,2213
6,2214
6
6,2216
6
6,2218
6,2219
6
6,2221
6
6,2223
6,2224
6
6,2226
6
6,2228
6,2229
6
6,2231
6
6,2233
6,2234
6
6,2236
6
6,2238
6,2239
6
6,2241
6
6,2243
6,2244
6
6,2246
6
6,2248
6,2249
6
6,2251
6
6,2253
6,2254
6
6,2256
6
6,2258
6,2259
6
6,2261
6
6,2263
6,2264
6
6,2266
6
6,2268
6,2269
6
6,2271
6
6,2273
6,2274
6
6,2276
6
6,2278
6,2279
6
6,2281
6
6,2283
6,2284
6
6,2286
6
6,2288
6,2289
6
6,2291
6
6,2293
6,2294
6
6,2296
6
6,2298
6,2299
6
6,2301
6
6,2303
6,2304
6
6,2306
6
6,2308
6,2309
6
6,2311
6
6,2313
6,2314
6
6,2316
6
6,2318
6,2319
6
6,2321
6
6,2323
6,2324
6
6,2326
6
6,2328
6,2329
6
6,2331
6
6,2333
6,2334
6
6,2336
6
6,2338
6,2339
6
6,2341
6
6,2343
6,2344
6
6,2346
6
6,2348
6,2349
6
6,2351
6
6,2353
6,2354
6
6,2356
6
6,2358
6,2359
6
6,2361
6
6,2363
6,2364
6
6,2366
6
6,2368
6,2369
6
6,2371
6
6,2373
6,2374
6
6,2376
6
6,2378
6,2379
6
6,2381
6
6,2383
6,2384
6
6,2386
6
6,2388
6,2389
6
6,2391
6
6,2393
6,2394
6
6,2396
6
6,2398
6,2399
6
6,2401
6
6,2403
6,2404
6
6,2406
6
6,2408
6,2409
6
6,2411
6
6,2413
6,2414
6
6,2416
6
6,2418
6,2419
6
6,2421
6
6,2423
6,2424
6
6,2426
6
6,2428
6,2429
6
6,2431
6
6,2433
6,2434
6
6,2436
6
6,2438
6,2439
6
6,2441
6
6,2443
6,2444
6
6,2446
6
6,2448
6,2449
6
6,2451
6
6,2453
6,2454
6
6,2456
6
6,2458
6,2459
6
6,2461
6
6,2463
6,2464
6
6,2466
6
6,2468
6,2469
6
6,2471
6
6,2473
6,2474
6
6,2476
6
6,2478
6,2479
6
6,2481
6
6,2483
6,2484
6
6,2486
6
6,2488
6,2489
6
6,2491
6
6,2493
6,2494
6
6,2496
6
6,2498
6,2499
6
6,2501
6
6,2503
6,2504
6
6,2506
6
6,2508
6,2509
6
6,2511
6
6,2513
6,2514
6
6,2516
6
6,2518
6,2519
6
6,2521
6
6,2523
6,2524
6
6,2526
6
6,2528
6,2529
6
6,2531
6
14,2543,155
12
12,1507,2131,1676,2119,1509,1257,1120,1068,1337,2033,2025,1232,1404,1718,908,2035,1331,1135,1421,1085,1064,635,1745,1534,1555,2059,1657,2125,1735,1263,2049,1143,1739,1513,2133,676,1299,2047,1695,1586,709,1392,2111,1280,1015,1459,1398,1255,1536,954,1009,869,2053,1779,1354,782,1473,1511,2135,1301,804,1253,655,1087,1653,553,1467,2101,2029,1605,1081,1278,1674,568,864,2069,2067,1369,1781,1394,1584,1228,1007,992,1062,2103,1196,1110,1333,1626,923,2093,2071,1630,2105,1607,1492,2061,1542,1697,1156,1603,605,1282,1446,1164,1402,475,928,1406,1177,1238,1659,1488,1350,1710,760,2039,1226,2127,1011,1102,2091,747,1528,1733,720,1083,990,1693,1559,2123,1329,1655,1442,2041,2113,1601,876,510,2107,1611,2095,1158,1490,740,852,2085,2021,1236,1613,2083,1104,1599,988,1139,1649,1565,1505,1060,1066,1112,1335,2055,1578,1461,457,1198,2097,1743,1284,683,2045,1316,2023,986,1632,833,965,1582,1465,2051,2043,1557,815,2077,1438,731,2087,1540,824,941,1423,1530,2037,1259,1714,1672,669,1028,2031,2073,2065,644,1251,2117,1741,434,847,918,1712,1436,1045,903,1181,1194,771,1400,793,2115,2099,1213,1538,2063,1160,1563,2129,1766,1314,2075,412,1234,1367,1440,1122,913,1561,1691,696,1716,1089,1634,1352,857,1276,1526,466,1463,1230,1532,883,898,492,1030,1486,1162,1179,1043,2057,1580,1118,1200,1114,1628,1469,2079,1762,1058,2027,1678,1106,1013,662,1720,1261,503,1444,888,594,2081,1390,1396,2109,1651,1419,1636,1373,1377,842,1375,523,2121,1760,620,1471,1116,1609,417,1764,2089,893,1737,1108,994,577,1297,1141,1137,540,1758,1371
12,1126,1320,1617,1517,1093,1242,1305,1796,1770,1204,1358,1450,1724,1217,1034,1019,1785,998,1185,1267,1749,977,1072,1682,1381,1569,1546,1496,1640,1427,1590,1049,1341,1701,1410,1168,1147,1663,1477,1288
12,2445,2265,158,194,172,2325,162,2295,2305,160,2245,202,206,2345,2495,2225,2435,170,216,226,192,166,2515,218,2475,2355,208,2285,184,174,190,188,156,2255,2385,224,2485,2215,222,2275,2235,220,2455,164,2465,2195,186,2425,2155,212,2375,178,2335,228,214,2165,2185,182,2175,198,2365,168,210,2205,2505,2315,2415,2405,2395,180,204,230,196,200,176,2145
12,1425,2460,2530,2378,2348,1661,2280,1145,2210,2410,1017,1615,1567,2298,1265,1680,2510,2260,2450,2468,1070,2420,2470,2228,2270,2178,1047,2300,2248,2358,2218,2458,2430,2498,1794,1215,2160,1408,1091,1303,2138,2390,2350,2240,2258,2438,2340,1318,2140,2488,2490,1588,2158,2408,2338,1240,2320,1166,2170,2418,2400,2428,2500,2398,1032,2208,2148,2168,996,2198,2190,1783,2380,2528,1339,2200,2308,2250,1747,1722,2360,2188,2328,1515,1699,2370,2388,2520,2478,2508,1768,1448,1202,2150,1638,1379,2318,2230,2238,2180,1544,2448,975,1475,2330,2278,1124,1356,2310,2518,2288,1286,2368,2480,2440,2290,2220,1183,1494,2268
12,932,861,652,1192,859,2393,487,762,563,531,461,1154,1777,1553,1079,2333,1175,648,591,598,2213,1503,925,930,542,689,1624,844,2203,2283,555,1708,969,436,483,2433,717,419,463,795,535,666,561,788,496,938,808,628,425,2513,828,2303,685,565,2223,1348,617,755,742,2183,548,641,2253,1670,646,609,438,2173,1756,1731,890,2503,2313,1133,2343,737,945,494,801,507,470,715,2233,951,429,885,446,910,2463,2483,2323,431,866,871,920,878,2163,839,546,622,1365,2443,687,766,442,678,835,773,518,559,680,440,704,691,1388,967,2263,664,1100,450,481,2353,574,1417,826,550,602,472,514,626,706,915,693,2273,973,799,905,1041,751,2193,607,498,452,830,1597,2143,790,632,971,1484,613,454,702,659,821,873,477,984,1224,650,512,2373,806,537,1576,671,468,2453,947,2363,749,1457,700,500,724,744,733,949,2293,557,1689,459,639,1524,777,1249,570,2413,711,1026,2403,1211,585,579,962,2473,516,817,544,624,572,934,589,1056,525,900,958,956,1327,581,943,837,2383,764,854,2423,784,527,505,583,1434,2153,479,1005,421,722,448,735,726,819,2243,810,657,611,895,757,753,2525,630,880,600,673,637,485,529,936,615,775,1312,797,849,1647,768,489,779,960,812,427,713,533,786,423,1274,520,1295,728,698,587,2493,444,596,414
12,1727,1003,1039,1706,1363,1480,1171,1572,1361,1024,1245,1207,1668,1173,1620,1325,1754,1574,1666,1520,1308,1384,1291,1386,1801,1549,1098,1752,1595,1188,1077,1729,1272,1773,1001,1293,1685,1455,1037,1704,1129,1788,1803,1643,1482,1270,1501,1131,1209,1522,1075,1190,1687,1346,1152,1499,1453,1022,1430,1052,980,1645,1432,1551,1790,1593,1775,982,1413,1415,1344,1622,1220,1310,1150,1096,1222,1054,1323,1247
12,1799
12
12,2523,1792
7,2544
15