0
0
0
0
0
0
0
0
0
0
0
0
0
0
0
0
0
0
0
0
0
0
0
0
0
0
0
0
0
0
0
0
0
0
0
0
0
0
0
0
0
0
0
0
0
0
0
0
0
0
0
0
0
0
0
0
0
0
0
0,2100,780,420,2102,446,963,157
0,2110,929,175,980,2112,562
0,612,649,2122,995,859,177,2120,936,575
0,938,564,2130,1016,500,2132,426,179
0,2142,1035,2140,181,502,603,784
0,1052,577,521,504,183,2152,457,605,2150
0,472,2162,185,1073,2160,680,485,883,940
0,2172,187,888,532,428,2170,754,1094,545,596,909,682,786
0,614,487,1123,189,720,523,684,2182,931,2180,506,633
0,534,942,651,635,191,525,430,598,2190,579,2192,459,508,788,1150
0,707,2200,1183,193,864,2202,653
0,588,2210,159,1200,2212
0,944,2220,731,756,832,1213,2222,474,195,489
0,2230,946,476,733,581,1236,664,197,2232
0,491,199,642,2242,536,948,911,1257,2240
0,2250,698,510,432,2252,538,201,655,547,1278,744,950
0,203,1305,448,434,709,461,2262,2260,895,512
0,514,722,1328,2270,2272,807,540,205,749
0,1349,711,686,798,2280,207,478,673,2282,566
0,583,2292,1372,2290,920,209
0,1387,436,2300,2302,211
0,213,842,871,616,1400,549,693,2312,735,2310,657
0,466,530,554,441,161,2320,453,2322,1425
0,675,1446,758,737,2330,215,713,2332
0,607,1465,659,2340,618,217,2342,715
0,620,2352,219,700,1484,2350,800
0,221,2360,1501,622,2362,802
0,812,223,637,837,2370,2372,1516
0,225,2380,1533,2382,760,702,624,724
0,739,765,726,227,2392,2390,793,844,1552
0,2400,626,873,775,2402,890,229,1573,770,827,822
0,231,2412,854,1598,952,666,688,2410
0,2420,163,916,590,2422,556,1617,925
0,165,905,878,849,2432,468,2430,1636
0,483,2442,782,167,671,2440,571,1655,592
0,594,496,2452,869,573,558,415,1676,918,2450,169
0,560,455,631,900,171,2462,1701,422,2460
0,927,519,2472,470,817,647,173,1722,907,424,2470,498
0,1678,1978,413
0,1389,1022,1100,967,1705,418,1728,1980,1282,1156,1307
0,1982,439,1429
0,969,1309,444,1984
0,1158,1986,1431,1054,1311,1707,451
0,1642,464,1730,1988,1240,1433,1217,1077,1353
0,1219,1079,1659,481,1990,1263,1127
0,1684,494,1284,1160,1129,1056,1992,1732,1330,1039,1313,1024
0,1994,517,1058,1162,1131,1734
0,1286,1265,1102,528,1435,1332,1996,1164
0,543,1998,1104,1288,1404
0,1427,1680,552,982,2000,1018,1619,1351,1703
0,2002,1661,1686,1376,569,999,1166,1242,1060
0,1663,1168,2004,1625,1202,1688,1106,586
0,1467,601,1062,1041,2006
0,2008,1469,1535,1133,1486,1001,1503,1575,1406,610
0,1135,1518,629,2010,1170,1709
0,2012,640,1267
0,1172,645,2014,1471,1408,1290,1736,1003,1185
0,1244,1602,2016,662
0,669,1355,2018,1448,1665
0,1137,678,1081,2020,1108,1604,1357
0,691,2022,1402
0,1488,1537,1292,696,2024
0,1473,1359,2026,705,1450,1187,1315
0,2028,1554,1539,1334,718,1139
0,1410,729,1221,2030,1452,1556,1246
0,2032,742,1294
0,747,2034,1336
0,1454,2036,1223,1110,752,1541
0,763,1558,2038
0,768,2040,1577
0,1579,773,2042
0,965,1037,2044,1657,1152,778,1096
0,791,2046,1560
0,2048,1505,796,1361,1490
0,805,2050,1338
0,2052,1520,810
0,2054,815,1738
0,2056,820,1581
0,825,2058,1583
0,1225,2060,830
0,835,2062,1522
0,1412,2064,1562,840
0,2066,847,1638
0,1606,852,2068
0,2070,1005,857
0,1189,862,2072
0,2074,867,1585,1414,1690
0,876,1644,2076
0,881,2078,1083
0,886,1587,1112,2080
0,2082,893,1317
0,2084,1711,898
0,2086,1259,1098,903,1724,1640
0,914,2088,1682,1621,1374
0,923,1623,1726,1125,984,2090
0,1215,1075,1280,1600,997,934,1261,1238,1020,2092,1154
1,2500
2,157
2
2,159
2
2,161
2
2,163
2
2,165
2
2,167
2
2,169
2
2,171
2
2,173
2
2,175
2
2,177
2
2,179
2
2,181
2
2,183
2
2,185
2
2,187
2
2,189
2
2,191
2
2,193
2
2,195
2
2,197
2
2,199
2
2,201
2
2,203
2
2,205
2
2,207
2
2,209
2
2,211
2
2,213
2
2,215
2
2,217
2
2,219
2
2,221
2
2,223
2
2,225
2
2,227
2
2,229
2
2,231
2
3,411,1761,414
3,425,421,431,429,427,423,419,433,435,416,1762
3,437,1763,440
3,1764,447,445,442
3,460,454,452,449,458,456,1765
3,462,471,1766,469,477,475,465,467,473
3,479,1767,484,490,488,486,482
3,509,497,511,1768,505,507,503,501,513,499,495,492
3,520,524,515,518,522,1769
3,529,537,526,531,535,1770,533,539
3,544,546,541,548,1771
3,1772,555,561,563,559,550,553,565,557
3,580,1773,570,578,576,574,572,567,582
3,591,584,597,589,587,593,595,1774
3,602,606,599,1775,604
3,623,621,611,615,625,617,619,608,613,1776
3,630,1777,627,632,636,634
3,641,638,1778
3,652,650,654,658,646,648,656,1779,643
3,660,665,663,1780
3,674,667,1781,672,670
3,676,685,687,681,1782,683,679
3,692,689,1783
3,697,701,1784,699,694
3,712,714,710,1785,703,706,708
3,1786,721,723,725,716,719
3,736,734,727,730,1787,732,738
3,740,1788,743
3,1789,745,748
3,757,750,1790,753,759,755
3,764,1791,761
3,1792,769,766
3,774,1793,771
3,779,781,1794,783,787,785,776
3,789,1795,792
3,799,1796,794,801,797
3,803,1797,806
3,808,811,1798
3,1799,816,813
3,821,818,1800
3,823,1801,826
3,831,828,1802
3,836,833,1803
3,841,843,1804,838
3,845,1805,848
3,850,1806,853
3,1807,858,855
3,1808,860,863
3,872,865,1809,868,870
3,1810,874,877
3,882,1811,879
3,887,889,884,1812
3,894,1813,891
3,899,896,1814
3,904,908,1815,910,901,906
3,915,919,912,1816,917
3,930,924,1817,928,926,921
3,943,932,939,949,935,947,937,941,945,951,1818
3,2097,961,957
3,959,956,2095,954
3,290,1820,955,960,291,953,1819,958,2499
3,973,971,2105,976
3,978,974,2107
3,1824,1822,964,975,1823,970,966,968,293,972,1821,294,977,962
3,2115,986,991,988
3,993,989,2117
3,1826,990,297,981,985,983,987,1828,1827,992,296,1825,979
3,1009,1007,1012,2125
3,2127,1014,1010
3,1000,1004,1829,1011,1830,1006,300,1832,994,1008,998,1013,996,1002,1831,299
3,1028,2135,1026,1031
3,1033,1029,2137
3,1836,302,1025,1019,1015,1027,1833,1835,1017,1032,1834,1023,1030,303,1021
3,1043,2145,1048,1045
3,1046,1050,2147
3,1047,1049,1044,1042,1839,306,1036,1837,1838,305,1840,1040,1038,1034
3,1069,1066,2155,1064
3,2157,1067,1071
3,1061,1070,1055,1068,1059,1842,309,1063,1843,1051,1841,1844,1053,1057,308,1065
3,1090,1085,1087,2165
3,2167,1092,1088
3,1080,1845,1846,1082,1091,311,1072,312,1848,1089,1086,1847,1074,1076,1078,1084
3,1116,1114,1119,2175
3,2177,1121,1117
3,1851,1852,1113,1099,1118,1850,1107,1849,1095,1101,1093,1097,315,1115,1111,314,1120,1103,1105,1109
3,1141,2185,1146,1143
3,1148,1144,2187
3,1147,1145,1136,317,1854,1142,1132,1855,1134,1140,1128,1856,1130,1853,1138,1122,1124,318,1126
3,1176,2195,1179,1174
3,1181,1177,2197
3,1153,321,1159,1858,1857,1155,1167,320,1149,1178,1180,1860,1161,1157,1151,1169,1859,1163,1173,1165,1171,1175
3,1196,1191,1193,2205
3,2207,1198,1194
3,1862,323,1861,1190,1192,1186,1182,1188,1184,324,1864,1195,1197,1863
3,1204,1206,2215,1209
3,2217,1211,1207
3,1868,1205,326,1210,1866,1203,327,1199,1867,1201,1208,1865
3,1227,1229,2225,1232
3,1230,2227,1234
3,1871,1226,1231,1228,1870,1222,1869,1214,1220,1233,1216,1212,1218,330,1224,1872,329
3,2235,1250,1253,1248
3,2237,1251,1255
3,1243,333,1876,1874,1249,1245,1875,1254,1252,1235,1239,1237,1873,332,1241,1247
3,2245,1269,1274,1271
3,1272,1276,2247
3,1275,1879,1878,1273,1262,336,1877,1260,1264,1258,335,1256,1268,1270,1266,1880
3,1301,1298,1296,2255
3,2257,1303,1299
3,1281,1302,1287,1279,1881,1884,1297,1295,1293,1289,1283,1883,339,1882,338,1291,1285,1300,1277
3,1324,1319,2265,1321
3,2267,1326,1322
3,1888,1887,1886,1325,1885,1306,341,1310,1320,1318,1323,1308,1314,342,1316,1304,1312
3,1340,2275,1345,1342
3,1343,2277,1347
3,1327,1344,1331,1889,1891,344,1335,1890,1892,1346,1341,1333,1337,1339,1329,345
3,1368,1363,2285,1365
3,1366,2287,1370
3,1352,1367,1364,1360,1895,1348,1369,1894,1893,1354,1356,1362,1358,348,347,1896,1350
3,1378,2295,1383,1380
3,1381,2297,1385
3,1900,351,1377,1384,1373,1899,1382,350,1898,1375,1371,1897,1379
3,1396,2305,1391,1393
3,2307,1394,1398
3,1902,1395,1390,1903,1386,1904,354,1397,1392,1388,1901,353
3,1418,1416,1421,2315
3,1419,2317,1423
3,1908,1413,1415,1907,1399,357,1407,1403,1905,356,1401,1420,1405,1411,1906,1409,1417,1422
3,1442,1437,1439,2325
3,1440,1444,2327
3,1438,1430,1912,1426,1443,360,1432,1909,1910,359,1441,1911,1434,1428,1424,1436
3,1461,1458,2335,1456
3,2337,1463,1459
3,1445,1915,1453,1913,1455,1914,1457,1451,363,1449,362,1460,1916,1447,1462
3,1477,2345,1475,1480
3,2347,1478,1482
3,1472,1470,1917,365,1464,366,1466,1920,1479,1476,1474,1481,1918,1919,1468
3,2355,1494,1497,1492
3,1495,1499,2357
3,1487,1498,1924,1921,1922,1923,368,1483,369,1496,1485,1491,1493,1489
3,2365,1507,1512,1509
3,1510,2367,1514
3,371,1500,1504,1511,1513,372,1506,1927,1926,1928,1508,1925,1502
3,1529,2375,1524,1526
3,1527,2377,1531
3,1521,375,1932,1931,1930,1530,1929,374,1517,1519,1525,1528,1523,1515
3,1543,1548,1545,2385
3,1546,1550,2387
3,1549,377,1542,1934,1933,378,1544,1547,1538,1935,1936,1536,1534,1540,1532
3,1569,2395,1564,1566
3,2397,1567,1571
3,1553,1940,1561,1938,1555,1939,1559,381,1570,1937,1563,380,1557,1565,1568,1551
3,1589,1594,2405,1591
3,1592,2407,1596
3,1572,1941,1576,1944,1584,1943,1942,1595,384,1586,1574,1590,1578,1582,1593,1588,1580,383
3,1613,1610,1608,2415
3,1611,1615,2417
3,1946,1607,1597,1599,387,1945,1948,1614,1609,386,1603,1612,1947,1605,1601
3,1629,1627,1632,2425
3,1634,2427,1630
3,1951,1624,1626,1633,1618,390,1949,1631,389,1616,1950,1622,1952,1628,1620
3,1651,1648,2435,1646
3,1649,2437,1653
3,1956,1953,1652,1954,1650,1641,1635,392,1639,1647,1637,1645,393,1643,1955
3,1667,1672,1669,2445
3,1674,1670,2447
3,1662,1664,1656,395,1654,1957,1671,396,1658,1666,1959,1668,1673,1660,1958,1960
3,1692,1697,2455,1694
3,1699,2457,1695
3,1689,1696,1687,1963,1677,399,1683,1681,1962,1685,1679,1698,1675,398,1964,1961,1691,1693
3,2465,1715,1713,1718
3,1716,2467,1720
3,1706,1719,1717,402,1704,1967,1700,1714,1708,1712,1966,1710,1965,401,1702,1968
3,1740,2475,1742,1745
3,1743,1747,2477
3,404,1725,1739,1733,405,1746,1723,1970,1972,1744,1735,1741,1969,1971,1721,1727,1729,1731,1737
3,1758,1754,1751,2485
3,2487,1760,1753
3,2480,2482,1749,1756
3,407,1974,1757,1973,1752,1759,1748,1750,408,1976,409,1755,1975
4,412
4,413
4
4,415
4
4,417
4,418
4
4,420
4
4,422
4
4,424
4
4,426
4
4,428
4
4,430
4
4,432
4
4,434
4
4,436
4
4,438
4,439
4
4,441
4
4,443
4,444
4
4,446
4
4,448
4
4,450
4,451
4
4,453
4
4,455
4
4,457
4
4,459
4
4,461
4
4,463
4,464
4
4,466
4
4,468
4
4,470
4
4,472
4
4,474
4
4,476
4
4,478
4
4,480
4,481
4
4,483
4
4,485
4
4,487
4
4,489
4
4,491
4
4,493
4,494
4
4,496
4
4,498
4
4,500
4
4,502
4
4,504
4
4,506
4
4,508
4
4,510
4
4,512
4
4,514
4
4,516
4,517
4
4,519
4
4,521
4
4,523
4
4,525
4
4,527
4,528
4
4,530
4
4,532
4
4,534
4
4,536
4
4,538
4
4,540
4
4,542
4,543
4
4,545
4
4,547
4
4,549
4
4,551
4,552
4
4,554
4
4,556
4
4,558
4
4,560
4
4,562
4
4,564
4
4,566
4
4,568
4,569
4
4,571
4
4,573
4
4,575
4
4,577
4
4,579
4
4,581
4
4,583
4
4,585
4,586
4
4,588
4
4,590
4
4,592
4
4,594
4
4,596
4
4,598
4
4,600
4,601
4
4,603
4
4,605
4
4,607
4
4,609
4,610
4
4,612
4
4,614
4
4,616
4
4,618
4
4,620
4
4,622
4
4,624
4
4,626
4
4,628
4,629
4
4,631
4
4,633
4
4,635
4
4,637
4
4,639
4,640
4
4,642
4
4,644
4,645
4
4,647
4
4,649
4
4,651
4
4,653
4
4,655
4
4,657
4
4,659
4
4,661
4,662
4
4,664
4
4,666
4
4,668
4,669
4
4,671
4
4,673
4
4,675
4
4,677
4,678
4
4,680
4
4,682
4
4,684
4
4,686
4
4,688
4
4,690
4,691
4
4,693
4
4,695
4,696
4
4,698
4
4,700
4
4,702
4
4,704
4,705
4
4,707
4
4,709
4
4,711
4
4,713
4
4,715
4
4,717
4,718
4
4,720
4
4,722
4
4,724
4
4,726
4
4,728
4,729
4
4,731
4
4,733
4
4,735
4
4,737
4
4,739
4
4,741
4,742
4
4,744
4
4,746
4,747
4
4,749
4
4,751
4,752
4
4,754
4
4,756
4
4,758
4
4,760
4
4,762
4,763
4
4,765
4
4,767
4,768
4
4,770
4
4,772
4,773
4
4,775
4
4,777
4,778
4
4,780
4
4,782
4
4,784
4
4,786
4
4,788
4
4,790
4,791
4
4,793
4
4,795
4,796
4
4,798
4
4,800
4
4,802
4
4,804
4,805
4
4,807
4
4,809
4,810
4
4,812
4
4,814
4,815
4
4,817
4
4,819
4,820
4
4,822
4
4,824
4,825
4
4,827
4
4,829
4,830
4
4,832
4
4,834
4,835
4
4,837
4
4,839
4,840
4
4,842
4
4,844
4
4,846
4,847
4
4,849
4
4,851
4,852
4
4,854
4
4,856
4,857
4
4,859
4
4,861
4,862
4
4,864
4
4,866
4,867
4
4,869
4
4,871
4
4,873
4
4,875
4,876
4
4,878
4
4,880
4,881
4
4,883
4
4,885
4,886
4
4,888
4
4,890
4
4,892
4,893
4
4,895
4
4,897
4,898
4
4,900
4
4,902
4,903
4
4,905
4
4,907
4
4,909
4
4,911
4
4,913
4,914
4
4,916
4
4,918
4
4,920
4
4,922
4,923
4
4,925
4
4,927
4
4,929
4
4,931
4
4,933
4,934
4
4,936
4
4,938
4
4,940
4
4,942
4
4,944
4
4,946
4
4,948
4
4,950
4
4,952
4
4,954
4
4,956
4,957
4
4,959
4
4,961
4
4,963
4
4,965
4
4,967
4
4,969
4
4,971
4
4,973
4,974
4
4,976
4
4,978
4
4,980
4
4,982
4
4,984
4
4,986
4
4,988
4,989
4
4,991
4
4,993
4
4,995
4
4,997
4
4,999
4
4,1001
4
4,1003
4
4,1005
4
4,1007
4
4,1009
4,1010
4
4,1012
4
4,1014
4
4,1016
4
4,1018
4
4,1020
4
4,1022
4
4,1024
4
4,1026
4
4,1028
4,1029
4
4,1031
4
4,1033
4
4,1035
4
4,1037
4
4,1039
4
4,1041
4
4,1043
4
4,1045
4,1046
4
4,1048
4
4,1050
4
4,1052
4
4,1054
4
4,1056
4
4,1058
4
4,1060
4
4,1062
4
4,1064
4
4,1066
4,1067
4
4,1069
4
4,1071
4
4,1073
4
4,1075
4
4,1077
4
4,1079
4
4,1081
4
4,1083
4
4,1085
4
4,1087
4,1088
4
4,1090
4
4,1092
4
4,1094
4
4,1096
4
4,1098
4
4,1100
4
4,1102
4
4,1104
4
4,1106
4
4,1108
4
4,1110
4
4,1112
4
4,1114
4
4,1116
4,1117
4
4,1119
4
4,1121
4
4,1123
4
4,1125
4
4,1127
4
4,1129
4
4,1131
4
4,1133
4
4,1135
4
4,1137
4
4,1139
4
4,1141
4
4,1143
4,1144
4
4,1146
4
4,1148
4
4,1150
4
4,1152
4
4,1154
4
4,1156
4
4,1158
4
4,1160
4
4,1162
4
4,1164
4
4,1166
4
4,1168
4
4,1170
4
4,1172
4
4,1174
4
4,1176
4,1177
4
4,1179
4
4,1181
4
4,1183
4
4,1185
4
4,1187
4
4,1189
4
4,1191
4
4,1193
4,1194
4
4,1196
4
4,1198
4
4,1200
4
4,1202
4
4,1204
4
4,1206
4,1207
4
4,1209
4
4,1211
4
4,1213
4
4,1215
4
4,1217
4
4,1219
4
4,1221
4
4,1223
4
4,1225
4
4,1227
4
4,1229
4,1230
4
4,1232
4
4,1234
4
4,1236
4
4,1238
4
4,1240
4
4,1242
4
4,1244
4
4,1246
4
4,1248
4
4,1250
4,1251
4
4,1253
4
4,1255
4
4,1257
4
4,1259
4
4,1261
4
4,1263
4
4,1265
4
4,1267
4
4,1269
4
4,1271
4,1272
4
4,1274
4
4,1276
4
4,1278
4
4,1280
4
4,1282
4
4,1284
4
4,1286
4
4,1288
4
4,1290
4
4,1292
4
4,1294
4
4,1296
4
4,1298
4,1299
4
4,1301
4
4,1303
4
4,1305
4
4,1307
4
4,1309
4
4,1311
4
4,1313
4
4,1315
4
4,1317
4
4,1319
4
4,1321
4,1322
4
4,1324
4
4,1326
4
4,1328
4
4,1330
4
4,1332
4
4,1334
4
4,1336
4
4,1338
4
4,1340
4
4,1342
4,1343
4
4,1345
4
4,1347
4
4,1349
4
4,1351
4
4,1353
4
4,1355
4
4,1357
4
4,1359
4
4,1361
4
4,1363
4
4,1365
4,1366
4
4,1368
4
4,1370
4
4,1372
4
4,1374
4
4,1376
4
4,1378
4
4,1380
4,1381
4
4,1383
4
4,1385
4
4,1387
4
4,1389
4
4,1391
4
4,1393
4,1394
4
4,1396
4
4,1398
4
4,1400
4
4,1402
4
4,1404
4
4,1406
4
4,1408
4
4,1410
4
4,1412
4
4,1414
4
4,1416
4
4,1418
4,1419
4
4,1421
4
4,1423
4
4,1425
4
4,1427
4
4,1429
4
4,1431
4
4,1433
4
4,1435
4
4,1437
4
4,1439
4,1440
4
4,1442
4
4,1444
4
4,1446
4
4,1448
4
4,1450
4
4,1452
4
4,1454
4
4,1456
4
4,1458
4,1459
4
4,1461
4
4,1463
4
4,1465
4
4,1467
4
4,1469
4
4,1471
4
4,1473
4
4,1475
4
4,1477
4,1478
4
4,1480
4
4,1482
4
4,1484
4
4,1486
4
4,1488
4
4,1490
4
4,1492
4
4,1494
4,1495
4
4,1497
4
4,1499
4
4,1501
4
4,1503
4
4,1505
4
4,1507
4
4,1509
4,1510
4
4,1512
4
4,1514
4
4,1516
4
4,1518
4
4,1520
4
4,1522
4
4,1524
4
4,1526
4,1527
4
4,1529
4
4,1531
4
4,1533
4
4,1535
4
4,1537
4
4,1539
4
4,1541
4
4,1543
4
4,1545
4,1546
4
4,1548
4
4,1550
4
4,1552
4
4,1554
4
4,1556
4
4,1558
4
4,1560
4
4,1562
4
4,1564
4
4,1566
4,1567
4
4,1569
4
4,1571
4
4,1573
4
4,1575
4
4,1577
4
4,1579
4
4,1581
4
4,1583
4
4,1585
4
4,1587
4
4,1589
4
4,1591
4,1592
4
4,1594
4
4,1596
4
4,1598
4
4,1600
4
4,1602
4
4,1604
4
4,1606
4
4,1608
4
4,1610
4,1611
4
4,1613
4
4,1615
4
4,1617
4
4,1619
4
4,1621
4
4,1623
4
4,1625
4
4,1627
4
4,1629
4,1630
4
4,1632
4
4,1634
4
4,1636
4
4,1638
4
4,1640
4
4,1642
4
4,1644
4
4,1646
4
4,1648
4,1649
4
4,1651
4
4,1653
4
4,1655
4
4,1657
4
4,1659
4
4,1661
4
4,1663
4
4,1665
4
4,1667
4
4,1669
4,1670
4
4,1672
4
4,1674
4
4,1676
4
4,1678
4
4,1680
4
4,1682
4
4,1684
4
4,1686
4
4,1688
4
4,1690
4
4,1692
4
4,1694
4,1695
4
4,1697
4
4,1699
4
4,1701
4
4,1703
4
4,1705
4
4,1707
4
4,1709
4
4,1711
4
4,1713
4
4,1715
4,1716
4
4,1718
4
4,1720
4
4,1722
4
4,1724
4
4,1726
4
4,1728
4
4,1730
4
4,1732
4
4,1734
4
4,1736
4
4,1738
4
4,1740
4
4,1742
4,1743
4
4,1745
4
4,1747
4
4,1749
4
4,1751
4
4,1753
4,1754
4
4,1756
4
4,1758
4
4,1760
4
5,1977
5,1979
5,1981
5,1983
5,1985
5,1987
5,1989
5,1991
5,1993
5,1995
5,1997
5,1999
5,2001
5,2003
5,2005
5,2007
5,2009
5,2011
5,2013
5,2015
5,2017
5,2019
5,2021
5,2023
5,2025
5,2027
5,2029
5,2031
5,2033
5,2035
5,2037
5,2039
5,2041
5,2043
5,2045
5,2047
5,2049
5,2051
5,2053
5,2055
5,2057
5,2059
5,2061
5,2063
5,2065
5,2067
5,2069
5,2071
5,2073
5,2075
5,2077
5,2079
5,2081
5,2083
5,2085
5,2087
5,2089
5,2091
5,2093
5,2096
5,2098
5,2101
5,2103
5,2106
5,2108
5,2111
5,2113
5,2116
5,2118
5,2121
5,2123
5,2126
5,2128
5,2131
5,2133
5,2136
5,2138
5,2141
5,2143
5,2146
5,2148
5,2151
5,2153
5,2156
5,2158
5,2161
5,2163
5,2166
5,2168
5,2171
5,2173
5,2176
5,2178
5,2181
5,2183
5,2186
5,2188
5,2191
5,2193
5,2196
5,2198
5,2201
5,2203
5,2206
5,2208
5,2211
5,2213
5,2216
5,2218
5,2221
5,2223
5,2226
5,2228
5,2231
5,2233
5,2236
5,2238
5,2241
5,2243
5,2246
5,2248
5,2251
5,2253
5,2256
5,2258
5,2261
5,2263
5,2266
5,2268
5,2271
5,2273
5,2276
5,2278
5,2281
5,2283
5,2286
5,2288
5,2291
5,2293
5,2296
5,2298
5,2301
5,2303
5,2306
5,2308
5,2311
5,2313
5,2316
5,2318
5,2321
5,2323
5,2326
5,2328
5,2331
5,2333
5,2336
5,2338
5,2341
5,2343
5,2346
5,2348
5,2351
5,2353
5,2356
5,2358
5,2361
5,2363
5,2366
5,2368
5,2371
5,2373
5,2376
5,2378
5,2381
5,2383
5,2386
5,2388
5,2391
5,2393
5,2396
5,2398
5,2401
5,2403
5,2406
5,2408
5,2411
5,2413
5,2416
5,2418
5,2421
5,2423
5,2426
5,2428
5,2431
5,2433
5,2436
5,2438
5,2441
5,2443
5,2446
5,2448
5,2451
5,2453
5,2456
5,2458
5,2461
5,2463
5,2466
5,2468
5,2471
5,2473
5,2476
5,2478
5,2481
5,2483
5,2486
6,1978
6
6,1980
6
6,1982
6
6,1984
6
6,1986
6
6,1988
6
6,1990
6
6,1992
6
6,1994
6
6,1996
6
6,1998
6
6,2000
6
6,2002
6
6,2004
6
6,2006
6
6,2008
6
6,2010
6
6,2012
6
6,2014
6
6,2016
6
6,2018
6
6,2020
6
6,2022
6
6,2024
6
6,2026
6
6,2028
6
6,2030
6
6,2032
6
6,2034
6
6,2036
6
6,2038
6
6,2040
6
6,2042
6
6,2044
6
6,2046
6
6,2048
6
6,2050
6
6,2052
6
6,2054
6
6,2056
6
6,2058
6
6,2060
6
6,2062
6
6,2064
6
6,2066
6
6,2068
6
6,2070
6
6,2072
6
6,2074
6
6,2076
6
6,2078
6
6,2080
6
6,2082
6
6,2084
6
6,2086
6
6,2088
6
6,2090
6
6,2092
6
6,2094
6,2095
6
6,2097
6
6,2099
6,2100
6
6,2102
6
6,2104
6,2105
6
6,2107
6
6,2109
6,2110
6
6,2112
6
6,2114
6,2115
6
6,2117
6
6,2119
6,2120
6
6,2122
6
6,2124
6,2125
6
6,2127
6
6,2129
6,2130
6
6,2132
6
6,2134
6,2135
6
6,2137
6
6,2139
6,2140
6
6,2142
6
6,2144
6,2145
6
6,2147
6
6,2149
6,2150
6
6,2152
6
6,2154
6,2155
6
6,2157
6
6,2159
6,2160
6
6,2162
6
6,2164
6,2165
6
6,2167
6
6,2169
6,2170
6
6,2172
6
6,2174
6,2175
6
6,2177
6
6,2179
6,2180
6
6,2182
6
6,2184
6,2185
6
6,2187
6
6,2189
6,2190
6
6,2192
6
6,2194
6,2195
6
6,2197
6
6,2199
6,2200
6
6,2202
6
6,2204
6,2205
6
6,2207
6
6,2209
6,2210
6
6,2212
6
6,2214
6,2215
6
6,2217
6
6,2219
6,2220
6
6,2222
6
6,2224
6,2225
6
6,2227
6
6,2229
6,2230
6
6,2232
6
6,2234
6,2235
6
6,2237
6
6,2239
6,2240
6
6,2242
6
6,2244
6,2245
6
6,2247
6
6,2249
6,2250
6
6,2252
6
6,2254
6,2255
6
6,2257
6
6,2259
6,2260
6
6,2262
6
6,2264
6,2265
6
6,2267
6
6,2269
6,2270
6
6,2272
6
6,2274
6,2275
6
6,2277
6
6,2279
6,2280
6
6,2282
6
6,2284
6,2285
6
6,2287
6
6,2289
6,2290
6
6,2292
6
6,2294
6,2295
6
6,2297
6
6,2299
6,2300
6
6,2302
6
6,2304
6,2305
6
6,2307
6
6,2309
6,2310
6
6,2312
6
6,2314
6,2315
6
6,2317
6
6,2319
6,2320
6
6,2322
6
6,2324
6,2325
6
6,2327
6
6,2329
6,2330
6
6,2332
6
6,2334
6,2335
6
6,2337
6
6,2339
6,2340
6
6,2342
6
6,2344
6,2345
6
6,2347
6
6,2349
6,2350
6
6,2352
6
6,2354
6,2355
6
6,2357
6
6,2359
6,2360
6
6,2362
6
6,2364
6,2365
6
6,2367
6
6,2369
6,2370
6
6,2372
6
6,2374
6,2375
6
6,2377
6
6,2379
6,2380
6
6,2382
6
6,2384
6,2385
6
6,2387
6
6,2389
6,2390
6
6,2392
6
6,2394
6,2395
6
6,2397
6
6,2399
6,2400
6
6,2402
6
6,2404
6,2405
6
6,2407
6
6,2409
6,2410
6
6,2412
6
6,2414
6,2415
6
6,2417
6
6,2419
6,2420
6
6,2422
6
6,2424
6,2425
6
6,2427
6
6,2429
6,2430
6
6,2432
6
6,2434
6,2435
6
6,2437
6
6,2439
6,2440
6
6,2442
6
6,2444
6,2445
6
6,2447
6
6,2449
6,2450
6
6,2452
6
6,2454
6,2455
6
6,2457
6
6,2459
6,2460
6
6,2462
6
6,2464
6,2465
6
6,2467
6
6,2469
6,2470
6
6,2472
6
6,2474
6,2475
6
6,2477
6
6,2479
6,2480
6
6,2482
6
6,2484
6,2485
6
6,2487
6
14,155,2499
12
12,1731,1487,2087,1679,1128,2075,1489,1337,1989,1981,1220,1643,1316,1407,1664,880,1991,1023,1095,1403,1358,1124,1557,1004,639,814,1689,1727,1517,2015,2081,2005,1103,1683,1291,2089,1310,690,1021,1281,2003,1641,717,2067,1262,1171,1258,450,1447,1241,922,839,2009,1057,1354,772,2091,1138,790,1239,661,1059,983,1157,1603,1287,551,1586,2057,1985,1559,1053,1260,1620,568,834,1019,2025,2023,1375,1733,1540,1216,1293,1335,1109,1040,1708,2059,1082,1737,1333,897,2049,2027,1578,1360,2061,1561,1472,1134,2017,1002,609,1264,1076,1132,463,902,1413,1434,1468,1350,1151,762,1163,1995,1214,2083,1466,1074,1605,824,1411,1656,2047,751,1283,1169,1504,1677,1409,728,1055,1710,968,2029,1729,1639,1521,2079,1329,1449,1432,1997,2069,1555,846,1105,516,2063,1161,1702,1243,2051,1126,1687,1470,746,2041,1245,1977,1224,2039,1553,966,1451,1599,1485,1038,2011,1165,1534,443,2053,1266,695,2001,1308,964,1979,2043,1580,809,933,1538,1453,2007,1999,1519,1222,795,2033,1428,741,804,913,1405,1401,1993,1660,1618,585,677,996,1987,2021,644,1237,2073,1685,438,1036,892,819,1356,1658,1426,875,1155,1184,767,777,1136,2071,2055,1201,2019,1285,1331,2085,1159,2031,412,1373,1167,1430,1099,1188,885,1107,1637,704,1662,1111,1061,1582,1352,829,1622,1502,1218,1312,851,866,480,998,1574,1130,1153,1314,1017,2013,981,1536,1576,2035,1723,1725,1706,1983,1624,1078,668,493,1000,856,600,2037,1388,2065,1601,1584,527,1186,2077,1704,628,417,2045,1735,861,1681,1306,1080,1289,1279,1101,1097,542
12,1508,1364,1065,1668,1438,1027,1741,1525,1297,1752,1205,1693,1379,955,1628,1320,1086,1417,1192,1476,972,1493,1565,1115,1008,1142,1175,1341,1647,1228,1044,987,1590,1609,1714,1457,1544,1392,1270,1249
12,2401,158,194,172,2281,162,2251,2261,160,2361,2201,202,2451,2441,2391,170,216,226,166,218,2431,2311,208,2241,184,174,190,2221,188,156,2211,192,2341,224,2171,222,2231,2191,220,2141,164,2301,2421,2151,186,2381,2111,212,2331,206,178,2471,2291,2131,228,214,2411,2121,182,198,2321,168,2271,2371,2351,180,210,204,230,176,196,2181,200,2461,2161,2101
12,2354,2416,2486,2334,2304,2236,2436,2166,2366,1588,2254,1626,2466,1226,2216,2406,2396,2376,2426,1739,2226,2414,2134,1084,2204,2174,2386,2294,2194,1190,1607,2326,2314,1203,2116,1377,1666,1063,2094,2456,1563,2346,1113,985,2306,2196,2394,2296,2096,2444,2446,1506,2114,2364,1491,2276,2126,1025,2374,2384,2164,1247,1455,2256,2104,2124,1173,2214,2154,1750,2146,1339,2336,1390,2156,1295,2424,2316,1415,2484,1691,1140,2144,1318,2284,2356,1474,1042,1645,2344,2264,2476,2434,2464,1712,2106,2184,2454,1362,2274,970,2186,1436,2136,2404,1542,953,2286,2234,2266,2474,2244,1268,2206,2324,1523,2246,2176,1006,2224
12,580,652,1182,511,501,831,475,764,561,535,447,1122,917,1515,1051,2289,945,1149,648,604,460,2169,1483,435,899,486,904,947,544,1572,816,646,943,2159,2239,553,1654,440,471,2389,1700,725,419,779,539,672,484,636,425,674,697,563,2179,621,759,2399,1500,748,2469,2139,2209,1616,2129,1675,509,1551,2269,2459,2299,499,482,785,497,623,454,723,2189,1348,429,853,882,2419,2279,431,836,841,894,848,701,625,548,630,1371,699,889,507,692,811,769,524,719,1635,578,557,2259,1199,712,1386,935,582,1235,670,469,656,613,2309,574,1399,427,806,458,456,520,576,634,714,887,2229,941,559,783,738,877,1015,755,870,949,611,1721,2099,939,1464,2439,617,710,665,801,843,465,1093,683,962,1212,650,518,2329,505,792,1532,679,433,910,2409,753,1445,708,906,488,732,743,490,2119,2249,555,445,858,687,570,513,2369,654,994,2359,593,1072,587,930,2429,522,2349,546,632,572,908,597,1034,529,868,926,503,924,1327,589,915,2339,2449,826,872,2379,774,531,495,591,1424,2109,685,467,979,421,730,937,452,734,799,2199,658,663,615,863,757,2481,2319,606,681,641,473,533,2219,619,1304,781,2149,821,1597,477,928,721,537,565,787,423,1256,919,797,1277,736,706,595,951,602,414
12,1631,1673,1530,1568,1719,1462,1032,1147,1323,1443,1197,1091,992,1528,1513,1384,1460,1614,1273,1070,1047,1252,1757,1180,1382,1698,1397,1178,1511,1422,1275,1498,1369,1145,1479,1208,1570,1300,1231,1650,1759,1089,1696,1013,1671,1481,1302,1496,1233,1633,1346,977,1547,1254,975,958,1049,1420,1195,1593,1652,1744,1549,990,1612,1011,960,1030,1441,1344,1118,1120,1325,1595,1395,1068,1746,1367,1210,1717
12,1755
12
12,2479,1748
7,2500
15