0
0
0
0
0
0
0
0
0
0
0
0
0
0
0
0
0
0
0
0
0
0
0
0
0
0
0
0
0
0
0
0
0
0
0
0
0
0
0
0
0
0,473,1248,317,1250,95
0,1260,417,113,1258,330,486
0,1270,332,1268,426,347,115,452,501
0,1278,520,356,117,334,1280
0,358,1288,119,535,1290
0,1298,321,1300,121,548
0,123,561,1308,1310,373
0,1320,349,1318,125,574
0,1330,1328,127,437,587
0,600,1340,1338,129,360
0,1350,131,613,400,1348
0,626,97,1360,369,1358
0,639,133,1368,336,1370
0,1378,1380,402,652,135
0,137,665,1388,1390,375
0,1398,139,323,678,1400
0,338,141,1410,691,1408
0,1418,1420,704,143,340
0,717,1430,454,145,1428
0,456,1438,1440,730,147
0,1450,1448,149,362,743
0,151,756,1460,1458,395
0,371,391,99,769,1468,319,431,1470
0,1478,788,377,153,1480
0,1488,1490,155,439,801
0,379,1498,814,157,1500
0,159,827,458,1508,1510
0,1518,840,161,1520,404
0,163,1528,364,1530,853
0,866,1540,165,1538,381
0,1548,879,460,167,1550
0,169,1558,1560,892,325
0,1570,905,1568,171,441
0,386,101,1578,393,918,409,1580
0,173,1588,935,1590,462
0,103,411,433,948,1600,446,1598
0,965,1610,105,1608,413
0,978,1618,435,422,1620,107
0,993,415,109,448,1628,1630
0,424,1638,450,354,1640,1008,111,345
0,315,680,1218,771,475,550,894
0,693,641,706,507,328,1220,522,490
0,1222,343,576,509,1014
0,745,352,524,602,537,855,1224,1016
0,628,1226,868,816,667,367,773,790,563
0,1228,920,384
0,389,1230,922,758,775
0,615,654,1232,398,842
0,1234,924,995,950,967,488,407
0,980,420,1236,503,1010
0,589,777,803,429,907,982,1238,952
0,1240,444,719,881,937,997,1012,954,505,732,829
1,1668
2,95
2
2,97
2
2,99
2
2,101
2
2,103
2
2,105
2
2,107
2
2,109
2
2,111
2
2,113
2
2,115
2
2,117
2
2,119
2
2,121
2
2,123
2
2,125
2
2,127
2
2,129
2
2,131
2
2,133
2
2,135
2
2,137
2
2,139
2
2,141
2
2,143
2
2,145
2
2,147
2
2,149
2
2,151
2
2,153
2
2,155
2
2,157
2
2,159
2
2,161
2
2,163
2
2,165
2
2,167
2
2,169
2
2,171
2
2,173
2
3,324,318,1039,320,322,313,316
3,335,331,337,333,329,326,339,1040
3,341,1041,344,346,348
3,1042,357,359,361,355,350,353,363
3,370,376,380,368,374,372,365,378,1043
3,1044,382,385
3,1045,392,387,394,390
3,1046,396,403,399,401
3,414,410,405,412,408,1047,416
3,425,418,1048,421,423
3,436,1049,427,430,440,432,438,434
3,461,453,442,449,447,451,455,1050,445,457,459
3,1245,471,467
3,464,469,1243,466
3,465,463,1051,470,468,187,1667,1052,186
3,479,482,1253,477
3,484,1255,480
3,1053,481,472,1054,1056,1055,478,483,476,189,190,474
3,1263,492,497,494
3,495,499,1265
3,493,498,1058,1057,487,485,192,1060,1059,489,193,491,496
3,511,1273,513,516
3,514,1275,518
3,1064,504,510,517,502,195,196,512,500,1062,1061,506,515,508,1063
3,531,526,528,1283
3,533,1285,529
3,1067,1068,532,525,521,198,530,523,527,519,199,1066,1065
3,1293,541,544,539
3,542,546,1295
3,1070,1071,1072,201,540,536,534,538,545,1069,202,543
3,1303,552,554,557
3,555,1305,559
3,1073,1074,549,1075,1076,556,205,551,204,558,547,553
3,565,567,1313,570
3,1315,568,572
3,1077,562,564,1080,569,1078,566,560,208,207,1079,571
3,578,583,580,1323
3,581,585,1325
3,1082,1081,573,584,1084,579,577,1083,211,582,210,575
3,1333,596,593,591
3,1335,594,598
3,590,588,595,597,1085,586,213,592,1086,214,1088,1087
3,1343,609,604,606
3,607,1345,611
3,599,1092,603,217,1091,1089,610,605,608,601,1090,216
3,1353,617,622,619
3,1355,620,624
3,1094,220,618,614,1096,623,1093,1095,219,612,621,616
3,635,630,632,1363
3,1365,633,637
3,631,1098,627,222,634,625,629,636,1099,1100,1097,223
3,648,1373,643,645
3,650,646,1375
3,226,1103,1101,1104,644,638,642,225,649,647,1102,640
3,661,656,658,1383
3,1385,663,659
3,228,1105,1106,660,653,1107,662,657,651,655,1108,229
3,1393,669,674,671
3,1395,672,676
3,670,666,664,673,1112,231,1110,1111,232,675,668,1109
3,682,687,684,1403
3,1405,685,689
3,677,234,1115,235,688,679,1114,681,686,1116,683,1113
3,1413,695,700,697
3,702,1415,698
3,238,1119,701,237,694,1120,690,1117,1118,696,692,699
3,708,1423,713,710
3,711,1425,715
3,709,1121,703,1123,707,240,705,714,1122,712,1124,241
3,1433,726,723,721
3,724,728,1435
3,718,1125,720,243,725,1128,1127,244,716,727,722,1126
3,736,739,734,1443
3,741,737,1445
3,1132,1129,729,733,738,1130,246,1131,731,740,247,735
3,747,1453,752,749
3,750,1455,754
3,249,751,744,1133,742,1136,1134,746,748,250,1135,753
3,760,765,1463,762
3,1465,767,763
3,253,757,759,1140,252,1138,764,755,761,1137,766,1139
3,781,784,779,1473
3,786,782,1475
3,774,772,783,256,255,776,768,1141,778,1144,785,1143,770,1142,780
3,1483,794,797,792
3,795,1485,799
3,1146,798,1145,1148,791,258,1147,259,796,787,793,789
3,810,807,805,1493
3,1495,808,812
3,1151,800,804,1149,1152,802,261,811,809,806,1150,262
3,1503,818,820,823
3,821,1505,825
3,822,265,1154,819,815,1155,264,1153,817,813,824,1156
3,836,1513,831,833
3,1515,838,834
3,828,832,1160,267,837,1158,1157,268,835,826,830,1159
3,849,844,1523,846
3,851,1525,847
3,848,1162,1161,271,270,1164,843,1163,839,845,850,841
3,857,862,859,1533
3,864,1535,860
3,854,856,858,1167,1165,1168,863,1166,861,274,852,273
3,872,875,1543,870
3,873,877,1545
3,869,1172,871,277,876,865,867,1171,1169,1170,276,874
3,888,1553,885,883
3,1555,886,890
3,887,280,880,884,889,882,1174,1176,279,878,1173,1175
3,898,896,901,1563
3,899,1565,903
3,282,897,1180,893,895,283,900,1179,891,902,1177,1178
3,911,909,1573,914
3,1575,912,916
3,915,1184,910,906,913,286,1181,1182,285,908,904,1183
3,1583,931,928,926
3,1585,929,933
3,289,1186,1185,923,1187,919,925,288,927,917,1188,932,930,921
3,944,941,1593,939
3,1595,942,946
3,940,934,1191,291,292,1190,1189,945,938,936,1192,943
3,956,961,958,1603
3,959,1605,963
3,949,947,1193,955,1196,1194,1195,294,951,295,957,953,960,962
3,974,971,969,1613
3,1615,976,972
3,966,973,1198,1200,1199,975,970,968,1197,964,298,297
3,1623,989,984,986
3,991,1625,987
3,301,985,1201,983,981,979,1202,988,300,990,1204,977,1203
3,1633,1001,999,1004
3,1002,1006,1635
3,304,1000,994,1003,998,992,996,1205,1207,1206,303,1005,1208
3,1023,1643,1018,1020
3,1021,1645,1025
3,1211,1007,1011,1017,1210,1015,306,1212,1013,1019,1022,1209,1024,307,1009
3,1029,1036,1032,1653
3,1655,1038,1031
3,1648,1650,1034,1027
3,1028,309,310,1033,1216,1213,1215,1026,1037,1214,311,1035,1030
4,314
4,315
4
4,317
4
4,319
4
4,321
4
4,323
4
4,325
4
4,327
4,328
4
4,330
4
4,332
4
4,334
4
4,336
4
4,338
4
4,340
4
4,342
4,343
4
4,345
4
4,347
4
4,349
4
4,351
4,352
4
4,354
4
4,356
4
4,358
4
4,360
4
4,362
4
4,364
4
4,366
4,367
4
4,369
4
4,371
4
4,373
4
4,375
4
4,377
4
4,379
4
4,381
4
4,383
4,384
4
4,386
4
4,388
4,389
4
4,391
4
4,393
4
4,395
4
4,397
4,398
4
4,400
4
4,402
4
4,404
4
4,406
4,407
4
4,409
4
4,411
4
4,413
4
4,415
4
4,417
4
4,419
4,420
4
4,422
4
4,424
4
4,426
4
4,428
4,429
4
4,431
4
4,433
4
4,435
4
4,437
4
4,439
4
4,441
4
4,443
4,444
4
4,446
4
4,448
4
4,450
4
4,452
4
4,454
4
4,456
4
4,458
4
4,460
4
4,462
4
4,464
4
4,466
4,467
4
4,469
4
4,471
4
4,473
4
4,475
4
4,477
4
4,479
4,480
4
4,482
4
4,484
4
4,486
4
4,488
4
4,490
4
4,492
4
4,494
4,495
4
4,497
4
4,499
4
4,501
4
4,503
4
4,505
4
4,507
4
4,509
4
4,511
4
4,513
4,514
4
4,516
4
4,518
4
4,520
4
4,522
4
4,524
4
4,526
4
4,528
4,529
4
4,531
4
4,533
4
4,535
4
4,537
4
4,539
4
4,541
4,542
4
4,544
4
4,546
4
4,548
4
4,550
4
4,552
4
4,554
4,555
4
4,557
4
4,559
4
4,561
4
4,563
4
4,565
4
4,567
4,568
4
4,570
4
4,572
4
4,574
4
4,576
4
4,578
4
4,580
4,581
4
4,583
4
4,585
4
4,587
4
4,589
4
4,591
4
4,593
4,594
4
4,596
4
4,598
4
4,600
4
4,602
4
4,604
4
4,606
4,607
4
4,609
4
4,611
4
4,613
4
4,615
4
4,617
4
4,619
4,620
4
4,622
4
4,624
4
4,626
4
4,628
4
4,630
4
4,632
4,633
4
4,635
4
4,637
4
4,639
4
4,641
4
4,643
4
4,645
4,646
4
4,648
4
4,650
4
4,652
4
4,654
4
4,656
4
4,658
4,659
4
4,661
4
4,663
4
4,665
4
4,667
4
4,669
4
4,671
4,672
4
4,674
4
4,676
4
4,678
4
4,680
4
4,682
4
4,684
4,685
4
4,687
4
4,689
4
4,691
4
4,693
4
4,695
4
4,697
4,698
4
4,700
4
4,702
4
4,704
4
4,706
4
4,708
4
4,710
4,711
4
4,713
4
4,715
4
4,717
4
4,719
4
4,721
4
4,723
4,724
4
4,726
4
4,728
4
4,730
4
4,732
4
4,734
4
4,736
4,737
4
4,739
4
4,741
4
4,743
4
4,745
4
4,747
4
4,749
4,750
4
4,752
4
4,754
4
4,756
4
4,758
4
4,760
4
4,762
4,763
4
4,765
4
4,767
4
4,769
4
4,771
4
4,773
4
4,775
4
4,777
4
4,779
4
4,781
4,782
4
4,784
4
4,786
4
4,788
4
4,790
4
4,792
4
4,794
4,795
4
4,797
4
4,799
4
4,801
4
4,803
4
4,805
4
4,807
4,808
4
4,810
4
4,812
4
4,814
4
4,816
4
4,818
4
4,820
4,821
4
4,823
4
4,825
4
4,827
4
4,829
4
4,831
4
4,833
4,834
4
4,836
4
4,838
4
4,840
4
4,842
4
4,844
4
4,846
4,847
4
4,849
4
4,851
4
4,853
4
4,855
4
4,857
4
4,859
4,860
4
4,862
4
4,864
4
4,866
4
4,868
4
4,870
4
4,872
4,873
4
4,875
4
4,877
4
4,879
4
4,881
4
4,883
4
4,885
4,886
4
4,888
4
4,890
4
4,892
4
4,894
4
4,896
4
4,898
4,899
4
4,901
4
4,903
4
4,905
4
4,907
4
4,909
4
4,911
4,912
4
4,914
4
4,916
4
4,918
4
4,920
4
4,922
4
4,924
4
4,926
4
4,928
4,929
4
4,931
4
4,933
4
4,935
4
4,937
4
4,939
4
4,941
4,942
4
4,944
4
4,946
4
4,948
4
4,950
4
4,952
4
4,954
4
4,956
4
4,958
4,959
4
4,961
4
4,963
4
4,965
4
4,967
4
4,969
4
4,971
4,972
4
4,974
4
4,976
4
4,978
4
4,980
4
4,982
4
4,984
4
4,986
4,987
4
4,989
4
4,991
4
4,993
4
4,995
4
4,997
4
4,999
4
4,1001
4,1002
4
4,1004
4
4,1006
4
4,1008
4
4,1010
4
4,1012
4
4,1014
4
4,1016
4
4,1018
4
4,1020
4,1021
4
4,1023
4
4,1025
4
4,1027
4
4,1029
4
4,1031
4,1032
4
4,1034
4
4,1036
4
4,1038
4
5,1217
5,1219
5,1221
5,1223
5,1225
5,1227
5,1229
5,1231
5,1233
5,1235
5,1237
5,1239
5,1241
5,1244
5,1246
5,1249
5,1251
5,1254
5,1256
5,1259
5,1261
5,1264
5,1266
5,1269
5,1271
5,1274
5,1276
5,1279
5,1281
5,1284
5,1286
5,1289
5,1291
5,1294
5,1296
5,1299
5,1301
5,1304
5,1306
5,1309
5,1311
5,1314
5,1316
5,1319
5,1321
5,1324
5,1326
5,1329
5,1331
5,1334
5,1336
5,1339
5,1341
5,1344
5,1346
5,1349
5,1351
5,1354
5,1356
5,1359
5,1361
5,1364
5,1366
5,1369
5,1371
5,1374
5,1376
5,1379
5,1381
5,1384
5,1386
5,1389
5,1391
5,1394
5,1396
5,1399
5,1401
5,1404
5,1406
5,1409
5,1411
5,1414
5,1416
5,1419
5,1421
5,1424
5,1426
5,1429
5,1431
5,1434
5,1436
5,1439
5,1441
5,1444
5,1446
5,1449
5,1451
5,1454
5,1456
5,1459
5,1461
5,1464
5,1466
5,1469
5,1471
5,1474
5,1476
5,1479
5,1481
5,1484
5,1486
5,1489
5,1491
5,1494
5,1496
5,1499
5,1501
5,1504
5,1506
5,1509
5,1511
5,1514
5,1516
5,1519
5,1521
5,1524
5,1526
5,1529
5,1531
5,1534
5,1536
5,1539
5,1541
5,1544
5,1546
5,1549
5,1551
5,1554
5,1556
5,1559
5,1561
5,1564
5,1566
5,1569
5,1571
5,1574
5,1576
5,1579
5,1581
5,1584
5,1586
5,1589
5,1591
5,1594
5,1596
5,1599
5,1601
5,1604
5,1606
5,1609
5,1611
5,1614
5,1616
5,1619
5,1621
5,1624
5,1626
5,1629
5,1631
5,1634
5,1636
5,1639
5,1641
5,1644
5,1646
5,1649
5,1651
5,1654
6,1218
6
6,1220
6
6,1222
6
6,1224
6
6,1226
6
6,1228
6
6,1230
6
6,1232
6
6,1234
6
6,1236
6
6,1238
6
6,1240
6
6,1242
6,1243
6
6,1245
6
6,1247
6,1248
6
6,1250
6
6,1252
6,1253
6
6,1255
6
6,1257
6,1258
6
6,1260
6
6,1262
6,1263
6
6,1265
6
6,1267
6,1268
6
6,1270
6
6,1272
6,1273
6
6,1275
6
6,1277
6,1278
6
6,1280
6
6,1282
6,1283
6
6,1285
6
6,1287
6,1288
6
6,1290
6
6,1292
6,1293
6
6,1295
6
6,1297
6,1298
6
6,1300
6
6,1302
6,1303
6
6,1305
6
6,1307
6,1308
6
6,1310
6
6,1312
6,1313
6
6,1315
6
6,1317
6,1318
6
6,1320
6
6,1322
6,1323
6
6,1325
6
6,1327
6,1328
6
6,1330
6
6,1332
6,1333
6
6,1335
6
6,1337
6,1338
6
6,1340
6
6,1342
6,1343
6
6,1345
6
6,1347
6,1348
6
6,1350
6
6,1352
6,1353
6
6,1355
6
6,1357
6,1358
6
6,1360
6
6,1362
6,1363
6
6,1365
6
6,1367
6,1368
6
6,1370
6
6,1372
6,1373
6
6,1375
6
6,1377
6,1378
6
6,1380
6
6,1382
6,1383
6
6,1385
6
6,1387
6,1388
6
6,1390
6
6,1392
6,1393
6
6,1395
6
6,1397
6,1398
6
6,1400
6
6,1402
6,1403
6
6,1405
6
6,1407
6,1408
6
6,1410
6
6,1412
6,1413
6
6,1415
6
6,1417
6,1418
6
6,1420
6
6,1422
6,1423
6
6,1425
6
6,1427
6,1428
6
6,1430
6
6,1432
6,1433
6
6,1435
6
6,1437
6,1438
6
6,1440
6
6,1442
6,1443
6
6,1445
6
6,1447
6,1448
6
6,1450
6
6,1452
6,1453
6
6,1455
6
6,1457
6,1458
6
6,1460
6
6,1462
6,1463
6
6,1465
6
6,1467
6,1468
6
6,1470
6
6,1472
6,1473
6
6,1475
6
6,1477
6,1478
6
6,1480
6
6,1482
6,1483
6
6,1485
6
6,1487
6,1488
6
6,1490
6
6,1492
6,1493
6
6,1495
6
6,1497
6,1498
6
6,1500
6
6,1502
6,1503
6
6,1505
6
6,1507
6,1508
6
6,1510
6
6,1512
6,1513
6
6,1515
6
6,1517
6,1518
6
6,1520
6
6,1522
6,1523
6
6,1525
6
6,1527
6,1528
6
6,1530
6
6,1532
6,1533
6
6,1535
6
6,1537
6,1538
6
6,1540
6
6,1542
6,1543
6
6,1545
6
6,1547
6,1548
6
6,1550
6
6,1552
6,1553
6
6,1555
6
6,1557
6,1558
6
6,1560
6
6,1562
6,1563
6
6,1565
6
6,1567
6,1568
6
6,1570
6
6,1572
6,1573
6
6,1575
6
6,1577
6,1578
6
6,1580
6
6,1582
6,1583
6
6,1585
6
6,1587
6,1588
6
6,1590
6
6,1592
6,1593
6
6,1595
6
6,1597
6,1598
6
6,1600
6
6,1602
6,1603
6
6,1605
6
6,1607
6,1608
6
6,1610
6
6,1612
6,1613
6
6,1615
6
6,1617
6,1618
6
6,1620
6
6,1622
6,1623
6
6,1625
6
6,1627
6,1628
6
6,1630
6
6,1632
6,1633
6
6,1635
6
6,1637
6,1638
6
6,1640
6
6,1642
6,1643
6
6,1645
6
6,1647
6,1648
6
6,1650
6
6,1652
6,1653
6
6,1655
6
14,93,1667
12
12,1011,1229,1221,1231,936,757,1013,996,1015,994,366,474,772,776,880,614,443,1225,841,774,906,692,523,640,487,1009,815,536,506,893,383,718,549,627,979,1235,588,923,1237,406,1217,744,770,1219,351,1239,854,1233,679,1227,705,342,867,502,828,966,789,314,919,508,666,601,388,489,504,949,1223,653,921,397,562,802,731,419,981,327,951,575,953,521,428
12,806,845,871,927,897,780,819,618,793,735,527,709,605,657,670,579,478,1030,910,970,553,884,1019,465,540,644,631,858,761,832,696,683,592,957,566,940,1000,512,722,748,493,985
12,1269,96,132,110,100,98,140,1509,144,1609,1479,1309,108,154,164,104,1339,1489,1429,1519,1439,1319,1469,156,1259,1329,146,1459,1449,122,112,1419,128,126,94,1589,130,1639,162,1379,1559,1389,160,1349,1499,1549,1529,158,1579,1359,102,1289,1569,124,150,1539,116,1619,166,152,172,1249,1599,1399,120,136,106,1629,148,1279,1299,118,142,168,1409,134,138,170,1369,114
12,1254,538,882,968,1534,510,1464,1612,1322,1494,707,551,843,1374,1252,908,1474,668,1028,1372,1414,1554,1562,998,1492,1444,491,1542,1654,577,1342,938,1484,564,1624,1644,733,1652,955,1524,1382,1564,1454,1604,681,1334,1244,1482,1242,1574,869,1272,1504,1552,1404,463,603,1544,1304,720,476,1352,1282,778,1017,616,629,1362,694,895,1452,1392,590,1512,1582,1514,1622,925,1642,983,1344,1264,1424,1432,1532,1294,759,1572,1312,791,1634,1522,1324,1292,1602,525,1462,642,804,1584,1412,1594,1502,1402,1472,655,1364,1442,1314,1332,1422,817,746,1284,856,1274,1354,1394,1262,1592,1614,1302,1384,1632,830,1434
12,677,1367,1397,453,355,1257,1427,376,1357,1307,440,1007,394,430,1327,852,865,445,1267,1417,344,318,1497,361,329,357,1507,451,392,947,547,335,455,403,1637,664,436,768,346,612,363,390,1387,625,800,370,339,742,472,324,461,378,434,729,1277,414,1537,449,348,934,485,1297,1597,1407,1437,1347,1337,425,374,438,1487,410,359,586,1627,964,380,560,1247,1287,1587,534,917,385,408,1457,500,826,839,1467,599,447,353,1517,1447,878,320,412,1527,1649,322,755,432,1547,703,1577,716,1477,421,1607,638,690,423,399,891,992,904,331,1317,813,368,401,573,1567,1377,787,337,457,372,333,459,416,651,977,1557,519,316,1617
12,714,822,835,686,863,662,798,515,597,930,1037,558,850,740,796,785,725,876,811,595,837,673,988,764,623,915,699,556,945,688,900,701,483,727,569,660,848,545,874,751,1003,496,582,634,960,621,468,943,1035,1024,675,962,753,584,571,889,932,824,1022,636,530,783,913,498,902,1005,470,975,517,990,532,712,973,649,766,809,610,647,543,887,738,481,608,861
12,1033
12
12,1647,1026
7,1668
15