0
0
0
0
0
0
0
0
0
0
0
0
0
0
0
0
0
0
0
0
0
0
0
0
0
0
0
0
0
0
0
0
0
0
0
0
0
0
0
0
0
0
0
0
0
0
0
0
0
0
0
0
0
0
0
0
0
0
0
0
0
0
0
0,2208,2210,964,830,427,504,165,587,1023
0,2218,2220,477,183,1003,1044,560,733,464
0,2228,534,1065,2230,185
0,688,493,1078,673,2240,2238,968,442,187,604
0,2250,591,973,2248,1101,562,189,855,1012,444
0,819,521,2260,2258,907,640,191,1124
0,446,193,2270,606,1143,621,435,2268,834
0,2278,495,994,576,2280,1164,195
0,716,2290,690,735,197,750,1181,2288
0,692,199,448,709,1005,1200,2300,2298,949,479
0,711,545,1223,2308,510,481,675,836,455,201,2310,763,623,737,488
0,2320,1256,2318,167,832
0,547,1269,512,996,593,203,797,578,2330,2328
0,625,1292,718,2338,523,739,2340,536,608,205
0,207,549,1315,2348,653,694,2350,781,466
0,2358,595,610,209,857,998,567,468,580,2360,1336
0,211,2368,627,612,1361,765,2370,470,664,538
0,1384,642,655,2380,2378,767,213
0,677,978,614,2388,215,1401,2390
0,720,2398,525,597,644,846,2400,769,1418,741,821,679,582,217
0,616,1449,569,722,219,2408,2410
0,221,2418,1466,2420,599,657,724,752,873,629,924
0,2430,817,1491,169,517,2428
0,2438,497,2440,954,848,223,1506,646
0,1525,2448,776,631,959,225,696,900,790,726,771,2450,681
0,902,783,880,2460,227,728,499,1554,571,2458,912,859,806,841
0,229,1585,823,799,2468,2470,939,866,633
0,2480,231,1606,2478,861,792,743
0,929,233,2490,1623,2488,754,551
0,666,934,1640,648,808,698,850,919,756,785,2500,235,2498
0,2508,527,745,1669,635,810,683,2510,237,801,885
0,875,758,239,812,659,895,868,2518,825,2520,1694,914
0,460,2528,171,1721,983,988,429,2530
0,671,173,2540,506,532,2538,1740,703,453
0,431,2550,175,966,1761,2548,462
0,475,1778,2558,556,543,589,519,2560,177,990,508
0,944,2568,179,1803,558,2570,705,992
0,2578,707,433,440,486,181,890,1822,1010,2580
0,1824,2078,1723,425,1025,1145,1763
0,1206,1107,1082,1149,438,2080,1830
0,2082,451,1229,1744
0,1340,1317,458,1363,2084,1727,1767,1050
0,2086,1208,1052,1784,473,1231
0,1233,484,2088,1832
0,1508,1168,1084,1556,491,2090
0,1746,1273,1235,2092,1786,1031,502
0,1420,1294,1128,2094,515,1788,1493,1671
0,1067,530,1748,1296,2096,1365
0,541,2098,1319,1625,1237,1790,1275
0,554,2100,1780,1805,1103,1046
0,2102,565,1342,1451,1558
0,2104,1277,1344,1170,1422,574
0,1109,1468,1424,1033,1346,1279,585,1792,2106
0,2108,1453,1086,1348,1367,1403,1151,1298,602
0,1239,1587,1673,1153,1369,1527,619,2110,1300,1470
0,1386,1130,2112,1642,1426,638,1510
0,1472,1696,651,2114,1321,1388
0,1644,1371,2116,662
0,2118,1529,1750,1675,1405,669,1241,1428,1088
0,1531,1646,1183,1090,686,1210,2120,1323
0,701,1202,1225,1826,1807,2122,1742
0,1455,1474,1185,1533,714,1560,1430,1302,2124
0,1304,1054,1243,2126,1432,1608,1677,731,1187
0,2128,1189,1627,1476,1648,748,1698
0,1373,1434,1245,761,1535,2130,1390
0,2132,774,1537
0,1650,1325,779,2134,1562
0,2136,788,1610,1539
0,795,2138,1589,1679,1281
0,1681,804,2140,1564,1700,1652
0,1132,1591,1436,815,1495,1702,2142
0,1258,1227,1147,2144,1027,828
0,839,2146,1566
0,1438,2148,844,1512,1654
0,853,1568,1350,2150,1612,1111
0,1704,2152,1593,864
0,2154,871,1706,1478
0,2156,1570,878
0,883,2158,1683
0,2160,1834,888
0,893,2162,1708
0,1572,898,2164,1541
0,2166,1126,905
0,1710,1574,910,2168
0,2170,917,1656
0,922,1480,2172
0,2174,927,1629
0,932,1658,2176
0,1595,937,2178
0,1811,942,2180
0,2182,947,1212
0,2184,952,1514
0,957,2186,1543
0,2188,1765,962,1080,1029
0,971,1113,2190
0,1407,976,2192
0,1729,981,2194
0,1782,1725,1809,1338,1166,1271,986,2196
0,2198,1001,1204,1048
0,1105,1008,1828,2200
1,2608
2,165
2
2,167
2
2,169
2
2,171
2
2,173
2
2,175
2
2,177
2
2,179
2
2,181
2
2,183
2
2,185
2
2,187
2
2,189
2
2,191
2
2,193
2
2,195
2
2,197
2
2,199
2
2,201
2
2,203
2
2,205
2
2,207
2
2,209
2
2,211
2
2,213
2
2,215
2
2,217
2
2,219
2
2,221
2
2,223
2
2,225
2
2,227
2
2,229
2
2,231
2
2,233
2
2,235
2
2,237
2
2,239
2
3,434,428,1857,430,432,423,426
3,445,441,447,443,439,436,1858
3,449,452,454,1859
3,1860,463,465,467,461,456,459,469
3,476,474,471,480,478,1861
3,482,1862,485,487
3,489,1863,494,498,492,496
3,505,1864,511,509,507,503,500
3,526,524,518,522,513,516,520,1865
3,531,528,533,537,1866,535
3,542,548,544,539,546,550,1867
3,557,561,552,1868,555,559
3,1869,566,570,568,563
3,581,579,572,577,575,1870
3,592,586,594,590,598,596,1871,588,583
3,615,603,607,609,611,613,600,605,1872
3,620,1873,617,628,622,626,630,634,632,624
3,647,645,643,639,636,1874,641
3,658,656,1875,652,654,649
3,660,665,663,1876
3,674,667,1877,672,680,670,676,682,678
3,684,697,693,695,689,1878,691,687
3,708,710,706,702,704,699,1879
3,715,723,719,721,725,1880,727,717,712
3,742,740,744,738,736,1881,729,732,734
3,1882,757,751,753,755,746,749
3,768,766,759,762,1883,764,770
3,772,1884,775
3,1885,777,784,780,782
3,786,1886,789,791
3,796,1887,800,793,798
3,809,807,1888,805,802,811
3,820,824,816,818,822,1889,813
3,829,831,1890,833,835,826
3,837,1891,840
3,847,1892,842,849,845
3,851,854,860,858,1893,856
3,862,865,867,1894
3,874,1895,872,869
3,879,876,1896
3,881,1897,884
3,889,886,1898
3,894,891,1899
3,901,899,1900,896
3,903,906,1901
3,911,1902,908,913
3,1903,918,915
3,1904,920,923
3,925,1905,928
3,933,1906,930
3,938,1907,935
3,943,940,1908
3,948,1909,945
3,950,1910,953
3,958,955,1911
3,1912,967,960,963,965
3,972,969,1913
3,1914,977,974
3,1915,982,979
3,987,995,997,991,989,1916,984,993
3,999,1917,1004,1002
3,1009,1011,1918,1006
3,2205,1017,1021
3,1014,1019,1016,2203
3,1013,1919,1015,303,1920,2607,1018,1020,302
3,1035,1040,1037,2213
3,1042,2215,1038
3,1041,1921,1032,305,1039,1036,1034,1030,1028,1923,306,1924,1026,1922,1022,1024
3,1061,1058,2223,1056
3,2225,1059,1063
3,1927,1057,1049,1051,1925,1043,1062,1055,1928,309,308,1926,1047,1060,1053,1045
3,1071,1074,1069,2233
3,1072,2235,1076
3,1068,311,1931,1930,1932,1066,1073,1070,1064,1075,1929,312
3,1092,1094,2243,1097
3,2245,1095,1099
3,1098,314,1079,1933,1091,315,1089,1096,1083,1934,1081,1085,1093,1077,1936,1935,1087
3,1117,1115,1120,2253
3,1122,2255,1118
3,1104,1106,1100,317,1116,1937,1102,1119,1938,1114,1121,1108,1939,1940,1112,1110,318
3,2263,1134,1136,1139
3,1137,1141,2265
3,320,1942,1944,1941,1943,1135,1131,1125,1129,1138,1140,321,1127,1123,1133
3,1160,1155,1157,2273
3,1158,2275,1162
3,1159,1150,1156,1146,1152,1142,1148,1144,1946,1948,323,1161,1945,324,1947,1154
3,1177,2283,1172,1174
3,2285,1175,1179
3,1165,1167,1173,1178,1176,1949,326,1169,1163,1171,1952,1951,327,1950
3,1196,2293,1193,1191
3,1198,1194,2295
3,1182,329,1953,330,1190,1186,1954,1180,1188,1195,1197,1192,1184,1956,1955
3,1219,2303,1214,1216
3,1217,2305,1221
3,1957,1199,1960,1213,1958,1215,1207,332,1209,1220,1201,1203,1959,1205,1211,1218,333
3,1252,2313,1249,1247
3,1254,1250,2315
3,1238,1224,1236,1232,1246,1964,1240,1242,1963,335,1962,1228,336,1961,1244,1248,1222,1251,1234,1226,1230,1253
3,1265,2323,1260,1262
3,1263,2325,1267
3,1968,1965,1261,1266,338,1259,1966,1967,1257,1264,339,1255
3,1288,1283,2333,1285
3,2335,1290,1286
3,1282,1284,1972,1278,1971,1276,341,1970,1287,1280,1289,1268,1274,342,1969,1270,1272
3,2343,1311,1308,1306
3,2345,1309,1313
3,1310,344,1976,1295,1293,1307,1975,1297,1973,1301,1305,1312,1303,1291,345,1299,1974
3,1327,1329,2353,1332
3,1334,2355,1330
3,1314,1328,1333,1978,1318,1331,1977,348,347,1320,1980,1979,1326,1316,1322,1324
3,2363,1352,1354,1357
3,1359,2365,1355
3,1339,1351,1335,1347,1984,1353,1982,350,1356,1345,1343,1981,1349,351,1358,1983,1337,1341
3,1377,1375,2373,1380
3,2375,1382,1378
3,1374,1370,354,1364,1368,1987,1366,1985,1372,1381,1376,1988,1986,353,1360,1379,1362
3,1394,1392,1397,2383
3,2385,1395,1399
3,1396,1391,1989,1385,1990,1992,356,1383,1387,1398,1393,357,1389,1991
3,1409,1414,1411,2393
3,1416,1412,2395
3,1996,1415,360,1413,1408,1410,1402,1406,1993,1995,1994,1400,359,1404
3,2403,1440,1445,1442
3,1443,2405,1447
3,1417,1435,1419,1425,362,363,1997,1444,1998,2000,1429,1446,1439,1431,1441,1999,1421,1427,1433,1437,1423
3,1457,2413,1459,1462
3,1464,2415,1460
3,2004,2001,1463,1458,2003,2002,1461,1452,1450,1456,1454,365,1448,366
3,2423,1487,1484,1482
3,1489,2425,1485
3,1479,1481,369,1465,1471,1473,2008,2007,1483,368,1469,1475,2005,1488,1486,2006,1467,1477
3,1497,1499,2433,1502
3,2435,1500,1504
3,1498,2010,1501,1492,372,2009,1490,1494,371,2011,1496,1503,2012
3,1521,2443,1518,1516
3,1523,1519,2445
3,1511,1513,2016,1515,2015,1509,375,2014,1505,1517,2013,1520,1507,374,1522
3,1547,1550,1545,2453
3,1548,1552,2455
3,1534,1528,2019,1544,378,1549,1532,1530,1551,1540,2020,1538,377,1542,1536,2018,1546,1526,1524,2017
3,1581,2463,1578,1576
3,1579,1583,2465
3,1571,1563,1575,1580,1582,1553,1565,1559,380,1561,1573,381,2021,1557,2024,1567,1569,1555,2022,1577,2023
3,1602,1599,2473,1597
3,1604,1600,2475
3,1586,2025,1594,2028,2026,1590,1598,1592,383,2027,1584,1601,1603,1596,1588,384
3,1614,1616,1619,2483
3,2485,1621,1617
3,1615,2029,1609,1618,1613,387,1620,1605,386,2032,1607,2031,1611,2030
3,1633,1636,1631,2493
3,1634,2495,1638
3,1635,2033,2036,2034,2035,390,1622,1637,389,1628,1630,1632,1626,1624
3,1665,1660,1662,2503
3,2505,1667,1663
3,1666,2037,1664,1643,1645,1655,1661,1641,2039,2040,392,1653,1659,1651,393,1647,1649,1657,1639,2038
3,2513,1687,1690,1685
3,1692,1688,2515
3,1691,396,1674,1682,1686,2042,1672,1670,2044,2043,2041,395,1689,1668,1678,1676,1684,1680
3,1717,1714,2523,1712
3,1719,2525,1715
3,1693,1716,1699,1707,1713,2047,2045,1718,1709,399,1711,398,1701,2046,1695,2048,1705,1703,1697
3,1731,1736,2533,1733
3,1738,2535,1734
3,1722,1735,1728,1724,401,402,2052,1726,1737,1720,2049,2051,1732,2050,1730
3,1752,2543,1757,1754
3,1755,2545,1759
3,2055,1747,404,2056,405,1751,1758,2054,1743,1739,1753,1745,2053,1749,1741,1756
3,1774,1769,1771,2553
3,1776,2555,1772
3,1760,408,1762,1773,407,1770,1775,2058,2059,1768,1766,2060,2057,1764
3,1799,1794,1796,2563
3,1801,1797,2565
3,410,1798,2063,2061,1783,1789,1800,1787,1795,1793,1785,1779,2064,1777,1781,2062,1791,411
3,1815,1818,2573,1813
3,1816,2575,1820
3,1808,2065,414,2068,1819,1806,1814,1802,1817,2067,1804,1810,413,1812,2066
3,1838,1841,1836,2583
3,1839,2585,1843
3,2072,1831,1835,1827,2071,1833,2069,1840,416,1821,1837,1842,417,1823,2070,1829,1825
3,2593,1850,1854,1847
3,2595,1849,1856
3,1852,2590,2588,1845
3,2076,421,1853,2074,420,1851,1855,1846,2073,2075,419,1848,1844
4,424
4,425
4
4,427
4
4,429
4
4,431
4
4,433
4
4,435
4
4,437
4,438
4
4,440
4
4,442
4
4,444
4
4,446
4
4,448
4
4,450
4,451
4
4,453
4
4,455
4
4,457
4,458
4
4,460
4
4,462
4
4,464
4
4,466
4
4,468
4
4,470
4
4,472
4,473
4
4,475
4
4,477
4
4,479
4
4,481
4
4,483
4,484
4
4,486
4
4,488
4
4,490
4,491
4
4,493
4
4,495
4
4,497
4
4,499
4
4,501
4,502
4
4,504
4
4,506
4
4,508
4
4,510
4
4,512
4
4,514
4,515
4
4,517
4
4,519
4
4,521
4
4,523
4
4,525
4
4,527
4
4,529
4,530
4
4,532
4
4,534
4
4,536
4
4,538
4
4,540
4,541
4
4,543
4
4,545
4
4,547
4
4,549
4
4,551
4
4,553
4,554
4
4,556
4
4,558
4
4,560
4
4,562
4
4,564
4,565
4
4,567
4
4,569
4
4,571
4
4,573
4,574
4
4,576
4
4,578
4
4,580
4
4,582
4
4,584
4,585
4
4,587
4
4,589
4
4,591
4
4,593
4
4,595
4
4,597
4
4,599
4
4,601
4,602
4
4,604
4
4,606
4
4,608
4
4,610
4
4,612
4
4,614
4
4,616
4
4,618
4,619
4
4,621
4
4,623
4
4,625
4
4,627
4
4,629
4
4,631
4
4,633
4
4,635
4
4,637
4,638
4
4,640
4
4,642
4
4,644
4
4,646
4
4,648
4
4,650
4,651
4
4,653
4
4,655
4
4,657
4
4,659
4
4,661
4,662
4
4,664
4
4,666
4
4,668
4,669
4
4,671
4
4,673
4
4,675
4
4,677
4
4,679
4
4,681
4
4,683
4
4,685
4,686
4
4,688
4
4,690
4
4,692
4
4,694
4
4,696
4
4,698
4
4,700
4,701
4
4,703
4
4,705
4
4,707
4
4,709
4
4,711
4
4,713
4,714
4
4,716
4
4,718
4
4,720
4
4,722
4
4,724
4
4,726
4
4,728
4
4,730
4,731
4
4,733
4
4,735
4
4,737
4
4,739
4
4,741
4
4,743
4
4,745
4
4,747
4,748
4
4,750
4
4,752
4
4,754
4
4,756
4
4,758
4
4,760
4,761
4
4,763
4
4,765
4
4,767
4
4,769
4
4,771
4
4,773
4,774
4
4,776
4
4,778
4,779
4
4,781
4
4,783
4
4,785
4
4,787
4,788
4
4,790
4
4,792
4
4,794
4,795
4
4,797
4
4,799
4
4,801
4
4,803
4,804
4
4,806
4
4,808
4
4,810
4
4,812
4
4,814
4,815
4
4,817
4
4,819
4
4,821
4
4,823
4
4,825
4
4,827
4,828
4
4,830
4
4,832
4
4,834
4
4,836
4
4,838
4,839
4
4,841
4
4,843
4,844
4
4,846
4
4,848
4
4,850
4
4,852
4,853
4
4,855
4
4,857
4
4,859
4
4,861
4
4,863
4,864
4
4,866
4
4,868
4
4,870
4,871
4
4,873
4
4,875
4
4,877
4,878
4
4,880
4
4,882
4,883
4
4,885
4
4,887
4,888
4
4,890
4
4,892
4,893
4
4,895
4
4,897
4,898
4
4,900
4
4,902
4
4,904
4,905
4
4,907
4
4,909
4,910
4
4,912
4
4,914
4
4,916
4,917
4
4,919
4
4,921
4,922
4
4,924
4
4,926
4,927
4
4,929
4
4,931
4,932
4
4,934
4
4,936
4,937
4
4,939
4
4,941
4,942
4
4,944
4
4,946
4,947
4
4,949
4
4,951
4,952
4
4,954
4
4,956
4,957
4
4,959
4
4,961
4,962
4
4,964
4
4,966
4
4,968
4
4,970
4,971
4
4,973
4
4,975
4,976
4
4,978
4
4,980
4,981
4
4,983
4
4,985
4,986
4
4,988
4
4,990
4
4,992
4
4,994
4
4,996
4
4,998
4
4,1000
4,1001
4
4,1003
4
4,1005
4
4,1007
4,1008
4
4,1010
4
4,1012
4
4,1014
4
4,1016
4,1017
4
4,1019
4
4,1021
4
4,1023
4
4,1025
4
4,1027
4
4,1029
4
4,1031
4
4,1033
4
4,1035
4
4,1037
4,1038
4
4,1040
4
4,1042
4
4,1044
4
4,1046
4
4,1048
4
4,1050
4
4,1052
4
4,1054
4
4,1056
4
4,1058
4,1059
4
4,1061
4
4,1063
4
4,1065
4
4,1067
4
4,1069
4
4,1071
4,1072
4
4,1074
4
4,1076
4
4,1078
4
4,1080
4
4,1082
4
4,1084
4
4,1086
4
4,1088
4
4,1090
4
4,1092
4
4,1094
4,1095
4
4,1097
4
4,1099
4
4,1101
4
4,1103
4
4,1105
4
4,1107
4
4,1109
4
4,1111
4
4,1113
4
4,1115
4
4,1117
4,1118
4
4,1120
4
4,1122
4
4,1124
4
4,1126
4
4,1128
4
4,1130
4
4,1132
4
4,1134
4
4,1136
4,1137
4
4,1139
4
4,1141
4
4,1143
4
4,1145
4
4,1147
4
4,1149
4
4,1151
4
4,1153
4
4,1155
4
4,1157
4,1158
4
4,1160
4
4,1162
4
4,1164
4
4,1166
4
4,1168
4
4,1170
4
4,1172
4
4,1174
4,1175
4
4,1177
4
4,1179
4
4,1181
4
4,1183
4
4,1185
4
4,1187
4
4,1189
4
4,1191
4
4,1193
4,1194
4
4,1196
4
4,1198
4
4,1200
4
4,1202
4
4,1204
4
4,1206
4
4,1208
4
4,1210
4
4,1212
4
4,1214
4
4,1216
4,1217
4
4,1219
4
4,1221
4
4,1223
4
4,1225
4
4,1227
4
4,1229
4
4,1231
4
4,1233
4
4,1235
4
4,1237
4
4,1239
4
4,1241
4
4,1243
4
4,1245
4
4,1247
4
4,1249
4,1250
4
4,1252
4
4,1254
4
4,1256
4
4,1258
4
4,1260
4
4,1262
4,1263
4
4,1265
4
4,1267
4
4,1269
4
4,1271
4
4,1273
4
4,1275
4
4,1277
4
4,1279
4
4,1281
4
4,1283
4
4,1285
4,1286
4
4,1288
4
4,1290
4
4,1292
4
4,1294
4
4,1296
4
4,1298
4
4,1300
4
4,1302
4
4,1304
4
4,1306
4
4,1308
4,1309
4
4,1311
4
4,1313
4
4,1315
4
4,1317
4
4,1319
4
4,1321
4
4,1323
4
4,1325
4
4,1327
4
4,1329
4,1330
4
4,1332
4
4,1334
4
4,1336
4
4,1338
4
4,1340
4
4,1342
4
4,1344
4
4,1346
4
4,1348
4
4,1350
4
4,1352
4
4,1354
4,1355
4
4,1357
4
4,1359
4
4,1361
4
4,1363
4
4,1365
4
4,1367
4
4,1369
4
4,1371
4
4,1373
4
4,1375
4
4,1377
4,1378
4
4,1380
4
4,1382
4
4,1384
4
4,1386
4
4,1388
4
4,1390
4
4,1392
4
4,1394
4,1395
4
4,1397
4
4,1399
4
4,1401
4
4,1403
4
4,1405
4
4,1407
4
4,1409
4
4,1411
4,1412
4
4,1414
4
4,1416
4
4,1418
4
4,1420
4
4,1422
4
4,1424
4
4,1426
4
4,1428
4
4,1430
4
4,1432
4
4,1434
4
4,1436
4
4,1438
4
4,1440
4
4,1442
4,1443
4
4,1445
4
4,1447
4
4,1449
4
4,1451
4
4,1453
4
4,1455
4
4,1457
4
4,1459
4,1460
4
4,1462
4
4,1464
4
4,1466
4
4,1468
4
4,1470
4
4,1472
4
4,1474
4
4,1476
4
4,1478
4
4,1480
4
4,1482
4
4,1484
4,1485
4
4,1487
4
4,1489
4
4,1491
4
4,1493
4
4,1495
4
4,1497
4
4,1499
4,1500
4
4,1502
4
4,1504
4
4,1506
4
4,1508
4
4,1510
4
4,1512
4
4,1514
4
4,1516
4
4,1518
4,1519
4
4,1521
4
4,1523
4
4,1525
4
4,1527
4
4,1529
4
4,1531
4
4,1533
4
4,1535
4
4,1537
4
4,1539
4
4,1541
4
4,1543
4
4,1545
4
4,1547
4,1548
4
4,1550
4
4,1552
4
4,1554
4
4,1556
4
4,1558
4
4,1560
4
4,1562
4
4,1564
4
4,1566
4
4,1568
4
4,1570
4
4,1572
4
4,1574
4
4,1576
4
4,1578
4,1579
4
4,1581
4
4,1583
4
4,1585
4
4,1587
4
4,1589
4
4,1591
4
4,1593
4
4,1595
4
4,1597
4
4,1599
4,1600
4
4,1602
4
4,1604
4
4,1606
4
4,1608
4
4,1610
4
4,1612
4
4,1614
4
4,1616
4,1617
4
4,1619
4
4,1621
4
4,1623
4
4,1625
4
4,1627
4
4,1629
4
4,1631
4
4,1633
4,1634
4
4,1636
4
4,1638
4
4,1640
4
4,1642
4
4,1644
4
4,1646
4
4,1648
4
4,1650
4
4,1652
4
4,1654
4
4,1656
4
4,1658
4
4,1660
4
4,1662
4,1663
4
4,1665
4
4,1667
4
4,1669
4
4,1671
4
4,1673
4
4,1675
4
4,1677
4
4,1679
4
4,1681
4
4,1683
4
4,1685
4
4,1687
4,1688
4
4,1690
4
4,1692
4
4,1694
4
4,1696
4
4,1698
4
4,1700
4
4,1702
4
4,1704
4
4,1706
4
4,1708
4
4,1710
4
4,1712
4
4,1714
4,1715
4
4,1717
4
4,1719
4
4,1721
4
4,1723
4
4,1725
4
4,1727
4
4,1729
4
4,1731
4
4,1733
4,1734
4
4,1736
4
4,1738
4
4,1740
4
4,1742
4
4,1744
4
4,1746
4
4,1748
4
4,1750
4
4,1752
4
4,1754
4,1755
4
4,1757
4
4,1759
4
4,1761
4
4,1763
4
4,1765
4
4,1767
4
4,1769
4
4,1771
4,1772
4
4,1774
4
4,1776
4
4,1778
4
4,1780
4
4,1782
4
4,1784
4
4,1786
4
4,1788
4
4,1790
4
4,1792
4
4,1794
4
4,1796
4,1797
4
4,1799
4
4,1801
4
4,1803
4
4,1805
4
4,1807
4
4,1809
4
4,1811
4
4,1813
4
4,1815
4,1816
4
4,1818
4
4,1820
4
4,1822
4
4,1824
4
4,1826
4
4,1828
4
4,1830
4
4,1832
4
4,1834
4
4,1836
4
4,1838
4,1839
4
4,1841
4
4,1843
4
4,1845
4
4,1847
4
4,1849
4,1850
4
4,1852
4
4,1854
4
4,1856
4
5,2077
5,2079
5,2081
5,2083
5,2085
5,2087
5,2089
5,2091
5,2093
5,2095
5,2097
5,2099
5,2101
5,2103
5,2105
5,2107
5,2109
5,2111
5,2113
5,2115
5,2117
5,2119
5,2121
5,2123
5,2125
5,2127
5,2129
5,2131
5,2133
5,2135
5,2137
5,2139
5,2141
5,2143
5,2145
5,2147
5,2149
5,2151
5,2153
5,2155
5,2157
5,2159
5,2161
5,2163
5,2165
5,2167
5,2169
5,2171
5,2173
5,2175
5,2177
5,2179
5,2181
5,2183
5,2185
5,2187
5,2189
5,2191
5,2193
5,2195
5,2197
5,2199
5,2201
5,2204
5,2206
5,2209
5,2211
5,2214
5,2216
5,2219
5,2221
5,2224
5,2226
5,2229
5,2231
5,2234
5,2236
5,2239
5,2241
5,2244
5,2246
5,2249
5,2251
5,2254
5,2256
5,2259
5,2261
5,2264
5,2266
5,2269
5,2271
5,2274
5,2276
5,2279
5,2281
5,2284
5,2286
5,2289
5,2291
5,2294
5,2296
5,2299
5,2301
5,2304
5,2306
5,2309
5,2311
5,2314
5,2316
5,2319
5,2321
5,2324
5,2326
5,2329
5,2331
5,2334
5,2336
5,2339
5,2341
5,2344
5,2346
5,2349
5,2351
5,2354
5,2356
5,2359
5,2361
5,2364
5,2366
5,2369
5,2371
5,2374
5,2376
5,2379
5,2381
5,2384
5,2386
5,2389
5,2391
5,2394
5,2396
5,2399
5,2401
5,2404
5,2406
5,2409
5,2411
5,2414
5,2416
5,2419
5,2421
5,2424
5,2426
5,2429
5,2431
5,2434
5,2436
5,2439
5,2441
5,2444
5,2446
5,2449
5,2451
5,2454
5,2456
5,2459
5,2461
5,2464
5,2466
5,2469
5,2471
5,2474
5,2476
5,2479
5,2481
5,2484
5,2486
5,2489
5,2491
5,2494
5,2496
5,2499
5,2501
5,2504
5,2506
5,2509
5,2511
5,2514
5,2516
5,2519
5,2521
5,2524
5,2526
5,2529
5,2531
5,2534
5,2536
5,2539
5,2541
5,2544
5,2546
5,2549
5,2551
5,2554
5,2556
5,2559
5,2561
5,2564
5,2566
5,2569
5,2571
5,2574
5,2576
5,2579
5,2581
5,2584
5,2586
5,2589
5,2591
5,2594
6,2078
6
6,2080
6
6,2082
6
6,2084
6
6,2086
6
6,2088
6
6,2090
6
6,2092
6
6,2094
6
6,2096
6
6,2098
6
6,2100
6
6,2102
6
6,2104
6
6,2106
6
6,2108
6
6,2110
6
6,2112
6
6,2114
6
6,2116
6
6,2118
6
6,2120
6
6,2122
6
6,2124
6
6,2126
6
6,2128
6
6,2130
6
6,2132
6
6,2134
6
6,2136
6
6,2138
6
6,2140
6
6,2142
6
6,2144
6
6,2146
6
6,2148
6
6,2150
6
6,2152
6
6,2154
6
6,2156
6
6,2158
6
6,2160
6
6,2162
6
6,2164
6
6,2166
6
6,2168
6
6,2170
6
6,2172
6
6,2174
6
6,2176
6
6,2178
6
6,2180
6
6,2182
6
6,2184
6
6,2186
6
6,2188
6
6,2190
6
6,2192
6
6,2194
6
6,2196
6
6,2198
6
6,2200
6
6,2202
6,2203
6
6,2205
6
6,2207
6,2208
6
6,2210
6
6,2212
6,2213
6
6,2215
6
6,2217
6,2218
6
6,2220
6
6,2222
6,2223
6
6,2225
6
6,2227
6,2228
6
6,2230
6
6,2232
6,2233
6
6,2235
6
6,2237
6,2238
6
6,2240
6
6,2242
6,2243
6
6,2245
6
6,2247
6,2248
6
6,2250
6
6,2252
6,2253
6
6,2255
6
6,2257
6,2258
6
6,2260
6
6,2262
6,2263
6
6,2265
6
6,2267
6,2268
6
6,2270
6
6,2272
6,2273
6
6,2275
6
6,2277
6,2278
6
6,2280
6
6,2282
6,2283
6
6,2285
6
6,2287
6,2288
6
6,2290
6
6,2292
6,2293
6
6,2295
6
6,2297
6,2298
6
6,2300
6
6,2302
6,2303
6
6,2305
6
6,2307
6,2308
6
6,2310
6
6,2312
6,2313
6
6,2315
6
6,2317
6,2318
6
6,2320
6
6,2322
6,2323
6
6,2325
6
6,2327
6,2328
6
6,2330
6
6,2332
6,2333
6
6,2335
6
6,2337
6,2338
6
6,2340
6
6,2342
6,2343
6
6,2345
6
6,2347
6,2348
6
6,2350
6
6,2352
6,2353
6
6,2355
6
6,2357
6,2358
6
6,2360
6
6,2362
6,2363
6
6,2365
6
6,2367
6,2368
6
6,2370
6
6,2372
6,2373
6
6,2375
6
6,2377
6,2378
6
6,2380
6
6,2382
6,2383
6
6,2385
6
6,2387
6,2388
6
6,2390
6
6,2392
6,2393
6
6,2395
6
6,2397
6,2398
6
6,2400
6
6,2402
6,2403
6
6,2405
6
6,2407
6,2408
6
6,2410
6
6,2412
6,2413
6
6,2415
6
6,2417
6,2418
6
6,2420
6
6,2422
6,2423
6
6,2425
6
6,2427
6,2428
6
6,2430
6
6,2432
6,2433
6
6,2435
6
6,2437
6,2438
6
6,2440
6
6,2442
6,2443
6
6,2445
6
6,2447
6,2448
6
6,2450
6
6,2452
6,2453
6
6,2455
6
6,2457
6,2458
6
6,2460
6
6,2462
6,2463
6
6,2465
6
6,2467
6,2468
6
6,2470
6
6,2472
6,2473
6
6,2475
6
6,2477
6,2478
6
6,2480
6
6,2482
6,2483
6
6,2485
6
6,2487
6,2488
6
6,2490
6
6,2492
6,2493
6
6,2495
6
6,2497
6,2498
6
6,2500
6
6,2502
6,2503
6
6,2505
6
6,2507
6,2508
6
6,2510
6
6,2512
6,2513
6
6,2515
6
6,2517
6,2518
6
6,2520
6
6,2522
6,2523
6
6,2525
6
6,2527
6,2528
6
6,2530
6
6,2532
6,2533
6
6,2535
6
6,2537
6,2538
6
6,2540
6
6,2542
6,2543
6
6,2545
6
6,2547
6,2548
6
6,2550
6
6,2552
6,2553
6
6,2555
6
6,2557
6,2558
6
6,2560
6
6,2562
6,2563
6
6,2565
6
6,2567
6,2568
6
6,2570
6
6,2572
6,2573
6
6,2575
6
6,2577
6,2578
6
6,2580
6
6,2582
6,2583
6
6,2585
6
6,2587
6,2588
6
6,2590
6
6,2592
6,2593
6
6,2595
6
14,163,2607
12
12,1749,1469,1680,1779,2187,1697,2175,1471,1207,1301,2089,2081,1188,936,2091,1295,1079,1672,1324,1678,1030,637,1745,2115,2181,1167,2105,1087,1701,1592,2189,1804,1274,700,1007,2103,2141,1573,1645,1240,1534,747,1364,2167,1228,1224,472,1419,1509,1303,1709,1370,1205,970,897,2109,1049,1320,814,1433,1473,2191,838,1203,661,1051,1131,1611,553,1427,2157,2085,2197,1831,1045,1226,985,564,892,2125,2123,1833,1366,1184,1762,1299,1028,1542,1655,1349,2159,1829,1339,1297,1823,1808,1586,951,2149,2127,1590,1764,2193,1766,2161,1475,1112,2117,1647,1102,1559,601,1230,1110,1707,483,956,1125,1538,1316,1278,794,1435,2095,1626,2183,1450,1066,2147,787,1494,1695,1536,760,1047,1182,2129,1643,2179,1337,1649,1293,1532,1242,2097,2169,1557,1789,904,1089,514,2163,1609,1722,1234,1387,2151,1104,1454,778,882,2077,2139,1555,1423,1607,1467,1783,2199,1437,1026,1032,1682,2111,1492,1526,529,1421,1169,2153,1540,1705,1209,1232,713,2101,1272,2079,457,1791,2143,1146,863,975,1530,1726,2099,1280,843,2133,1785,773,1624,852,961,1385,2093,1674,1728,573,1657,1628,685,2087,1000,2121,650,1201,2173,980,1703,450,877,1810,946,1653,1322,1425,1402,2107,1567,931,1129,1144,1747,1569,803,1372,827,2171,2155,2119,1511,2185,1571,2131,424,1406,1083,1507,1148,941,1641,730,1676,1053,1404,1594,1318,887,1452,1186,1276,909,926,490,2195,1806,1108,1127,2113,1827,1528,1651,1150,1588,1429,1787,2135,1561,1741,1479,1743,1152,1024,2083,1236,668,1781,1211,501,1389,916,1825,1670,584,2137,1362,1368,1347,2165,1563,1085,1343,1244,870,1345,2177,1724,618,1431,1565,1165,1106,437,1477,2145,921,1699,1270,1257,1238,1081,1513,540,1341
12,1732,1577,1546,1661,1057,1307,1036,1713,1376,1837,1598,1686,1353,1517,1848,1770,1284,1458,1215,1632,1156,1795,1393,1070,1753,1498,1192,1173,1410,1441,1615,1328,1483,1093,1814,1116,1248,1261,1015,1135
12,166,202,180,2349,170,2319,2329,168,2269,210,2489,214,2519,2249,2459,178,224,234,174,226,2499,2379,216,2309,192,182,198,2469,2289,196,164,2279,200,2409,232,2509,230,2299,2549,2259,2529,2429,2479,172,2559,2369,2219,194,2449,220,2399,186,2539,2359,236,222,2209,2569,190,206,2389,176,2239,218,228,2229,2339,2419,188,2579,212,2439,238,204,208,184
12,2204,2484,2554,2402,2372,2522,2464,2504,2564,2414,2234,1114,1456,1408,2284,2474,2494,1684,2542,2252,2294,2482,2584,1768,2202,2272,1751,1544,2242,1515,2454,1246,1596,1282,2382,1439,2254,1575,2244,1846,1055,2374,2322,2582,2422,1133,1351,2264,2282,2462,2364,1326,2512,2514,1034,1068,1496,2432,2362,2444,2344,2442,2424,2524,1305,2232,2324,1374,1835,2222,2214,2404,2552,1630,2224,1711,2534,2492,1793,2274,1659,2384,1812,2304,1013,2562,2212,2352,2592,2394,2412,2332,2544,2502,2532,2434,2354,2452,1171,1154,1091,1391,2262,1190,2472,1213,2574,1730,2302,2334,2572,1259,2312,2594,1613,2392,2314,1481,2342,2292
12,1180,658,1142,509,889,2417,796,487,537,461,498,1465,1100,1505,1123,654,588,995,2237,943,953,496,958,542,1417,1584,872,2227,2307,1668,452,2317,2457,755,428,467,439,463,782,829,672,561,820,494,626,1693,445,856,2327,674,715,507,2247,647,613,1490,780,2207,548,643,1622,652,454,598,2547,632,1553,469,2527,1077,2367,965,492,835,505,615,1777,476,753,2257,1314,911,2557,938,2487,434,894,899,948,1002,676,906,719,2577,706,546,620,1335,2467,717,800,702,704,865,805,522,465,634,645,2277,559,738,721,1639,1360,977,566,1199,670,1064,605,708,570,1383,710,854,480,550,592,478,518,624,997,2497,740,723,2297,833,1760,770,933,791,603,879,727,858,822,630,1448,596,2507,609,736,665,1720,849,874,594,901,485,691,987,656,516,2397,840,1524,687,2567,474,2477,2387,789,734,989,764,1043,775,526,557,459,641,918,1802,744,809,695,860,913,2437,749,443,2427,1163,581,993,575,742,784,972,430,520,432,682,544,622,568,2377,1022,697,531,928,511,1291,577,963,867,2407,798,884,824,725,991,816,533,503,555,693,2357,441,1821,2537,762,1011,2517,766,847,2267,663,607,923,2447,628,2589,590,2337,689,639,535,2287,611,757,807,1268,831,2217,982,1605,811,1004,447,751,1009,818,579,1222,967,524,845,1255,768,732,2347,1400,1739,680,678,586,426
12,1637,1775,1520,1018,1840,1635,1603,1716,1161,1331,1413,1178,1287,1098,1582,1551,1253,1735,1121,1119,1691,1251,1800,1039,1356,1062,1798,1666,1312,1819,1415,1501,1522,1264,1817,1580,1853,1381,1463,1855,1618,1664,1549,1601,1689,1358,1220,1073,1159,1075,1176,1041,1379,1138,1310,1461,1503,1096,1218,1396,1446,1756,1758,1488,1398,1620,1197,1444,1020,1289,1266,1140,1195,1060,1718,1842,1333,1737,1773,1486
12,1851
12
12,1844,2587
7,2608
15