0
0
0
0
0
0
0
0
0
0
0
0
0
0
0
0
0
0
0
0
0
0
0
0
0
0
0
0
0
0
0
0
0
0
0
0
0
0
0
0
0
0
0
0
0
0
0
0
0
0
0
0
0
0
0
0
0
0
0
0
0
0
0
0
0
0
0
0,717,2272,481,1061,439,2274,572,173
0,604,2284,467,191,995,2282,1080,638
0,2294,193,2292,1099,498
0,606,1040,686,2304,830,1112,2302,195,483
0,2312,2314,976,909,1042,1005,197,916,969,608,500,671,1133,559,458
0,2324,535,2322,445,199,1166
0,623,201,474,2334,509,911,2332,522,1010,1181
0,803,2344,796,537,203,1204,2342
0,673,2354,2352,930,205,1221,894
0,1044,625,675,207,460,585,476,511,2364,2362,1238,485,805
0,876,741,1022,209,2374,758,640,576,1046,627,2372,1267
0,2384,1294,175,2382,452
0,539,2394,629,513,1307,211,2392,548
0,2402,487,1326,587,2404,213
0,589,215,767,2414,2412,524,677,642,550,688,1341,952
0,2424,489,217,1368,2422,785,885,706
0,219,2434,810,1387,491,2432,1048,610,679,658
0,591,730,1410,2442,651,502,743,552,561,612,221,2444
0,812,2452,745,1000,778,1015,631,1437,563,2454,223
0,978,2464,847,835,2462,225,1462
0,2472,1479,526,821,2474,227,565
0,708,697,229,980,2484,660,947,1496,918,644,2482,878,567,732
0,2492,756,819,454,177,518,1527,1032,441,2494,600,636,899,581
0,842,1050,653,541,769,2504,231,747,1558,957,2502
0,771,959,2514,787,749,699,1583,985,710,233,2512
0,837,857,920,937,235,2522,751,543,852,1608,593,2524,662
0,237,814,664,1027,646,2532,1637,990,2534
0,871,925,239,681,734,2544,864,1658,2542,789
0,241,798,2552,791,712,859,760,2554,887,1681,614
0,447,1706,554,616,725,2564,2562,701,243,780,773,595
0,666,1733,2572,762,942,504,736,2574,245,889,932
0,247,2584,866,1758,2582
0,719,179,1771,974,602,2592,964,2594,826
0,181,1792,1034,721,693,901,2602,443,2604,828,465
0,903,183,2614,1036,1817,496,574,2612,723
0,1038,456,531,905,583,2622,2624,520,1838,185
0,1861,187,2634,695,2632,533
0,1876,621,1020,472,883,189,907,2642,2644
0,1794,2134,1708,1168,1529,1063,437
0,1242,1844,450,2136,1535,1296,1141
0,2138,463,1082,1804
0,470,2140,1882,1244,1185
0,1069,1328,1118,2142,1391,1246,1370,479
0,1101,494,2144,1412,1735,1827,1143
0,507,1309,1248,2146,1187
0,1343,1537,1189,2148,1481,516,1846
0,1311,1206,1562,2150,529,1170,1610,1863,1848
0,546,1313,1712,2152,1345,1414
0,557,2154,1145,1500,1439,1416,1483
0,1065,570,2156,1269,1819
0,2158,1714,1539,1347,1612,1330,579,1850,1250,1418
0,1147,2160,1420,1393,1541,1084,1683,1716,1120,1779,598
0,619,1275,1252,1191,1441,1315,1884,2162
0,2164,1086,1349,1543,1641,1502,1277,634
0,1422,649,2166,1564
0,2168,1643,1614,1737,656,1504,1395
0,1660,669,2170,1223,1149,1351,1254,1397
0,1353,1122,2172,684
0,1718,691,1806,2174,1506,1585,1865
0,1587,1508,704,2176,1372,1685
0,1067,1821,715,1773,1710,2178,1796
0,1510,1662,1739,1424,728,2180
0,1566,1589,2182,1616,1426,1443,739,1279
0,2184,1545,754,1741,1281,1687
0,1591,765,1355,2186,1568,1720
0,2188,1445,1722,776
0,1593,1374,783,1664,2190,1689
0,2192,794,1208,1691
0,1210,801,2194,1256
0,808,1447,1399,2196,1645
0,817,1485,2198,1547
0,1798,2200,1775,1114,824
0,833,1618,2202,1466
0,2204,1570,840
0,1468,845,2206
0,2208,1620,850
0,2210,1622,855,1693
0,2212,862,1760,1666
0,1668,869,2214
0,1283,2216,874,1512
0,1695,881,2218,1376,1743,1886
0,2220,1225,892
0,1823,2222,1531,1878,1135,897,1840,1800,1183
0,2224,1514,1624,1151,914
0,2226,923,1670
0,1227,1745,928,2228
0,2230,935,1626
0,940,1747,2232
0,945,1516,2234
0,950,1357,2236
0,2238,955,1572,1595
0,2240,1781,962
0,2242,967,1153
0,2244,1498,1137,1777,1464,972
0,983,2246,1597
0,988,1647,2248
0,993,2250,1088
0,1449,2252,998
0,1155,2254,1003
0,1193,1008,2256
0,2258,1013,1451
0,1880,1271,2260,1018
0,2262,1639,1025
0,1116,1533,1825,2264,1240,1389,1560,1139,1802,1273,1842,1030
1,2672
2,173
2
2,175
2
2,177
2
2,179
2
2,181
2
2,183
2
2,185
2
2,187
2
2,189
2
2,191
2
2,193
2
2,195
2
2,197
2
2,199
2
2,201
2
2,203
2
2,205
2
2,207
2
2,209
2
2,211
2
2,213
2
2,215
2
2,217
2
2,219
2
2,221
2
2,223
2
2,225
2
2,227
2
2,229
2
2,231
2
2,233
2
2,235
2
2,237
2
2,239
2
2,241
2
2,243
2
2,245
2
2,247
2
3,446,440,1909,442,444,435,438
3,457,453,459,455,451,448,1910
3,461,464,466,1911
3,1912,475,473,468,471
3,488,482,480,477,490,486,484,1913
3,492,501,1914,499,495,497,503
3,505,1915,510,508,512
3,519,1916,525,523,521,517,514
3,540,538,532,536,542,527,530,534,1917
3,547,544,549,553,1918,551
3,558,564,560,555,562,566,1919
3,573,568,1920,571,575
3,590,1921,580,588,586,584,582,594,577,592
3,603,596,609,615,601,611,599,613,605,607,1922
3,626,620,628,624,630,1923,622,617
3,635,639,641,643,645,632,637,1924
3,650,1925,647,652
3,665,663,657,654,661,1926,659
3,676,674,1927,678,670,672,680,667
3,682,685,687,1928
3,696,689,1929,694,692,698,700
3,702,711,707,1930,709,705
3,722,713,724,720,716,718,1931
3,729,735,1932,733,731,726
3,750,748,746,744,1933,737,740,742
3,1934,757,759,761,752,755
3,772,770,763,766,1935,768
3,774,1936,777,779
3,1937,781,788,784,786,790
3,792,1938,795,797
3,799,802,1939,804
3,813,811,1940,809,806
3,818,820,1941,815
3,825,827,1942,829,822
3,831,1943,834,836
3,1944,838,841
3,843,846,1945
3,848,851,1946
3,858,1947,856,853
3,863,865,860,1948
3,867,1949,870
3,875,872,877,1950
3,886,888,882,879,884,1951
3,893,1952,890
3,895,910,900,906,902,1953,908,898,904
3,912,915,1954,919,917
3,1955,924,921
3,931,1956,926,929
3,933,1957,936
3,941,1958,938
3,946,1959,943
3,951,948,1960
3,956,1961,953,958
3,960,1962,963
3,968,965,1963
3,1964,977,970,979,973,975
3,984,981,1965
3,1966,989,986
3,1967,994,991
3,999,996,1968
3,1004,1969,1001
3,1006,1009,1970
3,1971,1011,1014
3,1019,1021,1972,1016
3,1026,1973,1023
3,1974,1031,1041,1039,1047,1049,1037,1043,1033,1045,1035,1028
3,1055,1059,2269
3,2267,1057,1054,1052
3,1058,1056,2671,1976,1051,315,1053,1975,314
3,1071,1073,1076,2277
3,1078,1074,2279
3,1060,1072,1980,1066,1077,1978,1068,1064,318,317,1062,1977,1075,1979,1070
3,2287,1090,1092,1095
3,1093,1097,2289
3,1094,1085,1981,320,1089,1079,1087,1081,1091,1982,1984,321,1096,1983,1083
3,1108,1105,1103,2297
3,2299,1110,1106
3,1098,1988,1985,1107,1109,1987,1104,1102,324,1100,323,1986
3,1124,1126,1129,2307
3,2309,1131,1127
3,1113,1111,1115,1119,327,1123,1990,1130,1128,1992,1989,1121,1125,326,1991,1117
3,2317,1159,1157,1162
3,1160,2319,1164
3,329,1140,1134,1163,1154,1132,1996,1146,1142,1995,1993,1161,1156,1994,1136,1158,1152,1144,1148,330,1150,1138
3,1172,1177,2327,1174
3,1179,2329,1175
3,1167,1997,332,1178,1173,1998,1165,1169,333,2000,1999,1176,1171
3,1200,2337,1197,1195
3,1202,1198,2339
3,1182,335,1190,1188,1180,2004,1196,2001,1192,2003,1194,1186,336,1199,1184,1201,2002
3,1212,1214,1217,2347
3,1215,1219,2349
3,1209,1203,338,1213,1211,2005,2007,1218,339,1207,1205,1216,2006,2008
3,1231,1229,1234,2357
3,1236,2359,1232
3,1220,1222,2011,1228,341,1224,1233,342,2012,1226,2009,1230,2010,1235
3,1258,2367,1263,1260
3,1261,1265,2369
3,1249,1247,2013,1251,2016,1253,1257,1239,345,2014,1241,1264,1245,1237,2015,1255,1243,1259,344,1262
3,1287,1285,2377,1290
3,2379,1288,1292
3,1280,1274,1291,1270,1286,347,1272,2020,1278,1284,1266,1276,2017,348,1268,1289,2019,1282,2018
3,1300,2387,1298,1303
3,2389,1305,1301
3,2023,2022,1299,1302,1293,2024,350,1295,1304,1297,2021,351
3,1317,1322,1319,2397
3,2399,1320,1324
3,1312,1306,1321,1318,353,354,1316,1308,2026,1314,2027,2028,1310,2025,1323
3,1337,1332,1334,2407
3,2409,1335,1339
3,1338,356,1325,1327,357,1333,2029,1336,1331,1329,2032,2031,2030
3,2417,1361,1364,1359
3,1362,1366,2419
3,1348,1360,2035,1346,1352,1365,1350,1363,1340,1354,2034,360,2036,1342,359,1358,1356,1344,2033
3,1383,1380,2427,1378
3,1381,2429,1385
3,2038,1384,1371,1379,1382,363,362,1367,1373,2040,1375,2039,1369,2037,1377
3,2437,1406,1401,1403
3,2439,1404,1408
3,2044,1400,2043,1396,1392,366,1386,1407,2042,1398,365,1405,1388,1402,2041,1390,1394
3,1433,1428,2447,1430
3,1431,2449,1435
3,368,1415,1432,1419,369,1425,2046,1413,1429,1423,2048,1409,1427,1434,1417,1421,1411,2047,2045
3,1453,1455,2457,1458
3,1456,2459,1460
3,371,2049,1448,1446,1438,1442,1450,1440,1452,1459,2050,372,1457,1454,2052,1444,1436,2051
3,1475,1472,2467,1470
3,1473,2469,1477
3,1461,1474,1469,1476,2053,374,2055,2056,1467,1465,1471,2054,375,1463
3,1489,1487,1492,2477
3,1494,1490,2479
3,2059,1491,2060,1482,1488,1480,378,377,1484,2057,1486,1478,2058,1493
3,1523,2487,1518,1520
3,1521,1525,2489
3,1503,1522,1499,2064,1519,2062,2061,1507,1509,1505,2063,1511,1497,1501,1513,1517,380,1515,1495,381,1524
3,1554,1549,1551,2497
3,2499,1552,1556
3,1548,2067,2065,1528,384,2068,1540,1555,383,1544,1538,1550,1526,1553,1532,1542,1536,1534,1546,2066,1530
3,1576,2507,1574,1579
3,1581,2509,1577
3,2069,1580,1569,1567,2071,2070,2072,1571,1578,1559,1573,1575,386,1563,1561,1557,387,1565
3,1604,1601,2517,1599
3,1602,2519,1606
3,2075,1586,1592,1605,1588,2074,1598,1582,1600,1584,1590,2076,1596,1603,390,2073,1594,389
3,1633,2527,1628,1630
3,2529,1635,1631
3,1627,1625,1619,2077,1613,2080,1629,1632,1617,1623,1607,1621,1634,1609,2078,1611,1615,2079,393,392
3,2537,1649,1654,1651
3,1656,1652,2539
3,1638,1636,395,1648,2083,1642,1653,1644,1650,1646,2084,2081,1655,2082,1640,396
3,1674,2547,1677,1672
3,2549,1675,1679
3,2088,399,2087,2085,1678,1669,1663,2086,1659,1665,1661,1667,1676,1671,398,1657,1673
3,2557,1697,1699,1702
3,1704,2559,1700
3,1688,1703,1701,1696,402,2090,1686,2089,2091,1698,1680,1684,1682,2092,1690,1692,1694,401
3,2567,1724,1726,1729
3,1727,1731,2569
3,1717,1728,404,2093,1709,2095,1705,2094,1707,405,1730,1711,1715,1721,1719,1713,2096,1725,1723
3,1751,1754,1749,2577
3,1756,1752,2579
3,1740,1742,2097,1732,1744,1755,1736,1734,1748,1746,2098,2100,1753,1738,2099,407,408,1750
3,1764,2587,1767,1762
3,1765,1769,2589
3,1763,2104,1757,1761,411,1768,410,1759,2101,2103,1766,2102
3,1783,1785,1788,2597
3,1790,2599,1786
3,1778,2108,1789,1780,414,1772,1770,1784,2107,1782,1787,413,1774,1776,2106,2105
3,2607,1813,1810,1808
3,2609,1815,1811
3,2110,416,1799,417,2112,1791,1805,1793,1797,1812,2111,2109,1807,1795,1809,1803,1814,1801
3,2617,1829,1834,1831
3,1836,1832,2619
3,420,1835,2113,2116,1820,1816,1826,1824,2114,1830,419,1822,1818,2115,1828,1833
3,2627,1857,1854,1852
3,1855,1859,2629
3,1856,2117,1841,1839,1858,1853,1837,1849,1847,423,1851,2120,422,2118,2119,1845,1843
3,1869,1872,1867,2637
3,2639,1870,1874
3,1862,425,1864,1866,1860,1868,1871,426,2121,2123,2122,1873,2124
3,1888,1890,2647,1893
3,2649,1891,1895
3,1879,1889,1894,428,1885,2128,1877,1892,2125,2126,1883,2127,1881,1875,429,1887
3,1899,2657,1906,1902
3,2659,1908,1901
3,2654,2652,1904,1897
3,431,2129,1903,1907,1905,1898,2131,433,1896,1900,2130,432,2132
4,436
4,437
4
4,439
4
4,441
4
4,443
4
4,445
4
4,447
4
4,449
4,450
4
4,452
4
4,454
4
4,456
4
4,458
4
4,460
4
4,462
4,463
4
4,465
4
4,467
4
4,469
4,470
4
4,472
4
4,474
4
4,476
4
4,478
4,479
4
4,481
4
4,483
4
4,485
4
4,487
4
4,489
4
4,491
4
4,493
4,494
4
4,496
4
4,498
4
4,500
4
4,502
4
4,504
4
4,506
4,507
4
4,509
4
4,511
4
4,513
4
4,515
4,516
4
4,518
4
4,520
4
4,522
4
4,524
4
4,526
4
4,528
4,529
4
4,531
4
4,533
4
4,535
4
4,537
4
4,539
4
4,541
4
4,543
4
4,545
4,546
4
4,548
4
4,550
4
4,552
4
4,554
4
4,556
4,557
4
4,559
4
4,561
4
4,563
4
4,565
4
4,567
4
4,569
4,570
4
4,572
4
4,574
4
4,576
4
4,578
4,579
4
4,581
4
4,583
4
4,585
4
4,587
4
4,589
4
4,591
4
4,593
4
4,595
4
4,597
4,598
4
4,600
4
4,602
4
4,604
4
4,606
4
4,608
4
4,610
4
4,612
4
4,614
4
4,616
4
4,618
4,619
4
4,621
4
4,623
4
4,625
4
4,627
4
4,629
4
4,631
4
4,633
4,634
4
4,636
4
4,638
4
4,640
4
4,642
4
4,644
4
4,646
4
4,648
4,649
4
4,651
4
4,653
4
4,655
4,656
4
4,658
4
4,660
4
4,662
4
4,664
4
4,666
4
4,668
4,669
4
4,671
4
4,673
4
4,675
4
4,677
4
4,679
4
4,681
4
4,683
4,684
4
4,686
4
4,688
4
4,690
4,691
4
4,693
4
4,695
4
4,697
4
4,699
4
4,701
4
4,703
4,704
4
4,706
4
4,708
4
4,710
4
4,712
4
4,714
4,715
4
4,717
4
4,719
4
4,721
4
4,723
4
4,725
4
4,727
4,728
4
4,730
4
4,732
4
4,734
4
4,736
4
4,738
4,739
4
4,741
4
4,743
4
4,745
4
4,747
4
4,749
4
4,751
4
4,753
4,754
4
4,756
4
4,758
4
4,760
4
4,762
4
4,764
4,765
4
4,767
4
4,769
4
4,771
4
4,773
4
4,775
4,776
4
4,778
4
4,780
4
4,782
4,783
4
4,785
4
4,787
4
4,789
4
4,791
4
4,793
4,794
4
4,796
4
4,798
4
4,800
4,801
4
4,803
4
4,805
4
4,807
4,808
4
4,810
4
4,812
4
4,814
4
4,816
4,817
4
4,819
4
4,821
4
4,823
4,824
4
4,826
4
4,828
4
4,830
4
4,832
4,833
4
4,835
4
4,837
4
4,839
4,840
4
4,842
4
4,844
4,845
4
4,847
4
4,849
4,850
4
4,852
4
4,854
4,855
4
4,857
4
4,859
4
4,861
4,862
4
4,864
4
4,866
4
4,868
4,869
4
4,871
4
4,873
4,874
4
4,876
4
4,878
4
4,880
4,881
4
4,883
4
4,885
4
4,887
4
4,889
4
4,891
4,892
4
4,894
4
4,896
4,897
4
4,899
4
4,901
4
4,903
4
4,905
4
4,907
4
4,909
4
4,911
4
4,913
4,914
4
4,916
4
4,918
4
4,920
4
4,922
4,923
4
4,925
4
4,927
4,928
4
4,930
4
4,932
4
4,934
4,935
4
4,937
4
4,939
4,940
4
4,942
4
4,944
4,945
4
4,947
4
4,949
4,950
4
4,952
4
4,954
4,955
4
4,957
4
4,959
4
4,961
4,962
4
4,964
4
4,966
4,967
4
4,969
4
4,971
4,972
4
4,974
4
4,976
4
4,978
4
4,980
4
4,982
4,983
4
4,985
4
4,987
4,988
4
4,990
4
4,992
4,993
4
4,995
4
4,997
4,998
4
4,1000
4
4,1002
4,1003
4
4,1005
4
4,1007
4,1008
4
4,1010
4
4,1012
4,1013
4
4,1015
4
4,1017
4,1018
4
4,1020
4
4,1022
4
4,1024
4,1025
4
4,1027
4
4,1029
4,1030
4
4,1032
4
4,1034
4
4,1036
4
4,1038
4
4,1040
4
4,1042
4
4,1044
4
4,1046
4
4,1048
4
4,1050
4
4,1052
4
4,1054
4,1055
4
4,1057
4
4,1059
4
4,1061
4
4,1063
4
4,1065
4
4,1067
4
4,1069
4
4,1071
4
4,1073
4,1074
4
4,1076
4
4,1078
4
4,1080
4
4,1082
4
4,1084
4
4,1086
4
4,1088
4
4,1090
4
4,1092
4,1093
4
4,1095
4
4,1097
4
4,1099
4
4,1101
4
4,1103
4
4,1105
4,1106
4
4,1108
4
4,1110
4
4,1112
4
4,1114
4
4,1116
4
4,1118
4
4,1120
4
4,1122
4
4,1124
4
4,1126
4,1127
4
4,1129
4
4,1131
4
4,1133
4
4,1135
4
4,1137
4
4,1139
4
4,1141
4
4,1143
4
4,1145
4
4,1147
4
4,1149
4
4,1151
4
4,1153
4
4,1155
4
4,1157
4
4,1159
4,1160
4
4,1162
4
4,1164
4
4,1166
4
4,1168
4
4,1170
4
4,1172
4
4,1174
4,1175
4
4,1177
4
4,1179
4
4,1181
4
4,1183
4
4,1185
4
4,1187
4
4,1189
4
4,1191
4
4,1193
4
4,1195
4
4,1197
4,1198
4
4,1200
4
4,1202
4
4,1204
4
4,1206
4
4,1208
4
4,1210
4
4,1212
4
4,1214
4,1215
4
4,1217
4
4,1219
4
4,1221
4
4,1223
4
4,1225
4
4,1227
4
4,1229
4
4,1231
4,1232
4
4,1234
4
4,1236
4
4,1238
4
4,1240
4
4,1242
4
4,1244
4
4,1246
4
4,1248
4
4,1250
4
4,1252
4
4,1254
4
4,1256
4
4,1258
4
4,1260
4,1261
4
4,1263
4
4,1265
4
4,1267
4
4,1269
4
4,1271
4
4,1273
4
4,1275
4
4,1277
4
4,1279
4
4,1281
4
4,1283
4
4,1285
4
4,1287
4,1288
4
4,1290
4
4,1292
4
4,1294
4
4,1296
4
4,1298
4
4,1300
4,1301
4
4,1303
4
4,1305
4
4,1307
4
4,1309
4
4,1311
4
4,1313
4
4,1315
4
4,1317
4
4,1319
4,1320
4
4,1322
4
4,1324
4
4,1326
4
4,1328
4
4,1330
4
4,1332
4
4,1334
4,1335
4
4,1337
4
4,1339
4
4,1341
4
4,1343
4
4,1345
4
4,1347
4
4,1349
4
4,1351
4
4,1353
4
4,1355
4
4,1357
4
4,1359
4
4,1361
4,1362
4
4,1364
4
4,1366
4
4,1368
4
4,1370
4
4,1372
4
4,1374
4
4,1376
4
4,1378
4
4,1380
4,1381
4
4,1383
4
4,1385
4
4,1387
4
4,1389
4
4,1391
4
4,1393
4
4,1395
4
4,1397
4
4,1399
4
4,1401
4
4,1403
4,1404
4
4,1406
4
4,1408
4
4,1410
4
4,1412
4
4,1414
4
4,1416
4
4,1418
4
4,1420
4
4,1422
4
4,1424
4
4,1426
4
4,1428
4
4,1430
4,1431
4
4,1433
4
4,1435
4
4,1437
4
4,1439
4
4,1441
4
4,1443
4
4,1445
4
4,1447
4
4,1449
4
4,1451
4
4,1453
4
4,1455
4,1456
4
4,1458
4
4,1460
4
4,1462
4
4,1464
4
4,1466
4
4,1468
4
4,1470
4
4,1472
4,1473
4
4,1475
4
4,1477
4
4,1479
4
4,1481
4
4,1483
4
4,1485
4
4,1487
4
4,1489
4,1490
4
4,1492
4
4,1494
4
4,1496
4
4,1498
4
4,1500
4
4,1502
4
4,1504
4
4,1506
4
4,1508
4
4,1510
4
4,1512
4
4,1514
4
4,1516
4
4,1518
4
4,1520
4,1521
4
4,1523
4
4,1525
4
4,1527
4
4,1529
4
4,1531
4
4,1533
4
4,1535
4
4,1537
4
4,1539
4
4,1541
4
4,1543
4
4,1545
4
4,1547
4
4,1549
4
4,1551
4,1552
4
4,1554
4
4,1556
4
4,1558
4
4,1560
4
4,1562
4
4,1564
4
4,1566
4
4,1568
4
4,1570
4
4,1572
4
4,1574
4
4,1576
4,1577
4
4,1579
4
4,1581
4
4,1583
4
4,1585
4
4,1587
4
4,1589
4
4,1591
4
4,1593
4
4,1595
4
4,1597
4
4,1599
4
4,1601
4,1602
4
4,1604
4
4,1606
4
4,1608
4
4,1610
4
4,1612
4
4,1614
4
4,1616
4
4,1618
4
4,1620
4
4,1622
4
4,1624
4
4,1626
4
4,1628
4
4,1630
4,1631
4
4,1633
4
4,1635
4
4,1637
4
4,1639
4
4,1641
4
4,1643
4
4,1645
4
4,1647
4
4,1649
4
4,1651
4,1652
4
4,1654
4
4,1656
4
4,1658
4
4,1660
4
4,1662
4
4,1664
4
4,1666
4
4,1668
4
4,1670
4
4,1672
4
4,1674
4,1675
4
4,1677
4
4,1679
4
4,1681
4
4,1683
4
4,1685
4
4,1687
4
4,1689
4
4,1691
4
4,1693
4
4,1695
4
4,1697
4
4,1699
4,1700
4
4,1702
4
4,1704
4
4,1706
4
4,1708
4
4,1710
4
4,1712
4
4,1714
4
4,1716
4
4,1718
4
4,1720
4
4,1722
4
4,1724
4
4,1726
4,1727
4
4,1729
4
4,1731
4
4,1733
4
4,1735
4
4,1737
4
4,1739
4
4,1741
4
4,1743
4
4,1745
4
4,1747
4
4,1749
4
4,1751
4,1752
4
4,1754
4
4,1756
4
4,1758
4
4,1760
4
4,1762
4
4,1764
4,1765
4
4,1767
4
4,1769
4
4,1771
4
4,1773
4
4,1775
4
4,1777
4
4,1779
4
4,1781
4
4,1783
4
4,1785
4,1786
4
4,1788
4
4,1790
4
4,1792
4
4,1794
4
4,1796
4
4,1798
4
4,1800
4
4,1802
4
4,1804
4
4,1806
4
4,1808
4
4,1810
4,1811
4
4,1813
4
4,1815
4
4,1817
4
4,1819
4
4,1821
4
4,1823
4
4,1825
4
4,1827
4
4,1829
4
4,1831
4,1832
4
4,1834
4
4,1836
4
4,1838
4
4,1840
4
4,1842
4
4,1844
4
4,1846
4
4,1848
4
4,1850
4
4,1852
4
4,1854
4,1855
4
4,1857
4
4,1859
4
4,1861
4
4,1863
4
4,1865
4
4,1867
4
4,1869
4,1870
4
4,1872
4
4,1874
4
4,1876
4
4,1878
4
4,1880
4
4,1882
4
4,1884
4
4,1886
4
4,1888
4
4,1890
4,1891
4
4,1893
4
4,1895
4
4,1897
4
4,1899
4
4,1901
4,1902
4
4,1904
4
4,1906
4
4,1908
4
5,2133
5,2135
5,2137
5,2139
5,2141
5,2143
5,2145
5,2147
5,2149
5,2151
5,2153
5,2155
5,2157
5,2159
5,2161
5,2163
5,2165
5,2167
5,2169
5,2171
5,2173
5,2175
5,2177
5,2179
5,2181
5,2183
5,2185
5,2187
5,2189
5,2191
5,2193
5,2195
5,2197
5,2199
5,2201
5,2203
5,2205
5,2207
5,2209
5,2211
5,2213
5,2215
5,2217
5,2219
5,2221
5,2223
5,2225
5,2227
5,2229
5,2231
5,2233
5,2235
5,2237
5,2239
5,2241
5,2243
5,2245
5,2247
5,2249
5,2251
5,2253
5,2255
5,2257
5,2259
5,2261
5,2263
5,2265
5,2268
5,2270
5,2273
5,2275
5,2278
5,2280
5,2283
5,2285
5,2288
5,2290
5,2293
5,2295
5,2298
5,2300
5,2303
5,2305
5,2308
5,2310
5,2313
5,2315
5,2318
5,2320
5,2323
5,2325
5,2328
5,2330
5,2333
5,2335
5,2338
5,2340
5,2343
5,2345
5,2348
5,2350
5,2353
5,2355
5,2358
5,2360
5,2363
5,2365
5,2368
5,2370
5,2373
5,2375
5,2378
5,2380
5,2383
5,2385
5,2388
5,2390
5,2393
5,2395
5,2398
5,2400
5,2403
5,2405
5,2408
5,2410
5,2413
5,2415
5,2418
5,2420
5,2423
5,2425
5,2428
5,2430
5,2433
5,2435
5,2438
5,2440
5,2443
5,2445
5,2448
5,2450
5,2453
5,2455
5,2458
5,2460
5,2463
5,2465
5,2468
5,2470
5,2473
5,2475
5,2478
5,2480
5,2483
5,2485
5,2488
5,2490
5,2493
5,2495
5,2498
5,2500
5,2503
5,2505
5,2508
5,2510
5,2513
5,2515
5,2518
5,2520
5,2523
5,2525
5,2528
5,2530
5,2533
5,2535
5,2538
5,2540
5,2543
5,2545
5,2548
5,2550
5,2553
5,2555
5,2558
5,2560
5,2563
5,2565
5,2568
5,2570
5,2573
5,2575
5,2578
5,2580
5,2583
5,2585
5,2588
5,2590
5,2593
5,2595
5,2598
5,2600
5,2603
5,2605
5,2608
5,2610
5,2613
5,2615
5,2618
5,2620
5,2623
5,2625
5,2628
5,2630
5,2633
5,2635
5,2638
5,2640
5,2643
5,2645
5,2648
5,2650
5,2653
5,2655
5,2658
6,2134
6
6,2136
6
6,2138
6
6,2140
6
6,2142
6
6,2144
6
6,2146
6
6,2148
6
6,2150
6
6,2152
6
6,2154
6
6,2156
6
6,2158
6
6,2160
6
6,2162
6
6,2164
6
6,2166
6
6,2168
6
6,2170
6
6,2172
6
6,2174
6
6,2176
6
6,2178
6
6,2180
6
6,2182
6
6,2184
6
6,2186
6
6,2188
6
6,2190
6
6,2192
6
6,2194
6
6,2196
6
6,2198
6
6,2200
6
6,2202
6
6,2204
6
6,2206
6
6,2208
6
6,2210
6
6,2212
6
6,2214
6
6,2216
6
6,2218
6
6,2220
6
6,2222
6
6,2224
6
6,2226
6
6,2228
6
6,2230
6
6,2232
6
6,2234
6
6,2236
6
6,2238
6
6,2240
6
6,2242
6
6,2244
6
6,2246
6
6,2248
6
6,2250
6
6,2252
6
6,2254
6
6,2256
6
6,2258
6
6,2260
6
6,2262
6
6,2264
6
6,2266
6,2267
6
6,2269
6
6,2271
6,2272
6
6,2274
6
6,2276
6,2277
6
6,2279
6
6,2281
6,2282
6
6,2284
6
6,2286
6,2287
6
6,2289
6
6,2291
6,2292
6
6,2294
6
6,2296
6,2297
6
6,2299
6
6,2301
6,2302
6
6,2304
6
6,2306
6,2307
6
6,2309
6
6,2311
6,2312
6
6,2314
6
6,2316
6,2317
6
6,2319
6
6,2321
6,2322
6
6,2324
6
6,2326
6,2327
6
6,2329
6
6,2331
6,2332
6
6,2334
6
6,2336
6,2337
6
6,2339
6
6,2341
6,2342
6
6,2344
6
6,2346
6,2347
6
6,2349
6
6,2351
6,2352
6
6,2354
6
6,2356
6,2357
6
6,2359
6
6,2361
6,2362
6
6,2364
6
6,2366
6,2367
6
6,2369
6
6,2371
6,2372
6
6,2374
6
6,2376
6,2377
6
6,2379
6
6,2381
6,2382
6
6,2384
6
6,2386
6,2387
6
6,2389
6
6,2391
6,2392
6
6,2394
6
6,2396
6,2397
6
6,2399
6
6,2401
6,2402
6
6,2404
6
6,2406
6,2407
6
6,2409
6
6,2411
6,2412
6
6,2414
6
6,2416
6,2417
6
6,2419
6
6,2421
6,2422
6
6,2424
6
6,2426
6,2427
6
6,2429
6
6,2431
6,2432
6
6,2434
6
6,2436
6,2437
6
6,2439
6
6,2441
6,2442
6
6,2444
6
6,2446
6,2447
6
6,2449
6
6,2451
6,2452
6
6,2454
6
6,2456
6,2457
6
6,2459
6
6,2461
6,2462
6
6,2464
6
6,2466
6,2467
6
6,2469
6
6,2471
6,2472
6
6,2474
6
6,2476
6,2477
6
6,2479
6
6,2481
6,2482
6
6,2484
6
6,2486
6,2487
6
6,2489
6
6,2491
6,2492
6
6,2494
6
6,2496
6,2497
6
6,2499
6
6,2501
6,2502
6
6,2504
6
6,2506
6,2507
6
6,2509
6
6,2511
6,2512
6
6,2514
6
6,2516
6,2517
6
6,2519
6
6,2521
6,2522
6
6,2524
6
6,2526
6,2527
6
6,2529
6
6,2531
6,2532
6
6,2534
6
6,2536
6,2537
6
6,2539
6
6,2541
6,2542
6
6,2544
6
6,2546
6,2547
6
6,2549
6
6,2551
6,2552
6
6,2554
6
6,2556
6,2557
6
6,2559
6
6,2561
6,2562
6
6,2564
6
6,2566
6,2567
6
6,2569
6
6,2571
6,2572
6
6,2574
6
6,2576
6,2577
6
6,2579
6
6,2581
6,2582
6
6,2584
6
6,2586
6,2587
6
6,2589
6
6,2591
6,2592
6
6,2594
6
6,2596
6,2597
6
6,2599
6
6,2601
6,2602
6
6,2604
6
6,2606
6,2607
6
6,2609
6
6,2611
6,2612
6
6,2614
6
6,2616
6,2617
6
6,2619
6
6,2621
6,2622
6
6,2624
6
6,2626
6,2627
6
6,2629
6
6,2631
6,2632
6
6,2634
6
6,2636
6,2637
6
6,2639
6
6,2641
6,2642
6
6,2644
6
6,2646
6,2647
6
6,2649
6
6,2651
6,2652
6
6,2654
6
6,2656
6,2657
6
6,2659
6
14,2671,171
12
12,1417,1715,1413,1759,2243,1661,1152,2231,1415,1251,1012,1247,2145,2137,1140,1540,1646,944,2147,1241,1276,655,1446,1665,1150,2171,1567,2237,1623,1115,2255,2161,1590,1534,1419,2245,1226,1396,714,1007,1667,1207,2159,753,1310,2223,1024,1186,1881,1182,478,1282,1369,1249,1571,1448,982,891,1709,1594,2165,1272,816,2247,1209,1862,832,1169,683,1087,1563,569,2213,2141,2253,1801,1342,1184,1734,997,1586,578,880,2181,2179,1717,1803,1312,1308,1795,1245,1511,2215,1843,1877,1243,1062,1772,1805,1793,961,2205,2183,1532,1278,2249,1738,2217,1505,1394,1398,2173,1820,633,1188,1352,1119,493,1864,966,1711,1146,1569,1544,1280,1081,800,2151,1134,1740,2239,2257,868,2203,1121,793,1440,764,1746,2185,1611,1467,2235,1617,1017,1239,1029,1565,1136,1371,1348,1822,2153,2225,1499,896,528,2219,1117,1509,1682,1692,1253,1329,2207,1064,1392,782,1841,2197,1613,2133,1144,2259,1742,1442,2195,1497,1346,1148,1373,1559,1411,1390,2167,2263,1480,2209,1190,727,2157,1224,2135,469,1425,1659,1596,2199,849,1592,987,1484,1375,2163,2155,1686,1465,1845,1142,839,1883,2189,1344,775,844,971,1615,2149,1688,1538,1584,597,1625,1588,1501,703,2143,1002,2177,668,1167,2229,992,1847,462,861,1885,1154,1778,954,1621,1274,1669,939,1085,1100,1515,807,823,2227,2211,1694,2175,2241,1780,1690,1513,1824,2187,436,1192,1295,1797,1438,1463,1818,949,1609,738,1644,2261,1536,1270,873,1799,1138,1444,913,934,1542,1849,506,1528,2251,1388,1774,1068,1839,1083,2169,1482,1619,1268,1546,1879,1356,1530,1776,2191,1503,1707,1423,1736,2139,1721,690,515,1350,922,1638,618,2193,1314,2221,1561,1327,854,1826,545,1255,2233,1684,648,1642,1507,1113,1640,1066,449,2201,1719,1450,927,1663,1713,1744,1222,1205,1354,1421,556
12,1750,1318,1488,1519,1072,1259,1629,1900,1650,1868,1125,1725,1213,1673,1196,1053,1299,1889,1600,1698,1853,1379,1471,1286,1173,1104,1784,1454,1402,1333,1230,1550,1809,1763,1158,1360,1830,1575,1429,1091
12,2643,174,210,188,2373,178,2343,2353,176,2453,2473,2293,218,222,2543,2273,2493,2483,186,232,242,182,234,2523,2403,224,2333,200,2613,190,206,2313,204,172,2303,208,240,2533,2433,238,2323,2283,236,2553,2503,180,2583,2393,2513,202,2573,228,2423,194,2563,2383,2603,244,230,184,198,214,2633,226,2363,2463,2443,196,220,2623,246,212,216,2413,2593,192
12,2508,1400,2628,1866,2426,2396,2546,2488,2588,1171,2458,1123,1648,2346,1156,2558,2566,2308,2498,2578,2518,1782,2268,1102,2606,2506,2608,2296,1051,2478,2386,1331,2286,1887,1070,2456,2656,2418,2406,2516,2278,1517,1228,1211,2388,1486,2438,1598,1696,2446,2586,1089,2398,2288,2306,2618,1377,2536,2538,1761,2486,2468,2368,1807,2658,1828,2466,2476,2358,2548,2638,2348,1358,1316,2646,2428,2576,1748,1548,2298,2266,1627,2408,1851,1671,2318,1257,2376,2448,1469,2598,1284,2436,2356,2568,2526,2328,2556,2378,2648,2276,1297,2366,1573,2636,1723,2496,2326,1194,2528,1898,1452,2596,2626,2336,2616,2416,1427,2338,2316
12,590,613,877,594,676,1098,523,1875,875,1220,802,553,473,919,1060,2381,1079,672,611,622,1026,488,1860,888,963,512,968,558,1367,856,1037,542,2331,571,1636,464,501,2481,761,440,451,475,786,825,694,510,790,836,904,457,490,2561,2351,696,958,729,521,2271,665,645,884,1436,784,564,661,2301,1582,670,637,466,2571,1495,2361,2551,2391,975,508,519,1409,615,1757,482,2281,1266,1461,2581,946,2511,446,2371,882,893,956,1004,698,898,1014,733,2601,1019,1031,720,562,650,1293,1039,2491,731,716,718,809,536,663,588,575,746,851,735,908,989,592,1165,692,499,680,2401,722,584,1325,724,846,486,566,626,484,532,1047,2521,748,951,2321,829,1732,941,2641,902,1041,797,1657,635,586,1386,630,641,744,687,1680,858,628,495,709,999,1132,674,530,2421,834,931,1478,705,2531,480,2501,977,2411,795,742,768,1526,777,540,979,2341,573,1607,471,1306,865,659,924,1770,759,813,580,917,2461,755,678,455,2451,1111,605,599,750,788,1180,1021,442,534,2441,444,1837,1237,560,652,582,2591,2621,609,547,936,525,984,601,973,1045,2431,804,870,2471,818,549,517,1033,2611,1340,711,915,497,1043,2631,453,1791,766,2541,779,770,2291,685,639,929,900,624,707,1035,657,503,551,2311,643,811,827,863,994,1557,906,459,757,1009,2653,820,886,603,1049,538,841,1203,772,740,1816,607,1705,910,700,620,438
12,1655,1476,1603,1873,1634,1302,1701,1178,1676,1703,1835,1907,1109,1524,1077,1894,1233,1058,1474,1858,1107,1605,1871,1216,1789,1323,1262,1459,1304,1653,1787,1128,1578,1199,1522,1632,1075,1553,1678,1407,1405,1457,1363,1766,1768,1336,1555,1382,1094,1812,1056,1493,1833,1130,1338,1264,1491,1291,1755,1163,1753,1161,1728,1096,1814,1365,1892,1856,1434,1384,1321,1580,1201,1218,1289,1905,1235,1730,1432,1176
12,1903
12
12,2651,1896
7,2672
15