0
0
0
0
0
0
0
0
0
0
0
0
0
0
0
0
0
0
0
0
0
0,327,790,185,262,255,59,788
0,201,800,77,798,344,305,292,271,314
0,273,194,365,316,203,79,808,810,294
0,223,820,210,818,81,386
0,401,828,83,212,196,830
0,416,840,244,85,205,838,230
0,87,850,232,214,433,848
0,246,448,860,89,858
0,870,91,225,461,868,248
0,878,93,476,257,880
0,250,888,489,95,890
0,502,898,61,187,900
0,234,910,515,908,97
0,528,278,63,299,920,264,918
0,65,928,266,930,545
0,67,938,283,558,940
0,69,948,950,571,301
0,239,958,960,71,584
0,290,73,285,192,968,219,597,970,310
0,221,618,312,980,978,75,303
0,329,504,750,183
0,373,605,190,403,752
0,754,354,418,199,375
0,208,405,388,435,756
0,758,463,624,390,607,217
0,420,228,760,437,517
0,237,762,586
0,465,450,422,764,242,491
0,331,766,478,253
0,530,768,260,547,333
0,770,269,367,346
0,276,532,772
0,599,560,774,281
0,348,601,369,288,776
0,534,620,297,778,350,573
0,780,603,308,371,352,622
1,1008
2,59
2
2,61
2
2,63
2
2,65
2
2,67
2
2,69
2
2,71
2
2,73
2
2,75
2
2,77
2
2,79
2
2,81
2
2,83
2
2,85
2
2,87
2
2,89
2
2,91
2
2,93
2
2,95
2
2,97
2
3,186,647,181,184
3,193,195,191,188,648
3,197,200,202,204,649
3,650,213,211,206,209
3,220,218,215,224,222,651
3,226,652,233,229,231
3,235,653,238
3,245,654,249,247,243,240
3,655,256,254,251
3,258,263,265,261,656
3,657,272,270,267
3,658,274,277
3,279,282,284,659
3,289,293,660,286,291
3,295,298,302,661,300,304
3,309,311,315,313,662,306
3,325,321,785
3,783,323,318,320
3,114,663,664,319,1007,322,324,115,317
3,793,337,335,340
3,342,338,795
3,328,666,334,326,330,667,118,341,332,336,668,665,117,339
3,803,361,358,356
3,363,805,359
3,355,345,120,351,357,669,349,362,347,343,121,353,670,360,671,672
3,379,382,813,377
3,815,380,384
3,372,374,123,676,673,368,675,124,370,378,376,364,366,381,383,674
3,397,394,392,823
3,395,399,825
3,677,126,678,387,391,385,393,396,389,679,127,398,680
3,833,409,407,412
3,414,835,410
3,400,413,684,408,406,411,129,130,402,404,681,682,683
3,424,843,426,429
3,427,431,845
3,430,415,419,132,685,417,688,421,425,686,687,423,428,133
3,853,441,439,444
3,442,855,446
3,443,691,434,432,135,690,438,440,136,689,436,692,445
3,457,452,454,863
3,865,455,459
3,447,139,451,458,449,138,456,453,694,696,695,693
3,472,469,873,467
3,470,875,474
3,471,142,473,141,697,462,460,464,699,466,700,468,698
3,480,482,883,485
3,885,487,483
3,486,145,484,702,144,479,703,704,481,477,475,701
3,893,493,498,495
3,895,496,500
3,147,497,708,499,705,707,490,492,494,148,488,706
3,506,511,508,903
3,905,509,513
3,711,712,507,150,501,505,710,510,709,503,512,151
3,524,913,519,521
3,526,915,522
3,525,514,518,153,520,713,716,523,154,516,715,714
3,541,923,538,536
3,925,543,539
3,527,720,719,540,535,537,533,156,717,531,157,529,718,542
3,933,554,551,549
3,552,556,935
3,555,159,550,546,724,721,160,544,722,548,553,723
3,564,567,562,943
3,565,569,945
3,563,163,162,559,728,568,726,561,725,557,727,566
3,575,953,580,577
3,955,582,578
3,579,730,574,166,576,581,570,165,732,731,729,572
3,588,590,593,963
3,965,595,591
3,594,168,736,169,585,592,735,589,587,583,734,733
3,609,614,611,973
3,612,616,975
3,604,172,600,606,602,615,740,598,171,737,608,610,613,738,739,596
3,983,631,628,626
3,629,633,985
3,630,175,617,743,741,744,625,621,623,632,619,627,174,742
3,640,637,644,993
3,995,646,639
3,990,988,642,635
3,638,634,645,748,177,643,179,746,636,745,178,641,747
4,182
4,183
4
4,185
4
4,187
4
4,189
4,190
4
4,192
4
4,194
4
4,196
4
4,198
4,199
4
4,201
4
4,203
4
4,205
4
4,207
4,208
4
4,210
4
4,212
4
4,214
4
4,216
4,217
4
4,219
4
4,221
4
4,223
4
4,225
4
4,227
4,228
4
4,230
4
4,232
4
4,234
4
4,236
4,237
4
4,239
4
4,241
4,242
4
4,244
4
4,246
4
4,248
4
4,250
4
4,252
4,253
4
4,255
4
4,257
4
4,259
4,260
4
4,262
4
4,264
4
4,266
4
4,268
4,269
4
4,271
4
4,273
4
4,275
4,276
4
4,278
4
4,280
4,281
4
4,283
4
4,285
4
4,287
4,288
4
4,290
4
4,292
4
4,294
4
4,296
4,297
4
4,299
4
4,301
4
4,303
4
4,305
4
4,307
4,308
4
4,310
4
4,312
4
4,314
4
4,316
4
4,318
4
4,320
4,321
4
4,323
4
4,325
4
4,327
4
4,329
4
4,331
4
4,333
4
4,335
4
4,337
4,338
4
4,340
4
4,342
4
4,344
4
4,346
4
4,348
4
4,350
4
4,352
4
4,354
4
4,356
4
4,358
4,359
4
4,361
4
4,363
4
4,365
4
4,367
4
4,369
4
4,371
4
4,373
4
4,375
4
4,377
4
4,379
4,380
4
4,382
4
4,384
4
4,386
4
4,388
4
4,390
4
4,392
4
4,394
4,395
4
4,397
4
4,399
4
4,401
4
4,403
4
4,405
4
4,407
4
4,409
4,410
4
4,412
4
4,414
4
4,416
4
4,418
4
4,420
4
4,422
4
4,424
4
4,426
4,427
4
4,429
4
4,431
4
4,433
4
4,435
4
4,437
4
4,439
4
4,441
4,442
4
4,444
4
4,446
4
4,448
4
4,450
4
4,452
4
4,454
4,455
4
4,457
4
4,459
4
4,461
4
4,463
4
4,465
4
4,467
4
4,469
4,470
4
4,472
4
4,474
4
4,476
4
4,478
4
4,480
4
4,482
4,483
4
4,485
4
4,487
4
4,489
4
4,491
4
4,493
4
4,495
4,496
4
4,498
4
4,500
4
4,502
4
4,504
4
4,506
4
4,508
4,509
4
4,511
4
4,513
4
4,515
4
4,517
4
4,519
4
4,521
4,522
4
4,524
4
4,526
4
4,528
4
4,530
4
4,532
4
4,534
4
4,536
4
4,538
4,539
4
4,541
4
4,543
4
4,545
4
4,547
4
4,549
4
4,551
4,552
4
4,554
4
4,556
4
4,558
4
4,560
4
4,562
4
4,564
4,565
4
4,567
4
4,569
4
4,571
4
4,573
4
4,575
4
4,577
4,578
4
4,580
4
4,582
4
4,584
4
4,586
4
4,588
4
4,590
4,591
4
4,593
4
4,595
4
4,597
4
4,599
4
4,601
4
4,603
4
4,605
4
4,607
4
4,609
4
4,611
4,612
4
4,614
4
4,616
4
4,618
4
4,620
4
4,622
4
4,624
4
4,626
4
4,628
4,629
4
4,631
4
4,633
4
4,635
4
4,637
4
4,639
4,640
4
4,642
4
4,644
4
4,646
4
5,749
5,751
5,753
5,755
5,757
5,759
5,761
5,763
5,765
5,767
5,769
5,771
5,773
5,775
5,777
5,779
5,781
5,784
5,786
5,789
5,791
5,794
5,796
5,799
5,801
5,804
5,806
5,809
5,811
5,814
5,816
5,819
5,821
5,824
5,826
5,829
5,831
5,834
5,836
5,839
5,841
5,844
5,846
5,849
5,851
5,854
5,856
5,859
5,861
5,864
5,866
5,869
5,871
5,874
5,876
5,879
5,881
5,884
5,886
5,889
5,891
5,894
5,896
5,899
5,901
5,904
5,906
5,909
5,911
5,914
5,916
5,919
5,921
5,924
5,926
5,929
5,931
5,934
5,936
5,939
5,941
5,944
5,946
5,949
5,951
5,954
5,956
5,959
5,961
5,964
5,966
5,969
5,971
5,974
5,976
5,979
5,981
5,984
5,986
5,989
5,991
5,994
6,750
6
6,752
6
6,754
6
6,756
6
6,758
6
6,760
6
6,762
6
6,764
6
6,766
6
6,768
6
6,770
6
6,772
6
6,774
6
6,776
6
6,778
6
6,780
6
6,782
6,783
6
6,785
6
6,787
6,788
6
6,790
6
6,792
6,793
6
6,795
6
6,797
6,798
6
6,800
6
6,802
6,803
6
6,805
6
6,807
6,808
6
6,810
6
6,812
6,813
6
6,815
6
6,817
6,818
6
6,820
6
6,822
6,823
6
6,825
6
6,827
6,828
6
6,830
6
6,832
6,833
6
6,835
6
6,837
6,838
6
6,840
6
6,842
6,843
6
6,845
6
6,847
6,848
6
6,850
6
6,852
6,853
6
6,855
6
6,857
6,858
6
6,860
6
6,862
6,863
6
6,865
6
6,867
6,868
6
6,870
6
6,872
6,873
6
6,875
6
6,877
6,878
6
6,880
6
6,882
6,883
6
6,885
6
6,887
6,888
6
6,890
6
6,892
6,893
6
6,895
6
6,897
6,898
6
6,900
6
6,902
6,903
6
6,905
6
6,907
6,908
6
6,910
6
6,912
6,913
6
6,915
6
6,917
6,918
6
6,920
6
6,922
6,923
6
6,925
6
6,927
6,928
6
6,930
6
6,932
6,933
6
6,935
6
6,937
6,938
6
6,940
6
6,942
6,943
6
6,945
6
6,947
6,948
6
6,950
6
6,952
6,953
6
6,955
6
6,957
6,958
6
6,960
6
6,962
6,963
6
6,965
6
6,967
6,968
6
6,970
6
6,972
6,973
6
6,975
6
6,977
6,978
6
6,980
6
6,982
6,983
6
6,985
6
6,987
6,988
6
6,990
6
6,992
6,993
6
6,995
6
14,57,1007
12
12,349,533,761,753,602,763,777,619,775,600,604,434,464,275,757,516,606,462,598,372,328,404,280,307,227,546,345,585,449,767,332,402,330,374,366,769,351,252,749,572,421,623,773,751,621,207,531,779,436,368,765,287,503,419,759,529,198,771,189,182,490,216,417,236,347,353,755,477,241,296,259,389,387,559,370,268
12,378,336,440,563,494,638,357,393,425,453,610,627,589,520,507,319,468,481,408,537,550,576
12,60,96,74,64,62,789,979,809,72,70,94,68,839,929,969,819,829,959,949,86,76,919,92,90,58,879,889,849,859,66,88,80,899,84,799,82,939,909,869,78
12,974,882,636,822,406,874,625,492,872,914,535,994,944,964,842,984,992,355,954,561,505,834,982,904,438,844,548,376,782,852,832,451,391,862,518,952,892,423,924,932,794,587,812,317,824,792,962,894,784,912,334,902,972,479,466,804,864,942,814,922,574,608,854,802,884,934
12,249,867,501,897,211,300,927,857,807,947,270,827,277,917,200,186,191,213,343,247,488,596,311,202,432,238,887,447,220,364,570,557,204,797,907,937,583,847,233,837,265,224,304,222,256,400,787,309,326,315,229,254,218,967,209,282,289,957,272,284,527,544,977,261,460,291,514,263,243,293,231,193,817,989,313,245,385,302,877,617,415,195,475,298,184
12,555,486,411,568,613,553,540,645,360,341,497,592,443,523,512,324,630,525,362,413,510,473,339,484,579,456,499,445,581,396,383,322,428,458,381,542,615,430,471,594,632,643,398,566
12,641
12
12,987,634
7,1008
15