0
0
0
0
0
0
0
0
0
0
0
0
0
0
0
0
0
0
0
0
0
0
0
0
0
0
0
0
0
0
0
0
0
0
0
0
0
0
0
0
0
0
0
0
0
0
0
0
0
0
0
0
0
0
0
0
0
0
0
0
0
0
0
0
0
0
0
0
0
0
0
0,797,2696,2698,557,499,658,189,1243
0,799,2706,207,2708,1070,542,671,1262
0,510,593,2718,1281,209,1049,2716,1128
0,2728,561,758,211,2726,1300,801
0,544,2738,1213,2736,664,213,610,525,1317,576,643
0,645,1215,512,1342,2748,546,215,2746,747
0,217,1044,1363,2758,2756,760
0,836,2766,2768,942,514,1112,219,1378
0,2776,595,623,1397,2778,221,578,548,944,527,701
0,686,1195,784,223,1422,673,1006,810,2788,2786,1051
0,951,864,225,1447,2798,905,550,2796
0,2808,1466,191,2806,1093
0,1479,2818,516,1013,227,2816,714
0,2826,946,1162,563,1130,1496,647,552,229,2828
0,649,231,2838,1519,786,812,529,866,2836,625
0,907,1150,632,2848,612,233,1542,675,762,2846,925,788,716
0,235,814,565,1571,2858,838,688,2856
0,2868,845,677,2866,868,1590,651,1217,927,703,971,764,237,890
0,1219,2876,580,790,879,2878,1621,239,729
0,1642,2886,614,829,2888,870,690,241
0,1661,653,705,1095,2896,847,740,567,243,2898,964,597,1053,1221
0,2906,245,2908,718,531,816,953,749,1692
0,559,508,2916,523,1207,587,193,501,725,1107,827,536,1226,1713,2918,660
0,518,2926,751,720,1197,849,731,1135,582,966,247,692,1186,707,2928,1748,892
0,2936,2938,1785,881,909,249,792
0,2946,251,872,616,599,980,2948,634,1181,769,916,1802,1077
0,2958,742,851,955,253,1831,2956,1033,929,894
0,1171,679,694,636,853,503,255,803,874,771,2968,1854,2966
0,2976,257,2978,1883,995,1035,773,696,1058,753
0,2986,911,1037,1026,259,1906,2988
0,638,1923,2996,1202,1164,261,918,2998
0,1015,1942,3006,982,1102,263,709,957,775,973,666,3008,1039,883
0,984,840,920,3018,265,1973,1063,3016
0,572,1228,662,195,604,1011,1992,3028,3026
0,3038,3036,986,959,2013,267,855,975,818,831
0,269,3048,896,820,1079,733,777,1017,857,988,2036,3046
0,1188,859,997,3058,3056,2063,898,779,271,1157
0,999,931,3068,1145,2086,3066,735,1114,1166,990,273
0,2111,900,3078,1086,1116,1097,1028,1176,275,885,3076,822
0,3088,1019,1088,2138,933,277,3086
0,279,3096,1152,1081,2155,1021,1140,3098,1121,1065
0,197,589,727,2178,3108,1075,3106,538
0,3118,199,606,591,938,3116,1193,1126,684,1209,2197
0,3126,2222,574,1230,3128,201
0,621,2237,203,1232,1004,3136,808,3138,1211
0,540,3146,630,2258,940,205,608,3148
0,1245,1715,2550,1856,497
0,1346,1481,1287,1752,506,2552,1723,1382
0,2554,1725,521,1521,1694,1401,1323
0,1727,534,2180,1325,2262,2556,1403,1266,1348,1502,1449
0,1304,1573,1251,1504,2558,1667,1729,555
0,1327,570,2226,2560,1405,1625,1998,1754
0,1407,1804,1289,1669,2207,2182,1731,585,2562
0,2209,1544,1329,2000,2564,1806,602,2264,1644
0,1523,1409,2566,619,2243
0,628,1925,1808,2266,1546,1860,2568
0,641,2570,1594,1331,1671,1525,1506,1350
0,656,1717,2572,1994,1247,1319,1944
0,2574,1428,1862,1548,669,1268,1596
0,2211,1575,1430,2576,1756,1864,1885,1646,682
0,1598,699,1758,1673,1946,1411,2578
0,2580,1483,1760,1696,1550,712
0,1627,2088,723,2582,1762,1733,2184,2038
0,2584,1675,738,1833
0,745,2586,1887,1764,1698,1352
0,1365,1600,1306,2588,1552,756
0,767,2040,2065,1810,1948,1889,2590,1866
0,1527,1629,782,1554,2592,1432,1787
0,795,1264,1858,1249,1302,2594
0,1577,1434,2015,2042,806,2245,1700,2596,1529,2113
0,2598,1648,825,1735,2017
0,2600,834,1579,1384,1975
0,2019,1766,843,2044,2602,1677,1868,2067,1602,1835
0,1812,1451,862,2604,1870,1604,1650,1531
0,1950,2606,877,2115,1631,1789
0,2608,2117,2046,2069,888,1606,1837,1768
0,1453,1791,1556,903,1908,2610
0,914,1814,2612,1977,1927
0,1608,1839,2140,923,2614,2090,1558
0,2260,1380,1498,2199,2616,936,1399
0,949,1952,1702,2021,2618,1455,1841
0,1770,2620,962,1679
0,1954,969,2023,1610,2622
0,2048,1816,2624,1979,1956,2025,2092,978
0,2626,993,2071,1891,2094
0,2628,1002,2247,1436
0,2157,1009,2630,2002,2050,1485,1958,2142
0,1910,2632,1024,2119
0,1031,1843,1912,2634,1960,1893
0,2636,1367,1042
0,2638,1663,1047,1283,1424
0,1056,2640,1895
0,2642,1981,1061,2159
0,1270,1068,2644
0,2161,2186,2646,1818,1073,2052
0,2144,1084,2648,2121
0,1091,1681,2650,2123,1468
0,1962,1100,2652
0,2654,1105,1737
0,2096,2656,1386,1110,2125
0,1119,2658,2163
0,2660,2201,1500,1285,1124
0,1133,2662,1772
0,1138,2664,2165
0,2098,1143,2666
0,1560,2167,2668,1148
0,2670,1155,2073
0,1508,2100,1160,1929,2672
0,1872,2674,1169
0,2127,2676,1174
0,1179,2678,1820
0,1774,2075,1184,2680
0,1426,1750,2682,2203,1191
0,2684,1931,1200
0,1344,1623,1665,1321,1592,1719,2239,1205,2205,2686
0,2688,1996,2224,1224,2241,1721
1,3176
2,189
2
2,191
2
2,193
2
2,195
2
2,197
2
2,199
2
2,201
2
2,203
2
2,205
2
2,207
2
2,209
2
2,211
2
2,213
2
2,215
2
2,217
2
2,219
2
2,221
2
2,223
2
2,225
2
2,227
2
2,229
2
2,231
2
2,233
2
2,235
2
2,237
2
2,239
2
2,241
2
2,243
2
2,245
2
2,247
2
2,249
2
2,251
2
2,253
2
2,255
2
2,257
2
2,259
2
2,261
2
2,263
2
2,265
2
2,267
2
2,269
2
2,271
2
2,273
2
2,275
2
2,277
2
2,279
2
3,500,502,495,2289,498
3,513,509,517,515,511,507,504,2290
3,530,519,528,522,524,526,2291
3,549,2292,539,551,541,543,537,532,535,545,547
3,564,558,556,553,566,562,560,2293
3,568,577,2294,579,581,571,575,573
3,583,2295,588,592,586,596,590,598,594
3,605,2296,613,615,611,609,607,603,600
3,622,617,620,624,2297
3,629,637,626,631,635,2298,633
3,652,642,648,644,639,646,650,2299
3,659,665,663,654,2300,657,661
3,2301,670,678,676,674,672,667
3,680,693,685,695,687,683,689,691,2302
3,706,700,708,704,2303,702,697
3,713,717,719,710,715,2304
3,724,2305,721,732,726,730,734,728
3,739,736,2306,741
3,752,750,2307,746,748,743
3,754,759,763,757,761,2308
3,772,765,2309,770,778,768,774,776
3,780,789,791,785,2310,787,783
3,802,800,796,798,793,2311
3,807,815,811,813,821,817,2312,819,809,804
3,830,2313,823,826,828
3,2314,837,839,832,835
3,850,848,841,856,844,858,2315,854,846,852
3,860,871,869,2316,867,873,863,865
3,2317,875,880,878,884,882
3,893,899,886,2318,889,897,895,891
3,904,2319,908,901,906,910
3,919,917,2320,915,912
3,928,932,924,926,921,930,2321
3,937,939,2322,941,945,943,934
3,947,950,958,956,952,2323,954
3,965,2324,960,963
3,967,970,974,2325,972
3,976,987,981,985,979,983,989,2326
3,996,2327,998,994,991
3,1003,1005,1000,2328
3,1007,1014,1020,1012,1018,2329,1010,1016
3,1025,1022,1027,2330
3,1032,1036,1038,1029,1034,2331
3,1043,1040,2332
3,1045,1050,1052,2333,1048
3,1054,1057,2334
3,2335,1062,1064,1059
3,2336,1066,1069
3,1078,1074,1071,1080,2337,1076
3,1085,2338,1087,1082
3,1096,1092,2339,1094,1089
3,1101,1098,2340
3,1106,2341,1103
3,1115,1108,1113,2342,1111
3,1120,1117,2343
3,2344,1129,1122,1125,1127
3,1134,1131,2345
3,1136,2346,1139
3,2347,1144,1141
3,1151,1149,1146,2348
3,1156,2349,1153
3,1158,1165,1161,2350,1163
3,2351,1167,1170
3,1175,1172,2352
3,1180,1177,2353
3,1187,2354,1182,1185
3,1192,1194,1196,1189,2355
3,1198,1201,2356
3,1214,1220,1212,1216,1218,1210,1208,1203,1206,2357
3,1225,2358,1231,1229,1222,1227
3,2693,1241,1237
3,1236,1239,2691,1234
3,350,1233,351,1238,1235,2360,2359,3175,1240
3,1258,2701,1255,1253
3,1260,1256,2703
3,1244,2362,1242,1254,1257,1246,1248,1250,2363,353,1259,1252,2361,2364,354
3,1272,2711,1277,1274
3,1279,2713,1275
3,2366,2368,2365,356,1276,1263,1265,357,1271,1267,1269,1261,1273,2367,1278
3,1291,2721,1293,1296
3,1294,1298,2723
3,1292,1286,2372,1288,2371,1295,1282,2370,1284,360,2369,1297,1280,1290,359
3,2731,1310,1313,1308
3,1315,2733,1311
3,1299,1305,363,1309,1301,2373,1307,2375,1314,2374,362,1312,2376,1303
3,1338,1335,2741,1333
3,2743,1340,1336
3,1328,2378,2379,366,2377,1334,1316,1330,1326,2380,1324,1318,365,1339,1322,1332,1320,1337
3,1354,2751,1359,1356
3,1357,2753,1361
3,1347,1349,1345,2381,1343,369,1360,368,1351,1358,2384,1341,2383,1353,1355,2382
3,2761,1371,1369,1374
3,2763,1376,1372
3,1366,2386,372,2388,1362,371,1375,1373,2385,2387,1364,1370,1368
3,2771,1388,1393,1390
3,1391,2773,1395
3,1377,2392,2390,1389,374,375,1394,1379,1383,1381,2389,2391,1387,1392,1385
3,1413,1418,1415,2781
3,2783,1420,1416
3,1402,2393,377,1412,1408,2394,1414,2396,1400,1406,378,2395,1396,1410,1419,1398,1404,1417
3,1440,1443,1438,2791
3,1441,2793,1445
3,1439,381,1433,2398,1423,1429,1421,2399,1435,1437,1425,380,1442,1427,1444,1431,2400,2397
3,1459,1462,1457,2801
3,1460,2803,1464
3,2402,1458,1454,2404,1463,1448,2403,383,1446,1461,384,1452,1456,2401,1450
3,1470,2811,1472,1475
3,1473,1477,2813
3,387,1467,1469,1474,1465,1471,2407,2405,2406,1476,386,2408
3,1487,1492,1489,2821
3,1494,2823,1490
3,2409,1488,2412,1493,1478,1482,390,1491,1480,1484,389,2411,1486,2410
3,1510,2831,1515,1512
3,1513,2833,1517
3,2414,2416,1505,393,1503,1511,2415,1509,1497,1507,2413,1499,1516,1495,1501,1514,392
3,1533,1535,1538,2841
3,1540,2843,1536
3,2418,2420,2419,1526,1530,1532,1524,1520,1537,1522,2417,1518,1539,1534,395,1528,396
3,1562,1567,1564,2851
3,1565,2853,1569
3,1541,1543,399,1563,1549,2423,1545,1568,2422,2424,1553,1557,1561,1555,1566,1551,1559,398,2421,1547
3,1581,1583,2861,1586
3,1588,2863,1584
3,1576,1582,1580,2425,1585,1587,1574,2428,2427,1572,1578,1570,401,2426,402
3,1617,2871,1614,1612
3,1615,1619,2873
3,1601,1595,405,1591,1605,2432,1609,1603,1616,1599,1618,1593,1597,1613,1589,1611,2429,2430,404,2431,1607
3,2881,1633,1638,1635
3,1640,1636,2883
3,1630,1634,407,1632,1639,408,2433,1624,1620,1626,2435,1628,1637,2436,2434,1622
3,1657,1654,1652,2891
3,1655,1659,2893
3,2438,2437,1641,410,1643,1649,2439,411,1656,1645,1653,2440,1647,1658,1651
3,1688,2901,1685,1683
3,2903,1686,1690
3,1664,1668,1687,1670,2444,414,1672,1682,1676,2443,1674,1689,2442,1660,2441,1680,1662,1678,413,1684,1666
3,2911,1704,1709,1706
3,2913,1707,1711
3,416,1708,1710,1693,1697,1701,1705,1703,1699,417,2445,2448,2446,1695,2447,1691
3,1741,1744,2921,1739
3,1742,1746,2923
3,1738,1732,1730,1712,1743,1726,419,1718,420,1736,2451,1724,1722,1714,2450,1720,1728,1734,2452,2449,1716,1745,1740
3,1781,1776,2931,1778
3,1779,2933,1783
3,1757,1769,1761,1771,423,1759,2454,2455,1755,1777,1747,1765,1749,1753,2453,1763,2456,1773,1780,1782,1767,1775,1751,422
3,2941,1795,1793,1798
3,1800,2943,1796
3,1784,1790,426,1799,2459,1794,2460,2458,1786,2457,1797,425,1792,1788
3,1824,1827,2951,1822
3,1829,2953,1825
3,2461,1807,2463,1803,1813,1819,1811,1805,1801,429,2464,1826,1823,428,1809,2462,1828,1815,1821,1817
3,1850,1845,1847,2961
3,1848,1852,2963
3,2466,1836,1842,2467,431,1849,1840,1838,1844,432,2468,2465,1830,1832,1851,1834,1846
3,1874,1879,2971,1876
3,2973,1877,1881
3,1853,1865,1871,1878,435,2470,2471,1855,1867,1880,1869,1859,2472,434,2469,1857,1875,1863,1861,1873
3,1899,1897,1902,2981
3,1904,2983,1900
3,1886,1896,1884,1890,437,2476,2473,1898,1894,1903,1882,2474,1888,1892,1901,438,2475
3,1914,2991,1916,1919
3,2993,1921,1917
3,2480,441,1909,2479,1905,1920,2477,440,1918,2478,1915,1907,1913,1911
3,3001,1935,1933,1938
3,1940,1936,3003
3,444,2483,2481,1926,1928,1932,2484,1934,1937,1939,1930,1924,443,2482,1922
3,3011,1964,1969,1966
3,3013,1967,1971
3,1941,2485,2486,1963,1961,1955,1951,2487,1945,446,447,1970,1943,1947,2488,1968,1949,1965,1953,1959,1957
3,1983,3021,1988,1985
3,3023,1990,1986
3,449,1976,1972,1987,2492,1980,2490,1982,1989,1984,1974,450,1978,2491,2489
3,3031,2006,2004,2009
3,3033,2007,2011
3,2003,2496,2005,1995,2493,2001,453,1999,2494,1991,2008,2495,1993,1997,452,2010
3,3041,2032,2029,2027
3,2030,2034,3043
3,2018,2012,456,2022,2026,2033,2014,2031,2020,2016,2024,2028,2500,2498,2497,455,2499
3,2056,2059,3051,2054
3,2061,3053,2057
3,458,2503,2504,2041,2039,2502,2049,2047,459,2037,2501,2043,2060,2055,2058,2053,2051,2045,2035
3,2082,2077,2079,3061
3,2080,2084,3063
3,2506,2066,2083,2508,2064,462,2076,2505,2078,2507,2062,2070,2081,2074,2068,2072,461
3,2102,2107,2104,3071
3,3073,2105,2109
3,2509,2087,2097,2093,464,2089,2095,465,2512,2103,2101,2085,2510,2108,2511,2091,2099,2106
3,2131,2129,2134,3081
3,2136,3083,2132
3,467,2513,468,2110,2130,2514,2118,2124,2120,2114,2133,2122,2135,2126,2116,2112,2128,2515,2516
3,2148,2146,2151,3091
3,2153,3093,2149
3,2147,2143,2518,470,2141,2150,2517,2152,2137,471,2139,2519,2520,2145
3,2174,3101,2169,2171
3,3103,2172,2176
3,2524,2168,2170,2156,2160,2162,2154,2173,2521,2158,2164,474,473,2175,2522,2523,2166
3,2188,2190,2193,3111
3,3113,2195,2191
3,476,2181,2527,2194,477,2192,2528,2187,2185,2189,2183,2526,2179,2525,2177
3,2213,2215,3121,2218
3,2220,3123,2216
3,2219,2202,479,2210,2530,2531,2217,2206,2529,2212,2214,2196,2200,2198,2208,2532,480,2204
3,2228,3131,2230,2233
3,2231,2235,3133
3,2533,2232,2229,482,2223,2534,2234,2221,2536,2227,483,2225,2535
3,2249,2251,2254,3141
3,2252,2256,3143
3,486,2240,2250,2246,2539,2244,2236,2253,2538,2238,2540,485,2248,2255,2537,2242
3,2273,2270,3151,2268
3,2271,3153,2275
3,2274,2257,2269,2542,488,2265,2543,2259,2544,2267,2541,2272,489,2261,2263
3,2282,3161,2279,2286
3,2288,2281,3163
3,2284,3156,2277,3158
3,2278,493,2280,491,2283,492,2285,2547,2287,2546,2545,2548,2276
4,496
4,497
4
4,499
4
4,501
4
4,503
4
4,505
4,506
4
4,508
4
4,510
4
4,512
4
4,514
4
4,516
4
4,518
4
4,520
4,521
4
4,523
4
4,525
4
4,527
4
4,529
4
4,531
4
4,533
4,534
4
4,536
4
4,538
4
4,540
4
4,542
4
4,544
4
4,546
4
4,548
4
4,550
4
4,552
4
4,554
4,555
4
4,557
4
4,559
4
4,561
4
4,563
4
4,565
4
4,567
4
4,569
4,570
4
4,572
4
4,574
4
4,576
4
4,578
4
4,580
4
4,582
4
4,584
4,585
4
4,587
4
4,589
4
4,591
4
4,593
4
4,595
4
4,597
4
4,599
4
4,601
4,602
4
4,604
4
4,606
4
4,608
4
4,610
4
4,612
4
4,614
4
4,616
4
4,618
4,619
4
4,621
4
4,623
4
4,625
4
4,627
4,628
4
4,630
4
4,632
4
4,634
4
4,636
4
4,638
4
4,640
4,641
4
4,643
4
4,645
4
4,647
4
4,649
4
4,651
4
4,653
4
4,655
4,656
4
4,658
4
4,660
4
4,662
4
4,664
4
4,666
4
4,668
4,669
4
4,671
4
4,673
4
4,675
4
4,677
4
4,679
4
4,681
4,682
4
4,684
4
4,686
4
4,688
4
4,690
4
4,692
4
4,694
4
4,696
4
4,698
4,699
4
4,701
4
4,703
4
4,705
4
4,707
4
4,709
4
4,711
4,712
4
4,714
4
4,716
4
4,718
4
4,720
4
4,722
4,723
4
4,725
4
4,727
4
4,729
4
4,731
4
4,733
4
4,735
4
4,737
4,738
4
4,740
4
4,742
4
4,744
4,745
4
4,747
4
4,749
4
4,751
4
4,753
4
4,755
4,756
4
4,758
4
4,760
4
4,762
4
4,764
4
4,766
4,767
4
4,769
4
4,771
4
4,773
4
4,775
4
4,777
4
4,779
4
4,781
4,782
4
4,784
4
4,786
4
4,788
4
4,790
4
4,792
4
4,794
4,795
4
4,797
4
4,799
4
4,801
4
4,803
4
4,805
4,806
4
4,808
4
4,810
4
4,812
4
4,814
4
4,816
4
4,818
4
4,820
4
4,822
4
4,824
4,825
4
4,827
4
4,829
4
4,831
4
4,833
4,834
4
4,836
4
4,838
4
4,840
4
4,842
4,843
4
4,845
4
4,847
4
4,849
4
4,851
4
4,853
4
4,855
4
4,857
4
4,859
4
4,861
4,862
4
4,864
4
4,866
4
4,868
4
4,870
4
4,872
4
4,874
4
4,876
4,877
4
4,879
4
4,881
4
4,883
4
4,885
4
4,887
4,888
4
4,890
4
4,892
4
4,894
4
4,896
4
4,898
4
4,900
4
4,902
4,903
4
4,905
4
4,907
4
4,909
4
4,911
4
4,913
4,914
4
4,916
4
4,918
4
4,920
4
4,922
4,923
4
4,925
4
4,927
4
4,929
4
4,931
4
4,933
4
4,935
4,936
4
4,938
4
4,940
4
4,942
4
4,944
4
4,946
4
4,948
4,949
4
4,951
4
4,953
4
4,955
4
4,957
4
4,959
4
4,961
4,962
4
4,964
4
4,966
4
4,968
4,969
4
4,971
4
4,973
4
4,975
4
4,977
4,978
4
4,980
4
4,982
4
4,984
4
4,986
4
4,988
4
4,990
4
4,992
4,993
4
4,995
4
4,997
4
4,999
4
4,1001
4,1002
4
4,1004
4
4,1006
4
4,1008
4,1009
4
4,1011
4
4,1013
4
4,1015
4
4,1017
4
4,1019
4
4,1021
4
4,1023
4,1024
4
4,1026
4
4,1028
4
4,1030
4,1031
4
4,1033
4
4,1035
4
4,1037
4
4,1039
4
4,1041
4,1042
4
4,1044
4
4,1046
4,1047
4
4,1049
4
4,1051
4
4,1053
4
4,1055
4,1056
4
4,1058
4
4,1060
4,1061
4
4,1063
4
4,1065
4
4,1067
4,1068
4
4,1070
4
4,1072
4,1073
4
4,1075
4
4,1077
4
4,1079
4
4,1081
4
4,1083
4,1084
4
4,1086
4
4,1088
4
4,1090
4,1091
4
4,1093
4
4,1095
4
4,1097
4
4,1099
4,1100
4
4,1102
4
4,1104
4,1105
4
4,1107
4
4,1109
4,1110
4
4,1112
4
4,1114
4
4,1116
4
4,1118
4,1119
4
4,1121
4
4,1123
4,1124
4
4,1126
4
4,1128
4
4,1130
4
4,1132
4,1133
4
4,1135
4
4,1137
4,1138
4
4,1140
4
4,1142
4,1143
4
4,1145
4
4,1147
4,1148
4
4,1150
4
4,1152
4
4,1154
4,1155
4
4,1157
4
4,1159
4,1160
4
4,1162
4
4,1164
4
4,1166
4
4,1168
4,1169
4
4,1171
4
4,1173
4,1174
4
4,1176
4
4,1178
4,1179
4
4,1181
4
4,1183
4,1184
4
4,1186
4
4,1188
4
4,1190
4,1191
4
4,1193
4
4,1195
4
4,1197
4
4,1199
4,1200
4
4,1202
4
4,1204
4,1205
4
4,1207
4
4,1209
4
4,1211
4
4,1213
4
4,1215
4
4,1217
4
4,1219
4
4,1221
4
4,1223
4,1224
4
4,1226
4
4,1228
4
4,1230
4
4,1232
4
4,1234
4
4,1236
4,1237
4
4,1239
4
4,1241
4
4,1243
4
4,1245
4
4,1247
4
4,1249
4
4,1251
4
4,1253
4
4,1255
4,1256
4
4,1258
4
4,1260
4
4,1262
4
4,1264
4
4,1266
4
4,1268
4
4,1270
4
4,1272
4
4,1274
4,1275
4
4,1277
4
4,1279
4
4,1281
4
4,1283
4
4,1285
4
4,1287
4
4,1289
4
4,1291
4
4,1293
4,1294
4
4,1296
4
4,1298
4
4,1300
4
4,1302
4
4,1304
4
4,1306
4
4,1308
4
4,1310
4,1311
4
4,1313
4
4,1315
4
4,1317
4
4,1319
4
4,1321
4
4,1323
4
4,1325
4
4,1327
4
4,1329
4
4,1331
4
4,1333
4
4,1335
4,1336
4
4,1338
4
4,1340
4
4,1342
4
4,1344
4
4,1346
4
4,1348
4
4,1350
4
4,1352
4
4,1354
4
4,1356
4,1357
4
4,1359
4
4,1361
4
4,1363
4
4,1365
4
4,1367
4
4,1369
4
4,1371
4,1372
4
4,1374
4
4,1376
4
4,1378
4
4,1380
4
4,1382
4
4,1384
4
4,1386
4
4,1388
4
4,1390
4,1391
4
4,1393
4
4,1395
4
4,1397
4
4,1399
4
4,1401
4
4,1403
4
4,1405
4
4,1407
4
4,1409
4
4,1411
4
4,1413
4
4,1415
4,1416
4
4,1418
4
4,1420
4
4,1422
4
4,1424
4
4,1426
4
4,1428
4
4,1430
4
4,1432
4
4,1434
4
4,1436
4
4,1438
4
4,1440
4,1441
4
4,1443
4
4,1445
4
4,1447
4
4,1449
4
4,1451
4
4,1453
4
4,1455
4
4,1457
4
4,1459
4,1460
4
4,1462
4
4,1464
4
4,1466
4
4,1468
4
4,1470
4
4,1472
4,1473
4
4,1475
4
4,1477
4
4,1479
4
4,1481
4
4,1483
4
4,1485
4
4,1487
4
4,1489
4,1490
4
4,1492
4
4,1494
4
4,1496
4
4,1498
4
4,1500
4
4,1502
4
4,1504
4
4,1506
4
4,1508
4
4,1510
4
4,1512
4,1513
4
4,1515
4
4,1517
4
4,1519
4
4,1521
4
4,1523
4
4,1525
4
4,1527
4
4,1529
4
4,1531
4
4,1533
4
4,1535
4,1536
4
4,1538
4
4,1540
4
4,1542
4
4,1544
4
4,1546
4
4,1548
4
4,1550
4
4,1552
4
4,1554
4
4,1556
4
4,1558
4
4,1560
4
4,1562
4
4,1564
4,1565
4
4,1567
4
4,1569
4
4,1571
4
4,1573
4
4,1575
4
4,1577
4
4,1579
4
4,1581
4
4,1583
4,1584
4
4,1586
4
4,1588
4
4,1590
4
4,1592
4
4,1594
4
4,1596
4
4,1598
4
4,1600
4
4,1602
4
4,1604
4
4,1606
4
4,1608
4
4,1610
4
4,1612
4
4,1614
4,1615
4
4,1617
4
4,1619
4
4,1621
4
4,1623
4
4,1625
4
4,1627
4
4,1629
4
4,1631
4
4,1633
4
4,1635
4,1636
4
4,1638
4
4,1640
4
4,1642
4
4,1644
4
4,1646
4
4,1648
4
4,1650
4
4,1652
4
4,1654
4,1655
4
4,1657
4
4,1659
4
4,1661
4
4,1663
4
4,1665
4
4,1667
4
4,1669
4
4,1671
4
4,1673
4
4,1675
4
4,1677
4
4,1679
4
4,1681
4
4,1683
4
4,1685
4,1686
4
4,1688
4
4,1690
4
4,1692
4
4,1694
4
4,1696
4
4,1698
4
4,1700
4
4,1702
4
4,1704
4
4,1706
4,1707
4
4,1709
4
4,1711
4
4,1713
4
4,1715
4
4,1717
4
4,1719
4
4,1721
4
4,1723
4
4,1725
4
4,1727
4
4,1729
4
4,1731
4
4,1733
4
4,1735
4
4,1737
4
4,1739
4
4,1741
4,1742
4
4,1744
4
4,1746
4
4,1748
4
4,1750
4
4,1752
4
4,1754
4
4,1756
4
4,1758
4
4,1760
4
4,1762
4
4,1764
4
4,1766
4
4,1768
4
4,1770
4
4,1772
4
4,1774
4
4,1776
4
4,1778
4,1779
4
4,1781
4
4,1783
4
4,1785
4
4,1787
4
4,1789
4
4,1791
4
4,1793
4
4,1795
4,1796
4
4,1798
4
4,1800
4
4,1802
4
4,1804
4
4,1806
4
4,1808
4
4,1810
4
4,1812
4
4,1814
4
4,1816
4
4,1818
4
4,1820
4
4,1822
4
4,1824
4,1825
4
4,1827
4
4,1829
4
4,1831
4
4,1833
4
4,1835
4
4,1837
4
4,1839
4
4,1841
4
4,1843
4
4,1845
4
4,1847
4,1848
4
4,1850
4
4,1852
4
4,1854
4
4,1856
4
4,1858
4
4,1860
4
4,1862
4
4,1864
4
4,1866
4
4,1868
4
4,1870
4
4,1872
4
4,1874
4
4,1876
4,1877
4
4,1879
4
4,1881
4
4,1883
4
4,1885
4
4,1887
4
4,1889
4
4,1891
4
4,1893
4
4,1895
4
4,1897
4
4,1899
4,1900
4
4,1902
4
4,1904
4
4,1906
4
4,1908
4
4,1910
4
4,1912
4
4,1914
4
4,1916
4,1917
4
4,1919
4
4,1921
4
4,1923
4
4,1925
4
4,1927
4
4,1929
4
4,1931
4
4,1933
4
4,1935
4,1936
4
4,1938
4
4,1940
4
4,1942
4
4,1944
4
4,1946
4
4,1948
4
4,1950
4
4,1952
4
4,1954
4
4,1956
4
4,1958
4
4,1960
4
4,1962
4
4,1964
4
4,1966
4,1967
4
4,1969
4
4,1971
4
4,1973
4
4,1975
4
4,1977
4
4,1979
4
4,1981
4
4,1983
4
4,1985
4,1986
4
4,1988
4
4,1990
4
4,1992
4
4,1994
4
4,1996
4
4,1998
4
4,2000
4
4,2002
4
4,2004
4
4,2006
4,2007
4
4,2009
4
4,2011
4
4,2013
4
4,2015
4
4,2017
4
4,2019
4
4,2021
4
4,2023
4
4,2025
4
4,2027
4
4,2029
4,2030
4
4,2032
4
4,2034
4
4,2036
4
4,2038
4
4,2040
4
4,2042
4
4,2044
4
4,2046
4
4,2048
4
4,2050
4
4,2052
4
4,2054
4
4,2056
4,2057
4
4,2059
4
4,2061
4
4,2063
4
4,2065
4
4,2067
4
4,2069
4
4,2071
4
4,2073
4
4,2075
4
4,2077
4
4,2079
4,2080
4
4,2082
4
4,2084
4
4,2086
4
4,2088
4
4,2090
4
4,2092
4
4,2094
4
4,2096
4
4,2098
4
4,2100
4
4,2102
4
4,2104
4,2105
4
4,2107
4
4,2109
4
4,2111
4
4,2113
4
4,2115
4
4,2117
4
4,2119
4
4,2121
4
4,2123
4
4,2125
4
4,2127
4
4,2129
4
4,2131
4,2132
4
4,2134
4
4,2136
4
4,2138
4
4,2140
4
4,2142
4
4,2144
4
4,2146
4
4,2148
4,2149
4
4,2151
4
4,2153
4
4,2155
4
4,2157
4
4,2159
4
4,2161
4
4,2163
4
4,2165
4
4,2167
4
4,2169
4
4,2171
4,2172
4
4,2174
4
4,2176
4
4,2178
4
4,2180
4
4,2182
4
4,2184
4
4,2186
4
4,2188
4
4,2190
4,2191
4
4,2193
4
4,2195
4
4,2197
4
4,2199
4
4,2201
4
4,2203
4
4,2205
4
4,2207
4
4,2209
4
4,2211
4
4,2213
4
4,2215
4,2216
4
4,2218
4
4,2220
4
4,2222
4
4,2224
4
4,2226
4
4,2228
4
4,2230
4,2231
4
4,2233
4
4,2235
4
4,2237
4
4,2239
4
4,2241
4
4,2243
4
4,2245
4
4,2247
4
4,2249
4
4,2251
4,2252
4
4,2254
4
4,2256
4
4,2258
4
4,2260
4
4,2262
4
4,2264
4
4,2266
4
4,2268
4
4,2270
4,2271
4
4,2273
4
4,2275
4
4,2277
4
4,2279
4
4,2281
4,2282
4
4,2284
4
4,2286
4
4,2288
4
5,2549
5,2551
5,2553
5,2555
5,2557
5,2559
5,2561
5,2563
5,2565
5,2567
5,2569
5,2571
5,2573
5,2575
5,2577
5,2579
5,2581
5,2583
5,2585
5,2587
5,2589
5,2591
5,2593
5,2595
5,2597
5,2599
5,2601
5,2603
5,2605
5,2607
5,2609
5,2611
5,2613
5,2615
5,2617
5,2619
5,2621
5,2623
5,2625
5,2627
5,2629
5,2631
5,2633
5,2635
5,2637
5,2639
5,2641
5,2643
5,2645
5,2647
5,2649
5,2651
5,2653
5,2655
5,2657
5,2659
5,2661
5,2663
5,2665
5,2667
5,2669
5,2671
5,2673
5,2675
5,2677
5,2679
5,2681
5,2683
5,2685
5,2687
5,2689
5,2692
5,2694
5,2697
5,2699
5,2702
5,2704
5,2707
5,2709
5,2712
5,2714
5,2717
5,2719
5,2722
5,2724
5,2727
5,2729
5,2732
5,2734
5,2737
5,2739
5,2742
5,2744
5,2747
5,2749
5,2752
5,2754
5,2757
5,2759
5,2762
5,2764
5,2767
5,2769
5,2772
5,2774
5,2777
5,2779
5,2782
5,2784
5,2787
5,2789
5,2792
5,2794
5,2797
5,2799
5,2802
5,2804
5,2807
5,2809
5,2812
5,2814
5,2817
5,2819
5,2822
5,2824
5,2827
5,2829
5,2832
5,2834
5,2837
5,2839
5,2842
5,2844
5,2847
5,2849
5,2852
5,2854
5,2857
5,2859
5,2862
5,2864
5,2867
5,2869
5,2872
5,2874
5,2877
5,2879
5,2882
5,2884
5,2887
5,2889
5,2892
5,2894
5,2897
5,2899
5,2902
5,2904
5,2907
5,2909
5,2912
5,2914
5,2917
5,2919
5,2922
5,2924
5,2927
5,2929
5,2932
5,2934
5,2937
5,2939
5,2942
5,2944
5,2947
5,2949
5,2952
5,2954
5,2957
5,2959
5,2962
5,2964
5,2967
5,2969
5,2972
5,2974
5,2977
5,2979
5,2982
5,2984
5,2987
5,2989
5,2992
5,2994
5,2997
5,2999
5,3002
5,3004
5,3007
5,3009
5,3012
5,3014
5,3017
5,3019
5,3022
5,3024
5,3027
5,3029
5,3032
5,3034
5,3037
5,3039
5,3042
5,3044
5,3047
5,3049
5,3052
5,3054
5,3057
5,3059
5,3062
5,3064
5,3067
5,3069
5,3072
5,3074
5,3077
5,3079
5,3082
5,3084
5,3087
5,3089
5,3092
5,3094
5,3097
5,3099
5,3102
5,3104
5,3107
5,3109
5,3112
5,3114
5,3117
5,3119
5,3122
5,3124
5,3127
5,3129
5,3132
5,3134
5,3137
5,3139
5,3142
5,3144
5,3147
5,3149
5,3152
5,3154
5,3157
5,3159
5,3162
6,2550
6
6,2552
6
6,2554
6
6,2556
6
6,2558
6
6,2560
6
6,2562
6
6,2564
6
6,2566
6
6,2568
6
6,2570
6
6,2572
6
6,2574
6
6,2576
6
6,2578
6
6,2580
6
6,2582
6
6,2584
6
6,2586
6
6,2588
6
6,2590
6
6,2592
6
6,2594
6
6,2596
6
6,2598
6
6,2600
6
6,2602
6
6,2604
6
6,2606
6
6,2608
6
6,2610
6
6,2612
6
6,2614
6
6,2616
6
6,2618
6
6,2620
6
6,2622
6
6,2624
6
6,2626
6
6,2628
6
6,2630
6
6,2632
6
6,2634
6
6,2636
6
6,2638
6
6,2640
6
6,2642
6
6,2644
6
6,2646
6
6,2648
6
6,2650
6
6,2652
6
6,2654
6
6,2656
6
6,2658
6
6,2660
6
6,2662
6
6,2664
6
6,2666
6
6,2668
6
6,2670
6
6,2672
6
6,2674
6
6,2676
6
6,2678
6
6,2680
6
6,2682
6
6,2684
6
6,2686
6
6,2688
6
6,2690
6,2691
6
6,2693
6
6,2695
6,2696
6
6,2698
6
6,2700
6,2701
6
6,2703
6
6,2705
6,2706
6
6,2708
6
6,2710
6,2711
6
6,2713
6
6,2715
6,2716
6
6,2718
6
6,2720
6,2721
6
6,2723
6
6,2725
6,2726
6
6,2728
6
6,2730
6,2731
6
6,2733
6
6,2735
6,2736
6
6,2738
6
6,2740
6,2741
6
6,2743
6
6,2745
6,2746
6
6,2748
6
6,2750
6,2751
6
6,2753
6
6,2755
6,2756
6
6,2758
6
6,2760
6,2761
6
6,2763
6
6,2765
6,2766
6
6,2768
6
6,2770
6,2771
6
6,2773
6
6,2775
6,2776
6
6,2778
6
6,2780
6,2781
6
6,2783
6
6,2785
6,2786
6
6,2788
6
6,2790
6,2791
6
6,2793
6
6,2795
6,2796
6
6,2798
6
6,2800
6,2801
6
6,2803
6
6,2805
6,2806
6
6,2808
6
6,2810
6,2811
6
6,2813
6
6,2815
6,2816
6
6,2818
6
6,2820
6,2821
6
6,2823
6
6,2825
6,2826
6
6,2828
6
6,2830
6,2831
6
6,2833
6
6,2835
6,2836
6
6,2838
6
6,2840
6,2841
6
6,2843
6
6,2845
6,2846
6
6,2848
6
6,2850
6,2851
6
6,2853
6
6,2855
6,2856
6
6,2858
6
6,2860
6,2861
6
6,2863
6
6,2865
6,2866
6
6,2868
6
6,2870
6,2871
6
6,2873
6
6,2875
6,2876
6
6,2878
6
6,2880
6,2881
6
6,2883
6
6,2885
6,2886
6
6,2888
6
6,2890
6,2891
6
6,2893
6
6,2895
6,2896
6
6,2898
6
6,2900
6,2901
6
6,2903
6
6,2905
6,2906
6
6,2908
6
6,2910
6,2911
6
6,2913
6
6,2915
6,2916
6
6,2918
6
6,2920
6,2921
6
6,2923
6
6,2925
6,2926
6
6,2928
6
6,2930
6,2931
6
6,2933
6
6,2935
6,2936
6
6,2938
6
6,2940
6,2941
6
6,2943
6
6,2945
6,2946
6
6,2948
6
6,2950
6,2951
6
6,2953
6
6,2955
6,2956
6
6,2958
6
6,2960
6,2961
6
6,2963
6
6,2965
6,2966
6
6,2968
6
6,2970
6,2971
6
6,2973
6
6,2975
6,2976
6
6,2978
6
6,2980
6,2981
6
6,2983
6
6,2985
6,2986
6
6,2988
6
6,2990
6,2991
6
6,2993
6
6,2995
6,2996
6
6,2998
6
6,3000
6,3001
6
6,3003
6
6,3005
6,3006
6
6,3008
6
6,3010
6,3011
6
6,3013
6
6,3015
6,3016
6
6,3018
6
6,3020
6,3021
6
6,3023
6
6,3025
6,3026
6
6,3028
6
6,3030
6,3031
6
6,3033
6
6,3035
6,3036
6
6,3038
6
6,3040
6,3041
6
6,3043
6
6,3045
6,3046
6
6,3048
6
6,3050
6,3051
6
6,3053
6
6,3055
6,3056
6
6,3058
6
6,3060
6,3061
6
6,3063
6
6,3065
6,3066
6
6,3068
6
6,3070
6,3071
6
6,3073
6
6,3075
6,3076
6
6,3078
6
6,3080
6,3081
6
6,3083
6
6,3085
6,3086
6
6,3088
6
6,3090
6,3091
6
6,3093
6
6,3095
6,3096
6
6,3098
6
6,3100
6,3101
6
6,3103
6
6,3105
6,3106
6
6,3108
6
6,3110
6,3111
6
6,3113
6
6,3115
6,3116
6
6,3118
6
6,3120
6,3121
6
6,3123
6
6,3125
6,3126
6
6,3128
6
6,3130
6,3131
6
6,3133
6
6,3135
6,3136
6
6,3138
6
6,3140
6,3141
6
6,3143
6
6,3145
6,3146
6
6,3148
6
6,3150
6,3151
6
6,3153
6
6,3155
6,3156
6
6,3158
6
6,3160
6,3161
6
6,3163
6
14,187,3175
12
12,2162,1734,1811,1855,2659,2164,1751,1693,2647,1501,1269,1168,1351,2561,2553,1250,2114,1328,1722,1090,2563,1345,1716,2014,2066,2265,737,1807,2097,1528,2587,2653,2681,2671,2577,1755,1628,1505,2661,1884,1974,1322,794,1159,1303,2575,1609,833,1400,2639,1178,1286,1769,1282,554,1773,2051,1467,1410,2091,1626,1763,1406,1267,1530,1132,1041,1672,2581,922,1503,2663,948,1676,1265,755,1429,2160,655,1549,2629,2557,2240,1599,1597,2124,1284,1678,1832,1907,1664,668,1030,1765,2597,2595,1402,1578,1246,1083,1603,1980,1909,1349,2047,2181,2631,1381,1347,1926,1199,2024,2179,1622,1109,2621,2246,2599,1771,1834,1836,2633,1869,1147,2589,1595,711,1959,1761,1288,1957,1997,1803,1649,1924,569,1118,1435,1724,1861,2116,1364,1714,1326,902,2567,1244,1838,2655,2673,2225,1433,2619,2099,2263,887,1819,2112,1522,2158,1431,842,1204,2202,2022,2601,1757,2669,1695,1547,2651,1379,1701,1301,1398,1173,1343,1183,1454,2569,1593,1865,618,2118,2685,2635,2122,1499,2185,1786,2089,1425,2238,2623,1951,1767,1484,876,1945,1008,2613,1697,2126,1553,2549,2675,1840,1524,2611,1385,1591,2242,2120,1643,1497,1859,1699,2139,1223,2183,1482,1680,1726,2583,2679,1305,1572,533,2625,2087,1759,1559,805,2573,1320,1949,2551,1961,1732,2223,1555,1749,1557,1674,2064,1867,2074,2208,2615,2649,1662,977,1670,2018,1137,1576,2001,2579,2571,1545,2204,961,1999,1947,2605,2143,2259,968,1123,1427,2156,2565,1718,1330,681,1666,781,2559,2070,1154,1955,2593,744,1263,2645,1142,2677,520,1001,1890,1104,1448,2072,1993,1809,1605,2166,1978,913,1408,935,2016,2643,2627,2591,1551,2657,1892,2045,1607,1930,2603,496,2141,1730,1452,1543,1099,824,2206,1720,1815,2244,1928,1450,1630,1366,1023,861,1520,1248,1324,1055,1072,2093,584,2095,1953,2667,1480,1728,1886,2198,2585,1911,2049,1871,1574,1995,1842,1624,1888,1863,2607,1647,1190,2037,1805,1790,1976,2555,2039,2641,1668,766,1857,2200,601,1060,2665,698,2609,1046,1404,1736,2637,1645,1894,1423,2020,992,2687,1526,627,1788,722,1943,1601,505,1507,2617,2210,2043,1067,1753,1318,2683,1817,1383,2261,2041,2068,640,1813
12,1653,1439,1613,1875,1563,1684,1309,2028,1634,1235,1511,1292,1471,2280,2005,2147,2130,1534,1898,1777,1488,1389,1934,2269,1458,1794,2103,2189,2214,2055,2250,2078,1915,1984,1965,2229,1355,1846,1823,1273,1334,1705,1582,1254,1414,1740,1370,2170
12,3027,2877,2697,190,226,204,2757,194,2727,2737,192,2837,3067,234,238,3047,3037,2927,2867,202,248,258,198,268,250,2787,240,2857,2717,216,2997,206,222,3117,220,188,224,2817,256,272,3077,2917,254,3127,2707,2957,3087,252,2887,196,276,2967,2777,2897,218,244,2807,210,274,2947,2767,2987,260,246,266,3097,270,3137,214,230,200,3017,242,2747,2907,2847,2827,212,236,3007,278,3107,262,3057,228,3147,232,2797,2937,264,2977,208
12,3060,2076,2962,2810,2930,2832,2872,2790,3062,1932,3092,2972,2892,3072,2780,2842,1486,2730,3012,1437,2942,3122,2882,2053,2248,2902,2187,2950,2890,2992,1821,1290,3022,2862,2770,3030,1561,1632,1509,2840,1738,1651,3040,2802,1703,2900,3142,1611,3090,3152,2722,2128,3070,2822,2990,1792,1368,1873,1963,2830,2782,2278,2772,2920,1469,2922,2912,2870,3160,3112,3120,1252,2852,2752,2168,3042,2101,2850,2860,2932,2212,2145,2732,3080,2982,2820,3050,3032,2812,2960,1353,1982,1844,1387,3020,3150,2690,3132,2792,1775,2702,2026,2760,3162,3000,2227,1233,3110,1913,3140,1896,2740,2952,2910,2712,2940,2762,1412,2267,3102,2750,3082,2880,3052,1580,1456,1532,2710,1307,2742,2003,2980,3010,3100,2720,3002,3130,2800,2970,1332,1682,1271,2692,2700
12,1027,752,609,1087,1025,581,1316,873,904,665,635,537,1064,1541,748,2035,695,702,1180,547,564,1495,1038,652,1020,1111,590,1120,642,1465,1620,1991,994,871,2085,2715,657,1712,522,577,2865,1115,1018,500,543,507,539,880,937,770,663,928,588,884,952,730,513,2177,566,2945,972,1201,2735,772,854,807,607,2805,757,1194,895,1034,2154,1094,1518,878,741,648,556,1660,746,715,524,2955,1062,856,545,2935,2745,1227,2775,867,1127,586,943,605,3055,987,763,558,839,1362,517,2137,1057,1192,2925,869,2965,1092,2895,3035,551,3075,1032,1043,1106,1113,989,1156,774,1048,1170,811,2985,1175,761,1185,800,596,983,646,724,1377,2875,809,908,615,528,796,798,979,915,1014,2062,1012,1853,3145,678,661,526,3085,1208,813,1691,1396,1139,1261,768,575,2785,802,674,985,893,970,633,562,1214,650,706,560,622,2755,728,541,1101,2196,815,2705,941,1830,852,1085,3025,1212,1052,891,1747,1076,2221,713,3105,1421,819,974,676,1589,930,734,1478,719,830,759,1784,2110,571,787,1149,1218,1242,750,620,1229,613,950,598,1570,783,515,2915,998,3045,2885,1129,889,828,708,2825,1151,592,846,3157,863,594,2725,659,535,2995,1005,1882,899,919,791,3065,1074,3135,670,2845,835,511,2835,689,683,882,2905,1231,502,624,821,1905,3115,1941,3095,1341,644,726,672,2975,693,1210,1016,629,611,1134,3005,3125,685,958,1125,1080,981,1165,1220,2815,906,1225,1010,932,817,2012,858,924,1096,631,603,1187,1446,789,1922,573,2765,3015,509,844,1163,865,848,965,1078,954,717,1069,1216,2257,2855,897,732,1050,2795,704,785,739,1972,579,2695,917,549,2236,939,1003,1144,1641,1206,910,996,956,1196,837,1161,637,945,926,1036,687,1280,963,1299,850,826,691,1801,530,778,776,700,498
12,1639,1476,2175,1537,2031,2133,1618,2106,1375,2274,1566,1918,2010,1276,1903,1339,1394,1880,1442,2234,1658,2135,2232,1828,2081,1392,1797,2152,1461,1989,2255,1295,1444,1616,1417,1493,2083,1708,2219,1419,1937,1920,1637,1849,2272,2217,1799,1687,1780,1539,2192,1987,1514,1743,1360,1491,1968,2060,1238,1585,1939,2033,1710,1312,1970,1745,1851,2108,2253,2008,2194,1656,1689,1568,2287,1474,1259,1297,1463,1878,1826,1782,1358,1337,1373,1314,1587,1257,1901,1240,1278,2058,2285,2173,1516,2150
12,2283
12
12,3155,2276
7,3176
15