0
0
0
0
0
0
0
0
0
0
0
0
0
0
0
0
0
0
0
0
0
0
0
0
0
0
0
0
0
0,401,1002,241,330,323,75,1000
0,257,1012,93,1010,418,377,364,339,386
0,341,250,439,388,259,95,1020,1022,366
0,279,1032,266,1030,460,97
0,475,1040,99,268,252,1042
0,490,1052,310,101,261,1050,294
0,103,1062,296,270,507,1060
0,312,522,1072,105,1070
0,1082,107,281,535,1080,314
0,1090,109,550,303,1092
0,316,1100,563,111,1102
0,576,1110,77,346,1112
0,243,1122,589,1120,113
0,1132,283,602,1130,115,305
0,617,117,1142,285,1140
0,1152,119,357,1150,630
0,121,1162,1160,643,287
0,1170,656,325,1172,123
0,1180,669,1182,125,318
0,1192,390,1190,127,682
0,1202,129,289,1200,695
0,79,1210,371,332,1212,348,708
0,1222,81,334,725,1220
0,738,83,1230,353,1232
0,751,85,1240,1242,373
0,301,1250,1252,764,87
0,1262,362,89,355,248,1260,275,777,382
0,277,384,1272,91,1270,375,798
0,403,962,591,239
0,447,246,477,964,785
0,966,428,492,255,449
0,264,479,462,509,968
0,697,970,537,604,787,464,619,804,645,273
0,494,292,972,511
0,606,766,552,299,974
0,671,539,524,496,976,308,565
0,405,978,321,658
0,710,980,727,328,407
0,982,337,441,420
0,344,712,984,578
0,632,986,779,740,351
0,781,422,443,360,988
0,800,714,369,990,424,753
0,684,992,380,445,783,426,802
1,1300
2,75
2
2,77
2
2,79
2
2,81
2
2,83
2
2,85
2
2,87
2
2,89
2
2,91
2
2,93
2
2,95
2
2,97
2
2,99
2
2,101
2
2,103
2
2,105
2
2,107
2
2,109
2
2,111
2
2,113
2
2,115
2
2,117
2
2,119
2
2,121
2
2,123
2
2,125
2
2,127
2
2,129
2
3,242,827,237,240
3,249,251,247,244,828
3,253,256,258,260,829
3,830,269,267,262,265
3,286,282,276,274,288,271,284,280,278,831
3,290,832,293,295
3,297,833,302,300,304
3,311,834,317,315,313,309,306
3,835,324,322,319
3,329,326,331,333,836
3,837,340,338,335
3,838,342,347,345
3,349,352,354,356,839
3,361,365,840,358,363
3,367,370,374,841,372,376
3,381,383,387,389,385,842,378
3,399,395,997
3,397,392,995,394
3,146,843,844,393,1299,396,398,147,391
3,1005,411,409,414
3,416,412,1007
3,402,846,408,400,404,847,150,415,406,410,848,845,149,413
3,1015,435,432,430
3,437,433,1017
3,423,429,419,425,431,849,436,421,417,153,427,850,434,152,851,852
3,453,456,1025,451
3,1027,454,458
3,446,448,442,856,853,855,156,444,452,450,438,440,155,455,457,854
3,471,468,466,1035
3,469,473,1037
3,857,158,858,461,465,459,467,470,463,859,159,472,860
3,1045,483,481,486
3,488,1047,484
3,474,487,864,482,478,480,485,161,162,476,861,862,863
3,498,1055,500,503
3,501,505,1057
3,504,489,493,164,865,491,868,495,499,866,867,497,502,165
3,1065,515,513,518
3,516,1067,520
3,517,508,506,167,870,512,514,168,871,869,510,872,519
3,531,526,528,1075
3,1077,529,533
3,521,171,525,532,523,170,530,527,874,876,875,873
3,546,543,1085,541
3,544,1087,548
3,545,174,547,173,542,877,536,534,538,879,540,880,878
3,554,556,1095,559
3,1097,561,557
3,560,177,558,882,176,553,883,884,555,551,549,881
3,1105,567,572,569
3,1107,570,574
3,179,571,888,573,885,887,564,566,568,180,562,886
3,580,585,582,1115
3,1117,583,587
3,891,892,581,182,575,579,890,584,889,577,586,183
3,598,1125,593,595
3,600,1127,596
3,599,588,592,185,594,893,896,597,186,590,895,894
3,608,1135,613,610
3,615,611,1137
3,899,188,897,612,900,607,898,605,609,603,189,601,614
3,1145,626,623,621
3,624,628,1147
3,616,902,903,622,191,620,625,618,627,901,904,192
3,636,639,634,1155
3,637,641,1157
3,629,633,905,638,640,908,635,907,194,631,906,195
3,647,1165,652,649
3,1167,654,650
3,912,198,910,909,651,646,642,648,653,197,911,644
3,660,662,665,1175
3,1177,667,663
3,913,915,659,201,666,916,655,664,200,661,914,657
3,675,673,1185,678
3,680,676,1187
3,674,679,677,668,203,672,670,919,920,917,204,918
3,1195,691,686,688
3,689,1197,693
3,206,690,921,922,923,924,687,692,207,681,683,685
3,701,699,704,1205
3,702,1207,706
3,705,694,928,703,696,700,925,210,926,927,209,698
3,1215,718,716,721
3,1217,719,723
3,720,213,717,930,931,713,929,722,212,711,707,709,715,932
3,734,1225,729,731
3,1227,736,732
3,724,935,933,733,936,728,730,726,735,934,215,216
3,747,742,1235,744
3,749,1237,745
3,938,940,219,937,737,746,218,743,939,739,748,741
3,755,760,757,1245
3,762,1247,758
3,941,756,761,943,944,222,942,752,759,754,221,750
3,768,770,1255,773
3,775,1257,771
3,763,765,772,769,774,225,948,767,946,224,947,945
3,794,789,1265,791
3,1267,792,796
3,952,786,795,228,949,778,951,793,227,950,776,788,782,784,790,780
3,808,806,1275,811
3,809,813,1277
3,801,812,807,799,805,810,955,954,953,231,797,230,803,956
3,820,1285,824,817
3,819,1287,826
3,822,815,1280,1282
3,823,816,818,814,821,825,959,960,235,234,957,233,958
4,238
4,239
4
4,241
4
4,243
4
4,245
4,246
4
4,248
4
4,250
4
4,252
4
4,254
4,255
4
4,257
4
4,259
4
4,261
4
4,263
4,264
4
4,266
4
4,268
4
4,270
4
4,272
4,273
4
4,275
4
4,277
4
4,279
4
4,281
4
4,283
4
4,285
4
4,287
4
4,289
4
4,291
4,292
4
4,294
4
4,296
4
4,298
4,299
4
4,301
4
4,303
4
4,305
4
4,307
4,308
4
4,310
4
4,312
4
4,314
4
4,316
4
4,318
4
4,320
4,321
4
4,323
4
4,325
4
4,327
4,328
4
4,330
4
4,332
4
4,334
4
4,336
4,337
4
4,339
4
4,341
4
4,343
4,344
4
4,346
4
4,348
4
4,350
4,351
4
4,353
4
4,355
4
4,357
4
4,359
4,360
4
4,362
4
4,364
4
4,366
4
4,368
4,369
4
4,371
4
4,373
4
4,375
4
4,377
4
4,379
4,380
4
4,382
4
4,384
4
4,386
4
4,388
4
4,390
4
4,392
4
4,394
4,395
4
4,397
4
4,399
4
4,401
4
4,403
4
4,405
4
4,407
4
4,409
4
4,411
4,412
4
4,414
4
4,416
4
4,418
4
4,420
4
4,422
4
4,424
4
4,426
4
4,428
4
4,430
4
4,432
4,433
4
4,435
4
4,437
4
4,439
4
4,441
4
4,443
4
4,445
4
4,447
4
4,449
4
4,451
4
4,453
4,454
4
4,456
4
4,458
4
4,460
4
4,462
4
4,464
4
4,466
4
4,468
4,469
4
4,471
4
4,473
4
4,475
4
4,477
4
4,479
4
4,481
4
4,483
4,484
4
4,486
4
4,488
4
4,490
4
4,492
4
4,494
4
4,496
4
4,498
4
4,500
4,501
4
4,503
4
4,505
4
4,507
4
4,509
4
4,511
4
4,513
4
4,515
4,516
4
4,518
4
4,520
4
4,522
4
4,524
4
4,526
4
4,528
4,529
4
4,531
4
4,533
4
4,535
4
4,537
4
4,539
4
4,541
4
4,543
4,544
4
4,546
4
4,548
4
4,550
4
4,552
4
4,554
4
4,556
4,557
4
4,559
4
4,561
4
4,563
4
4,565
4
4,567
4
4,569
4,570
4
4,572
4
4,574
4
4,576
4
4,578
4
4,580
4
4,582
4,583
4
4,585
4
4,587
4
4,589
4
4,591
4
4,593
4
4,595
4,596
4
4,598
4
4,600
4
4,602
4
4,604
4
4,606
4
4,608
4
4,610
4,611
4
4,613
4
4,615
4
4,617
4
4,619
4
4,621
4
4,623
4,624
4
4,626
4
4,628
4
4,630
4
4,632
4
4,634
4
4,636
4,637
4
4,639
4
4,641
4
4,643
4
4,645
4
4,647
4
4,649
4,650
4
4,652
4
4,654
4
4,656
4
4,658
4
4,660
4
4,662
4,663
4
4,665
4
4,667
4
4,669
4
4,671
4
4,673
4
4,675
4,676
4
4,678
4
4,680
4
4,682
4
4,684
4
4,686
4
4,688
4,689
4
4,691
4
4,693
4
4,695
4
4,697
4
4,699
4
4,701
4,702
4
4,704
4
4,706
4
4,708
4
4,710
4
4,712
4
4,714
4
4,716
4
4,718
4,719
4
4,721
4
4,723
4
4,725
4
4,727
4
4,729
4
4,731
4,732
4
4,734
4
4,736
4
4,738
4
4,740
4
4,742
4
4,744
4,745
4
4,747
4
4,749
4
4,751
4
4,753
4
4,755
4
4,757
4,758
4
4,760
4
4,762
4
4,764
4
4,766
4
4,768
4
4,770
4,771
4
4,773
4
4,775
4
4,777
4
4,779
4
4,781
4
4,783
4
4,785
4
4,787
4
4,789
4
4,791
4,792
4
4,794
4
4,796
4
4,798
4
4,800
4
4,802
4
4,804
4
4,806
4
4,808
4,809
4
4,811
4
4,813
4
4,815
4
4,817
4
4,819
4,820
4
4,822
4
4,824
4
4,826
4
5,961
5,963
5,965
5,967
5,969
5,971
5,973
5,975
5,977
5,979
5,981
5,983
5,985
5,987
5,989
5,991
5,993
5,996
5,998
5,1001
5,1003
5,1006
5,1008
5,1011
5,1013
5,1016
5,1018
5,1021
5,1023
5,1026
5,1028
5,1031
5,1033
5,1036
5,1038
5,1041
5,1043
5,1046
5,1048
5,1051
5,1053
5,1056
5,1058
5,1061
5,1063
5,1066
5,1068
5,1071
5,1073
5,1076
5,1078
5,1081
5,1083
5,1086
5,1088
5,1091
5,1093
5,1096
5,1098
5,1101
5,1103
5,1106
5,1108
5,1111
5,1113
5,1116
5,1118
5,1121
5,1123
5,1126
5,1128
5,1131
5,1133
5,1136
5,1138
5,1141
5,1143
5,1146
5,1148
5,1151
5,1153
5,1156
5,1158
5,1161
5,1163
5,1166
5,1168
5,1171
5,1173
5,1176
5,1178
5,1181
5,1183
5,1186
5,1188
5,1191
5,1193
5,1196
5,1198
5,1201
5,1203
5,1206
5,1208
5,1211
5,1213
5,1216
5,1218
5,1221
5,1223
5,1226
5,1228
5,1231
5,1233
5,1236
5,1238
5,1241
5,1243
5,1246
5,1248
5,1251
5,1253
5,1256
5,1258
5,1261
5,1263
5,1266
5,1268
5,1271
5,1273
5,1276
5,1278
5,1281
5,1283
5,1286
6,962
6
6,964
6
6,966
6
6,968
6
6,970
6
6,972
6
6,974
6
6,976
6
6,978
6
6,980
6
6,982
6
6,984
6
6,986
6
6,988
6
6,990
6
6,992
6
6,994
6,995
6
6,997
6
6,999
6,1000
6
6,1002
6
6,1004
6,1005
6
6,1007
6
6,1009
6,1010
6
6,1012
6
6,1014
6,1015
6
6,1017
6
6,1019
6,1020
6
6,1022
6
6,1024
6,1025
6
6,1027
6
6,1029
6,1030
6
6,1032
6
6,1034
6,1035
6
6,1037
6
6,1039
6,1040
6
6,1042
6
6,1044
6,1045
6
6,1047
6
6,1049
6,1050
6
6,1052
6
6,1054
6,1055
6
6,1057
6
6,1059
6,1060
6
6,1062
6
6,1064
6,1065
6
6,1067
6
6,1069
6,1070
6
6,1072
6
6,1074
6,1075
6
6,1077
6
6,1079
6,1080
6
6,1082
6
6,1084
6,1085
6
6,1087
6
6,1089
6,1090
6
6,1092
6
6,1094
6,1095
6
6,1097
6
6,1099
6,1100
6
6,1102
6
6,1104
6,1105
6
6,1107
6
6,1109
6,1110
6
6,1112
6
6,1114
6,1115
6
6,1117
6
6,1119
6,1120
6
6,1122
6
6,1124
6,1125
6
6,1127
6
6,1129
6,1130
6
6,1132
6
6,1134
6,1135
6
6,1137
6
6,1139
6,1140
6
6,1142
6
6,1144
6,1145
6
6,1147
6
6,1149
6,1150
6
6,1152
6
6,1154
6,1155
6
6,1157
6
6,1159
6,1160
6
6,1162
6
6,1164
6,1165
6
6,1167
6
6,1169
6,1170
6
6,1172
6
6,1174
6,1175
6
6,1177
6
6,1179
6,1180
6
6,1182
6
6,1184
6,1185
6
6,1187
6
6,1189
6,1190
6
6,1192
6
6,1194
6,1195
6
6,1197
6
6,1199
6,1200
6
6,1202
6
6,1204
6,1205
6
6,1207
6
6,1209
6,1210
6
6,1212
6
6,1214
6,1215
6
6,1217
6
6,1219
6,1220
6
6,1222
6
6,1224
6,1225
6
6,1227
6
6,1229
6,1230
6
6,1232
6
6,1234
6,1235
6
6,1237
6
6,1239
6,1240
6
6,1242
6
6,1244
6,1245
6
6,1247
6
6,1249
6,1250
6
6,1252
6
6,1254
6,1255
6
6,1257
6
6,1259
6,1260
6
6,1262
6
6,1264
6,1265
6
6,1267
6
6,1269
6,1270
6
6,1272
6
6,1274
6,1275
6
6,1277
6
6,1279
6,1280
6
6,1282
6
6,1284
6,1285
6
6,1287
6
14,73,1299
12
12,711,423,973,965,975,989,605,683,987,784,778,508,538,343,969,739,590,536,670,446,709,402,478,350,379,799,291,618,419,657,803,523,979,406,476,713,404,448,440,981,425,320,961,644,495,801,985,963,263,782,991,752,510,442,977,359,577,493,971,786,603,254,765,726,983,245,238,564,272,491,298,780,421,427,967,551,307,368,696,327,463,461,631,444,336
12,674,700,769,452,743,807,514,635,818,568,410,431,467,499,609,527,756,661,730,594,581,717,393,542,555,482,622,687,648,790
12,76,112,90,80,78,1001,120,124,1191,1021,88,86,110,1141,84,1051,1201,1231,1151,1181,1031,1041,126,1171,1161,102,92,1131,108,106,74,1091,118,1271,1101,1061,1211,1241,1071,1251,82,1261,104,96,1111,100,116,128,1011,1221,98,122,1121,114,1081,94
12,741,1186,1094,1034,480,1086,566,1084,1126,1274,1266,1254,672,1204,1206,1156,1176,1054,1196,1234,1236,1276,429,1166,579,1046,1286,767,1246,1194,1216,1264,1116,685,512,1256,1056,620,450,607,994,1064,1044,525,465,1074,592,1164,1104,1224,1226,816,497,1136,1144,1244,1006,659,1284,1024,391,1036,1004,715,1174,698,996,1124,408,1214,1114,1184,553,540,1016,788,1076,1154,1026,1134,646,633,754,1066,1106,1014,1096,728,805,1146
12,315,1079,575,1109,295,267,372,1139,282,1069,1019,1159,304,338,1039,750,763,345,1129,256,242,1209,247,269,1219,302,417,313,562,668,383,258,506,300,1099,521,694,276,438,642,288,284,629,1249,260,1009,1119,1149,655,1059,356,1049,333,280,376,278,1199,324,474,286,999,381,400,387,293,322,724,274,737,1179,347,265,616,352,776,361,1169,1239,340,354,1259,601,1189,329,317,534,363,588,331,309,797,365,249,1029,707,385,311,459,1281,374,389,1089,681,489,1229,251,549,1269,370,240
12,612,627,761,560,599,692,485,677,812,748,640,722,690,530,625,774,614,705,434,415,571,664,517,825,597,586,398,436,487,584,547,413,558,746,772,651,720,735,810,573,519,653,733,470,457,396,679,502,532,823,455,504,545,666,795,703,472,638,793,759
12,821
12
12,814,1279
7,1300
15