0
0
0
0
0
0
0
0
0
0
0
0
0
0
0
0
0
0
0
0
0
0
0
0
0
0
0
0
0
0
0
0
0
0,437,1106,269,358,353,83,1104
0,287,1116,398,101,1114,454,413,371,422
0,373,280,475,424,289,400,103,1124,1126
0,311,1136,296,1134,496,105
0,511,1144,107,298,282,1146
0,526,1156,109,291,1154,320,338
0,111,1166,322,300,543,1164
0,340,558,1176,113,1174
0,1186,115,313,571,342,1184
0,1194,117,586,1196,380
0,1204,599,119,1206,344
0,394,612,1214,85,1216
0,271,1226,625,1224,121
0,329,1236,315,638,1234,123
0,653,125,1246,324,1244
0,1256,127,1254,346,666
0,129,1266,426,1264,679
0,389,1274,692,1276,131
0,1284,705,1286,133,331
0,402,1296,1294,135,718
0,364,1306,137,1304,731
0,302,139,1316,1314,744
0,378,87,407,1326,757,360,1324
0,273,141,1334,1336,774
0,348,787,1344,143,1346
0,800,145,366,1356,1354
0,89,362,1366,813,1364
0,91,385,1376,826,1374
0,93,1386,1384,839,409
0,1394,336,1396,95,852
0,396,865,97,387,278,1404,307,1406,418
0,309,1416,420,1414,886,99,411
0,439,1066,627,776,267
0,483,276,513,1068,873
0,1070,464,528,285,485
0,294,515,498,545,1072,746
0,875,892,1074,573,640,500,305
0,530,655,318,1076,547
0,642,707,327,1078
0,668,575,560,532,854,1080,334,601,789
0,441,1082,351
0,1084,759,733,356,815,802,443
0,1086,369,477,456
0,376,588,1088,761
0,867,694,1090,383,828
0,458,869,720,479,614,392,1092
0,763,888,405,1094,460,841
0,1096,871,416,481,890,462,681
1,1444
2,83
2
2,85
2
2,87
2
2,89
2
2,91
2
2,93
2
2,95
2
2,97
2
2,99
2
2,101
2
2,103
2
2,105
2
2,107
2
2,109
2
2,111
2
2,113
2
2,115
2
2,117
2
2,119
2
2,121
2
2,123
2
2,125
2
2,127
2
2,129
2
2,131
2
2,133
2
2,135
2
2,137
2
2,139
2
2,141
2
2,143
2
2,145
2
3,270,915,272,265,268
3,279,281,277,274,916
3,283,286,288,290,917
3,918,299,301,297,292,295
3,314,308,306,303,312,310,919
3,316,920,323,319,321
3,325,921,330,328
3,337,922,345,347,343,341,339,335,332
3,923,352,349
3,365,354,359,361,363,357,924
3,925,372,370,367
3,926,374,379,377
3,381,384,386,388,927
3,399,393,397,928,401,390,395
3,403,406,410,929,408,412
3,417,419,423,425,421,930,414
3,435,431,1101
3,433,428,1099,430
3,162,931,932,429,1443,432,434,163,427
3,1109,447,445,450
3,452,448,1111
3,438,934,444,436,440,166,451,442,446,936,933,165,449,935
3,1119,471,468,466
3,473,1121,469
3,459,465,455,461,467,937,472,457,453,169,463,938,470,168,939,940
3,489,492,1129,487
3,1131,490,494
3,482,484,944,941,943,172,480,488,486,474,476,171,491,493,942,478
3,507,504,502,1139
3,505,509,1141
3,945,174,946,497,501,495,503,506,499,947,175,508,948
3,1149,519,517,522
3,524,1151,520
3,510,523,952,518,514,516,521,177,178,512,949,950,951
3,1159,536,539,534
3,537,541,1161
3,540,525,529,180,953,527,956,531,535,954,955,533,538,181
3,1169,551,549,554
3,552,1171,556
3,553,544,542,183,958,548,550,184,959,957,546,960,555
3,567,562,564,1179
3,1181,565,569
3,557,187,964,561,568,559,186,566,563,962,963,961
3,582,579,1189,577
3,580,1191,584
3,581,190,583,189,578,965,572,570,574,967,576,968,966
3,590,592,1199,595
3,1201,597,593
3,596,193,594,970,192,589,971,972,591,587,585,969
3,1209,603,608,605
3,1211,606,610
3,195,607,976,609,973,975,600,602,604,196,598,974
3,616,621,618,1219
3,1221,619,623
3,979,980,617,198,611,615,978,620,977,613,622,199
3,634,1229,629,631
3,636,1231,632
3,635,624,628,201,630,981,984,633,202,626,983,982
3,644,1239,649,646
3,651,647,1241
3,987,204,985,648,988,643,986,641,645,639,205,637,650
3,1249,662,659,657
3,660,664,1251
3,990,991,658,207,652,656,661,654,663,989,992,208
3,672,675,670,1259
3,673,677,1261
3,993,665,669,674,676,996,671,995,210,667,994,211
3,683,1269,688,685
3,1271,690,686
3,1000,214,998,997,680,687,682,678,684,689,213,999
3,696,698,701,1279
3,1281,703,699
3,1001,1003,695,217,702,1004,691,700,216,697,1002,693
3,711,709,1289,714
3,716,712,1291
3,710,715,713,704,219,708,706,1007,1008,1005,220,1006
3,1299,727,722,724
3,725,1301,729
3,222,726,1009,1010,1011,1012,723,728,223,717,719,721
3,737,735,740,1309
3,738,1311,742
3,741,730,1016,732,739,736,1013,226,1014,1015,225,734
3,1319,748,750,753
3,751,1321,755
3,747,229,1019,754,752,749,745,228,1017,743,1020,1018
3,765,767,1329,770
3,772,768,1331
3,1023,231,760,769,758,766,771,1024,764,762,756,232,1022,1021
3,783,1339,778,780
3,785,1341,781
3,1027,234,779,1028,775,782,784,1025,773,1026,777,235
3,791,796,793,1349
3,798,1351,794
3,1030,1031,792,1029,797,795,786,788,790,1032,237,238
3,804,806,1359,809
3,811,1361,807
3,808,810,1036,240,1033,803,799,241,1035,801,805,1034
3,822,819,1369,817
3,1371,820,824
3,1040,823,1038,821,243,818,1037,812,814,816,1039,244
3,832,835,1379,830
3,1381,833,837
3,1044,247,246,825,831,836,829,1042,834,1043,1041,827
3,848,843,1389,845
3,846,1391,850
3,840,1046,250,249,1048,1045,847,842,1047,849,844,838
3,1399,856,858,861
3,1401,863,859
3,1051,1049,1050,857,853,851,1052,860,855,253,862,252
3,1409,882,877,879
3,1411,880,884
3,1053,256,878,868,866,1055,881,870,1054,883,1056,876,864,255,872,874
3,894,899,896,1419
3,897,1421,901
3,1058,1057,900,889,1059,258,893,891,887,898,885,1060,259,895
3,905,912,1429,908
3,1431,907,914
3,1424,910,903,1426
3,906,261,262,1064,263,1063,911,913,909,1062,902,1061,904
4,266
4,267
4
4,269
4
4,271
4
4,273
4
4,275
4,276
4
4,278
4
4,280
4
4,282
4
4,284
4,285
4
4,287
4
4,289
4
4,291
4
4,293
4,294
4
4,296
4
4,298
4
4,300
4
4,302
4
4,304
4,305
4
4,307
4
4,309
4
4,311
4
4,313
4
4,315
4
4,317
4,318
4
4,320
4
4,322
4
4,324
4
4,326
4,327
4
4,329
4
4,331
4
4,333
4,334
4
4,336
4
4,338
4
4,340
4
4,342
4
4,344
4
4,346
4
4,348
4
4,350
4,351
4
4,353
4
4,355
4,356
4
4,358
4
4,360
4
4,362
4
4,364
4
4,366
4
4,368
4,369
4
4,371
4
4,373
4
4,375
4,376
4
4,378
4
4,380
4
4,382
4,383
4
4,385
4
4,387
4
4,389
4
4,391
4,392
4
4,394
4
4,396
4
4,398
4
4,400
4
4,402
4
4,404
4,405
4
4,407
4
4,409
4
4,411
4
4,413
4
4,415
4,416
4
4,418
4
4,420
4
4,422
4
4,424
4
4,426
4
4,428
4
4,430
4,431
4
4,433
4
4,435
4
4,437
4
4,439
4
4,441
4
4,443
4
4,445
4
4,447
4,448
4
4,450
4
4,452
4
4,454
4
4,456
4
4,458
4
4,460
4
4,462
4
4,464
4
4,466
4
4,468
4,469
4
4,471
4
4,473
4
4,475
4
4,477
4
4,479
4
4,481
4
4,483
4
4,485
4
4,487
4
4,489
4,490
4
4,492
4
4,494
4
4,496
4
4,498
4
4,500
4
4,502
4
4,504
4,505
4
4,507
4
4,509
4
4,511
4
4,513
4
4,515
4
4,517
4
4,519
4,520
4
4,522
4
4,524
4
4,526
4
4,528
4
4,530
4
4,532
4
4,534
4
4,536
4,537
4
4,539
4
4,541
4
4,543
4
4,545
4
4,547
4
4,549
4
4,551
4,552
4
4,554
4
4,556
4
4,558
4
4,560
4
4,562
4
4,564
4,565
4
4,567
4
4,569
4
4,571
4
4,573
4
4,575
4
4,577
4
4,579
4,580
4
4,582
4
4,584
4
4,586
4
4,588
4
4,590
4
4,592
4,593
4
4,595
4
4,597
4
4,599
4
4,601
4
4,603
4
4,605
4,606
4
4,608
4
4,610
4
4,612
4
4,614
4
4,616
4
4,618
4,619
4
4,621
4
4,623
4
4,625
4
4,627
4
4,629
4
4,631
4,632
4
4,634
4
4,636
4
4,638
4
4,640
4
4,642
4
4,644
4
4,646
4,647
4
4,649
4
4,651
4
4,653
4
4,655
4
4,657
4
4,659
4,660
4
4,662
4
4,664
4
4,666
4
4,668
4
4,670
4
4,672
4,673
4
4,675
4
4,677
4
4,679
4
4,681
4
4,683
4
4,685
4,686
4
4,688
4
4,690
4
4,692
4
4,694
4
4,696
4
4,698
4,699
4
4,701
4
4,703
4
4,705
4
4,707
4
4,709
4
4,711
4,712
4
4,714
4
4,716
4
4,718
4
4,720
4
4,722
4
4,724
4,725
4
4,727
4
4,729
4
4,731
4
4,733
4
4,735
4
4,737
4,738
4
4,740
4
4,742
4
4,744
4
4,746
4
4,748
4
4,750
4,751
4
4,753
4
4,755
4
4,757
4
4,759
4
4,761
4
4,763
4
4,765
4
4,767
4,768
4
4,770
4
4,772
4
4,774
4
4,776
4
4,778
4
4,780
4,781
4
4,783
4
4,785
4
4,787
4
4,789
4
4,791
4
4,793
4,794
4
4,796
4
4,798
4
4,800
4
4,802
4
4,804
4
4,806
4,807
4
4,809
4
4,811
4
4,813
4
4,815
4
4,817
4
4,819
4,820
4
4,822
4
4,824
4
4,826
4
4,828
4
4,830
4
4,832
4,833
4
4,835
4
4,837
4
4,839
4
4,841
4
4,843
4
4,845
4,846
4
4,848
4
4,850
4
4,852
4
4,854
4
4,856
4
4,858
4,859
4
4,861
4
4,863
4
4,865
4
4,867
4
4,869
4
4,871
4
4,873
4
4,875
4
4,877
4
4,879
4,880
4
4,882
4
4,884
4
4,886
4
4,888
4
4,890
4
4,892
4
4,894
4
4,896
4,897
4
4,899
4
4,901
4
4,903
4
4,905
4
4,907
4,908
4
4,910
4
4,912
4
4,914
4
5,1065
5,1067
5,1069
5,1071
5,1073
5,1075
5,1077
5,1079
5,1081
5,1083
5,1085
5,1087
5,1089
5,1091
5,1093
5,1095
5,1097
5,1100
5,1102
5,1105
5,1107
5,1110
5,1112
5,1115
5,1117
5,1120
5,1122
5,1125
5,1127
5,1130
5,1132
5,1135
5,1137
5,1140
5,1142
5,1145
5,1147
5,1150
5,1152
5,1155
5,1157
5,1160
5,1162
5,1165
5,1167
5,1170
5,1172
5,1175
5,1177
5,1180
5,1182
5,1185
5,1187
5,1190
5,1192
5,1195
5,1197
5,1200
5,1202
5,1205
5,1207
5,1210
5,1212
5,1215
5,1217
5,1220
5,1222
5,1225
5,1227
5,1230
5,1232
5,1235
5,1237
5,1240
5,1242
5,1245
5,1247
5,1250
5,1252
5,1255
5,1257
5,1260
5,1262
5,1265
5,1267
5,1270
5,1272
5,1275
5,1277
5,1280
5,1282
5,1285
5,1287
5,1290
5,1292
5,1295
5,1297
5,1300
5,1302
5,1305
5,1307
5,1310
5,1312
5,1315
5,1317
5,1320
5,1322
5,1325
5,1327
5,1330
5,1332
5,1335
5,1337
5,1340
5,1342
5,1345
5,1347
5,1350
5,1352
5,1355
5,1357
5,1360
5,1362
5,1365
5,1367
5,1370
5,1372
5,1375
5,1377
5,1380
5,1382
5,1385
5,1387
5,1390
5,1392
5,1395
5,1397
5,1400
5,1402
5,1405
5,1407
5,1410
5,1412
5,1415
5,1417
5,1420
5,1422
5,1425
5,1427
5,1430
6,1066
6
6,1068
6
6,1070
6
6,1072
6
6,1074
6
6,1076
6
6,1078
6
6,1080
6
6,1082
6
6,1084
6
6,1086
6
6,1088
6
6,1090
6
6,1092
6
6,1094
6
6,1096
6
6,1098
6,1099
6
6,1101
6
6,1103
6,1104
6
6,1106
6
6,1108
6,1109
6
6,1111
6
6,1113
6,1114
6
6,1116
6
6,1118
6,1119
6
6,1121
6
6,1123
6,1124
6
6,1126
6
6,1128
6,1129
6
6,1131
6
6,1133
6,1134
6
6,1136
6
6,1138
6,1139
6
6,1141
6
6,1143
6,1144
6
6,1146
6
6,1148
6,1149
6
6,1151
6
6,1153
6,1154
6
6,1156
6
6,1158
6,1159
6
6,1161
6
6,1163
6,1164
6
6,1166
6
6,1168
6,1169
6
6,1171
6
6,1173
6,1174
6
6,1176
6
6,1178
6,1179
6
6,1181
6
6,1183
6,1184
6
6,1186
6
6,1188
6,1189
6
6,1191
6
6,1193
6,1194
6
6,1196
6
6,1198
6,1199
6
6,1201
6
6,1203
6,1204
6
6,1206
6
6,1208
6,1209
6
6,1211
6
6,1213
6,1214
6
6,1216
6
6,1218
6,1219
6
6,1221
6
6,1223
6,1224
6
6,1226
6
6,1228
6,1229
6
6,1231
6
6,1233
6,1234
6
6,1236
6
6,1238
6,1239
6
6,1241
6
6,1243
6,1244
6
6,1246
6
6,1248
6,1249
6
6,1251
6
6,1253
6,1254
6
6,1256
6
6,1258
6,1259
6
6,1261
6
6,1263
6,1264
6
6,1266
6
6,1268
6,1269
6
6,1271
6
6,1273
6,1274
6
6,1276
6
6,1278
6,1279
6
6,1281
6
6,1283
6,1284
6
6,1286
6
6,1288
6,1289
6
6,1291
6
6,1293
6,1294
6
6,1296
6
6,1298
6,1299
6
6,1301
6
6,1303
6,1304
6
6,1306
6
6,1308
6,1309
6
6,1311
6
6,1313
6,1314
6
6,1316
6
6,1318
6,1319
6
6,1321
6
6,1323
6,1324
6
6,1326
6
6,1328
6,1329
6
6,1331
6
6,1333
6,1334
6
6,1336
6
6,1338
6,1339
6
6,1341
6
6,1343
6,1344
6
6,1346
6
6,1348
6,1349
6
6,1351
6
6,1353
6,1354
6
6,1356
6
6,1358
6,1359
6
6,1361
6
6,1363
6,1364
6
6,1366
6
6,1368
6,1369
6
6,1371
6
6,1373
6,1374
6
6,1376
6
6,1378
6,1379
6
6,1381
6
6,1383
6,1384
6
6,1386
6
6,1388
6,1389
6
6,1391
6
6,1393
6,1394
6
6,1396
6
6,1398
6,1399
6
6,1401
6
6,1403
6,1404
6
6,1406
6
6,1408
6,1409
6
6,1411
6
6,1413
6,1414
6
6,1416
6
6,1418
6,1419
6
6,1421
6
6,1423
6,1424
6
6,1426
6
6,1428
6,1429
6
6,1431
6
14,81,1443
12
12,459,1077,1069,1079,866,1093,641,719,1091,868,814,760,544,574,375,870,1073,775,626,572,706,482,745,438,514,382,415,827,891,317,654,455,693,559,1083,442,512,872,440,484,1085,461,350,1065,874,680,531,1089,1067,293,840,1095,788,546,478,1081,391,613,529,1075,762,639,284,801,758,1087,275,266,853,600,304,527,326,457,887,463,1071,587,333,404,476,732,355,499,497,667,480,368,889
12,844,710,736,805,831,766,488,906,779,550,671,604,446,818,467,503,535,645,563,792,697,630,617,429,895,578,878,749,591,857,518,658,723,684
12,84,120,98,88,86,1105,128,132,1295,1125,96,94,142,118,1245,92,1155,1305,1335,1255,1285,144,1135,1145,134,1275,1265,110,100,1235,116,114,82,1405,1195,126,1375,1205,1165,1315,1395,1175,1355,90,1365,1385,112,122,138,104,140,1415,1345,1215,108,124,136,1115,1325,106,130,1225,1185,102
12,777,1290,816,1198,1428,1138,904,829,516,1190,602,1188,1230,1378,1370,1358,708,1308,1310,1260,1280,1158,1300,893,1338,1340,1380,465,1270,1420,669,615,1150,1390,803,1350,1298,1320,1368,1220,721,548,1360,656,486,643,1098,1168,876,855,1148,561,501,1178,628,1268,1208,1328,1330,764,1398,842,533,1160,1240,1248,1348,1110,695,1388,1128,427,1140,1108,1418,1278,734,1100,1400,1228,444,1410,1318,1218,1288,589,576,1120,1180,1258,1130,1238,682,747,790,1170,1210,1408,1430,1118,1200,1250
12,341,1183,611,1213,321,363,297,408,1243,314,1173,1123,1263,370,1143,786,799,377,1233,286,885,270,1313,277,299,1323,1425,1403,330,453,295,339,598,704,419,288,542,328,1203,557,730,308,678,665,347,1353,301,290,864,1113,1413,1223,1253,691,1163,323,388,838,1153,361,312,412,310,1303,510,474,851,1103,417,436,423,319,352,345,756,306,773,1283,379,652,384,399,812,393,272,1273,1343,372,386,1363,637,1393,1293,357,343,570,395,1383,624,359,335,825,397,279,1133,743,421,337,495,410,425,1193,717,365,525,1333,281,401,585,1373,406,268
12,648,752,898,769,663,797,596,728,521,713,784,676,726,566,771,661,810,650,741,470,451,607,700,553,633,883,622,434,862,900,635,472,523,620,583,449,594,782,808,687,821,609,555,689,506,823,493,432,715,754,538,568,860,847,849,836,834,491,913,540,911,581,702,881,739,508,674,795
12,909
12
12,1423,902
7,1444
15