0
0
0
0
0
0
0
0
0
0
0
0
0
0
0
0
0
0
0
0
0
0
0
0
0
0
0
0
0
0
0
0
0
0
0
0
0
0,473,1210,297,398,391,91,1208
0,319,1220,109,1218,490,449,432,409,458
0,411,304,511,460,321,111,1228,1230,434
0,347,1240,334,1238,532,113
0,547,1248,336,115,306,1250
0,562,1260,374,117,323,1258,360
0,119,1270,362,338,579,1268
0,376,594,1280,121,1278
0,1290,123,349,607,1288,378
0,1298,125,622,351,1300
0,380,1308,635,127,1310
0,648,1318,93,332,1320
0,1330,661,1328,129,367
0,1340,674,353,369,1338,131
0,689,133,1350,1348,436
0,1360,135,308,1358,702
0,382,137,1370,1368,715
0,418,1378,728,1380,139
0,1388,741,384,1390,141
0,1400,310,1398,143,754
0,404,1410,145,1408,767
0,147,1420,1418,462,780
0,416,95,443,1430,793,400,1428
0,325,149,1438,1440,810
0,823,1448,151,312,1450
0,836,153,1460,1458,327
0,155,1470,849,1468,314
0,438,157,862,1480,1478
0,1490,159,355,875,1488
0,1500,888,386,1498,161
0,97,402,901,1508,1510
0,99,914,1520,423,1518
0,927,1530,101,1528,445
0,393,940,1540,103,1538
0,430,105,425,302,343,1548,953,1550,454
0,345,1558,456,1560,974,107,447
0,475,1170,295
0,519,704,300,549,1172,756,851,961,825
0,500,1174,564,317,521,812,838
0,330,551,534,581,1176,650
0,877,1178,609,980,676,624,536,963,341
0,566,358,1180,583
0,678,365,663,1182
0,743,611,596,568,1184,372,637,717,890
0,477,1186,389,942
0,1188,795,769,903,396,479
0,1190,407,513,492
0,414,730,1192,797
0,1194,955,916,421
0,691,494,515,864,428,1196,957
0,799,976,441,1198,496,929
0,978,959,1200,452,782,517,498
1,1588
2,91
2
2,93
2
2,95
2
2,97
2
2,99
2
2,101
2
2,103
2
2,105
2
2,107
2
2,109
2
2,111
2
2,113
2
2,115
2
2,117
2
2,119
2
2,121
2
2,123
2
2,125
2
2,127
2
2,129
2
2,131
2
2,133
2
2,135
2
2,137
2
2,139
2
2,141
2
2,143
2
2,145
2
2,147
2
2,149
2
2,151
2
2,153
2
2,155
2
2,157
2
2,159
2
2,161
2
3,1003,293,296
3,307,303,313,311,309,305,301,298,1004
3,315,1005,324,326,318,320,322
3,1006,335,337,333,328,331
3,354,350,344,342,339,352,348,346,1007
3,356,1008,359,361
3,363,1009,368,366
3,375,1010,383,385,381,379,377,373,370
3,1011,392,390,387
3,394,399,401,403,397,1012
3,1013,410,408,405
3,1014,412,417,415
3,419,422,424,1015
3,435,429,433,1016,437,426,431
3,439,442,446,1017,444,448
3,453,455,459,461,457,1018,450
3,471,467,1205
3,469,464,1203,466
3,178,1019,1020,465,1587,468,470,179,463
3,1213,483,481,486
3,488,484,1215
3,474,1022,480,472,476,1023,182,487,478,482,1024,1021,181,485
3,1223,507,504,502
3,509,505,1225
3,495,501,491,497,503,1025,508,493,489,185,499,1026,506,184,1027,1028
3,525,528,1233,523
3,1235,526,530
3,518,520,1032,1029,1031,188,516,524,522,510,512,187,527,529,1030,514
3,543,540,538,1243
3,541,545,1245
3,1033,533,190,1034,537,531,539,542,535,1035,191,544,1036
3,1253,555,553,558
3,560,1255,556
3,546,559,1040,554,550,552,557,193,194,548,1037,1038,1039
3,570,1263,572,575
3,573,577,1265
3,576,561,565,196,1041,563,1044,567,571,1042,1043,569,574,197
3,1273,587,585,590
3,588,1275,592
3,589,580,578,199,1046,591,584,586,200,1047,1045,582,1048
3,603,598,600,1283
3,1285,601,605
3,593,203,597,604,595,202,602,599,1050,1052,1051,1049
3,618,615,1293,613
3,616,1295,620
3,617,206,619,205,614,1053,608,606,610,1055,612,1056,1054
3,626,628,1303,631
3,1305,633,629
3,632,209,630,1058,208,625,1059,1060,627,623,621,1057
3,639,1313,644,641
3,1315,642,646
3,211,643,1064,645,1061,1063,638,640,636,212,634,1062
3,652,657,654,1323
3,1325,655,659
3,1067,1068,653,214,647,651,1066,656,1065,649,658,215
3,670,1333,665,667
3,672,1335,668
3,671,660,664,217,666,1069,1072,669,218,662,1071,1070
3,680,1343,685,682
3,687,683,1345
3,1075,220,1073,684,1076,679,1074,677,681,675,221,673,686
3,1353,698,695,693
3,696,700,1355
3,688,1078,1079,694,223,692,697,690,699,1077,1080,224
3,708,711,706,1363
3,713,709,1365
3,1081,701,705,710,712,1084,707,1083,226,703,1082,227
3,719,1373,724,721
3,1375,726,722
3,1088,230,1086,1085,716,723,718,714,720,725,229,1087
3,732,734,737,1383
3,1385,739,735
3,1089,1091,731,233,738,1092,727,736,232,733,1090,729
3,747,745,1393,750
3,752,748,1395
3,746,751,749,740,235,744,742,1095,1096,1093,236,1094
3,1403,763,758,760
3,761,1405,765
3,238,762,1097,1098,1099,1100,759,764,239,753,755,757
3,773,771,776,1413
3,774,1415,778
3,777,766,1104,775,768,772,1101,242,1102,1103,241,770
3,1423,784,786,789
3,787,1425,791
3,783,245,1107,790,788,785,781,244,1105,779,1108,1106
3,801,803,1433,806
3,808,804,1435
3,1111,247,796,805,794,802,248,807,1112,800,798,792,1110,1109
3,819,814,1443,816
3,821,1445,817
3,1115,250,815,1116,811,818,820,1113,809,251,1114,813
3,827,832,829,1453
3,834,1455,830
3,1118,1119,828,1117,833,831,822,824,826,1120,253,254
3,840,842,1463,845
3,847,1465,843
3,844,846,1123,1124,256,1121,839,835,837,257,841,1122
3,858,855,1473,853
3,1475,856,860
3,1128,859,1127,848,260,1126,857,854,1125,850,259,852
3,868,871,1483,866
3,1485,869,873
3,1129,1132,1131,872,867,861,263,262,1130,863,870,865
3,884,879,1493,881
3,882,1495,886
3,1133,1134,1136,883,266,1135,265,876,885,878,874,880
3,1503,892,894,897
3,1505,899,895
3,898,1138,887,1139,896,1140,1137,889,269,891,893,268
3,905,1513,910,907
3,1515,908,912
3,909,902,1142,1144,1143,1141,900,272,904,911,906,271
3,923,920,1523,918
3,1525,925,921
3,924,913,1145,1148,1146,1147,274,915,922,917,275,919
3,936,933,1533,931
3,1535,938,934
3,1151,928,1149,935,1150,1152,937,932,930,926,278,277
3,944,1543,946,949
3,951,947,1545
3,281,1153,945,941,950,948,943,280,1154,1156,939,1155
3,1553,967,970,965
3,972,1555,968
3,284,1159,954,960,966,962,952,956,1158,283,964,969,1157,1160,971,958
3,984,1563,987,982
3,985,989,1565
3,1163,973,287,1161,977,1162,286,986,979,988,981,1164,983,975
3,993,1000,996,1573
3,1575,1002,995
3,1568,1570,998,991
3,1168,997,289,291,1165,1167,999,992,290,1001,1166,990,994
4,294
4,295
4
4,297
4
4,299
4,300
4
4,302
4
4,304
4
4,306
4
4,308
4
4,310
4
4,312
4
4,314
4
4,316
4,317
4
4,319
4
4,321
4
4,323
4
4,325
4
4,327
4
4,329
4,330
4
4,332
4
4,334
4
4,336
4
4,338
4
4,340
4,341
4
4,343
4
4,345
4
4,347
4
4,349
4
4,351
4
4,353
4
4,355
4
4,357
4,358
4
4,360
4
4,362
4
4,364
4,365
4
4,367
4
4,369
4
4,371
4,372
4
4,374
4
4,376
4
4,378
4
4,380
4
4,382
4
4,384
4
4,386
4
4,388
4,389
4
4,391
4
4,393
4
4,395
4,396
4
4,398
4
4,400
4
4,402
4
4,404
4
4,406
4,407
4
4,409
4
4,411
4
4,413
4,414
4
4,416
4
4,418
4
4,420
4,421
4
4,423
4
4,425
4
4,427
4,428
4
4,430
4
4,432
4
4,434
4
4,436
4
4,438
4
4,440
4,441
4
4,443
4
4,445
4
4,447
4
4,449
4
4,451
4,452
4
4,454
4
4,456
4
4,458
4
4,460
4
4,462
4
4,464
4
4,466
4,467
4
4,469
4
4,471
4
4,473
4
4,475
4
4,477
4
4,479
4
4,481
4
4,483
4,484
4
4,486
4
4,488
4
4,490
4
4,492
4
4,494
4
4,496
4
4,498
4
4,500
4
4,502
4
4,504
4,505
4
4,507
4
4,509
4
4,511
4
4,513
4
4,515
4
4,517
4
4,519
4
4,521
4
4,523
4
4,525
4,526
4
4,528
4
4,530
4
4,532
4
4,534
4
4,536
4
4,538
4
4,540
4,541
4
4,543
4
4,545
4
4,547
4
4,549
4
4,551
4
4,553
4
4,555
4,556
4
4,558
4
4,560
4
4,562
4
4,564
4
4,566
4
4,568
4
4,570
4
4,572
4,573
4
4,575
4
4,577
4
4,579
4
4,581
4
4,583
4
4,585
4
4,587
4,588
4
4,590
4
4,592
4
4,594
4
4,596
4
4,598
4
4,600
4,601
4
4,603
4
4,605
4
4,607
4
4,609
4
4,611
4
4,613
4
4,615
4,616
4
4,618
4
4,620
4
4,622
4
4,624
4
4,626
4
4,628
4,629
4
4,631
4
4,633
4
4,635
4
4,637
4
4,639
4
4,641
4,642
4
4,644
4
4,646
4
4,648
4
4,650
4
4,652
4
4,654
4,655
4
4,657
4
4,659
4
4,661
4
4,663
4
4,665
4
4,667
4,668
4
4,670
4
4,672
4
4,674
4
4,676
4
4,678
4
4,680
4
4,682
4,683
4
4,685
4
4,687
4
4,689
4
4,691
4
4,693
4
4,695
4,696
4
4,698
4
4,700
4
4,702
4
4,704
4
4,706
4
4,708
4,709
4
4,711
4
4,713
4
4,715
4
4,717
4
4,719
4
4,721
4,722
4
4,724
4
4,726
4
4,728
4
4,730
4
4,732
4
4,734
4,735
4
4,737
4
4,739
4
4,741
4
4,743
4
4,745
4
4,747
4,748
4
4,750
4
4,752
4
4,754
4
4,756
4
4,758
4
4,760
4,761
4
4,763
4
4,765
4
4,767
4
4,769
4
4,771
4
4,773
4,774
4
4,776
4
4,778
4
4,780
4
4,782
4
4,784
4
4,786
4,787
4
4,789
4
4,791
4
4,793
4
4,795
4
4,797
4
4,799
4
4,801
4
4,803
4,804
4
4,806
4
4,808
4
4,810
4
4,812
4
4,814
4
4,816
4,817
4
4,819
4
4,821
4
4,823
4
4,825
4
4,827
4
4,829
4,830
4
4,832
4
4,834
4
4,836
4
4,838
4
4,840
4
4,842
4,843
4
4,845
4
4,847
4
4,849
4
4,851
4
4,853
4
4,855
4,856
4
4,858
4
4,860
4
4,862
4
4,864
4
4,866
4
4,868
4,869
4
4,871
4
4,873
4
4,875
4
4,877
4
4,879
4
4,881
4,882
4
4,884
4
4,886
4
4,888
4
4,890
4
4,892
4
4,894
4,895
4
4,897
4
4,899
4
4,901
4
4,903
4
4,905
4
4,907
4,908
4
4,910
4
4,912
4
4,914
4
4,916
4
4,918
4
4,920
4,921
4
4,923
4
4,925
4
4,927
4
4,929
4
4,931
4
4,933
4,934
4
4,936
4
4,938
4
4,940
4
4,942
4
4,944
4
4,946
4,947
4
4,949
4
4,951
4
4,953
4
4,955
4
4,957
4
4,959
4
4,961
4
4,963
4
4,965
4
4,967
4,968
4
4,970
4
4,972
4
4,974
4
4,976
4
4,978
4
4,980
4
4,982
4
4,984
4,985
4
4,987
4
4,989
4
4,991
4
4,993
4
4,995
4,996
4
4,998
4
4,1000
4
4,1002
4
5,1169
5,1171
5,1173
5,1175
5,1177
5,1179
5,1181
5,1183
5,1185
5,1187
5,1189
5,1191
5,1193
5,1195
5,1197
5,1199
5,1201
5,1204
5,1206
5,1209
5,1211
5,1214
5,1216
5,1219
5,1221
5,1224
5,1226
5,1229
5,1231
5,1234
5,1236
5,1239
5,1241
5,1244
5,1246
5,1249
5,1251
5,1254
5,1256
5,1259
5,1261
5,1264
5,1266
5,1269
5,1271
5,1274
5,1276
5,1279
5,1281
5,1284
5,1286
5,1289
5,1291
5,1294
5,1296
5,1299
5,1301
5,1304
5,1306
5,1309
5,1311
5,1314
5,1316
5,1319
5,1321
5,1324
5,1326
5,1329
5,1331
5,1334
5,1336
5,1339
5,1341
5,1344
5,1346
5,1349
5,1351
5,1354
5,1356
5,1359
5,1361
5,1364
5,1366
5,1369
5,1371
5,1374
5,1376
5,1379
5,1381
5,1384
5,1386
5,1389
5,1391
5,1394
5,1396
5,1399
5,1401
5,1404
5,1406
5,1409
5,1411
5,1414
5,1416
5,1419
5,1421
5,1424
5,1426
5,1429
5,1431
5,1434
5,1436
5,1439
5,1441
5,1444
5,1446
5,1449
5,1451
5,1454
5,1456
5,1459
5,1461
5,1464
5,1466
5,1469
5,1471
5,1474
5,1476
5,1479
5,1481
5,1484
5,1486
5,1489
5,1491
5,1494
5,1496
5,1499
5,1501
5,1504
5,1506
5,1509
5,1511
5,1514
5,1516
5,1519
5,1521
5,1524
5,1526
5,1529
5,1531
5,1534
5,1536
5,1539
5,1541
5,1544
5,1546
5,1549
5,1551
5,1554
5,1556
5,1559
5,1561
5,1564
5,1566
5,1569
5,1571
5,1574
6,1170
6
6,1172
6
6,1174
6
6,1176
6
6,1178
6
6,1180
6
6,1182
6
6,1184
6
6,1186
6
6,1188
6
6,1190
6
6,1192
6
6,1194
6
6,1196
6
6,1198
6
6,1200
6
6,1202
6,1203
6
6,1205
6
6,1207
6,1208
6
6,1210
6
6,1212
6,1213
6
6,1215
6
6,1217
6,1218
6
6,1220
6
6,1222
6,1223
6
6,1225
6
6,1227
6,1228
6
6,1230
6
6,1232
6,1233
6
6,1235
6
6,1237
6,1238
6
6,1240
6
6,1242
6,1243
6
6,1245
6
6,1247
6,1248
6
6,1250
6
6,1252
6,1253
6
6,1255
6
6,1257
6,1258
6
6,1260
6
6,1262
6,1263
6
6,1265
6
6,1267
6,1268
6
6,1270
6
6,1272
6,1273
6
6,1275
6
6,1277
6,1278
6
6,1280
6
6,1282
6,1283
6
6,1285
6
6,1287
6,1288
6
6,1290
6
6,1292
6,1293
6
6,1295
6
6,1297
6,1298
6
6,1300
6
6,1302
6,1303
6
6,1305
6
6,1307
6,1308
6
6,1310
6
6,1312
6,1313
6
6,1315
6
6,1317
6,1318
6
6,1320
6
6,1322
6,1323
6
6,1325
6
6,1327
6,1328
6
6,1330
6
6,1332
6,1333
6
6,1335
6
6,1337
6,1338
6
6,1340
6
6,1342
6,1343
6
6,1345
6
6,1347
6,1348
6
6,1350
6
6,1352
6,1353
6
6,1355
6
6,1357
6,1358
6
6,1360
6
6,1362
6,1363
6
6,1365
6
6,1367
6,1368
6
6,1370
6
6,1372
6,1373
6
6,1375
6
6,1377
6,1378
6
6,1380
6
6,1382
6,1383
6
6,1385
6
6,1387
6,1388
6
6,1390
6
6,1392
6,1393
6
6,1395
6
6,1397
6,1398
6
6,1400
6
6,1402
6,1403
6
6,1405
6
6,1407
6,1408
6
6,1410
6
6,1412
6,1413
6
6,1415
6
6,1417
6,1418
6
6,1420
6
6,1422
6,1423
6
6,1425
6
6,1427
6,1428
6
6,1430
6
6,1432
6,1433
6
6,1435
6
6,1437
6,1438
6
6,1440
6
6,1442
6,1443
6
6,1445
6
6,1447
6,1448
6
6,1450
6
6,1452
6,1453
6
6,1455
6
6,1457
6,1458
6
6,1460
6
6,1462
6,1463
6
6,1465
6
6,1467
6,1468
6
6,1470
6
6,1472
6,1473
6
6,1475
6
6,1477
6,1478
6
6,1480
6
6,1482
6,1483
6
6,1485
6
6,1487
6,1488
6
6,1490
6
6,1492
6,1493
6
6,1495
6
6,1497
6,1498
6
6,1500
6
6,1502
6,1503
6
6,1505
6
6,1507
6,1508
6
6,1510
6
6,1512
6,1513
6
6,1515
6
6,1517
6,1518
6
6,1520
6
6,1522
6,1523
6
6,1525
6
6,1527
6,1528
6
6,1530
6
6,1532
6,1533
6
6,1535
6
6,1537
6,1538
6
6,1540
6
6,1542
6,1543
6
6,1545
6
6,1547
6,1548
6
6,1550
6
6,1552
6,1553
6
6,1555
6
6,1557
6,1558
6
6,1560
6
6,1562
6,1563
6
6,1565
6
6,1567
6,1568
6
6,1570
6
6,1572
6,1573
6
6,1575
6
14,89,1587
12
12,495,1181,1173,1183,977,902,979,677,956,755,1195,954,850,796,580,610,413,1177,960,811,662,608,742,975,518,781,474,550,420,451,863,357,690,491,729,595,941,1187,478,548,476,520,512,1189,497,388,1169,716,567,1197,1193,1171,329,876,1199,824,582,514,1185,427,649,565,1179,798,675,316,837,794,928,1191,299,294,889,636,340,563,364,493,958,915,499,1175,623,371,440,768,395,962,535,533,703,516,406
12,880,746,772,841,867,802,524,815,482,586,707,640,994,983,854,503,539,945,571,681,599,966,828,733,666,653,465,919,932,614,785,906,627,893,554,694,759,720
12,92,128,106,96,94,1209,136,140,1529,1399,1229,104,102,150,160,126,1549,1349,100,1559,1259,1409,1439,1359,1389,152,1239,1249,142,1379,1369,118,108,1339,124,122,90,1509,158,1299,134,1479,1309,156,1269,1419,154,1499,1279,1459,98,1469,1489,120,130,146,112,148,1519,1449,1319,116,132,144,1219,1429,114,1539,138,1329,1289,110
12,813,1394,852,1302,930,1532,1242,865,552,1294,638,992,1292,1334,1482,1474,1462,744,904,1412,1414,1364,1384,1262,1404,1544,1564,917,1572,1442,1444,1484,501,1374,1524,1534,651,1254,1494,839,1574,1454,1402,1424,1472,1324,757,584,1464,692,522,679,1202,1272,891,597,537,1282,664,1372,1312,1432,1434,800,1502,878,569,1542,1552,1562,1264,1344,1352,1452,1214,731,1492,1232,981,1554,463,1244,1212,1522,1382,770,1204,1504,1332,964,480,1514,1422,1322,1392,625,612,1224,1284,1362,1234,1252,1342,718,783,943,705,826,1274,1314,1512,1222,1304,1354
12,379,1287,647,1317,361,403,333,444,1347,350,1277,1227,1367,408,822,835,415,1337,318,913,1417,301,335,1427,1507,973,368,489,307,377,634,740,455,320,578,366,1307,593,766,344,311,714,313,352,701,385,324,1457,337,322,900,1217,1517,1327,1357,727,1267,874,1257,401,348,448,346,1407,392,546,1547,926,354,510,887,1207,453,472,459,359,390,383,1247,792,809,1387,417,331,688,422,435,848,429,1377,1447,1569,410,424,1467,673,1497,1397,397,1527,381,606,431,1487,660,399,373,861,433,952,303,1237,779,342,457,375,531,446,1557,461,1297,753,309,561,1437,305,437,621,326,939,1477,442,296,1537
12,684,788,805,699,833,632,764,1001,557,924,749,820,712,762,602,807,697,922,846,686,777,506,487,643,950,736,589,885,969,669,911,658,470,898,671,508,559,656,619,485,999,948,630,818,971,844,723,857,909,645,591,725,542,859,529,468,751,790,574,604,896,883,872,986,870,527,937,576,935,617,738,775,988,544,710,831
12,997
12
12,1567,990
7,1588
15