0
0
0
0
0
0
0
0
0
0
0
0
0
0
0
0
0
0
0
0
0
0
0
0
0
0
0
0
0
0,457,249,1106,1104,79,403
0,295,1116,97,418,432,1114,271,472,260
0,1124,493,99,321,306,1126
0,508,308,1136,1134,273,446,262,297,101
0,1144,1146,275,103,529,363
0,277,1154,544,354,1156,105,310,323,332
0,1166,107,1164,288,565,299
0,334,1176,580,279,1174,109
0,1186,356,325,290,111,312,341,1184,595,336
0,113,1194,1196,343,618
0,1204,365,115,345,314,1206,631
0,648,81,1216,376,1214
0,367,316,358,387,1226,661,117,1224,347,327
0,684,1236,301,119,1234
0,1244,121,697,1246,349
0,710,1256,1254,123,369
0,125,1266,723,1264,389
0,371,736,1274,1276,127
0,749,1284,1286,129,281
0,1294,762,1296,427,131
0,1306,1304,775,133,391
0,1316,83,1314,405,378,788
0,1326,380,85,423,1324,251,803
0,87,414,1336,396,820,1334
0,407,286,89,1346,1344,258,835,382
0,1354,442,425,1356,91,409,854
0,416,871,93,1364,444,1366,253,267
0,269,437,890,95,398,1376,1374
0,873,1058,459,247,805
0,841,512,478,256,1060
0,1062,896,265,546,879,531,514,480,751,582
0,843,567,284,597,1064
0,1066,482,516,686,569,293
0,633,304,599,548,1068,518,663,495
0,665,497,550,319,1070,601
0,603,584,1072,552,330
0,667,620,635,605,1074,699,339
0,352,554,1076,607,669
0,361,1078,637,533,671,738,712
0,374,837,807,1080,790,650
0,1082,725,385,777,673
0,892,1084,394,822
0,1086,461,856,401,792,839
0,875,1088,824,474,412
0,858,421,809,1090,764
0,430,476,1092
0,894,435,1094
0,877,860,440,510,1096
1,1404
2,79
2
2,81
2
2,83
2
2,85
2
2,87
2
2,89
2
2,91
2
2,93
2
2,95
2
2,97
2
2,99
2
2,101
2
2,103
2
2,105
2
2,107
2
2,109
2
2,111
2
2,113
2
2,115
2
2,117
2
2,119
2
2,121
2
2,123
2
2,125
2
2,127
2
2,129
2
2,131
2
2,133
2
3,250,248,252,245,919
3,259,261,257,254,920
3,263,272,280,278,274,266,268,270,276,921
3,922,289,287,282,285
3,296,294,291,300,298,923
3,302,311,924,313,309,315,305,307
3,317,925,322,326,320,324
3,333,926,335,331,328
3,348,342,346,340,344,927,337
3,353,350,355,928,357
3,362,368,364,359,366,370,929
3,377,381,372,930,375,379
3,931,386,390,388,383
3,395,932,397,392
3,406,408,399,933,402,404
3,417,934,413,410,415
3,424,935,426,422,419
3,428,936,431
3,937,433,436
3,938,438,441,445,443
3,1101,455,451
3,448,450,453,1099
3,447,155,449,940,454,939,452,1403,154
3,1109,465,463,468
3,1111,466,470
3,469,458,943,464,460,944,467,462,157,942,158,456,941
3,1119,489,484,486
3,491,1121,487
3,477,947,481,479,475,161,946,945,160,948,490,488,473,483,471,485
3,1129,504,501,499
3,502,1131,506
3,505,951,496,163,949,164,494,950,952,492,498,500,503
3,525,520,522,1139
3,527,1141,523
3,166,513,955,524,954,507,167,509,526,521,515,517,511,953,956,519
3,540,537,1149,535
3,538,542,1151
3,534,959,530,532,169,170,539,960,957,541,536,528,958
3,558,561,556,1159
3,1161,559,563
3,963,560,557,551,543,562,555,962,553,964,173,172,961,547,549,545
3,1169,576,573,571
3,1171,574,578
3,965,564,572,566,968,966,570,176,967,575,175,577,568
3,588,586,591,1179
3,1181,589,593
3,583,969,590,579,972,970,592,178,179,585,581,971,587
3,609,611,1189,614
3,616,1191,612
3,608,181,975,602,613,598,974,594,610,596,615,604,976,606,973,182,600
3,622,1199,627,624
3,625,1201,629
3,185,623,621,980,184,628,617,626,979,977,978,619
3,1209,644,639,641
3,646,642,1211
3,638,634,187,640,984,636,632,643,981,630,983,645,188,982
3,654,657,652,1219
3,655,659,1221
3,653,987,647,985,656,191,988,651,649,190,986,658
3,677,680,675,1229
3,678,1231,682
3,676,672,193,668,681,674,666,991,664,679,660,670,194,662,989,990,992
3,688,690,693,1239
3,1241,695,691
3,994,694,993,196,683,687,689,995,692,685,996,197
3,1249,703,701,706
3,1251,708,704
3,999,702,199,705,698,1000,998,700,707,200,997,696
3,1259,719,714,716
3,717,1261,721
3,713,711,1002,1001,718,709,202,203,1003,720,715,1004
3,732,727,1269,729
3,730,1271,734
3,1007,724,1005,733,205,731,728,1006,726,722,206,1008
3,1279,740,742,745
3,743,1281,747
3,741,1012,1011,208,1009,209,746,735,1010,744,739,737
3,758,1289,753,755
3,1291,760,756
3,752,1014,211,1016,759,212,754,1013,750,1015,748,757
3,771,766,1299,768
3,773,1301,769
3,1019,214,767,1017,1020,215,765,1018,763,770,761,772
3,779,784,781,1309
3,786,1311,782
3,783,780,1022,1023,1024,785,778,1021,774,217,218,776
3,799,1319,794,796
3,801,797,1321
3,798,1025,220,221,791,793,795,789,800,1027,787,1026,1028
3,811,816,1329,813
3,1331,818,814
3,808,1032,1029,812,223,810,815,806,802,1030,804,817,1031,224
3,831,826,828,1339
3,829,1341,833
3,1033,1036,227,819,226,830,827,1034,832,825,1035,823,821
3,847,1349,845,850
3,852,1351,848
3,836,1038,230,838,229,849,842,1040,1037,844,1039,846,834,851,840
3,1359,864,867,862
3,865,1361,869
3,857,861,1043,868,1042,855,853,859,866,1044,1041,863,233,232
3,1369,886,881,883
3,884,1371,888
3,882,236,872,1045,885,1047,887,874,876,880,1046,1048,235,878,870
3,1379,898,903,900
3,901,1381,905
3,1050,1049,904,893,239,1051,899,238,891,902,895,889,897,1052
3,909,1389,916,912
3,1391,911,918
3,1384,907,1386,914
3,1056,910,917,241,242,243,1055,913,1054,915,906,1053,908
4,246
4,247
4
4,249
4
4,251
4
4,253
4
4,255
4,256
4
4,258
4
4,260
4
4,262
4
4,264
4,265
4
4,267
4
4,269
4
4,271
4
4,273
4
4,275
4
4,277
4
4,279
4
4,281
4
4,283
4,284
4
4,286
4
4,288
4
4,290
4
4,292
4,293
4
4,295
4
4,297
4
4,299
4
4,301
4
4,303
4,304
4
4,306
4
4,308
4
4,310
4
4,312
4
4,314
4
4,316
4
4,318
4,319
4
4,321
4
4,323
4
4,325
4
4,327
4
4,329
4,330
4
4,332
4
4,334
4
4,336
4
4,338
4,339
4
4,341
4
4,343
4
4,345
4
4,347
4
4,349
4
4,351
4,352
4
4,354
4
4,356
4
4,358
4
4,360
4,361
4
4,363
4
4,365
4
4,367
4
4,369
4
4,371
4
4,373
4,374
4
4,376
4
4,378
4
4,380
4
4,382
4
4,384
4,385
4
4,387
4
4,389
4
4,391
4
4,393
4,394
4
4,396
4
4,398
4
4,400
4,401
4
4,403
4
4,405
4
4,407
4
4,409
4
4,411
4,412
4
4,414
4
4,416
4
4,418
4
4,420
4,421
4
4,423
4
4,425
4
4,427
4
4,429
4,430
4
4,432
4
4,434
4,435
4
4,437
4
4,439
4,440
4
4,442
4
4,444
4
4,446
4
4,448
4
4,450
4,451
4
4,453
4
4,455
4
4,457
4
4,459
4
4,461
4
4,463
4
4,465
4,466
4
4,468
4
4,470
4
4,472
4
4,474
4
4,476
4
4,478
4
4,480
4
4,482
4
4,484
4
4,486
4,487
4
4,489
4
4,491
4
4,493
4
4,495
4
4,497
4
4,499
4
4,501
4,502
4
4,504
4
4,506
4
4,508
4
4,510
4
4,512
4
4,514
4
4,516
4
4,518
4
4,520
4
4,522
4,523
4
4,525
4
4,527
4
4,529
4
4,531
4
4,533
4
4,535
4
4,537
4,538
4
4,540
4
4,542
4
4,544
4
4,546
4
4,548
4
4,550
4
4,552
4
4,554
4
4,556
4
4,558
4,559
4
4,561
4
4,563
4
4,565
4
4,567
4
4,569
4
4,571
4
4,573
4,574
4
4,576
4
4,578
4
4,580
4
4,582
4
4,584
4
4,586
4
4,588
4,589
4
4,591
4
4,593
4
4,595
4
4,597
4
4,599
4
4,601
4
4,603
4
4,605
4
4,607
4
4,609
4
4,611
4,612
4
4,614
4
4,616
4
4,618
4
4,620
4
4,622
4
4,624
4,625
4
4,627
4
4,629
4
4,631
4
4,633
4
4,635
4
4,637
4
4,639
4
4,641
4,642
4
4,644
4
4,646
4
4,648
4
4,650
4
4,652
4
4,654
4,655
4
4,657
4
4,659
4
4,661
4
4,663
4
4,665
4
4,667
4
4,669
4
4,671
4
4,673
4
4,675
4
4,677
4,678
4
4,680
4
4,682
4
4,684
4
4,686
4
4,688
4
4,690
4,691
4
4,693
4
4,695
4
4,697
4
4,699
4
4,701
4
4,703
4,704
4
4,706
4
4,708
4
4,710
4
4,712
4
4,714
4
4,716
4,717
4
4,719
4
4,721
4
4,723
4
4,725
4
4,727
4
4,729
4,730
4
4,732
4
4,734
4
4,736
4
4,738
4
4,740
4
4,742
4,743
4
4,745
4
4,747
4
4,749
4
4,751
4
4,753
4
4,755
4,756
4
4,758
4
4,760
4
4,762
4
4,764
4
4,766
4
4,768
4,769
4
4,771
4
4,773
4
4,775
4
4,777
4
4,779
4
4,781
4,782
4
4,784
4
4,786
4
4,788
4
4,790
4
4,792
4
4,794
4
4,796
4,797
4
4,799
4
4,801
4
4,803
4
4,805
4
4,807
4
4,809
4
4,811
4
4,813
4,814
4
4,816
4
4,818
4
4,820
4
4,822
4
4,824
4
4,826
4
4,828
4,829
4
4,831
4
4,833
4
4,835
4
4,837
4
4,839
4
4,841
4
4,843
4
4,845
4
4,847
4,848
4
4,850
4
4,852
4
4,854
4
4,856
4
4,858
4
4,860
4
4,862
4
4,864
4,865
4
4,867
4
4,869
4
4,871
4
4,873
4
4,875
4
4,877
4
4,879
4
4,881
4
4,883
4,884
4
4,886
4
4,888
4
4,890
4
4,892
4
4,894
4
4,896
4
4,898
4
4,900
4,901
4
4,903
4
4,905
4
4,907
4
4,909
4
4,911
4,912
4
4,914
4
4,916
4
4,918
4
5,1057
5,1059
5,1061
5,1063
5,1065
5,1067
5,1069
5,1071
5,1073
5,1075
5,1077
5,1079
5,1081
5,1083
5,1085
5,1087
5,1089
5,1091
5,1093
5,1095
5,1097
5,1100
5,1102
5,1105
5,1107
5,1110
5,1112
5,1115
5,1117
5,1120
5,1122
5,1125
5,1127
5,1130
5,1132
5,1135
5,1137
5,1140
5,1142
5,1145
5,1147
5,1150
5,1152
5,1155
5,1157
5,1160
5,1162
5,1165
5,1167
5,1170
5,1172
5,1175
5,1177
5,1180
5,1182
5,1185
5,1187
5,1190
5,1192
5,1195
5,1197
5,1200
5,1202
5,1205
5,1207
5,1210
5,1212
5,1215
5,1217
5,1220
5,1222
5,1225
5,1227
5,1230
5,1232
5,1235
5,1237
5,1240
5,1242
5,1245
5,1247
5,1250
5,1252
5,1255
5,1257
5,1260
5,1262
5,1265
5,1267
5,1270
5,1272
5,1275
5,1277
5,1280
5,1282
5,1285
5,1287
5,1290
5,1292
5,1295
5,1297
5,1300
5,1302
5,1305
5,1307
5,1310
5,1312
5,1315
5,1317
5,1320
5,1322
5,1325
5,1327
5,1330
5,1332
5,1335
5,1337
5,1340
5,1342
5,1345
5,1347
5,1350
5,1352
5,1355
5,1357
5,1360
5,1362
5,1365
5,1367
5,1370
5,1372
5,1375
5,1377
5,1380
5,1382
5,1385
5,1387
5,1390
6,1058
6
6,1060
6
6,1062
6
6,1064
6
6,1066
6
6,1068
6
6,1070
6
6,1072
6
6,1074
6
6,1076
6
6,1078
6
6,1080
6
6,1082
6
6,1084
6
6,1086
6
6,1088
6
6,1090
6
6,1092
6
6,1094
6
6,1096
6
6,1098
6,1099
6
6,1101
6
6,1103
6,1104
6
6,1106
6
6,1108
6,1109
6
6,1111
6
6,1113
6,1114
6
6,1116
6
6,1118
6,1119
6
6,1121
6
6,1123
6,1124
6
6,1126
6
6,1128
6,1129
6
6,1131
6
6,1133
6,1134
6
6,1136
6
6,1138
6,1139
6
6,1141
6
6,1143
6,1144
6
6,1146
6
6,1148
6,1149
6
6,1151
6
6,1153
6,1154
6
6,1156
6
6,1158
6,1159
6
6,1161
6
6,1163
6,1164
6
6,1166
6
6,1168
6,1169
6
6,1171
6
6,1173
6,1174
6
6,1176
6
6,1178
6,1179
6
6,1181
6
6,1183
6,1184
6
6,1186
6
6,1188
6,1189
6
6,1191
6
6,1193
6,1194
6
6,1196
6
6,1198
6,1199
6
6,1201
6
6,1203
6,1204
6
6,1206
6
6,1208
6,1209
6
6,1211
6
6,1213
6,1214
6
6,1216
6
6,1218
6,1219
6
6,1221
6
6,1223
6,1224
6
6,1226
6
6,1228
6,1229
6
6,1231
6
6,1233
6,1234
6
6,1236
6
6,1238
6,1239
6
6,1241
6
6,1243
6,1244
6
6,1246
6
6,1248
6,1249
6
6,1251
6
6,1253
6,1254
6
6,1256
6
6,1258
6,1259
6
6,1261
6
6,1263
6,1264
6
6,1266
6
6,1268
6,1269
6
6,1271
6
6,1273
6,1274
6
6,1276
6
6,1278
6,1279
6
6,1281
6
6,1283
6,1284
6
6,1286
6
6,1288
6,1289
6
6,1291
6
6,1293
6,1294
6
6,1296
6
6,1298
6,1299
6
6,1301
6
6,1303
6,1304
6
6,1306
6
6,1308
6,1309
6
6,1311
6
6,1313
6,1314
6
6,1316
6
6,1318
6,1319
6
6,1321
6
6,1323
6,1324
6
6,1326
6
6,1328
6,1329
6
6,1331
6
6,1333
6,1334
6
6,1336
6
6,1338
6,1339
6
6,1341
6
6,1343
6,1344
6
6,1346
6
6,1348
6,1349
6
6,1351
6
6,1353
6,1354
6
6,1356
6
6,1358
6,1359
6
6,1361
6
6,1363
6,1364
6
6,1366
6
6,1368
6,1369
6
6,1371
6
6,1373
6,1374
6
6,1376
6
6,1378
6,1379
6
6,1381
6
6,1383
6,1384
6
6,1386
6
6,1388
6,1389
6
6,1391
6
14,77,1403
12
12,1069,1061,666,1071,429,872,685,1095,1085,711,1083,292,874,670,804,1089,494,840,439,838,532,373,481,876,1065,763,551,384,596,583,530,737,545,460,411,821,895,303,632,509,1075,672,458,598,859,878,634,479,1077,602,338,1057,662,477,823,1091,549,283,1081,1059,836,808,1087,600,1079,776,496,664,698,511,393,581,475,1067,619,434,264,789,750,791,513,668,246,604,855,566,473,318,547,806,842,1093,891,606,568,1063,857,329,400,724,1073,351,255,517,893,553,515,649,636,420,360
12,702,728,485,910,767,846,521,500,653,623,827,572,812,882,676,795,780,689,863,754,899,640,536,741,610,449,587,464,557,715
12,80,116,94,1365,84,82,124,128,1255,1215,92,88,1115,1265,1205,1295,126,1105,108,130,1235,1225,106,96,1195,112,110,78,114,1155,1335,1165,1125,1275,1305,1355,1135,86,1345,118,1315,100,1375,1175,1245,104,120,90,132,1325,1285,102,1185,122,1145,98
12,765,1250,726,638,1240,1388,585,621,1150,1148,1158,1190,1338,1330,1318,700,1270,1220,1118,1260,897,1200,1298,1300,1340,1268,674,1230,1380,651,1110,908,1100,1350,1310,1258,1280,1098,1328,1180,1320,1120,793,1128,519,498,608,570,1138,447,1228,462,1168,1288,1290,844,483,1358,825,1208,1308,687,1348,713,1378,1238,555,1390,1360,1188,880,1370,1278,1178,1248,534,1140,1218,1108,1198,739,861,810,778,1130,1170,1368,1160,752,1210
12,1143,315,579,1173,287,404,1203,1133,1223,324,362,1103,787,375,1193,266,311,250,1273,257,289,1283,1385,1363,381,322,889,335,564,368,294,696,436,415,268,492,320,1163,507,296,276,660,445,366,647,422,272,346,1313,270,870,1373,1183,1213,280,683,1123,309,390,834,1113,357,300,370,298,1263,342,426,413,379,853,443,305,456,408,364,340,1233,819,748,761,326,1243,617,377,285,1253,386,802,395,252,344,1303,424,388,1323,1353,630,353,528,397,774,1343,594,355,331,307,259,735,278,441,417,333,406,431,313,1153,709,471,1293,261,348,543,274,1333,402,248,722
12,452,562,628,705,744,681,902,490,785,720,849,467,866,524,772,658,718,851,798,733,541,613,917,692,503,590,904,469,454,626,770,759,815,643,885,575,505,577,757,868,707,746,615,817,832,645,830,679,915,539,694,887,731,488,526,560,800,656,592,783
12,913
12
12,1383,906
7,1404
15