0
0
0
0
0
0
0
0
0
0
0
0
0
0
0
0
0
0
0
0
0
0
0
0
0
0
0
0
0
0
0
0
0
0
0
0
0
0,452,529,305,1314,1312,434,95
0,113,1324,1322,546,512,503
0,1332,561,115,1334,338
0,574,1344,479,1342,386,514,117,320,353
0,1352,1354,388,416,119,595,355
0,340,1362,612,516,1364,121,375,357,366
0,1374,123,1372,342,633,377
0,1384,390,648,359,405,1382,125
0,425,1394,127,361,1392,665,379,344
0,392,418,129,1402,1404,407,684,368
0,1412,131,420,1414,703
0,716,97,1424,495,1422,484
0,394,1434,731,133,1432
0,744,1444,396,409,445,135,1442
0,1452,137,472,761,1454
0,774,1464,1462,139,346
0,141,1474,1472,427,787
0,800,1484,1482,143,429
0,813,1492,1494,145,447
0,1502,826,381,1504,147
0,1514,1512,329,839,149
0,151,398,852,1522,1524
0,1534,865,99,459,1532,307,454
0,1542,1544,153,882,488
0,400,1552,155,1554,895
0,157,908,1564,1562,463
0,159,1572,474,1574,921
0,934,161,490,1582,1584
0,163,331,947,1592,1594
0,1604,518,1602,960,165
0,973,1612,101,436,1614
0,103,414,986,1622,1624
0,999,105,1634,312,1632
0,468,438,1644,1012,1642,107,314,497
0,440,1652,470,109,1031,373,499,351,316,1654,508,336,325
0,1060,327,501,486,510,111,318,1664,1662,461
0,1266,867,531,303
0,1070,1001,1041,310,1268,580,1020
0,1270,323,841,1043,1072,949
0,635,334,1045,667,563,1272,616,776
0,1274,618,597,1047,582,669,650,349
0,686,364,1276,620
0,637,828,1049,622,371,1278,671
0,584,1280,599,688,854,652,746,384,733,897
0,690,1282,403,654,748
0,412,988,601,1284,692,705
0,423,1286,789,673,802
0,975,1014,533,432,1288,1033
0,1290,815,443,750
0,535,1292,450,869
0,1062,1294,871,910,457
0,1016,1296,763,466,1035,923
0,576,477,1298
0,482,718,936,884,1300,1064
0,548,720,1066,493,1302,1037,1018
0,614,550,506,578,1039,962,1304,1068
1,1692
2,95
2
2,97
2
2,99
2
2,101
2
2,103
2
2,105
2
2,107
2
2,109
2
2,111
2
2,113
2
2,115
2
2,117
2
2,119
2
2,121
2
2,123
2
2,125
2
2,127
2
2,129
2
2,131
2
2,133
2
2,135
2
2,137
2
2,139
2
2,141
2
2,143
2
2,145
2
2,147
2
2,149
2
2,151
2
2,153
2
2,155
2
2,157
2
2,159
2
2,161
2
2,163
2
2,165
2
3,306,304,301,1095
3,317,313,319,315,311,308,1096
3,321,330,324,326,328,1097
3,1098,339,341,343,337,332,335,345
3,358,352,350,347,360,356,354,1099
3,362,1100,365,367
3,369,1101,374,380,378,372,376
3,399,387,1102,395,397,393,391,389,385,382
3,406,401,404,408,1103
3,413,410,419,415,1104,417
3,424,426,421,428,1105
3,435,439,430,1106,433,437
3,1107,444,446,441
3,451,1108,453,448
3,462,455,1109,458,460
3,1110,467,464,469,471,473
3,1111,478,475
3,480,485,1112,487,489,483
3,1113,496,498,500,491,502,494
3,517,515,1114,507,504,511,509,513
3,1309,523,527
3,520,522,525,1307
3,519,187,521,1116,526,1115,524,1691,186
3,1317,542,537,539
3,1319,540,544
3,538,541,530,1119,543,532,1120,534,189,1118,190,528,1117,536
3,554,1327,552,557
3,1329,559,555
3,551,1123,193,1122,1121,192,1124,553,549,547,558,556,545
3,1337,565,570,567
3,1339,568,572
3,560,1127,564,195,1125,196,562,1126,1128,569,571,566
3,591,586,588,1347
3,593,1349,589
3,198,579,1131,590,1130,573,199,575,592,587,581,583,577,1129,1132,585
3,605,603,1357,608
3,610,606,1359
3,1135,596,598,201,604,609,602,1136,1133,600,607,594,202,1134
3,626,629,624,1367
3,1369,627,631
3,1139,628,625,619,611,630,623,1138,621,1140,204,205,1137,615,617,613
3,1377,644,641,639
3,1379,642,646
3,1141,632,640,634,1144,1142,638,208,1143,643,207,645,636
3,656,658,1387,661
3,1389,659,663
3,653,1146,655,657,651,1145,647,1148,662,660,210,211,649,1147
3,680,1397,677,675
3,682,1399,678
3,681,213,1151,672,676,668,1150,674,666,1152,1149,664,214,670,679
3,696,694,699,1407
3,701,1409,697
3,217,695,1156,216,689,698,687,693,700,683,1155,691,1153,1154,685
3,1417,712,709,707
3,710,714,1419
3,713,708,219,1160,704,706,1157,702,711,1159,220,1158
3,722,724,1427,727
3,725,729,1429
3,728,1163,1161,223,715,721,719,1164,717,222,1162,726,723
3,735,1437,740,737
3,738,1439,742
3,225,736,741,739,1167,734,730,226,732,1165,1166,1168
3,757,754,752,1447
3,755,1449,759
3,1170,756,753,228,758,743,1171,745,1172,1169,747,751,229,749
3,1457,767,765,770
3,1459,772,768
3,1175,766,231,769,762,1176,1174,764,771,232,1173,760
3,1467,778,780,783
3,781,1469,785
3,777,775,1178,1177,782,773,234,235,1179,784,779,1180
3,791,796,1477,793
3,1479,794,798
3,1183,788,797,237,1181,795,792,1182,790,786,238,1184
3,1487,804,806,809
3,1489,807,811
3,805,1188,1187,240,1185,241,810,799,1186,808,803,801
3,822,1497,817,819
3,1499,824,820
3,1189,1190,243,814,1192,244,823,816,818,1191,812,821
3,835,830,1507,832
3,837,1509,833
3,1195,246,1193,825,1196,831,829,1194,827,834,247,836
3,843,848,845,1517
3,850,1519,846
3,847,844,1197,1198,1199,849,842,838,1200,249,250,840
3,856,858,1527,861
3,859,863,1529
3,860,1202,862,853,252,851,253,855,1204,1203,857,1201
3,873,878,1537,875
3,1539,880,876
3,1206,866,879,870,256,877,255,868,1205,1208,872,874,864,1207
3,888,891,1547,886
3,1549,889,893
3,883,258,1212,1211,892,1210,887,885,881,1209,259,890
3,899,1557,901,904
3,1559,906,902
3,262,896,1213,1216,900,261,903,1214,894,905,1215,898
3,1567,912,917,914
3,919,1569,915
3,916,918,913,909,907,1218,1217,1219,911,265,1220,264
3,925,927,1577,930
3,1579,928,932
3,931,922,1223,1224,267,268,926,1221,924,929,920,1222
3,943,1587,940,938
3,945,1589,941
3,271,933,1225,944,942,937,939,935,1226,1228,270,1227
3,953,951,1597,956
3,1599,954,958
3,955,950,952,274,1229,1231,1232,948,1230,273,946,957
3,964,1607,966,969
3,971,967,1609
3,277,968,276,1235,959,1233,1236,963,970,961,1234,965
3,977,1617,982,979
3,980,984,1619
3,1240,983,974,280,978,1238,976,1239,972,1237,279,981
3,992,990,1627,995
3,997,993,1629
3,994,985,996,1243,1244,1241,987,991,282,989,1242,283
3,1003,1008,1005,1637
3,1639,1006,1010
3,1245,1246,1009,286,1248,1000,1004,1002,1007,1247,285,998
3,1647,1024,1022,1027
3,1649,1029,1025
3,289,1028,1249,1017,1015,1023,1019,1011,1251,1026,1250,1013,288,1252,1021
3,1051,1056,1657,1053
3,1054,1058,1659
3,291,1038,1036,1253,1042,1050,1040,1055,1048,1255,1034,1256,1032,292,1046,1030,1254,1057,1052,1044
3,1076,1079,1074,1667
3,1669,1077,1081
3,1075,1061,1071,295,1065,294,1059,1073,1067,1258,1063,1080,1078,1257,1259,1260,1069
3,1085,1092,1088,1677
3,1094,1087,1679
3,1672,1083,1674,1090
3,1264,1089,298,299,1084,297,1261,1091,1262,1093,1086,1082,1263
4,302
4,303
4
4,305
4
4,307
4
4,309
4,310
4
4,312
4
4,314
4
4,316
4
4,318
4
4,320
4
4,322
4,323
4
4,325
4
4,327
4
4,329
4
4,331
4
4,333
4,334
4
4,336
4
4,338
4
4,340
4
4,342
4
4,344
4
4,346
4
4,348
4,349
4
4,351
4
4,353
4
4,355
4
4,357
4
4,359
4
4,361
4
4,363
4,364
4
4,366
4
4,368
4
4,370
4,371
4
4,373
4
4,375
4
4,377
4
4,379
4
4,381
4
4,383
4,384
4
4,386
4
4,388
4
4,390
4
4,392
4
4,394
4
4,396
4
4,398
4
4,400
4
4,402
4,403
4
4,405
4
4,407
4
4,409
4
4,411
4,412
4
4,414
4
4,416
4
4,418
4
4,420
4
4,422
4,423
4
4,425
4
4,427
4
4,429
4
4,431
4,432
4
4,434
4
4,436
4
4,438
4
4,440
4
4,442
4,443
4
4,445
4
4,447
4
4,449
4,450
4
4,452
4
4,454
4
4,456
4,457
4
4,459
4
4,461
4
4,463
4
4,465
4,466
4
4,468
4
4,470
4
4,472
4
4,474
4
4,476
4,477
4
4,479
4
4,481
4,482
4
4,484
4
4,486
4
4,488
4
4,490
4
4,492
4,493
4
4,495
4
4,497
4
4,499
4
4,501
4
4,503
4
4,505
4,506
4
4,508
4
4,510
4
4,512
4
4,514
4
4,516
4
4,518
4
4,520
4
4,522
4,523
4
4,525
4
4,527
4
4,529
4
4,531
4
4,533
4
4,535
4
4,537
4
4,539
4,540
4
4,542
4
4,544
4
4,546
4
4,548
4
4,550
4
4,552
4
4,554
4,555
4
4,557
4
4,559
4
4,561
4
4,563
4
4,565
4
4,567
4,568
4
4,570
4
4,572
4
4,574
4
4,576
4
4,578
4
4,580
4
4,582
4
4,584
4
4,586
4
4,588
4,589
4
4,591
4
4,593
4
4,595
4
4,597
4
4,599
4
4,601
4
4,603
4
4,605
4,606
4
4,608
4
4,610
4
4,612
4
4,614
4
4,616
4
4,618
4
4,620
4
4,622
4
4,624
4
4,626
4,627
4
4,629
4
4,631
4
4,633
4
4,635
4
4,637
4
4,639
4
4,641
4,642
4
4,644
4
4,646
4
4,648
4
4,650
4
4,652
4
4,654
4
4,656
4
4,658
4,659
4
4,661
4
4,663
4
4,665
4
4,667
4
4,669
4
4,671
4
4,673
4
4,675
4
4,677
4,678
4
4,680
4
4,682
4
4,684
4
4,686
4
4,688
4
4,690
4
4,692
4
4,694
4
4,696
4,697
4
4,699
4
4,701
4
4,703
4
4,705
4
4,707
4
4,709
4,710
4
4,712
4
4,714
4
4,716
4
4,718
4
4,720
4
4,722
4
4,724
4,725
4
4,727
4
4,729
4
4,731
4
4,733
4
4,735
4
4,737
4,738
4
4,740
4
4,742
4
4,744
4
4,746
4
4,748
4
4,750
4
4,752
4
4,754
4,755
4
4,757
4
4,759
4
4,761
4
4,763
4
4,765
4
4,767
4,768
4
4,770
4
4,772
4
4,774
4
4,776
4
4,778
4
4,780
4,781
4
4,783
4
4,785
4
4,787
4
4,789
4
4,791
4
4,793
4,794
4
4,796
4
4,798
4
4,800
4
4,802
4
4,804
4
4,806
4,807
4
4,809
4
4,811
4
4,813
4
4,815
4
4,817
4
4,819
4,820
4
4,822
4
4,824
4
4,826
4
4,828
4
4,830
4
4,832
4,833
4
4,835
4
4,837
4
4,839
4
4,841
4
4,843
4
4,845
4,846
4
4,848
4
4,850
4
4,852
4
4,854
4
4,856
4
4,858
4,859
4
4,861
4
4,863
4
4,865
4
4,867
4
4,869
4
4,871
4
4,873
4
4,875
4,876
4
4,878
4
4,880
4
4,882
4
4,884
4
4,886
4
4,888
4,889
4
4,891
4
4,893
4
4,895
4
4,897
4
4,899
4
4,901
4,902
4
4,904
4
4,906
4
4,908
4
4,910
4
4,912
4
4,914
4,915
4
4,917
4
4,919
4
4,921
4
4,923
4
4,925
4
4,927
4,928
4
4,930
4
4,932
4
4,934
4
4,936
4
4,938
4
4,940
4,941
4
4,943
4
4,945
4
4,947
4
4,949
4
4,951
4
4,953
4,954
4
4,956
4
4,958
4
4,960
4
4,962
4
4,964
4
4,966
4,967
4
4,969
4
4,971
4
4,973
4
4,975
4
4,977
4
4,979
4,980
4
4,982
4
4,984
4
4,986
4
4,988
4
4,990
4
4,992
4,993
4
4,995
4
4,997
4
4,999
4
4,1001
4
4,1003
4
4,1005
4,1006
4
4,1008
4
4,1010
4
4,1012
4
4,1014
4
4,1016
4
4,1018
4
4,1020
4
4,1022
4
4,1024
4,1025
4
4,1027
4
4,1029
4
4,1031
4
4,1033
4
4,1035
4
4,1037
4
4,1039
4
4,1041
4
4,1043
4
4,1045
4
4,1047
4
4,1049
4
4,1051
4
4,1053
4,1054
4
4,1056
4
4,1058
4
4,1060
4
4,1062
4
4,1064
4
4,1066
4
4,1068
4
4,1070
4
4,1072
4
4,1074
4
4,1076
4,1077
4
4,1079
4
4,1081
4
4,1083
4
4,1085
4
4,1087
4,1088
4
4,1090
4
4,1092
4
4,1094
4
5,1265
5,1267
5,1269
5,1271
5,1273
5,1275
5,1277
5,1279
5,1281
5,1283
5,1285
5,1287
5,1289
5,1291
5,1293
5,1295
5,1297
5,1299
5,1301
5,1303
5,1305
5,1308
5,1310
5,1313
5,1315
5,1318
5,1320
5,1323
5,1325
5,1328
5,1330
5,1333
5,1335
5,1338
5,1340
5,1343
5,1345
5,1348
5,1350
5,1353
5,1355
5,1358
5,1360
5,1363
5,1365
5,1368
5,1370
5,1373
5,1375
5,1378
5,1380
5,1383
5,1385
5,1388
5,1390
5,1393
5,1395
5,1398
5,1400
5,1403
5,1405
5,1408
5,1410
5,1413
5,1415
5,1418
5,1420
5,1423
5,1425
5,1428
5,1430
5,1433
5,1435
5,1438
5,1440
5,1443
5,1445
5,1448
5,1450
5,1453
5,1455
5,1458
5,1460
5,1463
5,1465
5,1468
5,1470
5,1473
5,1475
5,1478
5,1480
5,1483
5,1485
5,1488
5,1490
5,1493
5,1495
5,1498
5,1500
5,1503
5,1505
5,1508
5,1510
5,1513
5,1515
5,1518
5,1520
5,1523
5,1525
5,1528
5,1530
5,1533
5,1535
5,1538
5,1540
5,1543
5,1545
5,1548
5,1550
5,1553
5,1555
5,1558
5,1560
5,1563
5,1565
5,1568
5,1570
5,1573
5,1575
5,1578
5,1580
5,1583
5,1585
5,1588
5,1590
5,1593
5,1595
5,1598
5,1600
5,1603
5,1605
5,1608
5,1610
5,1613
5,1615
5,1618
5,1620
5,1623
5,1625
5,1628
5,1630
5,1633
5,1635
5,1638
5,1640
5,1643
5,1645
5,1648
5,1650
5,1653
5,1655
5,1658
5,1660
5,1663
5,1665
5,1668
5,1670
5,1673
5,1675
5,1678
6,1266
6
6,1268
6
6,1270
6
6,1272
6
6,1274
6
6,1276
6
6,1278
6
6,1280
6
6,1282
6
6,1284
6
6,1286
6
6,1288
6
6,1290
6
6,1292
6
6,1294
6
6,1296
6
6,1298
6
6,1300
6
6,1302
6
6,1304
6
6,1306
6,1307
6
6,1309
6
6,1311
6,1312
6
6,1314
6
6,1316
6,1317
6
6,1319
6
6,1321
6,1322
6
6,1324
6
6,1326
6,1327
6
6,1329
6
6,1331
6,1332
6
6,1334
6
6,1336
6,1337
6
6,1339
6
6,1341
6,1342
6
6,1344
6
6,1346
6,1347
6
6,1349
6
6,1351
6,1352
6
6,1354
6
6,1356
6,1357
6
6,1359
6
6,1361
6,1362
6
6,1364
6
6,1366
6,1367
6
6,1369
6
6,1371
6,1372
6
6,1374
6
6,1376
6,1377
6
6,1379
6
6,1381
6,1382
6
6,1384
6
6,1386
6,1387
6
6,1389
6
6,1391
6,1392
6
6,1394
6
6,1396
6,1397
6
6,1399
6
6,1401
6,1402
6
6,1404
6
6,1406
6,1407
6
6,1409
6
6,1411
6,1412
6
6,1414
6
6,1416
6,1417
6
6,1419
6
6,1421
6,1422
6
6,1424
6
6,1426
6,1427
6
6,1429
6
6,1431
6,1432
6
6,1434
6
6,1436
6,1437
6
6,1439
6
6,1441
6,1442
6
6,1444
6
6,1446
6,1447
6
6,1449
6
6,1451
6,1452
6
6,1454
6
6,1456
6,1457
6
6,1459
6
6,1461
6,1462
6
6,1464
6
6,1466
6,1467
6
6,1469
6
6,1471
6,1472
6
6,1474
6
6,1476
6,1477
6
6,1479
6
6,1481
6,1482
6
6,1484
6
6,1486
6,1487
6
6,1489
6
6,1491
6,1492
6
6,1494
6
6,1496
6,1497
6
6,1499
6
6,1501
6,1502
6
6,1504
6
6,1506
6,1507
6
6,1509
6
6,1511
6,1512
6
6,1514
6
6,1516
6,1517
6
6,1519
6
6,1521
6,1522
6
6,1524
6
6,1526
6,1527
6
6,1529
6
6,1531
6,1532
6
6,1534
6
6,1536
6,1537
6
6,1539
6
6,1541
6,1542
6
6,1544
6
6,1546
6,1547
6
6,1549
6
6,1551
6,1552
6
6,1554
6
6,1556
6,1557
6
6,1559
6
6,1561
6,1562
6
6,1564
6
6,1566
6,1567
6
6,1569
6
6,1571
6,1572
6
6,1574
6
6,1576
6,1577
6
6,1579
6
6,1581
6,1582
6
6,1584
6
6,1586
6,1587
6
6,1589
6
6,1591
6,1592
6
6,1594
6
6,1596
6,1597
6
6,1599
6
6,1601
6,1602
6
6,1604
6
6,1606
6,1607
6
6,1609
6
6,1611
6,1612
6
6,1614
6
6,1616
6,1617
6
6,1619
6
6,1621
6,1622
6
6,1624
6
6,1626
6,1627
6
6,1629
6
6,1631
6,1632
6
6,1634
6
6,1636
6,1637
6
6,1639
6
6,1641
6,1642
6
6,1644
6
6,1646
6,1647
6
6,1649
6
6,1651
6,1652
6
6,1654
6
6,1656
6,1657
6
6,1659
6
6,1661
6,1662
6
6,1664
6
6,1666
6,1667
6
6,1669
6
6,1671
6,1672
6
6,1674
6
6,1676
6,1677
6
6,1679
6
14,93,1691
12
12,689,1277,1269,1279,1042,600,481,745,1303,1069,687,775,1013,1034,1067,1291,974,1063,348,866,1297,1046,562,505,598,431,1273,619,827,442,691,666,651,596,762,987,1048,801,613,1071,1065,465,883,747,922,1019,363,704,383,1032,575,961,1283,530,668,868,1285,672,402,788,1040,1265,732,1038,1293,1299,617,333,719,1289,1267,896,870,1295,670,1287,840,749,1281,449,649,549,1275,685,1036,492,322,853,814,948,534,579,302,909,634,547,1000,370,615,1044,653,1301,935,1061,636,1271,456,581,411,309,1015,577,583,621,532,717,1017,476,422
12,766,792,857,566,604,831,587,978,900,657,753,640,1075,874,1052,695,844,818,991,887,952,1086,553,939,805,723,538,1023,926,521,965,913,625,1004,708,779,736,676
12,96,132,110,1573,100,98,140,144,1593,1463,108,154,164,104,1323,1473,1413,1503,1423,142,1313,124,146,1443,156,1433,122,112,1403,128,126,94,130,1623,162,1363,1543,1373,160,1333,1653,1483,1513,158,1563,1343,102,1553,150,1523,1643,116,1633,152,1583,1383,1453,120,1663,136,106,1613,148,1533,1493,118,1393,134,1603,138,1353,114
12,829,1458,790,1366,950,1448,1596,1616,1568,602,674,885,1358,898,1356,1021,1398,1546,1538,1526,1558,764,1478,1428,1638,1326,1468,1608,1050,1628,1648,721,989,1408,1506,1508,1548,1476,1676,1438,1588,1666,1598,1658,1318,655,1308,855,937,1516,1518,1466,1488,1306,1536,1388,1528,1636,706,1336,585,564,911,1678,1084,638,1346,536,519,1656,1436,1376,1496,1498,1668,1606,1626,963,1328,872,1416,1556,777,1618,1586,1446,924,1566,693,551,1073,1002,1396,1646,1578,1486,1386,751,1456,1348,1426,1316,1406,734,803,842,1338,1378,1576,976,1368,816,623,1418
12,647,500,391,1351,1381,1631,513,337,496,460,1411,358,1341,998,1431,376,424,1311,851,433,972,1401,324,933,306,1481,343,311,339,350,1491,1571,985,439,374,317,419,389,1621,632,760,487,494,469,326,515,1011,560,399,345,372,1371,573,352,730,511,360,1651,428,715,478,397,1030,330,1521,341,489,1661,328,920,1581,1391,1421,743,1331,894,1321,417,356,354,1471,406,1059,1611,946,517,467,437,907,473,509,365,528,498,404,1441,395,881,812,825,378,1451,380,683,435,335,485,444,1673,502,864,451,1641,408,1511,426,446,1531,1561,702,1461,413,1591,393,594,453,838,1551,415,385,367,313,799,507,471,387,462,483,664,1361,773,319,545,1501,315,611,959,1541,458,304,1601,786
12,524,630,769,808,1026,681,662,713,849,784,1009,590,700,944,836,726,1028,782,996,711,679,1093,942,862,797,955,957,970,571,905,771,931,918,756,541,526,860,758,1007,968,834,1080,823,739,877,569,994,983,929,1078,643,741,645,821,1055,728,810,879,558,916,903,892,890,698,1057,981,1091,607,543,795,556,609,592,628,660,847
12,1089
12
12,1082,1671
7,1692
15