0
0
0
0
0
0
0
0
0
0
0
0
0
0
0
0
0
0
0
0
0
0
0
0
0
0
0
0
0
0
0
0
0
0
0
0
0
0,515,305,1286,1284,95,453
0,113,1296,1294,367,530
0,314,1304,543,497,115,1306
0,558,1316,1314,340,117
0,369,1324,354,345,119,571,1326,384
0,1334,590,437,1336,121
0,1346,123,1344,356,603,347,475
0,1356,620,404,316,395,331,1354,358,125
0,333,419,1366,371,127,1364,349,641,386
0,406,1374,129,373,1376,662,318
0,499,421,360,1384,397,131,1386,679,375
0,700,97,1396,1394,464
0,423,408,1406,713,133,1404
0,307,425,1416,388,728,135,1414
0,1424,137,745,1426,399
0,758,1436,139,362,1434
0,141,1446,457,771,1444,410,439
0,412,788,1454,1456,143
0,320,801,1464,1466,145
0,1474,814,1476,477,147
0,377,1484,827,149,1486
0,151,840,1494,1496,390
0,1506,430,853,99,1504,444
0,322,1514,1516,153,868
0,479,1524,155,1526,881
0,157,1536,448,894,1534
0,159,1544,1546,907,490
0,459,920,161,1554,1556
0,163,933,1564,1566,481
0,1576,1574,414,946,165
0,959,327,1584,101,1586
0,103,455,972,1594,1596
0,985,486,105,1606,446,466,495,1604
0,504,312,488,1616,329,1004,1614,107,471
0,1624,473,1626,109,432,1025
0,1040,382,338,111,1636,1634
0,1238,517,303,730
0,547,803,664,622,310,1240,1012,870
0,1242,325,643,961,1014,624
0,560,336,1244,1042
0,1246,573,645,607,343
0,626,575,352,1248,609,683,760
0,666,532,577,365,829,1250,647,685
0,649,1044,579,842,1252,380,732
0,687,1254,747,393,628
0,790,402,775,1256,948,715,630,668
0,417,1258,651,734,717,689
0,428,1260,855,1027
0,777,1262,435,592
0,987,896,1264,442,857
0,1266,519,922,451,974,773
0,1268,462,989,702
0,1006,605,469,1029,816,1270,883,935
0,484,909,991,1272,1008
0,545,993,681,493,1274
0,502,1276,1010
1,1664
2,95
2
2,97
2
2,99
2
2,101
2
2,103
2
2,105
2
2,107
2
2,109
2
2,111
2
2,113
2
2,115
2
2,117
2
2,119
2
2,121
2
2,123
2
2,125
2
2,127
2
2,129
2
2,131
2
2,133
2
2,135
2
2,137
2
2,139
2
2,141
2
2,143
2
2,145
2
2,147
2
2,149
2
2,151
2
2,153
2
2,155
2
2,157
2
2,159
2
2,161
2
2,163
2
2,165
2
3,306,304,301,1067
3,317,313,321,319,315,311,308,1068
3,323,332,326,328,330,1069
3,1070,339,334,337
3,346,344,341,348,1071
3,350,359,1072,357,353,355,361
3,363,1073,368,372,366,374,376,370
3,383,1074,389,387,385,381,378
3,396,391,394,398,1075
3,403,411,400,405,409,1076,407,413
3,418,424,420,415,422,1077
3,431,426,1078,429
3,1079,436,438,433
3,443,1080,445,447,440
3,456,458,449,452,1081,454
3,1082,463,460,465
3,472,480,478,1083,474,476,470,467
3,482,487,1084,489,485
3,1085,496,498,491,494
3,1086,500,503
3,1281,513,509
3,506,508,511,1279
3,510,505,187,1088,512,1087,507,1663,186
3,1289,523,521,526
3,1291,528,524
3,527,516,1091,522,518,1092,525,520,189,1090,190,514,1089
3,539,534,1299,536
3,537,1301,541
3,1095,533,193,1094,1093,531,192,1096,535,538,540,529
3,1309,554,551,549
3,552,1311,556
3,555,542,1099,546,195,1097,196,544,1098,1100,548,550,553
3,567,562,564,1319
3,1321,565,569
3,563,568,198,1103,1102,557,199,559,566,1101,561,1104
3,581,1329,583,586
3,584,1331,588
3,1107,572,587,574,201,585,578,582,580,1108,1105,576,570,202,1106
3,594,596,1339,599
3,1341,601,597
3,600,589,1111,593,1110,1112,205,204,595,1109,598,591
3,1349,613,611,616
3,1351,618,614
3,1113,612,602,1116,604,617,1114,610,208,1115,608,207,615,606
3,637,1359,634,632
3,1361,639,635
3,625,1118,623,1117,638,633,631,619,627,1120,210,211,636,621,629,1119
3,655,658,1369,653
3,1371,656,660
3,648,657,213,1123,659,644,1122,650,654,642,1124,652,1121,640,214,646
3,675,1379,672,670
3,673,1381,677
3,217,669,674,676,1128,216,667,665,661,1127,1125,671,1126,663
3,1389,691,696,693
3,694,698,1391
3,695,692,688,682,697,219,1132,684,680,686,1129,678,1131,690,220,1130
3,706,709,704,1399
3,707,711,1401
3,705,1135,699,1133,708,223,1136,703,701,222,1134,710
3,724,1409,721,719
3,722,1411,726
3,720,718,225,723,1139,716,712,226,714,725,1137,1138,1140
3,741,738,736,1419
3,739,1421,743
3,1142,740,1143,737,1141,228,742,727,729,1144,731,735,229,733
3,749,1429,751,754
3,1431,756,752
3,1147,750,231,753,746,1148,1146,748,755,232,1145,744
3,1439,767,762,764
3,765,1441,769
3,759,1150,1149,766,761,757,234,235,1151,768,763,1152
3,784,781,779,1449
3,786,782,1451
3,1155,783,778,772,776,1153,780,237,785,1154,770,238,774,1156
3,1459,792,794,797
3,795,1461,799
3,793,1159,240,1157,241,798,787,1158,1160,796,791,789
3,810,1469,805,807
3,1471,808,812
3,804,243,1162,802,1164,811,244,806,1161,800,809,1163
3,1479,818,820,823
3,825,1481,821
3,1167,246,1165,813,1168,247,817,819,1166,815,822,824
3,831,833,1489,836
3,838,1491,834
3,835,832,1169,1170,1171,1172,837,830,826,249,250,828
3,1499,846,849,844
3,851,847,1501
3,841,848,1174,850,252,253,843,1176,839,1175,845,1173
3,859,1509,864,861
3,1511,866,862
3,255,1178,863,854,256,865,856,860,1177,1180,852,858,1179
3,872,874,877,1519
3,875,879,1521
3,869,258,1184,1183,878,1182,873,871,867,1181,259,876
3,885,1529,887,890
3,1531,892,888
3,1185,1188,886,889,261,262,882,1186,880,891,1187,884
3,1539,898,903,900
3,905,1541,901
3,902,899,895,893,1190,1189,1191,897,265,904,264,1192
3,913,1549,916,911
3,1551,914,918
3,908,1195,910,1196,267,912,1193,915,268,917,906,1194
3,929,1559,926,924
3,931,1561,927
3,271,919,1197,930,928,923,925,1198,1200,270,921,1199
3,939,937,1569,942
3,1571,940,944
3,941,936,938,1201,274,1203,1204,934,1202,273,932,943
3,950,1579,952,955
3,957,953,1581
3,947,277,276,954,1207,1205,1208,949,956,1206,951,945
3,963,1589,968,965
3,966,970,1591
3,1212,960,280,964,1210,962,969,1211,958,1209,279,967
3,978,976,1599,981
3,983,979,1601
3,980,982,971,1215,1216,975,1213,973,282,1214,283,977
3,997,995,1609,1000
3,1611,998,1002
3,994,1217,996,984,286,1220,988,990,992,986,999,1218,1219,285,1001
3,1619,1021,1016,1018
3,1621,1023,1019
3,289,1020,1003,1013,1221,1015,1222,1017,1022,1009,1007,1011,1223,1005,288,1224
3,1036,1629,1031,1033
3,1038,1034,1631
3,1032,291,1225,1037,1030,1028,1228,1026,1035,292,1024,1227,1226
3,1051,1639,1046,1048
3,1049,1641,1053
3,1041,1047,294,1045,1050,1039,1230,1043,1229,1231,295,1052,1232
3,1057,1064,1060,1649
3,1066,1059,1651
3,1644,1055,1646,1062
3,1236,1061,299,1056,298,297,1065,1233,1063,1234,1058,1054,1235
4,302
4,303
4
4,305
4
4,307
4
4,309
4,310
4
4,312
4
4,314
4
4,316
4
4,318
4
4,320
4
4,322
4
4,324
4,325
4
4,327
4
4,329
4
4,331
4
4,333
4
4,335
4,336
4
4,338
4
4,340
4
4,342
4,343
4
4,345
4
4,347
4
4,349
4
4,351
4,352
4
4,354
4
4,356
4
4,358
4
4,360
4
4,362
4
4,364
4,365
4
4,367
4
4,369
4
4,371
4
4,373
4
4,375
4
4,377
4
4,379
4,380
4
4,382
4
4,384
4
4,386
4
4,388
4
4,390
4
4,392
4,393
4
4,395
4
4,397
4
4,399
4
4,401
4,402
4
4,404
4
4,406
4
4,408
4
4,410
4
4,412
4
4,414
4
4,416
4,417
4
4,419
4
4,421
4
4,423
4
4,425
4
4,427
4,428
4
4,430
4
4,432
4
4,434
4,435
4
4,437
4
4,439
4
4,441
4,442
4
4,444
4
4,446
4
4,448
4
4,450
4,451
4
4,453
4
4,455
4
4,457
4
4,459
4
4,461
4,462
4
4,464
4
4,466
4
4,468
4,469
4
4,471
4
4,473
4
4,475
4
4,477
4
4,479
4
4,481
4
4,483
4,484
4
4,486
4
4,488
4
4,490
4
4,492
4,493
4
4,495
4
4,497
4
4,499
4
4,501
4,502
4
4,504
4
4,506
4
4,508
4,509
4
4,511
4
4,513
4
4,515
4
4,517
4
4,519
4
4,521
4
4,523
4,524
4
4,526
4
4,528
4
4,530
4
4,532
4
4,534
4
4,536
4,537
4
4,539
4
4,541
4
4,543
4
4,545
4
4,547
4
4,549
4
4,551
4,552
4
4,554
4
4,556
4
4,558
4
4,560
4
4,562
4
4,564
4,565
4
4,567
4
4,569
4
4,571
4
4,573
4
4,575
4
4,577
4
4,579
4
4,581
4
4,583
4,584
4
4,586
4
4,588
4
4,590
4
4,592
4
4,594
4
4,596
4,597
4
4,599
4
4,601
4
4,603
4
4,605
4
4,607
4
4,609
4
4,611
4
4,613
4,614
4
4,616
4
4,618
4
4,620
4
4,622
4
4,624
4
4,626
4
4,628
4
4,630
4
4,632
4
4,634
4,635
4
4,637
4
4,639
4
4,641
4
4,643
4
4,645
4
4,647
4
4,649
4
4,651
4
4,653
4
4,655
4,656
4
4,658
4
4,660
4
4,662
4
4,664
4
4,666
4
4,668
4
4,670
4
4,672
4,673
4
4,675
4
4,677
4
4,679
4
4,681
4
4,683
4
4,685
4
4,687
4
4,689
4
4,691
4
4,693
4,694
4
4,696
4
4,698
4
4,700
4
4,702
4
4,704
4
4,706
4,707
4
4,709
4
4,711
4
4,713
4
4,715
4
4,717
4
4,719
4
4,721
4,722
4
4,724
4
4,726
4
4,728
4
4,730
4
4,732
4
4,734
4
4,736
4
4,738
4,739
4
4,741
4
4,743
4
4,745
4
4,747
4
4,749
4
4,751
4,752
4
4,754
4
4,756
4
4,758
4
4,760
4
4,762
4
4,764
4,765
4
4,767
4
4,769
4
4,771
4
4,773
4
4,775
4
4,777
4
4,779
4
4,781
4,782
4
4,784
4
4,786
4
4,788
4
4,790
4
4,792
4
4,794
4,795
4
4,797
4
4,799
4
4,801
4
4,803
4
4,805
4
4,807
4,808
4
4,810
4
4,812
4
4,814
4
4,816
4
4,818
4
4,820
4,821
4
4,823
4
4,825
4
4,827
4
4,829
4
4,831
4
4,833
4,834
4
4,836
4
4,838
4
4,840
4
4,842
4
4,844
4
4,846
4,847
4
4,849
4
4,851
4
4,853
4
4,855
4
4,857
4
4,859
4
4,861
4,862
4
4,864
4
4,866
4
4,868
4
4,870
4
4,872
4
4,874
4,875
4
4,877
4
4,879
4
4,881
4
4,883
4
4,885
4
4,887
4,888
4
4,890
4
4,892
4
4,894
4
4,896
4
4,898
4
4,900
4,901
4
4,903
4
4,905
4
4,907
4
4,909
4
4,911
4
4,913
4,914
4
4,916
4
4,918
4
4,920
4
4,922
4
4,924
4
4,926
4,927
4
4,929
4
4,931
4
4,933
4
4,935
4
4,937
4
4,939
4,940
4
4,942
4
4,944
4
4,946
4
4,948
4
4,950
4
4,952
4,953
4
4,955
4
4,957
4
4,959
4
4,961
4
4,963
4
4,965
4,966
4
4,968
4
4,970
4
4,972
4
4,974
4
4,976
4
4,978
4,979
4
4,981
4
4,983
4
4,985
4
4,987
4
4,989
4
4,991
4
4,993
4
4,995
4
4,997
4,998
4
4,1000
4
4,1002
4
4,1004
4
4,1006
4
4,1008
4
4,1010
4
4,1012
4
4,1014
4
4,1016
4
4,1018
4,1019
4
4,1021
4
4,1023
4
4,1025
4
4,1027
4
4,1029
4
4,1031
4
4,1033
4,1034
4
4,1036
4
4,1038
4
4,1040
4
4,1042
4
4,1044
4
4,1046
4
4,1048
4,1049
4
4,1051
4
4,1053
4
4,1055
4
4,1057
4
4,1059
4,1060
4
4,1062
4
4,1064
4
4,1066
4
5,1237
5,1239
5,1241
5,1243
5,1245
5,1247
5,1249
5,1251
5,1253
5,1255
5,1257
5,1259
5,1261
5,1263
5,1265
5,1267
5,1269
5,1271
5,1273
5,1275
5,1277
5,1280
5,1282
5,1285
5,1287
5,1290
5,1292
5,1295
5,1297
5,1300
5,1302
5,1305
5,1307
5,1310
5,1312
5,1315
5,1317
5,1320
5,1322
5,1325
5,1327
5,1330
5,1332
5,1335
5,1337
5,1340
5,1342
5,1345
5,1347
5,1350
5,1352
5,1355
5,1357
5,1360
5,1362
5,1365
5,1367
5,1370
5,1372
5,1375
5,1377
5,1380
5,1382
5,1385
5,1387
5,1390
5,1392
5,1395
5,1397
5,1400
5,1402
5,1405
5,1407
5,1410
5,1412
5,1415
5,1417
5,1420
5,1422
5,1425
5,1427
5,1430
5,1432
5,1435
5,1437
5,1440
5,1442
5,1445
5,1447
5,1450
5,1452
5,1455
5,1457
5,1460
5,1462
5,1465
5,1467
5,1470
5,1472
5,1475
5,1477
5,1480
5,1482
5,1485
5,1487
5,1490
5,1492
5,1495
5,1497
5,1500
5,1502
5,1505
5,1507
5,1510
5,1512
5,1515
5,1517
5,1520
5,1522
5,1525
5,1527
5,1530
5,1532
5,1535
5,1537
5,1540
5,1542
5,1545
5,1547
5,1550
5,1552
5,1555
5,1557
5,1560
5,1562
5,1565
5,1567
5,1570
5,1572
5,1575
5,1577
5,1580
5,1582
5,1585
5,1587
5,1590
5,1592
5,1595
5,1597
5,1600
5,1602
5,1605
5,1607
5,1610
5,1612
5,1615
5,1617
5,1620
5,1622
5,1625
5,1627
5,1630
5,1632
5,1635
5,1637
5,1640
5,1642
5,1645
5,1647
5,1650
6,1238
6
6,1240
6
6,1242
6
6,1244
6
6,1246
6
6,1248
6
6,1250
6
6,1252
6
6,1254
6
6,1256
6
6,1258
6
6,1260
6
6,1262
6
6,1264
6
6,1266
6
6,1268
6
6,1270
6
6,1272
6
6,1274
6
6,1276
6
6,1278
6,1279
6
6,1281
6
6,1283
6,1284
6
6,1286
6
6,1288
6,1289
6
6,1291
6
6,1293
6,1294
6
6,1296
6
6,1298
6,1299
6
6,1301
6
6,1303
6,1304
6
6,1306
6
6,1308
6,1309
6
6,1311
6
6,1313
6,1314
6
6,1316
6
6,1318
6,1319
6
6,1321
6
6,1323
6,1324
6
6,1326
6
6,1328
6,1329
6
6,1331
6
6,1333
6,1334
6
6,1336
6
6,1338
6,1339
6
6,1341
6
6,1343
6,1344
6
6,1346
6
6,1348
6,1349
6
6,1351
6
6,1353
6,1354
6
6,1356
6
6,1358
6,1359
6
6,1361
6
6,1363
6,1364
6
6,1366
6
6,1368
6,1369
6
6,1371
6
6,1373
6,1374
6
6,1376
6
6,1378
6,1379
6
6,1381
6
6,1383
6,1384
6
6,1386
6
6,1388
6,1389
6
6,1391
6
6,1393
6,1394
6
6,1396
6
6,1398
6,1399
6
6,1401
6
6,1403
6,1404
6
6,1406
6
6,1408
6,1409
6
6,1411
6
6,1413
6,1414
6
6,1416
6
6,1418
6,1419
6
6,1421
6
6,1423
6,1424
6
6,1426
6
6,1428
6,1429
6
6,1431
6
6,1433
6,1434
6
6,1436
6
6,1438
6,1439
6
6,1441
6
6,1443
6,1444
6
6,1446
6
6,1448
6,1449
6
6,1451
6
6,1453
6,1454
6
6,1456
6
6,1458
6,1459
6
6,1461
6
6,1463
6,1464
6
6,1466
6
6,1468
6,1469
6
6,1471
6
6,1473
6,1474
6
6,1476
6
6,1478
6,1479
6
6,1481
6
6,1483
6,1484
6
6,1486
6
6,1488
6,1489
6
6,1491
6
6,1493
6,1494
6
6,1496
6
6,1498
6,1499
6
6,1501
6
6,1503
6,1504
6
6,1506
6
6,1508
6,1509
6
6,1511
6
6,1513
6,1514
6
6,1516
6
6,1518
6,1519
6
6,1521
6
6,1523
6,1524
6
6,1526
6
6,1528
6,1529
6
6,1531
6
6,1533
6,1534
6
6,1536
6
6,1538
6,1539
6
6,1541
6
6,1543
6,1544
6
6,1546
6
6,1548
6,1549
6
6,1551
6
6,1553
6,1554
6
6,1556
6
6,1558
6,1559
6
6,1561
6
6,1563
6,1564
6
6,1566
6
6,1568
6,1569
6
6,1571
6
6,1573
6,1574
6
6,1576
6
6,1578
6,1579
6
6,1581
6
6,1583
6,1584
6
6,1586
6
6,1588
6,1589
6
6,1591
6
6,1593
6,1594
6
6,1596
6
6,1598
6,1599
6
6,1601
6
6,1603
6,1604
6
6,1606
6
6,1608
6,1609
6
6,1611
6
6,1613
6,1614
6
6,1616
6
6,1618
6,1619
6
6,1621
6
6,1623
6,1624
6
6,1626
6
6,1628
6,1629
6
6,1631
6
6,1633
6,1634
6
6,1636
6
6,1638
6,1639
6
6,1641
6
6,1643
6,1644
6
6,1646
6
6,1648
6,1649
6
6,1651
6
14,93,1663
12
12,667,1249,1241,1251,1013,576,483,729,1275,1265,665,731,759,1005,1263,960,342,854,1269,629,544,1028,501,574,427,608,1245,815,642,623,572,746,627,973,789,591,990,518,992,434,461,869,908,1011,351,680,776,559,947,1255,516,644,682,856,1257,648,392,1237,714,1026,1271,1261,1239,335,882,1267,988,646,1259,828,546,716,1253,441,621,1247,663,492,324,841,802,934,302,650,686,895,604,688,531,986,364,1043,733,625,1273,921,1041,606,1243,379,450,578,772,401,774,309,1007,701,684,1009,468,416
12,860,750,845,873,819,964,886,550,705,535,951,899,595,737,654,720,1032,692,1017,671,563,582,832,633,612,996,806,977,938,1058,925,793,1047,912,507,780,522,763
12,96,132,110,1545,100,98,140,144,1565,1435,108,154,164,104,1295,1445,1385,1475,1395,1425,142,1285,124,146,1415,156,1405,122,112,1375,128,126,94,130,1595,162,1335,1515,1345,160,1305,1455,1485,158,1535,1315,102,1525,150,1625,1495,1615,116,1585,1605,152,1555,1355,120,1635,136,106,148,1505,1465,118,1365,134,1575,138,1325,114
12,817,1430,1338,936,1420,1568,1588,735,871,1330,1045,1328,1370,1518,669,1510,1498,748,910,1448,1450,1400,1610,690,1298,1440,1580,1600,1620,975,1478,1480,1520,1648,1410,1560,1638,1570,1290,1280,1530,843,923,1490,1438,1460,1278,1508,1360,533,548,1500,994,1608,1300,1308,897,1650,1056,561,1318,778,505,1408,520,1348,1468,1470,1640,1538,1578,1015,580,1598,949,1380,652,1388,1488,1528,761,884,1590,858,1558,1418,1540,1368,1618,1550,1458,1358,631,1428,593,1030,1320,1398,1288,1378,1628,791,610,703,830,718,1310,1350,1548,962,1630,1340,804,1390
12,619,387,1323,1353,1603,409,339,496,1383,1313,984,1403,370,418,368,839,429,958,1373,326,359,919,306,1453,311,344,514,1463,1543,971,413,476,317,385,1593,602,424,744,489,494,465,328,1003,542,366,1343,557,346,321,712,478,454,376,1623,422,699,470,1024,332,1493,1633,330,906,1553,1363,1393,727,1303,357,880,1293,407,1443,396,474,1039,1583,1613,932,463,480,893,353,458,374,498,394,1283,800,813,372,1423,661,529,431,337,487,1473,436,1645,852,443,1413,398,1483,420,472,438,1503,1533,678,1433,403,1563,389,570,445,826,1523,640,405,381,867,447,355,313,787,503,383,456,485,361,1333,757,319,411,348,315,589,945,1513,452,304,1573,770
12,876,636,510,753,796,657,697,837,725,600,768,525,638,930,695,824,710,1020,766,982,1065,587,850,674,941,811,943,1037,956,553,891,1050,917,904,740,617,527,512,848,785,742,954,598,822,659,566,865,1022,980,969,915,555,723,1035,615,809,783,863,755,798,1001,928,568,999,902,889,878,676,967,1063,540,538,585,708,1052,835
12,1061
12
12,1054,1643
7,1664
15