0
0
0
0
0
0
0
0
0
0
0
0
0
0
0
0
0
0
0
0
0
0
0
0
0
0
0
0
0
0,247,327,236,225,868,870,67
0,880,344,85,229,878
0,888,357,87,255,890
0,370,900,89,257,898
0,383,910,91,908,259
0,238,918,920,93,396
0,95,314,928,409,930
0,422,940,97,270,938
0,231,99,948,950,435
0,958,101,272,448,960
0,274,968,461,970,103
0,249,980,69,227,978,283,474
0,990,316,491,105,988
0,276,504,1000,107,998
0,109,303,517,1008,1010,261
0,1018,111,240,1020,532
0,113,1030,1028,545,289
0,558,1038,115,1040,242
0,278,1050,1048,117,571
0,1060,1058,584,298,119
0,1068,121,1070,597,291
0,610,71,1080,1078,251
0,266,1088,73,623,1090,253
0,75,1098,308,638,285,1100,296
0,77,1110,655,1108,268
0,287,1118,1120,79,668
0,1128,310,81,681,1130
0,694,1140,1138,83,312
0,437,223,346,846,476,329
0,534,848,331,234,560,398
0,850,612,385,333,478,359,519,372,245,625
0,573,657,852,424,627,264,463,506,450
0,854,480,599,547,670,640,281
0,294,586,642,856
0,858,301,521
0,493,696,860,306,644,683,411
1,1168
2,67
2
2,69
2
2,71
2
2,73
2
2,75
2
2,77
2
2,79
2
2,81
2
2,83
2
2,85
2
2,87
2
2,89
2
2,91
2
2,93
2
2,95
2
2,97
2
2,99
2
2,101
2
2,103
2
2,105
2
2,107
2
2,109
2
2,111
2
2,113
2
2,115
2
2,117
2
2,119
2
2,121
2
3,226,228,230,221,719,224
3,241,720,237,239,235,232
3,721,246,254,243,252,250,260,256,248,258
3,265,271,262,722,273,277,275,267,269
3,279,723,290,286,288,284,282
3,292,295,297,724
3,299,302,725
3,309,307,311,315,726,313,304
3,321,865,325
3,863,320,318,323
3,131,322,324,319,317,728,1167,130,727
3,873,335,337,340
3,342,338,875
3,731,336,729,326,334,133,732,332,328,730,330,341,339,134
3,350,348,353,883
3,351,885,355
3,735,736,354,136,137,733,347,345,343,734,349,352
3,893,363,366,361
3,368,364,895
3,360,739,358,139,737,362,356,738,365,740,367,140
3,379,903,374,376
3,381,905,377
3,743,142,369,741,744,375,742,380,373,143,371,378
3,389,392,913,387
3,915,390,394
3,145,747,384,745,391,382,146,746,393,388,386,748
3,923,400,402,405
3,403,407,925
3,395,399,751,148,750,149,749,401,397,406,404,752
3,413,418,415,933
3,935,416,420
3,756,753,419,417,414,152,151,408,754,410,755,412
3,431,428,426,943
3,429,433,945
3,757,758,425,427,430,432,760,421,759,423,155,154
3,953,441,444,439
3,442,446,955
3,764,761,440,445,158,762,443,434,157,438,436,763
3,963,452,457,454
3,455,965,459
3,160,767,768,456,449,765,766,161,453,451,458,447
3,465,467,973,470
3,975,472,468
3,471,462,770,164,460,771,469,769,466,163,464,772
3,484,482,487,983
3,489,985,485
3,166,479,481,774,488,483,477,486,167,776,475,775,473,773
3,993,500,497,495
3,995,498,502
3,501,780,496,777,778,494,170,779,492,490,169,499
3,513,508,1003,510
3,511,1005,515
3,507,781,784,509,503,172,782,783,514,505,173,512
3,525,523,1013,528
3,526,1015,530
3,524,520,786,529,787,785,175,518,522,176,788,527,516
3,541,536,538,1023
3,1025,539,543
3,792,537,178,179,791,789,790,542,535,540,531,533
3,554,1033,549,551
3,1035,552,556
3,794,553,793,550,181,795,182,555,544,796,548,546
3,562,564,1043,567
3,1045,569,565
3,798,568,563,800,561,184,559,566,797,799,557,185
3,575,1053,580,577
3,1055,578,582
3,570,576,579,581,802,801,574,803,804,572,188,187
3,588,593,590,1063
3,1065,591,595
3,585,808,191,190,583,589,587,805,807,592,594,806
3,1073,601,606,603
3,608,1075,604
3,810,812,602,194,600,598,605,607,811,596,809,193
3,614,1083,619,616
3,617,1085,621
3,816,815,613,620,615,196,813,609,197,611,618,814
3,1093,634,631,629
3,636,1095,632
3,199,633,624,820,817,200,622,635,626,628,818,819,630
3,646,1103,648,651
3,653,649,1105
3,643,647,637,202,650,639,652,645,824,822,821,203,641,823
3,659,1113,664,661
3,662,1115,666
3,663,826,658,206,205,660,665,654,828,827,825,656
3,672,674,677,1123
3,1125,679,675
3,678,208,209,676,669,673,831,671,667,830,832,829
3,687,690,1133,685
3,692,688,1135
3,684,212,836,682,689,211,691,833,835,834,686,680
3,1143,703,698,700
3,701,705,1145
3,837,704,838,839,215,840,693,699,695,697,214,702
3,712,716,709,1153
3,1155,718,711
3,1150,1148,714,707
3,710,706,844,217,715,717,843,219,842,708,841,218,713
4,222
4,223
4
4,225
4
4,227
4
4,229
4
4,231
4
4,233
4,234
4
4,236
4
4,238
4
4,240
4
4,242
4
4,244
4,245
4
4,247
4
4,249
4
4,251
4
4,253
4
4,255
4
4,257
4
4,259
4
4,261
4
4,263
4,264
4
4,266
4
4,268
4
4,270
4
4,272
4
4,274
4
4,276
4
4,278
4
4,280
4,281
4
4,283
4
4,285
4
4,287
4
4,289
4
4,291
4
4,293
4,294
4
4,296
4
4,298
4
4,300
4,301
4
4,303
4
4,305
4,306
4
4,308
4
4,310
4
4,312
4
4,314
4
4,316
4
4,318
4
4,320
4,321
4
4,323
4
4,325
4
4,327
4
4,329
4
4,331
4
4,333
4
4,335
4
4,337
4,338
4
4,340
4
4,342
4
4,344
4
4,346
4
4,348
4
4,350
4,351
4
4,353
4
4,355
4
4,357
4
4,359
4
4,361
4
4,363
4,364
4
4,366
4
4,368
4
4,370
4
4,372
4
4,374
4
4,376
4,377
4
4,379
4
4,381
4
4,383
4
4,385
4
4,387
4
4,389
4,390
4
4,392
4
4,394
4
4,396
4
4,398
4
4,400
4
4,402
4,403
4
4,405
4
4,407
4
4,409
4
4,411
4
4,413
4
4,415
4,416
4
4,418
4
4,420
4
4,422
4
4,424
4
4,426
4
4,428
4,429
4
4,431
4
4,433
4
4,435
4
4,437
4
4,439
4
4,441
4,442
4
4,444
4
4,446
4
4,448
4
4,450
4
4,452
4
4,454
4,455
4
4,457
4
4,459
4
4,461
4
4,463
4
4,465
4
4,467
4,468
4
4,470
4
4,472
4
4,474
4
4,476
4
4,478
4
4,480
4
4,482
4
4,484
4,485
4
4,487
4
4,489
4
4,491
4
4,493
4
4,495
4
4,497
4,498
4
4,500
4
4,502
4
4,504
4
4,506
4
4,508
4
4,510
4,511
4
4,513
4
4,515
4
4,517
4
4,519
4
4,521
4
4,523
4
4,525
4,526
4
4,528
4
4,530
4
4,532
4
4,534
4
4,536
4
4,538
4,539
4
4,541
4
4,543
4
4,545
4
4,547
4
4,549
4
4,551
4,552
4
4,554
4
4,556
4
4,558
4
4,560
4
4,562
4
4,564
4,565
4
4,567
4
4,569
4
4,571
4
4,573
4
4,575
4
4,577
4,578
4
4,580
4
4,582
4
4,584
4
4,586
4
4,588
4
4,590
4,591
4
4,593
4
4,595
4
4,597
4
4,599
4
4,601
4
4,603
4,604
4
4,606
4
4,608
4
4,610
4
4,612
4
4,614
4
4,616
4,617
4
4,619
4
4,621
4
4,623
4
4,625
4
4,627
4
4,629
4
4,631
4,632
4
4,634
4
4,636
4
4,638
4
4,640
4
4,642
4
4,644
4
4,646
4
4,648
4,649
4
4,651
4
4,653
4
4,655
4
4,657
4
4,659
4
4,661
4,662
4
4,664
4
4,666
4
4,668
4
4,670
4
4,672
4
4,674
4,675
4
4,677
4
4,679
4
4,681
4
4,683
4
4,685
4
4,687
4,688
4
4,690
4
4,692
4
4,694
4
4,696
4
4,698
4
4,700
4,701
4
4,703
4
4,705
4
4,707
4
4,709
4
4,711
4,712
4
4,714
4
4,716
4
4,718
4
5,845
5,847
5,849
5,851
5,853
5,855
5,857
5,859
5,861
5,864
5,866
5,869
5,871
5,874
5,876
5,879
5,881
5,884
5,886
5,889
5,891
5,894
5,896
5,899
5,901
5,904
5,906
5,909
5,911
5,914
5,916
5,919
5,921
5,924
5,926
5,929
5,931
5,934
5,936
5,939
5,941
5,944
5,946
5,949
5,951
5,954
5,956
5,959
5,961
5,964
5,966
5,969
5,971
5,974
5,976
5,979
5,981
5,984
5,986
5,989
5,991
5,994
5,996
5,999
5,1001
5,1004
5,1006
5,1009
5,1011
5,1014
5,1016
5,1019
5,1021
5,1024
5,1026
5,1029
5,1031
5,1034
5,1036
5,1039
5,1041
5,1044
5,1046
5,1049
5,1051
5,1054
5,1056
5,1059
5,1061
5,1064
5,1066
5,1069
5,1071
5,1074
5,1076
5,1079
5,1081
5,1084
5,1086
5,1089
5,1091
5,1094
5,1096
5,1099
5,1101
5,1104
5,1106
5,1109
5,1111
5,1114
5,1116
5,1119
5,1121
5,1124
5,1126
5,1129
5,1131
5,1134
5,1136
5,1139
5,1141
5,1144
5,1146
5,1149
5,1151
5,1154
6,846
6
6,848
6
6,850
6
6,852
6
6,854
6
6,856
6
6,858
6
6,860
6
6,862
6,863
6
6,865
6
6,867
6,868
6
6,870
6
6,872
6,873
6
6,875
6
6,877
6,878
6
6,880
6
6,882
6,883
6
6,885
6
6,887
6,888
6
6,890
6
6,892
6,893
6
6,895
6
6,897
6,898
6
6,900
6
6,902
6,903
6
6,905
6
6,907
6,908
6
6,910
6
6,912
6,913
6
6,915
6
6,917
6,918
6
6,920
6
6,922
6,923
6
6,925
6
6,927
6,928
6
6,930
6
6,932
6,933
6
6,935
6
6,937
6,938
6
6,940
6
6,942
6,943
6
6,945
6
6,947
6,948
6
6,950
6
6,952
6,953
6
6,955
6
6,957
6,958
6
6,960
6
6,962
6,963
6
6,965
6
6,967
6,968
6
6,970
6
6,972
6,973
6
6,975
6
6,977
6,978
6
6,980
6
6,982
6,983
6
6,985
6
6,987
6,988
6
6,990
6
6,992
6,993
6
6,995
6
6,997
6,998
6
6,1000
6
6,1002
6,1003
6
6,1005
6
6,1007
6,1008
6
6,1010
6
6,1012
6,1013
6
6,1015
6
6,1017
6,1018
6
6,1020
6
6,1022
6,1023
6
6,1025
6
6,1027
6,1028
6
6,1030
6
6,1032
6,1033
6
6,1035
6
6,1037
6,1038
6
6,1040
6
6,1042
6,1043
6
6,1045
6
6,1047
6,1048
6
6,1050
6
6,1052
6,1053
6
6,1055
6
6,1057
6,1058
6
6,1060
6
6,1062
6,1063
6
6,1065
6
6,1067
6,1068
6
6,1070
6
6,1072
6,1073
6
6,1075
6
6,1077
6,1078
6
6,1080
6
6,1082
6,1083
6
6,1085
6
6,1087
6,1088
6
6,1090
6
6,1092
6,1093
6
6,1095
6
6,1097
6,1098
6
6,1100
6
6,1102
6,1103
6
6,1105
6
6,1107
6,1108
6
6,1110
6
6,1112
6,1113
6
6,1115
6
6,1117
6,1118
6
6,1120
6
6,1122
6,1123
6
6,1125
6
6,1127
6,1128
6
6,1130
6
6,1132
6,1133
6
6,1135
6
6,1137
6,1138
6
6,1140
6
6,1142
6,1143
6
6,1145
6
6,1147
6,1148
6
6,1150
6
6,1152
6,1153
6
6,1155
6
14,65,1167
12
12,857,849,859,328,280,384,518,559,853,598,345,397,436,293,624,449,669,533,492,330,332,845,656,682,546,371,641,847,358,263,520,585,855,611,244,410,222,572,505,626,300,695,643,851,305,479,462,233,477,475,639,423
12,686,710,524,615,509,563,362,576,388,375,453,349,440,550,483,537,319,427,673,602,589,496,630,401,466,414,647,336,699,660
12,929,68,104,82,72,959,70,949,112,116,879,1139,969,80,76,999,1089,979,1129,919,989,1119,1109,94,84,1079,100,98,66,102,1099,1039,1049,1009,1019,74,96,899,869,118,909,1059,92,108,78,120,939,90,889,114,1069,106,88,110,1029,86
12,914,438,1134,884,1124,708,982,862,317,613,451,1034,481,912,574,1032,1074,684,904,425,1104,872,1002,1144,894,1042,1152,1154,1114,587,994,932,360,1132,954,373,1142,1064,507,1004,386,1012,942,535,522,1022,1082,600,892,864,658,1112,1052,494,334,882,464,1084,1092,671,645,972,697,984,952,902,1122,548,1072,347,1062,561,964,1024,1102,974,992,924,874,944,934,628,1014,1054,922,962,399,1094,1044,412
12,583,313,887,1027,1057,267,277,897,1087,290,1017,967,237,1107,987,927,1077,246,226,273,235,269,447,241,311,570,680,248,369,275,302,1047,531,284,343,256,654,382,947,637,937,252,271,917,250,395,957,1067,1097,260,667,1007,997,288,286,356,490,460,907,516,867,434,295,1117,1127,503,265,228,230,877,408,609,622,1137,315,544,596,307,326,297,977,258,1149,282,309,473,557,1037,693,239,254,421,224
12,620,689,592,633,367,568,704,501,458,339,702,717,499,579,676,419,527,605,456,594,341,607,393,378,469,566,354,404,663,417,406,540,635,324,652,352,380,581,529,665,471,691,650,445,322,542,432,618,555,678,365,715,514,553,488,430,443,486,391,512
12,713
12
12,1147,706
7,1168
15