0
0
0
0
0
0
0
0
0
0
0
0
0
0
0
0
0
0
0
0
0
0
0
0
0
0
0
0
0
0,257,439,1196,507,1198,83,401
0,524,1208,1206,297,101,319,465,264,350
0,1216,103,545,1218,279
0,308,281,288,558,1228,1226,105
0,1238,575,290,352,107,1236,266
0,592,1248,383,268,1246,109
0,111,607,310,1258,1256,326
0,341,1268,622,365,312,113,1266
0,385,321,115,314,1278,367,1276,639,270,299,328,476
0,1286,354,117,343,1288,666,369,301
0,387,1298,119,1296,685
0,481,1306,1308,85,470,286,446,490,698,428
0,721,121,419,1316,356,330,1318
0,371,1328,332,345,123,738,1326
0,1338,125,410,396,755,403,1336
0,334,127,772,405,1348,1346
0,129,1356,412,787,373,1358,358
0,414,1366,804,303,1368,131,421
0,1376,1378,821,133,452
0,1388,389,1386,834,135
0,1396,1398,137,847,423
0,492,448,87,430,860,1406,1408
0,275,89,432,877,1416,1418
0,91,483,892,1428,457,1426,378
0,909,1438,1436,93,441,394,459
0,450,1446,363,472,926,1448,95
0,339,494,97,262,295,434,1458,943,461,1456
0,496,463,485,1466,277,474,966,99,1468
0,255,1142,509
0,577,594,951,643,260,1144,528
0,1146,273,881,547,560,976
0,562,284,579,710,1148
0,806,645,1150,530,953,293,668
0,564,647,609,306,1152,624
0,532,317,1154,649
0,611,723,740,1156,774,651,324
0,626,1158,337,670,742,955
0,348,534,725,581,1160,672,789
0,361,1162,653,932,628,674,791,744
0,894,376,1164
0,1166,687,655,836,381,596
0,1168,757,915,392
0,1170,513,776,399,759
0,1172,761,793,808,408
0,849,727,810,1174,417
0,1176,700,862,879,426,945
0,437,1178,911,511
0,928,864,444,702,1180,823
0,1182,896,913,455,968,947,526
0,704,468,970,930,641,1184
0,898,706,1186,972,479
0,974,708,949,866,488,1188
1,1496
2,83
2
2,85
2
2,87
2
2,89
2
2,91
2
2,93
2
2,95
2
2,97
2
2,99
2
2,101
2
2,103
2
2,105
2
2,107
2
2,109
2
2,111
2
2,113
2
2,115
2
2,117
2
2,119
2
2,121
2
2,123
2
2,125
2
2,127
2
2,129
2
2,131
2
2,133
2
2,135
2
2,137
2
3,253,999,256
3,267,263,269,265,261,258,1000
3,271,1001,280,274,276,278
3,1002,289,287,282,285
3,302,296,294,291,300,298,1003
3,304,313,1004,307,311,309
3,315,1005,320,318
3,327,1006,333,331,329,325,322
3,340,344,335,338,342,1007
3,349,357,346,351,355,1008,353
3,372,362,368,364,359,366,370,1009
3,374,1010,377
3,1011,382,388,386,384,379
3,390,395,393,1012
3,400,404,397,1013,402
3,409,1014,413,406,411
3,418,1015,415,420,422
3,433,424,1016,431,429,427
3,438,435,1017,440
3,451,445,449,447,442,1018
3,458,464,456,462,1019,460,453
3,473,466,1020,471,475,469
3,1021,480,484,477,482
3,491,495,1022,493,486,489
3,505,1193,501
3,503,500,1191,498
3,1024,499,504,1023,497,1495,162,163,502
3,517,1201,520,515
3,522,518,1203
3,166,512,1026,516,508,1027,1028,165,521,514,510,519,506,1025
3,538,541,536,1211
3,1213,539,543
3,531,533,537,542,535,527,1032,168,1029,525,1030,1031,523,540,169,529
3,1221,549,554,551
3,1223,552,556
3,1033,1034,1036,546,544,548,1035,555,172,553,550,171
3,571,566,568,1231
3,1233,569,573
3,563,1040,570,557,572,565,1038,1037,559,175,567,1039,174,561
3,1241,588,583,585
3,586,590,1243
3,582,584,574,178,587,1042,589,1041,1043,578,1044,580,177,576
3,598,1251,603,600
3,605,601,1253
3,599,1046,1048,602,593,181,604,591,1047,597,595,180,1045
3,1261,615,618,613
3,620,1263,616
3,614,619,184,610,1049,1050,617,183,606,1051,1052,612,608
3,630,1271,635,632
3,637,633,1273
3,186,629,187,631,636,1054,625,1055,1053,623,621,627,634,1056
3,662,657,1281,659
3,664,660,1283
3,1058,663,644,638,658,656,1057,640,661,642,1060,190,1059,650,652,189,654,648,646
3,678,681,676,1291
3,1293,683,679
3,1062,677,671,1061,192,665,1064,675,673,680,1063,193,682,669,667
3,691,689,694,1301
3,1303,696,692
3,1065,1067,695,688,1066,1068,196,686,693,195,684,690
3,1311,717,712,714
3,719,1313,715
3,705,716,1070,697,707,701,713,709,1072,199,699,718,198,711,703,1071,1069
3,734,731,729,1321
3,736,732,1323
3,730,1074,720,735,202,722,726,1073,201,1076,1075,724,733,728
3,1331,748,746,751
3,1333,749,753
3,205,745,739,741,1077,1078,204,1080,743,1079,750,747,752,737
3,763,768,765,1341
3,770,1343,766
3,758,754,760,1081,767,1083,1082,208,764,762,756,1084,769,207
3,780,783,1351,778
3,1353,781,785
3,1088,1085,773,210,777,784,782,1086,779,1087,771,775,211
3,797,800,1361,795
3,798,802,1363
3,786,799,1089,788,790,796,1091,1092,801,213,214,792,1090,794
3,814,817,1371,812
3,819,815,1373
3,1094,1096,805,809,811,816,1093,1095,813,803,818,217,216,807
3,830,827,1381,825
3,832,1383,828
3,1100,1098,831,822,220,1099,219,826,1097,820,824,829
3,840,843,1391,838
3,1393,841,845
3,839,837,222,1103,835,842,844,223,1102,833,1101,1104
3,1401,856,851,853
3,1403,858,854
3,1108,1105,226,848,1106,855,850,846,225,1107,857,852
3,870,873,868,1411
3,871,1413,875
3,874,1109,228,859,1111,869,1110,229,867,872,863,865,1112,861
3,883,1421,885,888
3,886,1423,890
3,878,1116,889,1115,1113,876,232,882,887,1114,231,880,884
3,900,905,902,1431
3,903,1433,907
3,895,891,899,1119,234,1120,893,1118,1117,901,897,235,906,904
3,1441,917,919,922
3,1443,924,920
3,910,914,923,921,1121,1122,1124,1123,912,918,908,238,916,237
3,1451,939,936,934
3,941,937,1453
3,241,1125,931,1127,1126,935,938,240,1128,927,925,940,933,929
3,962,1461,957,959
3,1463,964,960
3,956,1131,244,944,950,954,952,942,1130,946,963,243,958,1129,1132,961,948
3,980,983,1471,978
3,981,985,1473
3,1135,965,1133,969,984,1134,973,246,971,1136,977,975,247,979,982,967
3,989,992,996,1481
3,1483,991,998
3,1478,994,1476,987
3,1140,249,250,993,251,1137,995,988,997,1138,1139,986,990
4,254
4,255
4
4,257
4
4,259
4,260
4
4,262
4
4,264
4
4,266
4
4,268
4
4,270
4
4,272
4,273
4
4,275
4
4,277
4
4,279
4
4,281
4
4,283
4,284
4
4,286
4
4,288
4
4,290
4
4,292
4,293
4
4,295
4
4,297
4
4,299
4
4,301
4
4,303
4
4,305
4,306
4
4,308
4
4,310
4
4,312
4
4,314
4
4,316
4,317
4
4,319
4
4,321
4
4,323
4,324
4
4,326
4
4,328
4
4,330
4
4,332
4
4,334
4
4,336
4,337
4
4,339
4
4,341
4
4,343
4
4,345
4
4,347
4,348
4
4,350
4
4,352
4
4,354
4
4,356
4
4,358
4
4,360
4,361
4
4,363
4
4,365
4
4,367
4
4,369
4
4,371
4
4,373
4
4,375
4,376
4
4,378
4
4,380
4,381
4
4,383
4
4,385
4
4,387
4
4,389
4
4,391
4,392
4
4,394
4
4,396
4
4,398
4,399
4
4,401
4
4,403
4
4,405
4
4,407
4,408
4
4,410
4
4,412
4
4,414
4
4,416
4,417
4
4,419
4
4,421
4
4,423
4
4,425
4,426
4
4,428
4
4,430
4
4,432
4
4,434
4
4,436
4,437
4
4,439
4
4,441
4
4,443
4,444
4
4,446
4
4,448
4
4,450
4
4,452
4
4,454
4,455
4
4,457
4
4,459
4
4,461
4
4,463
4
4,465
4
4,467
4,468
4
4,470
4
4,472
4
4,474
4
4,476
4
4,478
4,479
4
4,481
4
4,483
4
4,485
4
4,487
4,488
4
4,490
4
4,492
4
4,494
4
4,496
4
4,498
4
4,500
4,501
4
4,503
4
4,505
4
4,507
4
4,509
4
4,511
4
4,513
4
4,515
4
4,517
4,518
4
4,520
4
4,522
4
4,524
4
4,526
4
4,528
4
4,530
4
4,532
4
4,534
4
4,536
4
4,538
4,539
4
4,541
4
4,543
4
4,545
4
4,547
4
4,549
4
4,551
4,552
4
4,554
4
4,556
4
4,558
4
4,560
4
4,562
4
4,564
4
4,566
4
4,568
4,569
4
4,571
4
4,573
4
4,575
4
4,577
4
4,579
4
4,581
4
4,583
4
4,585
4,586
4
4,588
4
4,590
4
4,592
4
4,594
4
4,596
4
4,598
4
4,600
4,601
4
4,603
4
4,605
4
4,607
4
4,609
4
4,611
4
4,613
4
4,615
4,616
4
4,618
4
4,620
4
4,622
4
4,624
4
4,626
4
4,628
4
4,630
4
4,632
4,633
4
4,635
4
4,637
4
4,639
4
4,641
4
4,643
4
4,645
4
4,647
4
4,649
4
4,651
4
4,653
4
4,655
4
4,657
4
4,659
4,660
4
4,662
4
4,664
4
4,666
4
4,668
4
4,670
4
4,672
4
4,674
4
4,676
4
4,678
4,679
4
4,681
4
4,683
4
4,685
4
4,687
4
4,689
4
4,691
4,692
4
4,694
4
4,696
4
4,698
4
4,700
4
4,702
4
4,704
4
4,706
4
4,708
4
4,710
4
4,712
4
4,714
4,715
4
4,717
4
4,719
4
4,721
4
4,723
4
4,725
4
4,727
4
4,729
4
4,731
4,732
4
4,734
4
4,736
4
4,738
4
4,740
4
4,742
4
4,744
4
4,746
4
4,748
4,749
4
4,751
4
4,753
4
4,755
4
4,757
4
4,759
4
4,761
4
4,763
4
4,765
4,766
4
4,768
4
4,770
4
4,772
4
4,774
4
4,776
4
4,778
4
4,780
4,781
4
4,783
4
4,785
4
4,787
4
4,789
4
4,791
4
4,793
4
4,795
4
4,797
4,798
4
4,800
4
4,802
4
4,804
4
4,806
4
4,808
4
4,810
4
4,812
4
4,814
4,815
4
4,817
4
4,819
4
4,821
4
4,823
4
4,825
4
4,827
4,828
4
4,830
4
4,832
4
4,834
4
4,836
4
4,838
4
4,840
4,841
4
4,843
4
4,845
4
4,847
4
4,849
4
4,851
4
4,853
4,854
4
4,856
4
4,858
4
4,860
4
4,862
4
4,864
4
4,866
4
4,868
4
4,870
4,871
4
4,873
4
4,875
4
4,877
4
4,879
4
4,881
4
4,883
4
4,885
4,886
4
4,888
4
4,890
4
4,892
4
4,894
4
4,896
4
4,898
4
4,900
4
4,902
4,903
4
4,905
4
4,907
4
4,909
4
4,911
4
4,913
4
4,915
4
4,917
4
4,919
4,920
4
4,922
4
4,924
4
4,926
4
4,928
4
4,930
4
4,932
4
4,934
4
4,936
4,937
4
4,939
4
4,941
4
4,943
4
4,945
4
4,947
4
4,949
4
4,951
4
4,953
4
4,955
4
4,957
4
4,959
4,960
4
4,962
4
4,964
4
4,966
4
4,968
4
4,970
4
4,972
4
4,974
4
4,976
4
4,978
4
4,980
4,981
4
4,983
4
4,985
4
4,987
4
4,989
4
4,991
4,992
4
4,994
4
4,996
4
4,998
4
5,1141
5,1143
5,1145
5,1147
5,1149
5,1151
5,1153
5,1155
5,1157
5,1159
5,1161
5,1163
5,1165
5,1167
5,1169
5,1171
5,1173
5,1175
5,1177
5,1179
5,1181
5,1183
5,1185
5,1187
5,1189
5,1192
5,1194
5,1197
5,1199
5,1202
5,1204
5,1207
5,1209
5,1212
5,1214
5,1217
5,1219
5,1222
5,1224
5,1227
5,1229
5,1232
5,1234
5,1237
5,1239
5,1242
5,1244
5,1247
5,1249
5,1252
5,1254
5,1257
5,1259
5,1262
5,1264
5,1267
5,1269
5,1272
5,1274
5,1277
5,1279
5,1282
5,1284
5,1287
5,1289
5,1292
5,1294
5,1297
5,1299
5,1302
5,1304
5,1307
5,1309
5,1312
5,1314
5,1317
5,1319
5,1322
5,1324
5,1327
5,1329
5,1332
5,1334
5,1337
5,1339
5,1342
5,1344
5,1347
5,1349
5,1352
5,1354
5,1357
5,1359
5,1362
5,1364
5,1367
5,1369
5,1372
5,1374
5,1377
5,1379
5,1382
5,1384
5,1387
5,1389
5,1392
5,1394
5,1397
5,1399
5,1402
5,1404
5,1407
5,1409
5,1412
5,1414
5,1417
5,1419
5,1422
5,1424
5,1427
5,1429
5,1432
5,1434
5,1437
5,1439
5,1442
5,1444
5,1447
5,1449
5,1452
5,1454
5,1457
5,1459
5,1462
5,1464
5,1467
5,1469
5,1472
5,1474
5,1477
5,1479
5,1482
6,1142
6
6,1144
6
6,1146
6
6,1148
6
6,1150
6
6,1152
6
6,1154
6
6,1156
6
6,1158
6
6,1160
6
6,1162
6
6,1164
6
6,1166
6
6,1168
6
6,1170
6
6,1172
6
6,1174
6
6,1176
6
6,1178
6
6,1180
6
6,1182
6
6,1184
6
6,1186
6
6,1188
6
6,1190
6,1191
6
6,1193
6
6,1195
6,1196
6
6,1198
6
6,1200
6,1201
6
6,1203
6
6,1205
6,1206
6
6,1208
6
6,1210
6,1211
6
6,1213
6
6,1215
6,1216
6
6,1218
6
6,1220
6,1221
6
6,1223
6
6,1225
6,1226
6
6,1228
6
6,1230
6,1231
6
6,1233
6
6,1235
6,1236
6
6,1238
6
6,1240
6,1241
6
6,1243
6
6,1245
6,1246
6
6,1248
6
6,1250
6,1251
6
6,1253
6
6,1255
6,1256
6
6,1258
6
6,1260
6,1261
6
6,1263
6
6,1265
6,1266
6
6,1268
6
6,1270
6,1271
6
6,1273
6
6,1275
6,1276
6
6,1278
6
6,1280
6,1281
6
6,1283
6
6,1285
6,1286
6
6,1288
6
6,1290
6,1291
6
6,1293
6
6,1295
6,1296
6
6,1298
6
6,1300
6,1301
6
6,1303
6
6,1305
6,1306
6
6,1308
6
6,1310
6,1311
6
6,1313
6
6,1315
6,1316
6
6,1318
6
6,1320
6,1321
6
6,1323
6
6,1325
6,1326
6
6,1328
6
6,1330
6,1331
6
6,1333
6
6,1335
6,1336
6
6,1338
6
6,1340
6,1341
6
6,1343
6
6,1345
6,1346
6
6,1348
6
6,1350
6,1351
6
6,1353
6
6,1355
6,1356
6
6,1358
6
6,1360
6,1361
6
6,1363
6
6,1365
6,1366
6
6,1368
6
6,1370
6,1371
6
6,1373
6
6,1375
6,1376
6
6,1378
6
6,1380
6,1381
6
6,1383
6
6,1385
6,1386
6
6,1388
6
6,1390
6,1391
6
6,1393
6
6,1395
6,1396
6
6,1398
6
6,1400
6,1401
6
6,1403
6
6,1405
6,1406
6
6,1408
6
6,1410
6,1411
6
6,1413
6
6,1415
6,1416
6
6,1418
6
6,1420
6,1421
6
6,1423
6
6,1425
6,1426
6
6,1428
6
6,1430
6,1431
6
6,1433
6
6,1435
6,1436
6
6,1438
6
6,1440
6,1441
6
6,1443
6
6,1445
6,1446
6
6,1448
6
6,1450
6,1451
6
6,1453
6
6,1455
6,1456
6
6,1458
6
6,1460
6,1461
6
6,1463
6
6,1465
6,1466
6
6,1468
6
6,1470
6,1471
6
6,1473
6
6,1475
6,1476
6
6,1478
6
6,1480
6,1481
6
6,1483
6
14,81,1495
12
12,578,969,1153,1145,644,927,775,1155,512,425,975,667,790,1179,971,1169,595,946,699,478,1167,944,292,880,648,822,741,1173,758,525,443,510,375,1149,950,531,1187,576,561,508,967,739,707,705,1181,380,407,835,669,897,878,305,608,726,1159,650,865,743,610,1161,336,954,1141,640,360,1175,703,529,625,487,1165,1143,701,283,848,1171,580,1163,792,952,788,671,709,642,1157,686,391,559,467,1151,931,760,593,1185,436,272,809,805,756,910,807,1183,646,254,652,861,912,546,316,527,654,673,563,1177,948,893,627,773,1147,454,863,323,398,914,973,722,347,929,724,259,533,623,416,895
12,796,690,499,584,516,764,826,918,567,550,990,852,958,658,779,713,599,979,884,869,839,747,614,901,935,677,631,730,537,813
12,84,120,98,88,86,132,1437,96,1457,92,1467,1307,1317,1257,1347,1267,1297,134,1287,1277,110,100,1247,116,114,82,1417,118,1207,1387,1217,1357,1407,90,1397,112,128,1367,104,1447,1427,126,1327,1227,108,124,94,136,1377,1337,106,130,1237,122,1197,102
12,916,1302,824,1210,1292,1440,1252,933,1202,850,548,1200,1242,1390,1382,1370,1402,688,899,1322,1272,1482,1312,811,1452,1472,1350,1352,1392,1320,1282,565,777,1360,1362,1310,1332,1380,1232,582,1372,1480,988,514,597,956,629,711,794,728,1450,837,1280,675,1220,1340,1342,1192,762,1410,497,1460,1470,1260,1400,1462,1430,882,745,1290,656,535,1412,1240,1422,1330,1230,1300,1270,977,1250,1432,867,1190,612,1222,1420,1442,1212,1262
12,557,331,1195,1225,355,287,440,402,1255,302,372,1275,362,786,803,377,942,1245,274,313,1325,261,289,1335,965,320,891,458,267,460,489,329,1465,544,368,684,431,438,411,276,318,1215,296,638,462,493,449,484,366,621,418,491,280,480,482,344,433,278,876,1425,495,1265,737,456,665,311,386,846,353,300,370,1315,340,422,1455,1415,908,859,409,388,447,307,473,1365,1285,469,754,1235,1295,285,429,1345,382,1435,451,820,393,338,342,1355,1477,364,420,384,1375,591,1405,606,1305,349,333,506,395,1395,574,351,325,833,475,309,263,294,445,413,327,404,471,427,1205,697,269,357,298,265,771,523,925,1385,464,400,256,1445,720
12,542,602,693,801,904,767,617,963,872,733,782,752,831,889,769,504,604,519,874,982,553,923,572,842,906,735,799,680,995,663,784,938,682,829,619,716,750,961,940,636,587,589,555,718,997,661,502,695,634,855,857,844,818,921,984,887,521,540,816,570
12,993
12
12,1475,986
7,1496
15