0
0
0
0
0
0
0
0
0
0
0
0
0
0
0
0
0
0
0
0
0
0
0
0
0
0
0
0
0
0,257,427,1192,505,1194,83
0,520,1204,1202,273,101,477,435
0,266,1212,326,451,103,537,1214,313
0,346,1224,1222,105,385,556
0,1234,571,333,107,1232,453
0,586,1244,355,289,1242,109,455,315
0,111,605,1254,291,1252,302,357
0,335,1264,359,1262,622,317,293,113,304,479,284,494
0,407,378,306,115,337,1274,1272,649,319
0,1282,117,1284,387,670,275
0,348,1294,119,1292,685,409,321
0,471,1302,1304,85,259,429,364,702
0,481,389,308,350,1314,721,121,1312,380,411,328
0,1324,339,391,371,123,746,1322
0,1334,125,396,763,1332,373
0,437,127,778,1344,1342
0,129,1352,398,791,1354
0,131,1362,804,413,1364
0,1372,341,1374,817,133
0,1384,415,1382,830,400,135
0,1392,1394,137,845,402
0,858,87,447,473,1402,486,1404
0,460,89,431,875,1412,1414
0,91,488,280,890,1424,420,366,462,1422
0,911,1434,271,93,490,464,264,1432,298,449
0,282,1442,934,1444,95
0,97,475,1452,1454,433,300,947
0,492,442,1462,1464,422,964,99,466
0,1138,704,255,507
0,919,262,1140,541
0,1142,269,526,921,672
0,900,278,936,1144,628
0,590,1146,630,287,607
0,923,296,725,1148,609,651,632,953
0,592,543,634,653,687,311,1150
0,545,727,1152,324
0,655,636,575,1154,331,748,819
0,344,558,689,1156,729
0,353,1158,611,594,638
0,362,1160,706,892
0,1162,765,369,750
0,657,1164,731,376
0,674,383,733,560,1166,752
0,832,1168,767,793,847,394
0,659,1170,405,806,691,735,834
0,894,418,1172,966
0,877,425,949,1174,780,522,509,708
0,440,968,1176
0,860,1178,588,539,573,445,913
0,970,915,458,879,896,1180
0,524,862,951,723,624,710,1182,469
0,972,626,864,917,484,1184,898
1,1492
2,83
2
2,85
2
2,87
2
2,89
2
2,91
2
2,93
2
2,95
2
2,97
2
2,99
2
2,101
2
2,103
2
2,105
2
2,107
2
2,109
2
2,111
2
2,113
2
2,115
2
2,117
2
2,119
2
2,121
2
2,123
2
2,125
2
2,127
2
2,129
2
2,131
2
2,133
2
2,135
2
2,137
2
3,258,253,995,256
3,265,263,260,996
3,267,270,272,274,997
3,998,283,281,276,279
3,290,288,285,292,999
3,294,303,1000,301,307,297,299,305
3,309,1001,314,320,318,312,316
3,327,1002,325,322
3,334,338,329,340,332,336,1003
3,345,342,347,1004,349
3,354,356,351,358,1005
3,365,360,1006,363
3,1007,370,372,367
3,374,379,377,1008
3,390,384,388,386,381,1009
3,395,1010,399,401,392,397
3,406,1011,403,414,408,412,410
3,416,1012,421,419
3,434,426,423,432,1013,436,428,430
3,441,438,1014
3,452,448,454,446,1015,450,443
3,463,456,1016,461,465,459
3,1017,470,474,480,476,467,472,478
3,487,491,489,493,482,485,1018
3,503,1189,499
3,501,498,1187,496
3,1020,497,502,1019,495,1491,162,163,500
3,513,516,1197,511
3,514,518,1199
3,166,1022,506,515,512,1023,508,165,1024,517,504,1021,510
3,530,533,1207,528
3,1209,535,531
3,532,523,1028,168,534,1025,521,1026,529,1027,519,527,169,525
3,1217,547,549,552
3,1219,550,554
3,1029,542,1032,548,538,546,1030,536,540,551,544,1031,172,553,171
3,564,562,567,1227
3,1229,569,565
3,566,561,568,1036,555,563,1034,1033,557,175,1035,174,559
3,1237,579,582,577
3,580,1239,584
3,570,178,583,1038,1037,1039,574,1040,581,578,177,576,572
3,598,601,1247,596
3,603,1249,599
3,1044,1042,595,591,587,181,1043,593,600,589,180,585,1041,597,602
3,1257,618,613,615
3,620,616,1259
3,617,184,608,619,610,1045,1046,183,604,614,1047,612,1048,606
3,1267,642,640,645
3,647,643,1269
3,186,187,644,1050,631,641,625,1051,633,637,1049,623,639,621,629,646,627,1052,635
3,666,661,663,1277
3,1279,668,664
3,1054,654,648,1053,650,652,1056,662,1055,667,189,665,658,656,660,190
3,681,676,678,1287
3,1289,683,679
3,1058,675,677,682,1057,192,669,1060,1059,193,680,673,671
3,698,695,693,1297
3,700,1299,696
3,1061,1063,1062,1064,697,196,694,699,686,195,688,684,692,690
3,1307,712,717,714
3,719,715,1309
3,1066,701,705,711,1068,199,713,703,718,716,709,198,707,1067,1065
3,739,742,1317,737
3,744,1319,740
3,1070,720,202,730,743,726,738,1072,1069,201,734,728,722,1071,724,736,732,741
3,1327,756,754,759
3,1329,757,761
3,205,753,747,749,1073,1074,204,751,1075,1076,755,760,758,745
3,771,774,1337,769
3,1339,772,776
3,766,762,1077,775,1078,1079,208,773,764,1080,207,768,770
3,782,1347,784,787
3,789,1349,785
3,1084,786,1081,779,210,788,1082,781,1083,783,777,211
3,795,797,1357,800
3,802,1359,798
3,790,794,799,1085,792,1087,1088,213,214,801,1086,796
3,808,1367,810,813
3,1369,815,811
3,809,1090,807,1092,805,812,803,1089,217,1091,216,814
3,826,823,1377,821
3,1379,824,828
3,1094,1096,816,827,818,220,1095,219,822,1093,820,825
3,841,836,838,1387
3,839,1389,843
3,831,222,1099,833,837,840,223,1098,829,1097,1100,835,842
3,854,849,1397,851
3,1399,856,852
3,1104,1101,226,846,1102,853,848,844,225,1103,855,850
3,1407,868,871,866
3,869,1409,873
3,867,872,1105,228,857,1107,1106,229,865,870,859,861,863,1108
3,1417,881,883,886
3,884,1419,888
3,1110,876,1112,887,1111,1109,874,232,880,885,882,231,878
3,904,902,1427,907
3,905,909,1429
3,908,893,889,1113,1115,234,903,1116,891,906,895,235,1114,899,897,901
3,925,1437,927,930
3,1439,932,928
3,929,912,916,922,1117,1118,924,1120,1119,926,914,931,918,910,238,920,237
3,1447,938,940,943
3,945,941,1449
3,1121,241,939,935,1123,944,1122,942,937,240,1124,933
3,955,960,1457,957
3,962,1459,958
3,956,244,948,946,950,961,1127,1126,243,959,954,1125,1128,952
3,979,1467,974,976
3,977,1469,981
3,1131,963,1129,973,967,1130,971,246,969,1132,978,975,247,980,965
3,985,1477,992,988
3,1479,994,987
3,1472,1474,990,983
3,1136,250,989,249,251,1135,991,1133,984,993,1134,982,986
4,254
4,255
4
4,257
4
4,259
4
4,261
4,262
4
4,264
4
4,266
4
4,268
4,269
4
4,271
4
4,273
4
4,275
4
4,277
4,278
4
4,280
4
4,282
4
4,284
4
4,286
4,287
4
4,289
4
4,291
4
4,293
4
4,295
4,296
4
4,298
4
4,300
4
4,302
4
4,304
4
4,306
4
4,308
4
4,310
4,311
4
4,313
4
4,315
4
4,317
4
4,319
4
4,321
4
4,323
4,324
4
4,326
4
4,328
4
4,330
4,331
4
4,333
4
4,335
4
4,337
4
4,339
4
4,341
4
4,343
4,344
4
4,346
4
4,348
4
4,350
4
4,352
4,353
4
4,355
4
4,357
4
4,359
4
4,361
4,362
4
4,364
4
4,366
4
4,368
4,369
4
4,371
4
4,373
4
4,375
4,376
4
4,378
4
4,380
4
4,382
4,383
4
4,385
4
4,387
4
4,389
4
4,391
4
4,393
4,394
4
4,396
4
4,398
4
4,400
4
4,402
4
4,404
4,405
4
4,407
4
4,409
4
4,411
4
4,413
4
4,415
4
4,417
4,418
4
4,420
4
4,422
4
4,424
4,425
4
4,427
4
4,429
4
4,431
4
4,433
4
4,435
4
4,437
4
4,439
4,440
4
4,442
4
4,444
4,445
4
4,447
4
4,449
4
4,451
4
4,453
4
4,455
4
4,457
4,458
4
4,460
4
4,462
4
4,464
4
4,466
4
4,468
4,469
4
4,471
4
4,473
4
4,475
4
4,477
4
4,479
4
4,481
4
4,483
4,484
4
4,486
4
4,488
4
4,490
4
4,492
4
4,494
4
4,496
4
4,498
4,499
4
4,501
4
4,503
4
4,505
4
4,507
4
4,509
4
4,511
4
4,513
4,514
4
4,516
4
4,518
4
4,520
4
4,522
4
4,524
4
4,526
4
4,528
4
4,530
4,531
4
4,533
4
4,535
4
4,537
4
4,539
4
4,541
4
4,543
4
4,545
4
4,547
4
4,549
4,550
4
4,552
4
4,554
4
4,556
4
4,558
4
4,560
4
4,562
4
4,564
4,565
4
4,567
4
4,569
4
4,571
4
4,573
4
4,575
4
4,577
4
4,579
4,580
4
4,582
4
4,584
4
4,586
4
4,588
4
4,590
4
4,592
4
4,594
4
4,596
4
4,598
4,599
4
4,601
4
4,603
4
4,605
4
4,607
4
4,609
4
4,611
4
4,613
4
4,615
4,616
4
4,618
4
4,620
4
4,622
4
4,624
4
4,626
4
4,628
4
4,630
4
4,632
4
4,634
4
4,636
4
4,638
4
4,640
4
4,642
4,643
4
4,645
4
4,647
4
4,649
4
4,651
4
4,653
4
4,655
4
4,657
4
4,659
4
4,661
4
4,663
4,664
4
4,666
4
4,668
4
4,670
4
4,672
4
4,674
4
4,676
4
4,678
4,679
4
4,681
4
4,683
4
4,685
4
4,687
4
4,689
4
4,691
4
4,693
4
4,695
4,696
4
4,698
4
4,700
4
4,702
4
4,704
4
4,706
4
4,708
4
4,710
4
4,712
4
4,714
4,715
4
4,717
4
4,719
4
4,721
4
4,723
4
4,725
4
4,727
4
4,729
4
4,731
4
4,733
4
4,735
4
4,737
4
4,739
4,740
4
4,742
4
4,744
4
4,746
4
4,748
4
4,750
4
4,752
4
4,754
4
4,756
4,757
4
4,759
4
4,761
4
4,763
4
4,765
4
4,767
4
4,769
4
4,771
4,772
4
4,774
4
4,776
4
4,778
4
4,780
4
4,782
4
4,784
4,785
4
4,787
4
4,789
4
4,791
4
4,793
4
4,795
4
4,797
4,798
4
4,800
4
4,802
4
4,804
4
4,806
4
4,808
4
4,810
4,811
4
4,813
4
4,815
4
4,817
4
4,819
4
4,821
4
4,823
4,824
4
4,826
4
4,828
4
4,830
4
4,832
4
4,834
4
4,836
4
4,838
4,839
4
4,841
4
4,843
4
4,845
4
4,847
4
4,849
4
4,851
4,852
4
4,854
4
4,856
4
4,858
4
4,860
4
4,862
4
4,864
4
4,866
4
4,868
4,869
4
4,871
4
4,873
4
4,875
4
4,877
4
4,879
4
4,881
4
4,883
4,884
4
4,886
4
4,888
4
4,890
4
4,892
4
4,894
4
4,896
4
4,898
4
4,900
4
4,902
4
4,904
4,905
4
4,907
4
4,909
4
4,911
4
4,913
4
4,915
4
4,917
4
4,919
4
4,921
4
4,923
4
4,925
4
4,927
4,928
4
4,930
4
4,932
4
4,934
4
4,936
4
4,938
4
4,940
4,941
4
4,943
4
4,945
4
4,947
4
4,949
4
4,951
4
4,953
4
4,955
4
4,957
4,958
4
4,960
4
4,962
4
4,964
4
4,966
4
4,968
4
4,970
4
4,972
4
4,974
4
4,976
4,977
4
4,979
4
4,981
4
4,983
4
4,985
4
4,987
4,988
4
4,990
4
4,992
4
4,994
4
5,1137
5,1139
5,1141
5,1143
5,1145
5,1147
5,1149
5,1151
5,1153
5,1155
5,1157
5,1159
5,1161
5,1163
5,1165
5,1167
5,1169
5,1171
5,1173
5,1175
5,1177
5,1179
5,1181
5,1183
5,1185
5,1188
5,1190
5,1193
5,1195
5,1198
5,1200
5,1203
5,1205
5,1208
5,1210
5,1213
5,1215
5,1218
5,1220
5,1223
5,1225
5,1228
5,1230
5,1233
5,1235
5,1238
5,1240
5,1243
5,1245
5,1248
5,1250
5,1253
5,1255
5,1258
5,1260
5,1263
5,1265
5,1268
5,1270
5,1273
5,1275
5,1278
5,1280
5,1283
5,1285
5,1288
5,1290
5,1293
5,1295
5,1298
5,1300
5,1303
5,1305
5,1308
5,1310
5,1313
5,1315
5,1318
5,1320
5,1323
5,1325
5,1328
5,1330
5,1333
5,1335
5,1338
5,1340
5,1343
5,1345
5,1348
5,1350
5,1353
5,1355
5,1358
5,1360
5,1363
5,1365
5,1368
5,1370
5,1373
5,1375
5,1378
5,1380
5,1383
5,1385
5,1388
5,1390
5,1393
5,1395
5,1398
5,1400
5,1403
5,1405
5,1408
5,1410
5,1413
5,1415
5,1418
5,1420
5,1423
5,1425
5,1428
5,1430
5,1433
5,1435
5,1438
5,1440
5,1443
5,1445
5,1448
5,1450
5,1453
5,1455
5,1458
5,1460
5,1463
5,1465
5,1468
5,1470
5,1473
5,1475
5,1478
6,1138
6
6,1140
6
6,1142
6
6,1144
6
6,1146
6
6,1148
6
6,1150
6
6,1152
6
6,1154
6
6,1156
6
6,1158
6
6,1160
6
6,1162
6
6,1164
6
6,1166
6
6,1168
6
6,1170
6
6,1172
6
6,1174
6
6,1176
6
6,1178
6
6,1180
6
6,1182
6
6,1184
6
6,1186
6,1187
6
6,1189
6
6,1191
6,1192
6
6,1194
6
6,1196
6,1197
6
6,1199
6
6,1201
6,1202
6
6,1204
6
6,1206
6,1207
6
6,1209
6
6,1211
6,1212
6
6,1214
6
6,1216
6,1217
6
6,1219
6
6,1221
6,1222
6
6,1224
6
6,1226
6,1227
6
6,1229
6
6,1231
6,1232
6
6,1234
6
6,1236
6,1237
6
6,1239
6
6,1241
6,1242
6
6,1244
6
6,1246
6,1247
6
6,1249
6
6,1251
6,1252
6
6,1254
6
6,1256
6,1257
6
6,1259
6
6,1261
6,1262
6
6,1264
6
6,1266
6,1267
6
6,1269
6
6,1271
6,1272
6
6,1274
6
6,1276
6,1277
6
6,1279
6
6,1281
6,1282
6
6,1284
6
6,1286
6,1287
6
6,1289
6
6,1291
6,1292
6
6,1294
6
6,1296
6,1297
6
6,1299
6
6,1301
6,1302
6
6,1304
6
6,1306
6,1307
6
6,1309
6
6,1311
6,1312
6
6,1314
6
6,1316
6,1317
6
6,1319
6
6,1321
6,1322
6
6,1324
6
6,1326
6,1327
6
6,1329
6
6,1331
6,1332
6
6,1334
6
6,1336
6,1337
6
6,1339
6
6,1341
6,1342
6
6,1344
6
6,1346
6,1347
6
6,1349
6
6,1351
6,1352
6
6,1354
6
6,1356
6,1357
6
6,1359
6
6,1361
6,1362
6
6,1364
6
6,1366
6,1367
6
6,1369
6
6,1371
6,1372
6
6,1374
6
6,1376
6,1377
6
6,1379
6
6,1381
6,1382
6
6,1384
6
6,1386
6,1387
6
6,1389
6
6,1391
6,1392
6
6,1394
6
6,1396
6,1397
6
6,1399
6
6,1401
6,1402
6
6,1404
6
6,1406
6,1407
6
6,1409
6
6,1411
6,1412
6
6,1414
6
6,1416
6,1417
6
6,1419
6
6,1421
6,1422
6
6,1424
6
6,1426
6,1427
6
6,1429
6
6,1431
6,1432
6
6,1434
6
6,1436
6,1437
6
6,1439
6
6,1441
6,1442
6
6,1444
6
6,1446
6,1447
6
6,1449
6
6,1451
6,1452
6
6,1454
6
6,1456
6,1457
6
6,1459
6
6,1461
6,1462
6
6,1464
6
6,1466
6,1467
6
6,1469
6
6,1471
6,1472
6
6,1474
6
6,1476
6,1477
6
6,1479
6
14,81,1491
12
12,912,967,591,1149,1141,654,690,1151,417,876,671,1175,969,734,1165,589,950,703,468,1163,948,286,878,658,688,818,1169,766,439,508,361,542,1145,633,631,368,922,593,1183,572,559,506,965,747,521,629,709,899,749,1177,897,393,831,673,895,295,606,726,637,730,1155,574,863,935,751,952,608,1157,330,625,1137,650,352,833,1171,707,525,705,483,1161,1139,635,277,846,1167,1159,792,652,1153,686,375,557,457,1147,587,1181,424,268,805,728,764,920,1179,656,254,544,859,918,914,538,310,523,1173,891,627,540,779,1143,444,861,323,382,916,971,722,343,724,261,893,732,623,610,404
12,809,497,614,956,770,822,837,578,755,986,850,548,694,529,641,713,939,926,783,597,662,796,738,882,903,867,975,512,677,563
12,1463,84,120,98,88,1353,86,128,132,1433,1453,92,1303,1313,1253,1343,1293,130,134,1283,1273,110,100,1243,116,114,82,1413,118,1203,1383,1213,1323,1403,90,112,1363,104,1443,1423,126,1223,108,124,94,136,1373,1333,106,1263,96,1233,122,1193,102,1393
12,781,1298,820,1206,612,1288,1436,561,527,1198,848,1196,1238,1386,1378,1366,1398,1316,1318,1268,1478,1308,1448,1468,1346,1348,1388,901,924,768,1278,660,1428,807,1358,1306,1328,835,1376,1228,1368,1476,984,973,639,692,576,711,1276,1216,1336,1338,1188,753,1406,1446,495,1456,1466,736,937,1248,675,1256,1356,954,1396,546,1458,1426,880,1286,595,1408,1236,1418,1326,1226,1296,510,1266,1246,794,865,1186,1218,1416,1438,1208,1258
12,555,432,1191,307,1221,281,428,386,1251,1271,316,354,790,803,363,946,1241,270,303,258,1321,263,283,288,1331,1411,963,314,889,412,448,450,485,536,684,426,397,272,474,1351,312,1211,480,290,648,1461,452,489,370,358,621,406,487,472,338,274,874,1421,1231,1261,446,669,301,436,476,844,478,349,390,1311,334,410,493,1451,910,395,857,401,292,297,463,1361,430,1281,459,829,762,491,318,1291,320,365,279,470,421,1301,1341,1431,434,816,377,332,336,1473,356,408,372,1371,585,1401,604,345,504,379,1391,570,347,325,465,299,265,745,441,399,327,414,388,461,419,305,1201,701,340,777,519,933,1381,454,384,256,1441,720
12,775,801,602,870,680,788,646,760,887,718,600,502,814,682,517,872,773,980,944,855,906,566,551,581,741,553,697,991,959,942,786,812,825,617,743,758,842,583,993,827,500,644,961,534,699,619,853,840,667,931,532,929,515,665,908,716,885,978,568,799
12,989
12
12,1471,982
7,1492
15