0
0
0
0
0
0
0
0
0
0
0
0
0
0
0
0
0
0
0
0
0
0
0
0
0
0
0
0
0
0,474,1294,265,1292,388,87,559
0,1304,487,576,1302,544,509,105,333,307,276,344,357
0,1314,294,107,335,603,1312
0,529,440,496,346,618,314,1324,1322,546,109,283
0,1334,368,643,316,111,1332,531
0,660,1342,1344,113,318,518
0,320,309,115,1354,399,406,370,1352,433,348,675,548
0,702,1364,1362,117,322
0,1372,1374,520,715,119,324
0,408,1382,121,415,1384,730,326,420
0,1394,350,123,1392,337,749
0,1402,1404,89,288,764
0,381,372,777,422,1412,480,1414,125
0,374,1424,796,1422,296,424,352,127
0,129,1432,1434,815,359,401,435,456
0,1442,361,449,834,131,410,1444
0,1454,133,851,1452,363
0,376,465,1462,426,135,1464,864
0,339,881,1474,442,137,467,1472
0,444,469,383,898,451,1484,1482,458,139
0,460,141,919,1492,1494
0,91,932,501,1502,1504
0,945,514,93,1512,485,1514
0,95,960,536,516,503,301,476,1522,272,1524
0,983,331,281,274,97,431,267,525,303,1534,390,492,538,1532,290
0,1544,392,478,305,1542,540,99,1016
0,505,1552,1035,527,101,494,1554
0,1052,292,507,394,103,1564,1562,542
0,1230,561,263,985
0,995,970,1232,270,584
0,1234,626,279,997
0,766,286,798,1236,999,605,1060
0,1001,972,1238,1024,586,299,679
0,312,719,1240,664,647,628,681,732,704
0,883,607,751,588,1003,329,1242
0,630,800,1244,683,342,753,590
0,1246,355,836,853,817,592
0,781,802,866,1248,366,685,649
0,379,1250,900,783
0,1018,563,1054,386,1252,987
0,1254,819,397,687
0,1256,689,734,838,404
0,413,1258,736
0,1260,785,804,868,738,418
0,1005,691,821,1262,429
0,1264,885,632,438,902
0,447,1266,904,840
0,921,906,1268,823,454
0,463,908,887,870,1270
0,1272,565,1020,472,779,962
0,947,1274,578,483
0,989,1037,620,490,1276
0,580,1039,934,499,1278,964,1056
0,966,717,662,512,949,1280
0,1041,645,523,991,622,1282
0,624,1284,1058,677,993,534,582,1022,968
1,1592
2,87
2
2,89
2
2,91
2
2,93
2
2,95
2
2,97
2
2,99
2
2,101
2
2,103
2
2,105
2
2,107
2
2,109
2
2,111
2
2,113
2
2,115
2
2,117
2
2,119
2
2,121
2
2,123
2
2,125
2
2,127
2
2,129
2
2,131
2
2,133
2
2,135
2
2,137
2
2,139
2
2,141
2
3,266,261,1083,264
3,273,275,271,268,1084
3,277,280,282,1085
3,1086,291,293,295,289,284,287
3,308,302,300,297,306,304,1087
3,310,319,1088,317,325,323,313,315,321
3,327,1089,332,338,336,330,334
3,345,1090,351,349,347,343,340
3,358,362,353,356,360,1091
3,367,375,364,369,373,1092,371
3,380,382,377,1093
3,389,393,384,1094,387,391
3,1095,398,400,395
3,409,402,407,405,1096
3,414,411,1097
3,419,1098,423,425,416,421
3,1099,427,432,430,434
3,439,436,443,1100,441
3,448,450,1101,445
3,452,455,457,459,1102
3,468,461,1103,466,464
3,1104,470,473,477,479,475
3,486,484,481,1105
3,488,493,491,1106,495
3,508,497,500,1107,502,504,506
3,513,510,515,519,517,1108
3,528,521,530,1109,526,524
3,535,537,541,547,539,543,532,1110,545
3,1289,553,557
3,1287,550,555,552
3,1112,1111,554,171,549,1591,551,556,170
3,572,567,569,1297
3,570,574,1299
3,174,564,173,1113,1115,560,573,562,1114,568,571,558,1116,566
3,594,596,599,1307
3,601,1309,597
3,598,595,579,583,176,1119,575,1120,591,1118,587,600,577,581,177,1117,585,593,589
3,1317,611,614,609
3,616,1319,612
3,1123,606,1124,610,613,1122,602,1121,180,608,615,179,604
3,1327,639,636,634
3,637,641,1329
3,627,629,621,633,640,1128,1125,1127,638,619,623,182,635,1126,631,183,617,625
3,653,656,1337,651
3,654,1339,658
3,644,186,648,650,1131,1129,1132,652,642,646,655,1130,185,657
3,671,666,668,1347
3,1349,673,669
3,1135,672,189,1134,188,659,670,665,1136,1133,663,667,661
3,698,1357,695,693
3,1359,696,700
3,694,1137,192,690,686,680,697,684,674,1139,1140,699,678,1138,688,191,676,682,692
3,1367,711,706,708
3,709,1369,713
3,194,1144,712,710,195,1141,701,705,707,1143,703,1142
3,726,721,723,1377
3,728,1379,724
3,197,718,722,716,1145,725,1148,714,198,1147,727,1146,720
3,745,1387,740,742
3,747,1389,743
3,201,729,1149,1151,200,733,1152,744,746,735,1150,737,731,741,739
3,757,1397,760,755
3,1399,758,762
3,1154,759,750,752,748,754,756,1153,203,204,761,1155,1156
3,773,768,1407,770
3,1409,775,771
3,1158,774,1157,207,1159,1160,769,765,763,767,772,206
3,789,787,792,1417
3,790,794,1419
3,209,1163,210,793,1161,784,1164,786,1162,778,791,776,780,788,782
3,806,808,1427,811
3,1429,809,813
3,812,807,795,1165,810,1167,1168,1166,805,803,213,799,801,797,212
3,830,827,1437,825
3,1439,832,828
3,829,1172,814,818,216,822,1171,820,1169,816,215,831,826,1170,824
3,844,842,1447,847
3,845,849,1449
3,218,846,1175,837,1173,1174,848,843,841,839,835,1176,219,833
3,1457,860,855,857
3,1459,862,858
3,1178,221,861,1180,850,1179,1177,859,856,222,852,854
3,1467,877,874,872
3,1469,875,879
3,224,1181,878,865,863,867,873,1183,876,1182,1184,225,869,871
3,1477,889,891,894
3,1479,896,892
3,888,880,1188,893,882,895,1185,890,1187,884,1186,228,886,227
3,912,910,1487,915
3,917,913,1489
3,907,1189,1190,897,899,914,916,905,231,901,1191,909,230,903,1192,911
3,923,1497,925,928
3,1499,930,926
3,922,234,920,1194,1193,929,927,1195,1196,233,918,924
3,936,1507,938,941
3,943,939,1509
3,931,933,935,1199,1198,1197,236,237,940,937,942,1200
3,951,956,953,1517
3,954,958,1519
3,1204,950,946,240,952,1202,957,955,948,1203,944,1201,239
3,979,974,976,1527
3,977,1529,981
3,969,959,965,980,973,963,1208,1207,971,978,1205,961,242,1206,975,243,967
3,1007,1009,1537,1012
3,1539,1010,1014
3,1006,994,1210,246,1013,1002,1212,1004,986,990,1000,984,1209,245,988,1011,996,1008,992,1211,998,982
3,1547,1031,1026,1028
3,1549,1029,1033
3,249,1032,1015,1021,1027,1213,1023,1019,1215,1030,1214,248,1025,1216,1017
3,1045,1043,1048,1557
3,1046,1050,1559
3,251,1040,1217,1047,1049,1220,1036,252,1038,1034,1219,1044,1218,1042
3,1067,1567,1062,1064
3,1569,1069,1065
3,1066,254,1068,1053,1055,255,1057,1224,1061,1059,1222,1221,1063,1051,1223
3,1073,1080,1076,1577
3,1082,1075,1579
3,1071,1574,1572,1078
3,1077,258,1072,259,257,1081,1225,1079,1226,1074,1228,1070,1227
4,262
4,263
4
4,265
4
4,267
4
4,269
4,270
4
4,272
4
4,274
4
4,276
4
4,278
4,279
4
4,281
4
4,283
4
4,285
4,286
4
4,288
4
4,290
4
4,292
4
4,294
4
4,296
4
4,298
4,299
4
4,301
4
4,303
4
4,305
4
4,307
4
4,309
4
4,311
4,312
4
4,314
4
4,316
4
4,318
4
4,320
4
4,322
4
4,324
4
4,326
4
4,328
4,329
4
4,331
4
4,333
4
4,335
4
4,337
4
4,339
4
4,341
4,342
4
4,344
4
4,346
4
4,348
4
4,350
4
4,352
4
4,354
4,355
4
4,357
4
4,359
4
4,361
4
4,363
4
4,365
4,366
4
4,368
4
4,370
4
4,372
4
4,374
4
4,376
4
4,378
4,379
4
4,381
4
4,383
4
4,385
4,386
4
4,388
4
4,390
4
4,392
4
4,394
4
4,396
4,397
4
4,399
4
4,401
4
4,403
4,404
4
4,406
4
4,408
4
4,410
4
4,412
4,413
4
4,415
4
4,417
4,418
4
4,420
4
4,422
4
4,424
4
4,426
4
4,428
4,429
4
4,431
4
4,433
4
4,435
4
4,437
4,438
4
4,440
4
4,442
4
4,444
4
4,446
4,447
4
4,449
4
4,451
4
4,453
4,454
4
4,456
4
4,458
4
4,460
4
4,462
4,463
4
4,465
4
4,467
4
4,469
4
4,471
4,472
4
4,474
4
4,476
4
4,478
4
4,480
4
4,482
4,483
4
4,485
4
4,487
4
4,489
4,490
4
4,492
4
4,494
4
4,496
4
4,498
4,499
4
4,501
4
4,503
4
4,505
4
4,507
4
4,509
4
4,511
4,512
4
4,514
4
4,516
4
4,518
4
4,520
4
4,522
4,523
4
4,525
4
4,527
4
4,529
4
4,531
4
4,533
4,534
4
4,536
4
4,538
4
4,540
4
4,542
4
4,544
4
4,546
4
4,548
4
4,550
4
4,552
4,553
4
4,555
4
4,557
4
4,559
4
4,561
4
4,563
4
4,565
4
4,567
4
4,569
4,570
4
4,572
4
4,574
4
4,576
4
4,578
4
4,580
4
4,582
4
4,584
4
4,586
4
4,588
4
4,590
4
4,592
4
4,594
4
4,596
4,597
4
4,599
4
4,601
4
4,603
4
4,605
4
4,607
4
4,609
4
4,611
4,612
4
4,614
4
4,616
4
4,618
4
4,620
4
4,622
4
4,624
4
4,626
4
4,628
4
4,630
4
4,632
4
4,634
4
4,636
4,637
4
4,639
4
4,641
4
4,643
4
4,645
4
4,647
4
4,649
4
4,651
4
4,653
4,654
4
4,656
4
4,658
4
4,660
4
4,662
4
4,664
4
4,666
4
4,668
4,669
4
4,671
4
4,673
4
4,675
4
4,677
4
4,679
4
4,681
4
4,683
4
4,685
4
4,687
4
4,689
4
4,691
4
4,693
4
4,695
4,696
4
4,698
4
4,700
4
4,702
4
4,704
4
4,706
4
4,708
4,709
4
4,711
4
4,713
4
4,715
4
4,717
4
4,719
4
4,721
4
4,723
4,724
4
4,726
4
4,728
4
4,730
4
4,732
4
4,734
4
4,736
4
4,738
4
4,740
4
4,742
4,743
4
4,745
4
4,747
4
4,749
4
4,751
4
4,753
4
4,755
4
4,757
4,758
4
4,760
4
4,762
4
4,764
4
4,766
4
4,768
4
4,770
4,771
4
4,773
4
4,775
4
4,777
4
4,779
4
4,781
4
4,783
4
4,785
4
4,787
4
4,789
4,790
4
4,792
4
4,794
4
4,796
4
4,798
4
4,800
4
4,802
4
4,804
4
4,806
4
4,808
4,809
4
4,811
4
4,813
4
4,815
4
4,817
4
4,819
4
4,821
4
4,823
4
4,825
4
4,827
4,828
4
4,830
4
4,832
4
4,834
4
4,836
4
4,838
4
4,840
4
4,842
4
4,844
4,845
4
4,847
4
4,849
4
4,851
4
4,853
4
4,855
4
4,857
4,858
4
4,860
4
4,862
4
4,864
4
4,866
4
4,868
4
4,870
4
4,872
4
4,874
4,875
4
4,877
4
4,879
4
4,881
4
4,883
4
4,885
4
4,887
4
4,889
4
4,891
4,892
4
4,894
4
4,896
4
4,898
4
4,900
4
4,902
4
4,904
4
4,906
4
4,908
4
4,910
4
4,912
4,913
4
4,915
4
4,917
4
4,919
4
4,921
4
4,923
4
4,925
4,926
4
4,928
4
4,930
4
4,932
4
4,934
4
4,936
4
4,938
4,939
4
4,941
4
4,943
4
4,945
4
4,947
4
4,949
4
4,951
4
4,953
4,954
4
4,956
4
4,958
4
4,960
4
4,962
4
4,964
4
4,966
4
4,968
4
4,970
4
4,972
4
4,974
4
4,976
4,977
4
4,979
4
4,981
4
4,983
4
4,985
4
4,987
4
4,989
4
4,991
4
4,993
4
4,995
4
4,997
4
4,999
4
4,1001
4
4,1003
4
4,1005
4
4,1007
4
4,1009
4,1010
4
4,1012
4
4,1014
4
4,1016
4
4,1018
4
4,1020
4
4,1022
4
4,1024
4
4,1026
4
4,1028
4,1029
4
4,1031
4
4,1033
4
4,1035
4
4,1037
4
4,1039
4
4,1041
4
4,1043
4
4,1045
4,1046
4
4,1048
4
4,1050
4
4,1052
4
4,1054
4
4,1056
4
4,1058
4
4,1060
4
4,1062
4
4,1064
4,1065
4
4,1067
4
4,1069
4
4,1071
4
4,1073
4
4,1075
4,1076
4
4,1078
4
4,1080
4
4,1082
4
5,1229
5,1231
5,1233
5,1235
5,1237
5,1239
5,1241
5,1243
5,1245
5,1247
5,1249
5,1251
5,1253
5,1255
5,1257
5,1259
5,1261
5,1263
5,1265
5,1267
5,1269
5,1271
5,1273
5,1275
5,1277
5,1279
5,1281
5,1283
5,1285
5,1288
5,1290
5,1293
5,1295
5,1298
5,1300
5,1303
5,1305
5,1308
5,1310
5,1313
5,1315
5,1318
5,1320
5,1323
5,1325
5,1328
5,1330
5,1333
5,1335
5,1338
5,1340
5,1343
5,1345
5,1348
5,1350
5,1353
5,1355
5,1358
5,1360
5,1363
5,1365
5,1368
5,1370
5,1373
5,1375
5,1378
5,1380
5,1383
5,1385
5,1388
5,1390
5,1393
5,1395
5,1398
5,1400
5,1403
5,1405
5,1408
5,1410
5,1413
5,1415
5,1418
5,1420
5,1423
5,1425
5,1428
5,1430
5,1433
5,1435
5,1438
5,1440
5,1443
5,1445
5,1448
5,1450
5,1453
5,1455
5,1458
5,1460
5,1463
5,1465
5,1468
5,1470
5,1473
5,1475
5,1478
5,1480
5,1483
5,1485
5,1488
5,1490
5,1493
5,1495
5,1498
5,1500
5,1503
5,1505
5,1508
5,1510
5,1513
5,1515
5,1518
5,1520
5,1523
5,1525
5,1528
5,1530
5,1533
5,1535
5,1538
5,1540
5,1543
5,1545
5,1548
5,1550
5,1553
5,1555
5,1558
5,1560
5,1563
5,1565
5,1568
5,1570
5,1573
5,1575
5,1578
6,1230
6
6,1232
6
6,1234
6
6,1236
6
6,1238
6
6,1240
6
6,1242
6
6,1244
6
6,1246
6
6,1248
6
6,1250
6
6,1252
6
6,1254
6
6,1256
6
6,1258
6
6,1260
6
6,1262
6
6,1264
6
6,1266
6
6,1268
6
6,1270
6
6,1272
6
6,1274
6
6,1276
6
6,1278
6
6,1280
6
6,1282
6
6,1284
6
6,1286
6,1287
6
6,1289
6
6,1291
6,1292
6
6,1294
6
6,1296
6,1297
6
6,1299
6
6,1301
6,1302
6
6,1304
6
6,1306
6,1307
6
6,1309
6
6,1311
6,1312
6
6,1314
6
6,1316
6,1317
6
6,1319
6
6,1321
6,1322
6
6,1324
6
6,1326
6,1327
6
6,1329
6
6,1331
6,1332
6
6,1334
6
6,1336
6,1337
6
6,1339
6
6,1341
6,1342
6
6,1344
6
6,1346
6,1347
6
6,1349
6
6,1351
6,1352
6
6,1354
6
6,1356
6,1357
6
6,1359
6
6,1361
6,1362
6
6,1364
6
6,1366
6,1367
6
6,1369
6
6,1371
6,1372
6
6,1374
6
6,1376
6,1377
6
6,1379
6
6,1381
6,1382
6
6,1384
6
6,1386
6,1387
6
6,1389
6
6,1391
6,1392
6
6,1394
6
6,1396
6,1397
6
6,1399
6
6,1401
6,1402
6
6,1404
6
6,1406
6,1407
6
6,1409
6
6,1411
6,1412
6
6,1414
6
6,1416
6,1417
6
6,1419
6
6,1421
6,1422
6
6,1424
6
6,1426
6,1427
6
6,1429
6
6,1431
6,1432
6
6,1434
6
6,1436
6,1437
6
6,1439
6
6,1441
6,1442
6
6,1444
6
6,1446
6,1447
6
6,1449
6
6,1451
6,1452
6
6,1454
6
6,1456
6,1457
6
6,1459
6
6,1461
6,1462
6
6,1464
6
6,1466
6,1467
6
6,1469
6
6,1471
6,1472
6
6,1474
6
6,1476
6,1477
6
6,1479
6
6,1481
6,1482
6
6,1484
6
6,1486
6,1487
6
6,1489
6
6,1491
6,1492
6
6,1494
6
6,1496
6,1497
6
6,1499
6
6,1501
6,1502
6
6,1504
6
6,1506
6,1507
6
6,1509
6
6,1511
6,1512
6
6,1514
6
6,1516
6,1517
6
6,1519
6
6,1521
6,1522
6
6,1524
6
6,1526
6,1527
6
6,1529
6
6,1531
6,1532
6
6,1534
6
6,1536
6,1537
6
6,1539
6
6,1541
6,1542
6
6,1544
6
6,1546
6,1547
6
6,1549
6
6,1551
6,1552
6
6,1554
6
6,1556
6,1557
6
6,1559
6
6,1561
6,1562
6
6,1564
6
6,1566
6,1567
6
6,1569
6
6,1571
6,1572
6
6,1574
6
6,1576
6,1577
6
6,1579
6
14,1591,85
12
12,963,581,1241,1233,648,680,1243,437,882,969,661,780,1267,965,1257,579,948,703,1017,482,1255,511,946,992,903,1004,884,678,682,816,733,1261,752,587,1038,453,385,886,629,1237,797,627,396,1277,583,1275,560,690,684,631,961,731,988,625,1279,1057,905,990,417,835,663,799,1023,311,604,971,1000,839,867,1247,562,933,735,986,522,1281,998,967,606,1055,818,784,1249,354,585,1229,644,869,1053,1231,837,1036,1263,737,285,621,489,1253,1040,852,820,996,1259,564,1251,782,533,778,646,1245,676,403,471,1239,577,1273,446,1059,278,801,750,920,688,1271,1283,262,865,591,498,822,298,984,1002,328,1265,899,623,765,994,686,1235,907,462,341,412,716,589,365,718,269,1019,803,619,1269,1021,428,378,901
12,856,1044,595,568,769,890,756,826,843,975,1063,937,635,652,911,873,924,610,788,694,1027,722,807,667,1008,952,707,551,741,1074
12,88,124,102,1473,92,1413,90,132,1393,136,1493,1363,1323,100,1513,96,1523,1373,1313,1403,1353,138,1343,114,104,1303,120,118,86,122,1443,1383,1463,94,1293,1453,116,1553,1423,108,1533,1543,1483,130,112,1563,128,98,140,1433,110,1333,134,126,1503,106
12,767,1358,922,1006,1348,1496,1418,549,854,1298,1446,1025,1438,1426,1458,1376,1328,824,1538,950,1368,1508,1528,1506,1536,1406,1408,1448,1378,1576,1072,786,754,1338,1488,1288,1566,1498,1286,1558,593,1366,1388,1436,566,633,1428,973,1578,692,1336,1548,1396,1398,1568,909,1466,1516,1526,935,1308,665,1316,1416,1456,705,1518,1486,1346,739,1468,1296,1061,1546,720,1478,650,1386,1042,1356,805,1326,1306,1556,871,608,888,1476,841,1318
12,323,545,1531,373,289,336,349,1311,308,982,1331,334,380,543,524,795,387,944,1301,280,319,897,519,266,1381,295,271,291,300,1391,1471,959,393,332,466,468,491,347,674,443,448,421,547,539,330,1551,714,302,541,642,1521,450,495,459,617,430,493,1034,484,486,362,1421,293,1561,880,506,1481,1291,1321,464,1051,317,850,282,371,306,304,1371,358,434,508,1511,918,391,1015,419,863,425,504,457,313,477,356,1341,748,502,1351,526,535,338,575,389,287,441,398,513,1573,814,405,1541,360,1411,659,382,432,400,517,1431,1461,602,1361,367,1491,351,407,776,1451,558,369,343,833,409,479,315,273,729,473,537,528,455,423,345,475,439,321,325,701,515,375,1401,275,530,763,500,931,1441,414,264,1501
12,791,761,613,1068,655,712,638,876,1013,774,600,848,744,893,1032,710,1030,812,672,725,878,697,759,955,1047,861,1081,914,657,940,772,1011,895,615,1066,571,556,573,746,727,640,598,829,846,980,942,554,1049,859,810,699,957,929,1079,927,670,978,916,793,831
12,1077
12
12,1070,1571
7,1592
15