0
0
0
0
0
0
0
0
0
0
0
0
0,23
0,26
0
0
0
0
0
0,27,24
0
0
2,23
2,24
2
2,26
2,27
2
3,68,243,247,74
3,69,76,72,248,255
3,78,251,244
3,250,80,71,254
3,75,70,29,67,73,30,210,211,79,31,209,208,77,28
3,257,261,82,91
3,89,93,86,83,262,276,269
3,272,258,265,95
3,97,264,85,268
3,275,99,271,88
3,92,81,212,90,37,36,213,34,217,87,98,35,94,96,84,215,214,216,33
3,112,282,278,101
3,283,105,290,108,297,102,114
3,286,279,116,293
3,289,118,285,104
3,110,292,120,107,296
3,223,222,39,100,103,220,109,218,106,113,41,43,40,42,111,115,117,221,219,119
3,122,303,299,136
3,311,134,304,126,325,123,318,138,129
3,321,314,307,300,140
3,125,306,142,310
3,131,128,144,313,317
3,324,133,320,146
3,227,132,224,130,135,139,230,226,228,50,225,137,141,124,127,229,46,48,49,143,121,145,231,45,47
3,148,156
3,158,152,149
3,151,160,327,330,154
3,155,53,150,52,232,233,54,153,157,159,147
3,170,162
3,172,163,166
3,168,332,335,165,174
3,58,235,164,161,56,171,167,57,234,169,173
3,179,197,176
3,352,199,338,177,185,345
3,341,337,181,194,201
3,182,203,349,188,342,191,356,184
3,348,187,205,344,195
3,207,355,351,193,190
3,180,64,202,60,61,189,62,178,196,200,183,238,186,206,175,204,65,239,198,240,192,63,236,237,241
4,68
4,69
4
4,71
4,72
4
4,74
4
4,76
4
4,78
4
4,80
4
4,82
4,83
4
4,85
4,86
4
4,88
4,89
4
4,91
4
4,93
4
4,95
4
4,97
4
4,99
4
4,101
4,102
4
4,104
4,105
4
4,107
4,108
4
4,110
4
4,112
4
4,114
4
4,116
4
4,118
4
4,120
4
4,122
4,123
4
4,125
4,126
4
4,128
4,129
4
4,131
4
4,133
4,134
4
4,136
4
4,138
4
4,140
4
4,142
4
4,144
4
4,146
4
4,148
4,149
4
4,151
4,152
4
4,154
4
4,156
4
4,158
4
4,160
4
4,162
4,163
4
4,165
4,166
4
4,168
4
4,170
4
4,172
4
4,174
4
4,176
4,177
4
4,179
4
4,181
4,182
4
4,184
4,185
4
4,187
4,188
4
4,190
4,191
4
4,193
4,194
4,195
4
4,197
4
4,199
4
4,201
4
4,203
4
4,205
4
4,207
4
5,242
5,245
5,249
5,252
5,256
5,259
5,263
5,266
5,270
5,273
5,277
5,280
5,284
5,287
5,291
5,294
5,298
5,301
5,305
5,308
5,312
5,315
5,319
5,322
5,326
5,328
5,331
5,333
5,336
5,339
5,343
5,346
5,350
5,353
6,243
6,244
6
6,246
6,247
6,248
6
6,250
6,251
6
6,253
6,254
6,255
6
6,257
6,258
6
6,260
6,261
6,262
6
6,264
6,265
6
6,267
6,268
6,269
6
6,271
6,272
6
6,274
6,275
6,276
6
6,278
6,279
6
6,281
6,282
6,283
6
6,285
6,286
6
6,288
6,289
6,290
6
6,292
6,293
6
6,295
6,296
6,297
6
6,299
6,300
6
6,302
6,303
6,304
6
6,306
6,307
6
6,309
6,310
6,311
6
6,313
6,314
6
6,316
6,317
6,318
6
6,320
6,321
6
6,323
6,324
6,325
6
6,327
6
6,329
6,330
6
6,332
6
6,334
6,335
6
6,337
6,338
6
6,340
6,341
6,342
6
6,344
6,345
6
6,347
6,348
6,349
6
6,351
6,352
6
6,354
6,355
6,356
6
12,84,103,249,253,309,124,267,284,305,70,288,263
12,302,270,256,277,298,67,242,161,347,87,246,81,323,260,121,147,186,274,336,340,319,100,281,343,132,180
12,295,175,106,291,312,164,316,150,127
12,130,326,334,167,109
12,183
12,192
12,96,117,141,79
12,206
12,155,90,169,200,204,98,73,135,111,145
12,113,94,137,198,115,157,139,202,171,92,75,77
12,159,196,143,119,173
12,178,153,331,329
12,25,189,22,350,354