0
0
0
0
0
0,19
0,22
0
0
0
0
0
0
0
0
0,20,23
0
0
2,19
2,20
2
2,22
2,23
2
3,64,239,243,70
3,65,72,68,244,251
3,74,247,240
3,246,76,67,250
3,71,66,25,63,69,26,206,207,75,27,205,204,73,24
3,253,257,78,87
3,85,89,82,79,258,272,265
3,268,254,261,91
3,93,260,81,264
3,271,95,267,84
3,88,77,208,86,33,32,209,30,213,83,94,31,90,92,80,211,210,212,29
3,108,278,274,97
3,279,101,286,104,293,98,110
3,282,275,112,289
3,285,114,281,100
3,106,288,116,103,292
3,219,218,35,96,99,216,105,214,102,109,37,39,36,38,107,111,113,217,215,115
3,118,299,295,132
3,307,130,300,122,321,119,314,134,125
3,317,310,303,296,136
3,121,302,138,306
3,127,124,140,309,313
3,320,129,316,142
3,223,128,220,126,131,135,226,222,224,46,221,133,137,120,123,225,42,44,45,139,117,141,227,41,43
3,144,152
3,154,148,145
3,147,156,323,326,150
3,151,49,146,48,228,229,50,149,153,155,143
3,166,158
3,168,159,162
3,164,328,331,161,170
3,54,231,160,157,52,167,163,53,230,165,169
3,175,193,172
3,348,195,334,173,181,341
3,337,333,177,190,197
3,178,199,345,184,338,187,352,180
3,344,183,201,340,191
3,203,351,347,189,186
3,176,60,198,56,57,185,58,174,192,196,179,234,182,202,171,200,61,235,194,236,188,59,232,233,237
4,64
4,65
4
4,67
4,68
4
4,70
4
4,72
4
4,74
4
4,76
4
4,78
4,79
4
4,81
4,82
4
4,84
4,85
4
4,87
4
4,89
4
4,91
4
4,93
4
4,95
4
4,97
4,98
4
4,100
4,101
4
4,103
4,104
4
4,106
4
4,108
4
4,110
4
4,112
4
4,114
4
4,116
4
4,118
4,119
4
4,121
4,122
4
4,124
4,125
4
4,127
4
4,129
4,130
4
4,132
4
4,134
4
4,136
4
4,138
4
4,140
4
4,142
4
4,144
4,145
4
4,147
4,148
4
4,150
4
4,152
4
4,154
4
4,156
4
4,158
4,159
4
4,161
4,162
4
4,164
4
4,166
4
4,168
4
4,170
4
4,172
4,173
4
4,175
4
4,177
4,178
4
4,180
4,181
4
4,183
4,184
4
4,186
4,187
4
4,189
4,190
4,191
4
4,193
4
4,195
4
4,197
4
4,199
4
4,201
4
4,203
4
5,238
5,241
5,245
5,248
5,252
5,255
5,259
5,262
5,266
5,269
5,273
5,276
5,280
5,283
5,287
5,290
5,294
5,297
5,301
5,304
5,308
5,311
5,315
5,318
5,322
5,324
5,327
5,329
5,332
5,335
5,339
5,342
5,346
5,349
6,239
6,240
6
6,242
6,243
6,244
6
6,246
6,247
6
6,249
6,250
6,251
6
6,253
6,254
6
6,256
6,257
6,258
6
6,260
6,261
6
6,263
6,264
6,265
6
6,267
6,268
6
6,270
6,271
6,272
6
6,274
6,275
6
6,277
6,278
6,279
6
6,281
6,282
6
6,284
6,285
6,286
6
6,288
6,289
6
6,291
6,292
6,293
6
6,295
6,296
6
6,298
6,299
6,300
6
6,302
6,303
6
6,305
6,306
6,307
6
6,309
6,310
6
6,312
6,313
6,314
6
6,316
6,317
6
6,319
6,320
6,321
6
6,323
6
6,325
6,326
6
6,328
6
6,330
6,331
6
6,333
6,334
6
6,336
6,337
6,338
6
6,340
6,341
6
6,343
6,344
6,345
6
6,347
6,348
6
6,350
6,351
6,352
6
12,80,99,245,249,305,120,263,280,301,66,284,259
12,298,266,252,273,294,63,238,157,343,83,242,77,319,256,117,143,182,270,332,336,315,96,277,339,128,176
12,291,171,102,287,308,160,312,146,123
12,126,322,330,163,105
12,179
12,188
12,92,113,137,75
12,202
12,151,86,165,196,200,94,69,131,107,141
12,109,90,133,194,111,153,135,198,167,88,71,73
12,155,192,139,115,169
12,174,149,327,325
12,21,185,18,346,350