0,56
0,58
0
0
0,60
0,62
0,64
0,66
0,68
0,70
0
0,72
0,74
0
0,76
0,78
0,80
0,82
0,84
0
0
0
0
0
0,98
0,86
0,88
0,90
0
0
0,92
0,94
0,96
0,100
0,102
0
0,104
0,106
0,108
0
0
0,110
0
0
0,112
0,114
0
0,116
0
0,118
0,120
0
0
0,122
0
2,56
2
2,58
2
2,60
2
2,62
2
2,64
2
2,66
2
2,68
2
2,70
2
2,72
2
2,74
2
2,76
2
2,78
2
2,80
2
2,82
2
2,84
2
2,86
2
2,88
2
2,90
2
2,92
2
2,94
2
2,96
2
2,98
2
2,100
2
2,102
2
2,104
2
2,106
2
2,108
2
2,110
2
2,112
2
2,114
2
2,116
2
2,118
2
2,120
2
2,122
2
3,132,127,142,129
3,130,134,139,144
3,137,128,126,133,135,131,124,123,136
4,127
4
4,129
4,130
4
4,132
4
4,134
4
5,138
5,140
5,143
6,139
6
6,141
6,142
6
6,144
6
12,141,138,126
12,128
12,133,131
12,85,77,115,61,67,79,75,57,121,59,117,81,89,73,97,83,99,91,63,107,71,65,87,111,119,113,93,105,143,95,103,55,101,109,69