0
0,61
0,63
0,65
0,67
0
0,69
0
0,71
0
0
0,73
0
0
0,75
0
0,77
0
0,79
0,81
0,83
0,85
0,87
0
0,89
0,91
0
0
0,93
0,95
0
0
0,97
0
0,99
0
0,101
0,103
0,105
0
0
0,107
0
0
0,109
0,111
0
0,113
0
0,115
0
0
0,117
0,119
0,121
0
0,123
0,125
0,127
0,129
2,61
2
2,63
2
2,65
2
2,67
2
2,69
2
2,71
2
2,73
2
2,75
2
2,77
2
2,79
2
2,81
2
2,83
2
2,85
2
2,87
2
2,89
2
2,91
2
2,93
2
2,95
2
2,97
2
2,99
2
2,101
2
2,103
2
2,105
2
2,107
2
2,109
2
2,111
2
2,113
2
2,115
2
2,117
2
2,119
2
2,121
2
2,123
2
2,125
2
2,127
2
2,129
2
3,139,134,149,136
3,151,141,146,137
3,142,140,144,138,135,133,131,130,143
4,134
4
4,136
4,137
4
4,139
4
4,141
4
5,145
5,147
5,150
6,146
6
6,148
6,149
6
6,151
6
12,148,133,145
12,135
12,140,138
12,90,82,120,66,128,72,84,80,62,124,126,64,122,86,94,104,78,102,88,96,68,112,76,70,92,116,118,98,110,150,100,108,60,106,114,74