0,67
0,69
0
0,71
0
0,73
0
0
0,75
0,77
0,79
0,81
0
0
0,83
0,85
0
0
0
0
0,87
0
0,89
0
0,103
0,91
0,93
0
0,95
0,97
0,99
0,101
0
0,105
0,107
0,117
0
0,109
0
0,111
0,113
0
0
0,115
0
0,119
0,129
0
0,121
0,123
0
0
0,125
0,127
0
0
0
0
0,131
0,133
0
0,135
0
0,137
0,139
0
2,67
2
2,69
2
2,71
2
2,73
2
2,75
2
2,77
2
2,79
2
2,81
2
2,83
2
2,85
2
2,87
2
2,89
2
2,91
2
2,93
2
2,95
2
2,97
2
2,99
2
2,101
2
2,103
2
2,105
2
2,107
2
2,109
2
2,111
2
2,113
2
2,115
2
2,117
2
2,119
2
2,121
2
2,123
2
2,125
2
2,127
2
2,129
2
2,131
2
2,133
2
2,135
2
2,137
2
2,139
2
3,149,144,159,146
3,147,161,151,156
3,152,150,154,145,143,148,141,140,153
4,144
4
4,146
4,147
4
4,149
4
4,151
4
5,155
5,157
5,160
6,156
6
6,158
6,159
6
6,161
6
12,158,143,155
12,145
12,150,148
12,96,88,126,72,134,136,78,90,86,68,114,132,70,128,92,100,110,84,108,94,102,74,118,82,76,122,130,124,104,116,160,106,138,66,112,120,80,98