0
0,78
0
0,80
0,82
0
0,84
0
0,86
0
0,88
0,90
0
0,102
0,92
0,94
0
0
0
0,96
0,98
0,100
0,104
0
0,112
0
0
0,106
0
0
0
0,108
0,110
0
0
0,118
0
0,114
0
0
0,116
0
0
0
0,120
0,122
0
0,124
0
0,126
0,128
0
0
0
0
0,130
0
0,148
0,132
0,134
0,136
0,138
0,140
0,142
0,144
0,146
0
0,150
0
0
0,152
0
0,154
0
0
0
0
2,78
2
2,80
2
2,82
2
2,84
2
2,86
2
2,88
2
2,90
2
2,92
2
2,94
2
2,96
2
2,98
2
2,100
2
2,102
2
2,104
2
2,106
2
2,108
2
2,110
2
2,112
2
2,114
2
2,116
2
2,118
2
2,120
2
2,122
2
2,124
2
2,126
2
2,128
2
2,130
2
2,132
2
2,134
2
2,136
2
2,138
2
2,140
2
2,142
2
2,144
2
2,146
2
2,148
2
2,150
2
2,152
2
2,154
2
3,164,159,174,161
3,176,166,171,162
3,167,165,169,160,158,163,156,155,168
4,159
4
4,161
4,162
4
4,164
4
4,166
4
5,170
5,172
5,175
6,171
6
6,173
6,174
6
6,176
6
12,173,170,158
12,160
12,165,163
12,107,99,135,137,83,145,89,101,97,79,141,143,81,139,111,95,119,105,121,113,85,129,93,87,109,151,133,153,115,127,147,175,117,103,125,149,77,123,131,91