0,78
0
0
0
0
0,80
0,82
0,84
0
0,86
0
0,88
0
0
0
0,90
0
0
0,92
0,94
0,96
0
0,98
0,100
0
0,102
0
0
0
0
0
0,104
0,106
0
0,108
0
0,110
0
0
0,112
0
0
0
0
0,114
0,116
0
0
0
0
0,118
0
0,120
0,122
0,124
0,126
0,128
0
0,130
0
0
0
0,132
0,134
0,136
0,138
0
0
0,148
0,140
0
0,142
0,144
0
0,146
0
0
2,78
2
2,80
2
2,82
2
2,84
2
2,86
2
2,88
2
2,90
2
2,92
2
2,94
2
2,96
2
2,98
2
2,100
2
2,102
2
2,104
2
2,106
2
2,108
2
2,110
2
2,112
2
2,114
2
2,116
2
2,118
2
2,120
2
2,122
2
2,124
2
2,126
2
2,128
2
2,130
2
2,132
2
2,134
2
2,136
2
2,138
2
2,140
2
2,142
2
2,144
2
2,146
2
2,148
2
3,158,153,168,155
3,160,156,170,165
3,161,159,163,154,152,157,150,149,162
4,153
4
4,155
4,156
4
4,158
4
4,160
4
5,164
5,166
5,169
6,165
6
6,167
6,168
6
6,170
6
12,167,164,152
12,154
12,159,157
12,107,99,133,137,83,147,89,101,97,79,143,81,139,103,111,95,145,119,105,121,113,85,129,93,87,141,135,115,127,169,117,125,77,123,131,91,109