0
0
0
0,65
0,67
0
0
0
0,69
0,71
0,73
0,75
0,77
0,79
0,81
0
0
0,83
0,85
0
0,87
0,89
0,91
0,93
0,95
0
0,97
0
0
0,99
0
0
0,101
0
0,103
0,105
0
0,107
0,109
0,111
0,113
0,115
0,117
0,119
0
0
0
0,121
0
0,123
0,125
0
0,127
0
0
0,129
0
0
0
0
0,131
0
0,133
0
2,65
2
2,67
2
2,69
2
2,71
2
2,73
2
2,75
2
2,77
2
2,79
2
2,81
2
2,83
2
2,85
2
2,87
2
2,89
2
2,91
2
2,93
2
2,95
2
2,97
2
2,99
2
2,101
2
2,103
2
2,105
2
2,107
2
2,109
2
2,111
2
2,113
2
2,115
2
2,117
2
2,119
2
2,121
2
2,123
2
2,125
2
2,127
2
2,129
2
2,131
2
2,133
2
3,143,138,153,140
3,141,155,145,150
3,146,144,148,139,142,137,135,134,147
4,138
4
4,140
4,141
4
4,143
4
4,145
4
5,149
5,151
5,154
6,150
6
6,152
6,153
6
6,155
6
12,152,137,149
12,139
12,144,142
12,94,86,124,70,132,76,88,84,66,128,130,68,126,90,98,110,82,106,92,108,100,72,116,80,74,96,120,122,102,114,154,104,112,64,118,78