0,91
0
0
0
0,93
0,95
0,97
0
0,99
0
0,101
0
0
0,103
0,105
0
0,107
0,109
0
0,111
0
0
0
0
0
0
0
0
0,113
0
0,115
0
0,117
0,119
0
0,121
0
0,123
0
0,125
0,127
0
0,129
0,131
0
0,133
0,135
0
0
0,137
0
0,139
0,141
0
0,143
0,145
0
0
0
0
0
0,147
0,149
0,151
0
0
0,153
0
0,155
0,157
0
0
0
0,159
0
0
0
0,161
0
0,163
0,165
0,167
0,169
0,171
0,173
0
0,175
0,177
0
0,179
2,91
2
2,93
2
2,95
2
2,97
2
2,99
2
2,101
2
2,103
2
2,105
2
2,107
2
2,109
2
2,111
2
2,113
2
2,115
2
2,117
2
2,119
2
2,121
2
2,123
2
2,125
2
2,127
2
2,129
2
2,131
2
2,133
2
2,135
2
2,137
2
2,139
2
2,141
2
2,143
2
2,145
2
2,147
2
2,149
2
2,151
2
2,153
2
2,155
2
2,157
2
2,159
2
2,161
2
2,163
2
2,165
2
2,167
2
2,169
2
2,171
2
2,173
2
2,175
2
2,177
2
2,179
2
3,189,199,184,186
3,187,196,191,201
3,192,190,194,180,185,183,188,181,193
4,184
4
4,186
4,187
4
4,189
4
4,191
4
5,195
5,197
5,200
6,196
6
6,198
6,199
6
6,201
6
12,198,195,183
12,185
12,190,188
12,120,112,168,150,96,176,158,160,102,114,110,92,178,156,172,94,152,116,124,174,170,108,132,118,134,126,98,142,106,100,122,164,146,154,166,148,128,140,200,130,138,162,90,136,144,104