0
0,57
0,59
0,61
0,63
0,65
0,67
0,69
0
0,71
0,73
0,75
0,77
0,79
0
0,81
0,83
0
0
0,85
0,87
0,89
0,91
0,93
0,95
0,97
0,99
0,101
0,103
0
0,105
0,107
0
0,109
0,111
0
0,113
0,115
0
0
0,117
0,119
0
0,121
0,123
0
0
0,125
0,127
0,129
0,131
0,133
0,135
0,137
0
0,139
2,57
2
2,59
2
2,61
2
2,63
2
2,65
2
2,67
2
2,69
2
2,71
2
2,73
2
2,75
2
2,77
2
2,79
2
2,81
2
2,83
2
2,85
2
2,87
2
2,89
2
2,91
2
2,93
2
2,95
2
2,97
2
2,99
2
2,101
2
2,103
2
2,105
2
2,107
2
2,109
2
2,111
2
2,113
2
2,115
2
2,117
2
2,119
2
2,121
2
2,123
2
2,125
2
2,127
2
2,129
2
2,131
2
2,133
2
2,135
2
2,137
2
2,139
2
3,149,144,146,159
3,147,161,151,156
3,150,145,143,152,148,141,154,140,153
4,144
4
4,146
4,147
4
4,149
4
4,151
4
5,155
5,157
5,160
6,156
6
6,158
6,159
6
6,161
6
12,155,143,158
12,145
12,150,148
12,86,78,134,116,62,68,76,58,84,104,122,138,60,118,82,90,136,74,98,100,92,64,108,72,66,88,130,112,124,120,132,114,94,106,126,160,96,80,128,56,102,110,70