0,22,26
0,28,32
0,38,34
0,44,40
0,46
0,49
0,52
0,55
0,25
0,31
0,37
0,43
0,23
0,29
0,35
0,41
0,47
0,50
0,53
0,56
1,212
2,22
2,23
2
2,25
2,26
2
2,28
2,29
2
2,31
2,32
2
2,34
2,35
2
2,37
2,38
2
2,40
2,41
2
2,43
2,44
2
2,46
2,47
2
2,49
2,50
2
2,52
2,53
2
2,55
2,56
2
3,83,153,157,78,74
3,81,87,149,154,76
3,79,158,85,151
3,73,130,80,132,131,84,59,75,208,86,77,82,57,58,129
3,165,89,96,93,169,172
3,170,94,163,98
3,166,91,161,100
3,137,61,90,209,134,63,136,135,97,95,92,88,99,62,133
3,179,183,102,187,111,106
3,115,180,175,109,104
3,107,113,177,184
3,138,101,103,65,66,105,110,139,112,108,67,142,114,141,210,140
3,198,121,124,117,194
3,195,119,190,128
3,192,126,199,122
3,71,69,145,143,211,123,125,144,146,118,120,127,70,116
4,74
4
4,76
4
4,78
4,79
4
4,81
4
4,83
4
4,85
4
4,87
4
4,89
4
4,91
4
4,93
4,94
4
4,96
4
4,98
4
4,100
4
4,102
4
4,104
4
4,106
4,107
4
4,109
4
4,111
4
4,113
4
4,115
4
4,117
4
4,119
4
4,121
4,122
4
4,124
4
4,126
4
4,128
4
5,147
5,150
5,152
5,155
5,159
5,162
5,164
5,167
5,171
5,173
5,176
5,178
5,181
5,185
5,188
5,191
5,193
5,196
6,148
6,149
6
6,151
6
6,153
6,154
6
6,156
6,157
6,158
6
6,160
6,161
6
6,163
6
6,165
6,166
6
6,168
6,169
6,170
6
6,172
6
6,174
6,175
6
6,177
6
6,179
6,180
6
6,182
6,183
6,184
6
6,186
6,187
6
6,189
6,190
6
6,192
6
6,194
6,195
6
6,197
6,198
6,199
6
14,20,208,211,209,210
12,108,186,171,80
12,197,33,105,48,39,193,27,120,21,51,54,164,182,45
12,92,42,178,168,156,152,77,30,24,36
12,162,73,75,150,148,103,101,88,116,174
12,176,189,191,118,160,90
12,97,123,95,82,114,84,86,110
12,125,112,127,99
7,212
7,212
7,212
7,212
15