0
0
0,45,69,63,42,54
0
0,39,57,66
0,36,51,60,48
0,68
0,62
0,38,59,44
0,53,35
0,47
0
0,50,65,41
0,56
0
0
0,33
0
0
0
0
0
0
0,31
0
0
0,29
0
2,29
2
2,31
2
2,33
2
2,35
2,36
2
2,38
2,39
2
2,41
2,42
2
2,44
2,45
2
2,47
2,48
2
2,50
2,51
2
2,53
2,54
2
2,56
2,57
2
2,59
2,60
2
2,62
2,63
2
2,65
2,66
2
2,68
2,69
2
3,333,118,132,127
3,128,121,334,130,116
3,124,119,134
3,122,136,125
3,123,135,308,73,71,129,131,120,72,126,117,70,133,115
3,336,153,141,157
3,339,146,161
3,338,159,145
3,138,155,341,151,144
3,148,139,163
3,149,142,165
3,158,75,160,156,154,162,79,311,150,147,164,310,140,137,143,80,77,76,78,152,309
3,181,185,343,170
3,345,187,174
3,347,179,183,173,167
3,168,189,176
3,177,191,171
3,188,313,82,190,184,83,85,166,86,314,169,186,178,172,84,180,175,312,182
3,211,349,196,207
3,213,351,200
3,205,353,193,209,199
3,215,202,194
3,203,197,217
3,206,195,316,208,315,216,210,91,214,317,212,192,204,198,90,92,201,88,89
3,220,224
3,356,222,358,226,219
3,319,318,223,221,225,94,218,95
3,364,361,240,232,234,228
3,235,242,229,362,237
3,238,365,244,230
3,236,320,231,241,233,239,97,98,243,321,99,227
3,262,249,373,247,376
3,253,260,256,370,368
3,246,372,251,258,254
3,103,325,101,252,322,245,257,250,323,248,102,261,324,255,259
3,267,384,280,265,387
3,379,271,278,274,381
3,276,264,383,269,272
3,268,270,105,279,275,107,328,277,106,266,263,273,329,326,327
3,285,282,394,290,305
3,291,307,391
3,303,293,390
3,297,294,301
3,283,389,286,296,299,288,395
3,289,281,306,111,300,113,284,112,304,109,295,302,292,287,110,298,331,330
4,116
4
4,118
4,119
4
4,121
4,122
4
4,124
4,125
4
4,127
4,128
4
4,130
4
4,132
4
4,134
4
4,136
4
4,138
4,139
4
4,141
4,142
4
4,144
4,145
4,146
4
4,148
4,149
4
4,151
4
4,153
4
4,155
4
4,157
4
4,159
4
4,161
4
4,163
4
4,165
4
4,167
4,168
4
4,170
4,171
4
4,173
4,174
4
4,176
4,177
4
4,179
4
4,181
4
4,183
4
4,185
4
4,187
4
4,189
4
4,191
4
4,193
4,194
4
4,196
4,197
4
4,199
4,200
4
4,202
4,203
4
4,205
4
4,207
4
4,209
4
4,211
4
4,213
4
4,215
4
4,217
4
4,219
4,220
4
4,222
4
4,224
4
4,226
4
4,228
4,229
4,230
4
4,232
4
4,234
4,235
4
4,237
4,238
4
4,240
4
4,242
4
4,244
4
4,246
4,247
4
4,249
4
4,251
4
4,253
4,254
4
4,256
4
4,258
4
4,260
4
4,262
4
4,264
4,265
4
4,267
4
4,269
4
4,271
4,272
4
4,274
4
4,276
4
4,278
4
4,280
4
4,282
4,283
4
4,285
4,286
4
4,288
4
4,290
4,291
4
4,293
4,294
4
4,296
4,297
4
4,299
4
4,301
4
4,303
4
4,305
4
4,307
4
5,332
5,335
5,337
5,340
5,342
5,344
5,346
5,348
5,350
5,352
5,354
5,357
5,359
5,363
5,366
5,369
5,371
5,374
5,377
5,380
5,382
5,385
5,388
5,392
6,333
6,334
6
6,336
6
6,338
6,339
6
6,341
6
6,343
6
6,345
6
6,347
6
6,349
6
6,351
6
6,353
6
6,355
6,356
6
6,358
6
6,360
6,361
6,362
6
6,364
6,365
6
6,367
6,368
6
6,370
6
6,372
6,373
6
6,375
6,376
6
6,378
6,379
6
6,381
6
6,383
6,384
6
6,386
6,387
6
6,389
6,390
6,391
6
6,393
6,394
6,395
6
12,360,137,192,295,263,245,120,166,363,233
12,195,140,169
12,375,248
12,266,386
12,231,352,204,346,178,340,150
12,393,281,332
12,117
12,227
12,342,206,348,335,152,180
12,55,64,337,67,34,49,46,43,40,61,58,52,37
12,344
12,32,350,30,28
12,273,378,255,367,357
12,287,115
12,250
12,268
12,355,369,380,221
12,388,143
12,371,172
12,382,198
12,284,126
12,270,252,218
12,289
12,304,131
12,156,210,184
12,306,160
12,158,133,302
12,208,298,182,257,129,223,275,154,239
12,277,225,259
12,214,241,186,188,261,212,216,279,300,164,243,162,190,135
12,147,201,236,175
12,123,292