0
0
0,78,81,75
0
0
0,72
0,80
0,74
0,77
0,71
0
0
0,61
0,69
0
0
0
0,47
0,65
0
0,59
0,63
0,39
0
0
0
0,51
0,57,41
0,45
0,67
0,49
0,43,53
0,55
0
0,37
0
2,37
2
2,39
2
2,41
2
2,43
2
2,45
2
2,47
2
2,49
2
2,51
2
2,53
2
2,55
2
2,57
2
2,59
2
2,61
2
2,63
2
2,65
2
2,67
2
2,69
2
2,71
2,72
2
2,74
2,75
2
2,77
2,78
2
2,80
2,81
2
3,345,130,144,139
3,140,133,346,142,128
3,136,131,146
3,148,137,134
3,135,147,320,85,83,141,143,132,84,138,129,82,145,127
3,348,165,153,169
3,351,158,173
3,350,157,171
3,163,150,167,353,156
3,160,151,175
3,177,154,161
3,170,87,172,168,166,174,91,323,162,159,176,322,152,149,155,92,89,88,90,164,321
3,193,197,355,182
3,199,357,186
3,359,191,195,185,179
3,180,201,188
3,189,203,183
3,200,325,94,97,202,196,95,178,98,326,181,198,190,184,96,192,194,187,324
3,223,361,208,219
3,225,363,212
3,217,365,205,221,211
3,227,214,206
3,215,209,229
3,218,207,328,103,220,327,228,222,226,329,224,204,216,210,102,104,213,100,101
3,232,236
3,368,234,370,238,231
3,331,330,235,233,237,106,230,107
3,376,373,252,240,244,246
3,247,254,241,374,249
3,377,256,250,242
3,248,332,251,243,253,245,109,110,255,333,111,239
3,274,261,385,259,388
3,265,272,268,382,380
3,258,384,266,263,270
3,115,337,113,264,334,257,269,262,335,260,114,273,336,267,271
3,279,396,292,399,277
3,391,283,290,286,393
3,288,276,395,281,284
3,280,282,117,291,287,119,340,289,118,278,275,285,341,338,339
3,297,294,406,302,317
3,303,319,403
3,315,305,402
3,309,306,313
3,295,401,308,311,300,407,298
3,301,293,318,314,123,312,125,296,124,316,121,307,304,299,122,310,343,342
4,128
4
4,130
4,131
4
4,133
4,134
4
4,136
4,137
4
4,139
4,140
4
4,142
4
4,144
4
4,146
4
4,148
4
4,150
4,151
4
4,153
4,154
4
4,156
4,157
4,158
4
4,160
4,161
4
4,163
4
4,165
4
4,167
4
4,169
4
4,171
4
4,173
4
4,175
4
4,177
4
4,179
4,180
4
4,182
4,183
4
4,185
4,186
4
4,188
4,189
4
4,191
4
4,193
4
4,195
4
4,197
4
4,199
4
4,201
4
4,203
4
4,205
4,206
4
4,208
4,209
4
4,211
4,212
4
4,214
4,215
4
4,217
4
4,219
4
4,221
4
4,223
4
4,225
4
4,227
4
4,229
4
4,231
4,232
4
4,234
4
4,236
4
4,238
4
4,240
4,241
4,242
4
4,244
4
4,246
4,247
4
4,249
4,250
4
4,252
4
4,254
4
4,256
4
4,258
4,259
4
4,261
4
4,263
4
4,265
4,266
4
4,268
4
4,270
4
4,272
4
4,274
4
4,276
4,277
4
4,279
4
4,281
4
4,283
4,284
4
4,286
4
4,288
4
4,290
4
4,292
4
4,294
4,295
4
4,297
4,298
4
4,300
4
4,302
4,303
4
4,305
4,306
4
4,308
4,309
4
4,311
4
4,313
4
4,315
4
4,317
4
4,319
4
5,344
5,347
5,349
5,352
5,354
5,356
5,358
5,360
5,362
5,364
5,366
5,369
5,371
5,375
5,378
5,381
5,383
5,386
5,389
5,392
5,394
5,397
5,400
5,404
6,345
6,346
6
6,348
6
6,350
6,351
6
6,353
6
6,355
6
6,357
6
6,359
6
6,361
6
6,363
6
6,365
6
6,367
6,368
6
6,370
6
6,372
6,373
6,374
6
6,376
6,377
6
6,379
6,380
6
6,382
6
6,384
6,385
6
6,387
6,388
6
6,390
6,391
6
6,393
6
6,395
6,396
6
6,398
6,399
6
6,401
6,402
6,403
6
6,405
6,406
6,407
6
12,372,149,204,307,275,257,132,178,375,245
12,207,152,181
12,387,260
12,278,398
12,358,243,364,216,190,352,162
12,405,293,344
12,129
12,239
12,354,218,360,347,164,192
12,73,79,76,349,70
12,64,52,54,50,48,62,60,66,68,356,56,58
12,44,40,42,362,38,36,46
12,285,267,390,379,369
12,127,299
12,262
12,280
12,367,381,392,233
12,400,155
12,184,383
12,394,210
12,296,138
12,282,264,230
12,301
12,316,143
12,168,222,196
12,318,172
12,170,145,314
12,141,220,310,194,269,235,287,166,251
12,289,237,271
12,226,253,198,200,273,224,228,291,312,176,255,174,202,147
12,159,213,248,187
12,135,304