0
0
0,103,121,118,97,94,109
0
0
0,100,115,106,124,112,91,88
0,120,111
0
0,96,99
0,108,87
0,105,117
0,114
0,90,102
0,93,123
0
0
0
0,75
0,85
0,47,65
0,51
0,55,63
0
0,69,43
0,41
0,71
0,61
0,81
0
0
0,83
0,59
0
0,57,73
0,77,53
0,79
0,45
0,67,49
0
0
2,41
2
2,43
2
2,45
2
2,47
2
2,49
2
2,51
2
2,53
2
2,55
2
2,57
2
2,59
2
2,61
2
2,63
2
2,65
2
2,67
2
2,69
2
2,71
2
2,73
2
2,75
2
2,77
2
2,79
2
2,81
2
2,83
2
2,85
2
2,87
2,88
2
2,90
2,91
2
2,93
2,94
2
2,96
2,97
2
2,99
2,100
2
2,102
2,103
2
2,105
2,106
2
2,108
2,109
2
2,111
2,112
2
2,114
2,115
2
2,117
2,118
2
2,120
2,121
2
2,123
2,124
2
3,388,173,187,182
3,183,176,389,185,171
3,179,174,189
3,177,191,180
3,178,363,128,126,184,186,175,127,190,181,172,125,188,170
3,391,208,196,212
3,394,201,216
3,393,214,200
3,206,193,210,396,199
3,203,194,218
3,204,220,197
3,213,130,215,211,209,217,134,366,205,202,219,365,195,192,198,135,132,131,133,207,364
3,236,240,398,225
3,242,400,229
3,402,234,238,228,222
3,223,244,231
3,232,246,226
3,243,368,137,140,245,239,138,367,221,141,369,224,241,233,227,139,235,230,237
3,266,404,251,262
3,268,406,255
3,260,408,248,264,254
3,270,257,249
3,258,252,272
3,261,250,371,263,370,271,146,269,372,247,259,265,253,145,147,256,267,143,144
3,275,279
3,411,277,413,281,274
3,278,374,373,276,280,149,273,150
3,419,416,295,283,287,289
3,290,297,284,417,292
3,420,299,293,285
3,291,375,286,154,296,288,294,152,153,298,376,282
3,317,304,428,302,431
3,308,315,311,425,423
3,301,427,309,306,313
3,380,156,307,377,300,312,305,158,378,303,157,316,379,310,314
3,322,335,442,320,439
3,326,333,329,436,434
3,331,319,438,324,327
3,323,325,160,334,330,162,383,332,161,321,318,328,384,381,382
3,340,337,449,345,360
3,346,362,446
3,358,348,445
3,352,349,356
3,338,341,444,351,354,343,450
3,344,336,361,357,166,355,168,339,164,350,347,342,165,353,386,385,359,167
4,171
4
4,173
4,174
4
4,176
4,177
4
4,179
4,180
4
4,182
4,183
4
4,185
4
4,187
4
4,189
4
4,191
4
4,193
4,194
4
4,196
4,197
4
4,199
4,200
4,201
4
4,203
4,204
4
4,206
4
4,208
4
4,210
4
4,212
4
4,214
4
4,216
4
4,218
4
4,220
4
4,222
4,223
4
4,225
4,226
4
4,228
4,229
4
4,231
4,232
4
4,234
4
4,236
4
4,238
4
4,240
4
4,242
4
4,244
4
4,246
4
4,248
4,249
4
4,251
4,252
4
4,254
4,255
4
4,257
4,258
4
4,260
4
4,262
4
4,264
4
4,266
4
4,268
4
4,270
4
4,272
4
4,274
4,275
4
4,277
4
4,279
4
4,281
4
4,283
4,284
4,285
4
4,287
4
4,289
4,290
4
4,292
4,293
4
4,295
4
4,297
4
4,299
4
4,301
4,302
4
4,304
4
4,306
4
4,308
4,309
4
4,311
4
4,313
4
4,315
4
4,317
4
4,319
4,320
4
4,322
4
4,324
4
4,326
4,327
4
4,329
4
4,331
4
4,333
4
4,335
4
4,337
4,338
4
4,340
4,341
4
4,343
4
4,345
4,346
4
4,348
4,349
4
4,351
4,352
4
4,354
4
4,356
4
4,358
4
4,360
4
4,362
4
5,387
5,390
5,392
5,395
5,397
5,399
5,401
5,403
5,405
5,407
5,409
5,412
5,414
5,418
5,421
5,424
5,426
5,429
5,432
5,435
5,437
5,440
5,443
5,447
6,388
6,389
6
6,391
6
6,393
6,394
6
6,396
6
6,398
6
6,400
6
6,402
6
6,404
6
6,406
6
6,408
6
6,410
6,411
6
6,413
6
6,415
6,416
6,417
6
6,419
6,420
6
6,422
6,423
6
6,425
6
6,427
6,428
6
6,430
6,431
6
6,433
6,434
6
6,436
6
6,438
6,439
6
6,441
6,442
6
6,444
6,445
6,446
6
6,448
6,449
6,450
6
12,350,415,192,247,318,300,221,418,175,288
12,250,195,224
12,430,303
12,321,441
12,286,407,259,401,233,395,205
12,448,336,387
12,172
12,282
12,397,261,403,390,207,235
12,392,110,92,98,113,107,104,86,95,101,119,122,116,89
12,68,78,74,76,82,80,66,84,64,70,72,399,62
12,58,48,54,60,44,46,405,42,56,40,52,50
12,328,433,310,422,412
12,170,342
12,305
12,323
12,410,424,435,276
12,443,198
12,426,227
12,253,437
12,339,181
12,325,307,273
12,344
12,359,186
12,211,265,239
12,361,215
12,213,188,357
12,263,353,237,312,184,278,330,209,294
12,314,280,332
12,296,269,241,316,267,271,334,355,219,298,243,217,245,190
12,202,256,291,230
12,178,347