0
0
0,123,96
0
0,111,99,126,90
0,102,117,108,114,105,87,120,93
0,125,107
0
0
0,116
0,119,98
0
0
0,101,95
0,92
0,89,104
0,113,110
0,86,122
0
0
0,84
0,42
0,44
0
0,48,80
0,52,66
0,74
0,54
0,46
0,70
0,72,62
0
0,82
0,68
0,56
0,78
0,58
0,60
0,76,50
0,64
0
2,42
2
2,44
2
2,46
2
2,48
2
2,50
2
2,52
2
2,54
2
2,56
2
2,58
2
2,60
2
2,62
2
2,64
2
2,66
2
2,68
2
2,70
2
2,72
2
2,74
2
2,76
2
2,78
2
2,80
2
2,82
2
2,84
2
2,86
2,87
2
2,89
2,90
2
2,92
2,93
2
2,95
2,96
2
2,98
2,99
2
2,101
2,102
2
2,104
2,105
2
2,107
2,108
2
2,110
2,111
2
2,113
2,114
2
2,116
2,117
2
2,119
2,120
2
2,122
2,123
2
2,125
2,126
2
3,390,175,189,184
3,185,391,178,187,173
3,181,176,191
3,193,182,179
3,180,365,130,128,186,188,177,129,192,183,174,127,190,172
3,393,210,198,214
3,396,203,218
3,395,216,202
3,212,208,195,398,201
3,205,196,220
3,206,199,222
3,215,132,217,213,211,219,136,368,207,204,221,367,197,194,200,137,134,133,135,209,366
3,238,242,400,227
3,402,244,231
3,404,236,240,230,224
3,225,246,233
3,234,248,228
3,245,370,139,142,247,140,223,143,371,226,243,235,229,241,141,237,232,369,239
3,268,406,253,264
3,270,408,257
3,262,266,410,250,256
3,272,259,251
3,260,254,274
3,263,252,373,261,265,372,273,267,148,271,374,269,249,147,149,258,145,146,255
3,277,281
3,413,279,415,283,276
3,280,376,375,278,282,151,275,152
3,421,418,297,285,289,291
3,299,286,419,294,292
3,422,301,295,287
3,293,377,288,298,290,296,154,155,300,378,156,284
3,319,306,430,304,433
3,310,317,313,427,425
3,429,303,311,308,315
3,382,158,309,379,302,314,307,160,380,305,159,318,381,312,316
3,324,441,337,444,322
3,436,328,335,331,438
3,333,321,440,326,329
3,325,327,162,336,386,332,164,385,334,163,323,320,330,383,384
3,342,339,451,347,362
3,348,364,448
3,360,350,447
3,354,351,358
3,340,343,446,353,356,452,345
3,352,346,338,363,359,168,357,170,341,169,361,166,349,344,167,355,388,387
4,173
4
4,175
4,176
4
4,178
4,179
4
4,181
4,182
4
4,184
4,185
4
4,187
4
4,189
4
4,191
4
4,193
4
4,195
4,196
4
4,198
4,199
4
4,201
4,202
4,203
4
4,205
4,206
4
4,208
4
4,210
4
4,212
4
4,214
4
4,216
4
4,218
4
4,220
4
4,222
4
4,224
4,225
4
4,227
4,228
4
4,230
4,231
4
4,233
4,234
4
4,236
4
4,238
4
4,240
4
4,242
4
4,244
4
4,246
4
4,248
4
4,250
4,251
4
4,253
4,254
4
4,256
4,257
4
4,259
4,260
4
4,262
4
4,264
4
4,266
4
4,268
4
4,270
4
4,272
4
4,274
4
4,276
4,277
4
4,279
4
4,281
4
4,283
4
4,285
4,286
4,287
4
4,289
4
4,291
4,292
4
4,294
4,295
4
4,297
4
4,299
4
4,301
4
4,303
4,304
4
4,306
4
4,308
4
4,310
4,311
4
4,313
4
4,315
4
4,317
4
4,319
4
4,321
4,322
4
4,324
4
4,326
4
4,328
4,329
4
4,331
4
4,333
4
4,335
4
4,337
4
4,339
4,340
4
4,342
4,343
4
4,345
4
4,347
4,348
4
4,350
4,351
4
4,353
4,354
4
4,356
4
4,358
4
4,360
4
4,362
4
4,364
4
5,389
5,392
5,394
5,397
5,399
5,401
5,403
5,405
5,407
5,409
5,411
5,414
5,416
5,420
5,423
5,426
5,428
5,431
5,434
5,437
5,439
5,442
5,445
5,449
6,390
6,391
6
6,393
6
6,395
6,396
6
6,398
6
6,400
6
6,402
6
6,404
6
6,406
6
6,408
6
6,410
6
6,412
6,413
6
6,415
6
6,417
6,418
6,419
6
6,421
6,422
6
6,424
6,425
6
6,427
6
6,429
6,430
6
6,432
6,433
6
6,435
6,436
6
6,438
6
6,440
6,441
6
6,443
6,444
6
6,446
6,447
6,448
6
6,450
6,451
6,452
6
12,417,194,249,352,320,177,302,223,420,290
12,197,252,226
12,432,305
12,323,443
12,288,409,261,403,235,397,207
12,450,338,389
12,174
12,284
12,399,263,405,392,209,237
12,394,112,94,100,115,109,88,106,85,97,103,121,124,118,91
12,69,79,75,77,83,81,401,65,71,73,67
12,59,49,55,61,45,47,407,43,57,63,41,53,51
12,330,435,312,424,414
12,172,344
12,307
12,325
12,412,426,437,278
12,445,200
12,428,229
12,255,439
12,341,183
12,327,309,275
12,346
12,361,188
12,213,267,241
12,363,217
12,215,190,359
12,280,265,355,239,314,186,332,211,296
12,282,316,334
12,298,271,243,318,269,273,336,357,221,300,245,219,247,192
12,204,258,293,232
12,180,349