0
0
0,36
0
0,39
0
0
0
0
0
0,35
0,38
0
0
0
0
0
0
0
0
0
0
0
0
0
0,33
0
0
0
0,31
2,31
2
2,33
2
2,35
2,36
2
2,38
2,39
2
3,303,88,102,97
3,98,91,304,100,86
3,94,89,104
3,92,106,95
3,93,105,278,43,41,99,101,90,42,96,87,103,85,40
3,306,123,111,127
3,309,116,131
3,308,129,115
3,121,108,125,311,114
3,118,109,133
3,135,112,119
3,128,45,130,126,124,132,49,281,120,117,134,280,110,107,113,50,47,46,48,122,279
3,151,155,313,140
3,315,157,144
3,317,149,153,143,137
3,138,159,146
3,147,161,141
3,158,283,52,55,160,154,53,136,56,284,139,156,148,142,54,150,152,145,282
3,181,319,166,177
3,183,321,170
3,175,323,163,179,169
3,185,172,164
3,173,167,187
3,176,165,286,178,285,186,180,61,184,287,182,162,174,168,60,62,171,58,59
3,190,194
3,326,192,328,196,189
3,289,288,193,191,195,64,188,65
3,334,331,210,198,202,204
3,205,212,199,332,207
3,335,214,208,200
3,69,206,290,201,211,203,209,67,68,213,291,197
3,232,219,343,217,346
3,223,230,226,340,338
3,216,342,224,221,228
3,73,295,71,222,292,215,227,220,293,218,72,231,294,225,229
3,237,354,250,357,235
3,349,241,248,244,351
3,246,234,353,239,242
3,238,75,249,245,77,298,247,76,236,233,243,240,299,296,297
3,255,252,364,260,275
3,261,277,361
3,273,263,360
3,267,264,271
3,253,359,256,266,269,258,365
3,259,251,276,272,81,270,83,254,82,274,79,265,262,257,80,268,301,300
4,86
4
4,88
4,89
4
4,91
4,92
4
4,94
4,95
4
4,97
4,98
4
4,100
4
4,102
4
4,104
4
4,106
4
4,108
4,109
4
4,111
4,112
4
4,114
4,115
4,116
4
4,118
4,119
4
4,121
4
4,123
4
4,125
4
4,127
4
4,129
4
4,131
4
4,133
4
4,135
4
4,137
4,138
4
4,140
4,141
4
4,143
4,144
4
4,146
4,147
4
4,149
4
4,151
4
4,153
4
4,155
4
4,157
4
4,159
4
4,161
4
4,163
4,164
4
4,166
4,167
4
4,169
4,170
4
4,172
4,173
4
4,175
4
4,177
4
4,179
4
4,181
4
4,183
4
4,185
4
4,187
4
4,189
4,190
4
4,192
4
4,194
4
4,196
4
4,198
4,199
4,200
4
4,202
4
4,204
4,205
4
4,207
4,208
4
4,210
4
4,212
4
4,214
4
4,216
4,217
4
4,219
4
4,221
4
4,223
4,224
4
4,226
4
4,228
4
4,230
4
4,232
4
4,234
4,235
4
4,237
4
4,239
4
4,241
4,242
4
4,244
4
4,246
4
4,248
4
4,250
4
4,252
4,253
4
4,255
4,256
4
4,258
4
4,260
4,261
4
4,263
4,264
4
4,266
4,267
4
4,269
4
4,271
4
4,273
4
4,275
4
4,277
4
5,302
5,305
5,307
5,310
5,312
5,314
5,316
5,318
5,320
5,322
5,324
5,327
5,329
5,333
5,336
5,339
5,341
5,344
5,347
5,350
5,352
5,355
5,358
5,362
6,303
6,304
6
6,306
6
6,308
6,309
6
6,311
6
6,313
6
6,315
6
6,317
6
6,319
6
6,321
6
6,323
6
6,325
6,326
6
6,328
6
6,330
6,331
6,332
6
6,334
6,335
6
6,337
6,338
6
6,340
6
6,342
6,343
6
6,345
6,346
6
6,348
6,349
6
6,351
6
6,353
6,354
6
6,356
6,357
6
6,359
6,360
6,361
6
6,363
6,364
6,365
6
12,330,107,162,265,233,215,90,136,333,203
12,165,110,139
12,345,218
12,236,356
12,316,201,322,174,148,310,120
12,363,251,302
12,87
12,197
12,312,176,318,305,122,150
12,307,37,34
12,32,314,30
12,320
12,243,348,337,225,327
12,85,257
12,220
12,238
12,325,339,350,191
12,358,113
12,341,142
12,352,168
12,254,96
12,240,222,188
12,259
12,274,101
12,126,180,154
12,276,130
12,128,103,272
12,99,178,268,152,227,193,245,124,209
12,247,195,229
12,184,156,158,231,182,186,249,270,134,213,132,160,105,211
12,117,171,206,145
12,93,262