0
0
0,94,61,64,70,73,67,85,55,58
0
0,103,79,100,82
0,91,88,76,52,97
0
0
0,66,99
0
0,63
0,87,69
0,54
0,75
0,81,93
0,57
0
0
0,72,51
0,78,90,84
0,96
0,102,60
0
0
0,41
0,47
0,45
0
0
0,43
0,49
0,39
0,37
0
0
0
2,37
2
2,39
2
2,41
2
2,43
2
2,45
2
2,47
2
2,49
2
2,51
2,52
2
2,54
2,55
2
2,57
2,58
2
2,60
2,61
2
2,63
2,64
2
2,66
2,67
2
2,69
2,70
2
2,72
2,73
2
2,75
2,76
2
2,78
2,79
2
2,81
2,82
2
2,84
2,85
2
2,87
2,88
2
2,90
2,91
2
2,93
2,94
2
2,96
2,97
2
2,99
2,100
2
2,102
2,103
2
3,367,152,166,161
3,162,155,368,164,150
3,158,153,168
3,156,170,159
3,157,169,342,107,105,163,165,154,106,160,151,104,167,149
3,370,187,175,191
3,373,180,195
3,372,193,179
3,185,172,189,375,178
3,182,173,197
3,183,199,176
3,192,109,194,190,188,196,113,345,184,181,198,344,174,171,177,114,111,110,112,186,343
3,215,219,377,204
3,379,221,208
3,381,213,217,207,201
3,202,223,210
3,211,225,205
3,222,347,116,224,218,117,220,119,200,120,348,203,212,206,118,214,216,209,346
3,383,230,241,245
3,247,385,234
3,239,387,227,243,233
3,249,236,228
3,237,231,251
3,240,229,350,242,349,250,244,125,248,351,246,226,238,232,124,126,235,122,123
3,258,254
3,260,390,392,256,253
3,353,352,259,257,255,128,252,129
3,398,395,274,262,266,268
3,269,276,263,396,271
3,399,278,272,264
3,270,354,265,275,267,273,131,132,277,355,133,261
3,296,283,407,281,410
3,287,294,290,404,402
3,280,406,288,285,292
3,359,135,286,356,279,291,137,357,282,295,136,358,289,293,284
3,301,418,314,299,421
3,413,305,312,308,415
3,310,298,417,303,306
3,302,304,139,313,309,141,362,311,140,300,297,307,363,360,361
3,319,316,428,324,339
3,341,425,325
3,337,327,424
3,331,328,335
3,317,423,320,330,333,322,429
3,323,315,340,336,145,334,147,318,146,338,143,329,326,321,144,332,365,364
4,150
4
4,152
4,153
4
4,155
4,156
4
4,158
4,159
4
4,161
4,162
4
4,164
4
4,166
4
4,168
4
4,170
4
4,172
4,173
4
4,175
4,176
4
4,178
4,179
4,180
4
4,182
4,183
4
4,185
4
4,187
4
4,189
4
4,191
4
4,193
4
4,195
4
4,197
4
4,199
4
4,201
4,202
4
4,204
4,205
4
4,207
4,208
4
4,210
4,211
4
4,213
4
4,215
4
4,217
4
4,219
4
4,221
4
4,223
4
4,225
4
4,227
4,228
4
4,230
4,231
4
4,233
4,234
4
4,236
4,237
4
4,239
4
4,241
4
4,243
4
4,245
4
4,247
4
4,249
4
4,251
4
4,253
4,254
4
4,256
4
4,258
4
4,260
4
4,262
4,263
4,264
4
4,266
4
4,268
4,269
4
4,271
4,272
4
4,274
4
4,276
4
4,278
4
4,280
4,281
4
4,283
4
4,285
4
4,287
4,288
4
4,290
4
4,292
4
4,294
4
4,296
4
4,298
4,299
4
4,301
4
4,303
4
4,305
4,306
4
4,308
4
4,310
4
4,312
4
4,314
4
4,316
4,317
4
4,319
4,320
4
4,322
4
4,324
4,325
4
4,327
4,328
4
4,330
4,331
4
4,333
4
4,335
4
4,337
4
4,339
4
4,341
4
5,366
5,369
5,371
5,374
5,376
5,378
5,380
5,382
5,384
5,386
5,388
5,391
5,393
5,397
5,400
5,403
5,405
5,408
5,411
5,414
5,416
5,419
5,422
5,426
6,367
6,368
6
6,370
6
6,372
6,373
6
6,375
6
6,377
6
6,379
6
6,381
6
6,383
6
6,385
6
6,387
6
6,389
6,390
6
6,392
6
6,394
6,395
6,396
6
6,398
6,399
6
6,401
6,402
6
6,404
6
6,406
6,407
6
6,409
6,410
6
6,412
6,413
6
6,415
6
6,417
6,418
6
6,420
6,421
6
6,423
6,424
6,425
6
6,427
6,428
6,429
6
12,394,171,226,279,329,297,154,200,397,267
12,229,174,203
12,409,282
12,300,420
12,265,184,386,238,380,212,374
12,427,315,366
12,151
12,261
12,376,240,382,369,186,214
12,59,83,68,89,86,71,371,53,50,98,92,74,95,80,65,62,77,56,101
12,378
12,44,40,42,384,38,36,48,46
12,307,289,401,412,391
12,149,321
12,284
12,302
12,389,403,414,255
12,177,422
12,405,206
12,416,232
12,318,160
12,304,286,252
12,323
12,338,165
12,190,244,218
12,340,194
12,192,167,336
12,242,332,291,163,257,309,216,188,273
12,311,259,293
12,275,248,220,222,295,246,250,313,334,198,277,196,224,169
12,181,235,270,209
12,157,326