0
0
0,42,48,75,36,45
0
0,39,69,72
0,57,66,78,60,54,63,51
0,59
0,50,71,41
0
0
0,56,35
0,38,62
0
0,65,68
0
0,74,53
0
0
0,77,47
0
0
0,44
0
0
0
0,33
0
0
0
0,31
2,31
2
2,33
2
2,35
2,36
2
2,38
2,39
2
2,41
2,42
2
2,44
2,45
2
2,47
2,48
2
2,50
2,51
2
2,53
2,54
2
2,56
2,57
2
2,59
2,60
2
2,62
2,63
2
2,65
2,66
2
2,68
2,69
2
2,71
2,72
2
2,74
2,75
2
2,77
2,78
2
3,342,127,141,136
3,137,130,343,139,125
3,133,128,143
3,131,145,134
3,132,144,317,82,80,138,140,129,81,135,126,142,124,79
3,345,162,150,166
3,348,155,170
3,347,168,154
3,160,147,164,350,153
3,157,148,172
3,174,151,158
3,167,84,169,165,163,171,320,159,156,173,88,319,149,146,152,89,86,85,87,161,318
3,190,194,352,179
3,354,196,183
3,356,188,192,182,176
3,177,198,185
3,186,200,180
3,197,322,91,199,193,92,195,94,175,95,323,178,187,181,93,189,191,184,321
3,220,358,205,216
3,222,360,209
3,214,362,202,218,208
3,224,211,203
3,212,206,226
3,215,204,325,217,324,225,219,100,223,326,221,201,213,207,99,101,210,97,98
3,229,233
3,365,231,367,228,235
3,328,327,232,230,234,103,227,104
3,373,370,249,241,243,237
3,251,238,371,246,244
3,374,247,239,253
3,245,329,240,250,242,248,107,252,330,106,108,236
3,271,258,382,256,385
3,262,269,265,379,377
3,255,381,260,267,263
3,112,334,110,261,331,254,266,259,332,257,111,270,333,264,268
3,276,393,289,396,274
3,388,280,287,283,390
3,285,273,392,278,281
3,277,114,288,284,116,337,286,115,275,279,272,282,338,335,336
3,294,291,403,299,314
3,300,400,316
3,312,302,399
3,306,303,310
3,292,295,398,305,308,297,404
3,298,290,315,311,120,309,122,293,121,313,118,304,301,296,119,307,340,339
4,125
4
4,127
4,128
4
4,130
4,131
4
4,133
4,134
4
4,136
4,137
4
4,139
4
4,141
4
4,143
4
4,145
4
4,147
4,148
4
4,150
4,151
4
4,153
4,154
4,155
4
4,157
4,158
4
4,160
4
4,162
4
4,164
4
4,166
4
4,168
4
4,170
4
4,172
4
4,174
4
4,176
4,177
4
4,179
4,180
4
4,182
4,183
4
4,185
4,186
4
4,188
4
4,190
4
4,192
4
4,194
4
4,196
4
4,198
4
4,200
4
4,202
4,203
4
4,205
4,206
4
4,208
4,209
4
4,211
4,212
4
4,214
4
4,216
4
4,218
4
4,220
4
4,222
4
4,224
4
4,226
4
4,228
4,229
4
4,231
4
4,233
4
4,235
4
4,237
4,238
4,239
4
4,241
4
4,243
4,244
4
4,246
4,247
4
4,249
4
4,251
4
4,253
4
4,255
4,256
4
4,258
4
4,260
4
4,262
4,263
4
4,265
4
4,267
4
4,269
4
4,271
4
4,273
4,274
4
4,276
4
4,278
4
4,280
4,281
4
4,283
4
4,285
4
4,287
4
4,289
4
4,291
4,292
4
4,294
4,295
4
4,297
4
4,299
4,300
4
4,302
4,303
4
4,305
4,306
4
4,308
4
4,310
4
4,312
4
4,314
4
4,316
4
5,341
5,344
5,346
5,349
5,351
5,353
5,355
5,357
5,359
5,361
5,363
5,366
5,368
5,372
5,375
5,378
5,380
5,383
5,386
5,389
5,391
5,394
5,397
5,401
6,342
6,343
6
6,345
6
6,347
6,348
6
6,350
6
6,352
6
6,354
6
6,356
6
6,358
6
6,360
6
6,362
6
6,364
6,365
6
6,367
6
6,369
6,370
6,371
6
6,373
6,374
6
6,376
6,377
6
6,379
6
6,381
6,382
6
6,384
6,385
6
6,387
6,388
6
6,390
6
6,392
6,393
6
6,395
6,396
6
6,398
6,399
6,400
6
6,402
6,403
6,404
6
12,369,146,201,304,272,254,129,175,372,242
12,204,149,178
12,384,257
12,275,395
12,355,240,361,213,187,349,159
12,402,290,341
12,126
12,236
12,351,215,357,344,161,189
12,58,67,70,346,37,52,49,34,46,73,43,64,61,76,40,55
12,32,353,30
12,359
12,282,387,376,264,366
12,124,296
12,259
12,277
12,364,378,389,230
12,397,152
12,380,181
12,391,207
12,293,135
12,279,261,227
12,298
12,313,140
12,165,219,193
12,315,169
12,167,142,311
12,138,217,307,191,266,232,284,163,248
12,286,234,268
12,223,195,197,270,221,225,288,309,173,252,171,199,144,250
12,156,210,245,184
12,132,301