0
0
0,172,130,142,115,157,145,154,166,109,160,133,121,148,139,112,163,169
0
0
0,151,127,118,136,124,106
0,132
0,168
0
0,108
0
0
0,150
0,141,126
0,162
0,135,159
0,147
0
0,123,138
0,117,120
0,144
0,153
0,129
0,165
0
0
0,156
0,114
0,105,171
0,111
0
0
0
0,79
0,87
0,67,103
0,81,71
0
0,91
0,97
0
0,93,75
0,57
0,85,69
0
0
0,65,83
0,59,95
0,89
0,99
0
0
0,73,77
0,101
0,61
0,63
2,57
2
2,59
2
2,61
2
2,63
2
2,65
2
2,67
2
2,69
2
2,71
2
2,73
2
2,75
2
2,77
2
2,79
2
2,81
2
2,83
2
2,85
2
2,87
2
2,89
2
2,91
2
2,93
2
2,95
2
2,97
2
2,99
2
2,101
2
2,103
2
2,105
2,106
2
2,108
2,109
2
2,111
2,112
2
2,114
2,115
2
2,117
2,118
2
2,120
2,121
2
2,123
2,124
2
2,126
2,127
2
2,129
2,130
2
2,132
2,133
2
2,135
2,136
2
2,138
2,139
2
2,141
2,142
2
2,144
2,145
2
2,147
2,148
2
2,150
2,151
2
2,153
2,154
2
2,156
2,157
2
2,159
2,160
2
2,162
2,163
2
2,165
2,166
2
2,168
2,169
2
2,171
2,172
2
3,436,221,235,230
3,219,231,224,437,233
3,227,222,237
3,225,239,228
3,226,238,411,176,174,232,234,223,175,229,220,173,236,218
3,439,256,244,260
3,442,249,264
3,441,262,248
3,258,254,241,444,247
3,251,242,266
3,252,245,268
3,261,178,263,259,257,265,182,414,253,250,267,413,243,240,246,183,180,179,181,412,255
3,284,288,446,273
3,290,448,277
3,286,450,282,276,270
3,279,271,292
3,280,294,274
3,291,416,185,188,293,186,415,269,189,417,272,289,281,275,287,187,283,285,278
3,299,314,452,310
3,316,454,303
3,308,456,296,312,302
3,305,297,318
3,306,300,320
3,309,298,419,319,313,311,420,194,317,418,315,295,307,301,193,195,304,191,192
3,323,327
3,459,325,461,329,322
3,422,421,326,324,328,197,321,198
3,467,464,331,335,343,337
3,338,345,332,465,340
3,468,347,341,333
3,339,423,334,344,336,342,200,201,346,424,202,330
3,365,352,476,350,479
3,356,363,359,473,471
3,349,475,354,361,357
3,206,428,204,355,425,360,353,426,348,351,364,205,427,358,362
3,383,370,487,490,368
3,482,374,381,377,484
3,379,367,486,372,375
3,371,373,208,209,382,378,210,431,380,369,366,376,432,429,430
3,388,385,497,393,408
3,394,410,494
3,406,396,493
3,400,397,404
3,386,492,389,399,402,391,498
3,392,384,409,405,390,395,214,403,216,387,215,407,212,398,213,401,434,433
4,219
4
4,221
4,222
4
4,224
4,225
4
4,227
4,228
4
4,230
4,231
4
4,233
4
4,235
4
4,237
4
4,239
4
4,241
4,242
4
4,244
4,245
4
4,247
4,248
4,249
4
4,251
4,252
4
4,254
4
4,256
4
4,258
4
4,260
4
4,262
4
4,264
4
4,266
4
4,268
4
4,270
4,271
4
4,273
4,274
4
4,276
4,277
4
4,279
4,280
4
4,282
4
4,284
4
4,286
4
4,288
4
4,290
4
4,292
4
4,294
4
4,296
4,297
4
4,299
4,300
4
4,302
4,303
4
4,305
4,306
4
4,308
4
4,310
4
4,312
4
4,314
4
4,316
4
4,318
4
4,320
4
4,322
4,323
4
4,325
4
4,327
4
4,329
4
4,331
4,332
4,333
4
4,335
4
4,337
4,338
4
4,340
4,341
4
4,343
4
4,345
4
4,347
4
4,349
4,350
4
4,352
4
4,354
4
4,356
4,357
4
4,359
4
4,361
4
4,363
4
4,365
4
4,367
4,368
4
4,370
4
4,372
4
4,374
4,375
4
4,377
4
4,379
4
4,381
4
4,383
4
4,385
4,386
4
4,388
4,389
4
4,391
4
4,393
4,394
4
4,396
4,397
4
4,399
4,400
4
4,402
4
4,404
4
4,406
4
4,408
4
4,410
4
5,435
5,438
5,440
5,443
5,445
5,447
5,449
5,451
5,453
5,455
5,457
5,460
5,462
5,466
5,469
5,472
5,474
5,477
5,480
5,483
5,485
5,488
5,491
5,495
6,436
6,437
6
6,439
6
6,441
6,442
6
6,444
6
6,446
6
6,448
6
6,450
6
6,452
6
6,454
6
6,456
6
6,458
6,459
6
6,461
6
6,463
6,464
6,465
6
6,467
6,468
6
6,470
6,471
6
6,473
6
6,475
6,476
6
6,478
6,479
6
6,481
6,482
6
6,484
6
6,486
6,487
6
6,489
6,490
6
6,492
6,493
6,494
6
6,496
6,497
6,498
6
12,463,240,295,398,366,223,348,269,466,336
12,298,243,272
12,478,351
12,369,489
12,334,455,307,449,281,443,253
12,496,384,435
12,220
12,330
12,445,438,309,451,255,283
12,161,152,125,143,164,107,113,128,155,122,170,146,158,167,440,110,140,116,119,134,104,137,131,149
12,94,90,92,98,447,96,84,100,76,102,80,86,88,82,78
12,64,60,62,453,70,58,72,56,68,74,66
12,376,481,358,460,470
12,218,390
12,353
12,371
12,458,472,483,324
12,491,246
12,474,275
12,485,301
12,387,229
12,373,355,321
12,392
12,407,234
12,259,313,287
12,409,263
12,261,236,405
12,232,311,285,378,360,326,401,257,342
12,328,362,380
12,344,317,289,364,315,319,382,403,267,346,291,265,293,238
12,250,304,339,278
12,226,395