0
0
0,42
0
0,39
0,36
0
0
0,38
0,35
0
0
0,41
0
0
0
0,33
0
0
0
0
0
0
0,31
0
0
0,29
0
2,29
2
2,31
2
2,33
2
2,35
2,36
2
2,38
2,39
2
2,41
2,42
2
3,306,91,105,100
3,101,94,307,103,89
3,97,92,107
3,95,109,98
3,96,108,281,46,44,90,102,104,93,45,99,43,106,88
3,309,126,114,130
3,312,119,134
3,311,132,118
3,124,111,128,314,117
3,121,112,136
3,122,138,115
3,131,48,133,129,127,135,52,284,123,120,137,283,113,110,116,53,50,49,51,125,282
3,154,158,316,143
3,318,160,147
3,320,152,156,146,140
3,141,162,149
3,150,164,144
3,161,286,55,58,163,157,56,139,59,287,142,159,151,145,57,153,155,148,285
3,184,322,169,180
3,186,324,173
3,178,326,166,182,172
3,188,175,167
3,176,170,190
3,179,168,289,181,288,189,183,64,187,290,185,165,177,171,63,65,174,61,62
3,193,197
3,329,195,331,199,192
3,292,291,196,194,198,67,191,68
3,337,334,213,201,205,207
3,208,215,202,335,210
3,338,217,211,203
3,72,209,293,204,214,206,212,70,71,216,294,200
3,235,222,346,220,349
3,226,233,229,343,341
3,219,345,227,224,231
3,76,298,74,225,295,218,230,223,296,221,75,234,297,228,232
3,240,357,253,360,238
3,352,244,251,247,354
3,249,237,356,242,245
3,241,78,252,248,80,301,250,79,239,236,246,243,302,299,300
3,258,255,367,263,278
3,264,280,364
3,276,266,363
3,270,267,274
3,256,362,259,269,272,261,368
3,262,254,279,275,84,273,86,257,85,277,82,268,265,260,83,271,304,303
4,89
4
4,91
4,92
4
4,94
4,95
4
4,97
4,98
4
4,100
4,101
4
4,103
4
4,105
4
4,107
4
4,109
4
4,111
4,112
4
4,114
4,115
4
4,117
4,118
4,119
4
4,121
4,122
4
4,124
4
4,126
4
4,128
4
4,130
4
4,132
4
4,134
4
4,136
4
4,138
4
4,140
4,141
4
4,143
4,144
4
4,146
4,147
4
4,149
4,150
4
4,152
4
4,154
4
4,156
4
4,158
4
4,160
4
4,162
4
4,164
4
4,166
4,167
4
4,169
4,170
4
4,172
4,173
4
4,175
4,176
4
4,178
4
4,180
4
4,182
4
4,184
4
4,186
4
4,188
4
4,190
4
4,192
4,193
4
4,195
4
4,197
4
4,199
4
4,201
4,202
4,203
4
4,205
4
4,207
4,208
4
4,210
4,211
4
4,213
4
4,215
4
4,217
4
4,219
4,220
4
4,222
4
4,224
4
4,226
4,227
4
4,229
4
4,231
4
4,233
4
4,235
4
4,237
4,238
4
4,240
4
4,242
4
4,244
4,245
4
4,247
4
4,249
4
4,251
4
4,253
4
4,255
4,256
4
4,258
4,259
4
4,261
4
4,263
4,264
4
4,266
4,267
4
4,269
4,270
4
4,272
4
4,274
4
4,276
4
4,278
4
4,280
4
5,305
5,308
5,310
5,313
5,315
5,317
5,319
5,321
5,323
5,325
5,327
5,330
5,332
5,336
5,339
5,342
5,344
5,347
5,350
5,353
5,355
5,358
5,361
5,365
6,306
6,307
6
6,309
6
6,311
6,312
6
6,314
6
6,316
6
6,318
6
6,320
6
6,322
6
6,324
6
6,326
6
6,328
6,329
6
6,331
6
6,333
6,334
6,335
6
6,337
6,338
6
6,340
6,341
6
6,343
6
6,345
6,346
6
6,348
6,349
6
6,351
6,352
6
6,354
6
6,356
6,357
6
6,359
6,360
6
6,362
6,363
6,364
6
6,366
6,367
6,368
6
12,333,110,165,268,236,218,93,139,336,206
12,168,113,142
12,348,221
12,239,359
12,204,325,177,319,151,313,123
12,366,254,305
12,90
12,200
12,315,179,321,308,125,153
12,310,34,40,37
12,317
12,32,323,30,28
12,246,351,228,340,330
12,88,260
12,223
12,241
12,328,342,353,194
12,361,116
12,344,145
12,355,171
12,257,99
12,243,225,191
12,262
12,277,104
12,129,183,157
12,279,133
12,131,106,275
12,102,181,271,155,230,196,248,127,212
12,250,198,232
12,187,214,159,161,234,185,189,252,273,137,216,135,163,108
12,120,174,209,148
12,96,265