0
0
0,102,108
0
0,111
0,90,96,93,99,105,87
0,104,107
0
0,92
0,98
0,95
0,101,110,89
0,86
0
0
0
0,44
0,62
0,82,50
0
0,78,38
0,70
0,60
0,74
0
0,66
0,58,42
0,56
0
0,48,84
0,72
0,80,46
0,40
0,68
0,64
0,52,54
0,76
2,38
2
2,40
2
2,42
2
2,44
2
2,46
2
2,48
2
2,50
2
2,52
2
2,54
2
2,56
2
2,58
2
2,60
2
2,62
2
2,64
2
2,66
2
2,68
2
2,70
2
2,72
2
2,74
2
2,76
2
2,78
2
2,80
2
2,82
2
2,84
2
2,86
2,87
2
2,89
2,90
2
2,92
2,93
2
2,95
2,96
2
2,98
2,99
2
2,101
2,102
2
2,104
2,105
2
2,107
2,108
2
2,110
2,111
2
3,375,160,174,169
3,170,163,376,172,158
3,166,161,176
3,164,178,167
3,165,177,350,115,113,171,173,162,114,168,159,112,175,157
3,378,195,183,199
3,381,188,203
3,380,201,187
3,193,180,197,383,186
3,190,181,205
3,191,207,184
3,200,117,202,198,196,204,121,353,192,189,206,352,182,179,185,122,119,118,120,194,351
3,223,227,385,212
3,387,229,216
3,389,221,225,215,209
3,210,231,218
3,219,233,213
3,230,355,124,127,232,226,125,354,208,128,356,211,228,220,214,126,222,224,217
3,253,391,238,249
3,255,393,242
3,247,395,235,251,241
3,257,244,236
3,245,239,259
3,248,237,358,250,357,258,252,133,256,359,254,234,246,240,132,134,243,130,131
3,262,266
3,398,264,400,268,261
3,265,263,267,136,361,260,360,137
3,406,403,282,270,274,276
3,277,284,271,404,279
3,407,286,280,272
3,278,362,273,283,275,281,139,140,285,363,141,269
3,304,415,289,291,418
3,302,295,298,412,410
3,288,414,296,293,300
3,367,143,294,364,287,299,292,297,145,365,290,144,303,366,301
3,322,309,426,429,307
3,421,313,320,316,423
3,318,311,306,425,314
3,312,310,147,321,317,149,370,319,148,308,305,315,371,368,369
3,327,324,436,332,347
3,333,349,433
3,345,335,432
3,336,339,343
3,325,431,338,341,330,437,328
3,337,331,323,348,344,153,342,155,326,346,151,334,329,152,340,373,372,154
4,158
4
4,160
4,161
4
4,163
4,164
4
4,166
4,167
4
4,169
4,170
4
4,172
4
4,174
4
4,176
4
4,178
4
4,180
4,181
4
4,183
4,184
4
4,186
4,187
4,188
4
4,190
4,191
4
4,193
4
4,195
4
4,197
4
4,199
4
4,201
4
4,203
4
4,205
4
4,207
4
4,209
4,210
4
4,212
4,213
4
4,215
4,216
4
4,218
4,219
4
4,221
4
4,223
4
4,225
4
4,227
4
4,229
4
4,231
4
4,233
4
4,235
4,236
4
4,238
4,239
4
4,241
4,242
4
4,244
4,245
4
4,247
4
4,249
4
4,251
4
4,253
4
4,255
4
4,257
4
4,259
4
4,261
4,262
4
4,264
4
4,266
4
4,268
4
4,270
4,271
4,272
4
4,274
4
4,276
4,277
4
4,279
4,280
4
4,282
4
4,284
4
4,286
4
4,288
4,289
4
4,291
4
4,293
4
4,295
4,296
4
4,298
4
4,300
4
4,302
4
4,304
4
4,306
4,307
4
4,309
4
4,311
4
4,313
4,314
4
4,316
4
4,318
4
4,320
4
4,322
4
4,324
4,325
4
4,327
4,328
4
4,330
4
4,332
4,333
4
4,335
4,336
4
4,338
4,339
4
4,341
4
4,343
4
4,345
4
4,347
4
4,349
4
5,374
5,377
5,379
5,382
5,384
5,386
5,388
5,390
5,392
5,394
5,396
5,399
5,401
5,405
5,408
5,411
5,413
5,416
5,419
5,422
5,424
5,427
5,430
5,434
6,375
6,376
6
6,378
6
6,380
6,381
6
6,383
6
6,385
6
6,387
6
6,389
6
6,391
6
6,393
6
6,395
6
6,397
6,398
6
6,400
6
6,402
6,403
6,404
6
6,406
6,407
6
6,409
6,410
6
6,412
6
6,414
6,415
6
6,417
6,418
6
6,420
6,421
6
6,423
6
6,425
6,426
6
6,428
6,429
6
6,431
6,432
6,433
6
6,435
6,436
6,437
6
12,402,179,305,234,337,287,162,208,405,275
12,237,182,211
12,417,290
12,308,428
12,273,394,246,388,220,382,192
12,435,323,374
12,159
12,269
12,384,248,390,377,194,222
12,379,106,88,94,109,103,100,91,97,85
12,65,53,75,55,71,73,79,77,386,81,83,61,67,69,63,57,59
12,45,41,43,392,51,39,37,49,47
12,315,420,297,409,399
12,157,329
12,292
12,310
12,397,411,422,263
12,430,185
12,413,214
12,424,240
12,326,168
12,312,294,260
12,331
12,346,173
12,198,252,226
12,348,202
12,200,175,344
12,250,340,224,299,171,265,317,196,281
12,301,267,319
12,283,256,228,230,254,258,321,303,342,206,285,204,232,177
12,189,243,278,217
12,165,334