green,
green,
green,
green,
green,
green,
green,
green,
green,
green,
gold,0,240,241,242,243,736,737,738,739,740,741,742,743,744,745,746,747,748,749,750,751,752,753,754,755,756,757,758,759,1600,1601,1602,1603,1604,1605,1606,1607,1608,1609,1610,1611,1612,1613,1614,1615,1616,1617,1618,1619,1620,1621,1622,1623,
gold,0,244,245,760,761,762,763,764,765,766,767,768,769,770,771,772,773,774,775,776,777,778,779,780,781,782,783,1624,1625,1626,1627,1628,1629,1630,1631,1632,1633,1634,1635,1636,1637,1638,1639,1640,1641,1642,1643,1644,1645,1646,1647,
gold,0,246,247,784,785,786,787,788,789,790,791,792,793,794,795,796,797,798,799,800,801,802,803,804,805,806,807,1648,1649,1650,1651,1652,1653,1654,1655,1656,1657,1658,1659,1660,1661,1662,1663,1664,1665,1666,1667,1668,1669,1670,1671,
gold,0,248,808,809,810,811,812,813,814,815,816,817,818,819,820,821,822,823,824,825,826,827,828,829,830,831,1672,1673,1674,1675,1676,1677,1678,1679,1680,1681,1682,1683,1684,1685,1686,1687,1688,1689,1690,1691,1692,1693,1694,1695,
gold,0,249,250,251,252,832,833,834,835,836,837,838,839,840,841,842,843,844,845,846,847,848,849,850,851,852,853,854,855,1696,1697,1698,1699,1700,1701,1702,1703,1704,1705,1706,1707,1708,1709,1710,1711,1712,1713,1714,1715,1716,1717,1718,1719,
gold,0,253,254,255,856,857,858,859,860,861,862,863,864,865,866,867,868,869,870,871,872,873,874,875,876,877,878,879,1720,1721,1722,1723,1724,1725,1726,1727,1728,1729,1730,1731,1732,1733,1734,1735,1736,1737,1738,1739,1740,1741,1742,1743,
gold,0,256,257,258,259,260,880,881,882,883,884,885,886,887,888,889,890,891,892,893,894,895,896,897,898,899,900,901,902,903,1744,1745,1746,1747,1748,1749,1750,1751,1752,1753,1754,1755,1756,1757,1758,1759,1760,1761,1762,1763,1764,1765,1766,1767,
gold,0,261,262,263,264,265,266,904,905,906,907,908,909,910,911,912,913,914,915,916,917,918,919,920,921,922,923,924,925,926,927,1768,1769,1770,1771,1772,1773,1774,1775,1776,1777,1778,1779,1780,1781,1782,1783,1784,1785,1786,1787,1788,1789,1790,1791,
gold,0,267,268,269,270,271,928,929,930,931,932,933,934,935,936,937,938,939,940,941,942,943,944,945,946,947,948,949,950,951,1792,1793,1794,1795,1796,1797,1798,1799,1800,1801,1802,1803,1804,1805,1806,1807,1808,1809,1810,1811,1812,1813,1814,1815,
gold,0,272,273,274,952,953,954,955,956,957,958,959,960,961,962,963,964,965,966,967,968,969,970,971,972,973,974,975,1816,1817,1818,1819,1820,1821,1822,1823,1824,1825,1826,1827,1828,1829,1830,1831,1832,1833,1834,1835,1836,1837,1838,1839,
gold,0,275,276,277,278,279,976,977,978,979,980,981,982,983,984,985,986,987,988,989,990,991,992,993,994,995,996,997,998,999,1840,1841,1842,1843,1844,1845,1846,1847,1848,1849,1850,1851,1852,1853,1854,1855,1856,1857,1858,1859,1860,1861,1862,1863,
gold,0,280,281,282,283,1000,1001,1002,1003,1004,1005,1006,1007,1008,1009,1010,1011,1012,1013,1014,1015,1016,1017,1018,1019,1020,1021,1022,1023,1864,1865,1866,1867,1868,1869,1870,1871,1872,1873,1874,1875,1876,1877,1878,1879,1880,1881,1882,1883,1884,1885,1886,1887,
gold,0,284,285,286,287,288,1024,1025,1026,1027,1028,1029,1030,1031,1032,1033,1034,1035,1036,1037,1038,1039,1040,1041,1042,1043,1044,1045,1046,1047,1888,1889,1890,1891,1892,1893,1894,1895,1896,1897,1898,1899,1900,1901,1902,1903,1904,1905,1906,1907,1908,1909,1910,1911,
gold,0,289,290,291,292,293,1048,1049,1050,1051,1052,1053,1054,1055,1056,1057,1058,1059,1060,1061,1062,1063,1064,1065,1066,1067,1068,1069,1070,1071,1912,1913,1914,1915,1916,1917,1918,1919,1920,1921,1922,1923,1924,1925,1926,1927,1928,1929,1930,1931,1932,1933,1934,1935,
gold,0,294,295,296,1072,1073,1074,1075,1076,1077,1078,1079,1080,1081,1082,1083,1084,1085,1086,1087,1088,1089,1090,1091,1092,1093,1094,1095,1936,1937,1938,1939,1940,1941,1942,1943,1944,1945,1946,1947,1948,1949,1950,1951,1952,1953,1954,1955,1956,1957,1958,1959,
gold,0,297,1096,1097,1098,1099,1100,1101,1102,1103,1104,1105,1106,1107,1108,1109,1110,1111,1112,1113,1114,1115,1116,1117,1118,1119,1960,1961,1962,1963,1964,1965,1966,1967,1968,1969,1970,1971,1972,1973,1974,1975,1976,1977,1978,1979,1980,1981,1982,1983,
gold,0,298,299,1120,1121,1122,1123,1124,1125,1126,1127,1128,1129,1130,1131,1132,1133,1134,1135,1136,1137,1138,1139,1140,1141,1142,1143,1984,1985,1986,1987,1988,1989,1990,1991,1992,1993,1994,1995,1996,1997,1998,1999,2000,2001,2002,2003,2004,2005,2006,2007,
gold,0,300,301,302,303,1144,1145,1146,1147,1148,1149,1150,1151,1152,1153,1154,1155,1156,1157,1158,1159,1160,1161,1162,1163,1164,1165,1166,1167,2008,2009,2010,2011,2012,2013,2014,2015,2016,2017,2018,2019,2020,2021,2022,2023,2024,2025,2026,2027,2028,2029,2030,2031,
gold,1,176,177,178,179,304,305,306,307,308,309,310,311,312,313,314,315,316,317,318,319,320,321,322,323,324,325,326,327,1168,1169,1170,1171,1172,1173,1174,1175,1176,1177,1178,1179,1180,1181,1182,1183,1184,1185,1186,1187,1188,1189,1190,1191,
gold,1,180,181,328,329,330,331,332,333,334,335,336,337,338,339,340,341,342,343,344,345,346,347,348,349,350,351,1192,1193,1194,1195,1196,1197,1198,1199,1200,1201,1202,1203,1204,1205,1206,1207,1208,1209,1210,1211,1212,1213,1214,1215,
gold,1,182,183,352,353,354,355,356,357,358,359,360,361,362,363,364,365,366,367,368,369,370,371,372,373,374,375,1216,1217,1218,1219,1220,1221,1222,1223,1224,1225,1226,1227,1228,1229,1230,1231,1232,1233,1234,1235,1236,1237,1238,1239,
gold,1,184,376,377,378,379,380,381,382,383,384,385,386,387,388,389,390,391,392,393,394,395,396,397,398,399,1240,1241,1242,1243,1244,1245,1246,1247,1248,1249,1250,1251,1252,1253,1254,1255,1256,1257,1258,1259,1260,1261,1262,1263,
gold,1,185,186,187,188,400,401,402,403,404,405,406,407,408,409,410,411,412,413,414,415,416,417,418,419,420,421,422,423,1264,1265,1266,1267,1268,1269,1270,1271,1272,1273,1274,1275,1276,1277,1278,1279,1280,1281,1282,1283,1284,1285,1286,1287,
gold,1,189,190,191,424,425,426,427,428,429,430,431,432,433,434,435,436,437,438,439,440,441,442,443,444,445,446,447,1288,1289,1290,1291,1292,1293,1294,1295,1296,1297,1298,1299,1300,1301,1302,1303,1304,1305,1306,1307,1308,1309,1310,1311,
gold,1,192,193,194,195,196,448,449,450,451,452,453,454,455,456,457,458,459,460,461,462,463,464,465,466,467,468,469,470,471,1312,1313,1314,1315,1316,1317,1318,1319,1320,1321,1322,1323,1324,1325,1326,1327,1328,1329,1330,1331,1332,1333,1334,1335,
gold,1,197,198,199,200,201,202,472,473,474,475,476,477,478,479,480,481,482,483,484,485,486,487,488,489,490,491,492,493,494,495,1336,1337,1338,1339,1340,1341,1342,1343,1344,1345,1346,1347,1348,1349,1350,1351,1352,1353,1354,1355,1356,1357,1358,1359,
gold,1,203,204,205,206,207,496,497,498,499,500,501,502,503,504,505,506,507,508,509,510,511,512,513,514,515,516,517,518,519,1360,1361,1362,1363,1364,1365,1366,1367,1368,1369,1370,1371,1372,1373,1374,1375,1376,1377,1378,1379,1380,1381,1382,1383,
gold,1,208,209,210,520,521,522,523,524,525,526,527,528,529,530,531,532,533,534,535,536,537,538,539,540,541,542,543,1384,1385,1386,1387,1388,1389,1390,1391,1392,1393,1394,1395,1396,1397,1398,1399,1400,1401,1402,1403,1404,1405,1406,1407,
gold,1,211,212,213,214,215,544,545,546,547,548,549,550,551,552,553,554,555,556,557,558,559,560,561,562,563,564,565,566,567,1408,1409,1410,1411,1412,1413,1414,1415,1416,1417,1418,1419,1420,1421,1422,1423,1424,1425,1426,1427,1428,1429,1430,1431,
gold,1,216,217,218,219,568,569,570,571,572,573,574,575,576,577,578,579,580,581,582,583,584,585,586,587,588,589,590,591,1432,1433,1434,1435,1436,1437,1438,1439,1440,1441,1442,1443,1444,1445,1446,1447,1448,1449,1450,1451,1452,1453,1454,1455,
gold,1,220,221,222,223,224,592,593,594,595,596,597,598,599,600,601,602,603,604,605,606,607,608,609,610,611,612,613,614,615,1456,1457,1458,1459,1460,1461,1462,1463,1464,1465,1466,1467,1468,1469,1470,1471,1472,1473,1474,1475,1476,1477,1478,1479,
gold,1,225,226,227,228,229,616,617,618,619,620,621,622,623,624,625,626,627,628,629,630,631,632,633,634,635,636,637,638,639,1480,1481,1482,1483,1484,1485,1486,1487,1488,1489,1490,1491,1492,1493,1494,1495,1496,1497,1498,1499,1500,1501,1502,1503,
gold,1,230,231,232,640,641,642,643,644,645,646,647,648,649,650,651,652,653,654,655,656,657,658,659,660,661,662,663,1504,1505,1506,1507,1508,1509,1510,1511,1512,1513,1514,1515,1516,1517,1518,1519,1520,1521,1522,1523,1524,1525,1526,1527,
gold,1,233,664,665,666,667,668,669,670,671,672,673,674,675,676,677,678,679,680,681,682,683,684,685,686,687,1528,1529,1530,1531,1532,1533,1534,1535,1536,1537,1538,1539,1540,1541,1542,1543,1544,1545,1546,1547,1548,1549,1550,1551,
gold,1,234,235,688,689,690,691,692,693,694,695,696,697,698,699,700,701,702,703,704,705,706,707,708,709,710,711,1552,1553,1554,1555,1556,1557,1558,1559,1560,1561,1562,1563,1564,1565,1566,1567,1568,1569,1570,1571,1572,1573,1574,1575,
gold,1,236,237,238,239,712,713,714,715,716,717,718,719,720,721,722,723,724,725,726,727,728,729,730,731,732,733,734,735,1576,1577,1578,1579,1580,1581,1582,1583,1584,1585,1586,1587,1588,1589,1590,1591,1592,1593,1594,1595,1596,1597,1598,1599,
gold,2,304,308,312,316,320,324,328,332,336,340,344,348,352,356,360,364,368,372,376,380,384,388,392,396,400,404,408,412,416,420,424,428,432,436,440,444,448,452,456,460,464,468,472,476,480,484,488,492,496,500,504,508,512,516,520,524,528,532,536,540,544,548,552,556,560,564,568,572,576,580,584,588,592,596,600,604,608,612,616,620,624,628,632,636,640,644,648,652,656,660,664,668,672,676,680,684,688,692,696,700,704,708,712,716,720,724,728,732,
gold,2,305,309,313,317,321,325,329,333,337,341,345,349,353,357,361,365,369,373,377,381,385,389,393,397,401,405,409,413,417,421,425,429,433,437,441,445,449,453,457,461,465,469,473,477,481,485,489,493,497,501,505,509,513,517,521,525,529,533,537,541,545,549,553,557,561,565,569,573,577,581,585,589,593,597,601,605,609,613,617,621,625,629,633,637,641,645,649,653,657,661,665,669,673,677,681,685,689,693,697,701,705,709,713,717,721,725,729,733,1168,1172,1176,1180,1184,1188,1192,1196,1200,1204,1208,1212,1216,1220,1224,1228,1232,1236,1240,1244,1248,1252,1256,1260,1264,1268,1272,1276,1280,1284,1288,1292,1296,1300,1304,1308,1312,1316,1320,1324,1328,1332,1336,1340,1344,1348,1352,1356,1360,1364,1368,1372,1376,1380,1384,1388,1392,1396,1400,1404,1408,1412,1416,1420,1424,1428,1432,1436,1440,1444,1448,1452,1456,1460,1464,1468,1472,1476,1480,1484,1488,1492,1496,1500,1504,1508,1512,1516,1520,1524,1528,1532,1536,1540,1544,1548,1552,1556,1560,1564,1568,1572,1576,1580,1584,1588,1592,1596,
gold,2,306,310,314,318,322,326,330,334,338,342,346,350,354,358,362,366,370,374,378,382,386,390,394,398,402,406,410,414,418,422,426,430,434,438,442,446,450,454,458,462,466,470,474,478,482,486,490,494,498,502,506,510,514,518,522,526,530,534,538,542,546,550,554,558,562,566,570,574,578,582,586,590,594,598,602,606,610,614,618,622,626,630,634,638,642,646,650,654,658,662,666,670,674,678,682,686,690,694,698,702,706,710,714,718,722,726,730,734,1169,1173,1177,1181,1185,1189,1193,1197,1201,1205,1209,1213,1217,1221,1225,1229,1233,1237,1241,1245,1249,1253,1257,1261,1265,1269,1273,1277,1281,1285,1289,1293,1297,1301,1305,1309,1313,1317,1321,1325,1329,1333,1337,1341,1345,1349,1353,1357,1361,1365,1369,1373,1377,1381,1385,1389,1393,1397,1401,1405,1409,1413,1417,1421,1425,1429,1433,1437,1441,1445,1449,1453,1457,1461,1465,1469,1473,1477,1481,1485,1489,1493,1497,1501,1505,1509,1513,1517,1521,1525,1529,1533,1537,1541,1545,1549,1553,1557,1561,1565,1569,1573,1577,1581,1585,1589,1593,1597,
gold,2,307,311,315,319,323,327,331,335,339,343,347,351,355,359,363,367,371,375,379,383,387,391,395,399,403,407,411,415,419,423,427,431,435,439,443,447,451,455,459,463,467,471,475,479,483,487,491,495,499,503,507,511,515,519,523,527,531,535,539,543,547,551,555,559,563,567,571,575,579,583,587,591,595,599,603,607,611,615,619,623,627,631,635,639,643,647,651,655,659,663,667,671,675,679,683,687,691,695,699,703,707,711,715,719,723,727,731,735,1170,1174,1178,1182,1186,1190,1194,1198,1202,1206,1210,1214,1218,1222,1226,1230,1234,1238,1242,1246,1250,1254,1258,1262,1266,1270,1274,1278,1282,1286,1290,1294,1298,1302,1306,1310,1314,1318,1322,1326,1330,1334,1338,1342,1346,1350,1354,1358,1362,1366,1370,1374,1378,1382,1386,1390,1394,1398,1402,1406,1410,1414,1418,1422,1426,1430,1434,1438,1442,1446,1450,1454,1458,1462,1466,1470,1474,1478,1482,1486,1490,1494,1498,1502,1506,1510,1514,1518,1522,1526,1530,1534,1538,1542,1546,1550,1554,1558,1562,1566,1570,1574,1578,1582,1586,1590,1594,1598,
gold,2,1171,1175,1179,1183,1187,1191,1195,1199,1203,1207,1211,1215,1219,1223,1227,1231,1235,1239,1243,1247,1251,1255,1259,1263,1267,1271,1275,1279,1283,1287,1291,1295,1299,1303,1307,1311,1315,1319,1323,1327,1331,1335,1339,1343,1347,1351,1355,1359,1363,1367,1371,1375,1379,1383,1387,1391,1395,1399,1403,1407,1411,1415,1419,1423,1427,1431,1435,1439,1443,1447,1451,1455,1459,1463,1467,1471,1475,1479,1483,1487,1491,1495,1499,1503,1507,1511,1515,1519,1523,1527,1531,1535,1539,1543,1547,1551,1555,1559,1563,1567,1571,1575,1579,1583,1587,1591,1595,1599,
gold,3,736,740,744,748,752,756,760,764,768,772,776,780,784,788,792,796,800,804,808,812,816,820,824,828,832,836,840,844,848,852,856,860,864,868,872,876,880,884,888,892,896,900,904,908,912,916,920,924,928,932,936,940,944,948,952,956,960,964,968,972,976,980,984,988,992,996,1000,1004,1008,1012,1016,1020,1024,1028,1032,1036,1040,1044,1048,1052,1056,1060,1064,1068,1072,1076,1080,1084,1088,1092,1096,1100,1104,1108,1112,1116,1120,1124,1128,1132,1136,1140,1144,1148,1152,1156,1160,1164,
gold,3,737,741,745,749,753,757,761,765,769,773,777,781,785,789,793,797,801,805,809,813,817,821,825,829,833,837,841,845,849,853,857,861,865,869,873,877,881,885,889,893,897,901,905,909,913,917,921,925,929,933,937,941,945,949,953,957,961,965,969,973,977,981,985,989,993,997,1001,1005,1009,1013,1017,1021,1025,1029,1033,1037,1041,1045,1049,1053,1057,1061,1065,1069,1073,1077,1081,1085,1089,1093,1097,1101,1105,1109,1113,1117,1121,1125,1129,1133,1137,1141,1145,1149,1153,1157,1161,1165,1600,1604,1608,1612,1616,1620,1624,1628,1632,1636,1640,1644,1648,1652,1656,1660,1664,1668,1672,1676,1680,1684,1688,1692,1696,1700,1704,1708,1712,1716,1720,1724,1728,1732,1736,1740,1744,1748,1752,1756,1760,1764,1768,1772,1776,1780,1784,1788,1792,1796,1800,1804,1808,1812,1816,1820,1824,1828,1832,1836,1840,1844,1848,1852,1856,1860,1864,1868,1872,1876,1880,1884,1888,1892,1896,1900,1904,1908,1912,1916,1920,1924,1928,1932,1936,1940,1944,1948,1952,1956,1960,1964,1968,1972,1976,1980,1984,1988,1992,1996,2000,2004,2008,2012,2016,2020,2024,2028,
gold,3,738,742,746,750,754,758,762,766,770,774,778,782,786,790,794,798,802,806,810,814,818,822,826,830,834,838,842,846,850,854,858,862,866,870,874,878,882,886,890,894,898,902,906,910,914,918,922,926,930,934,938,942,946,950,954,958,962,966,970,974,978,982,986,990,994,998,1002,1006,1010,1014,1018,1022,1026,1030,1034,1038,1042,1046,1050,1054,1058,1062,1066,1070,1074,1078,1082,1086,1090,1094,1098,1102,1106,1110,1114,1118,1122,1126,1130,1134,1138,1142,1146,1150,1154,1158,1162,1166,1601,1605,1609,1613,1617,1621,1625,1629,1633,1637,1641,1645,1649,1653,1657,1661,1665,1669,1673,1677,1681,1685,1689,1693,1697,1701,1705,1709,1713,1717,1721,1725,1729,1733,1737,1741,1745,1749,1753,1757,1761,1765,1769,1773,1777,1781,1785,1789,1793,1797,1801,1805,1809,1813,1817,1821,1825,1829,1833,1837,1841,1845,1849,1853,1857,1861,1865,1869,1873,1877,1881,1885,1889,1893,1897,1901,1905,1909,1913,1917,1921,1925,1929,1933,1937,1941,1945,1949,1953,1957,1961,1965,1969,1973,1977,1981,1985,1989,1993,1997,2001,2005,2009,2013,2017,2021,2025,2029,
gold,3,739,743,747,751,755,759,763,767,771,775,779,783,787,791,795,799,803,807,811,815,819,823,827,831,835,839,843,847,851,855,859,863,867,871,875,879,883,887,891,895,899,903,907,911,915,919,923,927,931,935,939,943,947,951,955,959,963,967,971,975,979,983,987,991,995,999,1003,1007,1011,1015,1019,1023,1027,1031,1035,1039,1043,1047,1051,1055,1059,1063,1067,1071,1075,1079,1083,1087,1091,1095,1099,1103,1107,1111,1115,1119,1123,1127,1131,1135,1139,1143,1147,1151,1155,1159,1163,1167,1602,1606,1610,1614,1618,1622,1626,1630,1634,1638,1642,1646,1650,1654,1658,1662,1666,1670,1674,1678,1682,1686,1690,1694,1698,1702,1706,1710,1714,1718,1722,1726,1730,1734,1738,1742,1746,1750,1754,1758,1762,1766,1770,1774,1778,1782,1786,1790,1794,1798,1802,1806,1810,1814,1818,1822,1826,1830,1834,1838,1842,1846,1850,1854,1858,1862,1866,1870,1874,1878,1882,1886,1890,1894,1898,1902,1906,1910,1914,1918,1922,1926,1930,1934,1938,1942,1946,1950,1954,1958,1962,1966,1970,1974,1978,1982,1986,1990,1994,1998,2002,2006,2010,2014,2018,2022,2026,2030,
gold,3,1603,1607,1611,1615,1619,1623,1627,1631,1635,1639,1643,1647,1651,1655,1659,1663,1667,1671,1675,1679,1683,1687,1691,1695,1699,1703,1707,1711,1715,1719,1723,1727,1731,1735,1739,1743,1747,1751,1755,1759,1763,1767,1771,1775,1779,1783,1787,1791,1795,1799,1803,1807,1811,1815,1819,1823,1827,1831,1835,1839,1843,1847,1851,1855,1859,1863,1867,1871,1875,1879,1883,1887,1891,1895,1899,1903,1907,1911,1915,1919,1923,1927,1931,1935,1939,1943,1947,1951,1955,1959,1963,1967,1971,1975,1979,1983,1987,1991,1995,1999,2003,2007,2011,2015,2019,2023,2027,2031,
gold,4,1168,1169,1170,1171,1600,1601,1602,1603,
gold,4,1192,1193,1194,1195,1624,1625,1626,1627,
gold,4,1216,1217,1218,1219,1648,1649,1650,1651,
gold,4,1240,1241,1242,1243,1672,1673,1674,1675,
gold,4,1264,1265,1266,1267,1696,1697,1698,1699,
gold,4,1288,1289,1290,1291,1720,1721,1722,1723,
gold,4,1312,1313,1314,1315,1744,1745,1746,1747,
gold,4,1336,1337,1338,1339,1768,1769,1770,1771,
gold,4,1360,1361,1362,1363,1792,1793,1794,1795,
gold,4,1384,1385,1386,1387,1816,1817,1818,1819,
gold,4,1408,1409,1410,1411,1840,1841,1842,1843,
gold,4,1432,1433,1434,1435,1864,1865,1866,1867,
gold,4,1456,1457,1458,1459,1888,1889,1890,1891,
gold,4,1480,1481,1482,1483,1912,1913,1914,1915,
gold,4,1504,1505,1506,1507,1936,1937,1938,1939,
red,4,1528,1529,1530,1531,1960,1961,1962,1963,
gold,4,1552,1553,1554,1555,1984,1985,1986,1987,
gold,4,1576,1577,1578,1579,2008,2009,2010,2011,
gold,4,304,305,306,307,328,329,330,331,352,353,354,355,376,377,378,379,400,401,402,403,424,425,426,427,448,449,450,451,472,473,474,475,496,497,498,499,520,521,522,523,544,545,546,547,568,569,570,571,592,593,594,595,616,617,618,619,640,641,642,643,664,665,666,667,688,689,690,691,712,713,714,715,
gold,4,736,737,738,739,760,761,762,763,784,785,786,787,808,809,810,811,832,833,834,835,856,857,858,859,880,881,882,883,904,905,906,907,928,929,930,931,952,953,954,955,976,977,978,979,1000,1001,1002,1003,1024,1025,1026,1027,1048,1049,1050,1051,1072,1073,1074,1075,1096,1097,1098,1099,1120,1121,1122,1123,1144,1145,1146,1147,
gold,5,1172,1173,1174,1175,1604,1605,1606,1607,
gold,5,1196,1197,1198,1199,1628,1629,1630,1631,
gold,5,1220,1221,1222,1223,1652,1653,1654,1655,
gold,5,1244,1245,1246,1247,1676,1677,1678,1679,
gold,5,1268,1269,1270,1271,1700,1701,1702,1703,
gold,5,1292,1293,1294,1295,1724,1725,1726,1727,
gold,5,1316,1317,1318,1319,1748,1749,1750,1751,
gold,5,1340,1341,1342,1343,1772,1773,1774,1775,
gold,5,1364,1365,1366,1367,1796,1797,1798,1799,
gold,5,1388,1389,1390,1391,1820,1821,1822,1823,
gold,5,1412,1413,1414,1415,1844,1845,1846,1847,
gold,5,1436,1437,1438,1439,1868,1869,1870,1871,
gold,5,1460,1461,1462,1463,1892,1893,1894,1895,
gold,5,1484,1485,1486,1487,1916,1917,1918,1919,
gold,5,1508,1509,1510,1511,1940,1941,1942,1943,
red,5,1532,1533,1534,1535,1964,1965,1966,1967,
gold,5,1556,1557,1558,1559,1988,1989,1990,1991,
gold,5,1580,1581,1582,1583,2012,2013,2014,2015,
gold,5,308,309,310,311,332,333,334,335,356,357,358,359,380,381,382,383,404,405,406,407,428,429,430,431,452,453,454,455,476,477,478,479,500,501,502,503,524,525,526,527,548,549,550,551,572,573,574,575,596,597,598,599,620,621,622,623,644,645,646,647,668,669,670,671,692,693,694,695,716,717,718,719,
gold,5,740,741,742,743,764,765,766,767,788,789,790,791,812,813,814,815,836,837,838,839,860,861,862,863,884,885,886,887,908,909,910,911,932,933,934,935,956,957,958,959,980,981,982,983,1004,1005,1006,1007,1028,1029,1030,1031,1052,1053,1054,1055,1076,1077,1078,1079,1100,1101,1102,1103,1124,1125,1126,1127,1148,1149,1150,1151,
gold,6,1176,1177,1178,1179,1608,1609,1610,1611,
gold,6,1200,1201,1202,1203,1632,1633,1634,1635,
gold,6,1224,1225,1226,1227,1656,1657,1658,1659,
gold,6,1248,1249,1250,1251,1680,1681,1682,1683,
gold,6,1272,1273,1274,1275,1704,1705,1706,1707,
gold,6,1296,1297,1298,1299,1728,1729,1730,1731,
gold,6,1320,1321,1322,1323,1752,1753,1754,1755,
gold,6,1344,1345,1346,1347,1776,1777,1778,1779,
gold,6,1368,1369,1370,1371,1800,1801,1802,1803,
gold,6,1392,1393,1394,1395,1824,1825,1826,1827,
gold,6,1416,1417,1418,1419,1848,1849,1850,1851,
gold,6,1440,1441,1442,1443,1872,1873,1874,1875,
red,6,1464,1465,1466,1467,1896,1897,1898,1899,
gold,6,1488,1489,1490,1491,1920,1921,1922,1923,
gold,6,1512,1513,1514,1515,1944,1945,1946,1947,
gold,6,1536,1537,1538,1539,1968,1969,1970,1971,
gold,6,1560,1561,1562,1563,1992,1993,1994,1995,
gold,6,1584,1585,1586,1587,2016,2017,2018,2019,
gold,6,312,313,314,315,336,337,338,339,360,361,362,363,384,385,386,387,408,409,410,411,432,433,434,435,456,457,458,459,480,481,482,483,504,505,506,507,528,529,530,531,552,553,554,555,576,577,578,579,600,601,602,603,624,625,626,627,648,649,650,651,672,673,674,675,696,697,698,699,720,721,722,723,
gold,6,744,745,746,747,768,769,770,771,792,793,794,795,816,817,818,819,840,841,842,843,864,865,866,867,888,889,890,891,912,913,914,915,936,937,938,939,960,961,962,963,984,985,986,987,1008,1009,1010,1011,1032,1033,1034,1035,1056,1057,1058,1059,1080,1081,1082,1083,1104,1105,1106,1107,1128,1129,1130,1131,1152,1153,1154,1155,
gold,7,1180,1181,1182,1183,1612,1613,1614,1615,
gold,7,1204,1205,1206,1207,1636,1637,1638,1639,
gold,7,1228,1229,1230,1231,1660,1661,1662,1663,
gold,7,1252,1253,1254,1255,1684,1685,1686,1687,
gold,7,1276,1277,1278,1279,1708,1709,1710,1711,
gold,7,1300,1301,1302,1303,1732,1733,1734,1735,
gold,7,1324,1325,1326,1327,1756,1757,1758,1759,
red,7,1348,1349,1350,1351,1780,1781,1782,1783,
gold,7,1372,1373,1374,1375,1804,1805,1806,1807,
gold,7,1396,1397,1398,1399,1828,1829,1830,1831,
gold,7,1420,1421,1422,1423,1852,1853,1854,1855,
gold,7,1444,1445,1446,1447,1876,1877,1878,1879,
gold,7,1468,1469,1470,1471,1900,1901,1902,1903,
gold,7,1492,1493,1494,1495,1924,1925,1926,1927,
gold,7,1516,1517,1518,1519,1948,1949,1950,1951,
gold,7,1540,1541,1542,1543,1972,1973,1974,1975,
gold,7,1564,1565,1566,1567,1996,1997,1998,1999,
gold,7,1588,1589,1590,1591,2020,2021,2022,2023,
gold,7,316,317,318,319,340,341,342,343,364,365,366,367,388,389,390,391,412,413,414,415,436,437,438,439,460,461,462,463,484,485,486,487,508,509,510,511,532,533,534,535,556,557,558,559,580,581,582,583,604,605,606,607,628,629,630,631,652,653,654,655,676,677,678,679,700,701,702,703,724,725,726,727,
gold,7,748,749,750,751,772,773,774,775,796,797,798,799,820,821,822,823,844,845,846,847,868,869,870,871,892,893,894,895,916,917,918,919,940,941,942,943,964,965,966,967,988,989,990,991,1012,1013,1014,1015,1036,1037,1038,1039,1060,1061,1062,1063,1084,1085,1086,1087,1108,1109,1110,1111,1132,1133,1134,1135,1156,1157,1158,1159,
gold,8,1184,1185,1186,1187,1616,1617,1618,1619,
gold,8,1208,1209,1210,1211,1640,1641,1642,1643,
gold,8,1232,1233,1234,1235,1664,1665,1666,1667,
gold,8,1256,1257,1258,1259,1688,1689,1690,1691,
gold,8,1280,1281,1282,1283,1712,1713,1714,1715,
gold,8,1304,1305,1306,1307,1736,1737,1738,1739,
gold,8,1328,1329,1330,1331,1760,1761,1762,1763,
gold,8,1352,1353,1354,1355,1784,1785,1786,1787,
gold,8,1376,1377,1378,1379,1808,1809,1810,1811,
gold,8,1400,1401,1402,1403,1832,1833,1834,1835,
gold,8,1424,1425,1426,1427,1856,1857,1858,1859,
gold,8,1448,1449,1450,1451,1880,1881,1882,1883,
gold,8,1472,1473,1474,1475,1904,1905,1906,1907,
gold,8,1496,1497,1498,1499,1928,1929,1930,1931,
gold,8,1520,1521,1522,1523,1952,1953,1954,1955,
red,8,1544,1545,1546,1547,1976,1977,1978,1979,
gold,8,1568,1569,1570,1571,2000,2001,2002,2003,
gold,8,1592,1593,1594,1595,2024,2025,2026,2027,
gold,8,320,321,322,323,344,345,346,347,368,369,370,371,392,393,394,395,416,417,418,419,440,441,442,443,464,465,466,467,488,489,490,491,512,513,514,515,536,537,538,539,560,561,562,563,584,585,586,587,608,609,610,611,632,633,634,635,656,657,658,659,680,681,682,683,704,705,706,707,728,729,730,731,
gold,8,752,753,754,755,776,777,778,779,800,801,802,803,824,825,826,827,848,849,850,851,872,873,874,875,896,897,898,899,920,921,922,923,944,945,946,947,968,969,970,971,992,993,994,995,1016,1017,1018,1019,1040,1041,1042,1043,1064,1065,1066,1067,1088,1089,1090,1091,1112,1113,1114,1115,1136,1137,1138,1139,1160,1161,1162,1163,
gold,9,1188,1189,1190,1191,1620,1621,1622,1623,
gold,9,1212,1213,1214,1215,1644,1645,1646,1647,
gold,9,1236,1237,1238,1239,1668,1669,1670,1671,
gold,9,1260,1261,1262,1263,1692,1693,1694,1695,
gold,9,1284,1285,1286,1287,1716,1717,1718,1719,
gold,9,1308,1309,1310,1311,1740,1741,1742,1743,
gold,9,1332,1333,1334,1335,1764,1765,1766,1767,
gold,9,1356,1357,1358,1359,1788,1789,1790,1791,
gold,9,1380,1381,1382,1383,1812,1813,1814,1815,
gold,9,1404,1405,1406,1407,1836,1837,1838,1839,
gold,9,1428,1429,1430,1431,1860,1861,1862,1863,
red,9,1452,1453,1454,1455,1884,1885,1886,1887,
gold,9,1476,1477,1478,1479,1908,1909,1910,1911,
gold,9,1500,1501,1502,1503,1932,1933,1934,1935,
gold,9,1524,1525,1526,1527,1956,1957,1958,1959,
gold,9,1548,1549,1550,1551,1980,1981,1982,1983,
gold,9,1572,1573,1574,1575,2004,2005,2006,2007,
gold,9,1596,1597,1598,1599,2028,2029,2030,2031,
gold,9,324,325,326,327,348,349,350,351,372,373,374,375,396,397,398,399,420,421,422,423,444,445,446,447,468,469,470,471,492,493,494,495,516,517,518,519,540,541,542,543,564,565,566,567,588,589,590,591,612,613,614,615,636,637,638,639,660,661,662,663,684,685,686,687,708,709,710,711,732,733,734,735,
gold,9,756,757,758,759,780,781,782,783,804,805,806,807,828,829,830,831,852,853,854,855,876,877,878,879,900,901,902,903,924,925,926,927,948,949,950,951,972,973,974,975,996,997,998,999,1020,1021,1022,1023,1044,1045,1046,1047,1068,1069,1070,1071,1092,1093,1094,1095,1116,1117,1118,1119,1140,1141,1142,1143,1164,1165,1166,1167,
lightskyblue,29,
lightskyblue,32,
lightskyblue,33,
lightskyblue,40,
lightskyblue,28,
lightskyblue,32,
lightskyblue,31,
lightskyblue,33,
lightskyblue,30,
lightskyblue,28,
lightskyblue,29,
lightskyblue,33,
lightskyblue,35,
lightskyblue,28,
lightskyblue,30,
lightskyblue,32,
lightskyblue,35,
lightskyblue,36,
lightskyblue,37,
lightskyblue,38,
lightskyblue,39,
lightskyblue,32,
lightskyblue,34,
lightskyblue,36,
lightskyblue,38,
lightskyblue,39,
lightskyblue,41,
lightskyblue,34,
lightskyblue,35,
lightskyblue,37,
lightskyblue,38,
lightskyblue,39,
lightskyblue,34,
lightskyblue,36,
lightskyblue,38,
lightskyblue,34,
lightskyblue,35,
lightskyblue,36,
lightskyblue,37,
lightskyblue,39,
lightskyblue,34,
lightskyblue,35,
lightskyblue,36,
lightskyblue,38,
lightskyblue,28,
lightskyblue,41,
lightskyblue,42,
lightskyblue,43,
lightskyblue,45,
lightskyblue,35,
lightskyblue,40,
lightskyblue,42,
lightskyblue,44,
lightskyblue,45,
lightskyblue,40,
lightskyblue,41,
lightskyblue,45,
lightskyblue,40,
lightskyblue,41,
lightskyblue,45,
lightskyblue,40,
lightskyblue,41,
lightskyblue,42,
lightskyblue,44,
lightskyblue,11,
lightskyblue,14,
lightskyblue,15,
lightskyblue,22,
lightskyblue,10,
lightskyblue,14,
lightskyblue,13,
lightskyblue,15,
lightskyblue,12,
lightskyblue,10,
lightskyblue,11,
lightskyblue,15,
lightskyblue,17,
lightskyblue,10,
lightskyblue,12,
lightskyblue,14,
lightskyblue,17,
lightskyblue,18,
lightskyblue,19,
lightskyblue,20,
lightskyblue,21,
lightskyblue,14,
lightskyblue,16,
lightskyblue,18,
lightskyblue,20,
lightskyblue,21,
lightskyblue,23,
lightskyblue,16,
lightskyblue,17,
lightskyblue,19,
lightskyblue,20,
lightskyblue,21,
lightskyblue,16,
lightskyblue,18,
lightskyblue,20,
lightskyblue,16,
lightskyblue,17,
lightskyblue,18,
lightskyblue,19,
lightskyblue,21,
lightskyblue,16,
lightskyblue,17,
lightskyblue,18,
lightskyblue,20,
lightskyblue,10,
lightskyblue,23,
lightskyblue,24,
lightskyblue,25,
lightskyblue,27,
lightskyblue,17,
lightskyblue,22,
lightskyblue,24,
lightskyblue,26,
lightskyblue,27,
lightskyblue,22,
lightskyblue,23,
lightskyblue,27,
lightskyblue,22,
lightskyblue,23,
lightskyblue,27,
lightskyblue,22,
lightskyblue,23,
lightskyblue,24,
lightskyblue,26,
lightskyblue,56,47,
lightskyblue,56,48,
lightskyblue,56,49,
lightskyblue,56,50,
lightskyblue,76,47,
lightskyblue,76,48,
lightskyblue,76,49,
lightskyblue,76,50,
lightskyblue,96,47,
lightskyblue,96,48,
lightskyblue,96,49,
lightskyblue,96,50,
lightskyblue,116,47,
lightskyblue,116,48,
lightskyblue,116,49,
lightskyblue,116,50,
lightskyblue,136,47,
lightskyblue,136,48,
lightskyblue,136,49,
lightskyblue,136,50,
lightskyblue,156,47,
lightskyblue,156,48,
lightskyblue,156,49,
lightskyblue,156,50,
lightskyblue,57,47,
lightskyblue,57,48,
lightskyblue,57,49,
lightskyblue,57,50,
lightskyblue,77,47,
lightskyblue,77,48,
lightskyblue,77,49,
lightskyblue,77,50,
lightskyblue,97,47,
lightskyblue,97,48,
lightskyblue,97,49,
lightskyblue,97,50,
lightskyblue,117,47,
lightskyblue,117,48,
lightskyblue,117,49,
lightskyblue,117,50,
lightskyblue,137,47,
lightskyblue,137,48,
lightskyblue,137,49,
lightskyblue,137,50,
lightskyblue,157,47,
lightskyblue,157,48,
lightskyblue,157,49,
lightskyblue,157,50,
lightskyblue,58,47,
lightskyblue,58,48,
lightskyblue,58,49,
lightskyblue,58,50,
lightskyblue,78,47,
lightskyblue,78,48,
lightskyblue,78,49,
lightskyblue,78,50,
lightskyblue,98,47,
lightskyblue,98,48,
lightskyblue,98,49,
lightskyblue,98,50,
lightskyblue,118,47,
lightskyblue,118,48,
lightskyblue,118,49,
lightskyblue,118,50,
lightskyblue,138,47,
lightskyblue,138,48,
lightskyblue,138,49,
lightskyblue,138,50,
lightskyblue,158,47,
lightskyblue,158,48,
lightskyblue,158,49,
lightskyblue,158,50,
lightskyblue,59,47,
lightskyblue,59,48,
lightskyblue,59,49,
lightskyblue,59,50,
lightskyblue,79,47,
lightskyblue,79,48,
lightskyblue,79,49,
lightskyblue,79,50,
lightskyblue,99,47,
lightskyblue,99,48,
lightskyblue,99,49,
lightskyblue,99,50,
lightskyblue,119,47,
lightskyblue,119,48,
lightskyblue,119,49,
lightskyblue,119,50,
lightskyblue,139,47,
lightskyblue,139,48,
lightskyblue,139,49,
lightskyblue,139,50,
lightskyblue,159,47,
lightskyblue,159,48,
lightskyblue,159,49,
lightskyblue,159,50,
lightskyblue,60,47,
lightskyblue,60,48,
lightskyblue,60,49,
lightskyblue,60,50,
lightskyblue,80,47,
lightskyblue,80,48,
lightskyblue,80,49,
lightskyblue,80,50,
lightskyblue,100,47,
lightskyblue,100,48,
lightskyblue,100,49,
lightskyblue,100,50,
lightskyblue,120,47,
lightskyblue,120,48,
lightskyblue,120,49,
lightskyblue,120,50,
lightskyblue,140,47,
lightskyblue,140,48,
lightskyblue,140,49,
lightskyblue,140,50,
lightskyblue,160,47,
lightskyblue,160,48,
lightskyblue,160,49,
lightskyblue,160,50,
lightskyblue,61,47,
lightskyblue,61,48,
lightskyblue,61,49,
lightskyblue,61,50,
lightskyblue,81,47,
lightskyblue,81,48,
lightskyblue,81,49,
lightskyblue,81,50,
lightskyblue,101,47,
lightskyblue,101,48,
lightskyblue,101,49,
lightskyblue,101,50,
lightskyblue,121,47,
lightskyblue,121,48,
lightskyblue,121,49,
lightskyblue,121,50,
lightskyblue,141,47,
lightskyblue,141,48,
lightskyblue,141,49,
lightskyblue,141,50,
lightskyblue,161,47,
lightskyblue,161,48,
lightskyblue,161,49,
lightskyblue,161,50,
lightskyblue,62,47,
lightskyblue,62,48,
lightskyblue,62,49,
lightskyblue,62,50,
lightskyblue,82,47,
lightskyblue,82,48,
lightskyblue,82,49,
lightskyblue,82,50,
lightskyblue,102,47,
lightskyblue,102,48,
lightskyblue,102,49,
lightskyblue,102,50,
lightskyblue,122,47,
lightskyblue,122,48,
lightskyblue,122,49,
lightskyblue,122,50,
lightskyblue,142,47,
lightskyblue,142,48,
lightskyblue,142,49,
lightskyblue,142,50,
lightskyblue,162,47,
lightskyblue,162,48,
lightskyblue,162,49,
lightskyblue,162,50,
lightskyblue,63,47,
lightskyblue,63,48,
lightskyblue,63,49,
lightskyblue,63,50,
lightskyblue,83,47,
lightskyblue,83,48,
lightskyblue,83,49,
lightskyblue,83,50,
lightskyblue,103,47,
lightskyblue,103,48,
lightskyblue,103,49,
lightskyblue,103,50,
lightskyblue,123,47,
lightskyblue,123,48,
lightskyblue,123,49,
lightskyblue,123,50,
lightskyblue,143,47,
lightskyblue,143,48,
lightskyblue,143,49,
lightskyblue,143,50,
lightskyblue,163,47,
lightskyblue,163,48,
lightskyblue,163,49,
lightskyblue,163,50,
lightskyblue,64,47,
lightskyblue,64,48,
lightskyblue,64,49,
lightskyblue,64,50,
lightskyblue,84,47,
lightskyblue,84,48,
lightskyblue,84,49,
lightskyblue,84,50,
lightskyblue,104,47,
lightskyblue,104,48,
lightskyblue,104,49,
lightskyblue,104,50,
lightskyblue,124,47,
lightskyblue,124,48,
lightskyblue,124,49,
lightskyblue,124,50,
lightskyblue,144,47,
lightskyblue,144,48,
lightskyblue,144,49,
lightskyblue,144,50,
lightskyblue,164,47,
lightskyblue,164,48,
lightskyblue,164,49,
lightskyblue,164,50,
lightskyblue,65,47,
lightskyblue,65,48,
lightskyblue,65,49,
lightskyblue,65,50,
lightskyblue,85,47,
lightskyblue,85,48,
lightskyblue,85,49,
lightskyblue,85,50,
lightskyblue,105,47,
lightskyblue,105,48,
lightskyblue,105,49,
lightskyblue,105,50,
lightskyblue,125,47,
lightskyblue,125,48,
lightskyblue,125,49,
lightskyblue,125,50,
lightskyblue,145,47,
lightskyblue,145,48,
lightskyblue,145,49,
lightskyblue,145,50,
lightskyblue,165,47,
lightskyblue,165,48,
lightskyblue,165,49,
lightskyblue,165,50,
lightskyblue,66,47,
lightskyblue,66,48,
lightskyblue,66,49,
lightskyblue,66,50,
lightskyblue,86,47,
lightskyblue,86,48,
lightskyblue,86,49,
lightskyblue,86,50,
lightskyblue,106,47,
lightskyblue,106,48,
lightskyblue,106,49,
lightskyblue,106,50,
lightskyblue,126,47,
lightskyblue,126,48,
lightskyblue,126,49,
lightskyblue,126,50,
lightskyblue,146,47,
lightskyblue,146,48,
lightskyblue,146,49,
lightskyblue,146,50,
lightskyblue,166,47,
lightskyblue,166,48,
lightskyblue,166,49,
lightskyblue,166,50,
lightskyblue,67,47,
lightskyblue,67,48,
lightskyblue,67,49,
lightskyblue,67,50,
lightskyblue,87,47,
lightskyblue,87,48,
lightskyblue,87,49,
lightskyblue,87,50,
lightskyblue,107,47,
lightskyblue,107,48,
lightskyblue,107,49,
lightskyblue,107,50,
lightskyblue,127,47,
lightskyblue,127,48,
lightskyblue,127,49,
lightskyblue,127,50,
lightskyblue,147,47,
lightskyblue,147,48,
lightskyblue,147,49,
lightskyblue,147,50,
lightskyblue,167,47,
lightskyblue,167,48,
lightskyblue,167,49,
lightskyblue,167,50,
lightskyblue,68,47,
lightskyblue,68,48,
lightskyblue,68,49,
lightskyblue,68,50,
lightskyblue,88,47,
lightskyblue,88,48,
lightskyblue,88,49,
lightskyblue,88,50,
lightskyblue,108,47,
lightskyblue,108,48,
lightskyblue,108,49,
lightskyblue,108,50,
lightskyblue,128,47,
lightskyblue,128,48,
lightskyblue,128,49,
lightskyblue,128,50,
lightskyblue,148,47,
lightskyblue,148,48,
lightskyblue,148,49,
lightskyblue,148,50,
lightskyblue,168,47,
lightskyblue,168,48,
lightskyblue,168,49,
lightskyblue,168,50,
lightskyblue,69,47,
lightskyblue,69,48,
lightskyblue,69,49,
lightskyblue,69,50,
lightskyblue,89,47,
lightskyblue,89,48,
lightskyblue,89,49,
lightskyblue,89,50,
lightskyblue,109,47,
lightskyblue,109,48,
lightskyblue,109,49,
lightskyblue,109,50,
lightskyblue,129,47,
lightskyblue,129,48,
lightskyblue,129,49,
lightskyblue,129,50,
lightskyblue,149,47,
lightskyblue,149,48,
lightskyblue,149,49,
lightskyblue,149,50,
lightskyblue,169,47,
lightskyblue,169,48,
lightskyblue,169,49,
lightskyblue,169,50,
lightskyblue,70,47,
lightskyblue,70,48,
lightskyblue,70,49,
lightskyblue,70,50,
lightskyblue,90,47,
lightskyblue,90,48,
lightskyblue,90,49,
lightskyblue,90,50,
lightskyblue,110,47,
lightskyblue,110,48,
lightskyblue,110,49,
lightskyblue,110,50,
lightskyblue,130,47,
lightskyblue,130,48,
lightskyblue,130,49,
lightskyblue,130,50,
lightskyblue,150,47,
lightskyblue,150,48,
lightskyblue,150,49,
lightskyblue,150,50,
lightskyblue,170,47,
lightskyblue,170,48,
lightskyblue,170,49,
lightskyblue,170,50,
lightskyblue,71,47,
lightskyblue,71,48,
lightskyblue,71,49,
lightskyblue,71,50,
lightskyblue,91,47,
lightskyblue,91,48,
lightskyblue,91,49,
lightskyblue,91,50,
lightskyblue,111,47,
lightskyblue,111,48,
lightskyblue,111,49,
lightskyblue,111,50,
lightskyblue,131,47,
lightskyblue,131,48,
lightskyblue,131,49,
lightskyblue,131,50,
lightskyblue,151,47,
lightskyblue,151,48,
lightskyblue,151,49,
lightskyblue,151,50,
lightskyblue,171,47,
lightskyblue,171,48,
lightskyblue,171,49,
lightskyblue,171,50,
lightskyblue,72,47,
lightskyblue,72,48,
lightskyblue,72,49,
lightskyblue,72,50,
lightskyblue,92,47,
lightskyblue,92,48,
lightskyblue,92,49,
lightskyblue,92,50,
lightskyblue,112,47,
lightskyblue,112,48,
lightskyblue,112,49,
lightskyblue,112,50,
lightskyblue,132,47,
lightskyblue,132,48,
lightskyblue,132,49,
lightskyblue,132,50,
lightskyblue,152,47,
lightskyblue,152,48,
lightskyblue,152,49,
lightskyblue,152,50,
lightskyblue,172,47,
lightskyblue,172,48,
lightskyblue,172,49,
lightskyblue,172,50,
lightskyblue,73,47,
lightskyblue,73,48,
lightskyblue,73,49,
lightskyblue,73,50,
lightskyblue,93,47,
lightskyblue,93,48,
lightskyblue,93,49,
lightskyblue,93,50,
lightskyblue,113,47,
lightskyblue,113,48,
lightskyblue,113,49,
lightskyblue,113,50,
lightskyblue,133,47,
lightskyblue,133,48,
lightskyblue,133,49,
lightskyblue,133,50,
lightskyblue,153,47,
lightskyblue,153,48,
lightskyblue,153,49,
lightskyblue,153,50,
lightskyblue,173,47,
lightskyblue,173,48,
lightskyblue,173,49,
lightskyblue,173,50,
lightskyblue,56,52,
lightskyblue,56,53,
lightskyblue,56,54,
lightskyblue,56,55,
lightskyblue,76,52,
lightskyblue,76,53,
lightskyblue,76,54,
lightskyblue,76,55,
lightskyblue,96,52,
lightskyblue,96,53,
lightskyblue,96,54,
lightskyblue,96,55,
lightskyblue,116,52,
lightskyblue,116,53,
lightskyblue,116,54,
lightskyblue,116,55,
lightskyblue,136,52,
lightskyblue,136,53,
lightskyblue,136,54,
lightskyblue,136,55,
lightskyblue,156,52,
lightskyblue,156,53,
lightskyblue,156,54,
lightskyblue,156,55,
lightskyblue,57,52,
lightskyblue,57,53,
lightskyblue,57,54,
lightskyblue,57,55,
lightskyblue,77,52,
lightskyblue,77,53,
lightskyblue,77,54,
lightskyblue,77,55,
lightskyblue,97,52,
lightskyblue,97,53,
lightskyblue,97,54,
lightskyblue,97,55,
lightskyblue,117,52,
lightskyblue,117,53,
lightskyblue,117,54,
lightskyblue,117,55,
lightskyblue,137,52,
lightskyblue,137,53,
lightskyblue,137,54,
lightskyblue,137,55,
lightskyblue,157,52,
lightskyblue,157,53,
lightskyblue,157,54,
lightskyblue,157,55,
lightskyblue,58,52,
lightskyblue,58,53,
lightskyblue,58,54,
lightskyblue,58,55,
lightskyblue,78,52,
lightskyblue,78,53,
lightskyblue,78,54,
lightskyblue,78,55,
lightskyblue,98,52,
lightskyblue,98,53,
lightskyblue,98,54,
lightskyblue,98,55,
lightskyblue,118,52,
lightskyblue,118,53,
lightskyblue,118,54,
lightskyblue,118,55,
lightskyblue,138,52,
lightskyblue,138,53,
lightskyblue,138,54,
lightskyblue,138,55,
lightskyblue,158,52,
lightskyblue,158,53,
lightskyblue,158,54,
lightskyblue,158,55,
lightskyblue,59,52,
lightskyblue,59,53,
lightskyblue,59,54,
lightskyblue,59,55,
lightskyblue,79,52,
lightskyblue,79,53,
lightskyblue,79,54,
lightskyblue,79,55,
lightskyblue,99,52,
lightskyblue,99,53,
lightskyblue,99,54,
lightskyblue,99,55,
lightskyblue,119,52,
lightskyblue,119,53,
lightskyblue,119,54,
lightskyblue,119,55,
lightskyblue,139,52,
lightskyblue,139,53,
lightskyblue,139,54,
lightskyblue,139,55,
lightskyblue,159,52,
lightskyblue,159,53,
lightskyblue,159,54,
lightskyblue,159,55,
lightskyblue,60,52,
lightskyblue,60,53,
lightskyblue,60,54,
lightskyblue,60,55,
lightskyblue,80,52,
lightskyblue,80,53,
lightskyblue,80,54,
lightskyblue,80,55,
lightskyblue,100,52,
lightskyblue,100,53,
lightskyblue,100,54,
lightskyblue,100,55,
lightskyblue,120,52,
lightskyblue,120,53,
lightskyblue,120,54,
lightskyblue,120,55,
lightskyblue,140,52,
lightskyblue,140,53,
lightskyblue,140,54,
lightskyblue,140,55,
lightskyblue,160,52,
lightskyblue,160,53,
lightskyblue,160,54,
lightskyblue,160,55,
lightskyblue,61,52,
lightskyblue,61,53,
lightskyblue,61,54,
lightskyblue,61,55,
lightskyblue,81,52,
lightskyblue,81,53,
lightskyblue,81,54,
lightskyblue,81,55,
lightskyblue,101,52,
lightskyblue,101,53,
lightskyblue,101,54,
lightskyblue,101,55,
lightskyblue,121,52,
lightskyblue,121,53,
lightskyblue,121,54,
lightskyblue,121,55,
lightskyblue,141,52,
lightskyblue,141,53,
lightskyblue,141,54,
lightskyblue,141,55,
lightskyblue,161,52,
lightskyblue,161,53,
lightskyblue,161,54,
lightskyblue,161,55,
lightskyblue,62,52,
lightskyblue,62,53,
lightskyblue,62,54,
lightskyblue,62,55,
lightskyblue,82,52,
lightskyblue,82,53,
lightskyblue,82,54,
lightskyblue,82,55,
lightskyblue,102,52,
lightskyblue,102,53,
lightskyblue,102,54,
lightskyblue,102,55,
lightskyblue,122,52,
lightskyblue,122,53,
lightskyblue,122,54,
lightskyblue,122,55,
lightskyblue,142,52,
lightskyblue,142,53,
lightskyblue,142,54,
lightskyblue,142,55,
lightskyblue,162,52,
lightskyblue,162,53,
lightskyblue,162,54,
lightskyblue,162,55,
lightskyblue,63,52,
lightskyblue,63,53,
lightskyblue,63,54,
lightskyblue,63,55,
lightskyblue,83,52,
lightskyblue,83,53,
lightskyblue,83,54,
lightskyblue,83,55,
lightskyblue,103,52,
lightskyblue,103,53,
lightskyblue,103,54,
lightskyblue,103,55,
lightskyblue,123,52,
lightskyblue,123,53,
lightskyblue,123,54,
lightskyblue,123,55,
lightskyblue,143,52,
lightskyblue,143,53,
lightskyblue,143,54,
lightskyblue,143,55,
lightskyblue,163,52,
lightskyblue,163,53,
lightskyblue,163,54,
lightskyblue,163,55,
lightskyblue,64,52,
lightskyblue,64,53,
lightskyblue,64,54,
lightskyblue,64,55,
lightskyblue,84,52,
lightskyblue,84,53,
lightskyblue,84,54,
lightskyblue,84,55,
lightskyblue,104,52,
lightskyblue,104,53,
lightskyblue,104,54,
lightskyblue,104,55,
lightskyblue,124,52,
lightskyblue,124,53,
lightskyblue,124,54,
lightskyblue,124,55,
lightskyblue,144,52,
lightskyblue,144,53,
lightskyblue,144,54,
lightskyblue,144,55,
lightskyblue,164,52,
lightskyblue,164,53,
lightskyblue,164,54,
lightskyblue,164,55,
lightskyblue,65,52,
lightskyblue,65,53,
lightskyblue,65,54,
lightskyblue,65,55,
lightskyblue,85,52,
lightskyblue,85,53,
lightskyblue,85,54,
lightskyblue,85,55,
lightskyblue,105,52,
lightskyblue,105,53,
lightskyblue,105,54,
lightskyblue,105,55,
lightskyblue,125,52,
lightskyblue,125,53,
lightskyblue,125,54,
lightskyblue,125,55,
lightskyblue,145,52,
lightskyblue,145,53,
lightskyblue,145,54,
lightskyblue,145,55,
lightskyblue,165,52,
lightskyblue,165,53,
lightskyblue,165,54,
lightskyblue,165,55,
lightskyblue,66,52,
lightskyblue,66,53,
lightskyblue,66,54,
lightskyblue,66,55,
lightskyblue,86,52,
lightskyblue,86,53,
lightskyblue,86,54,
lightskyblue,86,55,
lightskyblue,106,52,
lightskyblue,106,53,
lightskyblue,106,54,
lightskyblue,106,55,
lightskyblue,126,52,
lightskyblue,126,53,
lightskyblue,126,54,
lightskyblue,126,55,
lightskyblue,146,52,
lightskyblue,146,53,
lightskyblue,146,54,
lightskyblue,146,55,
lightskyblue,166,52,
lightskyblue,166,53,
lightskyblue,166,54,
lightskyblue,166,55,
lightskyblue,67,52,
lightskyblue,67,53,
lightskyblue,67,54,
lightskyblue,67,55,
lightskyblue,87,52,
lightskyblue,87,53,
lightskyblue,87,54,
lightskyblue,87,55,
lightskyblue,107,52,
lightskyblue,107,53,
lightskyblue,107,54,
lightskyblue,107,55,
lightskyblue,127,52,
lightskyblue,127,53,
lightskyblue,127,54,
lightskyblue,127,55,
lightskyblue,147,52,
lightskyblue,147,53,
lightskyblue,147,54,
lightskyblue,147,55,
lightskyblue,167,52,
lightskyblue,167,53,
lightskyblue,167,54,
lightskyblue,167,55,
lightskyblue,68,52,
lightskyblue,68,53,
lightskyblue,68,54,
lightskyblue,68,55,
lightskyblue,88,52,
lightskyblue,88,53,
lightskyblue,88,54,
lightskyblue,88,55,
lightskyblue,108,52,
lightskyblue,108,53,
lightskyblue,108,54,
lightskyblue,108,55,
lightskyblue,128,52,
lightskyblue,128,53,
lightskyblue,128,54,
lightskyblue,128,55,
lightskyblue,148,52,
lightskyblue,148,53,
lightskyblue,148,54,
lightskyblue,148,55,
lightskyblue,168,52,
lightskyblue,168,53,
lightskyblue,168,54,
lightskyblue,168,55,
lightskyblue,69,52,
lightskyblue,69,53,
lightskyblue,69,54,
lightskyblue,69,55,
lightskyblue,89,52,
lightskyblue,89,53,
lightskyblue,89,54,
lightskyblue,89,55,
lightskyblue,109,52,
lightskyblue,109,53,
lightskyblue,109,54,
lightskyblue,109,55,
lightskyblue,129,52,
lightskyblue,129,53,
lightskyblue,129,54,
lightskyblue,129,55,
lightskyblue,149,52,
lightskyblue,149,53,
lightskyblue,149,54,
lightskyblue,149,55,
lightskyblue,169,52,
lightskyblue,169,53,
lightskyblue,169,54,
lightskyblue,169,55,
lightskyblue,70,52,
lightskyblue,70,53,
lightskyblue,70,54,
lightskyblue,70,55,
lightskyblue,90,52,
lightskyblue,90,53,
lightskyblue,90,54,
lightskyblue,90,55,
lightskyblue,110,52,
lightskyblue,110,53,
lightskyblue,110,54,
lightskyblue,110,55,
lightskyblue,130,52,
lightskyblue,130,53,
lightskyblue,130,54,
lightskyblue,130,55,
lightskyblue,150,52,
lightskyblue,150,53,
lightskyblue,150,54,
lightskyblue,150,55,
lightskyblue,170,52,
lightskyblue,170,53,
lightskyblue,170,54,
lightskyblue,170,55,
lightskyblue,71,52,
lightskyblue,71,53,
lightskyblue,71,54,
lightskyblue,71,55,
lightskyblue,91,52,
lightskyblue,91,53,
lightskyblue,91,54,
lightskyblue,91,55,
lightskyblue,111,52,
lightskyblue,111,53,
lightskyblue,111,54,
lightskyblue,111,55,
lightskyblue,131,52,
lightskyblue,131,53,
lightskyblue,131,54,
lightskyblue,131,55,
lightskyblue,151,52,
lightskyblue,151,53,
lightskyblue,151,54,
lightskyblue,151,55,
lightskyblue,171,52,
lightskyblue,171,53,
lightskyblue,171,54,
lightskyblue,171,55,
lightskyblue,72,52,
lightskyblue,72,53,
lightskyblue,72,54,
lightskyblue,72,55,
lightskyblue,92,52,
lightskyblue,92,53,
lightskyblue,92,54,
lightskyblue,92,55,
lightskyblue,112,52,
lightskyblue,112,53,
lightskyblue,112,54,
lightskyblue,112,55,
lightskyblue,132,52,
lightskyblue,132,53,
lightskyblue,132,54,
lightskyblue,132,55,
lightskyblue,152,52,
lightskyblue,152,53,
lightskyblue,152,54,
lightskyblue,152,55,
lightskyblue,172,52,
lightskyblue,172,53,
lightskyblue,172,54,
lightskyblue,172,55,
lightskyblue,73,52,
lightskyblue,73,53,
lightskyblue,73,54,
lightskyblue,73,55,
lightskyblue,93,52,
lightskyblue,93,53,
lightskyblue,93,54,
lightskyblue,93,55,
lightskyblue,113,52,
lightskyblue,113,53,
lightskyblue,113,54,
lightskyblue,113,55,
lightskyblue,133,52,
lightskyblue,133,53,
lightskyblue,133,54,
lightskyblue,133,55,
lightskyblue,153,52,
lightskyblue,153,53,
lightskyblue,153,54,
lightskyblue,153,55,
lightskyblue,173,52,
lightskyblue,173,53,
lightskyblue,173,54,
lightskyblue,173,55,
lightskyblue,74,46,
lightskyblue,74,47,
lightskyblue,74,48,
lightskyblue,74,49,
lightskyblue,94,46,
lightskyblue,94,47,
lightskyblue,94,48,
lightskyblue,94,49,
lightskyblue,114,46,
lightskyblue,114,47,
lightskyblue,114,48,
lightskyblue,114,49,
lightskyblue,134,46,
lightskyblue,134,47,
lightskyblue,134,48,
lightskyblue,134,49,
lightskyblue,154,46,
lightskyblue,154,47,
lightskyblue,154,48,
lightskyblue,154,49,
lightskyblue,174,46,
lightskyblue,174,47,
lightskyblue,174,48,
lightskyblue,174,49,
lightskyblue,74,46,
lightskyblue,74,47,
lightskyblue,74,48,
lightskyblue,74,49,
lightskyblue,94,46,
lightskyblue,94,47,
lightskyblue,94,48,
lightskyblue,94,49,
lightskyblue,114,46,
lightskyblue,114,47,
lightskyblue,114,48,
lightskyblue,114,49,
lightskyblue,134,46,
lightskyblue,134,47,
lightskyblue,134,48,
lightskyblue,134,49,
lightskyblue,154,46,
lightskyblue,154,47,
lightskyblue,154,48,
lightskyblue,154,49,
lightskyblue,174,46,
lightskyblue,174,47,
lightskyblue,174,48,
lightskyblue,174,49,
lightskyblue,74,46,
lightskyblue,74,47,
lightskyblue,74,48,
lightskyblue,74,49,
lightskyblue,94,46,
lightskyblue,94,47,
lightskyblue,94,48,
lightskyblue,94,49,
lightskyblue,114,46,
lightskyblue,114,47,
lightskyblue,114,48,
lightskyblue,114,49,
lightskyblue,134,46,
lightskyblue,134,47,
lightskyblue,134,48,
lightskyblue,134,49,
lightskyblue,154,46,
lightskyblue,154,47,
lightskyblue,154,48,
lightskyblue,154,49,
lightskyblue,174,46,
lightskyblue,174,47,
lightskyblue,174,48,
lightskyblue,174,49,
lightskyblue,74,46,
lightskyblue,74,47,
lightskyblue,74,48,
lightskyblue,74,49,
lightskyblue,94,46,
lightskyblue,94,47,
lightskyblue,94,48,
lightskyblue,94,49,
lightskyblue,114,46,
lightskyblue,114,47,
lightskyblue,114,48,
lightskyblue,114,49,
lightskyblue,134,46,
lightskyblue,134,47,
lightskyblue,134,48,
lightskyblue,134,49,
lightskyblue,154,46,
lightskyblue,154,47,
lightskyblue,154,48,
lightskyblue,154,49,
lightskyblue,174,46,
lightskyblue,174,47,
lightskyblue,174,48,
lightskyblue,174,49,
lightskyblue,74,46,
lightskyblue,74,47,
lightskyblue,74,48,
lightskyblue,74,49,
lightskyblue,94,46,
lightskyblue,94,47,
lightskyblue,94,48,
lightskyblue,94,49,
lightskyblue,114,46,
lightskyblue,114,47,
lightskyblue,114,48,
lightskyblue,114,49,
lightskyblue,134,46,
lightskyblue,134,47,
lightskyblue,134,48,
lightskyblue,134,49,
lightskyblue,154,46,
lightskyblue,154,47,
lightskyblue,154,48,
lightskyblue,154,49,
lightskyblue,174,46,
lightskyblue,174,47,
lightskyblue,174,48,
lightskyblue,174,49,
lightskyblue,74,46,
lightskyblue,74,47,
lightskyblue,74,48,
lightskyblue,74,49,
lightskyblue,94,46,
lightskyblue,94,47,
lightskyblue,94,48,
lightskyblue,94,49,
lightskyblue,114,46,
lightskyblue,114,47,
lightskyblue,114,48,
lightskyblue,114,49,
lightskyblue,134,46,
lightskyblue,134,47,
lightskyblue,134,48,
lightskyblue,134,49,
lightskyblue,154,46,
lightskyblue,154,47,
lightskyblue,154,48,
lightskyblue,154,49,
lightskyblue,174,46,
lightskyblue,174,47,
lightskyblue,174,48,
lightskyblue,174,49,
lightskyblue,74,46,
lightskyblue,74,47,
lightskyblue,74,48,
lightskyblue,74,49,
lightskyblue,94,46,
lightskyblue,94,47,
lightskyblue,94,48,
lightskyblue,94,49,
lightskyblue,114,46,
lightskyblue,114,47,
lightskyblue,114,48,
lightskyblue,114,49,
lightskyblue,134,46,
lightskyblue,134,47,
lightskyblue,134,48,
lightskyblue,134,49,
lightskyblue,154,46,
lightskyblue,154,47,
lightskyblue,154,48,
lightskyblue,154,49,
lightskyblue,174,46,
lightskyblue,174,47,
lightskyblue,174,48,
lightskyblue,174,49,
lightskyblue,74,46,
lightskyblue,74,47,
lightskyblue,74,48,
lightskyblue,74,49,
lightskyblue,94,46,
lightskyblue,94,47,
lightskyblue,94,48,
lightskyblue,94,49,
lightskyblue,114,46,
lightskyblue,114,47,
lightskyblue,114,48,
lightskyblue,114,49,
lightskyblue,134,46,
lightskyblue,134,47,
lightskyblue,134,48,
lightskyblue,134,49,
lightskyblue,154,46,
lightskyblue,154,47,
lightskyblue,154,48,
lightskyblue,154,49,
lightskyblue,174,46,
lightskyblue,174,47,
lightskyblue,174,48,
lightskyblue,174,49,
lightskyblue,74,46,
lightskyblue,74,47,
lightskyblue,74,48,
lightskyblue,74,49,
lightskyblue,94,46,
lightskyblue,94,47,
lightskyblue,94,48,
lightskyblue,94,49,
lightskyblue,114,46,
lightskyblue,114,47,
lightskyblue,114,48,
lightskyblue,114,49,
lightskyblue,134,46,
lightskyblue,134,47,
lightskyblue,134,48,
lightskyblue,134,49,
lightskyblue,154,46,
lightskyblue,154,47,
lightskyblue,154,48,
lightskyblue,154,49,
lightskyblue,174,46,
lightskyblue,174,47,
lightskyblue,174,48,
lightskyblue,174,49,
lightskyblue,74,46,
lightskyblue,74,47,
lightskyblue,74,48,
lightskyblue,74,49,
lightskyblue,94,46,
lightskyblue,94,47,
lightskyblue,94,48,
lightskyblue,94,49,
lightskyblue,114,46,
lightskyblue,114,47,
lightskyblue,114,48,
lightskyblue,114,49,
lightskyblue,134,46,
lightskyblue,134,47,
lightskyblue,134,48,
lightskyblue,134,49,
lightskyblue,154,46,
lightskyblue,154,47,
lightskyblue,154,48,
lightskyblue,154,49,
lightskyblue,174,46,
lightskyblue,174,47,
lightskyblue,174,48,
lightskyblue,174,49,
lightskyblue,74,46,
lightskyblue,74,47,
lightskyblue,74,48,
lightskyblue,74,49,
lightskyblue,94,46,
lightskyblue,94,47,
lightskyblue,94,48,
lightskyblue,94,49,
lightskyblue,114,46,
lightskyblue,114,47,
lightskyblue,114,48,
lightskyblue,114,49,
lightskyblue,134,46,
lightskyblue,134,47,
lightskyblue,134,48,
lightskyblue,134,49,
lightskyblue,154,46,
lightskyblue,154,47,
lightskyblue,154,48,
lightskyblue,154,49,
lightskyblue,174,46,
lightskyblue,174,47,
lightskyblue,174,48,
lightskyblue,174,49,
lightskyblue,74,46,
lightskyblue,74,47,
lightskyblue,74,48,
lightskyblue,74,49,
lightskyblue,94,46,
lightskyblue,94,47,
lightskyblue,94,48,
lightskyblue,94,49,
lightskyblue,114,46,
lightskyblue,114,47,
lightskyblue,114,48,
lightskyblue,114,49,
lightskyblue,134,46,
lightskyblue,134,47,
lightskyblue,134,48,
lightskyblue,134,49,
lightskyblue,154,46,
lightskyblue,154,47,
lightskyblue,154,48,
lightskyblue,154,49,
lightskyblue,174,46,
lightskyblue,174,47,
lightskyblue,174,48,
lightskyblue,174,49,
lightskyblue,74,46,
lightskyblue,74,47,
lightskyblue,74,48,
lightskyblue,74,49,
lightskyblue,94,46,
lightskyblue,94,47,
lightskyblue,94,48,
lightskyblue,94,49,
lightskyblue,114,46,
lightskyblue,114,47,
lightskyblue,114,48,
lightskyblue,114,49,
lightskyblue,134,46,
lightskyblue,134,47,
lightskyblue,134,48,
lightskyblue,134,49,
lightskyblue,154,46,
lightskyblue,154,47,
lightskyblue,154,48,
lightskyblue,154,49,
lightskyblue,174,46,
lightskyblue,174,47,
lightskyblue,174,48,
lightskyblue,174,49,
lightskyblue,74,46,
lightskyblue,74,47,
lightskyblue,74,48,
lightskyblue,74,49,
lightskyblue,94,46,
lightskyblue,94,47,
lightskyblue,94,48,
lightskyblue,94,49,
lightskyblue,114,46,
lightskyblue,114,47,
lightskyblue,114,48,
lightskyblue,114,49,
lightskyblue,134,46,
lightskyblue,134,47,
lightskyblue,134,48,
lightskyblue,134,49,
lightskyblue,154,46,
lightskyblue,154,47,
lightskyblue,154,48,
lightskyblue,154,49,
lightskyblue,174,46,
lightskyblue,174,47,
lightskyblue,174,48,
lightskyblue,174,49,
lightskyblue,74,46,
lightskyblue,74,47,
lightskyblue,74,48,
lightskyblue,74,49,
lightskyblue,94,46,
lightskyblue,94,47,
lightskyblue,94,48,
lightskyblue,94,49,
lightskyblue,114,46,
lightskyblue,114,47,
lightskyblue,114,48,
lightskyblue,114,49,
lightskyblue,134,46,
lightskyblue,134,47,
lightskyblue,134,48,
lightskyblue,134,49,
lightskyblue,154,46,
lightskyblue,154,47,
lightskyblue,154,48,
lightskyblue,154,49,
lightskyblue,174,46,
lightskyblue,174,47,
lightskyblue,174,48,
lightskyblue,174,49,
lightskyblue,74,46,
lightskyblue,74,47,
lightskyblue,74,48,
lightskyblue,74,49,
lightskyblue,94,46,
lightskyblue,94,47,
lightskyblue,94,48,
lightskyblue,94,49,
lightskyblue,114,46,
lightskyblue,114,47,
lightskyblue,114,48,
lightskyblue,114,49,
lightskyblue,134,46,
lightskyblue,134,47,
lightskyblue,134,48,
lightskyblue,134,49,
lightskyblue,154,46,
lightskyblue,154,47,
lightskyblue,154,48,
lightskyblue,154,49,
lightskyblue,174,46,
lightskyblue,174,47,
lightskyblue,174,48,
lightskyblue,174,49,
lightskyblue,74,46,
lightskyblue,74,47,
lightskyblue,74,48,
lightskyblue,74,49,
lightskyblue,94,46,
lightskyblue,94,47,
lightskyblue,94,48,
lightskyblue,94,49,
lightskyblue,114,46,
lightskyblue,114,47,
lightskyblue,114,48,
lightskyblue,114,49,
lightskyblue,134,46,
lightskyblue,134,47,
lightskyblue,134,48,
lightskyblue,134,49,
lightskyblue,154,46,
lightskyblue,154,47,
lightskyblue,154,48,
lightskyblue,154,49,
lightskyblue,174,46,
lightskyblue,174,47,
lightskyblue,174,48,
lightskyblue,174,49,
lightskyblue,74,46,
lightskyblue,74,47,
lightskyblue,74,48,
lightskyblue,74,49,
lightskyblue,94,46,
lightskyblue,94,47,
lightskyblue,94,48,
lightskyblue,94,49,
lightskyblue,114,46,
lightskyblue,114,47,
lightskyblue,114,48,
lightskyblue,114,49,
lightskyblue,134,46,
lightskyblue,134,47,
lightskyblue,134,48,
lightskyblue,134,49,
lightskyblue,154,46,
lightskyblue,154,47,
lightskyblue,154,48,
lightskyblue,154,49,
lightskyblue,174,46,
lightskyblue,174,47,
lightskyblue,174,48,
lightskyblue,174,49,
lightskyblue,75,51,
lightskyblue,75,52,
lightskyblue,75,53,
lightskyblue,75,54,
lightskyblue,95,51,
lightskyblue,95,52,
lightskyblue,95,53,
lightskyblue,95,54,
lightskyblue,115,51,
lightskyblue,115,52,
lightskyblue,115,53,
lightskyblue,115,54,
lightskyblue,135,51,
lightskyblue,135,52,
lightskyblue,135,53,
lightskyblue,135,54,
lightskyblue,155,51,
lightskyblue,155,52,
lightskyblue,155,53,
lightskyblue,155,54,
lightskyblue,175,51,
lightskyblue,175,52,
lightskyblue,175,53,
lightskyblue,175,54,
lightskyblue,75,51,
lightskyblue,75,52,
lightskyblue,75,53,
lightskyblue,75,54,
lightskyblue,95,51,
lightskyblue,95,52,
lightskyblue,95,53,
lightskyblue,95,54,
lightskyblue,115,51,
lightskyblue,115,52,
lightskyblue,115,53,
lightskyblue,115,54,
lightskyblue,135,51,
lightskyblue,135,52,
lightskyblue,135,53,
lightskyblue,135,54,
lightskyblue,155,51,
lightskyblue,155,52,
lightskyblue,155,53,
lightskyblue,155,54,
lightskyblue,175,51,
lightskyblue,175,52,
lightskyblue,175,53,
lightskyblue,175,54,
lightskyblue,75,51,
lightskyblue,75,52,
lightskyblue,75,53,
lightskyblue,75,54,
lightskyblue,95,51,
lightskyblue,95,52,
lightskyblue,95,53,
lightskyblue,95,54,
lightskyblue,115,51,
lightskyblue,115,52,
lightskyblue,115,53,
lightskyblue,115,54,
lightskyblue,135,51,
lightskyblue,135,52,
lightskyblue,135,53,
lightskyblue,135,54,
lightskyblue,155,51,
lightskyblue,155,52,
lightskyblue,155,53,
lightskyblue,155,54,
lightskyblue,175,51,
lightskyblue,175,52,
lightskyblue,175,53,
lightskyblue,175,54,
lightskyblue,75,51,
lightskyblue,75,52,
lightskyblue,75,53,
lightskyblue,75,54,
lightskyblue,95,51,
lightskyblue,95,52,
lightskyblue,95,53,
lightskyblue,95,54,
lightskyblue,115,51,
lightskyblue,115,52,
lightskyblue,115,53,
lightskyblue,115,54,
lightskyblue,135,51,
lightskyblue,135,52,
lightskyblue,135,53,
lightskyblue,135,54,
lightskyblue,155,51,
lightskyblue,155,52,
lightskyblue,155,53,
lightskyblue,155,54,
lightskyblue,175,51,
lightskyblue,175,52,
lightskyblue,175,53,
lightskyblue,175,54,
lightskyblue,75,51,
lightskyblue,75,52,
lightskyblue,75,53,
lightskyblue,75,54,
lightskyblue,95,51,
lightskyblue,95,52,
lightskyblue,95,53,
lightskyblue,95,54,
lightskyblue,115,51,
lightskyblue,115,52,
lightskyblue,115,53,
lightskyblue,115,54,
lightskyblue,135,51,
lightskyblue,135,52,
lightskyblue,135,53,
lightskyblue,135,54,
lightskyblue,155,51,
lightskyblue,155,52,
lightskyblue,155,53,
lightskyblue,155,54,
lightskyblue,175,51,
lightskyblue,175,52,
lightskyblue,175,53,
lightskyblue,175,54,
lightskyblue,75,51,
lightskyblue,75,52,
lightskyblue,75,53,
lightskyblue,75,54,
lightskyblue,95,51,
lightskyblue,95,52,
lightskyblue,95,53,
lightskyblue,95,54,
lightskyblue,115,51,
lightskyblue,115,52,
lightskyblue,115,53,
lightskyblue,115,54,
lightskyblue,135,51,
lightskyblue,135,52,
lightskyblue,135,53,
lightskyblue,135,54,
lightskyblue,155,51,
lightskyblue,155,52,
lightskyblue,155,53,
lightskyblue,155,54,
lightskyblue,175,51,
lightskyblue,175,52,
lightskyblue,175,53,
lightskyblue,175,54,
lightskyblue,75,51,
lightskyblue,75,52,
lightskyblue,75,53,
lightskyblue,75,54,
lightskyblue,95,51,
lightskyblue,95,52,
lightskyblue,95,53,
lightskyblue,95,54,
lightskyblue,115,51,
lightskyblue,115,52,
lightskyblue,115,53,
lightskyblue,115,54,
lightskyblue,135,51,
lightskyblue,135,52,
lightskyblue,135,53,
lightskyblue,135,54,
lightskyblue,155,51,
lightskyblue,155,52,
lightskyblue,155,53,
lightskyblue,155,54,
lightskyblue,175,51,
lightskyblue,175,52,
lightskyblue,175,53,
lightskyblue,175,54,
lightskyblue,75,51,
lightskyblue,75,52,
lightskyblue,75,53,
lightskyblue,75,54,
lightskyblue,95,51,
lightskyblue,95,52,
lightskyblue,95,53,
lightskyblue,95,54,
lightskyblue,115,51,
lightskyblue,115,52,
lightskyblue,115,53,
lightskyblue,115,54,
lightskyblue,135,51,
lightskyblue,135,52,
lightskyblue,135,53,
lightskyblue,135,54,
lightskyblue,155,51,
lightskyblue,155,52,
lightskyblue,155,53,
lightskyblue,155,54,
lightskyblue,175,51,
lightskyblue,175,52,
lightskyblue,175,53,
lightskyblue,175,54,
lightskyblue,75,51,
lightskyblue,75,52,
lightskyblue,75,53,
lightskyblue,75,54,
lightskyblue,95,51,
lightskyblue,95,52,
lightskyblue,95,53,
lightskyblue,95,54,
lightskyblue,115,51,
lightskyblue,115,52,
lightskyblue,115,53,
lightskyblue,115,54,
lightskyblue,135,51,
lightskyblue,135,52,
lightskyblue,135,53,
lightskyblue,135,54,
lightskyblue,155,51,
lightskyblue,155,52,
lightskyblue,155,53,
lightskyblue,155,54,
lightskyblue,175,51,
lightskyblue,175,52,
lightskyblue,175,53,
lightskyblue,175,54,
lightskyblue,75,51,
lightskyblue,75,52,
lightskyblue,75,53,
lightskyblue,75,54,
lightskyblue,95,51,
lightskyblue,95,52,
lightskyblue,95,53,
lightskyblue,95,54,
lightskyblue,115,51,
lightskyblue,115,52,
lightskyblue,115,53,
lightskyblue,115,54,
lightskyblue,135,51,
lightskyblue,135,52,
lightskyblue,135,53,
lightskyblue,135,54,
lightskyblue,155,51,
lightskyblue,155,52,
lightskyblue,155,53,
lightskyblue,155,54,
lightskyblue,175,51,
lightskyblue,175,52,
lightskyblue,175,53,
lightskyblue,175,54,
lightskyblue,75,51,
lightskyblue,75,52,
lightskyblue,75,53,
lightskyblue,75,54,
lightskyblue,95,51,
lightskyblue,95,52,
lightskyblue,95,53,
lightskyblue,95,54,
lightskyblue,115,51,
lightskyblue,115,52,
lightskyblue,115,53,
lightskyblue,115,54,
lightskyblue,135,51,
lightskyblue,135,52,
lightskyblue,135,53,
lightskyblue,135,54,
lightskyblue,155,51,
lightskyblue,155,52,
lightskyblue,155,53,
lightskyblue,155,54,
lightskyblue,175,51,
lightskyblue,175,52,
lightskyblue,175,53,
lightskyblue,175,54,
lightskyblue,75,51,
lightskyblue,75,52,
lightskyblue,75,53,
lightskyblue,75,54,
lightskyblue,95,51,
lightskyblue,95,52,
lightskyblue,95,53,
lightskyblue,95,54,
lightskyblue,115,51,
lightskyblue,115,52,
lightskyblue,115,53,
lightskyblue,115,54,
lightskyblue,135,51,
lightskyblue,135,52,
lightskyblue,135,53,
lightskyblue,135,54,
lightskyblue,155,51,
lightskyblue,155,52,
lightskyblue,155,53,
lightskyblue,155,54,
lightskyblue,175,51,
lightskyblue,175,52,
lightskyblue,175,53,
lightskyblue,175,54,
lightskyblue,75,51,
lightskyblue,75,52,
lightskyblue,75,53,
lightskyblue,75,54,
lightskyblue,95,51,
lightskyblue,95,52,
lightskyblue,95,53,
lightskyblue,95,54,
lightskyblue,115,51,
lightskyblue,115,52,
lightskyblue,115,53,
lightskyblue,115,54,
lightskyblue,135,51,
lightskyblue,135,52,
lightskyblue,135,53,
lightskyblue,135,54,
lightskyblue,155,51,
lightskyblue,155,52,
lightskyblue,155,53,
lightskyblue,155,54,
lightskyblue,175,51,
lightskyblue,175,52,
lightskyblue,175,53,
lightskyblue,175,54,
lightskyblue,75,51,
lightskyblue,75,52,
lightskyblue,75,53,
lightskyblue,75,54,
lightskyblue,95,51,
lightskyblue,95,52,
lightskyblue,95,53,
lightskyblue,95,54,
lightskyblue,115,51,
lightskyblue,115,52,
lightskyblue,115,53,
lightskyblue,115,54,
lightskyblue,135,51,
lightskyblue,135,52,
lightskyblue,135,53,
lightskyblue,135,54,
lightskyblue,155,51,
lightskyblue,155,52,
lightskyblue,155,53,
lightskyblue,155,54,
lightskyblue,175,51,
lightskyblue,175,52,
lightskyblue,175,53,
lightskyblue,175,54,
lightskyblue,75,51,
lightskyblue,75,52,
lightskyblue,75,53,
lightskyblue,75,54,
lightskyblue,95,51,
lightskyblue,95,52,
lightskyblue,95,53,
lightskyblue,95,54,
lightskyblue,115,51,
lightskyblue,115,52,
lightskyblue,115,53,
lightskyblue,115,54,
lightskyblue,135,51,
lightskyblue,135,52,
lightskyblue,135,53,
lightskyblue,135,54,
lightskyblue,155,51,
lightskyblue,155,52,
lightskyblue,155,53,
lightskyblue,155,54,
lightskyblue,175,51,
lightskyblue,175,52,
lightskyblue,175,53,
lightskyblue,175,54,
lightskyblue,75,51,
lightskyblue,75,52,
lightskyblue,75,53,
lightskyblue,75,54,
lightskyblue,95,51,
lightskyblue,95,52,
lightskyblue,95,53,
lightskyblue,95,54,
lightskyblue,115,51,
lightskyblue,115,52,
lightskyblue,115,53,
lightskyblue,115,54,
lightskyblue,135,51,
lightskyblue,135,52,
lightskyblue,135,53,
lightskyblue,135,54,
lightskyblue,155,51,
lightskyblue,155,52,
lightskyblue,155,53,
lightskyblue,155,54,
lightskyblue,175,51,
lightskyblue,175,52,
lightskyblue,175,53,
lightskyblue,175,54,
lightskyblue,75,51,
lightskyblue,75,52,
lightskyblue,75,53,
lightskyblue,75,54,
lightskyblue,95,51,
lightskyblue,95,52,
lightskyblue,95,53,
lightskyblue,95,54,
lightskyblue,115,51,
lightskyblue,115,52,
lightskyblue,115,53,
lightskyblue,115,54,
lightskyblue,135,51,
lightskyblue,135,52,
lightskyblue,135,53,
lightskyblue,135,54,
lightskyblue,155,51,
lightskyblue,155,52,
lightskyblue,155,53,
lightskyblue,155,54,
lightskyblue,175,51,
lightskyblue,175,52,
lightskyblue,175,53,
lightskyblue,175,54,
lightskyblue,75,51,
lightskyblue,75,52,
lightskyblue,75,53,
lightskyblue,75,54,
lightskyblue,95,51,
lightskyblue,95,52,
lightskyblue,95,53,
lightskyblue,95,54,
lightskyblue,115,51,
lightskyblue,115,52,
lightskyblue,115,53,
lightskyblue,115,54,
lightskyblue,135,51,
lightskyblue,135,52,
lightskyblue,135,53,
lightskyblue,135,54,
lightskyblue,155,51,
lightskyblue,155,52,
lightskyblue,155,53,
lightskyblue,155,54,
lightskyblue,175,51,
lightskyblue,175,52,
lightskyblue,175,53,
lightskyblue,175,54,
