0
0
0,74
0
0,57,669
0
0,60
0
0
0
0,367,166
0,210,410
0,628,794,604,652,708,746,815,673,697,732,770
0,40,56,32,53,48,36,44,59,50
0,67,46,70,42,34,73,64,62,38
0
0
0
0
0
0
0,249,448
0,54,718
0
0,51
0,607,701,666,749,333,725,773,286,489,797,655,808,631
0,811,71,704
0,683,68
0,65
1,892
1,894
1,32
1,892
1,34
1,892
1,36
1,893
1,38
1,893
1,40
1,892
1,42
1,892
1,44
1,891
1,46
1,891
2,48
2
2,50
2,51
2
2,53
2,54
2
2,56
2,57
2
2,59
2,60
2
2,62
2
2,64
2,65
2
2,67
2,68
2
2,70
2,71
2
2,73
2,74
2
3,609,168,174,189,171,613,177
3,169,193
3,593,603,191,165,595,597,600,606,163
3,183,181,201
3,184,186,203
3,610,180,205
3,614,178,199,187
3,601,175,197
3,172,598,195
3,75,515,204,80,192,83,188,162,79,514,516,81,179,196,874,167,164,185,170,78,519,517,76,77,176,82,198,190,173,200,182,202,520,194,513,518
3,215,221,230,212,218,633,637
3,213,234
3,621,207,624,619,232,209,627,630,617
3,227,225,242
3,244,224,634
3,638,228,222,240
3,238,625,219
3,622,236,216
3,206,211,226,875,524,237,86,243,208,88,217,528,220,87,522,526,523,214,527,525,229,91,90,521,223,89,85,235,239,241,231,233,92
3,266,661,260,257,657,251,254
3,252,270
3,246,248,648,654,643,641,645,651,268
3,263,278,658
3,261,264,662,276
3,258,274,649
3,255,646,272
3,94,532,265,269,256,250,529,876,98,247,530,273,262,259,95,267,271,277,97,96,534,100,535,245,531,536,253,533,275,99
3,290,282
3,676,283,292
3,665,672,675,285,668,878,288,280
3,289,284,279,537,102,540,877,104,287,103,291,538,281,539
3,312
3,690,320,308
3,302,316,694
3,314,680,297,299
3,687,305,318,307
3,294,880,686,693,689,310,696,304,682,301,679,296
3,110,319,546,107,545,106,298,111,303,300,541,309,108,544,315,879,295,542,317,543,306,313,109,293,311
3,324,337
3,711,325,339
3,330,341,328
3,327,707,322,710,332,703,335,700
3,113,331,329,340,550,547,115,549,881,116,548,336,323,114,338,326,334,321
3,356
3,352,729,360
3,358,346,715
3,349,722,362
3,728,351,731,343,345,354,721,724,883,348,714,717
3,552,120,355,556,882,350,353,357,359,361,342,551,118,121,347,554,553,122,119,344,555
3,389,755,751,377,369,371,374
3,393
3,391,739,745,735,742,366,737,364,748
3,381,401,383
3,386,403,384
3,752,405,380
3,399,756,387,378
3,743,397,375
3,372,740,395
3,404,561,558,128,365,132,131,884,370,563,390,379,398,363,402,124,373,564,368,557,562,376,392,559,130,560,126,385,400,396,125,382,127,388,129,394
3,417,412,414,429,420,779,775
3,433
3,766,759,409,769,772,407,761,763,431
3,441,424,426
3,776,423,443
3,421,439,427,780
3,418,437,767
3,764,435,415
3,135,438,137,416,139,428,885,413,568,570,422,419,140,571,436,408,567,141,406,440,566,425,572,430,136,569,565,138,134,434,411,432,442
3,464,458,455,803,452,450,799
3,468
3,445,796,447,466,783,787,793,785,790
3,800,461,476
3,804,474,462,459
3,791,456,472
3,788,470,453
3,463,574,576,578,145,469,471,473,449,444,147,457,149,575,144,451,573,577,454,148,467,446,465,460,580,143,579,475,146,886
3,480,493
3,481,495,818
3,484,497,486
3,491,888,488,810,817,814,483,478,807
3,582,154,583,153,494,490,584,492,482,477,487,887,151,152,479,496,581,485
3,503,826,821,501
3,499,827,505,824
3,500,502,504,586,585,889,157,156,587,498
3,510,832,829,507
3,512,508,833,835
3,160,589,506,588,159,511,590,890,509
4,163
4
4,165
4,166
4
4,168
4,169
4
4,171
4,172
4
4,174
4,175
4
4,177
4,178
4
4,180
4,181
4
4,183
4,184
4
4,186
4,187
4
4,189
4
4,191
4
4,193
4
4,195
4
4,197
4
4,199
4
4,201
4
4,203
4
4,205
4
4,207
4
4,209
4,210
4
4,212
4,213
4
4,215
4,216
4
4,218
4,219
4
4,221
4,222
4
4,224
4,225
4
4,227
4,228
4
4,230
4
4,232
4
4,234
4
4,236
4
4,238
4
4,240
4
4,242
4
4,244
4
4,246
4
4,248
4,249
4
4,251
4,252
4
4,254
4,255
4
4,257
4,258
4
4,260
4,261
4
4,263
4,264
4
4,266
4
4,268
4
4,270
4
4,272
4
4,274
4
4,276
4
4,278
4
4,280
4
4,282
4,283
4
4,285
4,286
4
4,288
4
4,290
4
4,292
4
4,294
4
4,296
4,297
4
4,299
4
4,301
4,302
4
4,304
4,305
4
4,307
4,308
4
4,310
4
4,312
4
4,314
4
4,316
4
4,318
4
4,320
4
4,322
4
4,324
4,325
4
4,327
4,328
4
4,330
4
4,332
4,333
4
4,335
4
4,337
4
4,339
4
4,341
4
4,343
4
4,345
4,346
4
4,348
4,349
4
4,351
4,352
4
4,354
4
4,356
4
4,358
4
4,360
4
4,362
4
4,364
4
4,366
4,367
4
4,369
4
4,371
4,372
4
4,374
4,375
4
4,377
4,378
4
4,380
4,381
4
4,383
4,384
4
4,386
4,387
4
4,389
4
4,391
4
4,393
4
4,395
4
4,397
4
4,399
4
4,401
4
4,403
4
4,405
4
4,407
4
4,409
4,410
4
4,412
4
4,414
4,415
4
4,417
4,418
4
4,420
4,421
4
4,423
4,424
4
4,426
4,427
4
4,429
4
4,431
4
4,433
4
4,435
4
4,437
4
4,439
4
4,441
4
4,443
4
4,445
4
4,447
4,448
4
4,450
4
4,452
4,453
4
4,455
4,456
4
4,458
4,459
4
4,461
4,462
4
4,464
4
4,466
4
4,468
4
4,470
4
4,472
4
4,474
4
4,476
4
4,478
4
4,480
4,481
4
4,483
4,484
4
4,486
4
4,488
4,489
4
4,491
4
4,493
4
4,495
4
4,497
4
4,499
4
4,501
4
4,503
4
4,505
4
4,507
4,508
4
4,510
4
4,512
4
5,591
5,594
5,596
5,599
5,602
5,605
5,608
5,611
5,615
5,618
5,620
5,623
5,626
5,629
5,632
5,635
5,639
5,642
5,644
5,647
5,650
5,653
5,656
5,659
5,663
5,667
5,670
5,674
5,677
5,681
5,684
5,688
5,691
5,695
5,698
5,702
5,705
5,709
5,712
5,716
5,719
5,723
5,726
5,730
5,733
5,736
5,738
5,741
5,744
5,747
5,750
5,753
5,757
5,760
5,762
5,765
5,768
5,771
5,774
5,777
5,781
5,784
5,786
5,789
5,792
5,795
5,798
5,801
5,805
5,809
5,812
5,816
5,819
5,822
5,825
5,828
5,830
5,834
6,592
6,593
6
6,595
6
6,597
6,598
6
6,600
6,601
6
6,603
6,604
6
6,606
6,607
6
6,609
6,610
6
6,612
6,613
6,614
6
6,616
6,617
6
6,619
6
6,621
6,622
6
6,624
6,625
6
6,627
6,628
6
6,630
6,631
6
6,633
6,634
6
6,636
6,637
6,638
6
6,640
6,641
6
6,643
6
6,645
6,646
6
6,648
6,649
6
6,651
6,652
6
6,654
6,655
6
6,657
6,658
6
6,660
6,661
6,662
6
6,664
6,665
6,666
6
6,668
6,669
6
6,671
6,672
6,673
6
6,675
6,676
6
6,678
6,679
6,680
6
6,682
6,683
6
6,685
6,686
6,687
6
6,689
6,690
6
6,692
6,693
6,694
6
6,696
6,697
6
6,699
6,700
6,701
6
6,703
6,704
6
6,706
6,707
6,708
6
6,710
6,711
6
6,713
6,714
6,715
6
6,717
6,718
6
6,720
6,721
6,722
6
6,724
6,725
6
6,727
6,728
6,729
6
6,731
6,732
6
6,734
6,735
6
6,737
6
6,739
6,740
6
6,742
6,743
6
6,745
6,746
6
6,748
6,749
6
6,751
6,752
6
6,754
6,755
6,756
6
6,758
6,759
6
6,761
6
6,763
6,764
6
6,766
6,767
6
6,769
6,770
6
6,772
6,773
6
6,775
6,776
6
6,778
6,779
6,780
6
6,782
6,783
6
6,785
6
6,787
6,788
6
6,790
6,791
6
6,793
6,794
6
6,796
6,797
6
6,799
6,800
6
6,802
6,803
6,804
6
6,806
6,807
6,808
6
6,810
6,811
6
6,813
6,814
6,815
6
6,817
6,818
6
6,820
6,821
6
6,823
6,824
6
6,826
6,827
6
6,829
6
6,831
6,832
6,833
6
6,835
6
14,874,881,876,29,890,875
14,30,889,885,884,886
14,877,33,31
14,879,37,35
14,882,39,41
14,45,887,43
12,500,47,279,760,828,293,411,618,642,321,736,61,342,784,820,449,477,594,368
12,608,798,778,457,656,774,220,176,802,632,750,376,754,259,660,612,636,419
12,382,422,460,425,179,185,385,226,379,223,182,262
12,813,58,671,816,792,695,72,744,706,300,674,768,650,626,730,692,602,727,350,709
12
12,834,498,823
12,208,365,247,446,408,164
12,306
12,281,479,323
12,211,831,825,250,167,506
12,329,485,298
12,373,623,678,256,52,713,482,599,647,741,416,716,173,681,454,295,66,344,217,789,326,765
12,685,747,664,331,699,629,702,69,771,723,303,284,653,605,720,667,487,809,806,688,795,55,347
12,277,200,243,402,400,404,239,204,442,473,275,202,440,241,198,438,475,398
12,359,291,315,494,338
12
12,235,394,194,469,434,271
12,463,229,188,388,428,509,265,502
12,289
12,311
12,511,233,192,269,504
12,336
12
12,267,390,231,309,465,490,334,353,430,287,190
12,355
12,392,467,432
12,492
12,496,196,237,273,313,396,340,357,471,436
12,319,317,361
12
12,444,592,363,162,758,640,782,616,206,406,245,734
12,370,413,738,786,214,596,49,620,644,762,451,63,253,170
7,892
7,892
7,892
7,878
7
7,880
7
7,892
7,883
7
7,894
7,894
7,894
7,888
7
7,894
7,892
15
15
15
15