0
0
0
0
0,183,199,172,158
0
0
0,226,849,237,248,144
0
0
0
0
0
0,547,346
0,155,166,245
0
0,390,590
0,808,974,213,784,832,888,926,995,853,877,912,950
0,204,188,218
0,53,146,141,119,75,97,143
0,149,77,55,99,121,151,157,154
0,242,57,123,247,244,250,101,253,79
0,171,165,125,103,81,160,168,59,162
0,105,127,176,83,61,182,174,179
0,187,85,185,63,190,129,107
0,193,198,109,131,65,195,87
0,209,67,89,111,206,212,201,203,133
0,220,217,135,215,69,91,113
0,223,93,71,115,225,137,228
0,231,139,73,95,117,233,239,236
0
0
0
0
0
0
0
0
0
0
0
0
0,429,628
0,240,221,210,180,169,191,229,147,898
0
0,787,881,846,929,513,905,953,466,669,977,835,988,811
0,991,196,207,163,884,152
0,251,863
0,234,177
0,254
1,1072
1,1075
1,53
1,1072
1,55
1,1073
1,57
1,1072
1,59
1,1074
1,61
1,1072
1,63
1,1073
1,65
1,1073
1,67
1,1073
1,69
1,1074
1,71
1,1072
1,73
1,1073
1,75
1,1073
1,77
1,1075
1,79
1,1073
1,81
1,1076
1,83
1,1073
1,85
1,1075
1,87
1,1075
1,89
1,1075
1,91
1,1076
1,93
1,1073
1,95
1,1075
1,97
1,1072
1,99
1,1074
1,101
1,1072
1,103
1,1075
1,105
1,1072
1,107
1,1074
1,109
1,1074
1,111
1,1074
1,113
1,1075
1,115
1,1072
1,117
1,1074
1,119
1,1071
1,121
1,1072
1,123
1,1071
1,125
1,1073
1,127
1,1071
1,129
1,1072
1,131
1,1072
1,133
1,1072
1,135
1,1073
1,137
1,1071
1,139
1,1072
2,141
2
2,143
2,144
2
2,146
2,147
2
2,149
2
2,151
2,152
2
2,154
2,155
2
2,157
2,158
2
2,160
2
2,162
2,163
2
2,165
2,166
2
2,168
2,169
2
2,171
2,172
2
2,174
2
2,176
2,177
2
2,179
2,180
2
2,182
2,183
2
2,185
2
2,187
2,188
2
2,190
2,191
2
2,193
2
2,195
2,196
2
2,198
2,199
2
2,201
2
2,203
2,204
2
2,206
2,207
2
2,209
2,210
2
2,212
2,213
2
2,215
2
2,217
2,218
2
2,220
2,221
2
2,223
2
2,225
2,226
2
2,228
2,229
2
2,231
2
2,233
2,234
2
2,236
2,237
2
2,239
2,240
2
2,242
2
2,244
2,245
2
2,247
2,248
2
2,250
2,251
2
2,253
2,254
2
3,789,354,369,351,793,357,348
3,349,373
3,773,783,371,345,775,786,777,780,343
3,363,361,381
3,364,366,383
3,790,360,385
3,794,358,379,367
3,781,355,377
3,352,778,375
3,255,695,384,260,263,368,342,259,694,696,261,359,376,1054,347,344,350,258,699,697,256,257,356,262,378,372,370,353,380,362,382,700,374,365,693,698
3,395,401,410,392,398,813,817
3,393,414
3,801,387,804,412,389,807,810,799,797
3,405,407,422
3,424,404,814
3,818,402,408,420
3,418,805,399
3,802,416,396
3,386,391,406,1055,704,417,266,400,423,388,268,397,708,267,702,706,703,394,707,705,409,271,270,701,403,269,265,415,419,421,272,411,413
3,446,841,440,437,837,431,434
3,432,450
3,426,828,834,823,821,825,831,448,428
3,443,458,838
3,456,441,444,842
3,438,454,829
3,435,826,452
3,274,709,712,445,449,436,457,1056,278,427,276,710,453,442,439,275,447,451,277,714,280,715,425,711,716,433,430,455,713,279
3,470,462
3,856,463,472
3,845,1058,852,855,465,848,468,460
3,469,464,459,717,720,282,1057,284,467,283,471,718,461,719
3,492
3,870,500,488
3,482,496,874
3,860,494,477,479
3,498,867,485,487
3,474,1060,866,873,869,490,876,484,862,481,859,476
3,480,290,499,726,725,286,478,291,483,493,721,489,288,724,495,1059,475,722,497,723,486,287,289,473,491
3,504,517
3,891,505,519
3,510,521,508
3,887,512,502,890,883,515,880,507
3,293,511,509,520,730,727,295,729,1061,296,728,506,516,503,294,518,514,501
3,536
3,909,532,540
3,526,538,895
3,529,902,542
3,908,531,911,523,525,534,901,904,1063,528,894,897
3,732,527,300,535,736,1062,530,533,537,539,541,522,298,301,734,733,302,731,299,524,735
3,569,935,931,557,549,551,554
3,573
3,571,919,925,915,922,546,917,544,928
3,561,581,563
3,566,583,564
3,932,585,560
3,579,936,567,558
3,923,577,555
3,552,920,575
3,584,741,738,308,312,311,1064,550,743,570,559,578,582,304,553,744,548,737,742,556,572,739,310,740,306,565,580,576,305,562,545,543,307,568,309,574
3,597,609,592,594,600,959,955
3,613
3,946,939,589,949,587,941,943,611,952
3,621,604,606
3,956,603,623
3,601,619,607,960
3,598,947,617
3,944,595,615
3,315,618,317,596,319,608,1065,593,750,602,748,599,320,751,746,616,588,747,321,586,620,605,752,610,316,749,745,318,314,614,591,612,622
3,644,638,635,983,632,630,979
3,648
3,625,976,627,646,963,967,973,965,970
3,980,641,656
3,984,639,654,642
3,971,636,652
3,968,650,633
3,643,754,756,758,325,651,653,629,624,327,637,329,755,324,649,631,753,757,328,634,647,626,645,640,760,323,759,655,326,1066
3,660,673
3,661,675,998
3,664,677,666
3,671,1068,668,990,997,994,663,658,987
3,672,762,334,674,763,670,764,333,662,657,667,1067,331,332,659,676,761,665
3,683,1006,1001,681
3,679,1007,685,1004
3,682,684,766,678,765,1069,680,337,336,767
3,690,1012,1009,687
3,692,688,1015,1013
3,340,769,691,686,768,339,770,1070,689
4,343
4
4,345
4,346
4
4,348
4,349
4
4,351
4,352
4
4,354
4,355
4
4,357
4,358
4
4,360
4,361
4
4,363
4,364
4
4,366
4,367
4
4,369
4
4,371
4
4,373
4
4,375
4
4,377
4
4,379
4
4,381
4
4,383
4
4,385
4
4,387
4
4,389
4,390
4
4,392
4,393
4
4,395
4,396
4
4,398
4,399
4
4,401
4,402
4
4,404
4,405
4
4,407
4,408
4
4,410
4
4,412
4
4,414
4
4,416
4
4,418
4
4,420
4
4,422
4
4,424
4
4,426
4
4,428
4,429
4
4,431
4,432
4
4,434
4,435
4
4,437
4,438
4
4,440
4,441
4
4,443
4,444
4
4,446
4
4,448
4
4,450
4
4,452
4
4,454
4
4,456
4
4,458
4
4,460
4
4,462
4,463
4
4,465
4,466
4
4,468
4
4,470
4
4,472
4
4,474
4
4,476
4,477
4
4,479
4
4,481
4,482
4
4,484
4,485
4
4,487
4,488
4
4,490
4
4,492
4
4,494
4
4,496
4
4,498
4
4,500
4
4,502
4
4,504
4,505
4
4,507
4,508
4
4,510
4
4,512
4,513
4
4,515
4
4,517
4
4,519
4
4,521
4
4,523
4
4,525
4,526
4
4,528
4,529
4
4,531
4,532
4
4,534
4
4,536
4
4,538
4
4,540
4
4,542
4
4,544
4
4,546
4,547
4
4,549
4
4,551
4,552
4
4,554
4,555
4
4,557
4,558
4
4,560
4,561
4
4,563
4,564
4
4,566
4,567
4
4,569
4
4,571
4
4,573
4
4,575
4
4,577
4
4,579
4
4,581
4
4,583
4
4,585
4
4,587
4
4,589
4,590
4
4,592
4
4,594
4,595
4
4,597
4,598
4
4,600
4,601
4
4,603
4,604
4
4,606
4,607
4
4,609
4
4,611
4
4,613
4
4,615
4
4,617
4
4,619
4
4,621
4
4,623
4
4,625
4
4,627
4,628
4
4,630
4
4,632
4,633
4
4,635
4,636
4
4,638
4,639
4
4,641
4,642
4
4,644
4
4,646
4
4,648
4
4,650
4
4,652
4
4,654
4
4,656
4
4,658
4
4,660
4,661
4
4,663
4,664
4
4,666
4
4,668
4,669
4
4,671
4
4,673
4
4,675
4
4,677
4
4,679
4
4,681
4
4,683
4
4,685
4
4,687
4,688
4
4,690
4
4,692
4
5,771
5,774
5,776
5,779
5,782
5,785
5,788
5,791
5,795
5,798
5,800
5,803
5,806
5,809
5,812
5,815
5,819
5,822
5,824
5,827
5,830
5,833
5,836
5,839
5,843
5,847
5,850
5,854
5,857
5,861
5,864
5,868
5,871
5,875
5,878
5,882
5,885
5,889
5,892
5,896
5,899
5,903
5,906
5,910
5,913
5,916
5,918
5,921
5,924
5,927
5,930
5,933
5,937
5,940
5,942
5,945
5,948
5,951
5,954
5,957
5,961
5,964
5,966
5,969
5,972
5,975
5,978
5,981
5,985
5,989
5,992
5,996
5,999
5,1002
5,1005
5,1008
5,1010
5,1014
6,772
6,773
6
6,775
6
6,777
6,778
6
6,780
6,781
6
6,783
6,784
6
6,786
6,787
6
6,789
6,790
6
6,792
6,793
6,794
6
6,796
6,797
6
6,799
6
6,801
6,802
6
6,804
6,805
6
6,807
6,808
6
6,810
6,811
6
6,813
6,814
6
6,816
6,817
6,818
6
6,820
6,821
6
6,823
6
6,825
6,826
6
6,828
6,829
6
6,831
6,832
6
6,834
6,835
6
6,837
6,838
6
6,840
6,841
6,842
6
6,844
6,845
6,846
6
6,848
6,849
6
6,851
6,852
6,853
6
6,855
6,856
6
6,858
6,859
6,860
6
6,862
6,863
6
6,865
6,866
6,867
6
6,869
6,870
6
6,872
6,873
6,874
6
6,876
6,877
6
6,879
6,880
6,881
6
6,883
6,884
6
6,886
6,887
6,888
6
6,890
6,891
6
6,893
6,894
6,895
6
6,897
6,898
6
6,900
6,901
6,902
6
6,904
6,905
6
6,907
6,908
6,909
6
6,911
6,912
6
6,914
6,915
6
6,917
6
6,919
6,920
6
6,922
6,923
6
6,925
6,926
6
6,928
6,929
6
6,931
6,932
6
6,934
6,935
6,936
6
6,938
6,939
6
6,941
6
6,943
6,944
6
6,946
6,947
6
6,949
6,950
6
6,952
6,953
6
6,955
6,956
6
6,958
6,959
6,960
6
6,962
6,963
6
6,965
6
6,967
6,968
6
6,970
6,971
6
6,973
6,974
6
6,976
6,977
6
6,979
6,980
6
6,982
6,983
6,984
6
6,986
6,987
6,988
6
6,990
6,991
6
6,993
6,994
6,995
6
6,997
6,998
6
6,1000
6,1001
6
6,1003
6,1004
6
6,1006
6,1007
6
6,1009
6
6,1011
6,1012
6,1013
6
6,1015
6
14,1054,1061,1056,50,1070,1055
14,51,1069,1065,1064,1066
14,1057,56,66,54,68,52,58,72,62,60,64,70
14,82,84,88,90,92,76,78,1059,94,80,86,74
14,98,1062,116,102,114,104,96,110,108,112,100,106
14,118,126,132,120,128,1067,136,124,122,138,130,134
12,222,680,184,241,140,459,940,1008,473,591,798,822,501,522,173,964,159,192,214,916,1000,230,629,657,200,774,548,148
12,788,978,958,637,836,400,356,982,954,812,930,556,934,439,840,792,816,599
12,562,602,640,605,359,365,565,406,559,403,362,442
12,993,851,972,782,924,886,252,480,854,948,830,806,910,170,156,197,875,872,211,181,907,996,530,889
12
12,1014,678,1003
12,388,545,427,626,588,344
12,486
12,461,503,659
12,1011,1005,430,391,347,686
12,665,478,509
12,249,553,858,436,145,167,893,779,827,238,662,921,596,896,475,178,861,634,353,227,803,524,208,189,397,969,219,506,945
12,194,865,205,927,844,511,879,809,882,224,161,667,951,903,246,483,464,150,833,785,900,847,989,235,986,142,868,975,527
12,457,380,423,582,580,419,384,622,653,455,382,620,655,618,421,584,378,578
12,539,471,495,674,518
12
12,415,574,374,649,614,451
12,643,409,368,568,608,689,445,682
12,469
12,491
12,691,413,372,449,684
12,516
12
12,447,411,570,489,645,670,514,533,610,467,370
12,535
12,572,647,612
12,672
12,376,417,576,453,493,520,537,651,676,616
12,499,497,541
12
12,624,914,772,543,342,938,820,962,796,386,425,586
12,550,593,243,186,918,164,966,153,394,776,216,824,232,942,175,631,202,350,800,433
7,1072
7,1072
7,1072
7,1058
7
7,1060
7
7,1072
7,1063
7
7,1075
7,1075
7,1075
7,1068
7
7,1075
7,1072
15
15
15
15
15
15