0
0
0
0
0,248,226,275,179
0
0,240
0
0,243,221,182,278,262,232,884,166
0
0,229,289
0
0
0
0,582,381
0,286,259,204,218
0,251,207,267
0,425,625
0,843,1009,819,867,923,961,1030,888,912,947,985
0,56,165,160,134,82,108,162
0,168,58,84,170,110,136,173
0,86,60,264,138,266,269,112
0,114,140,62,280,88,272,277,274
0,64,90,116,142,283,288,285
0,184,144,176,178,66,92,181,118
0,189,195,146,187,192,94,68,120,198
0,206,96,212,201,203,122,70,148,209
0,150,217,220,72,98,124,215
0,74,225,231,152,126,228,223,100,234
0,239,237,242,128,76,102,154
0,130,104,250,156,78,253,245,247
0,106,80,158,261,258,132,256
0,190,163
0
0
0
0
0
0
0
0
0
0
0
0
0
0,464,663
0,213,254,174,933
0
0,822,916,881,964,940,988,704,501,1012,870,1023,548,846
0,1026,196,919,171,210
0,270,185,235,199,898,281
0,193
1,1107
1,1110
1,56
1,1109
1,58
1,1107
1,60
1,1109
1,62
1,1108
1,64
1,1108
1,66
1,1107
1,68
1,1109
1,70
1,1108
1,72
1,1107
1,74
1,1107
1,76
1,1108
1,78
1,1107
1,80
1,1108
1,82
1,1111
1,84
1,1108
1,86
1,1111
1,88
1,1110
1,90
1,1110
1,92
1,1108
1,94
1,1111
1,96
1,1110
1,98
1,1108
1,100
1,1108
1,102
1,1110
1,104
1,1108
1,106
1,1110
1,108
1,1110
1,110
1,1107
1,112
1,1110
1,114
1,1109
1,116
1,1109
1,118
1,1107
1,120
1,1110
1,122
1,1109
1,124
1,1107
1,126
1,1107
1,128
1,1109
1,130
1,1107
1,132
1,1109
1,134
1,1108
1,136
1,1106
1,138
1,1108
1,140
1,1107
1,142
1,1107
1,144
1,1106
1,146
1,1108
1,148
1,1107
1,150
1,1106
1,152
1,1106
1,154
1,1107
1,156
1,1106
1,158
1,1107
2,160
2
2,162
2,163
2
2,165
2,166
2
2,168
2
2,170
2,171
2
2,173
2,174
2
2,176
2
2,178
2,179
2
2,181
2,182
2
2,184
2,185
2
2,187
2
2,189
2,190
2
2,192
2,193
2
2,195
2,196
2
2,198
2,199
2
2,201
2
2,203
2,204
2
2,206
2,207
2
2,209
2,210
2
2,212
2,213
2
2,215
2
2,217
2,218
2
2,220
2,221
2
2,223
2
2,225
2,226
2
2,228
2,229
2
2,231
2,232
2
2,234
2,235
2
2,237
2
2,239
2,240
2
2,242
2,243
2
2,245
2
2,247
2,248
2
2,250
2,251
2
2,253
2,254
2
2,256
2
2,258
2,259
2
2,261
2,262
2
2,264
2
2,266
2,267
2
2,269
2,270
2
2,272
2
2,274
2,275
2
2,277
2,278
2
2,280
2,281
2
2,283
2
2,285
2,286
2
2,288
2,289
2
3,824,389,404,386,828,392,383
3,384,408
3,808,818,406,380,810,821,812,815,378
3,398,396,416
3,399,401,418
3,825,395,420
3,829,393,414,402
3,816,390,412
3,387,813,410
3,290,730,419,295,407,298,417,403,377,294,729,731,296,394,411,1089,382,379,385,293,734,732,400,291,292,391,297,413,397,405,388,415,735,409,728,733
3,430,436,445,427,433,848,852
3,428,449
3,836,422,839,834,447,424,842,845,832
3,440,442,457
3,459,439,849
3,853,437,443,455
3,453,840,434
3,837,451,431
3,421,426,441,1090,739,452,301,435,458,423,303,432,743,302,737,741,738,429,742,740,444,306,305,736,438,304,300,450,454,456,307,446,448
3,481,475,472,876,872,466,469
3,467,485
3,461,863,869,858,856,860,866,483,463
3,493,478,873
3,491,476,479,877
3,473,489,864
3,470,861,487
3,309,744,747,484,471,492,1091,313,462,745,488,477,480,474,310,482,486,312,311,749,315,750,460,746,751,468,465,490,748,314
3,505,497
3,891,498,507
3,880,887,890,500,883,1093,503,495
3,504,499,494,752,755,317,1092,319,502,318,506,753,496,754
3,527
3,905,535,523
3,517,531,909
3,529,895,512,514
3,533,902,520,522
3,509,1095,901,908,904,525,911,519,897,516,894,511
3,325,534,761,760,321,513,326,518,528,515,756,524,323,759,530,1094,510,757,532,758,521,322,324,508,526
3,539,552
3,926,540,554
3,545,556,543
3,922,547,537,925,918,550,915,542
3,328,546,544,555,765,762,330,764,1096,331,763,541,551,538,329,553,549,536
3,571
3,567,944,575
3,561,573,930
3,937,577,564
3,943,566,946,558,560,569,936,939,1098,563,929,932
3,767,335,570,771,1097,565,568,572,574,576,557,766,333,336,769,768,562,334,559,770,337
3,604,970,966,592,584,586,589
3,608
3,606,954,960,950,957,581,952,579,963
3,596,616,598
3,601,618,599
3,967,620,595
3,971,602,593,614
3,958,612,590
3,587,955,610
3,619,776,773,343,580,347,346,1099,585,778,597,605,594,613,617,339,588,779,583,772,578,777,591,607,774,345,775,341,600,615,611,340,342,603,344,609
3,632,644,627,629,635,994,990
3,648
3,981,974,624,984,622,976,978,646,987
3,656,639,641
3,991,638,658
3,636,654,642,995
3,633,982,652
3,979,630,650
3,350,653,352,626,631,354,643,1100,628,785,647,637,783,634,355,786,781,651,623,782,356,621,655,640,787,645,351,784,780,353,349,649,657
3,679,1014,673,670,1018,667,665
3,683
3,660,1011,662,681,998,1002,1008,1000,1005
3,1015,676,691
3,1019,674,689,677
3,1006,671,687
3,1003,685,668
3,678,789,791,793,360,686,688,664,659,362,672,364,790,359,684,666,788,792,669,363,682,661,680,795,358,794,690,675,361,1101
3,695,708
3,696,710,1033
3,699,712,701
3,706,1103,703,1025,1032,1029,698,693,1022
3,797,369,709,798,368,705,799,707,697,692,702,1102,366,367,694,711,796,700
3,1041,718,1036,716
3,714,1042,720,1039
3,715,717,719,801,800,1104,372,371,802,713
3,1044,725,1047,722
3,727,1048,723,1050
3,375,804,721,803,374,726,805,1105,724
4,378
4
4,380
4,381
4
4,383
4,384
4
4,386
4,387
4
4,389
4,390
4
4,392
4,393
4
4,395
4,396
4
4,398
4,399
4
4,401
4,402
4
4,404
4
4,406
4
4,408
4
4,410
4
4,412
4
4,414
4
4,416
4
4,418
4
4,420
4
4,422
4
4,424
4,425
4
4,427
4,428
4
4,430
4,431
4
4,433
4,434
4
4,436
4,437
4
4,439
4,440
4
4,442
4,443
4
4,445
4
4,447
4
4,449
4
4,451
4
4,453
4
4,455
4
4,457
4
4,459
4
4,461
4
4,463
4,464
4
4,466
4,467
4
4,469
4,470
4
4,472
4,473
4
4,475
4,476
4
4,478
4,479
4
4,481
4
4,483
4
4,485
4
4,487
4
4,489
4
4,491
4
4,493
4
4,495
4
4,497
4,498
4
4,500
4,501
4
4,503
4
4,505
4
4,507
4
4,509
4
4,511
4,512
4
4,514
4
4,516
4,517
4
4,519
4,520
4
4,522
4,523
4
4,525
4
4,527
4
4,529
4
4,531
4
4,533
4
4,535
4
4,537
4
4,539
4,540
4
4,542
4,543
4
4,545
4
4,547
4,548
4
4,550
4
4,552
4
4,554
4
4,556
4
4,558
4
4,560
4,561
4
4,563
4,564
4
4,566
4,567
4
4,569
4
4,571
4
4,573
4
4,575
4
4,577
4
4,579
4
4,581
4,582
4
4,584
4
4,586
4,587
4
4,589
4,590
4
4,592
4,593
4
4,595
4,596
4
4,598
4,599
4
4,601
4,602
4
4,604
4
4,606
4
4,608
4
4,610
4
4,612
4
4,614
4
4,616
4
4,618
4
4,620
4
4,622
4
4,624
4,625
4
4,627
4
4,629
4,630
4
4,632
4,633
4
4,635
4,636
4
4,638
4,639
4
4,641
4,642
4
4,644
4
4,646
4
4,648
4
4,650
4
4,652
4
4,654
4
4,656
4
4,658
4
4,660
4
4,662
4,663
4
4,665
4
4,667
4,668
4
4,670
4,671
4
4,673
4,674
4
4,676
4,677
4
4,679
4
4,681
4
4,683
4
4,685
4
4,687
4
4,689
4
4,691
4
4,693
4
4,695
4,696
4
4,698
4,699
4
4,701
4
4,703
4,704
4
4,706
4
4,708
4
4,710
4
4,712
4
4,714
4
4,716
4
4,718
4
4,720
4
4,722
4,723
4
4,725
4
4,727
4
5,806
5,809
5,811
5,814
5,817
5,820
5,823
5,826
5,830
5,833
5,835
5,838
5,841
5,844
5,847
5,850
5,854
5,857
5,859
5,862
5,865
5,868
5,871
5,874
5,878
5,882
5,885
5,889
5,892
5,896
5,899
5,903
5,906
5,910
5,913
5,917
5,920
5,924
5,927
5,931
5,934
5,938
5,941
5,945
5,948
5,951
5,953
5,956
5,959
5,962
5,965
5,968
5,972
5,975
5,977
5,980
5,983
5,986
5,989
5,992
5,996
5,999
5,1001
5,1004
5,1007
5,1010
5,1013
5,1016
5,1020
5,1024
5,1027
5,1031
5,1034
5,1037
5,1040
5,1043
5,1045
5,1049
6,807
6,808
6
6,810
6
6,812
6,813
6
6,815
6,816
6
6,818
6,819
6
6,821
6,822
6
6,824
6,825
6
6,827
6,828
6,829
6
6,831
6,832
6
6,834
6
6,836
6,837
6
6,839
6,840
6
6,842
6,843
6
6,845
6,846
6
6,848
6,849
6
6,851
6,852
6,853
6
6,855
6,856
6
6,858
6
6,860
6,861
6
6,863
6,864
6
6,866
6,867
6
6,869
6,870
6
6,872
6,873
6
6,875
6,876
6,877
6
6,879
6,880
6,881
6
6,883
6,884
6
6,886
6,887
6,888
6
6,890
6,891
6
6,893
6,894
6,895
6
6,897
6,898
6
6,900
6,901
6,902
6
6,904
6,905
6
6,907
6,908
6,909
6
6,911
6,912
6
6,914
6,915
6,916
6
6,918
6,919
6
6,921
6,922
6,923
6
6,925
6,926
6
6,928
6,929
6,930
6
6,932
6,933
6
6,935
6,936
6,937
6
6,939
6,940
6
6,942
6,943
6,944
6
6,946
6,947
6
6,949
6,950
6
6,952
6
6,954
6,955
6
6,957
6,958
6
6,960
6,961
6
6,963
6,964
6
6,966
6,967
6
6,969
6,970
6,971
6
6,973
6,974
6
6,976
6
6,978
6,979
6
6,981
6,982
6
6,984
6,985
6
6,987
6,988
6
6,990
6,991
6
6,993
6,994
6,995
6
6,997
6,998
6
6,1000
6
6,1002
6,1003
6
6,1005
6,1006
6
6,1008
6,1009
6
6,1011
6,1012
6
6,1014
6,1015
6
6,1017
6,1018
6,1019
6
6,1021
6,1022
6,1023
6
6,1025
6,1026
6
6,1028
6,1029
6,1030
6
6,1032
6,1033
6
6,1035
6,1036
6
6,1038
6,1039
6
6,1041
6,1042
6
6,1044
6
6,1046
6,1047
6,1048
6
6,1050
6
14,1089,1096,1091,53,1105,1090
14,54,1104,1100,1099,1101
14,77,59,79,69,57,71,55,61,75,65,63,1092,67,73
14,85,87,103,91,93,95,81,1094,97,83,105,89,101,99
14,1097,119,117,121,125,107,113,111,115,127,123,109,129,131
14,135,149,157,155,1102,153,139,141,147,133,145,137,151,143
12,951,200,715,159,222,236,975,1043,508,214,833,857,536,557,999,175,271,1035,664,282,692,494,255,809,263,583,626,186,167,244
12,823,993,1013,851,672,871,435,391,1017,989,847,634,965,591,969,474,875,827
12,597,637,675,640,394,400,600,441,594,438,397,477
12,1028,886,1031,1007,227,817,910,205,287,959,921,515,889,983,191,865,841,945,907,238,249,942,265,565,924
12
12,713,1038,1049
12,423,580,462,661,623,379
12,521
12,496,538,694
12,1046,1040,465,426,382,721
12,700,513,544
12,268,588,893,471,183,928,814,172,862,956,697,211,631,931,197,896,669,388,510,838,279,559,432,1004,252,233,541,980
12,900,260,962,986,164,879,546,914,917,844,241,180,1010,938,518,276,882,499,169,868,820,935,702,194,1024,219,1021,208,903,230,562
12,415,458,617,615,619,454,419,492,657,688,490,417,655,690,653,456,413,613
12,574,506,530,709,553
12
12,649,450,609,409,684,486
12,678,444,403,603,643,724,480,717
12,504
12,526
12,448,726,407,484,719
12,551
12
12,482,605,446,524,680,705,549,568,645,502,405
12,570
12,607,682,647
12,707
12,686,411,452,611,488,528,555,572,711,651
12,534,532,576
12
12,659,949,807,578,377,973,855,997,831,421,621,460
12,585,628,977,257,246,953,177,216,429,811,161,835,859,284,273,666,468,1001,188,385,224,202
7,1107
7,1107
7,1107
7,1093
7
7,1095
7
7,1107
7,1098
7
7,1110
7,1110
7,1110
7,1103
7
7,1110
7,1107
15
15
15
15
15
15