0
0
0,64
0,83
0
0,678
0
0
0
0
0,376,175
0,219,419
0,637,803,613,661,717,755,824,682,72,706,741,779
0,40,34,63,58,52,46,60
0,66,48,36,68,54,71,42
0,38,82,56,74,76,44,50,79
0
0
0
0
0
0
0
0
0,258,457
0,727
0
0,69
0,616,710,675,758,734,782,295,498,806,664,817,342,640
0,61,820,80,713
0,692,77
1,901
1,904
1,34
1,902
1,36
1,902
1,38
1,901
1,40
1,904
1,42
1,904
1,44
1,902
1,46
1,903
1,48
1,903
1,50
1,901
1,52
1,901
1,54
1,901
1,56
1,900
2,58
2
2,60
2,61
2
2,63
2,64
2
2,66
2
2,68
2,69
2
2,71
2,72
2
2,74
2
2,76
2,77
2
2,79
2,80
2
2,82
2,83
2
3,618,183,198,180,622,186,177
3,178,202
3,602,612,200,174,604,606,609,615,172
3,192,190,210
3,193,212,195
3,619,189,214
3,623,187,208,196
3,610,184,206
3,181,607,204
3,84,524,213,89,201,92,197,171,88,523,525,90,188,205,883,176,173,194,179,87,528,526,85,86,185,91,207,199,182,209,191,211,529,203,522,527
3,224,230,239,221,227,642,646
3,222,243
3,630,216,633,628,241,218,636,639,626
3,234,236,251
3,253,233,643
3,647,237,231,249
3,247,634,228
3,631,245,225
3,215,220,235,884,533,246,95,252,217,97,226,537,229,96,531,535,532,223,536,534,238,100,99,530,232,98,94,244,248,250,240,242,101
3,275,670,269,266,666,260,263
3,261,279
3,255,257,657,663,652,650,654,660,277
3,272,287,667
3,270,273,671,285
3,267,283,658
3,264,655,281
3,103,538,541,274,278,265,885,107,256,539,282,271,268,104,276,280,286,106,105,543,109,544,254,540,545,262,259,542,284,108
3,299,291
3,685,292,301
3,674,681,684,294,677,887,297,289
3,298,293,288,546,111,549,886,113,296,112,300,547,290,548
3,321
3,699,329,317
3,311,325,703
3,323,689,306,308
3,696,314,327,316
3,303,889,695,702,698,319,705,313,691,310,688,305
3,119,328,555,116,554,115,307,120,312,309,550,318,117,553,324,888,304,551,326,552,315,322,118,302,320
3,333,346
3,720,334,348
3,339,350,337
3,336,716,331,719,341,712,344,709
3,122,340,338,349,559,556,124,558,890,125,557,345,332,123,347,335,343,330
3,365
3,361,738,369
3,367,355,724
3,358,731,371
3,737,360,740,352,354,363,730,733,892,357,723,726
3,561,129,563,364,565,891,359,362,366,368,370,351,560,127,130,356,562,131,128,353,564
3,398,764,760,386,378,380,383
3,402
3,400,748,754,744,751,375,746,373,757
3,390,410,392
3,395,412,393
3,761,414,389
3,408,765,396,387
3,752,406,384
3,381,749,404
3,413,570,567,137,374,141,140,893,379,134,572,399,388,407,372,411,133,382,573,377,566,571,385,401,568,139,569,135,394,409,405,391,136,397,138,403
3,426,421,423,438,429,788,784
3,442
3,775,768,418,778,781,416,770,772,440
3,450,433,435
3,785,432,452
3,430,448,436,789
3,427,446,776
3,773,444,424
3,144,447,146,425,148,437,894,422,577,579,441,431,428,445,149,580,417,576,150,415,449,575,434,581,439,145,578,574,147,143,443,420,451
3,473,467,464,812,461,459,808
3,477
3,454,805,456,796,475,792,802,794,799
3,809,470,485
3,483,471,813,468
3,800,465,481
3,797,479,462
3,472,583,585,587,154,478,480,482,458,453,156,466,158,584,153,460,582,586,463,157,476,455,474,469,589,152,588,484,155,895
3,489,502
3,490,504,827
3,493,506,495
3,500,897,497,819,826,823,492,487,816
3,591,163,592,486,162,503,499,593,501,491,496,896,160,161,488,505,590,494
3,512,835,830,510
3,508,836,514,833
3,509,511,513,595,594,898,166,165,596,507
3,519,841,838,516
3,521,517,842,844
3,169,598,515,597,168,520,599,899,518
4,172
4
4,174
4,175
4
4,177
4,178
4
4,180
4,181
4
4,183
4,184
4
4,186
4,187
4
4,189
4,190
4
4,192
4,193
4
4,195
4,196
4
4,198
4
4,200
4
4,202
4
4,204
4
4,206
4
4,208
4
4,210
4
4,212
4
4,214
4
4,216
4
4,218
4,219
4
4,221
4,222
4
4,224
4,225
4
4,227
4,228
4
4,230
4,231
4
4,233
4,234
4
4,236
4,237
4
4,239
4
4,241
4
4,243
4
4,245
4
4,247
4
4,249
4
4,251
4
4,253
4
4,255
4
4,257
4,258
4
4,260
4,261
4
4,263
4,264
4
4,266
4,267
4
4,269
4,270
4
4,272
4,273
4
4,275
4
4,277
4
4,279
4
4,281
4
4,283
4
4,285
4
4,287
4
4,289
4
4,291
4,292
4
4,294
4,295
4
4,297
4
4,299
4
4,301
4
4,303
4
4,305
4,306
4
4,308
4
4,310
4,311
4
4,313
4,314
4
4,316
4,317
4
4,319
4
4,321
4
4,323
4
4,325
4
4,327
4
4,329
4
4,331
4
4,333
4,334
4
4,336
4,337
4
4,339
4
4,341
4,342
4
4,344
4
4,346
4
4,348
4
4,350
4
4,352
4
4,354
4,355
4
4,357
4,358
4
4,360
4,361
4
4,363
4
4,365
4
4,367
4
4,369
4
4,371
4
4,373
4
4,375
4,376
4
4,378
4
4,380
4,381
4
4,383
4,384
4
4,386
4,387
4
4,389
4,390
4
4,392
4,393
4
4,395
4,396
4
4,398
4
4,400
4
4,402
4
4,404
4
4,406
4
4,408
4
4,410
4
4,412
4
4,414
4
4,416
4
4,418
4,419
4
4,421
4
4,423
4,424
4
4,426
4,427
4
4,429
4,430
4
4,432
4,433
4
4,435
4,436
4
4,438
4
4,440
4
4,442
4
4,444
4
4,446
4
4,448
4
4,450
4
4,452
4
4,454
4
4,456
4,457
4
4,459
4
4,461
4,462
4
4,464
4,465
4
4,467
4,468
4
4,470
4,471
4
4,473
4
4,475
4
4,477
4
4,479
4
4,481
4
4,483
4
4,485
4
4,487
4
4,489
4,490
4
4,492
4,493
4
4,495
4
4,497
4,498
4
4,500
4
4,502
4
4,504
4
4,506
4
4,508
4
4,510
4
4,512
4
4,514
4
4,516
4,517
4
4,519
4
4,521
4
5,600
5,603
5,605
5,608
5,611
5,614
5,617
5,620
5,624
5,627
5,629
5,632
5,635
5,638
5,641
5,644
5,648
5,651
5,653
5,656
5,659
5,662
5,665
5,668
5,672
5,676
5,679
5,683
5,686
5,690
5,693
5,697
5,700
5,704
5,707
5,711
5,714
5,718
5,721
5,725
5,728
5,732
5,735
5,739
5,742
5,745
5,747
5,750
5,753
5,756
5,759
5,762
5,766
5,769
5,771
5,774
5,777
5,780
5,783
5,786
5,790
5,793
5,795
5,798
5,801
5,804
5,807
5,810
5,814
5,818
5,821
5,825
5,828
5,831
5,834
5,837
5,839
5,843
6,601
6,602
6
6,604
6
6,606
6,607
6
6,609
6,610
6
6,612
6,613
6
6,615
6,616
6
6,618
6,619
6
6,621
6,622
6,623
6
6,625
6,626
6
6,628
6
6,630
6,631
6
6,633
6,634
6
6,636
6,637
6
6,639
6,640
6
6,642
6,643
6
6,645
6,646
6,647
6
6,649
6,650
6
6,652
6
6,654
6,655
6
6,657
6,658
6
6,660
6,661
6
6,663
6,664
6
6,666
6,667
6
6,669
6,670
6,671
6
6,673
6,674
6,675
6
6,677
6,678
6
6,680
6,681
6,682
6
6,684
6,685
6
6,687
6,688
6,689
6
6,691
6,692
6
6,694
6,695
6,696
6
6,698
6,699
6
6,701
6,702
6,703
6
6,705
6,706
6
6,708
6,709
6,710
6
6,712
6,713
6
6,715
6,716
6,717
6
6,719
6,720
6
6,722
6,723
6,724
6
6,726
6,727
6
6,729
6,730
6,731
6
6,733
6,734
6
6,736
6,737
6,738
6
6,740
6,741
6
6,743
6,744
6
6,746
6
6,748
6,749
6
6,751
6,752
6
6,754
6,755
6
6,757
6,758
6
6,760
6,761
6
6,763
6,764
6,765
6
6,767
6,768
6
6,770
6
6,772
6,773
6
6,775
6,776
6
6,778
6,779
6
6,781
6,782
6
6,784
6,785
6
6,787
6,788
6,789
6
6,791
6,792
6
6,794
6
6,796
6,797
6
6,799
6,800
6
6,802
6,803
6
6,805
6,806
6
6,808
6,809
6
6,811
6,812
6,813
6
6,815
6,816
6,817
6
6,819
6,820
6
6,822
6,823
6,824
6
6,826
6,827
6
6,829
6,830
6
6,832
6,833
6
6,835
6,836
6
6,838
6
6,840
6,841
6,842
6
6,844
6
14,883,890,885,31,899,884
14,32,898,894,893,895
14,886,37,35,33
14,43,888,41,39
14,891,49,45,47
14,55,896,51,53
12,509,57,288,769,837,302,420,627,651,330,351,793,73,745,829,458,486,603,377,65
12,617,787,807,466,665,783,229,185,811,641,759,385,763,268,669,621,645,428
12,391,431,469,434,188,194,394,235,388,232,191,271
12,822,680,70,825,801,704,753,715,309,683,777,659,635,739,62,701,611,736,359,718
12
12,843,507,832
12,217,374,256,455,417,173
12,315
12,290,332,488
12,840,834,259,220,176,515
12,338,494,307
12,382,687,265,491,608,656,750,425,725,182,690,463,304,722,75,632,353,226,798,335,774
12,694,756,673,340,708,638,711,78,780,732,312,293,662,614,729,496,676,818,815,59,697,804,356
12,286,209,211,252,411,409,413,248,213,451,482,284,449,250,207,447,484,407
12,368,300,324,503,347
12
12,244,403,203,478,443,280
12,472,238,197,397,437,518,274,511
12,298
12,320
12,520,242,201,278,513
12,345
12
12,276,399,240,318,474,499,343,362,439,296,199
12,364
12,401,476,441
12,501
12,505,205,246,282,322,405,349,366,480,445
12,328,326,370
12
12,453,743,601,372,171,767,649,791,625,215,415,254
12,379,422,67,747,81,795,223,605,629,653,771,460,262,179
7,901
7,901
7,901
7,887
7
7,889
7
7,901
7,892
7
7,904
7,904
7,904
7,897
7
7,904
7,901
15
15
15
15
15