0
0
0
0
0
0
0
0,263
0
0
0
0,323,345,370,277,211,307,976
0
0
0
0
0
0,674,473
0,205,252,320,282,364
0,328,361,235,312
0,517,717
0,935,1101,298,911,959,1015,249,1053,1122,980,1039,1004,1077
0,227,290,339,216,378
0,100,210,66,134,207,202,168,204
0,102,68,170,213,218,136,215
0,70,309,172,311,104,314,138
0,72,140,322,106,174,319,317
0,74,108,325,330,327,176,142
0,335,341,338,344,333,178,76,144,110
0,347,352,180,349,112,146,78,355
0,80,369,366,148,358,363,360,182,114
0,116,374,372,184,150,380,377,82
0,226,152,186,84,221,118,229,223
0,232,120,240,154,237,243,86,234,188
0,248,254,257,246,88,156,190,251,122
0,158,260,124,90,262,265,268,192
0,271,273,194,160,126,92,276
0,281,279,94,284,196,162,128
0,292,130,96,164,287,198,289
0,132,306,303,200,166,295,98,300,297
0,350,238,301
0
0,375
0
0
0
0
0
0
0
0
0
0
0
0
0
0,556,755
0,342,293,255,274,367,219,353,208,1025
0
0,914,1008,973,1056,1032,1080,796,593,1104,962,1115,640,938
0,1118,356,244,258,381,269,315,1011,230
0,331,241,990,304,285,266
0,224,336
1,1199
1,1202
1,66
1,1199
1,68
1,1201
1,70
1,1201
1,72
1,1199
1,74
1,1199
1,76
1,1199
1,78
1,1199
1,80
1,1200
1,82
1,1201
1,84
1,1199
1,86
1,1201
1,88
1,1199
1,90
1,1201
1,92
1,1200
1,94
1,1199
1,96
1,1199
1,98
1,1199
1,100
1,1200
1,102
1,1203
1,104
1,1203
1,106
1,1200
1,108
1,1200
1,110
1,1200
1,112
1,1200
1,114
1,1202
1,116
1,1203
1,118
1,1200
1,120
1,1203
1,122
1,1200
1,124
1,1203
1,126
1,1202
1,128
1,1200
1,130
1,1200
1,132
1,1200
1,134
1,1199
1,136
1,1202
1,138
1,1202
1,140
1,1199
1,142
1,1199
1,144
1,1199
1,146
1,1199
1,148
1,1201
1,150
1,1202
1,152
1,1199
1,154
1,1202
1,156
1,1199
1,158
1,1202
1,160
1,1201
1,162
1,1199
1,164
1,1199
1,166
1,1199
1,168
1,1198
1,170
1,1200
1,172
1,1200
1,174
1,1198
1,176
1,1198
1,178
1,1198
1,180
1,1198
1,182
1,1199
1,184
1,1200
1,186
1,1198
1,188
1,1200
1,190
1,1198
1,192
1,1200
1,194
1,1199
1,196
1,1198
1,198
1,1198
1,200
1,1198
2,202
2
2,204
2,205
2
2,207
2,208
2
2,210
2,211
2
2,213
2
2,215
2,216
2
2,218
2,219
2
2,221
2
2,223
2,224
2
2,226
2,227
2
2,229
2,230
2
2,232
2
2,234
2,235
2
2,237
2,238
2
2,240
2,241
2
2,243
2,244
2
2,246
2
2,248
2,249
2
2,251
2,252
2
2,254
2,255
2
2,257
2,258
2
2,260
2
2,262
2,263
2
2,265
2,266
2
2,268
2,269
2
2,271
2
2,273
2,274
2
2,276
2,277
2
2,279
2
2,281
2,282
2
2,284
2,285
2
2,287
2
2,289
2,290
2
2,292
2,293
2
2,295
2
2,297
2,298
2
2,300
2,301
2
2,303
2,304
2
2,306
2,307
2
2,309
2
2,311
2,312
2
2,314
2,315
2
2,317
2
2,319
2,320
2
2,322
2,323
2
2,325
2
2,327
2,328
2
2,330
2,331
2
2,333
2
2,335
2,336
2
2,338
2,339
2
2,341
2,342
2
2,344
2,345
2
2,347
2
2,349
2,350
2
2,352
2,353
2
2,355
2,356
2
2,358
2
2,360
2,361
2
2,363
2,364
2
2,366
2,367
2
2,369
2,370
2
2,372
2
2,374
2,375
2
2,377
2,378
2
2,380
2,381
2
3,916,481,496,478,920,484,475
3,476,500
3,900,902,910,498,472,913,904,907,470
3,490,488,508
3,491,493,510
3,917,487,512
3,921,485,506,494
3,908,482,504
3,479,905,502
3,382,822,511,387,499,390,495,469,386,821,823,388,503,1181,474,471,477,385,826,824,383,384,483,389,505,489,497,480,507,509,486,827,501,492,820,825
3,522,528,537,519,525,940,944
3,520,541
3,928,514,931,926,539,516,937,934,924
3,532,534,549
3,551,531,941
3,945,529,535,547
3,545,932,526
3,929,543,523
3,398,513,533,1182,831,544,393,527,550,515,395,524,835,394,829,833,830,521,834,832,518,536,397,828,530,396,392,542,546,548,399,538,540
3,573,968,567,564,964,558,561
3,559,577
3,553,950,955,961,948,952,958,575,555
3,570,585,965
3,568,571,969,583
3,565,581,956
3,562,953,579
3,401,836,839,576,563,1183,405,554,837,580,569,572,566,402,574,578,584,404,403,841,407,842,552,838,843,560,557,582,840,406
3,597,589
3,983,590,599
3,972,979,595,982,592,975,1185,587
3,591,586,844,847,596,409,1184,411,594,410,598,845,588,846
3,619
3,997,627,615
3,609,623,1001
3,621,987,604,606
3,994,612,625,614
3,601,1187,993,1000,996,617,1003,611,989,608,986,603
3,417,416,626,853,852,413,605,418,610,620,607,848,616,415,851,622,1186,602,849,624,850,613,414,600,618
3,644,631
3,1018,632,646
3,637,648,635
3,1014,639,629,1017,1010,642,1007,634
3,855,420,638,636,647,857,1188,854,422,856,423,643,630,421,645,633,641,628
3,663
3,659,1036,667
3,653,665,1022
3,656,1029,669
3,1035,658,1038,650,652,661,1028,1031,1190,655,1021,1024
3,859,427,861,662,863,1189,657,660,664,666,668,858,649,425,428,654,860,429,426,651,862
3,696,1062,1058,684,676,678,681
3,700
3,698,1046,1052,1042,1049,673,1044,671,1055
3,688,708,690
3,710,693,691
3,1059,712,687
3,694,1063,706,685
3,1050,704,682
3,1047,702,679
3,711,868,865,435,1191,672,439,438,677,870,697,686,705,709,431,680,871,675,864,869,683,699,866,437,867,433,692,707,703,432,689,670,434,695,436,701
3,724,736,721,719,727,1086,1082
3,740
3,1073,1066,716,1076,714,1068,1070,738,1079
3,748,731,733
3,1083,730,750
3,728,746,1087,734
3,725,1074,744
3,1071,722,742
3,442,745,444,723,743,446,1192,720,877,739,729,875,726,447,878,873,715,448,713,747,879,737,732,443,876,872,445,441,741,718,735,749,874
3,771,1110,765,762,759,757,1106
3,775
3,752,1103,754,773,1090,1094,1100,1092,1097
3,1107,768,783
3,1111,766,781,769
3,1098,763,779
3,1095,777,760
3,770,881,883,885,452,778,780,756,751,454,764,456,882,776,758,880,884,451,455,761,774,753,772,767,887,450,886,782,453,1193
3,787,800
3,788,802,1125
3,791,804,793
3,798,1195,795,1117,1124,1121,790,785,1114
3,889,461,801,890,460,797,891,799,789,784,794,1194,458,459,786,803,888,792
3,810,1133,1128,808
3,806,1134,812,1131
3,807,809,811,893,805,892,1196,464,463,894
3,817,1139,1136,814
3,819,1140,815,1142
3,467,896,813,895,466,818,897,1197,816
4,470
4
4,472
4,473
4
4,475
4,476
4
4,478
4,479
4
4,481
4,482
4
4,484
4,485
4
4,487
4,488
4
4,490
4,491
4
4,493
4,494
4
4,496
4
4,498
4
4,500
4
4,502
4
4,504
4
4,506
4
4,508
4
4,510
4
4,512
4
4,514
4
4,516
4,517
4
4,519
4,520
4
4,522
4,523
4
4,525
4,526
4
4,528
4,529
4
4,531
4,532
4
4,534
4,535
4
4,537
4
4,539
4
4,541
4
4,543
4
4,545
4
4,547
4
4,549
4
4,551
4
4,553
4
4,555
4,556
4
4,558
4,559
4
4,561
4,562
4
4,564
4,565
4
4,567
4,568
4
4,570
4,571
4
4,573
4
4,575
4
4,577
4
4,579
4
4,581
4
4,583
4
4,585
4
4,587
4
4,589
4,590
4
4,592
4,593
4
4,595
4
4,597
4
4,599
4
4,601
4
4,603
4,604
4
4,606
4
4,608
4,609
4
4,611
4,612
4
4,614
4,615
4
4,617
4
4,619
4
4,621
4
4,623
4
4,625
4
4,627
4
4,629
4
4,631
4,632
4
4,634
4,635
4
4,637
4
4,639
4,640
4
4,642
4
4,644
4
4,646
4
4,648
4
4,650
4
4,652
4,653
4
4,655
4,656
4
4,658
4,659
4
4,661
4
4,663
4
4,665
4
4,667
4
4,669
4
4,671
4
4,673
4,674
4
4,676
4
4,678
4,679
4
4,681
4,682
4
4,684
4,685
4
4,687
4,688
4
4,690
4,691
4
4,693
4,694
4
4,696
4
4,698
4
4,700
4
4,702
4
4,704
4
4,706
4
4,708
4
4,710
4
4,712
4
4,714
4
4,716
4,717
4
4,719
4
4,721
4,722
4
4,724
4,725
4
4,727
4,728
4
4,730
4,731
4
4,733
4,734
4
4,736
4
4,738
4
4,740
4
4,742
4
4,744
4
4,746
4
4,748
4
4,750
4
4,752
4
4,754
4,755
4
4,757
4
4,759
4,760
4
4,762
4,763
4
4,765
4,766
4
4,768
4,769
4
4,771
4
4,773
4
4,775
4
4,777
4
4,779
4
4,781
4
4,783
4
4,785
4
4,787
4,788
4
4,790
4,791
4
4,793
4
4,795
4,796
4
4,798
4
4,800
4
4,802
4
4,804
4
4,806
4
4,808
4
4,810
4
4,812
4
4,814
4,815
4
4,817
4
4,819
4
5,898
5,901
5,903
5,906
5,909
5,912
5,915
5,918
5,922
5,925
5,927
5,930
5,933
5,936
5,939
5,942
5,946
5,949
5,951
5,954
5,957
5,960
5,963
5,966
5,970
5,974
5,977
5,981
5,984
5,988
5,991
5,995
5,998
5,1002
5,1005
5,1009
5,1012
5,1016
5,1019
5,1023
5,1026
5,1030
5,1033
5,1037
5,1040
5,1043
5,1045
5,1048
5,1051
5,1054
5,1057
5,1060
5,1064
5,1067
5,1069
5,1072
5,1075
5,1078
5,1081
5,1084
5,1088
5,1091
5,1093
5,1096
5,1099
5,1102
5,1105
5,1108
5,1112
5,1116
5,1119
5,1123
5,1126
5,1129
5,1132
5,1135
5,1137
5,1141
6,899
6,900
6
6,902
6
6,904
6,905
6
6,907
6,908
6
6,910
6,911
6
6,913
6,914
6
6,916
6,917
6
6,919
6,920
6,921
6
6,923
6,924
6
6,926
6
6,928
6,929
6
6,931
6,932
6
6,934
6,935
6
6,937
6,938
6
6,940
6,941
6
6,943
6,944
6,945
6
6,947
6,948
6
6,950
6
6,952
6,953
6
6,955
6,956
6
6,958
6,959
6
6,961
6,962
6
6,964
6,965
6
6,967
6,968
6,969
6
6,971
6,972
6,973
6
6,975
6,976
6
6,978
6,979
6,980
6
6,982
6,983
6
6,985
6,986
6,987
6
6,989
6,990
6
6,992
6,993
6,994
6
6,996
6,997
6
6,999
6,1000
6,1001
6
6,1003
6,1004
6
6,1006
6,1007
6,1008
6
6,1010
6,1011
6
6,1013
6,1014
6,1015
6
6,1017
6,1018
6
6,1020
6,1021
6,1022
6
6,1024
6,1025
6
6,1027
6,1028
6,1029
6
6,1031
6,1032
6
6,1034
6,1035
6,1036
6
6,1038
6,1039
6
6,1041
6,1042
6
6,1044
6
6,1046
6,1047
6
6,1049
6,1050
6
6,1052
6,1053
6
6,1055
6,1056
6
6,1058
6,1059
6
6,1061
6,1062
6,1063
6
6,1065
6,1066
6
6,1068
6
6,1070
6,1071
6
6,1073
6,1074
6
6,1076
6,1077
6
6,1079
6,1080
6
6,1082
6,1083
6
6,1085
6,1086
6,1087
6
6,1089
6,1090
6
6,1092
6
6,1094
6,1095
6
6,1097
6,1098
6
6,1100
6,1101
6
6,1103
6,1104
6
6,1106
6,1107
6
6,1109
6,1110
6,1111
6
6,1113
6,1114
6,1115
6
6,1117
6,1118
6
6,1120
6,1121
6,1122
6
6,1124
6,1125
6
6,1127
6,1128
6
6,1130
6,1131
6
6,1133
6,1134
6
6,1136
6
6,1138
6,1139
6,1140
6
6,1142
6
14,1181,1188,1183,63,1197,1182
14,64,1196,1192,1191,1193
14,87,1184,69,89,79,67,91,81,65,71,85,93,75,95,97,73,77,83
14,119,113,123,117,101,103,129,105,127,1186,107,115,121,99,111,131,125,109
14,145,1189,151,135,161,147,137,165,163,133,143,149,157,153,141,159,155,139
14,185,169,197,167,181,175,183,193,1194,189,177,199,195,191,187,179,171,173
12,807,259,245,201,675,278,586,1067,1135,600,346,925,949,231,628,270,294,649,1091,220,371,1043,1127,756,332,324,784,316,308,212,901,718,286,357
12,915,1085,1105,1057,943,764,963,527,483,1109,1081,939,683,1061,566,967,919,726
12,689,729,767,486,492,692,533,686,530,489,569,732
12,1120,978,310,909,1099,247,334,1051,1013,373,326,222,607,981,1075,233,957,933,1037,359,1034,1002,999,296,1123,657,1016
12
12,1141,805,1130
12,515,672,554,753,715,471
12,613
12,588,630,786
12,1138,1132,557,518,474,813
12,792,605,636
12,680,283,351,302,340,985,563,206,217,1020,906,954,988,1048,789,253,291,723,1023,239,329,761,480,602,930,651,524,1096,264,633,1072,272,365
12,256,992,368,267,1054,971,305,638,1009,936,794,1102,275,1078,343,1030,610,1006,354,321,591,960,912,1027,974,1116,1113,313,242,995,228,209,379,654
12,507,550,709,546,511,584,749,780,582,509,747,711,782,745,707,548,505,705
12,666,598,622,801,645
12
12,741,578,542,701,501,776
12,770,536,495,695,735,572,816,809
12,596
12,618
12,818,540,499,576,811
12,643
12
12,574,737,538,697,616,772,797,641,660,594,497
12,662
12,699,774,739
12,799
12,503,544,580,620,647,664,703,778,803,743
12,626,624,668
12
12,751,670,469,1065,947,1089,923,513,899,552,713,1041
12,720,677,280,299,318,288,1045,250,225,1093,337,214,521,903,376,203,927,951,1069,236,758,560,362,477,261,348
7,1199
7,1199
7,1199
7,1185
7
7,1187
7
7,1199
7,1190
7
7,1202
7,1202
7,1202
7,1195
7
7,1202
7,1199
15
15
15
15
15
15