0
0
0
0
0
0
0
0,272
0
0
0
0,999,348,310,329,373,283,217
0
0
0
0
0
0,697,496
0,214,332,395,291,258,370
0,324,340,253,379
0,540,740
0,958,316,1124,404,934,982,1038,1076,1145,1003,1062,1027,1100,267
0,299,233,390,225,354
0,103,219,67,216,211,139,175,213
0,69,141,105,222,227,177,224
0,143,71,107,318,320,179,323
0,73,145,331,181,328,326,109
0,75,183,334,339,336,111,147
0,185,344,350,113,347,353,342,77,149
0,115,361,358,187,356,151,79,364
0,81,153,378,375,367,372,369,189,117
0,191,383,381,386,389,155,119,83
0,121,85,392,193,400,394,403,397,157
0,159,123,87,235,195,230,238,232
0,241,89,249,246,125,252,243,197,161
0,257,263,266,255,91,199,163,260,127
0,165,269,201,271,274,277,129,93
0,131,203,280,282,95,167,285
0,205,290,288,169,293,133,97
0,99,135,301,171,207,296,298
0,173,315,312,209,101,137,304,309,306
0,244,359,307
0
0,387
0
0
0
0
0
0
0
0
0
0
0
0
0
0,579,778
0,351,302,264,228,220,376,365,286,1048
0
0,937,1031,996,1079,1055,1103,819,616,1127,985,1138,663,961
0,1141,321,384,236,362,247,275,398,1034,261
0,401,250,1013,337,278,313,294
0,345,239
1,1222
1,1225
1,67
1,1222
1,69
1,1224
1,71
1,1224
1,73
1,1222
1,75
1,1222
1,77
1,1222
1,79
1,1222
1,81
1,1223
1,83
1,1224
1,85
1,1224
1,87
1,1222
1,89
1,1224
1,91
1,1222
1,93
1,1224
1,95
1,1223
1,97
1,1222
1,99
1,1222
1,101
1,1222
1,103
1,1223
1,105
1,1226
1,107
1,1226
1,109
1,1223
1,111
1,1223
1,113
1,1223
1,115
1,1223
1,117
1,1225
1,119
1,1226
1,121
1,1226
1,123
1,1223
1,125
1,1226
1,127
1,1223
1,129
1,1226
1,131
1,1225
1,133
1,1223
1,135
1,1223
1,137
1,1223
1,139
1,1222
1,141
1,1225
1,143
1,1225
1,145
1,1222
1,147
1,1222
1,149
1,1222
1,151
1,1222
1,153
1,1224
1,155
1,1225
1,157
1,1225
1,159
1,1222
1,161
1,1225
1,163
1,1222
1,165
1,1225
1,167
1,1224
1,169
1,1222
1,171
1,1222
1,173
1,1222
1,175
1,1221
1,177
1,1223
1,179
1,1223
1,181
1,1221
1,183
1,1221
1,185
1,1221
1,187
1,1221
1,189
1,1222
1,191
1,1223
1,193
1,1223
1,195
1,1221
1,197
1,1223
1,199
1,1221
1,201
1,1223
1,203
1,1222
1,205
1,1221
1,207
1,1221
1,209
1,1221
2,211
2
2,213
2,214
2
2,216
2,217
2
2,219
2,220
2
2,222
2
2,224
2,225
2
2,227
2,228
2
2,230
2
2,232
2,233
2
2,235
2,236
2
2,238
2,239
2
2,241
2
2,243
2,244
2
2,246
2,247
2
2,249
2,250
2
2,252
2,253
2
2,255
2
2,257
2,258
2
2,260
2,261
2
2,263
2,264
2
2,266
2,267
2
2,269
2
2,271
2,272
2
2,274
2,275
2
2,277
2,278
2
2,280
2
2,282
2,283
2
2,285
2,286
2
2,288
2
2,290
2,291
2
2,293
2,294
2
2,296
2
2,298
2,299
2
2,301
2,302
2
2,304
2
2,306
2,307
2
2,309
2,310
2
2,312
2,313
2
2,315
2,316
2
2,318
2
2,320
2,321
2
2,323
2,324
2
2,326
2
2,328
2,329
2
2,331
2,332
2
2,334
2
2,336
2,337
2
2,339
2,340
2
2,342
2
2,344
2,345
2
2,347
2,348
2
2,350
2,351
2
2,353
2,354
2
2,356
2
2,358
2,359
2
2,361
2,362
2
2,364
2,365
2
2,367
2
2,369
2,370
2
2,372
2,373
2
2,375
2,376
2
2,378
2,379
2
2,381
2
2,383
2,384
2
2,386
2,387
2
2,389
2,390
2
2,392
2
2,394
2,395
2
2,397
2,398
2
2,400
2,401
2
2,403
2,404
2
3,939,504,519,501,943,507,498
3,499,523
3,923,933,521,495,925,936,927,930,493
3,513,511,531
3,514,516,533
3,940,510,535
3,944,508,529,517
3,931,505,527
3,502,928,525
3,405,845,534,410,522,413,518,492,409,844,846,411,509,526,1204,497,494,500,408,849,847,406,407,506,412,528,512,520,503,530,532,850,524,515,843,848
3,545,551,560,542,548,963,967
3,543,564
3,951,537,954,562,539,957,960,949,947
3,555,557,572
3,574,554,964
3,968,552,558,570
3,568,955,549
3,952,566,546
3,421,536,541,556,1205,854,567,416,550,573,538,418,547,858,417,852,856,853,544,857,855,559,420,851,553,419,415,565,569,571,422,561,563
3,991,590,587,596,987,581,584
3,582,600
3,576,978,984,973,971,975,981,598,578
3,608,593,988
3,591,594,992,606
3,588,604,979
3,585,976,602
3,424,859,862,599,586,1206,577,860,603,592,595,589,425,597,601,607,427,426,864,430,428,865,575,861,866,583,580,605,863,429
3,620,612
3,1006,613,622
3,995,1002,1005,615,998,1208,610,618
3,619,614,609,867,870,432,434,617,433,621,868,611,1207,869
3,642
3,1020,650,638
3,632,646,1024
3,644,1010,627,629
3,1017,635,637,648
3,634,624,1210,1016,1023,1019,640,1026,1012,631,1009,626
3,630,440,439,649,876,875,436,628,643,441,633,871,639,438,874,645,1209,625,872,647,873,636,437,623,641
3,667,654
3,1041,655,669
3,660,671,658
3,1037,662,652,1040,1033,665,1030,657
3,1211,878,666,443,661,659,880,670,877,445,879,446,653,444,668,656,664,651
3,686
3,682,1059,690
3,688,676,1045
3,1052,692,679
3,1058,681,1061,673,675,684,1051,1054,1213,678,1044,1047
3,882,687,450,884,685,886,1212,680,683,689,691,672,881,448,451,677,883,452,449,674,885
3,719,1085,1081,707,699,701,704
3,723
3,721,1069,1075,1065,1072,696,1067,694,1078
3,711,731,713
3,733,716,714
3,1082,735,710
3,1086,717,729,708
3,1073,727,705
3,1070,725,702
3,734,891,888,458,695,462,461,700,893,720,709,728,693,732,454,703,894,698,887,1214,892,706,722,889,460,890,456,715,730,726,455,712,457,718,459,724
3,747,759,742,744,750,1109,1105
3,763
3,1089,1096,739,1099,737,1091,1093,761,1102
3,771,754,756
3,1106,753,773
3,751,769,1110,757
3,748,1097,767
3,1094,745,765
3,465,768,902,467,741,746,766,469,758,1215,743,900,762,752,898,749,470,901,896,738,897,471,736,770,760,755,466,899,895,468,464,764,772
3,794,788,785,1133,782,780,1129
3,798
3,775,777,1126,796,1113,1117,1123,1115,1120
3,791,1130,806
3,1134,789,804,792
3,1121,786,802
3,1118,800,783
3,907,793,904,906,908,475,801,473,803,779,477,787,479,905,774,474,799,781,903,478,784,797,776,795,790,910,909,805,476,1216
3,810,823
3,811,825,1148
3,814,827,816
3,821,1218,818,1140,1147,813,1144,808,1137
3,912,484,824,913,483,820,914,822,812,1217,807,817,481,482,809,826,911,815
3,833,1156,831,1151
3,829,1157,835,1154
3,832,834,916,828,915,1219,830,487,486,917
3,840,1162,1159,837
3,842,1163,838,1165
3,490,919,836,918,489,841,1220,920,839
4,493
4
4,495
4,496
4
4,498
4,499
4
4,501
4,502
4
4,504
4,505
4
4,507
4,508
4
4,510
4,511
4
4,513
4,514
4
4,516
4,517
4
4,519
4
4,521
4
4,523
4
4,525
4
4,527
4
4,529
4
4,531
4
4,533
4
4,535
4
4,537
4
4,539
4,540
4
4,542
4,543
4
4,545
4,546
4
4,548
4,549
4
4,551
4,552
4
4,554
4,555
4
4,557
4,558
4
4,560
4
4,562
4
4,564
4
4,566
4
4,568
4
4,570
4
4,572
4
4,574
4
4,576
4
4,578
4,579
4
4,581
4,582
4
4,584
4,585
4
4,587
4,588
4
4,590
4,591
4
4,593
4,594
4
4,596
4
4,598
4
4,600
4
4,602
4
4,604
4
4,606
4
4,608
4
4,610
4
4,612
4,613
4
4,615
4,616
4
4,618
4
4,620
4
4,622
4
4,624
4
4,626
4,627
4
4,629
4
4,631
4,632
4
4,634
4,635
4
4,637
4,638
4
4,640
4
4,642
4
4,644
4
4,646
4
4,648
4
4,650
4
4,652
4
4,654
4,655
4
4,657
4,658
4
4,660
4
4,662
4,663
4
4,665
4
4,667
4
4,669
4
4,671
4
4,673
4
4,675
4,676
4
4,678
4,679
4
4,681
4,682
4
4,684
4
4,686
4
4,688
4
4,690
4
4,692
4
4,694
4
4,696
4,697
4
4,699
4
4,701
4,702
4
4,704
4,705
4
4,707
4,708
4
4,710
4,711
4
4,713
4,714
4
4,716
4,717
4
4,719
4
4,721
4
4,723
4
4,725
4
4,727
4
4,729
4
4,731
4
4,733
4
4,735
4
4,737
4
4,739
4,740
4
4,742
4
4,744
4,745
4
4,747
4,748
4
4,750
4,751
4
4,753
4,754
4
4,756
4,757
4
4,759
4
4,761
4
4,763
4
4,765
4
4,767
4
4,769
4
4,771
4
4,773
4
4,775
4
4,777
4,778
4
4,780
4
4,782
4,783
4
4,785
4,786
4
4,788
4,789
4
4,791
4,792
4
4,794
4
4,796
4
4,798
4
4,800
4
4,802
4
4,804
4
4,806
4
4,808
4
4,810
4,811
4
4,813
4,814
4
4,816
4
4,818
4,819
4
4,821
4
4,823
4
4,825
4
4,827
4
4,829
4
4,831
4
4,833
4
4,835
4
4,837
4,838
4
4,840
4
4,842
4
5,921
5,924
5,926
5,929
5,932
5,935
5,938
5,941
5,945
5,948
5,950
5,953
5,956
5,959
5,962
5,965
5,969
5,972
5,974
5,977
5,980
5,983
5,986
5,989
5,993
5,997
5,1000
5,1004
5,1007
5,1011
5,1014
5,1018
5,1021
5,1025
5,1028
5,1032
5,1035
5,1039
5,1042
5,1046
5,1049
5,1053
5,1056
5,1060
5,1063
5,1066
5,1068
5,1071
5,1074
5,1077
5,1080
5,1083
5,1087
5,1090
5,1092
5,1095
5,1098
5,1101
5,1104
5,1107
5,1111
5,1114
5,1116
5,1119
5,1122
5,1125
5,1128
5,1131
5,1135
5,1139
5,1142
5,1146
5,1149
5,1152
5,1155
5,1158
5,1160
5,1164
6,922
6,923
6
6,925
6
6,927
6,928
6
6,930
6,931
6
6,933
6,934
6
6,936
6,937
6
6,939
6,940
6
6,942
6,943
6,944
6
6,946
6,947
6
6,949
6
6,951
6,952
6
6,954
6,955
6
6,957
6,958
6
6,960
6,961
6
6,963
6,964
6
6,966
6,967
6,968
6
6,970
6,971
6
6,973
6
6,975
6,976
6
6,978
6,979
6
6,981
6,982
6
6,984
6,985
6
6,987
6,988
6
6,990
6,991
6,992
6
6,994
6,995
6,996
6
6,998
6,999
6
6,1001
6,1002
6,1003
6
6,1005
6,1006
6
6,1008
6,1009
6,1010
6
6,1012
6,1013
6
6,1015
6,1016
6,1017
6
6,1019
6,1020
6
6,1022
6,1023
6,1024
6
6,1026
6,1027
6
6,1029
6,1030
6,1031
6
6,1033
6,1034
6
6,1036
6,1037
6,1038
6
6,1040
6,1041
6
6,1043
6,1044
6,1045
6
6,1047
6,1048
6
6,1050
6,1051
6,1052
6
6,1054
6,1055
6
6,1057
6,1058
6,1059
6
6,1061
6,1062
6
6,1064
6,1065
6
6,1067
6
6,1069
6,1070
6
6,1072
6,1073
6
6,1075
6,1076
6
6,1078
6,1079
6
6,1081
6,1082
6
6,1084
6,1085
6,1086
6
6,1088
6,1089
6
6,1091
6
6,1093
6,1094
6
6,1096
6,1097
6
6,1099
6,1100
6
6,1102
6,1103
6
6,1105
6,1106
6
6,1108
6,1109
6,1110
6
6,1112
6,1113
6
6,1115
6
6,1117
6,1118
6
6,1120
6,1121
6
6,1123
6,1124
6
6,1126
6,1127
6
6,1129
6,1130
6
6,1132
6,1133
6,1134
6
6,1136
6,1137
6,1138
6
6,1140
6,1141
6
6,1143
6,1144
6,1145
6
6,1147
6,1148
6
6,1150
6,1151
6
6,1153
6,1154
6
6,1156
6,1157
6
6,1159
6
6,1161
6,1162
6,1163
6
6,1165
6
14,1204,1211,1206,64,1220,1205
14,65,1219,1215,1214,1216
14,88,100,1207,70,92,90,80,68,82,66,72,86,94,76,96,98,74,78,84
14,136,120,114,124,118,102,104,130,106,134,128,1209,108,116,122,112,132,126,110
14,172,146,1212,156,152,162,168,170,148,138,166,164,144,150,158,154,142,160,140
14,186,208,198,182,176,184,194,1217,190,178,200,206,196,192,202,188,180,174,204
12,698,268,254,210,287,609,1090,1158,623,355,391,948,972,240,651,279,303,672,1114,229,380,1066,1150,779,341,333,830,807,325,317,221,924,741,295,366
12,1084,938,1108,1128,966,787,986,942,550,506,1132,1104,962,1080,706,589,990,749
12,712,752,790,755,509,515,715,556,709,553,512,592
12,1143,377,1001,1146,1122,314,1025,338,343,1074,1036,630,1004,1098,980,956,1060,265,1022,385,237,932,251,1057,680,322,1039,402
12
12,1164,828,1153
12,538,695,776,577,738,494
12,636
12,611,653,809
12,1155,580,541,497,836,1161
12,815,628,659
12,218,703,292,311,349,1008,586,399,226,1043,929,977,1071,812,335,262,300,746,1046,276,248,1011,784,503,625,953,674,547,1119,363,284,656,1095,374
12,371,308,234,1015,346,1077,215,994,661,382,273,1032,959,360,396,1125,1101,1053,633,1029,327,614,983,935,1050,997,817,245,1139,319,1136,259,1018,281,677
12,530,573,732,730,569,534,607,772,803,605,532,734,805,768,571,528,770,728
12,689,621,645,824,668
12
12,764,565,724,524,799,601
12,793,559,518,718,758,595,839,832
12,619
12,641
12,841,563,522,599,834
12,666
12
12,720,597,760,561,639,795,820,664,683,617,520
12,685
12,722,797,762
12,822
12,526,567,726,603,643,670,687,801,826,766
12,649,647,691
12
12,774,1064,693,492,1088,970,1112,946,536,922,575,736
12,700,743,289,256,388,242,297,1068,231,1116,223,544,926,368,305,950,974,393,1092,781,212,330,583,500,352,270,357
7,1222
7,1222
7,1222
7,1208
7
7,1210
7
7,1222
7,1213
7
7,1225
7,1225
7,1225
7,1218
7
7,1225
7,1222
15
15
15
15
15
15