0
0
0
0
0
0
0
0,335,408
0,248,278,351,267,259,397
0,391
0
0,311,378,327,303,251,400,354,362,1014
0
0
0
0
0
0,712,511
0,256
0
0,555,755
0,973,1139,300,949,308,997,1053,1091,1160,1018,1042,1077,316,1115
0,231,272,383,264
0,236,68,239,233,108,148,228,188,230
0,70,247,190,250,150,244,110,242
0,329,72,112,152,334,331,192
0,194,74,337,154,339,342,114
0,76,116,156,345,347,350,353,196
0,361,356,358,78,158,118,198
0,200,160,120,366,369,80,364
0,122,372,374,82,202,162,377
0,164,382,124,204,385,380,84
0,86,399,126,166,393,206,390,396,388
0,168,88,402,407,410,128,208,404
0,170,418,90,413,415,130,210
0,172,92,258,253,212,255,132
0,134,94,263,174,214,261,266
0,274,280,176,269,271,216,277,96,136
0,285,98,288,138,218,283,178
0,100,220,293,299,140,296,180,291,302
0,307,305,310,102,182,222,142
0,104,318,224,144,184,313,315
0,106,146,321,326,226,186,323
0
0
0,289,237
0
0
0
0
0
0
0
0
0
0
0
0,594,793
0,332,348,324,416,394,1063,375,405,340
0
0,952,1046,1011,1094,1070,1118,834,631,1142,1000,1153,678,976
0,1156,411,343,386,419,1049,319,240,281
0,297,245,275,286,370,1028,234
0,294,367
0,359
1,1237
1,1240
1,68
1,1237
1,70
1,1237
1,72
1,1237
1,74
1,1237
1,76
1,1238
1,78
1,1238
1,80
1,1238
1,82
1,1237
1,84
1,1239
1,86
1,1238
1,88
1,1237
1,90
1,1238
1,92
1,1239
1,94
1,1239
1,96
1,1239
1,98
1,1238
1,100
1,1237
1,102
1,1238
1,104
1,1237
1,106
1,1237
1,108
1,1238
1,110
1,1238
1,112
1,1238
1,114
1,1238
1,116
1,1240
1,118
1,1240
1,120
1,1240
1,122
1,1238
1,124
1,1241
1,126
1,1240
1,128
1,1238
1,130
1,1240
1,132
1,1241
1,134
1,1241
1,136
1,1241
1,138
1,1240
1,140
1,1238
1,142
1,1240
1,144
1,1238
1,146
1,1238
1,148
1,1237
1,150
1,1237
1,152
1,1237
1,154
1,1237
1,156
1,1239
1,158
1,1239
1,160
1,1239
1,162
1,1237
1,164
1,1240
1,166
1,1239
1,168
1,1237
1,170
1,1239
1,172
1,1240
1,174
1,1240
1,176
1,1240
1,178
1,1239
1,180
1,1237
1,182
1,1239
1,184
1,1237
1,186
1,1237
1,188
1,1236
1,190
1,1236
1,192
1,1236
1,194
1,1236
1,196
1,1237
1,198
1,1237
1,200
1,1237
1,202
1,1236
1,204
1,1238
1,206
1,1237
1,208
1,1236
1,210
1,1237
1,212
1,1238
1,214
1,1238
1,216
1,1238
1,218
1,1237
1,220
1,1236
1,222
1,1237
1,224
1,1236
1,226
1,1236
2,228
2
2,230
2,231
2
2,233
2,234
2
2,236
2,237
2
2,239
2,240
2
2,242
2
2,244
2,245
2
2,247
2,248
2
2,250
2,251
2
2,253
2
2,255
2,256
2
2,258
2,259
2
2,261
2
2,263
2,264
2
2,266
2,267
2
2,269
2
2,271
2,272
2
2,274
2,275
2
2,277
2,278
2
2,280
2,281
2
2,283
2
2,285
2,286
2
2,288
2,289
2
2,291
2
2,293
2,294
2
2,296
2,297
2
2,299
2,300
2
2,302
2,303
2
2,305
2
2,307
2,308
2
2,310
2,311
2
2,313
2
2,315
2,316
2
2,318
2,319
2
2,321
2
2,323
2,324
2
2,326
2,327
2
2,329
2
2,331
2,332
2
2,334
2,335
2
2,337
2
2,339
2,340
2
2,342
2,343
2
2,345
2
2,347
2,348
2
2,350
2,351
2
2,353
2,354
2
2,356
2
2,358
2,359
2
2,361
2,362
2
2,364
2
2,366
2,367
2
2,369
2,370
2
2,372
2
2,374
2,375
2
2,377
2,378
2
2,380
2
2,382
2,383
2
2,385
2,386
2
2,388
2
2,390
2,391
2
2,393
2,394
2
2,396
2,397
2
2,399
2,400
2
2,402
2
2,404
2,405
2
2,407
2,408
2
2,410
2,411
2
2,413
2
2,415
2,416
2
2,418
2,419
2
3,954,513,519,534,516,958,522
3,514,538
3,938,948,536,510,940,951,942,945,508
3,528,526,546
3,529,531,548
3,955,525,550
3,959,523,544,532
3,946,520,542
3,517,943,540
3,420,860,549,425,537,428,533,507,424,859,861,426,524,541,1219,512,509,515,423,864,862,858,421,422,521,427,543,527,535,518,545,547,865,539,530,863
3,560,566,575,557,563,978,982
3,558,579
3,966,552,969,964,577,554,972,975,962
3,570,572,587
3,589,569,979
3,983,567,573,585
3,583,970,564
3,967,581,561
3,551,556,571,869,582,431,565,588,553,433,562,873,432,867,871,578,868,559,872,574,436,435,866,568,870,580,434,430,584,1220,437,576,586
3,611,596,1006,605,602,1002,599
3,597,615
3,591,993,999,988,986,990,996,613,593
3,623,608,1003
3,606,609,1007,621
3,603,619,994
3,991,600,617
3,439,874,877,610,614,601,1221,592,875,618,607,604,440,612,616,622,442,441,879,445,443,880,590,876,881,598,595,620,878,444
3,635,627
3,1021,628,637
3,1010,1017,1020,630,1013,1223,633,625
3,634,629,624,882,885,447,1222,449,632,448,636,883,626,884
3,657
3,1035,665,653
3,647,661,1039
3,659,1025,642,644
3,663,1032,650,652
3,639,655,1225,1031,1038,1034,1041,649,641,1027,646,1024
3,645,455,454,664,891,890,451,643,456,648,886,654,453,889,660,1224,640,887,662,888,651,658,452,638,656
3,669,682
3,1056,670,684
3,675,686,673
3,1052,677,1055,667,1048,680,1045,672
3,681,458,676,674,685,895,892,460,894,1226,461,893,668,459,683,671,679,666
3,701
3,697,1074,705
3,691,703,1060
3,1067,707,694
3,1073,1069,696,1076,688,690,699,1066,1228,693,1059,1062
3,465,899,700,901,1227,695,698,702,704,706,897,687,896,463,466,692,898,467,464,689,900
3,1100,734,1096,722,714,716,719
3,738
3,736,1084,1090,1080,1087,711,1082,709,1093
3,726,746,728
3,731,729,748
3,1097,750,725
3,1101,732,744,723
3,1088,742,720
3,717,1085,740
3,906,903,473,1229,710,477,476,715,908,727,724,743,708,747,469,718,909,713,902,749,907,721,737,904,735,475,905,471,730,739,745,741,470,472,733,474
3,762,774,759,765,1124,757,1120
3,778
3,1111,1104,754,1114,752,1106,1108,776,1117
3,786,769,771
3,1121,768,788
3,766,784,1125,772
3,763,1112,782
3,760,780,1109
3,480,783,482,761,484,773,1230,758,915,777,767,913,764,485,916,911,781,753,486,751,912,785,770,917,775,481,914,910,483,479,779,756,787
3,809,803,800,1148,797,795,1144
3,813
3,790,1141,792,1130,811,1128,1132,1138,1135
3,1145,806,821
3,1149,804,819,807
3,1136,801,817
3,1133,815,798
3,814,808,919,921,923,490,816,818,794,789,492,802,494,920,489,796,918,922,799,493,812,791,805,925,810,488,924,820,491,1231
3,825,838
3,826,840,1163
3,829,842,831
3,836,1233,833,1155,1162,1159,828,823,1152
3,837,927,926,499,839,928,498,835,929,827,822,832,1232,496,497,824,841,830
3,848,1171,1166,846
3,844,1172,850,1169
3,847,849,931,930,1234,845,502,501,932,843
3,855,1177,1174,852
3,857,1178,853,1180
3,505,934,851,933,504,856,935,1235,854
4,508
4
4,510
4,511
4
4,513
4,514
4
4,516
4,517
4
4,519
4,520
4
4,522
4,523
4
4,525
4,526
4
4,528
4,529
4
4,531
4,532
4
4,534
4
4,536
4
4,538
4
4,540
4
4,542
4
4,544
4
4,546
4
4,548
4
4,550
4
4,552
4
4,554
4,555
4
4,557
4,558
4
4,560
4,561
4
4,563
4,564
4
4,566
4,567
4
4,569
4,570
4
4,572
4,573
4
4,575
4
4,577
4
4,579
4
4,581
4
4,583
4
4,585
4
4,587
4
4,589
4
4,591
4
4,593
4,594
4
4,596
4,597
4
4,599
4,600
4
4,602
4,603
4
4,605
4,606
4
4,608
4,609
4
4,611
4
4,613
4
4,615
4
4,617
4
4,619
4
4,621
4
4,623
4
4,625
4
4,627
4,628
4
4,630
4,631
4
4,633
4
4,635
4
4,637
4
4,639
4
4,641
4,642
4
4,644
4
4,646
4,647
4
4,649
4,650
4
4,652
4,653
4
4,655
4
4,657
4
4,659
4
4,661
4
4,663
4
4,665
4
4,667
4
4,669
4,670
4
4,672
4,673
4
4,675
4
4,677
4,678
4
4,680
4
4,682
4
4,684
4
4,686
4
4,688
4
4,690
4,691
4
4,693
4,694
4
4,696
4,697
4
4,699
4
4,701
4
4,703
4
4,705
4
4,707
4
4,709
4
4,711
4,712
4
4,714
4
4,716
4,717
4
4,719
4,720
4
4,722
4,723
4
4,725
4,726
4
4,728
4,729
4
4,731
4,732
4
4,734
4
4,736
4
4,738
4
4,740
4
4,742
4
4,744
4
4,746
4
4,748
4
4,750
4
4,752
4
4,754
4,755
4
4,757
4
4,759
4,760
4
4,762
4,763
4
4,765
4,766
4
4,768
4,769
4
4,771
4,772
4
4,774
4
4,776
4
4,778
4
4,780
4
4,782
4
4,784
4
4,786
4
4,788
4
4,790
4
4,792
4,793
4
4,795
4
4,797
4,798
4
4,800
4,801
4
4,803
4,804
4
4,806
4,807
4
4,809
4
4,811
4
4,813
4
4,815
4
4,817
4
4,819
4
4,821
4
4,823
4
4,825
4,826
4
4,828
4,829
4
4,831
4
4,833
4,834
4
4,836
4
4,838
4
4,840
4
4,842
4
4,844
4
4,846
4
4,848
4
4,850
4
4,852
4,853
4
4,855
4
4,857
4
5,936
5,939
5,941
5,944
5,947
5,950
5,953
5,956
5,960
5,963
5,965
5,968
5,971
5,974
5,977
5,980
5,984
5,987
5,989
5,992
5,995
5,998
5,1001
5,1004
5,1008
5,1012
5,1015
5,1019
5,1022
5,1026
5,1029
5,1033
5,1036
5,1040
5,1043
5,1047
5,1050
5,1054
5,1057
5,1061
5,1064
5,1068
5,1071
5,1075
5,1078
5,1081
5,1083
5,1086
5,1089
5,1092
5,1095
5,1098
5,1102
5,1105
5,1107
5,1110
5,1113
5,1116
5,1119
5,1122
5,1126
5,1129
5,1131
5,1134
5,1137
5,1140
5,1143
5,1146
5,1150
5,1154
5,1157
5,1161
5,1164
5,1167
5,1170
5,1173
5,1175
5,1179
6,937
6,938
6
6,940
6
6,942
6,943
6
6,945
6,946
6
6,948
6,949
6
6,951
6,952
6
6,954
6,955
6
6,957
6,958
6,959
6
6,961
6,962
6
6,964
6
6,966
6,967
6
6,969
6,970
6
6,972
6,973
6
6,975
6,976
6
6,978
6,979
6
6,981
6,982
6,983
6
6,985
6,986
6
6,988
6
6,990
6,991
6
6,993
6,994
6
6,996
6,997
6
6,999
6,1000
6
6,1002
6,1003
6
6,1005
6,1006
6,1007
6
6,1009
6,1010
6,1011
6
6,1013
6,1014
6
6,1016
6,1017
6,1018
6
6,1020
6,1021
6
6,1023
6,1024
6,1025
6
6,1027
6,1028
6
6,1030
6,1031
6,1032
6
6,1034
6,1035
6
6,1037
6,1038
6,1039
6
6,1041
6,1042
6
6,1044
6,1045
6,1046
6
6,1048
6,1049
6
6,1051
6,1052
6,1053
6
6,1055
6,1056
6
6,1058
6,1059
6,1060
6
6,1062
6,1063
6
6,1065
6,1066
6,1067
6
6,1069
6,1070
6
6,1072
6,1073
6,1074
6
6,1076
6,1077
6
6,1079
6,1080
6
6,1082
6
6,1084
6,1085
6
6,1087
6,1088
6
6,1090
6,1091
6
6,1093
6,1094
6
6,1096
6,1097
6
6,1099
6,1100
6,1101
6
6,1103
6,1104
6
6,1106
6
6,1108
6,1109
6
6,1111
6,1112
6
6,1114
6,1115
6
6,1117
6,1118
6
6,1120
6,1121
6
6,1123
6,1124
6,1125
6
6,1127
6,1128
6
6,1130
6
6,1132
6,1133
6
6,1135
6,1136
6
6,1138
6,1139
6
6,1141
6,1142
6
6,1144
6,1145
6
6,1147
6,1148
6,1149
6
6,1151
6,1152
6,1153
6
6,1155
6,1156
6
6,1158
6,1159
6,1160
6
6,1162
6,1163
6
6,1165
6,1166
6
6,1168
6,1169
6
6,1171
6,1172
6
6,1174
6
6,1176
6,1177
6,1178
6
6,1180
6
14,1219,1226,1221,65,1235,1220
14,66,1234,1230,1229,1231
14,89,101,1222,71,93,91,81,69,103,83,67,73,87,95,77,97,99,105,75,79,85
14,137,143,121,139,115,125,119,131,107,135,141,129,1224,109,117,123,145,113,133,127,111
14,173,147,1227,179,153,163,169,171,157,149,167,185,165,151,159,175,181,155,177,161,183
14,211,187,193,209,199,217,225,223,195,219,1232,191,201,207,215,197,213,203,189,221,205
12,268,845,336,328,227,412,290,304,624,1105,1173,638,371,282,963,987,666,320,241,687,355,344,401,260,1129,1081,1165,794,252,822,387,379,939,713,363,756,312
12,953,1123,1143,981,802,1001,565,521,1147,1119,977,1095,721,1099,604,1005,957,764
12,805,767,770,524,530,730,571,724,568,527,607,727
12,265,1158,1016,314,276,1161,1137,947,1040,1089,1051,645,406,1019,1113,995,971,1075,257,1037,306,298,287,1072,246,349,333,395,695,1054,357,235
12
12,1179,843,1168
12,553,710,592,791,753,509
12,651
12,626,668,824
12,1176,1170,595,556,512,851
12,830,643,674
12,718,414,373,1023,338,601,232,243,1058,944,992,1086,827,761,1061,330,284,403,1026,799,518,640,368,968,346,689,295,273,562,1134,392,671,1110,322
12,325,1030,1092,352,1009,676,1012,1047,398,360,974,376,309,384,249,1140,301,1116,1068,648,1044,409,629,238,998,950,1065,317,832,1154,341,1151,1033,279,417,692
12,545,588,747,745,584,549,622,787,818,620,547,785,749,820,783,586,543,743
12,704,660,839,636,683
12
12,779,580,739,539,814,616
12,808,574,533,733,773,854,610,847
12,634
12,656
12,856,578,537,614,849
12,681
12
12,612,576,735,654,810,835,679,698,775,632,535
12,700
12,812,777,737
12,837
12,541,582,741,618,658,685,702,841,816,781
12,664,662,706
12
12,789,1079,937,708,507,1103,985,1127,961,551,590,751
12,715,758,254,381,1083,262,1131,559,941,389,229,965,989,1107,365,796,598,515,292,270
7,1237
7,1237
7,1237
7,1223
7
7,1225
7
7,1237
7,1228
7
7,1240
7,1240
7,1240
7,1233
7
7,1240
7,1237
15
15
15
15
15
15