0
0
0
0
0
0
0
0,251,188
0,210
0
0,223,283,185,884
0
0
0
0
0
0,582,381
0,196,232,172,278
0,425,625
0,843,1009,289,819,867,923,961,1030,888,912,947,985,218
0,264,256,166,204
0,171,59,168,163,137,85,111,165
0,61,113,87,174,179,139,176
0,263,89,63,266,141,261,269,115
0,117,143,65,272,91,274,277
0,67,93,119,145,280,282,285,288
0,187,147,182,69,95,184,121
0,192,149,190,195,97,71,123
0,209,99,198,125,203,206,73,151,200
0,153,214,212,75,101,127,217
0,231,220,228,155,222,77,129,225,103
0,239,131,79,236,105,157,234
0,244,133,107,159,242,81,247,250
0,253,109,83,161,255,135,258
0,245,226
0
0,240,270
0
0
0
0
0
0
0
0
0
0
0
0
0,464,663
0,286,201,193,933
0
0,822,916,881,964,940,988,501,704,1012,870,1023,548,846
0,1026,259,207,237,275,177,919
0,215,267,898,248,229,169
0,180
1,1107
1,1110
1,59
1,1109
1,61
1,1109
1,63
1,1109
1,65
1,1109
1,67
1,1107
1,69
1,1108
1,71
1,1108
1,73
1,1108
1,75
1,1109
1,77
1,1107
1,79
1,1107
1,81
1,1107
1,83
1,1108
1,85
1,1111
1,87
1,1111
1,89
1,1111
1,91
1,1111
1,93
1,1108
1,95
1,1110
1,97
1,1110
1,99
1,1110
1,101
1,1111
1,103
1,1108
1,105
1,1108
1,107
1,1108
1,109
1,1110
1,111
1,1110
1,113
1,1110
1,115
1,1110
1,117
1,1110
1,119
1,1107
1,121
1,1109
1,123
1,1109
1,125
1,1109
1,127
1,1110
1,129
1,1107
1,131
1,1107
1,133
1,1107
1,135
1,1109
1,137
1,1108
1,139
1,1108
1,141
1,1108
1,143
1,1108
1,145
1,1106
1,147
1,1107
1,149
1,1107
1,151
1,1107
1,153
1,1108
1,155
1,1106
1,157
1,1106
1,159
1,1106
1,161
1,1107
2,163
2
2,165
2,166
2
2,168
2,169
2
2,171
2,172
2
2,174
2
2,176
2,177
2
2,179
2,180
2
2,182
2
2,184
2,185
2
2,187
2,188
2
2,190
2
2,192
2,193
2
2,195
2,196
2
2,198
2
2,200
2,201
2
2,203
2,204
2
2,206
2,207
2
2,209
2,210
2
2,212
2
2,214
2,215
2
2,217
2,218
2
2,220
2
2,222
2,223
2
2,225
2,226
2
2,228
2,229
2
2,231
2,232
2
2,234
2
2,236
2,237
2
2,239
2,240
2
2,242
2
2,244
2,245
2
2,247
2,248
2
2,250
2,251
2
2,253
2
2,255
2,256
2
2,258
2,259
2
2,261
2
2,263
2,264
2
2,266
2,267
2
2,269
2,270
2
2,272
2
2,274
2,275
2
2,277
2,278
2
2,280
2
2,282
2,283
2
2,285
2,286
2
2,288
2,289
2
3,824,389,404,386,828,392,383
3,384,408
3,808,818,406,380,810,821,812,815,378
3,398,396,416
3,399,401,418
3,825,395,420
3,829,393,414,402
3,816,390,412
3,387,813,410
3,290,730,419,295,407,298,403,377,294,729,385,731,296,394,411,1089,382,379,400,293,734,732,728,291,292,391,297,413,397,388,415,417,735,409,733,405
3,430,436,445,427,433,848,852
3,428,449
3,836,422,839,834,447,424,842,845,832
3,440,442,457
3,459,439,849
3,853,437,443,455
3,453,840,434
3,837,451,431
3,421,426,441,1090,739,452,301,435,458,423,303,306,432,743,302,737,741,738,429,742,740,444,305,736,438,304,300,450,454,448,307,446,456
3,481,876,475,472,872,466,469
3,467,485
3,461,863,869,858,856,860,866,483,463
3,478,493,873
3,491,476,479,877
3,473,489,864
3,470,861,487
3,309,744,747,480,484,471,477,1091,313,462,311,745,488,474,310,482,486,492,312,749,315,750,460,746,751,468,465,490,748,314
3,505,497
3,891,498,507
3,880,887,890,500,883,1093,503,495
3,504,499,494,752,755,317,1092,319,502,318,506,753,496,754
3,527
3,905,535,523
3,517,531,909
3,529,895,512,514
3,533,902,520,522
3,509,1095,901,908,904,525,911,519,511,897,516,894
3,325,534,761,760,321,513,326,518,528,515,756,524,323,759,530,1094,510,757,532,758,521,322,324,508,526
3,539,552
3,926,540,554
3,545,556,543
3,922,547,537,925,918,550,915,542
3,763,328,546,544,555,765,762,330,764,1096,331,551,538,329,553,541,549,536
3,571
3,567,944,575
3,561,573,930
3,937,577,564
3,943,566,946,558,560,569,936,939,1098,563,929,932
3,767,335,570,771,1097,565,568,572,574,576,557,766,333,336,769,768,562,337,334,559,770
3,604,970,966,592,584,586,589
3,608
3,606,954,960,950,957,581,952,579,963
3,596,616,598
3,601,618,599
3,967,620,595
3,614,971,602,593
3,958,612,590
3,587,955,610
3,619,776,773,343,580,347,346,1099,585,778,605,594,613,578,617,339,588,779,583,772,777,591,607,774,345,775,341,600,615,611,340,597,342,603,344,609
3,632,644,627,629,635,994,990
3,648
3,981,974,624,984,622,976,978,646,987
3,656,639,641
3,991,638,658
3,636,654,642,995
3,633,982,652
3,630,650,979
3,350,653,352,631,651,354,643,1100,628,785,647,637,786,783,634,355,781,623,782,356,621,655,640,787,645,351,784,780,353,349,649,626,657
3,679,673,670,1018,667,665,1014
3,683
3,660,1011,662,681,998,1002,1008,1000,1005
3,1015,676,691
3,1019,674,689,677
3,1006,671,687
3,1003,685,668
3,678,789,791,793,360,684,686,688,664,659,362,672,364,790,359,666,788,792,669,363,682,661,680,795,358,794,690,675,361,1101
3,695,708
3,696,710,1033
3,699,712,701
3,706,1103,703,1025,1032,1029,698,693,1022
3,707,797,369,709,798,368,705,799,697,692,702,1102,366,367,694,711,796,700
3,718,1041,1036,716
3,714,1042,720,1039
3,715,717,719,801,800,1104,372,371,802,713
3,725,1047,1044,722
3,727,1048,723,1050
3,375,804,721,803,374,726,805,1105,724
4,378
4
4,380
4,381
4
4,383
4,384
4
4,386
4,387
4
4,389
4,390
4
4,392
4,393
4
4,395
4,396
4
4,398
4,399
4
4,401
4,402
4
4,404
4
4,406
4
4,408
4
4,410
4
4,412
4
4,414
4
4,416
4
4,418
4
4,420
4
4,422
4
4,424
4,425
4
4,427
4,428
4
4,430
4,431
4
4,433
4,434
4
4,436
4,437
4
4,439
4,440
4
4,442
4,443
4
4,445
4
4,447
4
4,449
4
4,451
4
4,453
4
4,455
4
4,457
4
4,459
4
4,461
4
4,463
4,464
4
4,466
4,467
4
4,469
4,470
4
4,472
4,473
4
4,475
4,476
4
4,478
4,479
4
4,481
4
4,483
4
4,485
4
4,487
4
4,489
4
4,491
4
4,493
4
4,495
4
4,497
4,498
4
4,500
4,501
4
4,503
4
4,505
4
4,507
4
4,509
4
4,511
4,512
4
4,514
4
4,516
4,517
4
4,519
4,520
4
4,522
4,523
4
4,525
4
4,527
4
4,529
4
4,531
4
4,533
4
4,535
4
4,537
4
4,539
4,540
4
4,542
4,543
4
4,545
4
4,547
4,548
4
4,550
4
4,552
4
4,554
4
4,556
4
4,558
4
4,560
4,561
4
4,563
4,564
4
4,566
4,567
4
4,569
4
4,571
4
4,573
4
4,575
4
4,577
4
4,579
4
4,581
4,582
4
4,584
4
4,586
4,587
4
4,589
4,590
4
4,592
4,593
4
4,595
4,596
4
4,598
4,599
4
4,601
4,602
4
4,604
4
4,606
4
4,608
4
4,610
4
4,612
4
4,614
4
4,616
4
4,618
4
4,620
4
4,622
4
4,624
4,625
4
4,627
4
4,629
4,630
4
4,632
4,633
4
4,635
4,636
4
4,638
4,639
4
4,641
4,642
4
4,644
4
4,646
4
4,648
4
4,650
4
4,652
4
4,654
4
4,656
4
4,658
4
4,660
4
4,662
4,663
4
4,665
4
4,667
4,668
4
4,670
4,671
4
4,673
4,674
4
4,676
4,677
4
4,679
4
4,681
4
4,683
4
4,685
4
4,687
4
4,689
4
4,691
4
4,693
4
4,695
4,696
4
4,698
4,699
4
4,701
4
4,703
4,704
4
4,706
4
4,708
4
4,710
4
4,712
4
4,714
4
4,716
4
4,718
4
4,720
4
4,722
4,723
4
4,725
4
4,727
4
5,806
5,809
5,811
5,814
5,817
5,820
5,823
5,826
5,830
5,833
5,835
5,838
5,841
5,844
5,847
5,850
5,854
5,857
5,859
5,862
5,865
5,868
5,871
5,874
5,878
5,882
5,885
5,889
5,892
5,896
5,899
5,903
5,906
5,910
5,913
5,917
5,920
5,924
5,927
5,931
5,934
5,938
5,941
5,945
5,948
5,951
5,953
5,956
5,959
5,962
5,965
5,968
5,972
5,975
5,977
5,980
5,983
5,986
5,989
5,992
5,996
5,999
5,1001
5,1004
5,1007
5,1010
5,1013
5,1016
5,1020
5,1024
5,1027
5,1031
5,1034
5,1037
5,1040
5,1043
5,1045
5,1049
6,807
6,808
6
6,810
6
6,812
6,813
6
6,815
6,816
6
6,818
6,819
6
6,821
6,822
6
6,824
6,825
6
6,827
6,828
6,829
6
6,831
6,832
6
6,834
6
6,836
6,837
6
6,839
6,840
6
6,842
6,843
6
6,845
6,846
6
6,848
6,849
6
6,851
6,852
6,853
6
6,855
6,856
6
6,858
6
6,860
6,861
6
6,863
6,864
6
6,866
6,867
6
6,869
6,870
6
6,872
6,873
6
6,875
6,876
6,877
6
6,879
6,880
6,881
6
6,883
6,884
6
6,886
6,887
6,888
6
6,890
6,891
6
6,893
6,894
6,895
6
6,897
6,898
6
6,900
6,901
6,902
6
6,904
6,905
6
6,907
6,908
6,909
6
6,911
6,912
6
6,914
6,915
6,916
6
6,918
6,919
6
6,921
6,922
6,923
6
6,925
6,926
6
6,928
6,929
6,930
6
6,932
6,933
6
6,935
6,936
6,937
6
6,939
6,940
6
6,942
6,943
6,944
6
6,946
6,947
6
6,949
6,950
6
6,952
6
6,954
6,955
6
6,957
6,958
6
6,960
6,961
6
6,963
6,964
6
6,966
6,967
6
6,969
6,970
6,971
6
6,973
6,974
6
6,976
6
6,978
6,979
6
6,981
6,982
6
6,984
6,985
6
6,987
6,988
6
6,990
6,991
6
6,993
6,994
6,995
6
6,997
6,998
6
6,1000
6
6,1002
6,1003
6
6,1005
6,1006
6
6,1008
6,1009
6
6,1011
6,1012
6
6,1014
6,1015
6
6,1017
6,1018
6,1019
6
6,1021
6,1022
6,1023
6
6,1025
6,1026
6
6,1028
6,1029
6,1030
6
6,1032
6,1033
6
6,1035
6,1036
6
6,1038
6,1039
6
6,1041
6,1042
6
6,1044
6
6,1046
6,1047
6,1048
6
6,1050
6
14,1089,1096,1091,56,1105,1090
14,57,1104,1100,1099,1101
14,80,62,78,82,72,60,74,58,64,68,66,1092,70,76
14,88,90,106,94,96,98,84,1094,100,86,108,92,104,102
14,1097,122,120,124,128,110,116,114,130,118,126,112,132,134
14,138,152,160,158,1102,156,142,144,150,136,148,140,154,146
12,951,233,715,271,219,162,857,494,975,1043,508,833,197,536,557,260,279,241,999,181,1035,252,664,692,173,211,809,583,626,189
12,823,1013,993,851,672,871,435,391,1017,989,847,634,965,591,969,474,875,827
12,675,597,637,640,394,400,600,441,594,438,397,477
12,1028,886,249,1007,230,817,910,208,238,186,959,921,287,515,276,889,983,194,865,841,945,216,907,178,942,1031,268,565,924,170
12
12,713,1038,1049
12,423,580,462,661,623,379
12,521
12,496,538,694
12,465,1046,1040,426,382,721
12,700,513,544
12,588,893,471,167,928,814,862,697,956,191,213,631,931,265,246,227,199,669,388,510,284,838,559,432,1004,541,896,980
12,900,962,986,879,546,914,844,917,183,1010,235,938,175,518,281,882,499,868,820,935,702,1024,257,221,205,1021,273,903,562
12,415,458,617,619,454,419,492,657,688,490,417,655,690,653,615,456,413,613
12,574,506,530,709,553
12
12,649,450,609,409,684,486
12,678,444,403,603,643,724,480,717
12,504
12,526
12,726,448,407,484,719
12,551
12
12,482,605,446,524,680,705,549,568,645,502,405
12,570
12,682,647,607
12,707
12,411,452,488,528,611,555,572,686,711,651
12,534,532,576
12
12,460,659,949,578,377,973,855,997,831,421,807,621
12,585,628,953,1001,429,811,164,835,859,977,243,224,666,254,468,262,385,202
7,1107
7,1107
7,1107
7,1093
7
7,1095
7
7,1107
7,1098
7
7,1110
7,1110
7,1110
7,1103
7
7,1110
7,1107
15
15
15
15
15
15