0
0
0
0
0
0,289,257
0,230,262
0
0,265,281,222,898
0
0,216
0
0
0
0,596,395
0,254,294,270
0,175,194,297,238
0,439,639
0,857,1023,833,881,937,975,1044,902,926,961,999
0,88,60,177,172,116,144,174
0,180,62,118,146,90,182,185
0,64,269,272,267,120,92,148
0,277,94,275,66,122,280,150
0,68,124,152,96,288,283,285
0,293,154,299,302,70,291,126,296,98
0,128,100,72,156,196,188,190,199,193
0,202,207,74,130,204,210,158,102
0,218,132,104,213,215,160,76,221
0,224,229,78,134,232,106,226,162
0,240,108,164,237,136,235,80
0,166,248,138,110,245,82,243
0,253,168,112,140,84,251,256
0,261,170,142,86,114,264,259
0,191,286
0
0,205
0
0
0
0
0
0
0
0
0
0
0
0
0,478,677
0,233,246,273,947,300,219
0
0
0,836,930,895,978,954,1002,515,718,1026,884,1037,562,860
0,1040,211,249,303,186,933,200,178,241
0,208,197,912
0,227,278,183
0
1,1121
1,1124
1,60
1,1122
1,62
1,1123
1,64
1,1123
1,66
1,1123
1,68
1,1122
1,70
1,1122
1,72
1,1121
1,74
1,1121
1,76
1,1121
1,78
1,1121
1,80
1,1121
1,82
1,1121
1,84
1,1121
1,86
1,1121
1,88
1,1124
1,90
1,1125
1,92
1,1125
1,94
1,1125
1,96
1,1124
1,98
1,1124
1,100
1,1122
1,102
1,1122
1,104
1,1122
1,106
1,1122
1,108
1,1122
1,110
1,1122
1,112
1,1122
1,114
1,1122
1,116
1,1123
1,118
1,1124
1,120
1,1124
1,122
1,1124
1,124
1,1123
1,126
1,1123
1,128
1,1121
1,130
1,1121
1,132
1,1121
1,134
1,1121
1,136
1,1121
1,138
1,1121
1,140
1,1121
1,142
1,1121
1,144
1,1121
1,146
1,1122
1,148
1,1122
1,150
1,1122
1,152
1,1121
1,154
1,1121
1,156
1,1120
1,158
1,1120
1,160
1,1120
1,162
1,1120
1,164
1,1120
1,166
1,1120
1,168
1,1120
1,170
1,1120
2,172
2
2,174
2,175
2
2,177
2,178
2
2,180
2
2,182
2,183
2
2,185
2,186
2
2,188
2
2,190
2,191
2
2,193
2,194
2
2,196
2,197
2
2,199
2,200
2
2,202
2
2,204
2,205
2
2,207
2,208
2
2,210
2,211
2
2,213
2
2,215
2,216
2
2,218
2,219
2
2,221
2,222
2
2,224
2
2,226
2,227
2
2,229
2,230
2
2,232
2,233
2
2,235
2
2,237
2,238
2
2,240
2,241
2
2,243
2
2,245
2,246
2
2,248
2,249
2
2,251
2
2,253
2,254
2
2,256
2,257
2
2,259
2
2,261
2,262
2
2,264
2,265
2
2,267
2
2,269
2,270
2
2,272
2,273
2
2,275
2
2,277
2,278
2
2,280
2,281
2
2,283
2
2,285
2,286
2
2,288
2,289
2
2,291
2
2,293
2,294
2
2,296
2,297
2
2,299
2,300
2
2,302
2,303
2
3,838,403,418,400,842,406,397
3,398,422
3,822,832,420,394,824,835,826,829,392
3,412,410,430
3,413,415,432
3,839,409,434
3,843,407,428,416
3,830,404,426
3,401,827,424
3,304,744,433,309,421,312,417,391,308,743,745,310,408,425,1103,396,393,399,307,748,746,305,306,405,311,427,411,419,402,429,431,749,423,414,742,747
3,444,450,459,441,447,862,866
3,442,463
3,850,436,853,848,461,438,856,859,846
3,454,456,471
3,473,863,453
3,867,451,457,469
3,467,854,448
3,851,465,445
3,435,440,455,1104,753,466,315,449,472,437,317,446,757,316,751,755,752,443,756,754,458,320,319,464,750,452,318,314,468,470,321,460,462
3,495,489,486,890,886,480,483
3,481,499
3,475,877,883,872,870,874,880,497,477
3,507,492,887
3,490,493,891,505
3,487,503,878
3,484,875,501
3,323,758,761,494,498,491,762,1105,476,325,759,502,488,324,496,500,506,326,763,329,327,764,474,760,765,482,485,479,504,328
3,519,511
3,905,512,521
3,894,901,517,904,514,897,1107,509
3,518,513,508,766,769,331,1106,333,516,332,520,767,510,768
3,541
3,919,549,537
3,531,545,923
3,543,909,526,528
3,534,916,536,547
3,523,1109,915,922,918,539,925,533,911,530,908,525
3,339,548,775,336,774,335,527,340,532,542,529,770,538,337,773,544,1108,524,771,546,772,535,338,522,540
3,553,566
3,940,554,568
3,559,570,557
3,936,561,551,939,932,564,929,556
3,565,342,560,558,569,779,776,344,778,1110,345,777,555,552,343,567,563,550
3,585
3,581,958,589
3,575,587,944
3,951,591,578
3,957,580,960,572,574,583,950,953,1112,577,943,946
3,781,349,783,584,785,1111,579,582,586,588,590,780,571,347,350,576,782,351,348,573,784
3,618,984,980,606,598,600,603
3,622
3,620,968,974,964,971,595,966,593,977
3,610,630,612
3,615,632,613
3,981,634,609
3,628,985,616,607
3,972,626,604
3,601,969,624
3,633,790,787,357,594,361,360,1113,599,792,619,608,627,631,353,602,793,597,786,791,605,621,788,359,789,355,614,629,625,354,611,592,356,617,358,623
3,646,658,641,643,649,1008,1004
3,662
3,995,988,638,998,636,990,992,660,1001
3,670,653,655
3,1005,652,672
3,650,668,656,1009
3,647,996,666
3,993,664,644
3,364,667,366,640,645,368,657,1114,642,799,661,651,797,648,369,800,795,665,637,796,370,635,669,654,801,659,365,798,794,367,363,663,671
3,693,1028,687,684,1032,681,679
3,697
3,674,1025,676,695,1012,1016,1022,1014,1019
3,1029,690,705
3,1033,688,703,691
3,1020,685,701
3,1017,699,682
3,692,803,807,374,698,700,372,702,673,376,686,378,804,680,802,806,373,683,377,805,696,675,694,689,809,808,678,704,375,1115
3,709,722
3,710,724,1047
3,713,726,715
3,720,1117,717,1039,1046,712,707,1036,1043
3,811,383,723,812,382,719,813,721,711,706,716,1116,380,381,708,725,810,714
3,732,1055,1050,730
3,728,1053,1056,734
3,729,731,733,815,814,1118,386,385,816,727
3,739,1061,1058,736
3,741,737,1062,1064
3,389,818,735,817,388,740,819,1119,738
4,392
4
4,394
4,395
4
4,397
4,398
4
4,400
4,401
4
4,403
4,404
4
4,406
4,407
4
4,409
4,410
4
4,412
4,413
4
4,415
4,416
4
4,418
4
4,420
4
4,422
4
4,424
4
4,426
4
4,428
4
4,430
4
4,432
4
4,434
4
4,436
4
4,438
4,439
4
4,441
4,442
4
4,444
4,445
4
4,447
4,448
4
4,450
4,451
4
4,453
4,454
4
4,456
4,457
4
4,459
4
4,461
4
4,463
4
4,465
4
4,467
4
4,469
4
4,471
4
4,473
4
4,475
4
4,477
4,478
4
4,480
4,481
4
4,483
4,484
4
4,486
4,487
4
4,489
4,490
4
4,492
4,493
4
4,495
4
4,497
4
4,499
4
4,501
4
4,503
4
4,505
4
4,507
4
4,509
4
4,511
4,512
4
4,514
4,515
4
4,517
4
4,519
4
4,521
4
4,523
4
4,525
4,526
4
4,528
4
4,530
4,531
4
4,533
4,534
4
4,536
4,537
4
4,539
4
4,541
4
4,543
4
4,545
4
4,547
4
4,549
4
4,551
4
4,553
4,554
4
4,556
4,557
4
4,559
4
4,561
4,562
4
4,564
4
4,566
4
4,568
4
4,570
4
4,572
4
4,574
4,575
4
4,577
4,578
4
4,580
4,581
4
4,583
4
4,585
4
4,587
4
4,589
4
4,591
4
4,593
4
4,595
4,596
4
4,598
4
4,600
4,601
4
4,603
4,604
4
4,606
4,607
4
4,609
4,610
4
4,612
4,613
4
4,615
4,616
4
4,618
4
4,620
4
4,622
4
4,624
4
4,626
4
4,628
4
4,630
4
4,632
4
4,634
4
4,636
4
4,638
4,639
4
4,641
4
4,643
4,644
4
4,646
4,647
4
4,649
4,650
4
4,652
4,653
4
4,655
4,656
4
4,658
4
4,660
4
4,662
4
4,664
4
4,666
4
4,668
4
4,670
4
4,672
4
4,674
4
4,676
4,677
4
4,679
4
4,681
4,682
4
4,684
4,685
4
4,687
4,688
4
4,690
4,691
4
4,693
4
4,695
4
4,697
4
4,699
4
4,701
4
4,703
4
4,705
4
4,707
4
4,709
4,710
4
4,712
4,713
4
4,715
4
4,717
4,718
4
4,720
4
4,722
4
4,724
4
4,726
4
4,728
4
4,730
4
4,732
4
4,734
4
4,736
4,737
4
4,739
4
4,741
4
5,820
5,823
5,825
5,828
5,831
5,834
5,837
5,840
5,844
5,847
5,849
5,852
5,855
5,858
5,861
5,864
5,868
5,871
5,873
5,876
5,879
5,882
5,885
5,888
5,892
5,896
5,899
5,903
5,906
5,910
5,913
5,917
5,920
5,924
5,927
5,931
5,934
5,938
5,941
5,945
5,948
5,952
5,955
5,959
5,962
5,965
5,967
5,970
5,973
5,976
5,979
5,982
5,986
5,989
5,991
5,994
5,997
5,1000
5,1003
5,1006
5,1010
5,1013
5,1015
5,1018
5,1021
5,1024
5,1027
5,1030
5,1034
5,1038
5,1041
5,1045
5,1048
5,1051
5,1054
5,1057
5,1059
5,1063
6,821
6,822
6
6,824
6
6,826
6,827
6
6,829
6,830
6
6,832
6,833
6
6,835
6,836
6
6,838
6,839
6
6,841
6,842
6,843
6
6,845
6,846
6
6,848
6
6,850
6,851
6
6,853
6,854
6
6,856
6,857
6
6,859
6,860
6
6,862
6,863
6
6,865
6,866
6,867
6
6,869
6,870
6
6,872
6
6,874
6,875
6
6,877
6,878
6
6,880
6,881
6
6,883
6,884
6
6,886
6,887
6
6,889
6,890
6,891
6
6,893
6,894
6,895
6
6,897
6,898
6
6,900
6,901
6,902
6
6,904
6,905
6
6,907
6,908
6,909
6
6,911
6,912
6
6,914
6,915
6,916
6
6,918
6,919
6
6,921
6,922
6,923
6
6,925
6,926
6
6,928
6,929
6,930
6
6,932
6,933
6
6,935
6,936
6,937
6
6,939
6,940
6
6,942
6,943
6,944
6
6,946
6,947
6
6,949
6,950
6,951
6
6,953
6,954
6
6,956
6,957
6,958
6
6,960
6,961
6
6,963
6,964
6
6,966
6
6,968
6,969
6
6,971
6,972
6
6,974
6,975
6
6,977
6,978
6
6,980
6,981
6
6,983
6,984
6,985
6
6,987
6,988
6
6,990
6
6,992
6,993
6
6,995
6,996
6
6,998
6,999
6
6,1001
6,1002
6
6,1004
6,1005
6
6,1007
6,1008
6,1009
6
6,1011
6,1012
6
6,1014
6
6,1016
6,1017
6
6,1019
6,1020
6
6,1022
6,1023
6
6,1025
6,1026
6
6,1028
6,1029
6
6,1031
6,1032
6,1033
6
6,1035
6,1036
6,1037
6
6,1039
6,1040
6
6,1042
6,1043
6,1044
6
6,1046
6,1047
6
6,1049
6,1050
6
6,1052
6,1053
6
6,1055
6,1056
6
6,1058
6
6,1060
6,1061
6,1062
6
6,1064
6
14,1103,1110,1105,57,1119,1104
14,58,1118,1114,1113,1115
14,81,1106,63,85,83,73,61,75,59,65,79,69,67,71,77
14,89,113,91,107,111,95,97,99,1108,101,87,109,93,105,103
14,117,139,1111,123,121,125,129,141,115,119,131,127,137,133,135
14,163,153,161,159,169,1116,157,143,145,151,165,149,167,155,147
12,212,242,729,258,171,234,508,989,1057,522,847,871,201,550,571,250,1013,223,187,290,282,965,1049,678,706,266,823,274,597,640,179
12,837,1027,1007,865,686,885,449,405,1003,861,979,605,983,488,889,841,1031,648
12,611,651,689,654,408,414,614,455,608,452,411,491
12,1042,900,831,1021,924,255,973,935,173,295,192,529,903,997,203,879,855,959,228,921,260,287,956,1045,236,214,579,938
12
12,727,1052,1063
12,437,594,476,675,637,393
12,535
12,510,552,708
12,1060,1054,479,440,396,735
12,714,527,558
12,602,271,907,485,195,828,942,876,231,711,970,645,945,524,910,298,683,402,852,573,217,446,1018,244,555,206,994
12,263,914,976,176,893,560,928,896,931,239,858,209,1024,1000,952,184,532,247,513,882,834,949,716,301,1038,279,1035,220,917,198,576
12,702,429,472,631,468,433,506,671,629,504,431,669,704,667,470,633,427,627
12,588,520,544,723,567
12
12,663,464,623,423,698,500
12,692,458,417,617,657,738,494,731
12,518
12,540
12,740,462,421,498,733
12,565
12
12,496,619,538,460,694,719,563,582,659,516,419
12,584
12,621,696,661
12,721
12,586,425,466,625,502,542,569,700,725,665
12,548,546,590
12
12,673,963,821,592,391,987,869,1011,845,435,474,635
12,599,642,276,268,181,292,967,225,1015,189,443,825,849,873,991,252,680,284,482,399
7,1121
7,1121
7,1121
7,1107
7
7,1109
7
7,1121
7,1112
7
7,1124
7,1124
7,1124
7,1117
7
7,1124
7,1121
15
15
15
15
15
15