0
0
0
0
0
0,273,292,322,259
0,196
0
0
0,240,210,306,333,298,928
0
0,204,267,295,226
0
0
0
0,626,425
0
0,185,281,234
0,469,669
0,887,1053,911,967,1005,1074,932,956,991,1029,863
0,190,62,122,187,182,152,184,92
0,64,94,154,193,198,124,195
0,66,156,96,289,291,126,297,294
0,68,128,305,302,98,158,300
0,70,130,100,160,313,310,308
0,132,316,321,318,72,102,162
0,164,104,332,329,324,326,134,74
0,166,206,136,201,209,76,203,106
0,78,212,138,108,217,168,214,220
0,228,140,80,170,223,225,110
0,142,233,239,231,82,236,172,112
0,84,144,247,114,242,174,244
0,146,261,116,258,86,255,250,176,252
0,264,88,272,178,148,275,266,269,118
0,90,286,283,120,280,180,150,278
0
0,319
0
0
0
0
0
0
0
0
0
0
0
0
0
0,508,707
0,245,303,977,330
0
0,237,229,207
0,866,960,925,1008,1032,545,748,984,1056,914,1067,592,890
0,1070,287,221,262,314,276,191,199,963
0,256,942,218,270
0,284,248,188,215
0,327,311,253
1,1151
1,1154
1,62
1,1152
1,64
1,1151
1,66
1,1153
1,68
1,1152
1,70
1,1151
1,72
1,1152
1,74
1,1151
1,76
1,1151
1,78
1,1153
1,80
1,1153
1,82
1,1153
1,84
1,1153
1,86
1,1153
1,88
1,1153
1,90
1,1152
1,92
1,1154
1,94
1,1152
1,96
1,1155
1,98
1,1154
1,100
1,1152
1,102
1,1154
1,104
1,1152
1,106
1,1152
1,108
1,1155
1,110
1,1155
1,112
1,1155
1,114
1,1155
1,116
1,1155
1,118
1,1155
1,120
1,1154
1,122
1,1153
1,124
1,1151
1,126
1,1154
1,128
1,1153
1,130
1,1151
1,132
1,1153
1,134
1,1151
1,136
1,1151
1,138
1,1154
1,140
1,1154
1,142
1,1154
1,144
1,1154
1,146
1,1154
1,148
1,1154
1,150
1,1153
1,152
1,1151
1,154
1,1150
1,156
1,1152
1,158
1,1151
1,160
1,1150
1,162
1,1151
1,164
1,1150
1,166
1,1150
1,168
1,1152
1,170
1,1152
1,172
1,1152
1,174
1,1152
1,176
1,1152
1,178
1,1152
1,180
1,1151
2,182
2
2,184
2,185
2
2,187
2,188
2
2,190
2,191
2
2,193
2
2,195
2,196
2
2,198
2,199
2
2,201
2
2,203
2,204
2
2,206
2,207
2
2,209
2,210
2
2,212
2
2,214
2,215
2
2,217
2,218
2
2,220
2,221
2
2,223
2
2,225
2,226
2
2,228
2,229
2
2,231
2
2,233
2,234
2
2,236
2,237
2
2,239
2,240
2
2,242
2
2,244
2,245
2
2,247
2,248
2
2,250
2
2,252
2,253
2
2,255
2,256
2
2,258
2,259
2
2,261
2,262
2
2,264
2
2,266
2,267
2
2,269
2,270
2
2,272
2,273
2
2,275
2,276
2
2,278
2
2,280
2,281
2
2,283
2,284
2
2,286
2,287
2
2,289
2
2,291
2,292
2
2,294
2,295
2
2,297
2,298
2
2,300
2
2,302
2,303
2
2,305
2,306
2
2,308
2
2,310
2,311
2
2,313
2,314
2
2,316
2
2,318
2,319
2
2,321
2,322
2
2,324
2
2,326
2,327
2
2,329
2,330
2
2,332
2,333
2
3,868,436,433,448,430,872,427
3,428,452
3,852,862,450,424,854,865,856,859,422
3,442,440,460
3,443,445,462
3,869,439,464
3,873,437,458,446
3,860,434,456
3,431,857,454
3,334,774,463,339,451,342,447,421,338,773,775,340,438,455,1133,426,423,429,337,778,776,335,336,435,341,457,441,449,432,459,461,779,453,444,772,777
3,474,480,489,471,477,892,896
3,472,493
3,880,466,883,878,491,468,886,889,876
3,484,486,501
3,503,483,893
3,897,481,487,499
3,497,884,478
3,881,495,475
3,465,485,1134,783,496,345,479,502,467,347,350,476,787,346,781,785,782,473,786,784,470,488,349,780,482,348,344,494,498,500,351,490,492
3,525,519,516,920,916,510,513
3,511,529
3,505,907,913,902,900,904,910,527,507
3,522,537,917
3,520,523,921,535
3,517,533,908
3,514,905,531
3,353,788,791,528,515,1135,506,355,789,532,521,524,518,354,526,530,536,356,793,359,357,794,504,790,512,509,795,534,792,358
3,549,541
3,935,542,551
3,924,931,934,544,927,1137,547,539
3,548,543,538,796,799,361,1136,363,546,362,550,797,540,798
3,571
3,949,579,567
3,561,575,953
3,573,939,556,558
3,946,564,577,566
3,553,1139,945,952,948,569,955,563,941,560,938,555
3,369,578,805,804,365,557,370,562,572,559,800,568,367,803,574,1138,554,801,576,802,565,366,368,552,570
3,583,596
3,970,584,598
3,589,600,587
3,966,591,969,581,962,594,959,586
3,595,372,590,588,599,809,806,374,808,1140,375,807,582,373,597,585,593,580
3,615
3,611,988,619
3,605,617,974
3,608,981,621
3,987,610,990,602,604,613,980,983,1142,607,973,976
3,811,379,813,614,815,1141,609,612,616,618,620,601,810,377,380,606,812,381,378,603,814
3,648,1014,1010,636,628,630,633
3,652
3,650,998,1004,994,1001,625,996,623,1007
3,640,660,642
3,645,662,643
3,1011,664,639
3,658,1015,646,637
3,1002,656,634
3,631,999,654
3,663,820,817,387,624,391,390,1143,629,822,649,638,657,661,383,632,823,627,816,821,635,651,818,389,819,385,644,659,655,384,641,622,386,647,388,653
3,676,688,671,673,679,1038,1034
3,692
3,1025,1018,668,1028,666,1020,1022,690,1031
3,700,683,685
3,1035,682,702
3,680,698,1039,686
3,677,1026,696
3,1023,674,694
3,394,697,396,395,670,675,398,687,1144,672,829,691,681,830,827,678,399,825,695,667,826,400,665,699,684,831,689,828,824,397,393,693,701
3,723,714,1062,711,709,717,1058
3,727
3,704,1055,706,725,1042,1046,1052,1049,1044
3,1059,720,735
3,1063,718,733,721
3,715,731,1050
3,1047,729,712
3,722,833,835,837,404,728,730,732,703,406,716,408,834,710,832,836,403,713,407,726,705,724,719,839,402,838,708,734,405,1145
3,739,752
3,740,754,1077
3,743,756,745
3,750,1147,747,1069,1076,1073,742,737,1066
3,751,841,413,753,842,412,749,843,741,736,746,1146,410,411,738,755,840,744
3,762,1085,1080,760
3,758,1083,1086,764
3,759,761,845,844,1148,416,763,415,846,757
3,769,1091,1088,766
3,771,1092,767,1094
3,419,848,765,847,418,770,1149,849,768
4,422
4
4,424
4,425
4
4,427
4,428
4
4,430
4,431
4
4,433
4,434
4
4,436
4,437
4
4,439
4,440
4
4,442
4,443
4
4,445
4,446
4
4,448
4
4,450
4
4,452
4
4,454
4
4,456
4
4,458
4
4,460
4
4,462
4
4,464
4
4,466
4
4,468
4,469
4
4,471
4,472
4
4,474
4,475
4
4,477
4,478
4
4,480
4,481
4
4,483
4,484
4
4,486
4,487
4
4,489
4
4,491
4
4,493
4
4,495
4
4,497
4
4,499
4
4,501
4
4,503
4
4,505
4
4,507
4,508
4
4,510
4,511
4
4,513
4,514
4
4,516
4,517
4
4,519
4,520
4
4,522
4,523
4
4,525
4
4,527
4
4,529
4
4,531
4
4,533
4
4,535
4
4,537
4
4,539
4
4,541
4,542
4
4,544
4,545
4
4,547
4
4,549
4
4,551
4
4,553
4
4,555
4,556
4
4,558
4
4,560
4,561
4
4,563
4,564
4
4,566
4,567
4
4,569
4
4,571
4
4,573
4
4,575
4
4,577
4
4,579
4
4,581
4
4,583
4,584
4
4,586
4,587
4
4,589
4
4,591
4,592
4
4,594
4
4,596
4
4,598
4
4,600
4
4,602
4
4,604
4,605
4
4,607
4,608
4
4,610
4,611
4
4,613
4
4,615
4
4,617
4
4,619
4
4,621
4
4,623
4
4,625
4,626
4
4,628
4
4,630
4,631
4
4,633
4,634
4
4,636
4,637
4
4,639
4,640
4
4,642
4,643
4
4,645
4,646
4
4,648
4
4,650
4
4,652
4
4,654
4
4,656
4
4,658
4
4,660
4
4,662
4
4,664
4
4,666
4
4,668
4,669
4
4,671
4
4,673
4,674
4
4,676
4,677
4
4,679
4,680
4
4,682
4,683
4
4,685
4,686
4
4,688
4
4,690
4
4,692
4
4,694
4
4,696
4
4,698
4
4,700
4
4,702
4
4,704
4
4,706
4,707
4
4,709
4
4,711
4,712
4
4,714
4,715
4
4,717
4,718
4
4,720
4,721
4
4,723
4
4,725
4
4,727
4
4,729
4
4,731
4
4,733
4
4,735
4
4,737
4
4,739
4,740
4
4,742
4,743
4
4,745
4
4,747
4,748
4
4,750
4
4,752
4
4,754
4
4,756
4
4,758
4
4,760
4
4,762
4
4,764
4
4,766
4,767
4
4,769
4
4,771
4
5,850
5,853
5,855
5,858
5,861
5,864
5,867
5,870
5,874
5,877
5,879
5,882
5,885
5,888
5,891
5,894
5,898
5,901
5,903
5,906
5,909
5,912
5,915
5,918
5,922
5,926
5,929
5,933
5,936
5,940
5,943
5,947
5,950
5,954
5,957
5,961
5,964
5,968
5,971
5,975
5,978
5,982
5,985
5,989
5,992
5,995
5,997
5,1000
5,1003
5,1006
5,1009
5,1012
5,1016
5,1019
5,1021
5,1024
5,1027
5,1030
5,1033
5,1036
5,1040
5,1043
5,1045
5,1048
5,1051
5,1054
5,1057
5,1060
5,1064
5,1068
5,1071
5,1075
5,1078
5,1081
5,1084
5,1087
5,1089
5,1093
6,851
6,852
6
6,854
6
6,856
6,857
6
6,859
6,860
6
6,862
6,863
6
6,865
6,866
6
6,868
6,869
6
6,871
6,872
6,873
6
6,875
6,876
6
6,878
6
6,880
6,881
6
6,883
6,884
6
6,886
6,887
6
6,889
6,890
6
6,892
6,893
6
6,895
6,896
6,897
6
6,899
6,900
6
6,902
6
6,904
6,905
6
6,907
6,908
6
6,910
6,911
6
6,913
6,914
6
6,916
6,917
6
6,919
6,920
6,921
6
6,923
6,924
6,925
6
6,927
6,928
6
6,930
6,931
6,932
6
6,934
6,935
6
6,937
6,938
6,939
6
6,941
6,942
6
6,944
6,945
6,946
6
6,948
6,949
6
6,951
6,952
6,953
6
6,955
6,956
6
6,958
6,959
6,960
6
6,962
6,963
6
6,965
6,966
6,967
6
6,969
6,970
6
6,972
6,973
6,974
6
6,976
6,977
6
6,979
6,980
6,981
6
6,983
6,984
6
6,986
6,987
6,988
6
6,990
6,991
6
6,993
6,994
6
6,996
6
6,998
6,999
6
6,1001
6,1002
6
6,1004
6,1005
6
6,1007
6,1008
6
6,1010
6,1011
6
6,1013
6,1014
6,1015
6
6,1017
6,1018
6
6,1020
6
6,1022
6,1023
6
6,1025
6,1026
6
6,1028
6,1029
6
6,1031
6,1032
6
6,1034
6,1035
6
6,1037
6,1038
6,1039
6
6,1041
6,1042
6
6,1044
6
6,1046
6,1047
6
6,1049
6,1050
6
6,1052
6,1053
6
6,1055
6,1056
6
6,1058
6,1059
6
6,1061
6,1062
6,1063
6
6,1065
6,1066
6,1067
6
6,1069
6,1070
6
6,1072
6,1073
6,1074
6
6,1076
6,1077
6
6,1079
6,1080
6
6,1082
6,1083
6
6,1085
6,1086
6
6,1088
6
6,1090
6,1091
6,1092
6
6,1094
6
14,1133,1140,1135,59,1149,1134
14,60,1148,1144,1143,1145
14,83,1136,65,87,85,75,63,77,61,67,81,89,71,69,73,79
14,115,91,93,109,119,113,97,99,101,1138,103,111,117,95,107,105
14,141,1141,125,123,147,127,131,143,121,133,129,139,145,149,135,137
14,169,165,155,163,177,161,171,179,1146,159,173,153,175,167,151,157
12,222,263,323,759,307,181,538,1019,1087,552,877,901,211,315,580,249,601,299,1043,200,995,1079,708,736,277,288,192,241,230,853,627,670
12,867,1057,1037,895,716,915,479,435,1061,1033,891,1009,635,1013,518,919,871,678
12,641,681,719,684,438,444,644,485,638,482,441,521
12,1072,930,194,861,251,1051,325,954,309,265,1003,965,293,317,183,202,559,933,1027,909,885,989,951,232,986,279,1075,224,609,968
12
12,757,1082,1093
12,467,624,506,705,667,423
12,565
12,540,582,738
12,509,1090,1084,470,426,765
12,744,557,588
12,632,328,937,515,858,906,1000,741,675,975,940,713,432,554,268,972,882,301,603,476,1048,254,243,585,216,1024
12,274,944,1006,923,285,590,958,926,238,961,888,331,219,746,260,1054,1030,982,197,562,543,912,864,979,312,1068,296,1065,947,208,189,304,606
12,459,502,661,659,663,498,463,536,701,732,534,461,699,734,697,500,457,657
12,618,550,574,753,597
12
12,693,494,653,453,728,530
12,722,488,447,647,687,768,524,761
12,548
12,570
12,770,492,451,528,763
12,595
12
12,526,490,649,568,724,749,593,612,689,546,449
12,614
12,651,726,691
12,751
12,455,496,532,572,655,599,616,730,755,695
12,578,576,620
12
12,703,993,851,622,421,1017,899,1041,875,465,665,504
12,629,672,227,271,213,997,235,205,1045,473,855,257,879,903,1021,320,186,710,512,282,429,246,290
7,1151
7,1151
7,1151
7,1137
7
7,1139
7
7,1151
7,1142
7
7,1154
7,1154
7,1154
7,1147
7
7,1154
7,1151
15
15
15
15
15
15