0
0
0
0
0
0
0,308,276
0,284,252
0
0,235,281,297,933
0
0,241,330
0
0
0
0,631,430
0,292,273,319
0,219,322,260,197
0,474,674
0,892,1058,868,916,972,1010,1079,937,996,961,1034
0,95,63,196,159,191,127,193
0,199,129,65,161,201,97,204
0,291,67,163,288,286,99,131
0,296,294,69,165,299,101,133
0,71,307,103,302,167,135,304
0,312,318,321,73,105,310,315,169,137
0,329,171,139,107,75,324,326
0,334,337,77,141,109,332,173
0,143,215,207,175,209,218,79,111,212
0,221,226,177,223,145,229,113,81
0,237,147,232,179,234,240,115,83
0,149,181,243,248,85,117,251,245
0,183,259,119,256,87,151,254
0,185,89,267,264,153,121,262
0,272,155,123,270,275,91,187
0,280,93,157,189,283,125,278
0,305,216
0
0,230
0
0
0
0
0
0
0
0
0
0
0
0
0,513,712
0,246,289,268,238,316,982
0
0
0,871,965,930,1013,989,1037,550,753,1061,919,1072,597,895
0,194,1075,224,327,313,265,257,210,968,202
0,227,947,335,213
0,300,205,249
0,338
1,1156
1,1159
1,63
1,1157
1,65
1,1158
1,67
1,1158
1,69
1,1158
1,71
1,1157
1,73
1,1157
1,75
1,1156
1,77
1,1156
1,79
1,1156
1,81
1,1156
1,83
1,1156
1,85
1,1156
1,87
1,1156
1,89
1,1156
1,91
1,1156
1,93
1,1156
1,95
1,1159
1,97
1,1160
1,99
1,1160
1,101
1,1160
1,103
1,1159
1,105
1,1159
1,107
1,1157
1,109
1,1157
1,111
1,1157
1,113
1,1157
1,115
1,1157
1,117
1,1157
1,119
1,1157
1,121
1,1157
1,123
1,1157
1,125
1,1157
1,127
1,1158
1,129
1,1159
1,131
1,1159
1,133
1,1159
1,135
1,1158
1,137
1,1158
1,139
1,1156
1,141
1,1156
1,143
1,1156
1,145
1,1156
1,147
1,1156
1,149
1,1156
1,151
1,1156
1,153
1,1156
1,155
1,1156
1,157
1,1156
1,159
1,1156
1,161
1,1157
1,163
1,1157
1,165
1,1157
1,167
1,1156
1,169
1,1156
1,171
1,1155
1,173
1,1155
1,175
1,1155
1,177
1,1155
1,179
1,1155
1,181
1,1155
1,183
1,1155
1,185
1,1155
1,187
1,1155
1,189
1,1155
2,191
2
2,193
2,194
2
2,196
2,197
2
2,199
2
2,201
2,202
2
2,204
2,205
2
2,207
2
2,209
2,210
2
2,212
2,213
2
2,215
2,216
2
2,218
2,219
2
2,221
2
2,223
2,224
2
2,226
2,227
2
2,229
2,230
2
2,232
2
2,234
2,235
2
2,237
2,238
2
2,240
2,241
2
2,243
2
2,245
2,246
2
2,248
2,249
2
2,251
2,252
2
2,254
2
2,256
2,257
2
2,259
2,260
2
2,262
2
2,264
2,265
2
2,267
2,268
2
2,270
2
2,272
2,273
2
2,275
2,276
2
2,278
2
2,280
2,281
2
2,283
2,284
2
2,286
2
2,288
2,289
2
2,291
2,292
2
2,294
2
2,296
2,297
2
2,299
2,300
2
2,302
2
2,304
2,305
2
2,307
2,308
2
2,310
2
2,312
2,313
2
2,315
2,316
2
2,318
2,319
2
2,321
2,322
2
2,324
2
2,326
2,327
2
2,329
2,330
2
2,332
2
2,334
2,335
2
2,337
2,338
2
3,873,432,438,453,435,877,441
3,433,457
3,857,867,429,859,870,861,864,455,427
3,447,445,465
3,448,450,467
3,874,444,469
3,878,442,463,451
3,865,439,461
3,436,862,459
3,339,779,468,344,456,347,452,426,343,778,780,345,443,460,1138,431,428,449,434,342,783,781,340,341,440,346,462,446,454,437,464,466,784,458,777,782
3,479,485,494,476,482,897,901
3,477,498
3,885,471,888,496,473,891,894,883,881
3,489,491,506
3,508,488,898
3,902,492,486,504
3,502,889,483
3,886,500,480
3,355,470,475,490,1139,503,788,501,350,786,484,507,472,352,481,792,351,790,787,478,791,789,493,354,785,487,353,349,499,505,356,495,497
3,530,925,524,521,921,515,518
3,516,534
3,510,918,912,907,905,909,915,532,512
3,542,527,922
3,525,528,926,540
3,522,538,913
3,519,910,536
3,358,360,796,529,533,520,793,1140,362,511,794,537,526,523,359,531,535,541,361,798,364,799,509,795,800,517,514,539,797,363
3,554,546
3,940,547,556
3,929,936,552,939,549,932,1142,544
3,553,548,543,801,804,366,1141,368,551,367,555,802,545,803
3,576
3,954,584,572
3,566,580,958
3,578,944,561,563
3,582,951,569,571
3,558,1144,950,957,953,574,960,568,946,565,943,560
3,374,583,810,809,370,562,375,567,564,805,573,372,808,579,1143,559,806,581,807,570,577,371,373,557,575
3,588,601
3,975,589,603
3,594,605,592
3,586,971,596,974,967,599,964,591
3,377,595,593,604,814,811,379,813,1145,380,812,590,600,587,378,602,598,585
3,620
3,616,993,624
3,610,622,979
3,986,626,613
3,992,615,995,607,609,618,985,988,1147,612,978,981
3,384,818,619,820,1146,614,617,621,623,625,816,606,382,385,611,817,386,815,383,608,819
3,653,1019,1015,641,633,635,638
3,657
3,655,1003,1009,999,1006,630,1001,628,1012
3,645,665,647
3,650,667,648
3,1016,669,644
3,663,1020,651,642
3,1007,661,639
3,1004,636,659
3,668,825,822,392,629,396,395,1148,634,389,827,654,643,666,388,637,649,828,632,821,627,826,640,656,823,394,824,390,664,662,660,646,391,652,393,658
3,681,693,676,678,684,1043,1039
3,697
3,1030,1023,673,1033,671,1025,1027,695,1036
3,705,688,690
3,1040,687,707
3,685,703,1044,691
3,682,1031,701
3,1028,679,699
3,399,702,836,401,680,700,403,692,1149,677,834,696,686,832,683,404,835,830,672,831,405,670,704,689,694,400,833,829,402,398,698,675,706
3,728,722,719,1067,716,714,1063
3,732
3,709,1060,711,1051,730,1047,1057,1049,1054
3,1064,725,740
3,723,738,726,1068
3,1055,720,736
3,1052,734,717
3,838,840,842,409,733,735,737,713,708,411,721,413,839,727,408,715,837,841,412,718,731,710,729,724,844,407,843,739,410,1150
3,744,757
3,745,1082,759
3,748,761,750
3,755,1152,752,1074,1081,1078,747,742,1071
3,846,418,758,847,754,848,756,417,746,1151,741,751,415,416,743,760,845,749
3,767,1090,1085,765
3,763,1091,769,1088
3,764,766,768,850,849,1153,421,420,851,762
3,774,1096,1093,771
3,776,772,1097,1099
3,424,853,770,852,423,775,854,1154,773
4,427
4
4,429
4,430
4
4,432
4,433
4
4,435
4,436
4
4,438
4,439
4
4,441
4,442
4
4,444
4,445
4
4,447
4,448
4
4,450
4,451
4
4,453
4
4,455
4
4,457
4
4,459
4
4,461
4
4,463
4
4,465
4
4,467
4
4,469
4
4,471
4
4,473
4,474
4
4,476
4,477
4
4,479
4,480
4
4,482
4,483
4
4,485
4,486
4
4,488
4,489
4
4,491
4,492
4
4,494
4
4,496
4
4,498
4
4,500
4
4,502
4
4,504
4
4,506
4
4,508
4
4,510
4
4,512
4,513
4
4,515
4,516
4
4,518
4,519
4
4,521
4,522
4
4,524
4,525
4
4,527
4,528
4
4,530
4
4,532
4
4,534
4
4,536
4
4,538
4
4,540
4
4,542
4
4,544
4
4,546
4,547
4
4,549
4,550
4
4,552
4
4,554
4
4,556
4
4,558
4
4,560
4,561
4
4,563
4
4,565
4,566
4
4,568
4,569
4
4,571
4,572
4
4,574
4
4,576
4
4,578
4
4,580
4
4,582
4
4,584
4
4,586
4
4,588
4,589
4
4,591
4,592
4
4,594
4
4,596
4,597
4
4,599
4
4,601
4
4,603
4
4,605
4
4,607
4
4,609
4,610
4
4,612
4,613
4
4,615
4,616
4
4,618
4
4,620
4
4,622
4
4,624
4
4,626
4
4,628
4
4,630
4,631
4
4,633
4
4,635
4,636
4
4,638
4,639
4
4,641
4,642
4
4,644
4,645
4
4,647
4,648
4
4,650
4,651
4
4,653
4
4,655
4
4,657
4
4,659
4
4,661
4
4,663
4
4,665
4
4,667
4
4,669
4
4,671
4
4,673
4,674
4
4,676
4
4,678
4,679
4
4,681
4,682
4
4,684
4,685
4
4,687
4,688
4
4,690
4,691
4
4,693
4
4,695
4
4,697
4
4,699
4
4,701
4
4,703
4
4,705
4
4,707
4
4,709
4
4,711
4,712
4
4,714
4
4,716
4,717
4
4,719
4,720
4
4,722
4,723
4
4,725
4,726
4
4,728
4
4,730
4
4,732
4
4,734
4
4,736
4
4,738
4
4,740
4
4,742
4
4,744
4,745
4
4,747
4,748
4
4,750
4
4,752
4,753
4
4,755
4
4,757
4
4,759
4
4,761
4
4,763
4
4,765
4
4,767
4
4,769
4
4,771
4,772
4
4,774
4
4,776
4
5,855
5,858
5,860
5,863
5,866
5,869
5,872
5,875
5,879
5,882
5,884
5,887
5,890
5,893
5,896
5,899
5,903
5,906
5,908
5,911
5,914
5,917
5,920
5,923
5,927
5,931
5,934
5,938
5,941
5,945
5,948
5,952
5,955
5,959
5,962
5,966
5,969
5,973
5,976
5,980
5,983
5,987
5,990
5,994
5,997
5,1000
5,1002
5,1005
5,1008
5,1011
5,1014
5,1017
5,1021
5,1024
5,1026
5,1029
5,1032
5,1035
5,1038
5,1041
5,1045
5,1048
5,1050
5,1053
5,1056
5,1059
5,1062
5,1065
5,1069
5,1073
5,1076
5,1080
5,1083
5,1086
5,1089
5,1092
5,1094
5,1098
6,856
6,857
6
6,859
6
6,861
6,862
6
6,864
6,865
6
6,867
6,868
6
6,870
6,871
6
6,873
6,874
6
6,876
6,877
6,878
6
6,880
6,881
6
6,883
6
6,885
6,886
6
6,888
6,889
6
6,891
6,892
6
6,894
6,895
6
6,897
6,898
6
6,900
6,901
6,902
6
6,904
6,905
6
6,907
6
6,909
6,910
6
6,912
6,913
6
6,915
6,916
6
6,918
6,919
6
6,921
6,922
6
6,924
6,925
6,926
6
6,928
6,929
6,930
6
6,932
6,933
6
6,935
6,936
6,937
6
6,939
6,940
6
6,942
6,943
6,944
6
6,946
6,947
6
6,949
6,950
6,951
6
6,953
6,954
6
6,956
6,957
6,958
6
6,960
6,961
6
6,963
6,964
6,965
6
6,967
6,968
6
6,970
6,971
6,972
6
6,974
6,975
6
6,977
6,978
6,979
6
6,981
6,982
6
6,984
6,985
6,986
6
6,988
6,989
6
6,991
6,992
6,993
6
6,995
6,996
6
6,998
6,999
6
6,1001
6
6,1003
6,1004
6
6,1006
6,1007
6
6,1009
6,1010
6
6,1012
6,1013
6
6,1015
6,1016
6
6,1018
6,1019
6,1020
6
6,1022
6,1023
6
6,1025
6
6,1027
6,1028
6
6,1030
6,1031
6
6,1033
6,1034
6
6,1036
6,1037
6
6,1039
6,1040
6
6,1042
6,1043
6,1044
6
6,1046
6,1047
6
6,1049
6
6,1051
6,1052
6
6,1054
6,1055
6
6,1057
6,1058
6
6,1060
6,1061
6
6,1063
6,1064
6
6,1066
6,1067
6,1068
6
6,1070
6,1071
6,1072
6
6,1074
6,1075
6
6,1077
6,1078
6,1079
6
6,1081
6,1082
6
6,1084
6,1085
6
6,1087
6,1088
6
6,1090
6,1091
6
6,1093
6
6,1095
6,1096
6,1097
6
6,1099
6
14,1138,1145,1140,60,1154,1139
14,61,1153,1149,1148,1150
14,84,1141,66,88,86,76,64,78,62,68,82,90,72,92,70,74,80
14,116,94,110,120,114,98,100,102,124,1143,104,112,118,96,108,122,106
14,142,1146,126,148,128,132,152,144,134,130,140,146,154,150,136,138,156
14,182,188,166,164,178,162,172,180,1151,186,160,174,176,184,168,170,158
12,231,261,331,764,277,190,253,1084,543,1024,1092,557,882,906,1000,220,323,585,606,269,1048,242,206,309,301,713,741,285,858,293,632,675,198
12,872,1062,1042,900,721,920,484,440,1066,1038,896,1014,640,1018,523,924,876,683
12,646,686,724,689,443,449,649,490,643,487,446,526
12,228,1077,935,239,866,1056,258,274,1008,970,328,564,938,1032,890,994,195,959,956,217,914,250,336,306,991,1080,614,973,320,282
12
12,1098,762,1087
12,472,629,511,710,672,428
12,570
12,545,587,743
12,1095,1089,514,475,431,770
12,593,749,562
12,637,942,520,211,977,863,266,911,287,1005,746,314,680,333,980,945,718,437,559,887,608,236,481,1053,590,244,225,1029
12,222,949,325,255,1011,928,595,963,931,966,893,751,1059,263,1035,987,295,208,567,548,200,917,869,984,279,1073,233,1070,192,952,311,611
12,464,507,666,664,503,468,541,706,737,539,466,704,668,739,702,505,462,662
12,623,555,579,758,602
12
12,499,658,458,698,733,535
12,727,493,452,652,692,773,529,766
12,553
12,575
12,775,497,456,533,768
12,600
12
12,531,654,495,573,729,754,598,617,694,551,454
12,619
12,656,731,696
12,756
12,760,460,501,537,577,604,621,660,735,700
12,583,581,625
12
12,708,998,856,627,426,1022,904,1046,880,470,509,670
12,634,677,1002,214,1050,247,203,478,860,884,908,1026,271,715,303,517,290,317,434,298
7,1156
7,1156
7,1156
7,1142
7
7,1144
7
7,1156
7,1147
7
7,1159
7,1159
7,1159
7,1152
7
7,1159
7,1156
15
15
15
15
15
15