0
0
0
0,129
0
0,727,104
0
0
0
0
0,425,224
0,268,468
0,852,662,710,766,686,804,873,731,755,790,828
0,90,42,87,52,82,84,62,72
0,44,74,54,93,98,64,95
0,66,46,76,106,101,109,56,103
0,58,112,68,117,123,114,120,78,48
0,128,50,60,126,80,131,70
0
0,99
0
0
0
0
0
0
0
0
0
0
0,307,506
0,776
0
0,88
0,665,759,724,807,391,783,831,344,547,855,713,866,689
0,85,869,115,96,762
0,110,741,124,132
0,118
0,91,121,107
1,950
1,953
1,42
1,950
1,44
1,951
1,46
1,951
1,48
1,952
1,50
1,950
1,52
1,951
1,54
1,953
1,56
1,953
1,58
1,954
1,60
1,951
1,62
1,950
1,64
1,952
1,66
1,952
1,68
1,953
1,70
1,950
1,72
1,949
1,74
1,950
1,76
1,950
1,78
1,951
1,80
1,949
2,82
2
2,84
2,85
2
2,87
2,88
2
2,90
2,91
2
2,93
2
2,95
2,96
2
2,98
2,99
2
2,101
2
2,103
2,104
2
2,106
2,107
2
2,109
2,110
2
2,112
2
2,114
2,115
2
2,117
2,118
2
2,120
2,121
2
2,123
2,124
2
2,126
2
2,128
2,129
2
2,131
2,132
2
3,667,226,232,247,229,671,235
3,227,251
3,651,661,249,223,653,655,658,664,221
3,241,239,259
3,242,244,261
3,668,238,263
3,672,236,257,245
3,659,233,255
3,230,656,253
3,133,573,262,138,250,141,246,220,137,572,574,139,237,254,932,225,222,243,228,136,577,575,134,135,234,140,256,248,231,258,240,260,578,252,571,576
3,273,279,288,270,276,691,695
3,271,292
3,679,265,682,677,290,267,685,688,675
3,283,285,300
3,302,282,692
3,696,286,280,298
3,296,683,277
3,680,294,274
3,264,269,284,933,582,295,144,278,301,266,146,275,586,145,580,584,581,272,585,583,287,149,148,579,281,147,143,293,297,299,150,289,291
3,324,719,318,315,715,309,312
3,310,328
3,304,306,706,712,701,699,703,709,326
3,321,336,716
3,319,322,720,334
3,316,332,707
3,313,704,330
3,587,590,323,327,314,591,152,934,156,305,588,331,320,317,153,325,329,335,155,154,592,158,593,303,589,594,311,308,333,157
3,348,340
3,341,734,350
3,723,730,733,343,726,936,346,338
3,347,342,337,595,160,598,935,162,345,161,349,596,339,597
3,370
3,748,378,366
3,360,374,752
3,372,738,355,357
3,745,363,376,365
3,352,938,744,751,747,368,754,362,740,359,737,354
3,168,377,604,603,164,356,169,361,371,358,599,367,166,602,373,937,353,375,600,601,364,165,167,351,369
3,382,395
3,769,383,397
3,388,399,386
3,385,765,380,768,390,761,393,758
3,171,389,387,398,608,605,173,607,939,174,606,394,381,172,396,384,392,379
3,414
3,410,787,418
3,416,404,773
3,780,420,407
3,786,409,789,401,403,412,779,782,941,406,772,775
3,610,178,612,413,614,940,408,411,415,417,419,400,609,176,179,405,611,180,177,402,613
3,447,813,809,435,427,429,432
3,451
3,449,797,803,793,800,424,795,422,806
3,439,459,441
3,444,461,442
3,810,463,438
3,457,814,445,436
3,801,455,433
3,430,798,453
3,462,619,616,186,423,190,189,942,428,621,448,437,456,460,182,431,454,622,426,615,620,434,450,617,188,618,184,443,458,183,440,421,185,446,187,452
3,475,470,472,487,478,837,833
3,491
3,824,817,467,827,830,465,819,821,489
3,499,482,484
3,834,481,501
3,479,497,485,838
3,476,495,825
3,473,822,493
3,193,496,195,474,197,486,943,471,626,628,480,477,198,629,494,466,625,199,464,498,624,483,630,488,194,627,623,196,192,492,469,490,500
3,522,516,513,861,510,508,857
3,526
3,503,854,505,524,841,845,851,843,848
3,858,519,534
3,862,517,532,520
3,849,514,530
3,846,528,511
3,632,634,636,203,527,529,531,507,502,205,515,206,207,633,521,202,509,631,635,512,525,504,523,518,638,201,637,533,204,944
3,538,551
3,539,553,876
3,542,555,544
3,549,946,546,868,875,872,541,536,865
3,640,212,552,641,548,642,550,211,540,535,545,945,209,210,537,554,639,543
3,561,884,879,559
3,557,885,563,882
3,558,560,562,644,556,643,947,215,214,645
3,568,890,887,565
3,570,566,891,893
3,218,647,564,646,217,569,648,948,567
4,221
4
4,223
4,224
4
4,226
4,227
4
4,229
4,230
4
4,232
4,233
4
4,235
4,236
4
4,238
4,239
4
4,241
4,242
4
4,244
4,245
4
4,247
4
4,249
4
4,251
4
4,253
4
4,255
4
4,257
4
4,259
4
4,261
4
4,263
4
4,265
4
4,267
4,268
4
4,270
4,271
4
4,273
4,274
4
4,276
4,277
4
4,279
4,280
4
4,282
4,283
4
4,285
4,286
4
4,288
4
4,290
4
4,292
4
4,294
4
4,296
4
4,298
4
4,300
4
4,302
4
4,304
4
4,306
4,307
4
4,309
4,310
4
4,312
4,313
4
4,315
4,316
4
4,318
4,319
4
4,321
4,322
4
4,324
4
4,326
4
4,328
4
4,330
4
4,332
4
4,334
4
4,336
4
4,338
4
4,340
4,341
4
4,343
4,344
4
4,346
4
4,348
4
4,350
4
4,352
4
4,354
4,355
4
4,357
4
4,359
4,360
4
4,362
4,363
4
4,365
4,366
4
4,368
4
4,370
4
4,372
4
4,374
4
4,376
4
4,378
4
4,380
4
4,382
4,383
4
4,385
4,386
4
4,388
4
4,390
4,391
4
4,393
4
4,395
4
4,397
4
4,399
4
4,401
4
4,403
4,404
4
4,406
4,407
4
4,409
4,410
4
4,412
4
4,414
4
4,416
4
4,418
4
4,420
4
4,422
4
4,424
4,425
4
4,427
4
4,429
4,430
4
4,432
4,433
4
4,435
4,436
4
4,438
4,439
4
4,441
4,442
4
4,444
4,445
4
4,447
4
4,449
4
4,451
4
4,453
4
4,455
4
4,457
4
4,459
4
4,461
4
4,463
4
4,465
4
4,467
4,468
4
4,470
4
4,472
4,473
4
4,475
4,476
4
4,478
4,479
4
4,481
4,482
4
4,484
4,485
4
4,487
4
4,489
4
4,491
4
4,493
4
4,495
4
4,497
4
4,499
4
4,501
4
4,503
4
4,505
4,506
4
4,508
4
4,510
4,511
4
4,513
4,514
4
4,516
4,517
4
4,519
4,520
4
4,522
4
4,524
4
4,526
4
4,528
4
4,530
4
4,532
4
4,534
4
4,536
4
4,538
4,539
4
4,541
4,542
4
4,544
4
4,546
4,547
4
4,549
4
4,551
4
4,553
4
4,555
4
4,557
4
4,559
4
4,561
4
4,563
4
4,565
4,566
4
4,568
4
4,570
4
5,649
5,652
5,654
5,657
5,660
5,663
5,666
5,669
5,673
5,676
5,678
5,681
5,684
5,687
5,690
5,693
5,697
5,700
5,702
5,705
5,708
5,711
5,714
5,717
5,721
5,725
5,728
5,732
5,735
5,739
5,742
5,746
5,749
5,753
5,756
5,760
5,763
5,767
5,770
5,774
5,777
5,781
5,784
5,788
5,791
5,794
5,796
5,799
5,802
5,805
5,808
5,811
5,815
5,818
5,820
5,823
5,826
5,829
5,832
5,835
5,839
5,842
5,844
5,847
5,850
5,853
5,856
5,859
5,863
5,867
5,870
5,874
5,877
5,880
5,883
5,886
5,888
5,892
6,650
6,651
6
6,653
6
6,655
6,656
6
6,658
6,659
6
6,661
6,662
6
6,664
6,665
6
6,667
6,668
6
6,670
6,671
6,672
6
6,674
6,675
6
6,677
6
6,679
6,680
6
6,682
6,683
6
6,685
6,686
6
6,688
6,689
6
6,691
6,692
6
6,694
6,695
6,696
6
6,698
6,699
6
6,701
6
6,703
6,704
6
6,706
6,707
6
6,709
6,710
6
6,712
6,713
6
6,715
6,716
6
6,718
6,719
6,720
6
6,722
6,723
6,724
6
6,726
6,727
6
6,729
6,730
6,731
6
6,733
6,734
6
6,736
6,737
6,738
6
6,740
6,741
6
6,743
6,744
6,745
6
6,747
6,748
6
6,750
6,751
6,752
6
6,754
6,755
6
6,757
6,758
6,759
6
6,761
6,762
6
6,764
6,765
6,766
6
6,768
6,769
6
6,771
6,772
6,773
6
6,775
6,776
6
6,778
6,779
6,780
6
6,782
6,783
6
6,785
6,786
6,787
6
6,789
6,790
6
6,792
6,793
6
6,795
6
6,797
6,798
6
6,800
6,801
6
6,803
6,804
6
6,806
6,807
6
6,809
6,810
6
6,812
6,813
6,814
6
6,816
6,817
6
6,819
6
6,821
6,822
6
6,824
6,825
6
6,827
6,828
6
6,830
6,831
6
6,833
6,834
6
6,836
6,837
6,838
6
6,840
6,841
6
6,843
6
6,845
6,846
6
6,848
6,849
6
6,851
6,852
6
6,854
6,855
6
6,857
6,858
6
6,860
6,861
6,862
6
6,864
6,865
6,866
6
6,868
6,869
6
6,871
6,872
6,873
6
6,875
6,876
6
6,878
6,879
6
6,881
6,882
6
6,884
6,885
6
6,887
6
6,889
6,890
6,891
6
6,893
6
14,932,939,934,39,948,933
14,40,947,943,942,944
14,935,45,43,41,47,49
14,53,59,51,55,57,937
14,940,67,63,65,61,69
14,79,945,71,75,73,77
12,558,125,81,700,818,886,351,469,676,111,379,400,842,100,794,878,507,535,337,92,652,426
12,666,836,856,515,714,832,278,234,860,690,808,434,812,317,718,670,694,477
12,440,480,518,483,237,243,443,284,437,281,240,320
12,119,871,729,874,850,127,105,802,764,358,732,826,708,684,788,97,753,750,660,785,408,767,89
12
12,892,556,881
12,266,423,305,504,466,222
12,364
12,339,381,537
12,889,883,308,269,225,564
12,387,543,356
12,431,736,314,108,657,705,540,799,474,774,231,739,512,353,771,681,402,122,130,275,847,384,823
12,113,743,805,722,389,757,687,760,102,829,781,94,361,342,711,663,778,725,545,867,864,83,746,853,405
12,335,258,301,460,458,462,297,262,500,531,333,260,498,299,256,496,533,456
12,417,349,373,552,396
12
12,293,452,252,527,492,329
12,521,287,246,446,486,567,323,560
12,347
12,369
12,569,291,250,327,562
12,394
12
12,325,448,289,367,523,548,392,411,488,345,248
12,413
12,450,525,490
12,550
12,254,295,331,371,454,398,415,529,554,494
12,377,375,419
12
12,502,792,650,421,220,816,698,840,674,264,464,303
12,428,471,796,844,272,654,678,702,820,116,509,86,311,228
7,950
7,950
7,950
7,936
7
7,938
7
7,950
7,941
7
7,953
7,953
7,953
7,946
7
7,953
7,950
15
15
15
15
15
15