0
0
0,156
0
0,148,754
0
0,142
0
0
0
0,452,251
0,153,106
0
0,295,495
0,713,879,689,737,793,831,95,900,758,782,817,855
0,65,77,97,41,94,89,53,100,91
0,108,55,79,111,43,114,105,103,67
0,81,45,119,125,122,69,117,57
0,136,71,133,130,128,47,83,59
0,73,147,49,141,144,85,139,61
0,63,158,51,150,152,155,87,75
0
0
0
0
0
0
0
0
0
0,334,533
0,145,134,159,101,126,803
0
0,692,786,751,834,418,810,858,371,574,882,740,893,716
0,92,896,137,115,789,120
0,768,112
0,98
0,109,123,131
1,977
1,980
1,41
1,977
1,43
1,977
1,45
1,978
1,47
1,977
1,49
1,977
1,51
1,977
1,53
1,978
1,55
1,978
1,57
1,980
1,59
1,978
1,61
1,978
1,63
1,978
1,65
1,977
1,67
1,977
1,69
1,979
1,71
1,977
1,73
1,977
1,75
1,977
1,77
1,976
1,79
1,976
1,81
1,977
1,83
1,976
1,85
1,976
1,87
1,976
2,89
2
2,91
2,92
2
2,94
2,95
2
2,97
2,98
2
2,100
2,101
2
2,103
2
2,105
2,106
2
2,108
2,109
2
2,111
2,112
2
2,114
2,115
2
2,117
2
2,119
2,120
2
2,122
2,123
2
2,125
2,126
2
2,128
2
2,130
2,131
2
2,133
2,134
2
2,136
2,137
2
2,139
2
2,141
2,142
2
2,144
2,145
2
2,147
2,148
2
2,150
2
2,152
2,153
2
2,155
2,156
2
2,158
2,159
2
3,694,259,274,256,698,262,253
3,254,278
3,678,688,276,250,680,682,685,691,248
3,268,266,286
3,269,271,288
3,695,265,290
3,699,263,284,272
3,686,260,282
3,257,683,280
3,160,289,165,600,277,168,273,247,164,599,601,166,264,281,959,252,249,270,255,163,604,602,598,161,162,261,167,283,275,258,285,267,287,605,279,603
3,300,306,315,297,303,718,722
3,298,319
3,706,292,709,704,317,294,712,715,702
3,310,312,327
3,329,309,719
3,723,307,313,325
3,323,710,304
3,707,321,301
3,291,296,311,960,609,322,171,305,328,293,173,302,613,172,607,611,608,299,612,610,314,176,175,320,606,308,174,170,324,326,177,316,318
3,351,746,345,342,742,336,339
3,337,355
3,331,733,739,728,726,730,736,353,333
3,348,363,743
3,346,349,747,361
3,343,359,734
3,340,731,357
3,614,617,354,341,179,961,183,332,615,358,347,350,344,180,352,356,362,182,181,619,185,620,330,616,621,335,338,360,618,184
3,375,367
3,368,761,377
3,750,757,760,370,753,963,373,365
3,374,369,364,622,187,625,189,372,188,376,623,366,962,624
3,397
3,775,405,393
3,387,401,779
3,399,765,382,384
3,772,390,403,392
3,379,965,771,778,774,395,781,389,767,386,764,381
3,385,195,404,631,192,630,191,383,196,388,398,626,394,193,629,400,964,380,627,402,628,391,194,378,396
3,409,422
3,796,410,424
3,415,426,413
3,412,792,407,795,417,788,420,785
3,198,416,414,425,635,632,200,634,966,201,633,421,408,199,423,411,419,406
3,441
3,437,814,445
3,443,431,800
3,434,807,447
3,813,436,816,428,430,439,806,809,968,433,799,802
3,637,205,639,440,641,967,435,438,442,444,446,427,636,203,206,432,638,207,204,429,640
3,474,840,836,462,454,456,459
3,478
3,476,824,830,820,827,451,822,449,833
3,466,486,468
3,471,488,469
3,837,490,465
3,484,841,472,463
3,828,482,460
3,457,825,480
3,489,646,643,213,450,217,216,455,210,648,475,464,483,487,209,458,649,453,642,969,647,461,477,644,215,645,211,470,485,481,467,448,212,473,214,479
3,502,497,499,514,505,864,860
3,518
3,851,844,494,854,857,492,846,848,516
3,526,509,511
3,861,508,528
3,506,524,512,865
3,503,522,852
3,500,849,520
3,220,523,222,501,224,513,970,498,653,655,507,504,225,656,521,493,652,226,491,525,651,510,657,515,221,654,650,223,219,519,496,517,527
3,549,543,540,888,537,535,884
3,553
3,530,881,532,551,868,872,878,870,875
3,885,546,561
3,889,559,547,544
3,876,541,557
3,873,555,538
3,548,659,661,663,230,556,554,558,534,529,232,542,234,660,229,536,658,662,539,233,552,531,550,545,228,664,560,665,231,971
3,565,578
3,566,580,903
3,569,582,571
3,576,973,573,895,902,899,568,563,892
3,581,667,239,579,668,238,575,669,577,567,562,572,972,236,237,564,666,570
3,588,911,906,586
3,584,912,590,909
3,587,589,974,671,670,585,242,241,672,583
3,595,917,914,592
3,597,918,593,920
3,245,674,591,673,244,596,675,975,594
4,248
4
4,250
4,251
4
4,253
4,254
4
4,256
4,257
4
4,259
4,260
4
4,262
4,263
4
4,265
4,266
4
4,268
4,269
4
4,271
4,272
4
4,274
4
4,276
4
4,278
4
4,280
4
4,282
4
4,284
4
4,286
4
4,288
4
4,290
4
4,292
4
4,294
4,295
4
4,297
4,298
4
4,300
4,301
4
4,303
4,304
4
4,306
4,307
4
4,309
4,310
4
4,312
4,313
4
4,315
4
4,317
4
4,319
4
4,321
4
4,323
4
4,325
4
4,327
4
4,329
4
4,331
4
4,333
4,334
4
4,336
4,337
4
4,339
4,340
4
4,342
4,343
4
4,345
4,346
4
4,348
4,349
4
4,351
4
4,353
4
4,355
4
4,357
4
4,359
4
4,361
4
4,363
4
4,365
4
4,367
4,368
4
4,370
4,371
4
4,373
4
4,375
4
4,377
4
4,379
4
4,381
4,382
4
4,384
4
4,386
4,387
4
4,389
4,390
4
4,392
4,393
4
4,395
4
4,397
4
4,399
4
4,401
4
4,403
4
4,405
4
4,407
4
4,409
4,410
4
4,412
4,413
4
4,415
4
4,417
4,418
4
4,420
4
4,422
4
4,424
4
4,426
4
4,428
4
4,430
4,431
4
4,433
4,434
4
4,436
4,437
4
4,439
4
4,441
4
4,443
4
4,445
4
4,447
4
4,449
4
4,451
4,452
4
4,454
4
4,456
4,457
4
4,459
4,460
4
4,462
4,463
4
4,465
4,466
4
4,468
4,469
4
4,471
4,472
4
4,474
4
4,476
4
4,478
4
4,480
4
4,482
4
4,484
4
4,486
4
4,488
4
4,490
4
4,492
4
4,494
4,495
4
4,497
4
4,499
4,500
4
4,502
4,503
4
4,505
4,506
4
4,508
4,509
4
4,511
4,512
4
4,514
4
4,516
4
4,518
4
4,520
4
4,522
4
4,524
4
4,526
4
4,528
4
4,530
4
4,532
4,533
4
4,535
4
4,537
4,538
4
4,540
4,541
4
4,543
4,544
4
4,546
4,547
4
4,549
4
4,551
4
4,553
4
4,555
4
4,557
4
4,559
4
4,561
4
4,563
4
4,565
4,566
4
4,568
4,569
4
4,571
4
4,573
4,574
4
4,576
4
4,578
4
4,580
4
4,582
4
4,584
4
4,586
4
4,588
4
4,590
4
4,592
4,593
4
4,595
4
4,597
4
5,676
5,679
5,681
5,684
5,687
5,690
5,693
5,696
5,700
5,703
5,705
5,708
5,711
5,714
5,717
5,720
5,724
5,727
5,729
5,732
5,735
5,738
5,741
5,744
5,748
5,752
5,755
5,759
5,762
5,766
5,769
5,773
5,776
5,780
5,783
5,787
5,790
5,794
5,797
5,801
5,804
5,808
5,811
5,815
5,818
5,821
5,823
5,826
5,829
5,832
5,835
5,838
5,842
5,845
5,847
5,850
5,853
5,856
5,859
5,862
5,866
5,869
5,871
5,874
5,877
5,880
5,883
5,886
5,890
5,894
5,897
5,901
5,904
5,907
5,910
5,913
5,915
5,919
6,677
6,678
6
6,680
6
6,682
6,683
6
6,685
6,686
6
6,688
6,689
6
6,691
6,692
6
6,694
6,695
6
6,697
6,698
6,699
6
6,701
6,702
6
6,704
6
6,706
6,707
6
6,709
6,710
6
6,712
6,713
6
6,715
6,716
6
6,718
6,719
6
6,721
6,722
6,723
6
6,725
6,726
6
6,728
6
6,730
6,731
6
6,733
6,734
6
6,736
6,737
6
6,739
6,740
6
6,742
6,743
6
6,745
6,746
6,747
6
6,749
6,750
6,751
6
6,753
6,754
6
6,756
6,757
6,758
6
6,760
6,761
6
6,763
6,764
6,765
6
6,767
6,768
6
6,770
6,771
6,772
6
6,774
6,775
6
6,777
6,778
6,779
6
6,781
6,782
6
6,784
6,785
6,786
6
6,788
6,789
6
6,791
6,792
6,793
6
6,795
6,796
6
6,798
6,799
6,800
6
6,802
6,803
6
6,805
6,806
6,807
6
6,809
6,810
6
6,812
6,813
6,814
6
6,816
6,817
6
6,819
6,820
6
6,822
6
6,824
6,825
6
6,827
6,828
6
6,830
6,831
6
6,833
6,834
6
6,836
6,837
6
6,839
6,840
6,841
6
6,843
6,844
6
6,846
6
6,848
6,849
6
6,851
6,852
6
6,854
6,855
6
6,857
6,858
6
6,860
6,861
6
6,863
6,864
6,865
6
6,867
6,868
6
6,870
6
6,872
6,873
6
6,875
6,876
6
6,878
6,879
6
6,881
6,882
6
6,884
6,885
6
6,887
6,888
6,889
6
6,891
6,892
6,893
6
6,895
6,896
6
6,898
6,899
6,900
6
6,902
6,903
6
6,905
6,906
6
6,908
6,909
6
6,911
6,912
6
6,914
6
6,916
6,917
6,918
6
6,920
6
14,966,959,961,38,975,960
14,39,974,970,969,971
14,962,44,42,40,46,50,48
14,52,54,56,964,58,60,62
14,967,74,66,70,64,72,68
14,78,972,84,82,86,80,76
12,88,845,913,378,703,727,406,102,427,869,821,905,534,127,562,585,364,149,138,679,453,496,116
12,693,863,883,721,542,741,697,859,305,261,887,717,835,461,839,344,745,504
12,467,507,545,510,264,270,470,311,464,308,267,347
12,898,756,154,901,877,780,829,791,385,759,853,121,735,711,815,93,777,687,129,140,812,107,435,794
12
12,919,583,908
12,293,450,332,531,493,249
12,391
12,366,408,564
12,916,910,335,296,252,591
12,414,570,383
12,99,458,763,341,110,684,732,826,567,143,132,501,801,766,539,258,380,798,708,429,157,302,874,411,124,850
12,113,770,832,749,416,784,146,787,714,856,808,388,369,135,738,690,805,752,572,894,891,90,773,880,118,432
12,285,287,328,487,485,324,289,362,527,558,360,525,489,326,283,523,560,483
12,444,376,400,579,423
12
12,320,479,279,554,519,356
12,548,314,273,473,513,594,350,587
12,374
12,396
12,596,318,277,354,589
12,421
12
12,352,475,316,394,550,575,419,438,515,372,275
12,440
12,477,552,517
12,577
12,281,322,358,398,481,425,442,556,581,521
12,404,402,446
12
12,529,819,677,448,247,843,725,867,701,291,491,330
12,455,498,823,871,299,681,705,729,847,536,151,104,338,96,255
7,977
7,977
7,977
7,963
7
7,965
7
7,977
7,968
7
7,980
7,980
7,980
7,973
7
7,980
7,977
15
15
15
15
15