0
0
0
0
0,113,154
0
0,149,165,760
0
0
0
0
0
0,458,257
0,135
0,301,501
0,719,885,695,743,799,162,837,906,764,788,823,861
0,46,107,102,60,88,74,104
0,110,62,48,76,112,90,118,115
0,92,50,78,126,64,121,123
0,94,131,137,80,66,129,134,140,52
0,148,54,143,145,68,82,96
0,84,153,151,56,98,70,156
0,86,159,161,58,100,164,72
0
0
0
0
0
0
0
0
0
0
0
0
0,340,539
0,116,809
0
0
0,698,792,757,840,816,864,377,580,888,746,899,424,722
0,902,141,127,119,795,108
0,157,146,774,138
0,124,132,105
1,983
1,986
1,46
1,985
1,48
1,983
1,50
1,983
1,52
1,983
1,54
1,985
1,56
1,983
1,58
1,984
1,60
1,987
1,62
1,984
1,64
1,984
1,66
1,984
1,68
1,987
1,70
1,984
1,72
1,986
1,74
1,986
1,76
1,983
1,78
1,983
1,80
1,983
1,82
1,986
1,84
1,983
1,86
1,985
1,88
1,984
1,90
1,982
1,92
1,982
1,94
1,982
1,96
1,984
1,98
1,982
1,100
1,983
2,102
2
2,104
2,105
2
2,107
2,108
2
2,110
2
2,112
2,113
2
2,115
2,116
2
2,118
2,119
2
2,121
2
2,123
2,124
2
2,126
2,127
2
2,129
2
2,131
2,132
2
2,134
2,135
2
2,137
2,138
2
2,140
2,141
2
2,143
2
2,145
2,146
2
2,148
2,149
2
2,151
2
2,153
2,154
2
2,156
2,157
2
2,159
2
2,161
2,162
2
2,164
2,165
2
3,700,259,265,280,262,704,268
3,260,284
3,684,694,282,256,686,688,691,697,254
3,274,272,292
3,275,277,294
3,701,271,296
3,705,269,290,278
3,692,266,288
3,263,689,286
3,166,606,295,171,283,174,279,253,170,605,607,172,270,287,965,258,255,276,261,169,610,608,604,167,168,267,173,289,281,264,291,273,293,611,285,609
3,306,312,321,303,309,724,728
3,304,325
3,712,298,715,710,323,300,718,721,708
3,316,318,333
3,335,315,725
3,729,319,313,331
3,329,716,310
3,713,327,307
3,182,297,302,317,966,615,328,177,311,299,179,308,619,178,613,334,617,614,305,618,616,320,181,326,612,314,180,176,330,183,322,324,332
3,357,752,351,348,748,342,345
3,343,361
3,337,739,745,734,732,736,742,359,339
3,354,369,749
3,352,355,753,367
3,349,365,740
3,346,737,363
3,185,620,623,360,347,967,189,338,621,364,353,356,350,186,358,362,368,188,187,625,191,626,336,622,627,344,341,366,624,190
3,381,373
3,767,374,383
3,756,763,766,376,759,969,379,371
3,380,375,370,628,193,631,968,195,378,194,382,629,372,630
3,403
3,781,411,399
3,393,407,785
3,405,771,388,390
3,778,396,409,398
3,385,971,777,784,780,401,787,395,387,773,392,770
3,201,410,637,198,636,197,389,202,394,391,632,400,199,635,406,970,386,633,408,634,397,404,200,384,402
3,415,428
3,802,416,430
3,421,432,419
3,798,413,801,423,794,426,791,418
3,204,422,420,431,638,206,640,972,207,639,427,414,205,641,429,417,425,412
3,447
3,443,820,451
3,449,437,806
3,440,813,453
3,819,442,822,434,436,445,812,815,974,439,805,808
3,643,211,645,446,647,973,441,444,448,450,452,433,642,209,212,438,644,210,435,646,213
3,846,480,842,468,460,462,465
3,484
3,482,830,836,826,833,457,828,455,839
3,472,492,474
3,477,494,475
3,843,496,471
3,490,847,478,469
3,834,488,466
3,463,831,486
3,495,652,649,219,456,223,222,975,461,654,481,470,489,454,493,215,464,655,459,648,653,467,483,650,221,651,217,476,491,487,216,473,218,479,220,485
3,508,503,505,520,511,870,866
3,524
3,857,850,500,860,863,498,852,854,522
3,532,515,517
3,867,514,534
3,512,530,518,871
3,509,528,858
3,855,526,506
3,226,529,228,507,230,519,976,504,659,661,523,513,510,231,662,527,499,658,232,497,531,657,516,663,521,227,660,656,229,225,525,502,533
3,555,549,546,894,543,541,890
3,559
3,536,887,538,557,874,878,884,876,881
3,891,552,567
3,895,550,565,553
3,882,547,563
3,879,561,544
3,554,665,667,669,236,560,562,540,535,238,548,240,666,235,542,664,668,545,239,558,537,556,564,551,671,234,670,566,237,977
3,571,584
3,572,586,909
3,575,577,588
3,582,979,579,901,908,905,574,569,898
3,245,585,674,244,581,675,583,573,568,578,978,242,243,570,587,672,673,576
3,594,917,912,592
3,590,918,596,915
3,591,593,595,677,676,980,248,247,678,589
3,920,601,923,598
3,603,599,924,926
3,251,680,597,679,250,602,681,981,600
4,254
4
4,256
4,257
4
4,259
4,260
4
4,262
4,263
4
4,265
4,266
4
4,268
4,269
4
4,271
4,272
4
4,274
4,275
4
4,277
4,278
4
4,280
4
4,282
4
4,284
4
4,286
4
4,288
4
4,290
4
4,292
4
4,294
4
4,296
4
4,298
4
4,300
4,301
4
4,303
4,304
4
4,306
4,307
4
4,309
4,310
4
4,312
4,313
4
4,315
4,316
4
4,318
4,319
4
4,321
4
4,323
4
4,325
4
4,327
4
4,329
4
4,331
4
4,333
4
4,335
4
4,337
4
4,339
4,340
4
4,342
4,343
4
4,345
4,346
4
4,348
4,349
4
4,351
4,352
4
4,354
4,355
4
4,357
4
4,359
4
4,361
4
4,363
4
4,365
4
4,367
4
4,369
4
4,371
4
4,373
4,374
4
4,376
4,377
4
4,379
4
4,381
4
4,383
4
4,385
4
4,387
4,388
4
4,390
4
4,392
4,393
4
4,395
4,396
4
4,398
4,399
4
4,401
4
4,403
4
4,405
4
4,407
4
4,409
4
4,411
4
4,413
4
4,415
4,416
4
4,418
4,419
4
4,421
4
4,423
4,424
4
4,426
4
4,428
4
4,430
4
4,432
4
4,434
4
4,436
4,437
4
4,439
4,440
4
4,442
4,443
4
4,445
4
4,447
4
4,449
4
4,451
4
4,453
4
4,455
4
4,457
4,458
4
4,460
4
4,462
4,463
4
4,465
4,466
4
4,468
4,469
4
4,471
4,472
4
4,474
4,475
4
4,477
4,478
4
4,480
4
4,482
4
4,484
4
4,486
4
4,488
4
4,490
4
4,492
4
4,494
4
4,496
4
4,498
4
4,500
4,501
4
4,503
4
4,505
4,506
4
4,508
4,509
4
4,511
4,512
4
4,514
4,515
4
4,517
4,518
4
4,520
4
4,522
4
4,524
4
4,526
4
4,528
4
4,530
4
4,532
4
4,534
4
4,536
4
4,538
4,539
4
4,541
4
4,543
4,544
4
4,546
4,547
4
4,549
4,550
4
4,552
4,553
4
4,555
4
4,557
4
4,559
4
4,561
4
4,563
4
4,565
4
4,567
4
4,569
4
4,571
4,572
4
4,574
4,575
4
4,577
4
4,579
4,580
4
4,582
4
4,584
4
4,586
4
4,588
4
4,590
4
4,592
4
4,594
4
4,596
4
4,598
4,599
4
4,601
4
4,603
4
5,682
5,685
5,687
5,690
5,693
5,696
5,699
5,702
5,706
5,709
5,711
5,714
5,717
5,720
5,723
5,726
5,730
5,733
5,735
5,738
5,741
5,744
5,747
5,750
5,754
5,758
5,761
5,765
5,768
5,772
5,775
5,779
5,782
5,786
5,789
5,793
5,796
5,800
5,803
5,807
5,810
5,814
5,817
5,821
5,824
5,827
5,829
5,832
5,835
5,838
5,841
5,844
5,848
5,851
5,853
5,856
5,859
5,862
5,865
5,868
5,872
5,875
5,877
5,880
5,883
5,886
5,889
5,892
5,896
5,900
5,903
5,907
5,910
5,913
5,916
5,919
5,921
5,925
6,683
6,684
6
6,686
6
6,688
6,689
6
6,691
6,692
6
6,694
6,695
6
6,697
6,698
6
6,700
6,701
6
6,703
6,704
6,705
6
6,707
6,708
6
6,710
6
6,712
6,713
6
6,715
6,716
6
6,718
6,719
6
6,721
6,722
6
6,724
6,725
6
6,727
6,728
6,729
6
6,731
6,732
6
6,734
6
6,736
6,737
6
6,739
6,740
6
6,742
6,743
6
6,745
6,746
6
6,748
6,749
6
6,751
6,752
6,753
6
6,755
6,756
6,757
6
6,759
6,760
6
6,762
6,763
6,764
6
6,766
6,767
6
6,769
6,770
6,771
6
6,773
6,774
6
6,776
6,777
6,778
6
6,780
6,781
6
6,783
6,784
6,785
6
6,787
6,788
6
6,790
6,791
6,792
6
6,794
6,795
6
6,797
6,798
6,799
6
6,801
6,802
6
6,804
6,805
6,806
6
6,808
6,809
6
6,811
6,812
6,813
6
6,815
6,816
6
6,818
6,819
6,820
6
6,822
6,823
6
6,825
6,826
6
6,828
6
6,830
6,831
6
6,833
6,834
6
6,836
6,837
6
6,839
6,840
6
6,842
6,843
6
6,845
6,846
6,847
6
6,849
6,850
6
6,852
6
6,854
6,855
6
6,857
6,858
6
6,860
6,861
6
6,863
6,864
6
6,866
6,867
6
6,869
6,870
6,871
6
6,873
6,874
6
6,876
6
6,878
6,879
6
6,881
6,882
6
6,884
6,885
6
6,887
6,888
6
6,890
6,891
6
6,893
6,894
6,895
6
6,897
6,898
6,899
6
6,901
6,902
6
6,904
6,905
6,906
6
6,908
6,909
6
6,911
6,912
6
6,914
6,915
6
6,917
6,918
6
6,920
6
6,922
6,923
6,924
6
6,926
6
14,965,972,967,43,981,966
14,44,980,976,975,977
14,968,49,47,45,51,55,53,57
14,59,69,61,71,970,63,65,67
14,973,81,75,83,77,79,85,73
14,97,978,99,89,87,91,93,95
12,142,591,158,101,370,851,919,384,709,733,412,433,875,120,827,911,540,568,150,685,459,502,128,109
12,699,889,869,727,548,747,865,311,267,893,723,841,467,845,350,751,703,510
12,473,513,551,516,270,276,476,317,470,314,273,353
12,904,111,762,883,786,835,797,391,765,859,133,741,717,821,783,160,693,152,818,907,441,800
12
12,925,589,914
12,299,456,338,537,499,255
12,397
12,372,414,570
12,922,916,341,302,258,597
12,420,576,389
12,464,769,347,690,738,573,155,144,832,507,807,545,264,386,804,714,435,308,880,417,772,136,856,114
12,125,776,838,106,755,422,790,758,720,163,793,139,862,814,117,394,375,147,744,696,811,578,900,897,779,886,438
12,291,334,493,491,495,330,295,368,533,564,366,293,566,531,332,289,529,489
12,450,382,406,585,429
12
12,326,485,285,560,525,362
12,554,320,279,479,519,600,356,593
12,380
12,402
12,602,324,283,360,595
12,427
12
12,358,481,322,400,556,581,425,444,521,378,281
12,446
12,483,558,523
12,583
12,287,328,364,404,487,431,448,562,587,527
12,410,408,452
12
12,535,825,683,454,253,849,731,873,707,297,497,336
12,461,504,853,829,122,877,305,687,103,711,735,542,344,130,261
7,983
7,983
7,983
7,969
7
7,971
7
7,983
7,974
7
7,986
7,986
7,986
7,979
7
7,986
7,983
15
15
15
15
15
15