0
0
0
0
0
0
0
0,37
0,39
0,41
0,43
0,45
0,47
0,49
0
0
0
0
0
0
0
0,116
0
0
0
0
0
0
0
0
0
0
0
0
0
0
2,37
2
2,39
2
2,41
2
2,43
2
2,45
2
2,47
2
2,49
2
3,76,180,84
3,183,86,78
3,188,80,185,82
3,77,81,51,163,79,162,52,50,83,75,85,164,161
3,88,191,100,92
3,194,102,90,94
3,98,201,196,96,198
3,95,168,91,101,99,169,97,93,165,87,54,56,89,166,55,167
3,105,205,109
3,111,208
3,204,207,104,107
3,60,170,110,103,106,58,108,171,59
3,113,213,118,211
3,120,115,214
3,63,119,172,62,117,114,173,112
3,135,220,124,122
3,125,131,139
3,127,217,133
3,130,128,218,137
3,129,121,68,65,134,126,174,136,123,138,175,66,132,67
3,141,146,226,156
3,152,160,147
3,154,143,223,149
3,158,151,144,224
3,73,159,176,142,70,150,145,155,177,157,153,72,148,71,140
4,76
4
4,78
4
4,80
4
4,82
4
4,84
4
4,86
4
4,88
4
4,90
4
4,92
4
4,94
4
4,96
4
4,98
4
4,100
4
4,102
4
4,104
4,105
4
4,107
4
4,109
4
4,111
4
4,113
4
4,115
4,116
4
4,118
4
4,120
4
4,122
4
4,124
4,125
4
4,127
4,128
4
4,130
4,131
4
4,133
4
4,135
4
4,137
4
4,139
4
4,141
4
4,143
4,144
4
4,146
4,147
4
4,149
4
4,151
4,152
4
4,154
4
4,156
4
4,158
4
4,160
4
5,178
5,181
5,184
5,186
5,189
5,192
5,195
5,197
5,199
5,202
5,206
5,209
5,212
5,215
5,219
5,221
5,225
6,179
6,180
6
6,182
6,183
6
6,185
6
6,187
6,188
6
6,190
6,191
6
6,193
6,194
6
6,196
6
6,198
6
6,200
6,201
6
6,203
6,204
6,205
6
6,207
6,208
6
6,210
6,211
6
6,213
6,214
6
6,216
6,217
6,218
6
6,220
6
6,222
6,223
6,224
6
6,226
6
12,140
12,203,114,206,129,150,103
12,190,75,87,179
12,89,77,182,193
12,210,195,112,184
12,91
12,93
12,148,197
12,121
12,79,187,95,200
12,212,142,126,222,216
12,42,48,38,219,40,225,44,46,36
12,83,99
12,155,134
12,85,101
12,159,110,138,108
12,81,132,153,97,117
12,157,119,106,136
12,145,123