0
0
0
0
0
0
0
0
0
0
0
0
0
0
0
0,67
0,85
0,87
0,89
0,91
0,93
0,95
0,69
0,71
0,73
0,75
0,77
0,79
0,81
0,83
0
0
0
0
0
0
0
0
0
0
0
0
0
0
0
0,162
0
0
0
0
0
0
0
0
0
0
0
0
0
0
0
0
0
0
0
0
2,67
2
2,69
2
2,71
2
2,73
2
2,75
2
2,77
2
2,79
2
2,81
2
2,83
2
2,85
2
2,87
2
2,89
2
2,91
2
2,93
2
2,95
2
3,122,226,130
3,229,132,124
3,126,231,128,234
3,123,127,97,209,125,208,98,96,129,121,131,210,207
3,134,237,146,138
3,240,148,136,140
3,144,247,242,142,244
3,141,214,137,147,100,133,145,215,143,139,101,211,102,135,212,213
3,151,251,155
3,157,254
3,250,253,153,150
3,106,216,156,149,152,104,154,217,105
3,159,259,164,257
3,161,166,260
3,109,165,218,108,163,160,219,158
3,181,266,170,168
3,171,177,185
3,173,263,179
3,176,174,264,183
3,175,167,114,111,180,178,172,220,169,182,184,221,112,113
3,187,192,272,202
3,198,206,193
3,200,189,269,195
3,204,197,190,270
3,119,205,222,188,116,196,191,201,223,203,199,118,194,117,186
4,122
4
4,124
4
4,126
4
4,128
4
4,130
4
4,132
4
4,134
4
4,136
4
4,138
4
4,140
4
4,142
4
4,144
4
4,146
4
4,148
4
4,150
4,151
4
4,153
4
4,155
4
4,157
4
4,159
4
4,161
4,162
4
4,164
4
4,166
4
4,168
4
4,170
4,171
4
4,173
4,174
4
4,176
4,177
4
4,179
4
4,181
4
4,183
4
4,185
4
4,187
4
4,189
4,190
4
4,192
4,193
4
4,195
4
4,197
4,198
4
4,200
4
4,202
4
4,204
4
4,206
4
5,224
5,227
5,230
5,232
5,235
5,238
5,241
5,243
5,245
5,248
5,252
5,255
5,258
5,261
5,265
5,267
5,271
6,225
6,226
6
6,228
6,229
6
6,231
6
6,233
6,234
6
6,236
6,237
6
6,239
6,240
6
6,242
6
6,244
6
6,246
6,247
6
6,249
6,250
6,251
6
6,253
6,254
6
6,256
6,257
6
6,259
6,260
6
6,262
6,263
6,264
6
6,266
6
6,268
6,269
6,270
6
6,272
6
12,186
12,249,160,252,175,196,149
12,236,121,133,225
12,135,123,228,239
12,256,241,158,230
12,137
12,139
12,194,243
12,167
12,125,246,233,141
12,258,188,172,268,262
12,88,72,78,90,68,265,70,92,271,84,94,74,82,76,66,86,80
12,129,145
12,201,180
12,131,147
12,205,184,154,156
12,127,178,199,143,163
12,203,165,152,182
12,191,169