0
0
0
0
0
0
0
0
0
0
0
0
0,57
0,75
0,77
0,79
0,59
0,61
0,63
0,65
0,67
0,69
0,71
0,73
0
0
0
0
0
0
0
0
0
0
0
0
0,146
0
0
0
0
0
0
0
0
0
0
0
0
0
0
0
0
0
0
0
2,57
2
2,59
2
2,61
2
2,63
2
2,65
2
2,67
2
2,69
2
2,71
2
2,73
2
2,75
2
2,77
2
2,79
2
3,106,210,114
3,213,116,108
3,110,215,112,218
3,107,111,81,193,109,192,82,80,113,105,115,194,191
3,118,221,130,122
3,224,132,120,124
3,128,231,226,126,228
3,125,198,121,131,117,129,199,127,123,85,195,84,86,119,196,197
3,135,235,139
3,141,238
3,234,237,134,137
3,90,200,140,133,136,88,138,201,89
3,143,243,148,241
3,145,150,244
3,93,149,202,92,147,144,203,142
3,165,250,154,152
3,155,161,169
3,157,247,163
3,160,158,248,167
3,159,151,98,95,164,162,156,204,153,166,168,205,96,97
3,171,176,256,186
3,182,190,177
3,184,173,253,179
3,188,181,174,254
3,103,189,206,172,100,180,175,185,207,187,183,102,178,101,170
4,106
4
4,108
4
4,110
4
4,112
4
4,114
4
4,116
4
4,118
4
4,120
4
4,122
4
4,124
4
4,126
4
4,128
4
4,130
4
4,132
4
4,134
4,135
4
4,137
4
4,139
4
4,141
4
4,143
4
4,145
4,146
4
4,148
4
4,150
4
4,152
4
4,154
4,155
4
4,157
4,158
4
4,160
4,161
4
4,163
4
4,165
4
4,167
4
4,169
4
4,171
4
4,173
4,174
4
4,176
4,177
4
4,179
4
4,181
4,182
4
4,184
4
4,186
4
4,188
4
4,190
4
5,208
5,211
5,214
5,216
5,219
5,222
5,225
5,227
5,229
5,232
5,236
5,239
5,242
5,245
5,249
5,251
5,255
6,209
6,210
6
6,212
6,213
6
6,215
6
6,217
6,218
6
6,220
6,221
6
6,223
6,224
6
6,226
6
6,228
6
6,230
6,231
6
6,233
6,234
6,235
6
6,237
6,238
6
6,240
6,241
6
6,243
6,244
6
6,246
6,247
6,248
6
6,250
6
6,252
6,253
6,254
6
6,256
6
12,170
12,233,144,236,159,180,133
12,220,105,117,209
12,119,107,212,223
12,240,225,142,214
12,121
12,123
12,178,227
12,151
12,109,217,125,230
12,242,172,156,252,246
12,78,62,68,58,249,60,255,74,64,72,66,56,76,70
12,113,129
12,185,164
12,115,131
12,189,168,138,140
12,111,162,183,127,147
12,187,149,136,166
12,175,153