0
0
0
0
0
0
0
0
0
0
0
0
0
0
0,79
0,97
0,99
0,101
0,103
0,105
0,81
0,83
0,85
0,87
0,89
0,91
0,93
0,95
0
0
0
0
0
0
0
0
0
0
0
0
0
0
0,172
0
0
0
0
0
0
0
0
0
0
0
0
0
0
0
0
0
0
0
0
0
0
0
0
0
0
0
0
0
0
0
0
0
0
0
2,79
2
2,81
2
2,83
2
2,85
2
2,87
2
2,89
2
2,91
2
2,93
2
2,95
2
2,97
2
2,99
2
2,101
2
2,103
2
2,105
2
3,132,236,140
3,239,142,134
3,136,241,138,244
3,133,137,107,219,135,218,108,106,139,131,141,220,217
3,144,247,156,148
3,250,158,146,150
3,154,257,252,152,254
3,151,224,147,157,143,155,225,153,149,111,221,110,112,145,222,223
3,161,261,165
3,167,264
3,260,263,163,160
3,116,226,166,159,162,114,164,227,115
3,169,269,174,267
3,171,176,270
3,119,175,228,118,173,170,229,168
3,191,276,180,178
3,181,187,195
3,183,273,189
3,186,184,274,193
3,185,177,124,121,190,188,182,230,179,192,194,231,122,123
3,197,202,282,212
3,208,216,203
3,210,199,279,205
3,214,207,200,280
3,129,215,232,198,126,206,201,211,233,213,209,128,204,127,196
4,132
4
4,134
4
4,136
4
4,138
4
4,140
4
4,142
4
4,144
4
4,146
4
4,148
4
4,150
4
4,152
4
4,154
4
4,156
4
4,158
4
4,160
4,161
4
4,163
4
4,165
4
4,167
4
4,169
4
4,171
4,172
4
4,174
4
4,176
4
4,178
4
4,180
4,181
4
4,183
4,184
4
4,186
4,187
4
4,189
4
4,191
4
4,193
4
4,195
4
4,197
4
4,199
4,200
4
4,202
4,203
4
4,205
4
4,207
4,208
4
4,210
4
4,212
4
4,214
4
4,216
4
5,234
5,237
5,240
5,242
5,245
5,248
5,251
5,253
5,255
5,258
5,262
5,265
5,268
5,271
5,275
5,277
5,281
6,235
6,236
6
6,238
6,239
6
6,241
6
6,243
6,244
6
6,246
6,247
6
6,249
6,250
6
6,252
6
6,254
6
6,256
6,257
6
6,259
6,260
6,261
6
6,263
6,264
6
6,266
6,267
6
6,269
6,270
6
6,272
6,273
6,274
6
6,276
6
6,278
6,279
6,280
6
6,282
6
12,196
12,259,170,262,185,206,159
12,246,131,143,235
12,145,133,238,249
12,266,251,168,240
12,147
12,149
12,204,253
12,177
12,135,256,243,151
12,268,198,182,278,272
12,100,84,90,102,80,275,82,104,281,96,86,94,88,78,98,92
12,139,155
12,211,190
12,141,157
12,215,194,164,166
12,137,188,209,153,173
12,213,175,162,192
12,201,179