0
0
0
0
0
0
0
0
0
0
0
0
0,56
0,74
0,76
0,78
0,58
0,60
0,62
0,64
0,66
0,68
0,70
0,72
0
0
0
0
0
0
0
0
0
0
0
0
0,145
0
0
0
0
0
0
0
0
0
0
0
0
0
0
0
0
0
0
2,56
2
2,58
2
2,60
2
2,62
2
2,64
2
2,66
2
2,68
2
2,70
2
2,72
2
2,74
2
2,76
2
2,78
2
3,105,209,113
3,212,115,107
3,109,214,111,217
3,106,110,80,192,108,191,81,79,112,104,114,193,190
3,117,220,129,121
3,223,131,119,123
3,127,230,225,125,227
3,124,197,120,130,116,128,198,126,122,84,194,83,85,118,195,196
3,134,234,138
3,140,237
3,233,236,133,136
3,89,199,139,132,135,87,137,200,88
3,142,242,147,240
3,144,149,243
3,92,148,201,91,146,143,202,141
3,164,249,153,151
3,154,160,168
3,156,246,162
3,159,157,247,166
3,158,150,97,94,163,161,155,203,152,165,167,204,95,96
3,170,175,255,185
3,181,189,176
3,183,172,252,178
3,187,180,173,253
3,102,188,205,171,99,179,174,184,206,186,182,101,177,100,169
4,105
4
4,107
4
4,109
4
4,111
4
4,113
4
4,115
4
4,117
4
4,119
4
4,121
4
4,123
4
4,125
4
4,127
4
4,129
4
4,131
4
4,133
4,134
4
4,136
4
4,138
4
4,140
4
4,142
4
4,144
4,145
4
4,147
4
4,149
4
4,151
4
4,153
4,154
4
4,156
4,157
4
4,159
4,160
4
4,162
4
4,164
4
4,166
4
4,168
4
4,170
4
4,172
4,173
4
4,175
4,176
4
4,178
4
4,180
4,181
4
4,183
4
4,185
4
4,187
4
4,189
4
5,207
5,210
5,213
5,215
5,218
5,221
5,224
5,226
5,228
5,231
5,235
5,238
5,241
5,244
5,248
5,250
5,254
6,208
6,209
6
6,211
6,212
6
6,214
6
6,216
6,217
6
6,219
6,220
6
6,222
6,223
6
6,225
6
6,227
6
6,229
6,230
6
6,232
6,233
6,234
6
6,236
6,237
6
6,239
6,240
6
6,242
6,243
6
6,245
6,246
6,247
6
6,249
6
6,251
6,252
6,253
6
6,255
6
12,169
12,232,143,235,158,179,132
12,219,104,116,208
12,118,106,211,222
12,239,224,141,213
12,120
12,122
12,177,226
12,150
12,108,216,124,229
12,241,171,155,251,245
12,77,61,67,57,248,59,254,73,63,71,65,55,75,69
12,112,128
12,184,163
12,114,130
12,188,167,137,139
12,110,161,182,126,146
12,186,148,135,165
12,174,152