0
0
0
0
0
0
0
0
0
0
0
0
0
0,60
0,78
0,80
0,82
0,84
0,62
0,64
0,66
0,68
0,70
0,72
0,74
0,76
0
0
0
0
0
0
0
0
0
0
0
0
0
0,151
0
0
0
0
0
0
0
0
0
0
0
0
0
0
0
0
0
0
0
2,60
2
2,62
2
2,64
2
2,66
2
2,68
2
2,70
2
2,72
2
2,74
2
2,76
2
2,78
2
2,80
2
2,82
2
2,84
2
3,111,215,119
3,218,121,113
3,115,220,117,223
3,112,116,86,198,114,197,87,85,118,110,120,199,196
3,123,226,135,127
3,229,137,125,129
3,133,236,231,131,233
3,130,203,126,136,122,134,204,132,128,90,200,89,91,124,201,202
3,140,240,144
3,146,243
3,239,242,139,142
3,95,205,145,138,141,93,143,206,94
3,148,248,153,246
3,150,155,249
3,98,154,207,97,152,149,208,147
3,170,255,159,157
3,160,166,174
3,162,252,168
3,165,163,253,172
3,164,156,103,100,169,167,161,209,158,171,173,210,101,102
3,176,181,261,191
3,187,195,182
3,189,178,258,184
3,193,186,179,259
3,108,194,211,177,105,185,180,190,212,192,188,107,183,106,175
4,111
4
4,113
4
4,115
4
4,117
4
4,119
4
4,121
4
4,123
4
4,125
4
4,127
4
4,129
4
4,131
4
4,133
4
4,135
4
4,137
4
4,139
4,140
4
4,142
4
4,144
4
4,146
4
4,148
4
4,150
4,151
4
4,153
4
4,155
4
4,157
4
4,159
4,160
4
4,162
4,163
4
4,165
4,166
4
4,168
4
4,170
4
4,172
4
4,174
4
4,176
4
4,178
4,179
4
4,181
4,182
4
4,184
4
4,186
4,187
4
4,189
4
4,191
4
4,193
4
4,195
4
5,213
5,216
5,219
5,221
5,224
5,227
5,230
5,232
5,234
5,237
5,241
5,244
5,247
5,250
5,254
5,256
5,260
6,214
6,215
6
6,217
6,218
6
6,220
6
6,222
6,223
6
6,225
6,226
6
6,228
6,229
6
6,231
6
6,233
6
6,235
6,236
6
6,238
6,239
6,240
6
6,242
6,243
6
6,245
6,246
6
6,248
6,249
6
6,251
6,252
6,253
6
6,255
6
6,257
6,258
6,259
6
6,261
6
12,175
12,238,149,241,164,185,138
12,225,110,122,214
12,124,112,217,228
12,245,230,147,219
12,126
12,128
12,183,232
12,156
12,114,235,222,130
12,247,177,161,257,251
12,81,65,71,83,61,254,63,260,77,67,75,69,59,79,73
12,118,134
12,190,169
12,120,136
12,194,173,143,145
12,116,167,188,132,152
12,192,154,141,171
12,180,158