0
0
0
0
0
0
0
0
0
0
0
0
0
0
0
0
0
0
0,81
0,99
0,101
0,103
0,105
0,107
0,109
0,111
0,113
0,115
0,83
0,85
0,87
0,89
0,91
0,93
0,95
0,97
0
0
0
0
0
0
0
0
0
0
0
0
0
0
0
0
0
0
0,182
0
0
0
0
0
0
0
0
0
0
0
0
0
0
0
0
0
0
0
0
0
0
0
0
0
2,81
2
2,83
2
2,85
2
2,87
2
2,89
2
2,91
2
2,93
2
2,95
2
2,97
2
2,99
2
2,101
2
2,103
2
2,105
2
2,107
2
2,109
2
2,111
2
2,113
2
2,115
2
3,142,150,246
3,152,144,249
3,254,148,146,251
3,116,147,145,118,141,143,230,227,117,228,149,229,151
3,257,166,158,154
3,260,168,156,160
3,162,267,164,264,262
3,235,161,155,157,165,234,120,122,153,232,121,167,163,159,231,233
3,171,271,175
3,177,274
3,173,270,170,273
3,236,174,169,172,124,125,126,237,176
3,179,279,184,277
3,181,186,280
3,238,185,180,128,239,129,183,178
3,188,201,286,190
3,197,205,191
3,283,199,193
3,194,284,203,196
3,200,202,189,187,204,241,198,192,132,131,134,133,195,240
3,292,212,207,222
3,213,218,226
3,289,209,215,220
3,224,210,290,217
3,214,225,138,136,211,206,219,208,216,221,223,139,242,137,243
4,142
4
4,144
4
4,146
4
4,148
4
4,150
4
4,152
4
4,154
4
4,156
4
4,158
4
4,160
4
4,162
4
4,164
4
4,166
4
4,168
4
4,170
4,171
4
4,173
4
4,175
4
4,177
4
4,179
4
4,181
4,182
4
4,184
4
4,186
4
4,188
4
4,190
4,191
4
4,193
4,194
4
4,196
4,197
4
4,199
4
4,201
4
4,203
4
4,205
4
4,207
4
4,209
4,210
4
4,212
4,213
4
4,215
4
4,217
4,218
4
4,220
4
4,222
4
4,224
4
4,226
4
5,244
5,247
5,250
5,252
5,255
5,258
5,261
5,263
5,265
5,268
5,272
5,275
5,278
5,281
5,285
5,287
5,291
6,245
6,246
6
6,248
6,249
6
6,251
6
6,253
6,254
6
6,256
6,257
6
6,259
6,260
6
6,262
6
6,264
6
6,266
6,267
6
6,269
6,270
6,271
6
6,273
6,274
6
6,276
6,277
6
6,279
6,280
6
6,282
6,283
6,284
6
6,286
6
6,288
6,289
6,290
6
6,292
6
12,206
12,269,216,272,180,169,195
12,245,141,256,153
12,155,259,248,143
12,178,250,276,261
12,157
12,159
12,214,263
12,187
12,145,253,266,161
12,208,288,278,192,282
12,82,84,98,88,94,102,86,92,104,100,106,112,285,108,96,80,110,114,291,90
12,149,165
12,200,221
12,151,167
12,174,225,204,176
12,163,147,198,183,219
12,223,202,185,172
12,189,211