0
0
0
0
0
0
0
0
0
0
0
0
0
0
0
0
0
0
0
0,83
0,101
0,103
0,105
0,107
0,109
0,111
0,113
0,115
0,117
0,119
0,85
0,87
0,89
0,91
0,93
0,95
0,97
0,99
0
0
0
0
0
0
0
0
0
0
0
0
0
0
0
0
0
0
0
0,186
0
0
0
0
0
0
0
0
0
0
0
0
0
0
0
0
0
0
0
0
0
0
0
0
2,83
2
2,85
2
2,87
2
2,89
2
2,91
2
2,93
2
2,95
2
2,97
2
2,99
2
2,101
2
2,103
2
2,105
2
2,107
2
2,109
2
2,111
2
2,113
2
2,115
2
2,117
2
2,119
2
3,146,154,250
3,156,148,253
3,258,152,150,255
3,120,151,149,122,145,147,234,231,121,232,153,233,155
3,261,170,162,158
3,264,172,160,164
3,166,271,168,268,266
3,239,165,159,161,169,238,124,126,157,236,125,171,167,163,235,237
3,175,275,179
3,181,278
3,177,274,174,277
3,240,178,173,176,128,129,130,241,180
3,183,283,188,281
3,185,190,284
3,242,189,184,132,243,133,187,182
3,192,205,290,194
3,201,209,195
3,287,203,197
3,198,288,207,200
3,204,206,193,191,208,245,202,196,136,135,138,137,199,244
3,296,216,211,226
3,217,222,230
3,293,213,219,224
3,228,214,294,221
3,218,229,142,140,215,210,223,212,220,225,227,143,246,141,247
4,146
4
4,148
4
4,150
4
4,152
4
4,154
4
4,156
4
4,158
4
4,160
4
4,162
4
4,164
4
4,166
4
4,168
4
4,170
4
4,172
4
4,174
4,175
4
4,177
4
4,179
4
4,181
4
4,183
4
4,185
4,186
4
4,188
4
4,190
4
4,192
4
4,194
4,195
4
4,197
4,198
4
4,200
4,201
4
4,203
4
4,205
4
4,207
4
4,209
4
4,211
4
4,213
4,214
4
4,216
4,217
4
4,219
4
4,221
4,222
4
4,224
4
4,226
4
4,228
4
4,230
4
5,248
5,251
5,254
5,256
5,259
5,262
5,265
5,267
5,269
5,272
5,276
5,279
5,282
5,285
5,289
5,291
5,295
6,249
6,250
6
6,252
6,253
6
6,255
6
6,257
6,258
6
6,260
6,261
6
6,263
6,264
6
6,266
6
6,268
6
6,270
6,271
6
6,273
6,274
6,275
6
6,277
6,278
6
6,280
6,281
6
6,283
6,284
6
6,286
6,287
6,288
6
6,290
6
6,292
6,293
6,294
6
6,296
6
12,210
12,273,220,276,184,173,199
12,249,145,260,157
12,159,263,252,147
12,182,254,280,265
12,161
12,163
12,218,267
12,191
12,149,257,270,165
12,212,292,282,196,286
12,84,86,100,90,96,104,88,94,106,102,108,114,289,110,98,82,112,118,116,295,92
12,153,169
12,204,225
12,155,171
12,178,229,208,180
12,167,151,202,187,223
12,227,206,189,176
12,193,215