0,67,61
0,55
0,49,43,37
0
0,70,64
0,34,46,58
0,73,52,40,76,79
0
0
0
0
0
0
0
0,42
0,69
0,72
0,75
0,78
0,45
0,48
0,51
0,54
0,57
0,60
0,63
0,66
0
0,33
0,36
0
0,39
2,33
2,34
2
2,36
2,37
2
2,39
2,40
2
2,42
2,43
2
2,45
2,46
2
2,48
2,49
2
2,51
2,52
2
2,54
2,55
2
2,57
2,58
2
2,60
2,61
2
2,63
2,64
2
2,66
2,67
2
2,69
2,70
2
2,72
2,73
2
2,75
2,76
2
2,78
2,79
2
3,115,210,110
3,207,111,117,108
3,113,206,209,107
3,106,191,190,82,114,116,109,112,81,80
3,214,120,127,122
3,123,129,217
3,216,213,119,125
3,85,124,118,126,128,121,86,84,193,192
3,223,230,134,131,227,140,220
3,142,221,132
3,144,224
3,138,228,135,146
3,137,148,231
3,194,130,141,91,143,90,133,196,92,145,197,147,88,195,139,89,136
3,233,150,159,156,237
3,161,157
3,238,153,151,163
3,234,154,165
3,198,164,149,95,155,94,158,152,199,97,160,162,96
3,248,170,241,244,251,179,167
3,242,181,168
3,183,245
3,249,171,185,174
3,187,173,177
3,189,252,176
3,175,182,172,188,103,178,200,101,184,102,180,166,169,100,104,201,186,99,203,202
4,107
4,108
4
4,110
4,111
4
4,113
4
4,115
4
4,117
4
4,119
4,120
4
4,122
4,123
4
4,125
4
4,127
4
4,129
4
4,131
4,132
4
4,134
4,135
4
4,137
4,138
4
4,140
4
4,142
4
4,144
4
4,146
4
4,148
4
4,150
4,151
4
4,153
4,154
4
4,156
4,157
4
4,159
4
4,161
4
4,163
4
4,165
4
4,167
4,168
4
4,170
4,171
4
4,173
4,174
4
4,176
4,177
4
4,179
4
4,181
4
4,183
4
4,185
4
4,187
4
4,189
4
5,204
5,208
5,211
5,215
5,218
5,222
5,225
5,229
5,232
5,235
5,239
5,243
5,246
5,250
6,205
6,206
6,207
6
6,209
6,210
6
6,212
6,213
6,214
6
6,216
6,217
6
6,219
6,220
6,221
6
6,223
6,224
6
6,226
6,227
6,228
6
6,230
6,231
6
6,233
6,234
6
6,236
6,237
6,238
6
6,240
6,241
6,242
6
6,244
6,245
6
6,247
6,248
6,249
6
6,251
6,252
6
12,219,59,53,62,205,56,50,68,166,222,32,121,65,243,44,240,71,47,215,35,130,109,41,74,106,77,155,38
12,232,250,226,247,229,149,236,133,169
12,118,208,212
12,136,175,152,172
12,126,178,114,158,139
12,116,160,182,141,143,128,180
12,186,188,184,162,164,145,147
12,124,112