0,85,76,70
0
0,100,91,79
0,64,94
0,52,58
0,106
0,67,97
0,73
0,88
0
0
0,103
0,82
0,61
0
0,55
0
0
0
0
0
0
0
0
0
0,51
0,75
0,78
0,81
0,84
0,87
0,90
0,93
0,96
0,99
0,102
0,54
0,105
0,57
0
0,60
0,63
0,66
0,69
0,72
0
0
0
0
0
2,51
2,52
2
2,54
2,55
2
2,57
2,58
2
2,60
2,61
2
2,63
2,64
2
2,66
2,67
2
2,69
2,70
2
2,72
2,73
2
2,75
2,76
2
2,78
2,79
2
2,81
2,82
2
2,84
2,85
2
2,87
2,88
2
2,90
2,91
2
2,93
2,94
2
2,96
2,97
2
2,99
2,100
2
2,102
2,103
2
2,105
2,106
2
3,142,237,137
3,234,138,144,135
3,140,233,236,134
3,217,133,109,218,141,143,136,139,108,107
3,241,147,154,149
3,150,156,244
3,243,240,146,152
3,151,145,153,155,148,112,113,111,220,219
3,250,257,161,158,254,167,247
3,169,248,159
3,171,251
3,165,255,162,173
3,164,175,258
3,221,172,223,168,118,170,117,160,119,224,174,115,222,166,116,157,163
3,183,260,177,186,264
3,188,184
3,265,180,178,190
3,261,181,192
3,225,191,176,122,182,121,185,179,226,124,187,189,123
3,268,275,197,271,278,206,194
3,269,208,195
3,210,272
3,276,212,198,201
3,214,200,204
3,216,279,203
3,205,202,209,199,215,130,227,128,211,129,207,127,193,196,131,228,213,126,230,229
4,134
4,135
4
4,137
4,138
4
4,140
4
4,142
4
4,144
4
4,146
4,147
4
4,149
4,150
4
4,152
4
4,154
4
4,156
4
4,158
4,159
4
4,161
4,162
4
4,164
4,165
4
4,167
4
4,169
4
4,171
4
4,173
4
4,175
4
4,177
4,178
4
4,180
4,181
4
4,183
4,184
4
4,186
4
4,188
4
4,190
4
4,192
4
4,194
4,195
4
4,197
4,198
4
4,200
4,201
4
4,203
4,204
4
4,206
4
4,208
4
4,210
4
4,212
4
4,214
4
4,216
4
5,231
5,235
5,238
5,242
5,245
5,249
5,252
5,256
5,259
5,262
5,266
5,270
5,273
5,277
6,232
6,233
6,234
6
6,236
6,237
6
6,239
6,240
6,241
6
6,243
6,244
6
6,246
6,247
6,248
6
6,250
6,251
6
6,253
6,254
6,255
6
6,257
6,258
6
6,260
6,261
6
6,263
6,264
6,265
6
6,267
6,268
6,269
6
6,271
6,272
6
6,274
6,275
6,276
6
6,278
6,279
6
12,77,98,101,71,80,246,232,74,68,86,193,249,50,148,83,270,62,267,89,65,242,53,157,136,59,92,133,95,182,56,104
12,259,277,253,274,256,176,263,160,196
12,145,239,235
12,163,202,179,199
12,153,205,166,141,185
12,143,187,209,168,170,155,207
12,213,215,211,189,191,172,174
12,151,139