0,28,22,25
0,37
0,31,34,19
0
0
0
0
0
0
0
0,24
0,27
0,30
0,33
0,36
0,18
0,21
2,18
2,19
2
2,21
2,22
2
2,24
2,25
2
2,27
2,28
2
2,30
2,31
2
2,33
2,34
2
2,36
2,37
2
3,168,73,68
3,165,69,75,66
3,71,164,65,167
3,72,74,149,67,70,148,64,38,40,39
3,172,78,85,80
3,81,87,175
3,77,171,174,83
3,42,151,84,82,44,76,86,43,150,79
3,89,181,185,98,178,188,92
3,90,100,179
3,182,102
3,96,93,186,104
3,95,106,189
3,49,47,88,155,152,99,46,105,103,101,48,94,91,153,50,154,97
3,108,191,114,195,117
3,115,119
3,111,196,109,121
3,192,123,112
3,157,118,122,120,55,110,156,53,116,52,54,107,113
3,128,199,137,206,202,125,209
3,139,126,200
3,141,203
3,207,143,132,129
3,135,131,145
3,147,210,134
3,161,61,58,127,138,133,159,57,146,60,136,144,142,140,62,158,130,59,124,160
4,65
4,66
4
4,68
4,69
4
4,71
4
4,73
4
4,75
4
4,77
4,78
4
4,80
4,81
4
4,83
4
4,85
4
4,87
4
4,89
4,90
4
4,92
4,93
4
4,95
4,96
4
4,98
4
4,100
4
4,102
4
4,104
4
4,106
4
4,108
4,109
4
4,111
4,112
4
4,114
4,115
4
4,117
4
4,119
4
4,121
4
4,123
4
4,125
4,126
4
4,128
4,129
4
4,131
4,132
4
4,134
4,135
4
4,137
4
4,139
4
4,141
4
4,143
4
4,145
4
4,147
4
5,162
5,166
5,169
5,173
5,176
5,180
5,183
5,187
5,190
5,193
5,197
5,201
5,204
5,208
6,163
6,164
6,165
6
6,167
6,168
6
6,170
6,171
6,172
6
6,174
6,175
6
6,177
6,178
6,179
6
6,181
6,182
6
6,184
6,185
6,186
6
6,188
6,189
6
6,191
6,192
6
6,194
6,195
6,196
6
6,198
6,199
6,200
6
6,202
6,203
6
6,205
6,206
6,207
6
6,209
6,210
6
12,17,26,163,177,79,35,88,20,124,64,113,29,198,180,32,173,67,201,23
12,107,190,91,205,187,208,127,184,194
12,76,170,166
12,110,133,130,94
12,97,84,136,72,116
12,74,138,140,99,101,118,86
12,120,142,122,103,105,146,144
12,82,70