0,48
0,42
0,45
0,63
0,60
0
0
0,51,36
0
0,66
0
0,69
0
0,54,39,57
0
0
0
0
0
0
0
0
0,62
0,65
0,68
0,38
0,41
0,44
0,47
0,50
0,53
0,56
0,59
0,35
2,35
2,36
2
2,38
2,39
2
2,41
2,42
2
2,44
2,45
2
2,47
2,48
2
2,50
2,51
2
2,53
2,54
2
2,56
2,57
2
2,59
2,60
2
2,62
2,63
2
2,65
2,66
2
2,68
2,69
2
3,105,200,100
3,197,101,107,98
3,103,196,199,97
3,180,96,104,181,72,106,99,102,71,70
3,204,110,117,112
3,113,119,207
3,203,206,109,115
3,114,108,116,118,111,75,76,74,183,182
3,121,213,220,124,217,130,210
3,132,211,122
3,134,214
3,128,218,125,136
3,127,138,221
3,184,120,131,81,133,80,123,186,82,135,187,137,78,185,129,79,126
3,223,149,140,146,227
3,151,147
3,228,143,141,153
3,224,144,155
3,188,154,139,85,145,84,148,142,152,189,87,150,86
3,231,238,160,234,241,169,157
3,232,171,158
3,173,235
3,239,161,175,164
3,177,163,167
3,179,242,166
3,168,165,162,94,178,93,172,190,91,174,193,92,170,156,159,90,191,176,89,192
4,97
4,98
4
4,100
4,101
4
4,103
4
4,105
4
4,107
4
4,109
4,110
4
4,112
4,113
4
4,115
4
4,117
4
4,119
4
4,121
4,122
4
4,124
4,125
4
4,127
4,128
4
4,130
4
4,132
4
4,134
4
4,136
4
4,138
4
4,140
4,141
4
4,143
4,144
4
4,146
4,147
4
4,149
4
4,151
4
4,153
4
4,155
4
4,157
4,158
4
4,160
4,161
4
4,163
4,164
4
4,166
4,167
4
4,169
4
4,171
4
4,173
4
4,175
4
4,177
4
4,179
4
5,194
5,198
5,201
5,205
5,208
5,212
5,215
5,219
5,222
5,225
5,229
5,233
5,236
5,240
6,195
6,196
6,197
6
6,199
6,200
6
6,202
6,203
6,204
6
6,206
6,207
6
6,209
6,210
6,211
6
6,213
6,214
6
6,216
6,217
6,218
6
6,220
6,221
6
6,223
6,224
6
6,226
6,227
6,228
6
6,230
6,231
6,232
6
6,234
6,235
6
6,237
6,238
6,239
6
6,241
6,242
6
12,61,55,64,209,195,58,52,156,230,212,99,34,111,67,37,233,46,49,205,120,43,96,145,40
12,222,240,216,219,139,226,123,159,237
12,108,198,202
12,126,165,142,162
12,116,168,104,148,129
12,106,150,172,131,133,118,170
12,176,178,174,152,154,135,137
12,114,102