0,63
0,69,75
0
0
0,36
0,60,54
0,48,45
0,72,57,42
0
0,78,39,66
0,51
0
0
0
0
0
0
0
0,41
0,68
0,71
0,74
0,77
0,44
0,47
0,50
0,53
0,56
0,59
0,62
0,65
0
0,35
0,38
2,35
2,36
2
2,38
2,39
2
2,41
2,42
2
2,44
2,45
2
2,47
2,48
2
2,50
2,51
2
2,53
2,54
2
2,56
2,57
2
2,59
2,60
2
2,62
2,63
2
2,65
2,66
2
2,68
2,69
2
2,71
2,72
2
2,74
2,75
2
2,77
2,78
2
3,114,209,109
3,206,110,116,107
3,112,205,208,106
3,189,105,190,81,113,115,108,111,80,79
3,213,119,126,121
3,122,128,216
3,215,212,118,124
3,123,117,125,127,120,84,85,83,192,191
3,222,229,133,130,226,139,219
3,141,220,131
3,143,223
3,137,227,134,145
3,136,147,230
3,129,140,90,193,142,89,132,195,91,144,196,146,87,194,138,88,135
3,232,158,149,155,236
3,160,156
3,237,152,150,162
3,233,153,164
3,197,163,148,94,157,154,93,151,161,198,96,159,95
3,247,169,240,243,250,178,166
3,241,180,167
3,182,244
3,248,170,184,173
3,176,186,172
3,188,251,175
3,177,174,181,171,183,187,102,199,100,101,179,165,168,99,103,200,185,98,202,201
4,106
4,107
4
4,109
4,110
4
4,112
4
4,114
4
4,116
4
4,118
4,119
4
4,121
4,122
4
4,124
4
4,126
4
4,128
4
4,130
4,131
4
4,133
4,134
4
4,136
4,137
4
4,139
4
4,141
4
4,143
4
4,145
4
4,147
4
4,149
4,150
4
4,152
4,153
4
4,155
4,156
4
4,158
4
4,160
4
4,162
4
4,164
4
4,166
4,167
4
4,169
4,170
4
4,172
4,173
4
4,175
4,176
4
4,178
4
4,180
4
4,182
4
4,184
4
4,186
4
4,188
4
5,203
5,207
5,210
5,214
5,217
5,221
5,224
5,228
5,231
5,234
5,238
5,242
5,245
5,249
6,204
6,205
6,206
6
6,208
6,209
6
6,211
6,212
6,213
6
6,215
6,216
6
6,218
6,219
6,220
6
6,222
6,223
6
6,225
6,226
6,227
6
6,229
6,230
6
6,232
6,233
6
6,235
6,236
6,237
6
6,239
6,240
6,241
6
6,243
6,244
6
6,246
6,247
6,248
6
6,250
6,251
6
12,218,61,55,64,204,58,52,70,165,239,221,108,34,120,67,37,242,46,73,49,214,129,43,76,105,154,40
12,231,249,225,246,228,148,235,132,168
12,117,207,211
12,135,174,151,171
12,125,177,113,157,138
12,115,159,181,140,142,127,179
12,185,187,183,161,163,144,146
12,123,111