0,63
0
0
0,51
0,69,72,60,42
0,39
0,36,48,57,54
0,45
0
0,66
0
0
0
0
0
0
0
0
0,35
0,62
0,65
0,68
0,71
0,38
0,41
0,44
0,47
0,50
0,53
0,56
0,59
0
0
0
2,35
2,36
2
2,38
2,39
2
2,41
2,42
2
2,44
2,45
2
2,47
2,48
2
2,50
2,51
2
2,53
2,54
2
2,56
2,57
2
2,59
2,60
2
2,62
2,63
2
2,65
2,66
2
2,68
2,69
2
2,71
2,72
2
3,108,203,103
3,200,104,110,101
3,106,199,202,100
3,183,99,184,75,107,109,102,105,74,73
3,207,113,120,115
3,116,122,210
3,206,209,112,118
3,117,111,119,121,114,78,79,77,186,185
3,216,223,127,124,220,133,213
3,135,214,125
3,137,217
3,131,221,128,139
3,130,141,224
3,187,123,134,84,136,83,126,189,85,138,190,140,81,188,132,82,129
3,226,152,143,149,230
3,154,150
3,231,146,144,156
3,227,147,158
3,191,157,142,88,148,87,151,145,192,90,153,155,89
3,241,163,234,237,244,172,160
3,235,174,161
3,176,238
3,242,164,178,167
3,180,166,170
3,182,245,169
3,171,168,175,165,181,96,193,94,177,95,173,159,162,93,97,194,179,92,196,195
4,100
4,101
4
4,103
4,104
4
4,106
4
4,108
4
4,110
4
4,112
4,113
4
4,115
4,116
4
4,118
4
4,120
4
4,122
4
4,124
4,125
4
4,127
4,128
4
4,130
4,131
4
4,133
4
4,135
4
4,137
4
4,139
4
4,141
4
4,143
4,144
4
4,146
4,147
4
4,149
4,150
4
4,152
4
4,154
4
4,156
4
4,158
4
4,160
4,161
4
4,163
4,164
4
4,166
4,167
4
4,169
4,170
4
4,172
4
4,174
4
4,176
4
4,178
4
4,180
4
4,182
4
5,197
5,201
5,204
5,208
5,211
5,215
5,218
5,222
5,225
5,228
5,232
5,236
5,239
5,243
6,198
6,199
6,200
6
6,202
6,203
6
6,205
6,206
6,207
6
6,209
6,210
6
6,212
6,213
6,214
6
6,216
6,217
6
6,219
6,220
6,221
6
6,223
6,224
6
6,226
6,227
6
6,229
6,230
6,231
6
6,233
6,234
6,235
6
6,237
6,238
6
6,240
6,241
6,242
6
6,244
6,245
6
12,212,61,55,64,198,58,52,70,159,233,215,34,114,67,37,236,46,49,208,123,102,43,99,148,40
12,225,243,219,240,222,142,229,126,162
12,111,201,205
12,129,168,145,165
12,119,171,107,151,132
12,109,153,121,175,134,136,173
12,179,181,177,155,157,138,140
12,117,105