0,37,25,43
0,46
0
0,31
0,40
0,28,34
0
0
0
0
0
0
0
0,27
0,30
0,33
0,36
0,39
0,42
0,45
0
0
0,24
2,24
2,25
2
2,27
2,28
2
2,30
2,31
2
2,33
2,34
2
2,36
2,37
2
2,39
2,40
2
2,42
2,43
2
2,45
2,46
2
3,177,82,77
3,174,78,84,75
3,80,173,74,176
3,81,83,158,76,79,157,73,47,49,48
3,181,87,94,89
3,90,96,184
3,86,180,183,92
3,51,160,93,91,53,85,95,52,159,88
3,98,190,194,107,187,197,101
3,99,109,188
3,191,111
3,105,102,195,113
3,104,115,198
3,58,56,97,164,161,108,55,114,112,110,57,100,162,59,163,103,106
3,117,200,123,204,126
3,124,128
3,120,205,118,130
3,201,132,121
3,166,127,131,129,64,119,62,125,61,63,165,116,122
3,137,215,208,146,218,211,134
3,148,135,209
3,150,212
3,216,152,141,138
3,140,154,144
3,219,156,143
3,70,67,149,136,142,168,66,69,155,145,167,147,153,151,170,139,71,68,133,169
4,74
4,75
4
4,77
4,78
4
4,80
4
4,82
4
4,84
4
4,86
4,87
4
4,89
4,90
4
4,92
4
4,94
4
4,96
4
4,98
4,99
4
4,101
4,102
4
4,104
4,105
4
4,107
4
4,109
4
4,111
4
4,113
4
4,115
4
4,117
4,118
4
4,120
4,121
4
4,123
4,124
4
4,126
4
4,128
4
4,130
4
4,132
4
4,134
4,135
4
4,137
4,138
4
4,140
4,141
4
4,143
4,144
4
4,146
4
4,148
4
4,150
4
4,152
4
4,154
4
4,156
4
5,171
5,175
5,178
5,182
5,185
5,189
5,192
5,196
5,199
5,202
5,206
5,210
5,213
5,217
6,172
6,173
6,174
6
6,176
6,177
6
6,179
6,180
6,181
6
6,183
6,184
6
6,186
6,187
6,188
6
6,190
6,191
6
6,193
6,194
6,195
6
6,197
6,198
6
6,200
6,201
6
6,203
6,204
6,205
6
6,207
6,208
6,209
6
6,211
6,212
6
6,214
6,215
6,216
6
6,218
6,219
6
12,23,32,172,186,88,41,26,133,73,122,35,207,38,182,189,76,29,44,210,97
12,116,199,100,217,196,136,214,193,203
12,85,179,175
12,119,142,139,103
12,106,93,145,81,125
12,83,147,149,108,110,127,95
12,114,155,129,151,131,153,112
12,91,79