0,54
0,51,45,30
0,63
0,33,60,36,48
0,39
0,42,57
0
0
0
0
0
0
0
0,32
0,59
0,62
0,35
0,38
0,41
0,44
0,47
0,50
0,53
0,56
0,29
0
0
0
2,29
2,30
2
2,32
2,33
2
2,35
2,36
2
2,38
2,39
2
2,41
2,42
2
2,44
2,45
2
2,47
2,48
2
2,50
2,51
2
2,53
2,54
2
2,56
2,57
2
2,59
2,60
2
2,62
2,63
2
3,99,194,94
3,191,95,101,92
3,97,190,193,91
3,174,90,175,66,98,100,93,96,65,64
3,198,104,111,106
3,107,113,201
3,197,200,103,109
3,69,108,102,110,112,105,70,68,177,176
3,207,214,118,115,211,124,204
3,205,126,116
3,128,208
3,122,212,119,130
3,121,132,215
3,178,114,125,75,127,74,117,180,76,129,181,131,72,179,123,73,120
3,217,134,143,140,221
3,145,141
3,222,137,135,147
3,218,138,149
3,182,148,133,79,139,78,142,136,183,81,144,146,80
3,154,225,228,235,232,163,151
3,226,165,152
3,167,229
3,233,155,169,158
3,171,157,161
3,173,236,160
3,159,166,156,172,87,162,184,85,168,86,164,150,153,84,88,185,170,83,187,186
4,91
4,92
4
4,94
4,95
4
4,97
4
4,99
4
4,101
4
4,103
4,104
4
4,106
4,107
4
4,109
4
4,111
4
4,113
4
4,115
4,116
4
4,118
4,119
4
4,121
4,122
4
4,124
4
4,126
4
4,128
4
4,130
4
4,132
4
4,134
4,135
4
4,137
4,138
4
4,140
4,141
4
4,143
4
4,145
4
4,147
4
4,149
4
4,151
4,152
4
4,154
4,155
4
4,157
4,158
4
4,160
4,161
4
4,163
4
4,165
4
4,167
4
4,169
4
4,171
4
4,173
4
5,188
5,192
5,195
5,199
5,202
5,206
5,209
5,213
5,216
5,219
5,223
5,227
5,230
5,234
6,189
6,190
6,191
6
6,193
6,194
6
6,196
6,197
6,198
6
6,200
6,201
6
6,203
6,204
6,205
6
6,207
6,208
6
6,210
6,211
6,212
6
6,214
6,215
6
6,217
6,218
6
6,220
6,221
6,222
6
6,224
6,225
6,226
6
6,228
6,229
6
6,231
6,232
6,233
6
6,235
6,236
6
12,203,55,49,58,189,52,46,150,224,206,28,105,61,31,227,40,43,199,114,93,37,90,139,34
12,216,234,210,231,213,133,220,117,153
12,102,192,196
12,120,159,136,156
12,110,162,98,142,123
12,100,144,166,125,127,112,164
12,170,172,168,146,148,129,131
12,108,96