green,
green,
green,
green,
green,
green,
green,
green,
green,
green,
green,
green,
green,
green,
green,
green,
green,
green,
green,
green,
green,
green,
green,
green,
green,
green,
green,
green,
green,
green,
green,
green,
green,
green,
green,
green,
green,
green,
green,
green,
green,
green,
green,
green,
green,
green,
green,
green,
green,
green,
green,
green,
green,
green,
green,
green,
green,
green,
green,
green,
green,
green,
green,
green,
green,
green,
green,
green,
green,
green,
green,
green,
green,
green,
green,
green,
green,
green,
green,
green,
green,
green,
green,
gold,0,402,411,
gold,0,
gold,1,403,412,
gold,1,
gold,2,404,413,
gold,2,
gold,3,405,414,
gold,3,
gold,4,406,415,
gold,4,
gold,5,407,416,
gold,5,
gold,6,267,269,271,273,275,277,279,281,283,285,287,289,291,293,295,297,299,301,303,305,307,309,311,313,315,371,373,375,377,379,381,383,385,387,389,391,393,395,397,399,401,402,403,404,405,406,407,408,409,410,663,665,667,669,671,673,675,677,679,681,683,685,687,689,691,693,695,
gold,6,266,316,317,318,420,438,439,442,443,446,447,450,451,454,455,458,459,462,463,466,467,470,471,474,475,478,479,482,483,486,487,490,491,494,495,498,499,502,503,506,507,510,511,514,515,518,519,522,523,526,527,530,531,694,
gold,6,268,270,272,322,323,324,370,372,421,534,535,538,539,598,599,602,603,662,664,
gold,6,274,276,278,325,326,327,374,376,422,542,543,546,547,606,607,610,611,666,668,
gold,6,280,282,284,328,329,330,378,380,423,550,551,554,555,614,615,618,619,670,672,
gold,6,286,288,290,331,332,333,382,384,424,558,559,562,563,622,623,626,627,674,676,
gold,6,292,294,296,334,335,336,386,388,425,566,567,570,571,630,631,634,635,678,680,
gold,6,298,300,302,337,338,339,390,392,426,574,575,578,579,638,639,642,643,682,684,
gold,6,304,306,308,340,341,342,394,396,427,582,583,586,587,646,647,650,651,686,688,
gold,6,310,312,314,343,344,345,398,400,428,590,591,594,595,654,655,658,659,690,692,
gold,7,408,417,
gold,7,
gold,8,409,418,
gold,8,
gold,9,266,268,270,272,274,276,278,280,282,284,286,288,290,292,294,296,298,300,302,304,306,308,310,312,314,370,372,374,376,378,380,382,384,386,388,390,392,394,396,398,400,411,412,413,414,415,416,417,418,419,662,664,666,668,670,672,674,676,678,680,682,684,686,688,690,692,694,
gold,9,267,319,320,321,429,440,441,444,445,448,449,452,453,456,457,460,461,464,465,468,469,472,473,476,477,480,481,484,485,488,489,492,493,496,497,500,501,504,505,508,509,512,513,516,517,520,521,524,525,528,529,532,533,695,
gold,9,269,271,273,346,347,348,371,373,430,536,537,540,541,600,601,604,605,663,665,
gold,9,275,277,279,349,350,351,375,377,431,544,545,548,549,608,609,612,613,667,669,
gold,9,281,283,285,352,353,354,379,381,432,552,553,556,557,616,617,620,621,671,673,
gold,9,287,289,291,355,356,357,383,385,433,560,561,564,565,624,625,628,629,675,677,
gold,9,293,295,297,358,359,360,387,389,434,568,569,572,573,632,633,636,637,679,681,
gold,9,299,301,303,361,362,363,391,393,435,576,577,580,581,640,641,644,645,683,685,
gold,9,305,307,309,364,365,366,395,397,436,584,585,588,589,648,649,652,653,687,689,
gold,9,311,313,315,367,368,369,399,401,437,592,593,596,597,656,657,660,661,691,693,
gold,10,410,419,
gold,10,
gold,11,316,317,318,319,320,321,438,439,440,441,442,443,444,445,446,447,448,449,450,451,452,453,454,455,456,457,458,459,460,461,462,463,464,465,466,467,468,469,
gold,11,
gold,12,316,317,318,319,320,321,438,439,440,441,442,443,444,445,446,447,448,449,450,451,452,453,454,455,456,457,458,459,460,461,462,463,464,465,466,467,468,469,470,471,472,473,474,475,476,477,478,479,480,481,482,483,484,485,486,487,488,489,490,491,492,493,494,495,496,497,498,499,500,501,502,503,504,505,506,507,508,509,510,511,512,513,514,515,516,517,518,519,520,521,522,523,524,525,526,527,528,529,530,531,532,533,
gold,12,
gold,13,325,349,
gold,13,
gold,14,334,358,
gold,14,
gold,15,337,361,
gold,15,
gold,16,343,367,
gold,16,
gold,17,268,269,
gold,17,
gold,18,274,275,
gold,18,
gold,19,280,281,
gold,19,
gold,20,286,287,
gold,20,
gold,21,292,293,
gold,21,
gold,22,298,299,
gold,22,
gold,23,304,305,
gold,23,
gold,24,310,311,
gold,24,
gold,25,270,271,662,663,
gold,25,
gold,26,272,273,664,665,
gold,26,
gold,27,276,277,666,667,
gold,27,
gold,28,278,279,668,669,
gold,28,
gold,29,282,283,670,671,
gold,29,
gold,30,284,285,672,673,
gold,30,
gold,31,288,289,674,675,
gold,31,
gold,32,290,291,676,677,
gold,32,
gold,33,294,295,678,679,
gold,33,
gold,34,296,297,680,681,
gold,34,
gold,35,300,301,682,683,
gold,35,
gold,36,302,303,684,685,
gold,36,
gold,37,306,307,686,687,
gold,37,
gold,38,308,309,688,689,
gold,38,
gold,39,312,313,690,691,
gold,39,
gold,40,314,315,692,693,
gold,40,
gold,41,323,347,534,535,536,537,598,599,600,601,
gold,41,
gold,42,370,371,372,373,438,439,440,441,470,471,472,473,502,503,504,505,
gold,42,
gold,43,324,348,538,539,540,541,602,603,604,605,
gold,43,
gold,44,326,350,542,543,544,545,606,607,608,609,
gold,44,
gold,45,374,375,376,377,442,443,444,445,474,475,476,477,506,507,508,509,
gold,45,
gold,46,329,353,550,551,552,553,614,615,616,617,
gold,46,
gold,47,378,379,380,381,446,447,448,449,478,479,480,481,510,511,512,513,
gold,47,
gold,48,330,354,554,555,556,557,618,619,620,621,
gold,48,
gold,49,332,356,558,559,560,561,622,623,624,625,
gold,49,
gold,50,382,383,384,385,450,451,452,453,482,483,484,485,514,515,516,517,
gold,50,
gold,51,333,357,562,563,564,565,626,627,628,629,
gold,51,
gold,52,335,359,566,567,568,569,630,631,632,633,
gold,52,
gold,53,386,387,388,389,454,455,456,457,486,487,488,489,518,519,520,521,
gold,53,
gold,54,338,362,574,575,576,577,638,639,640,641,
gold,54,
gold,55,390,391,392,393,458,459,460,461,490,491,492,493,522,523,524,525,
gold,55,
gold,56,341,365,582,583,584,585,646,647,648,649,
gold,56,
gold,57,394,395,396,397,462,463,464,465,494,495,496,497,526,527,528,529,
gold,57,
gold,58,342,366,586,587,588,589,650,651,652,653,
gold,58,
gold,59,344,368,590,591,592,593,654,655,656,657,
gold,59,
gold,60,398,399,400,401,466,467,468,469,498,499,500,501,530,531,532,533,
gold,60,
gold,61,345,369,594,595,596,597,658,659,660,661,
gold,61,
gold,62,310,311,312,313,314,315,398,399,400,401,466,467,468,469,498,499,500,501,530,531,532,533,690,691,692,693,
gold,62,
gold,63,268,269,270,271,272,273,370,371,372,373,438,439,440,441,470,471,472,473,502,503,504,505,662,663,664,665,
gold,63,
gold,64,280,281,282,283,284,285,378,379,380,381,446,447,448,449,478,479,480,481,510,511,512,513,670,671,672,673,
gold,64,
gold,65,286,287,288,289,290,291,382,383,384,385,450,451,452,453,482,483,484,485,514,515,516,517,674,675,676,677,
gold,65,
gold,66,304,305,306,307,308,309,394,395,396,397,462,463,464,465,494,495,496,497,526,527,528,529,686,687,688,689,
gold,66,
gold,67,274,275,276,277,278,279,374,375,376,377,442,443,444,445,474,475,476,477,506,507,508,509,666,667,668,669,
gold,67,
gold,68,292,293,294,295,296,297,386,387,388,389,454,455,456,457,486,487,488,489,518,519,520,521,678,679,680,681,
gold,68,
gold,69,298,299,300,301,302,303,390,391,392,393,458,459,460,461,490,491,492,493,522,523,524,525,682,683,684,685,
gold,69,
gold,70,534,535,536,537,538,539,540,541,542,543,544,545,546,547,548,549,550,551,552,553,554,555,556,557,558,559,560,561,562,563,564,565,566,567,568,569,570,571,572,573,574,575,576,577,578,579,580,581,582,583,584,585,586,587,588,589,590,591,592,593,594,595,596,597,
gold,70,
gold,71,266,267,534,535,536,537,538,539,540,541,542,543,544,545,546,547,548,549,550,551,552,553,554,555,556,557,558,559,560,561,562,563,564,565,566,567,568,569,570,571,572,573,574,575,576,577,578,579,580,581,582,583,584,585,586,587,588,589,590,591,592,593,594,595,596,597,
gold,71,
gold,72,598,599,600,601,602,603,604,605,606,607,608,609,610,611,612,613,614,615,616,617,618,619,620,621,622,623,624,625,626,627,628,629,630,631,632,633,634,635,636,637,638,639,640,641,642,643,644,645,646,647,648,649,650,651,652,653,654,655,656,657,658,659,660,661,694,695,
gold,72,
gold,73,470,471,472,473,474,475,476,477,478,479,480,481,482,483,484,485,486,487,488,489,490,491,492,493,494,495,496,497,498,499,500,501,694,695,
gold,73,
gold,74,316,319,534,536,538,540,542,544,546,548,550,552,554,556,558,560,562,564,566,568,570,572,574,576,578,580,582,584,586,588,590,592,594,596,598,600,602,604,606,608,610,612,614,616,618,620,622,624,626,628,630,632,634,636,638,640,642,644,646,648,650,652,654,656,658,660,
gold,74,317,320,438,440,442,444,446,448,450,452,454,456,458,460,462,464,466,468,470,472,474,476,478,480,482,484,486,488,490,492,494,496,498,500,502,504,506,508,510,512,514,516,518,520,522,524,526,528,530,532,535,537,539,541,543,545,547,549,551,553,555,557,559,561,563,565,567,569,571,573,575,577,579,581,583,585,587,589,591,593,595,597,599,601,603,605,607,609,611,613,615,617,619,621,623,625,627,629,631,633,635,637,639,641,643,645,647,649,651,653,655,657,659,661,
gold,74,318,321,439,441,443,445,447,449,451,453,455,457,459,461,463,465,467,469,471,473,475,477,479,481,483,485,487,489,491,493,495,497,499,501,503,505,507,509,511,513,515,517,519,521,523,525,527,529,531,533,
gold,75,502,503,504,505,506,507,508,509,510,511,512,513,514,515,516,517,518,519,520,521,522,523,524,525,526,527,528,529,530,531,532,533,694,695,
gold,75,
red,76,322,346,
gold,76,
red,77,328,352,
gold,77,
red,78,331,355,
gold,78,
red,79,340,364,
gold,79,
red,80,327,351,546,547,548,549,610,611,612,613,
gold,80,
red,81,336,360,570,571,572,573,634,635,636,637,
gold,81,
red,82,339,363,578,579,580,581,642,643,644,645,
gold,82,
lightskyblue,239,
lightskyblue,239,
lightskyblue,183,134,
lightskyblue,183,134,
lightskyblue,183,150,
lightskyblue,183,150,
lightskyblue,183,152,
lightskyblue,183,152,
lightskyblue,189,136,
lightskyblue,189,136,
lightskyblue,189,154,
lightskyblue,189,154,
lightskyblue,189,156,
lightskyblue,189,156,
lightskyblue,193,138,
lightskyblue,193,138,
lightskyblue,193,158,
lightskyblue,193,158,
lightskyblue,193,160,
lightskyblue,193,160,
lightskyblue,199,140,
lightskyblue,199,140,
lightskyblue,199,162,
lightskyblue,199,162,
lightskyblue,199,164,
lightskyblue,199,164,
lightskyblue,205,142,
lightskyblue,205,142,
lightskyblue,205,166,
lightskyblue,205,166,
lightskyblue,205,168,
lightskyblue,205,168,
lightskyblue,209,144,
lightskyblue,209,144,
lightskyblue,209,170,
lightskyblue,209,170,
lightskyblue,209,172,
lightskyblue,209,172,
lightskyblue,213,146,
lightskyblue,213,146,
lightskyblue,213,174,
lightskyblue,213,174,
lightskyblue,213,176,
lightskyblue,213,176,
lightskyblue,219,148,
lightskyblue,219,148,
lightskyblue,219,178,
lightskyblue,219,178,
lightskyblue,219,180,
lightskyblue,219,180,
lightskyblue,122,241,124,
lightskyblue,122,241,124,247,
lightskyblue,122,241,124,247,
lightskyblue,122,241,124,
lightskyblue,122,241,124,247,
lightskyblue,122,241,124,247,
lightskyblue,253,225,
lightskyblue,182,225,
lightskyblue,186,225,
lightskyblue,126,233,
lightskyblue,188,233,
lightskyblue,261,233,
lightskyblue,255,227,
lightskyblue,192,227,
lightskyblue,196,227,
lightskyblue,257,229,
lightskyblue,198,229,
lightskyblue,202,229,
lightskyblue,128,235,
lightskyblue,204,235,
lightskyblue,263,235,
lightskyblue,130,237,
lightskyblue,208,237,
lightskyblue,265,237,
lightskyblue,259,231,
lightskyblue,212,231,
lightskyblue,216,231,
lightskyblue,132,223,
lightskyblue,218,223,
lightskyblue,222,223,
lightskyblue,253,225,
lightskyblue,182,225,
lightskyblue,186,225,
lightskyblue,126,233,
lightskyblue,188,233,
lightskyblue,261,233,
lightskyblue,255,227,
lightskyblue,192,227,
lightskyblue,196,227,
lightskyblue,257,229,
lightskyblue,198,229,
lightskyblue,202,229,
lightskyblue,128,235,
lightskyblue,204,235,
lightskyblue,263,235,
lightskyblue,130,237,
lightskyblue,208,237,
lightskyblue,265,237,
lightskyblue,259,231,
lightskyblue,212,231,
lightskyblue,216,231,
lightskyblue,132,223,
lightskyblue,218,223,
lightskyblue,222,223,
lightskyblue,184,181,226,149,
lightskyblue,184,181,226,149,
lightskyblue,184,185,226,151,
lightskyblue,184,185,226,151,
lightskyblue,190,187,234,153,
lightskyblue,190,187,234,153,
lightskyblue,190,260,234,155,
lightskyblue,190,260,234,155,
lightskyblue,194,191,228,157,
lightskyblue,194,191,228,157,
lightskyblue,194,195,228,159,
lightskyblue,194,195,228,159,
lightskyblue,200,197,230,161,
lightskyblue,200,197,230,161,
lightskyblue,200,201,230,163,
lightskyblue,200,201,230,163,
lightskyblue,206,203,236,165,
lightskyblue,206,203,236,165,
lightskyblue,206,262,236,167,
lightskyblue,206,262,236,167,
lightskyblue,210,207,238,169,
lightskyblue,210,207,238,169,
lightskyblue,210,264,238,171,
lightskyblue,210,264,238,171,
lightskyblue,214,211,232,173,
lightskyblue,214,211,232,173,
lightskyblue,214,215,232,175,
lightskyblue,214,215,232,175,
lightskyblue,220,217,224,177,
lightskyblue,220,217,224,177,
lightskyblue,220,221,224,179,
lightskyblue,220,221,224,179,
lightskyblue,96,84,
lightskyblue,97,86,
lightskyblue,98,88,
lightskyblue,99,90,
lightskyblue,100,92,
lightskyblue,101,94,
lightskyblue,102,106,
lightskyblue,103,108,
lightskyblue,104,120,
lightskyblue,110,84,
lightskyblue,111,86,
lightskyblue,112,88,
lightskyblue,113,90,
lightskyblue,114,92,
lightskyblue,115,94,
lightskyblue,116,106,
lightskyblue,117,108,
lightskyblue,118,120,
lightskyblue,95,83,
lightskyblue,95,85,
lightskyblue,95,87,
lightskyblue,95,89,
lightskyblue,95,91,
lightskyblue,95,93,
lightskyblue,95,105,
lightskyblue,95,107,
lightskyblue,95,119,
lightskyblue,109,83,
lightskyblue,109,85,
lightskyblue,109,87,
lightskyblue,109,89,
lightskyblue,109,91,
lightskyblue,109,93,
lightskyblue,109,105,
lightskyblue,109,107,
lightskyblue,109,119,
lightskyblue,184,252,226,247,133,
lightskyblue,184,252,226,248,133,
lightskyblue,184,252,226,247,133,
lightskyblue,184,252,226,248,133,
lightskyblue,190,125,234,247,135,
lightskyblue,190,125,234,248,135,
lightskyblue,190,125,234,247,135,
lightskyblue,190,125,234,248,135,
lightskyblue,194,254,228,247,137,
lightskyblue,194,254,228,248,137,
lightskyblue,194,254,228,247,137,
lightskyblue,194,254,228,248,137,
lightskyblue,200,256,230,247,139,
lightskyblue,200,256,230,248,139,
lightskyblue,200,256,230,247,139,
lightskyblue,200,256,230,248,139,
lightskyblue,206,127,236,247,141,
lightskyblue,206,127,236,248,141,
lightskyblue,206,127,236,247,141,
lightskyblue,206,127,236,248,141,
lightskyblue,210,129,238,247,143,
lightskyblue,210,129,238,248,143,
lightskyblue,210,129,238,247,143,
lightskyblue,210,129,238,248,143,
lightskyblue,214,258,232,247,145,
lightskyblue,214,258,232,248,145,
lightskyblue,214,258,232,247,145,
lightskyblue,214,258,232,248,145,
lightskyblue,220,131,224,247,147,
lightskyblue,220,131,224,248,147,
lightskyblue,220,131,224,247,147,
lightskyblue,220,131,224,248,147,
lightskyblue,184,181,226,247,149,
lightskyblue,184,181,226,248,149,
lightskyblue,184,181,226,247,149,
lightskyblue,184,181,226,248,149,
lightskyblue,190,187,234,247,153,
lightskyblue,190,187,234,248,153,
lightskyblue,190,187,234,247,153,
lightskyblue,190,187,234,248,153,
lightskyblue,194,191,228,247,157,
lightskyblue,194,191,228,248,157,
lightskyblue,194,191,228,247,157,
lightskyblue,194,191,228,248,157,
lightskyblue,200,197,230,247,161,
lightskyblue,200,197,230,248,161,
lightskyblue,200,197,230,247,161,
lightskyblue,200,197,230,248,161,
lightskyblue,206,203,236,247,165,
lightskyblue,206,203,236,248,165,
lightskyblue,206,203,236,247,165,
lightskyblue,206,203,236,248,165,
lightskyblue,210,207,238,247,169,
lightskyblue,210,207,238,248,169,
lightskyblue,210,207,238,247,169,
lightskyblue,210,207,238,248,169,
lightskyblue,214,211,232,247,173,
lightskyblue,214,211,232,248,173,
lightskyblue,214,211,232,247,173,
lightskyblue,214,211,232,248,173,
lightskyblue,220,217,224,247,177,
lightskyblue,220,217,224,248,177,
lightskyblue,220,217,224,247,177,
lightskyblue,220,217,224,248,177,
lightskyblue,184,185,226,247,151,
lightskyblue,184,185,226,248,151,
lightskyblue,184,185,226,247,151,
lightskyblue,184,185,226,248,151,
lightskyblue,190,260,234,247,155,
lightskyblue,190,260,234,248,155,
lightskyblue,190,260,234,247,155,
lightskyblue,190,260,234,248,155,
lightskyblue,194,195,228,247,159,
lightskyblue,194,195,228,248,159,
lightskyblue,194,195,228,247,159,
lightskyblue,194,195,228,248,159,
lightskyblue,200,201,230,247,163,
lightskyblue,200,201,230,248,163,
lightskyblue,200,201,230,247,163,
lightskyblue,200,201,230,248,163,
lightskyblue,206,262,236,247,167,
lightskyblue,206,262,236,248,167,
lightskyblue,206,262,236,247,167,
lightskyblue,206,262,236,248,167,
lightskyblue,210,264,238,247,171,
lightskyblue,210,264,238,248,171,
lightskyblue,210,264,238,247,171,
lightskyblue,210,264,238,248,171,
lightskyblue,214,215,232,247,175,
lightskyblue,214,215,232,248,175,
lightskyblue,214,215,232,247,175,
lightskyblue,214,215,232,248,175,
lightskyblue,220,221,224,247,179,
lightskyblue,220,221,224,248,179,
lightskyblue,220,221,224,247,179,
lightskyblue,220,221,224,248,179,
lightskyblue,240,245,182,242,225,248,243,
lightskyblue,240,245,182,242,225,249,243,
lightskyblue,240,245,182,242,225,248,243,
lightskyblue,240,245,182,242,225,249,243,
lightskyblue,240,250,186,242,225,248,243,
lightskyblue,240,250,186,242,225,249,243,
lightskyblue,240,250,186,242,225,248,243,
lightskyblue,240,250,186,242,225,249,243,
lightskyblue,240,245,188,242,233,248,243,
lightskyblue,240,245,188,242,233,249,243,
lightskyblue,240,245,188,242,233,248,243,
lightskyblue,240,245,188,242,233,249,243,
lightskyblue,240,250,261,242,233,248,243,
lightskyblue,240,250,261,242,233,249,243,
lightskyblue,240,250,261,242,233,248,243,
lightskyblue,240,250,261,242,233,249,243,
lightskyblue,240,245,192,242,227,248,243,
lightskyblue,240,245,192,242,227,249,243,
lightskyblue,240,245,192,242,227,248,243,
lightskyblue,240,245,192,242,227,249,243,
lightskyblue,240,250,196,242,227,248,243,
lightskyblue,240,250,196,242,227,249,243,
lightskyblue,240,250,196,242,227,248,243,
lightskyblue,240,250,196,242,227,249,243,
lightskyblue,240,245,198,242,229,248,243,
lightskyblue,240,245,198,242,229,249,243,
lightskyblue,240,245,198,242,229,248,243,
lightskyblue,240,245,198,242,229,249,243,
lightskyblue,240,250,202,242,229,248,243,
lightskyblue,240,250,202,242,229,249,243,
lightskyblue,240,250,202,242,229,248,243,
lightskyblue,240,250,202,242,229,249,243,
lightskyblue,240,245,204,242,235,248,243,
lightskyblue,240,245,204,242,235,249,243,
lightskyblue,240,245,204,242,235,248,243,
lightskyblue,240,245,204,242,235,249,243,
lightskyblue,240,250,263,242,235,248,243,
lightskyblue,240,250,263,242,235,249,243,
lightskyblue,240,250,263,242,235,248,243,
lightskyblue,240,250,263,242,235,249,243,
lightskyblue,240,245,208,242,237,248,243,
lightskyblue,240,245,208,242,237,249,243,
lightskyblue,240,245,208,242,237,248,243,
lightskyblue,240,245,208,242,237,249,243,
lightskyblue,240,250,265,242,237,248,243,
lightskyblue,240,250,265,242,237,249,243,
lightskyblue,240,250,265,242,237,248,243,
lightskyblue,240,250,265,242,237,249,243,
lightskyblue,240,245,212,242,231,248,243,
lightskyblue,240,245,212,242,231,249,243,
lightskyblue,240,245,212,242,231,248,243,
lightskyblue,240,245,212,242,231,249,243,
lightskyblue,240,250,216,242,231,248,243,
lightskyblue,240,250,216,242,231,249,243,
lightskyblue,240,250,216,242,231,248,243,
lightskyblue,240,250,216,242,231,249,243,
lightskyblue,240,245,218,242,223,248,243,
lightskyblue,240,245,218,242,223,249,243,
lightskyblue,240,245,218,242,223,248,243,
lightskyblue,240,245,218,242,223,249,243,
lightskyblue,240,250,222,242,223,248,243,
lightskyblue,240,250,222,242,223,249,243,
lightskyblue,240,250,222,242,223,248,243,
lightskyblue,240,250,222,242,223,249,243,
lightskyblue,245,182,225,248,
lightskyblue,245,182,225,249,
lightskyblue,245,182,225,248,
lightskyblue,245,182,225,249,
lightskyblue,250,186,225,248,
lightskyblue,250,186,225,249,
lightskyblue,250,186,225,248,
lightskyblue,250,186,225,249,
lightskyblue,245,188,233,248,
lightskyblue,245,188,233,249,
lightskyblue,245,188,233,248,
lightskyblue,245,188,233,249,
lightskyblue,250,261,233,248,
lightskyblue,250,261,233,249,
lightskyblue,250,261,233,248,
lightskyblue,250,261,233,249,
lightskyblue,245,192,227,248,
lightskyblue,245,192,227,249,
lightskyblue,245,192,227,248,
lightskyblue,245,192,227,249,
lightskyblue,250,196,227,248,
lightskyblue,250,196,227,249,
lightskyblue,250,196,227,248,
lightskyblue,250,196,227,249,
lightskyblue,245,198,229,248,
lightskyblue,245,198,229,249,
lightskyblue,245,198,229,248,
lightskyblue,245,198,229,249,
lightskyblue,250,202,229,248,
lightskyblue,250,202,229,249,
lightskyblue,250,202,229,248,
lightskyblue,250,202,229,249,
lightskyblue,245,204,235,248,
lightskyblue,245,204,235,249,
lightskyblue,245,204,235,248,
lightskyblue,245,204,235,249,
lightskyblue,250,263,235,248,
lightskyblue,250,263,235,249,
lightskyblue,250,263,235,248,
lightskyblue,250,263,235,249,
lightskyblue,245,208,237,248,
lightskyblue,245,208,237,249,
lightskyblue,245,208,237,248,
lightskyblue,245,208,237,249,
lightskyblue,250,265,237,248,
lightskyblue,250,265,237,249,
lightskyblue,250,265,237,248,
lightskyblue,250,265,237,249,
lightskyblue,245,212,231,248,
lightskyblue,245,212,231,249,
lightskyblue,245,212,231,248,
lightskyblue,245,212,231,249,
lightskyblue,250,216,231,248,
lightskyblue,250,216,231,249,
lightskyblue,250,216,231,248,
lightskyblue,250,216,231,249,
lightskyblue,245,218,223,248,
lightskyblue,245,218,223,249,
lightskyblue,245,218,223,248,
lightskyblue,245,218,223,249,
lightskyblue,250,222,223,248,
lightskyblue,250,222,223,249,
lightskyblue,250,222,223,248,
lightskyblue,250,222,223,249,
lightskyblue,181,226,
lightskyblue,181,226,
lightskyblue,185,226,
lightskyblue,185,226,
lightskyblue,187,234,
lightskyblue,187,234,
lightskyblue,260,234,
lightskyblue,260,234,
lightskyblue,191,228,
lightskyblue,191,228,
lightskyblue,195,228,
lightskyblue,195,228,
lightskyblue,197,230,
lightskyblue,197,230,
lightskyblue,201,230,
lightskyblue,201,230,
lightskyblue,203,236,
lightskyblue,203,236,
lightskyblue,262,236,
lightskyblue,262,236,
lightskyblue,207,238,
lightskyblue,207,238,
lightskyblue,264,238,
lightskyblue,264,238,
lightskyblue,211,232,
lightskyblue,211,232,
lightskyblue,215,232,
lightskyblue,215,232,
lightskyblue,217,224,
lightskyblue,217,224,
lightskyblue,221,224,
lightskyblue,221,224,
lightskyblue,121,246,251,123,244,
lightskyblue,121,246,251,123,244,
