green,
green,
green,
green,
green,
green,
green,
green,
green,
green,
green,
green,
green,
green,
green,
green,
green,
green,
green,
green,
green,
green,
green,
green,
green,
green,
green,
green,
green,
green,
green,
green,
green,
green,
green,
green,
green,
green,
green,
green,
green,
green,
green,
green,
green,
green,
green,
green,
green,
green,
green,
green,
green,
green,
green,
green,
green,
green,
green,
green,
green,
green,
green,
green,
green,
green,
green,
green,
green,
green,
green,
green,
green,
green,
green,
green,
green,
green,
green,
green,
green,
green,
green,
green,
green,
green,
green,
green,
green,
green,
green,
green,
green,
green,
green,
green,
green,
green,
green,
green,
green,
gold,0,492,503,
gold,0,
gold,1,493,504,
gold,1,
gold,2,494,505,
gold,2,
gold,3,495,506,
gold,3,
gold,4,496,507,
gold,4,
gold,5,497,508,
gold,5,
gold,6,498,509,
gold,6,
gold,7,499,510,
gold,7,
gold,8,325,327,329,331,333,335,337,339,341,343,345,347,349,351,353,355,357,359,361,363,365,367,369,371,373,375,377,379,381,383,385,453,455,457,459,461,463,465,467,469,471,473,475,477,479,481,483,485,487,489,491,492,493,494,495,496,497,498,499,500,501,502,817,819,821,823,825,827,829,831,833,835,837,839,841,843,845,847,849,851,853,855,857,
gold,8,324,386,387,388,514,536,537,540,541,544,545,548,549,552,553,556,557,560,561,564,565,568,569,572,573,576,577,580,581,584,585,588,589,592,593,596,597,600,601,604,605,608,609,612,613,616,617,620,621,624,625,628,629,632,633,636,637,640,641,644,645,648,649,652,653,856,
gold,8,326,328,330,392,393,394,452,454,515,656,657,660,661,736,737,740,741,816,818,
gold,8,332,334,336,395,396,397,456,458,516,664,665,668,669,744,745,748,749,820,822,
gold,8,338,340,342,398,399,400,460,462,517,672,673,676,677,752,753,756,757,824,826,
gold,8,344,346,348,401,402,403,464,466,518,680,681,684,685,760,761,764,765,828,830,
gold,8,350,352,354,404,405,406,468,470,519,688,689,692,693,768,769,772,773,832,834,
gold,8,356,358,360,407,408,409,472,474,520,696,697,700,701,776,777,780,781,836,838,
gold,8,362,364,366,410,411,412,476,478,521,704,705,708,709,784,785,788,789,840,842,
gold,8,368,370,372,413,414,415,480,482,522,712,713,716,717,792,793,796,797,844,846,
gold,8,374,376,378,416,417,418,484,486,523,720,721,724,725,800,801,804,805,848,850,
gold,8,380,382,384,419,420,421,488,490,524,728,729,732,733,808,809,812,813,852,854,
gold,9,500,511,
gold,9,
gold,10,501,512,
gold,10,
gold,11,324,326,328,330,332,334,336,338,340,342,344,346,348,350,352,354,356,358,360,362,364,366,368,370,372,374,376,378,380,382,384,452,454,456,458,460,462,464,466,468,470,472,474,476,478,480,482,484,486,488,490,503,504,505,506,507,508,509,510,511,512,513,816,818,820,822,824,826,828,830,832,834,836,838,840,842,844,846,848,850,852,854,856,
gold,11,325,389,390,391,525,538,539,542,543,546,547,550,551,554,555,558,559,562,563,566,567,570,571,574,575,578,579,582,583,586,587,590,591,594,595,598,599,602,603,606,607,610,611,614,615,618,619,622,623,626,627,630,631,634,635,638,639,642,643,646,647,650,651,654,655,857,
gold,11,327,329,331,422,423,424,453,455,526,658,659,662,663,738,739,742,743,817,819,
gold,11,333,335,337,425,426,427,457,459,527,666,667,670,671,746,747,750,751,821,823,
gold,11,339,341,343,428,429,430,461,463,528,674,675,678,679,754,755,758,759,825,827,
gold,11,345,347,349,431,432,433,465,467,529,682,683,686,687,762,763,766,767,829,831,
gold,11,351,353,355,434,435,436,469,471,530,690,691,694,695,770,771,774,775,833,835,
gold,11,357,359,361,437,438,439,473,475,531,698,699,702,703,778,779,782,783,837,839,
gold,11,363,365,367,440,441,442,477,479,532,706,707,710,711,786,787,790,791,841,843,
gold,11,369,371,373,443,444,445,481,483,533,714,715,718,719,794,795,798,799,845,847,
gold,11,375,377,379,446,447,448,485,487,534,722,723,726,727,802,803,806,807,849,851,
gold,11,381,383,385,449,450,451,489,491,535,730,731,734,735,810,811,814,815,853,855,
gold,12,502,513,
gold,12,
gold,13,386,387,388,389,390,391,536,537,538,539,540,541,542,543,544,545,546,547,548,549,550,551,552,553,554,555,556,557,558,559,560,561,562,563,564,565,566,567,568,569,570,571,572,573,574,575,
gold,13,
gold,14,386,387,388,389,390,391,536,537,538,539,540,541,542,543,544,545,546,547,548,549,550,551,552,553,554,555,556,557,558,559,560,561,562,563,564,565,566,567,568,569,570,571,572,573,574,575,576,577,578,579,580,581,582,583,584,585,586,587,588,589,590,591,592,593,594,595,596,597,598,599,600,601,602,603,604,605,606,607,608,609,610,611,612,613,614,615,616,617,618,619,620,621,622,623,624,625,626,627,628,629,630,631,632,633,634,635,636,637,638,639,640,641,642,643,644,645,646,647,648,649,650,651,652,653,654,655,
gold,14,
gold,15,395,425,
gold,15,
gold,16,401,431,
gold,16,
gold,17,407,437,
gold,17,
gold,18,413,443,
gold,18,
gold,19,416,446,
gold,19,
gold,20,419,449,
gold,20,
gold,21,326,327,
gold,21,
gold,22,332,333,
gold,22,
gold,23,338,339,
gold,23,
gold,24,344,345,
gold,24,
gold,25,350,351,
gold,25,
gold,26,356,357,
gold,26,
gold,27,362,363,
gold,27,
gold,28,368,369,
gold,28,
gold,29,374,375,
gold,29,
gold,30,380,381,
gold,30,
gold,31,328,329,816,817,
gold,31,
gold,32,330,331,818,819,
gold,32,
gold,33,334,335,820,821,
gold,33,
gold,34,336,337,822,823,
gold,34,
gold,35,340,341,824,825,
gold,35,
gold,36,342,343,826,827,
gold,36,
gold,37,346,347,828,829,
gold,37,
gold,38,348,349,830,831,
gold,38,
gold,39,352,353,832,833,
gold,39,
gold,40,354,355,834,835,
gold,40,
gold,41,358,359,836,837,
gold,41,
gold,42,360,361,838,839,
gold,42,
gold,43,364,365,840,841,
gold,43,
gold,44,366,367,842,843,
gold,44,
gold,45,370,371,844,845,
gold,45,
gold,46,372,373,846,847,
gold,46,
gold,47,376,377,848,849,
gold,47,
gold,48,378,379,850,851,
gold,48,
gold,49,382,383,852,853,
gold,49,
gold,50,384,385,854,855,
gold,50,
gold,51,393,423,656,657,658,659,736,737,738,739,
gold,51,
gold,52,452,453,454,455,536,537,538,539,576,577,578,579,616,617,618,619,
gold,52,
gold,53,394,424,660,661,662,663,740,741,742,743,
gold,53,
gold,54,396,426,664,665,666,667,744,745,746,747,
gold,54,
gold,55,456,457,458,459,540,541,542,543,580,581,582,583,620,621,622,623,
gold,55,
gold,56,397,427,668,669,670,671,748,749,750,751,
gold,56,
gold,57,399,429,672,673,674,675,752,753,754,755,
gold,57,
gold,58,460,461,462,463,544,545,546,547,584,585,586,587,624,625,626,627,
gold,58,
gold,59,400,430,676,677,678,679,756,757,758,759,
gold,59,
gold,60,402,432,680,681,682,683,760,761,762,763,
gold,60,
gold,61,464,465,466,467,548,549,550,551,588,589,590,591,628,629,630,631,
gold,61,
gold,62,405,435,688,689,690,691,768,769,770,771,
gold,62,
gold,63,468,469,470,471,552,553,554,555,592,593,594,595,632,633,634,635,
gold,63,
gold,64,406,436,692,693,694,695,772,773,774,775,
gold,64,
gold,65,408,438,696,697,698,699,776,777,778,779,
gold,65,
gold,66,472,473,474,475,556,557,558,559,596,597,598,599,636,637,638,639,
gold,66,
gold,67,411,441,704,705,706,707,784,785,786,787,
gold,67,
gold,68,476,477,478,479,560,561,562,563,600,601,602,603,640,641,642,643,
gold,68,
gold,69,412,442,708,709,710,711,788,789,790,791,
gold,69,
gold,70,480,481,482,483,564,565,566,567,604,605,606,607,644,645,646,647,
gold,70,
gold,71,415,445,716,717,718,719,796,797,798,799,
gold,71,
gold,72,417,447,720,721,722,723,800,801,802,803,
gold,72,
gold,73,484,485,486,487,568,569,570,571,608,609,610,611,648,649,650,651,
gold,73,
gold,74,488,489,490,491,572,573,574,575,612,613,614,615,652,653,654,655,
gold,74,
gold,75,421,451,732,733,734,735,812,813,814,815,
gold,75,
gold,76,332,333,334,335,336,337,456,457,458,459,540,541,542,543,580,581,582,583,620,621,622,623,820,821,822,823,
gold,76,
gold,77,326,327,328,329,330,331,452,453,454,455,536,537,538,539,576,577,578,579,616,617,618,619,816,817,818,819,
gold,77,
gold,78,338,339,340,341,342,343,460,461,462,463,544,545,546,547,584,585,586,587,624,625,626,627,824,825,826,827,
gold,78,
gold,79,350,351,352,353,354,355,468,469,470,471,552,553,554,555,592,593,594,595,632,633,634,635,832,833,834,835,
gold,79,
gold,80,362,363,364,365,366,367,476,477,478,479,560,561,562,563,600,601,602,603,640,641,642,643,840,841,842,843,
gold,80,
gold,81,344,345,346,347,348,349,464,465,466,467,548,549,550,551,588,589,590,591,628,629,630,631,828,829,830,831,
gold,81,
gold,82,356,357,358,359,360,361,472,473,474,475,556,557,558,559,596,597,598,599,636,637,638,639,836,837,838,839,
gold,82,
gold,83,368,369,370,371,372,373,480,481,482,483,564,565,566,567,604,605,606,607,644,645,646,647,844,845,846,847,
gold,83,
gold,84,374,375,376,377,378,379,484,485,486,487,568,569,570,571,608,609,610,611,648,649,650,651,848,849,850,851,
gold,84,
gold,85,380,381,382,383,384,385,488,489,490,491,572,573,574,575,612,613,614,615,652,653,654,655,852,853,854,855,
gold,85,
gold,86,656,657,658,659,660,661,662,663,664,665,666,667,668,669,670,671,672,673,674,675,676,677,678,679,680,681,682,683,684,685,686,687,688,689,690,691,692,693,694,695,696,697,698,699,700,701,702,703,704,705,706,707,708,709,710,711,712,713,714,715,716,717,718,719,720,721,722,723,724,725,726,727,728,729,730,731,732,733,734,735,
gold,86,
gold,87,324,325,656,657,658,659,660,661,662,663,664,665,666,667,668,669,670,671,672,673,674,675,676,677,678,679,680,681,682,683,684,685,686,687,688,689,690,691,692,693,694,695,696,697,698,699,700,701,702,703,704,705,706,707,708,709,710,711,712,713,714,715,716,717,718,719,720,721,722,723,724,725,726,727,728,729,730,731,732,733,734,735,
gold,87,
gold,88,736,737,738,739,740,741,742,743,744,745,746,747,748,749,750,751,752,753,754,755,756,757,758,759,760,761,762,763,764,765,766,767,768,769,770,771,772,773,774,775,776,777,778,779,780,781,782,783,784,785,786,787,788,789,790,791,792,793,794,795,796,797,798,799,800,801,802,803,804,805,806,807,808,809,810,811,812,813,814,815,856,857,
gold,88,
gold,89,576,577,578,579,580,581,582,583,584,585,586,587,588,589,590,591,592,593,594,595,596,597,598,599,600,601,602,603,604,605,606,607,608,609,610,611,612,613,614,615,856,857,
gold,89,
gold,90,386,389,656,658,660,662,664,666,668,670,672,674,676,678,680,682,684,686,688,690,692,694,696,698,700,702,704,706,708,710,712,714,716,718,720,722,724,726,728,730,732,734,736,738,740,742,744,746,748,750,752,754,756,758,760,762,764,766,768,770,772,774,776,778,780,782,784,786,788,790,792,794,796,798,800,802,804,806,808,810,812,814,
gold,90,387,390,536,538,540,542,544,546,548,550,552,554,556,558,560,562,564,566,568,570,572,574,576,578,580,582,584,586,588,590,592,594,596,598,600,602,604,606,608,610,612,614,616,618,620,622,624,626,628,630,632,634,636,638,640,642,644,646,648,650,652,654,657,659,661,663,665,667,669,671,673,675,677,679,681,683,685,687,689,691,693,695,697,699,701,703,705,707,709,711,713,715,717,719,721,723,725,727,729,731,733,735,737,739,741,743,745,747,749,751,753,755,757,759,761,763,765,767,769,771,773,775,777,779,781,783,785,787,789,791,793,795,797,799,801,803,805,807,809,811,813,815,
gold,90,388,391,537,539,541,543,545,547,549,551,553,555,557,559,561,563,565,567,569,571,573,575,577,579,581,583,585,587,589,591,593,595,597,599,601,603,605,607,609,611,613,615,617,619,621,623,625,627,629,631,633,635,637,639,641,643,645,647,649,651,653,655,
gold,91,616,617,618,619,620,621,622,623,624,625,626,627,628,629,630,631,632,633,634,635,636,637,638,639,640,641,642,643,644,645,646,647,648,649,650,651,652,653,654,655,856,857,
gold,91,
red,92,392,422,
gold,92,
red,93,398,428,
gold,93,
red,94,404,434,
gold,94,
red,95,410,440,
gold,95,
red,96,414,444,712,713,714,715,792,793,794,795,
gold,96,
red,97,420,450,728,729,730,731,808,809,810,811,
gold,97,
red,98,403,433,684,685,686,687,764,765,766,767,
gold,98,
red,99,409,439,700,701,702,703,780,781,782,783,
gold,99,
red,100,418,448,724,725,726,727,804,805,806,807,
gold,100,
lightskyblue,293,
lightskyblue,293,
lightskyblue,225,164,
lightskyblue,225,164,
lightskyblue,225,184,
lightskyblue,225,184,
lightskyblue,225,186,
lightskyblue,225,186,
lightskyblue,231,166,
lightskyblue,231,166,
lightskyblue,231,188,
lightskyblue,231,188,
lightskyblue,231,190,
lightskyblue,231,190,
lightskyblue,237,168,
lightskyblue,237,168,
lightskyblue,237,192,
lightskyblue,237,192,
lightskyblue,237,194,
lightskyblue,237,194,
lightskyblue,243,170,
lightskyblue,243,170,
lightskyblue,243,196,
lightskyblue,243,196,
lightskyblue,243,198,
lightskyblue,243,198,
lightskyblue,247,172,
lightskyblue,247,172,
lightskyblue,247,200,
lightskyblue,247,200,
lightskyblue,247,202,
lightskyblue,247,202,
lightskyblue,253,174,
lightskyblue,253,174,
lightskyblue,253,204,
lightskyblue,253,204,
lightskyblue,253,206,
lightskyblue,253,206,
lightskyblue,257,176,
lightskyblue,257,176,
lightskyblue,257,208,
lightskyblue,257,208,
lightskyblue,257,210,
lightskyblue,257,210,
lightskyblue,261,178,
lightskyblue,261,178,
lightskyblue,261,212,
lightskyblue,261,212,
lightskyblue,261,214,
lightskyblue,261,214,
lightskyblue,267,180,
lightskyblue,267,180,
lightskyblue,267,216,
lightskyblue,267,216,
lightskyblue,267,218,
lightskyblue,267,218,
lightskyblue,269,182,
lightskyblue,269,182,
lightskyblue,269,220,
lightskyblue,269,220,
lightskyblue,269,222,
lightskyblue,269,222,
lightskyblue,148,295,150,
lightskyblue,148,295,150,301,
lightskyblue,148,295,150,301,
lightskyblue,148,295,150,
lightskyblue,148,295,150,301,
lightskyblue,148,295,150,301,
lightskyblue,307,275,
lightskyblue,224,275,
lightskyblue,228,275,
lightskyblue,152,273,
lightskyblue,230,273,
lightskyblue,234,273,
lightskyblue,309,277,
lightskyblue,236,277,
lightskyblue,240,277,
lightskyblue,154,283,
lightskyblue,242,283,
lightskyblue,319,283,
lightskyblue,311,279,
lightskyblue,246,279,
lightskyblue,250,279,
lightskyblue,156,285,
lightskyblue,252,285,
lightskyblue,321,285,
lightskyblue,313,281,
lightskyblue,256,281,
lightskyblue,260,281,
lightskyblue,158,287,
lightskyblue,315,287,
lightskyblue,264,287,
lightskyblue,160,289,
lightskyblue,266,289,
lightskyblue,323,289,
lightskyblue,162,291,
lightskyblue,317,291,
lightskyblue,272,291,
lightskyblue,307,275,
lightskyblue,224,275,
lightskyblue,228,275,
lightskyblue,152,273,
lightskyblue,230,273,
lightskyblue,234,273,
lightskyblue,309,277,
lightskyblue,236,277,
lightskyblue,240,277,
lightskyblue,154,283,
lightskyblue,242,283,
lightskyblue,319,283,
lightskyblue,311,279,
lightskyblue,246,279,
lightskyblue,250,279,
lightskyblue,156,285,
lightskyblue,252,285,
lightskyblue,321,285,
lightskyblue,313,281,
lightskyblue,256,281,
lightskyblue,260,281,
lightskyblue,158,287,
lightskyblue,315,287,
lightskyblue,264,287,
lightskyblue,160,289,
lightskyblue,266,289,
lightskyblue,323,289,
lightskyblue,162,291,
lightskyblue,317,291,
lightskyblue,272,291,
lightskyblue,226,223,276,183,
lightskyblue,226,223,276,183,
lightskyblue,226,227,276,185,
lightskyblue,226,227,276,185,
lightskyblue,232,229,274,187,
lightskyblue,232,229,274,187,
lightskyblue,232,233,274,189,
lightskyblue,232,233,274,189,
lightskyblue,238,235,278,191,
lightskyblue,238,235,278,191,
lightskyblue,238,239,278,193,
lightskyblue,238,239,278,193,
lightskyblue,244,241,284,195,
lightskyblue,244,241,284,195,
lightskyblue,244,318,284,197,
lightskyblue,244,318,284,197,
lightskyblue,248,245,280,199,
lightskyblue,248,245,280,199,
lightskyblue,248,249,280,201,
lightskyblue,248,249,280,201,
lightskyblue,254,251,286,203,
lightskyblue,254,251,286,203,
lightskyblue,254,320,286,205,
lightskyblue,254,320,286,205,
lightskyblue,258,255,282,207,
lightskyblue,258,255,282,207,
lightskyblue,258,259,282,209,
lightskyblue,258,259,282,209,
lightskyblue,262,314,288,211,
lightskyblue,262,314,288,211,
lightskyblue,262,263,288,213,
lightskyblue,262,263,288,213,
lightskyblue,268,265,290,215,
lightskyblue,268,265,290,215,
lightskyblue,268,322,290,217,
lightskyblue,268,322,290,217,
lightskyblue,270,316,292,219,
lightskyblue,270,316,292,219,
lightskyblue,270,271,292,221,
lightskyblue,270,271,292,221,
lightskyblue,118,102,
lightskyblue,119,104,
lightskyblue,120,106,
lightskyblue,121,108,
lightskyblue,122,110,
lightskyblue,123,112,
lightskyblue,124,114,
lightskyblue,125,116,
lightskyblue,126,130,
lightskyblue,127,132,
lightskyblue,128,146,
lightskyblue,134,102,
lightskyblue,135,104,
lightskyblue,136,106,
lightskyblue,137,108,
lightskyblue,138,110,
lightskyblue,139,112,
lightskyblue,140,114,
lightskyblue,141,116,
lightskyblue,142,130,
lightskyblue,143,132,
lightskyblue,144,146,
lightskyblue,117,101,
lightskyblue,117,103,
lightskyblue,117,105,
lightskyblue,117,107,
lightskyblue,117,109,
lightskyblue,117,111,
lightskyblue,117,113,
lightskyblue,117,115,
lightskyblue,117,129,
lightskyblue,117,131,
lightskyblue,117,145,
lightskyblue,133,101,
lightskyblue,133,103,
lightskyblue,133,105,
lightskyblue,133,107,
lightskyblue,133,109,
lightskyblue,133,111,
lightskyblue,133,113,
lightskyblue,133,115,
lightskyblue,133,129,
lightskyblue,133,131,
lightskyblue,133,145,
lightskyblue,226,306,276,301,163,
lightskyblue,226,306,276,302,163,
lightskyblue,226,306,276,301,163,
lightskyblue,226,306,276,302,163,
lightskyblue,232,151,274,301,165,
lightskyblue,232,151,274,302,165,
lightskyblue,232,151,274,301,165,
lightskyblue,232,151,274,302,165,
lightskyblue,238,308,278,301,167,
lightskyblue,238,308,278,302,167,
lightskyblue,238,308,278,301,167,
lightskyblue,238,308,278,302,167,
lightskyblue,244,153,284,301,169,
lightskyblue,244,153,284,302,169,
lightskyblue,244,153,284,301,169,
lightskyblue,244,153,284,302,169,
lightskyblue,248,310,280,301,171,
lightskyblue,248,310,280,302,171,
lightskyblue,248,310,280,301,171,
lightskyblue,248,310,280,302,171,
lightskyblue,254,155,286,301,173,
lightskyblue,254,155,286,302,173,
lightskyblue,254,155,286,301,173,
lightskyblue,254,155,286,302,173,
lightskyblue,258,312,282,301,175,
lightskyblue,258,312,282,302,175,
lightskyblue,258,312,282,301,175,
lightskyblue,258,312,282,302,175,
lightskyblue,262,157,288,301,177,
lightskyblue,262,157,288,302,177,
lightskyblue,262,157,288,301,177,
lightskyblue,262,157,288,302,177,
lightskyblue,268,159,290,301,179,
lightskyblue,268,159,290,302,179,
lightskyblue,268,159,290,301,179,
lightskyblue,268,159,290,302,179,
lightskyblue,270,161,292,301,181,
lightskyblue,270,161,292,302,181,
lightskyblue,270,161,292,301,181,
lightskyblue,270,161,292,302,181,
lightskyblue,226,223,276,301,183,
lightskyblue,226,223,276,302,183,
lightskyblue,226,223,276,301,183,
lightskyblue,226,223,276,302,183,
lightskyblue,232,229,274,301,187,
lightskyblue,232,229,274,302,187,
lightskyblue,232,229,274,301,187,
lightskyblue,232,229,274,302,187,
lightskyblue,238,235,278,301,191,
lightskyblue,238,235,278,302,191,
lightskyblue,238,235,278,301,191,
lightskyblue,238,235,278,302,191,
lightskyblue,244,241,284,301,195,
lightskyblue,244,241,284,302,195,
lightskyblue,244,241,284,301,195,
lightskyblue,244,241,284,302,195,
lightskyblue,248,245,280,301,199,
lightskyblue,248,245,280,302,199,
lightskyblue,248,245,280,301,199,
lightskyblue,248,245,280,302,199,
lightskyblue,254,251,286,301,203,
lightskyblue,254,251,286,302,203,
lightskyblue,254,251,286,301,203,
lightskyblue,254,251,286,302,203,
lightskyblue,258,255,282,301,207,
lightskyblue,258,255,282,302,207,
lightskyblue,258,255,282,301,207,
lightskyblue,258,255,282,302,207,
lightskyblue,262,314,288,301,211,
lightskyblue,262,314,288,302,211,
lightskyblue,262,314,288,301,211,
lightskyblue,262,314,288,302,211,
lightskyblue,268,265,290,301,215,
lightskyblue,268,265,290,302,215,
lightskyblue,268,265,290,301,215,
lightskyblue,268,265,290,302,215,
lightskyblue,270,316,292,301,219,
lightskyblue,270,316,292,302,219,
lightskyblue,270,316,292,301,219,
lightskyblue,270,316,292,302,219,
lightskyblue,226,227,276,301,185,
lightskyblue,226,227,276,302,185,
lightskyblue,226,227,276,301,185,
lightskyblue,226,227,276,302,185,
lightskyblue,232,233,274,301,189,
lightskyblue,232,233,274,302,189,
lightskyblue,232,233,274,301,189,
lightskyblue,232,233,274,302,189,
lightskyblue,238,239,278,301,193,
lightskyblue,238,239,278,302,193,
lightskyblue,238,239,278,301,193,
lightskyblue,238,239,278,302,193,
lightskyblue,244,318,284,301,197,
lightskyblue,244,318,284,302,197,
lightskyblue,244,318,284,301,197,
lightskyblue,244,318,284,302,197,
lightskyblue,248,249,280,301,201,
lightskyblue,248,249,280,302,201,
lightskyblue,248,249,280,301,201,
lightskyblue,248,249,280,302,201,
lightskyblue,254,320,286,301,205,
lightskyblue,254,320,286,302,205,
lightskyblue,254,320,286,301,205,
lightskyblue,254,320,286,302,205,
lightskyblue,258,259,282,301,209,
lightskyblue,258,259,282,302,209,
lightskyblue,258,259,282,301,209,
lightskyblue,258,259,282,302,209,
lightskyblue,262,263,288,301,213,
lightskyblue,262,263,288,302,213,
lightskyblue,262,263,288,301,213,
lightskyblue,262,263,288,302,213,
lightskyblue,268,322,290,301,217,
lightskyblue,268,322,290,302,217,
lightskyblue,268,322,290,301,217,
lightskyblue,268,322,290,302,217,
lightskyblue,270,271,292,301,221,
lightskyblue,270,271,292,302,221,
lightskyblue,270,271,292,301,221,
lightskyblue,270,271,292,302,221,
lightskyblue,294,299,224,296,275,302,297,
lightskyblue,294,299,224,296,275,303,297,
lightskyblue,294,299,224,296,275,302,297,
lightskyblue,294,299,224,296,275,303,297,
lightskyblue,294,304,228,296,275,302,297,
lightskyblue,294,304,228,296,275,303,297,
lightskyblue,294,304,228,296,275,302,297,
lightskyblue,294,304,228,296,275,303,297,
lightskyblue,294,299,230,296,273,302,297,
lightskyblue,294,299,230,296,273,303,297,
lightskyblue,294,299,230,296,273,302,297,
lightskyblue,294,299,230,296,273,303,297,
lightskyblue,294,304,234,296,273,302,297,
lightskyblue,294,304,234,296,273,303,297,
lightskyblue,294,304,234,296,273,302,297,
lightskyblue,294,304,234,296,273,303,297,
lightskyblue,294,299,236,296,277,302,297,
lightskyblue,294,299,236,296,277,303,297,
lightskyblue,294,299,236,296,277,302,297,
lightskyblue,294,299,236,296,277,303,297,
lightskyblue,294,304,240,296,277,302,297,
lightskyblue,294,304,240,296,277,303,297,
lightskyblue,294,304,240,296,277,302,297,
lightskyblue,294,304,240,296,277,303,297,
lightskyblue,294,299,242,296,283,302,297,
lightskyblue,294,299,242,296,283,303,297,
lightskyblue,294,299,242,296,283,302,297,
lightskyblue,294,299,242,296,283,303,297,
lightskyblue,294,304,319,296,283,302,297,
lightskyblue,294,304,319,296,283,303,297,
lightskyblue,294,304,319,296,283,302,297,
lightskyblue,294,304,319,296,283,303,297,
lightskyblue,294,299,246,296,279,302,297,
lightskyblue,294,299,246,296,279,303,297,
lightskyblue,294,299,246,296,279,302,297,
lightskyblue,294,299,246,296,279,303,297,
lightskyblue,294,304,250,296,279,302,297,
lightskyblue,294,304,250,296,279,303,297,
lightskyblue,294,304,250,296,279,302,297,
lightskyblue,294,304,250,296,279,303,297,
lightskyblue,294,299,252,296,285,302,297,
lightskyblue,294,299,252,296,285,303,297,
lightskyblue,294,299,252,296,285,302,297,
lightskyblue,294,299,252,296,285,303,297,
lightskyblue,294,304,321,296,285,302,297,
lightskyblue,294,304,321,296,285,303,297,
lightskyblue,294,304,321,296,285,302,297,
lightskyblue,294,304,321,296,285,303,297,
lightskyblue,294,299,256,296,281,302,297,
lightskyblue,294,299,256,296,281,303,297,
lightskyblue,294,299,256,296,281,302,297,
lightskyblue,294,299,256,296,281,303,297,
lightskyblue,294,304,260,296,281,302,297,
lightskyblue,294,304,260,296,281,303,297,
lightskyblue,294,304,260,296,281,302,297,
lightskyblue,294,304,260,296,281,303,297,
lightskyblue,294,299,315,296,287,302,297,
lightskyblue,294,299,315,296,287,303,297,
lightskyblue,294,299,315,296,287,302,297,
lightskyblue,294,299,315,296,287,303,297,
lightskyblue,294,304,264,296,287,302,297,
lightskyblue,294,304,264,296,287,303,297,
lightskyblue,294,304,264,296,287,302,297,
lightskyblue,294,304,264,296,287,303,297,
lightskyblue,294,299,266,296,289,302,297,
lightskyblue,294,299,266,296,289,303,297,
lightskyblue,294,299,266,296,289,302,297,
lightskyblue,294,299,266,296,289,303,297,
lightskyblue,294,304,323,296,289,302,297,
lightskyblue,294,304,323,296,289,303,297,
lightskyblue,294,304,323,296,289,302,297,
lightskyblue,294,304,323,296,289,303,297,
lightskyblue,294,299,317,296,291,302,297,
lightskyblue,294,299,317,296,291,303,297,
lightskyblue,294,299,317,296,291,302,297,
lightskyblue,294,299,317,296,291,303,297,
lightskyblue,294,304,272,296,291,302,297,
lightskyblue,294,304,272,296,291,303,297,
lightskyblue,294,304,272,296,291,302,297,
lightskyblue,294,304,272,296,291,303,297,
lightskyblue,299,224,275,302,
lightskyblue,299,224,275,303,
lightskyblue,299,224,275,302,
lightskyblue,299,224,275,303,
lightskyblue,304,228,275,302,
lightskyblue,304,228,275,303,
lightskyblue,304,228,275,302,
lightskyblue,304,228,275,303,
lightskyblue,299,230,273,302,
lightskyblue,299,230,273,303,
lightskyblue,299,230,273,302,
lightskyblue,299,230,273,303,
lightskyblue,304,234,273,302,
lightskyblue,304,234,273,303,
lightskyblue,304,234,273,302,
lightskyblue,304,234,273,303,
lightskyblue,299,236,277,302,
lightskyblue,299,236,277,303,
lightskyblue,299,236,277,302,
lightskyblue,299,236,277,303,
lightskyblue,304,240,277,302,
lightskyblue,304,240,277,303,
lightskyblue,304,240,277,302,
lightskyblue,304,240,277,303,
lightskyblue,299,242,283,302,
lightskyblue,299,242,283,303,
lightskyblue,299,242,283,302,
lightskyblue,299,242,283,303,
lightskyblue,304,319,283,302,
lightskyblue,304,319,283,303,
lightskyblue,304,319,283,302,
lightskyblue,304,319,283,303,
lightskyblue,299,246,279,302,
lightskyblue,299,246,279,303,
lightskyblue,299,246,279,302,
lightskyblue,299,246,279,303,
lightskyblue,304,250,279,302,
lightskyblue,304,250,279,303,
lightskyblue,304,250,279,302,
lightskyblue,304,250,279,303,
lightskyblue,299,252,285,302,
lightskyblue,299,252,285,303,
lightskyblue,299,252,285,302,
lightskyblue,299,252,285,303,
lightskyblue,304,321,285,302,
lightskyblue,304,321,285,303,
lightskyblue,304,321,285,302,
lightskyblue,304,321,285,303,
lightskyblue,299,256,281,302,
lightskyblue,299,256,281,303,
lightskyblue,299,256,281,302,
lightskyblue,299,256,281,303,
lightskyblue,304,260,281,302,
lightskyblue,304,260,281,303,
lightskyblue,304,260,281,302,
lightskyblue,304,260,281,303,
lightskyblue,299,315,287,302,
lightskyblue,299,315,287,303,
lightskyblue,299,315,287,302,
lightskyblue,299,315,287,303,
lightskyblue,304,264,287,302,
lightskyblue,304,264,287,303,
lightskyblue,304,264,287,302,
lightskyblue,304,264,287,303,
lightskyblue,299,266,289,302,
lightskyblue,299,266,289,303,
lightskyblue,299,266,289,302,
lightskyblue,299,266,289,303,
lightskyblue,304,323,289,302,
lightskyblue,304,323,289,303,
lightskyblue,304,323,289,302,
lightskyblue,304,323,289,303,
lightskyblue,299,317,291,302,
lightskyblue,299,317,291,303,
lightskyblue,299,317,291,302,
lightskyblue,299,317,291,303,
lightskyblue,304,272,291,302,
lightskyblue,304,272,291,303,
lightskyblue,304,272,291,302,
lightskyblue,304,272,291,303,
lightskyblue,223,276,
lightskyblue,223,276,
lightskyblue,227,276,
lightskyblue,227,276,
lightskyblue,229,274,
lightskyblue,229,274,
lightskyblue,233,274,
lightskyblue,233,274,
lightskyblue,235,278,
lightskyblue,235,278,
lightskyblue,239,278,
lightskyblue,239,278,
lightskyblue,241,284,
lightskyblue,241,284,
lightskyblue,318,284,
lightskyblue,318,284,
lightskyblue,245,280,
lightskyblue,245,280,
lightskyblue,249,280,
lightskyblue,249,280,
lightskyblue,251,286,
lightskyblue,251,286,
lightskyblue,320,286,
lightskyblue,320,286,
lightskyblue,255,282,
lightskyblue,255,282,
lightskyblue,259,282,
lightskyblue,259,282,
lightskyblue,314,288,
lightskyblue,314,288,
lightskyblue,263,288,
lightskyblue,263,288,
lightskyblue,265,290,
lightskyblue,265,290,
lightskyblue,322,290,
lightskyblue,322,290,
lightskyblue,316,292,
lightskyblue,316,292,
lightskyblue,271,292,
lightskyblue,271,292,
lightskyblue,147,300,305,149,298,
lightskyblue,147,300,305,149,298,
