green,
green,
green,
green,
green,
green,
green,
green,
green,
green,
green,
green,
green,
green,
green,
green,
green,
green,
green,
green,
green,
green,
green,
green,
green,
green,
green,
green,
green,
green,
green,
green,
green,
green,
green,
green,
green,
green,
green,
green,
green,
green,
green,
green,
green,
green,
green,
green,
green,
green,
green,
green,
green,
green,
green,
green,
green,
green,
green,
green,
green,
green,
green,
green,
green,
green,
green,
green,
green,
green,
green,
green,
green,
green,
green,
green,
green,
green,
green,
green,
green,
green,
green,
green,
green,
green,
green,
green,
green,
green,
green,
green,
green,
green,
green,
green,
green,
green,
green,
green,
green,
green,
green,
green,
green,
green,
green,
green,
green,
green,
green,
green,
green,
green,
green,
green,
green,
green,
green,
green,
green,
green,
green,
green,
green,
green,
green,
green,
green,
green,
green,
green,
green,
green,
green,
green,
green,
green,
green,
green,
green,
green,
green,
green,
green,
green,
green,
green,
green,
green,
green,
green,
green,
green,
green,
green,
green,
green,
green,
green,
green,
green,
green,
green,
green,
green,
green,
green,
green,
green,
green,
green,
green,
green,
green,
green,
green,
green,
green,
green,
green,
green,
gold,0,905,919,
gold,0,
gold,1,906,920,
gold,1,
gold,2,907,921,
gold,2,
gold,3,908,922,
gold,3,
gold,4,909,923,
gold,4,
gold,5,910,924,
gold,5,
gold,6,911,925,
gold,6,
gold,7,912,926,
gold,7,
gold,8,913,927,
gold,8,
gold,9,914,928,
gold,9,
gold,10,915,929,
gold,10,
gold,11,574,576,578,580,582,584,586,588,590,592,594,596,598,600,602,604,606,608,610,612,614,616,618,620,622,624,626,628,630,632,634,636,638,640,642,644,646,648,650,652,654,656,658,660,662,664,666,668,670,672,674,676,678,680,682,684,686,688,690,692,694,696,698,700,702,704,854,856,858,860,862,864,866,868,870,872,874,876,878,880,882,884,886,888,890,892,894,896,898,900,902,904,905,906,907,908,909,910,911,912,913,914,915,916,917,918,1430,1432,1434,1436,1438,1440,1442,1444,1446,1448,1450,1452,1454,1456,1458,1460,1462,1464,1466,1468,1470,1472,1474,1476,1478,1480,1482,1484,1486,
gold,11,573,705,706,707,708,709,710,711,712,713,933,961,962,965,966,969,970,973,974,977,978,981,982,985,986,989,990,993,994,997,998,1001,1002,1005,1006,1009,1010,1013,1014,1017,1018,1021,1022,1025,1026,1029,1030,1033,1034,1037,1038,1041,1042,1045,1046,1049,1050,1053,1054,1057,1058,1061,1062,1065,1066,1069,1070,1073,1074,1077,1078,1081,1082,1085,1086,1089,1090,1093,1094,1097,1098,1101,1102,1105,1106,1109,1110,1113,1114,1117,1118,1121,1122,1125,1126,1129,1130,1133,1134,1137,1138,1141,1142,1145,1146,1149,1150,1153,1154,1157,1158,1161,1162,1165,1166,1169,1170,1173,1174,1177,1178,1181,1182,1185,1186,1189,1190,1193,1194,1197,1198,1201,1202,1205,1206,1209,1210,1213,1214,1217,1218,1481,1483,1485,
gold,11,575,577,579,581,583,723,724,725,726,727,853,855,934,1221,1222,1225,1226,1325,1326,1329,1330,1429,1431,
gold,11,585,587,589,591,593,728,729,730,731,732,857,859,935,1229,1230,1233,1234,1333,1334,1337,1338,1433,1435,
gold,11,595,597,599,601,603,733,734,735,736,737,861,863,936,1237,1238,1241,1242,1341,1342,1345,1346,1437,1439,
gold,11,605,607,609,611,613,738,739,740,741,742,865,867,937,1245,1246,1249,1250,1349,1350,1353,1354,1441,1443,
gold,11,615,617,619,621,623,743,744,745,746,747,869,871,938,1253,1254,1257,1258,1357,1358,1361,1362,1445,1447,
gold,11,625,627,629,631,633,748,749,750,751,752,873,875,939,1261,1262,1265,1266,1365,1366,1369,1370,1449,1451,
gold,11,635,637,639,641,643,753,754,755,756,757,877,879,940,1269,1270,1273,1274,1373,1374,1377,1378,1453,1455,
gold,11,645,647,649,651,653,758,759,760,761,762,881,883,941,1277,1278,1281,1282,1381,1382,1385,1386,1457,1459,
gold,11,655,657,659,661,663,763,764,765,766,767,885,887,942,1285,1286,1289,1290,1389,1390,1393,1394,1461,1463,
gold,11,665,667,669,671,673,768,769,770,771,772,889,891,943,1293,1294,1297,1298,1397,1398,1401,1402,1465,1467,
gold,11,675,677,679,681,683,773,774,775,776,777,893,895,944,1301,1302,1305,1306,1405,1406,1409,1410,1469,1471,
gold,11,685,687,689,691,693,778,779,780,781,782,897,899,945,1309,1310,1313,1314,1413,1414,1417,1418,1473,1475,
gold,11,695,697,699,701,703,783,784,785,786,787,901,903,946,1317,1318,1321,1322,1421,1422,1425,1426,1477,1479,
gold,12,916,930,
gold,12,
gold,13,917,931,
gold,13,
gold,14,573,575,577,579,581,583,585,587,589,591,593,595,597,599,601,603,605,607,609,611,613,615,617,619,621,623,625,627,629,631,633,635,637,639,641,643,645,647,649,651,653,655,657,659,661,663,665,667,669,671,673,675,677,679,681,683,685,687,689,691,693,695,697,699,701,703,853,855,857,859,861,863,865,867,869,871,873,875,877,879,881,883,885,887,889,891,893,895,897,899,901,903,919,920,921,922,923,924,925,926,927,928,929,930,931,932,1429,1431,1433,1435,1437,1439,1441,1443,1445,1447,1449,1451,1453,1455,1457,1459,1461,1463,1465,1467,1469,1471,1473,1475,1477,1479,1481,1483,1485,
gold,14,574,714,715,716,717,718,719,720,721,722,947,963,964,967,968,971,972,975,976,979,980,983,984,987,988,991,992,995,996,999,1000,1003,1004,1007,1008,1011,1012,1015,1016,1019,1020,1023,1024,1027,1028,1031,1032,1035,1036,1039,1040,1043,1044,1047,1048,1051,1052,1055,1056,1059,1060,1063,1064,1067,1068,1071,1072,1075,1076,1079,1080,1083,1084,1087,1088,1091,1092,1095,1096,1099,1100,1103,1104,1107,1108,1111,1112,1115,1116,1119,1120,1123,1124,1127,1128,1131,1132,1135,1136,1139,1140,1143,1144,1147,1148,1151,1152,1155,1156,1159,1160,1163,1164,1167,1168,1171,1172,1175,1176,1179,1180,1183,1184,1187,1188,1191,1192,1195,1196,1199,1200,1203,1204,1207,1208,1211,1212,1215,1216,1219,1220,1482,1484,1486,
gold,14,576,578,580,582,584,788,789,790,791,792,854,856,948,1223,1224,1227,1228,1327,1328,1331,1332,1430,1432,
gold,14,586,588,590,592,594,793,794,795,796,797,858,860,949,1231,1232,1235,1236,1335,1336,1339,1340,1434,1436,
gold,14,596,598,600,602,604,798,799,800,801,802,862,864,950,1239,1240,1243,1244,1343,1344,1347,1348,1438,1440,
gold,14,606,608,610,612,614,803,804,805,806,807,866,868,951,1247,1248,1251,1252,1351,1352,1355,1356,1442,1444,
gold,14,616,618,620,622,624,808,809,810,811,812,870,872,952,1255,1256,1259,1260,1359,1360,1363,1364,1446,1448,
gold,14,626,628,630,632,634,813,814,815,816,817,874,876,953,1263,1264,1267,1268,1367,1368,1371,1372,1450,1452,
gold,14,636,638,640,642,644,818,819,820,821,822,878,880,954,1271,1272,1275,1276,1375,1376,1379,1380,1454,1456,
gold,14,646,648,650,652,654,823,824,825,826,827,882,884,955,1279,1280,1283,1284,1383,1384,1387,1388,1458,1460,
gold,14,656,658,660,662,664,828,829,830,831,832,886,888,956,1287,1288,1291,1292,1391,1392,1395,1396,1462,1464,
gold,14,666,668,670,672,674,833,834,835,836,837,890,892,957,1295,1296,1299,1300,1399,1400,1403,1404,1466,1468,
gold,14,676,678,680,682,684,838,839,840,841,842,894,896,958,1303,1304,1307,1308,1407,1408,1411,1412,1470,1472,
gold,14,686,688,690,692,694,843,844,845,846,847,898,900,959,1311,1312,1315,1316,1415,1416,1419,1420,1474,1476,
gold,14,696,698,700,702,704,848,849,850,851,852,902,904,960,1319,1320,1323,1324,1423,1424,1427,1428,1478,1480,
gold,15,918,932,
gold,15,
gold,16,705,706,707,714,715,716,961,962,963,964,965,966,967,968,969,970,971,972,973,974,975,976,977,978,979,980,981,982,983,984,985,986,987,988,989,990,991,992,993,994,995,996,997,998,999,1000,1001,1002,1003,1004,1005,1006,1007,1008,1009,1010,1011,1012,
gold,16,
gold,17,723,788,
gold,17,
gold,18,728,793,
gold,18,
gold,19,733,798,
gold,19,
gold,20,738,803,
gold,20,
gold,21,743,808,
gold,21,
gold,22,753,818,
gold,22,
gold,23,758,823,
gold,23,
gold,24,763,828,
gold,24,
gold,25,768,833,
gold,25,
gold,26,773,838,
gold,26,
gold,27,783,848,
gold,27,
gold,28,708,709,710,717,718,719,1013,1014,1015,1016,1017,1018,1019,1020,1021,1022,1023,1024,1025,1026,1027,1028,1029,1030,1031,1032,1033,1034,1035,1036,1037,1038,1039,1040,1041,1042,1043,1044,1045,1046,1047,1048,1049,1050,1051,1052,1053,1054,1055,1056,1057,1058,1059,1060,1061,1062,1063,1064,
gold,28,
gold,29,739,804,
gold,29,
gold,30,744,809,
gold,30,
gold,31,749,814,
gold,31,
gold,32,754,819,
gold,32,
gold,33,759,824,
gold,33,
gold,34,764,829,
gold,34,
gold,35,769,834,
gold,35,
gold,36,774,839,
gold,36,
gold,37,779,844,
gold,37,
gold,38,784,849,
gold,38,
gold,39,711,712,713,720,721,722,1065,1066,1067,1068,1069,1070,1071,1072,1073,1074,1075,1076,1077,1078,1079,1080,1081,1082,1083,1084,1085,1086,1087,1088,1089,1090,1091,1092,1093,1094,1095,1096,1097,1098,1099,1100,1101,1102,1103,1104,1105,1106,1107,1108,1109,1110,1111,1112,1113,1114,1115,1116,
gold,39,
gold,40,725,790,
gold,40,
gold,41,730,795,
gold,41,
gold,42,735,800,
gold,42,
gold,43,740,805,
gold,43,
gold,44,745,810,
gold,44,
gold,45,750,815,
gold,45,
gold,46,760,825,
gold,46,
gold,47,780,845,
gold,47,
gold,48,785,850,
gold,48,
gold,49,575,576,
gold,49,
gold,50,585,586,
gold,50,
gold,51,595,596,
gold,51,
gold,52,605,606,
gold,52,
gold,53,615,616,
gold,53,
gold,54,625,626,
gold,54,
gold,55,635,636,
gold,55,
gold,56,645,646,
gold,56,
gold,57,655,656,
gold,57,
gold,58,665,666,
gold,58,
gold,59,675,676,
gold,59,
gold,60,685,686,
gold,60,
gold,61,695,696,
gold,61,
gold,62,577,578,
gold,62,
gold,63,587,588,
gold,63,
gold,64,597,598,
gold,64,
gold,65,607,608,
gold,65,
gold,66,617,618,
gold,66,
gold,67,627,628,
gold,67,
gold,68,637,638,
gold,68,
gold,69,647,648,
gold,69,
gold,70,657,658,
gold,70,
gold,71,667,668,
gold,71,
gold,72,677,678,
gold,72,
gold,73,687,688,
gold,73,
gold,74,697,698,
gold,74,
gold,75,579,580,
gold,75,
gold,76,589,590,
gold,76,
gold,77,599,600,
gold,77,
gold,78,609,610,
gold,78,
gold,79,619,620,
gold,79,
gold,80,629,630,
gold,80,
gold,81,639,640,
gold,81,
gold,82,649,650,
gold,82,
gold,83,659,660,
gold,83,
gold,84,669,670,
gold,84,
gold,85,679,680,
gold,85,
gold,86,689,690,
gold,86,
gold,87,699,700,
gold,87,
gold,88,611,612,1441,1442,
gold,88,
gold,89,613,614,1443,1444,
gold,89,
gold,90,621,622,1445,1446,
gold,90,
gold,91,623,624,1447,1448,
gold,91,
gold,92,631,632,1449,1450,
gold,92,
gold,93,633,634,1451,1452,
gold,93,
gold,94,641,642,1453,1454,
gold,94,
gold,95,643,644,1455,1456,
gold,95,
gold,96,651,652,1457,1458,
gold,96,
gold,97,653,654,1459,1460,
gold,97,
gold,98,661,662,1461,1462,
gold,98,
gold,99,663,664,1463,1464,
gold,99,
gold,100,671,672,1465,1466,
gold,100,
gold,101,673,674,1467,1468,
gold,101,
gold,102,681,682,1469,1470,
gold,102,
gold,103,683,684,1471,1472,
gold,103,
gold,104,691,692,1473,1474,
gold,104,
gold,105,693,694,1475,1476,
gold,105,
gold,106,701,702,1477,1478,
gold,106,
gold,107,703,704,1479,1480,
gold,107,
gold,108,581,582,1429,1430,
gold,108,
gold,109,583,584,1431,1432,
gold,109,
gold,110,591,592,1433,1434,
gold,110,
gold,111,593,594,1435,1436,
gold,111,
gold,112,601,602,1437,1438,
gold,112,
gold,113,603,604,1439,1440,
gold,113,
gold,114,705,706,707,708,709,710,711,712,713,714,715,716,717,718,719,720,721,722,961,962,963,964,965,966,967,968,969,970,971,972,973,974,975,976,977,978,979,980,981,982,983,984,985,986,987,988,989,990,991,992,993,994,995,996,997,998,999,1000,1001,1002,1003,1004,1005,1006,1007,1008,1009,1010,1011,1012,1013,1014,1015,1016,1017,1018,1019,1020,1021,1022,1023,1024,1025,1026,1027,1028,1029,1030,1031,1032,1033,1034,1035,1036,1037,1038,1039,1040,1041,1042,1043,1044,1045,1046,1047,1048,1049,1050,1051,1052,1053,1054,1055,1056,1057,1058,1059,1060,1061,1062,1063,1064,1065,1066,1067,1068,1069,1070,1071,1072,1073,1074,1075,1076,1077,1078,1079,1080,1081,1082,1083,1084,1085,1086,1087,1088,1089,1090,1091,1092,1093,1094,1095,1096,1097,1098,1099,1100,1101,1102,1103,1104,1105,1106,1107,1108,1109,1110,1111,1112,1113,1114,1115,1116,1117,1118,1119,1120,1121,1122,1123,1124,1125,1126,1127,1128,1129,1130,1131,1132,1133,1134,1135,1136,1137,1138,1139,1140,1141,1142,1143,1144,1145,1146,1147,1148,1149,1150,1151,1152,1153,1154,1155,1156,1157,1158,1159,1160,1161,1162,1163,1164,1165,1166,1167,1168,1169,1170,1171,1172,1173,1174,1175,1176,1177,1178,1179,1180,1181,1182,1183,1184,1185,1186,1187,1188,1189,1190,1191,1192,1193,1194,1195,1196,1197,1198,1199,1200,1201,1202,1203,1204,1205,1206,1207,1208,1209,1210,1211,1212,1213,1214,1215,1216,1217,1218,1219,1220,
gold,114,
gold,115,726,791,1221,1222,1223,1224,1325,1326,1327,1328,
gold,115,
gold,116,727,792,1225,1226,1227,1228,1329,1330,1331,1332,
gold,116,
gold,117,731,796,1229,1230,1231,1232,1333,1334,1335,1336,
gold,117,
gold,118,732,797,1233,1234,1235,1236,1337,1338,1339,1340,
gold,118,
gold,119,736,801,1237,1238,1239,1240,1341,1342,1343,1344,
gold,119,
gold,120,737,802,1241,1242,1243,1244,1345,1346,1347,1348,
gold,120,
gold,121,742,807,1249,1250,1251,1252,1353,1354,1355,1356,
gold,121,
gold,122,746,811,1253,1254,1255,1256,1357,1358,1359,1360,
gold,122,
gold,123,747,812,1257,1258,1259,1260,1361,1362,1363,1364,
gold,123,
gold,124,751,816,1261,1262,1263,1264,1365,1366,1367,1368,
gold,124,
gold,125,752,817,1265,1266,1267,1268,1369,1370,1371,1372,
gold,125,
gold,126,756,821,1269,1270,1271,1272,1373,1374,1375,1376,
gold,126,
gold,127,757,822,1273,1274,1275,1276,1377,1378,1379,1380,
gold,127,
gold,128,761,826,1277,1278,1279,1280,1381,1382,1383,1384,
gold,128,
gold,129,766,831,1285,1286,1287,1288,1389,1390,1391,1392,
gold,129,
gold,130,767,832,1289,1290,1291,1292,1393,1394,1395,1396,
gold,130,
gold,131,771,836,1293,1294,1295,1296,1397,1398,1399,1400,
gold,131,
gold,132,772,837,1297,1298,1299,1300,1401,1402,1403,1404,
gold,132,
gold,133,776,841,1301,1302,1303,1304,1405,1406,1407,1408,
gold,133,
gold,134,777,842,1305,1306,1307,1308,1409,1410,1411,1412,
gold,134,
gold,135,781,846,1309,1310,1311,1312,1413,1414,1415,1416,
gold,135,
gold,136,782,847,1313,1314,1315,1316,1417,1418,1419,1420,
gold,136,
gold,137,786,851,1317,1318,1319,1320,1421,1422,1423,1424,
gold,137,
gold,138,853,854,855,856,961,962,963,964,1013,1014,1015,1016,1065,1066,1067,1068,1117,1118,1119,1120,1169,1170,1171,1172,
gold,138,
gold,139,857,858,859,860,965,966,967,968,1017,1018,1019,1020,1069,1070,1071,1072,1121,1122,1123,1124,1173,1174,1175,1176,
gold,139,
gold,140,861,862,863,864,969,970,971,972,1021,1022,1023,1024,1073,1074,1075,1076,1125,1126,1127,1128,1177,1178,1179,1180,
gold,140,
gold,141,865,866,867,868,973,974,975,976,1025,1026,1027,1028,1077,1078,1079,1080,1129,1130,1131,1132,1181,1182,1183,1184,
gold,141,
gold,142,869,870,871,872,977,978,979,980,1029,1030,1031,1032,1081,1082,1083,1084,1133,1134,1135,1136,1185,1186,1187,1188,
gold,142,
gold,143,873,874,875,876,981,982,983,984,1033,1034,1035,1036,1085,1086,1087,1088,1137,1138,1139,1140,1189,1190,1191,1192,
gold,143,
gold,144,877,878,879,880,985,986,987,988,1037,1038,1039,1040,1089,1090,1091,1092,1141,1142,1143,1144,1193,1194,1195,1196,
gold,144,
gold,145,881,882,883,884,989,990,991,992,1041,1042,1043,1044,1093,1094,1095,1096,1145,1146,1147,1148,1197,1198,1199,1200,
gold,145,
gold,146,885,886,887,888,993,994,995,996,1045,1046,1047,1048,1097,1098,1099,1100,1149,1150,1151,1152,1201,1202,1203,1204,
gold,146,
gold,147,889,890,891,892,997,998,999,1000,1049,1050,1051,1052,1101,1102,1103,1104,1153,1154,1155,1156,1205,1206,1207,1208,
gold,147,
gold,148,893,894,895,896,1001,1002,1003,1004,1053,1054,1055,1056,1105,1106,1107,1108,1157,1158,1159,1160,1209,1210,1211,1212,
gold,148,
gold,149,897,898,899,900,1005,1006,1007,1008,1057,1058,1059,1060,1109,1110,1111,1112,1161,1162,1163,1164,1213,1214,1215,1216,
gold,149,
gold,150,901,902,903,904,1009,1010,1011,1012,1061,1062,1063,1064,1113,1114,1115,1116,1165,1166,1167,1168,1217,1218,1219,1220,
gold,150,
gold,151,615,616,617,618,619,620,621,622,623,624,869,870,871,872,977,978,979,980,1029,1030,1031,1032,1081,1082,1083,1084,1133,1134,1135,1136,1185,1186,1187,1188,1445,1446,1447,1448,
gold,151,
gold,152,575,576,577,578,579,580,581,582,583,584,853,854,855,856,961,962,963,964,1013,1014,1015,1016,1065,1066,1067,1068,1117,1118,1119,1120,1169,1170,1171,1172,1429,1430,1431,1432,
gold,152,
gold,153,585,586,587,588,589,590,591,592,593,594,857,858,859,860,965,966,967,968,1017,1018,1019,1020,1069,1070,1071,1072,1121,1122,1123,1124,1173,1174,1175,1176,1433,1434,1435,1436,
gold,153,
gold,154,595,596,597,598,599,600,601,602,603,604,861,862,863,864,969,970,971,972,1021,1022,1023,1024,1073,1074,1075,1076,1125,1126,1127,1128,1177,1178,1179,1180,1437,1438,1439,1440,
gold,154,
gold,155,625,626,627,628,629,630,631,632,633,634,873,874,875,876,981,982,983,984,1033,1034,1035,1036,1085,1086,1087,1088,1137,1138,1139,1140,1189,1190,1191,1192,1449,1450,1451,1452,
gold,155,
gold,156,635,636,637,638,639,640,641,642,643,644,877,878,879,880,985,986,987,988,1037,1038,1039,1040,1089,1090,1091,1092,1141,1142,1143,1144,1193,1194,1195,1196,1453,1454,1455,1456,
gold,156,
gold,157,655,656,657,658,659,660,661,662,663,664,885,886,887,888,993,994,995,996,1045,1046,1047,1048,1097,1098,1099,1100,1149,1150,1151,1152,1201,1202,1203,1204,1461,1462,1463,1464,
gold,157,
gold,158,665,666,667,668,669,670,671,672,673,674,889,890,891,892,997,998,999,1000,1049,1050,1051,1052,1101,1102,1103,1104,1153,1154,1155,1156,1205,1206,1207,1208,1465,1466,1467,1468,
gold,158,
gold,159,675,676,677,678,679,680,681,682,683,684,893,894,895,896,1001,1002,1003,1004,1053,1054,1055,1056,1105,1106,1107,1108,1157,1158,1159,1160,1209,1210,1211,1212,1469,1470,1471,1472,
gold,159,
gold,160,685,686,687,688,689,690,691,692,693,694,897,898,899,900,1005,1006,1007,1008,1057,1058,1059,1060,1109,1110,1111,1112,1161,1162,1163,1164,1213,1214,1215,1216,1473,1474,1475,1476,
gold,160,
gold,161,605,606,607,608,609,610,611,612,613,614,865,866,867,868,973,974,975,976,1025,1026,1027,1028,1077,1078,1079,1080,1129,1130,1131,1132,1181,1182,1183,1184,1441,1442,1443,1444,
gold,161,
gold,162,645,646,647,648,649,650,651,652,653,654,881,882,883,884,989,990,991,992,1041,1042,1043,1044,1093,1094,1095,1096,1145,1146,1147,1148,1197,1198,1199,1200,1457,1458,1459,1460,
gold,162,
gold,163,695,696,697,698,699,700,701,702,703,704,901,902,903,904,1009,1010,1011,1012,1061,1062,1063,1064,1113,1114,1115,1116,1165,1166,1167,1168,1217,1218,1219,1220,1477,1478,1479,1480,
gold,163,
gold,164,1221,1222,1223,1224,1225,1226,1227,1228,1229,1230,1231,1232,1233,1234,1235,1236,1237,1238,1239,1240,1241,1242,1243,1244,1245,1246,1247,1248,1249,1250,1251,1252,1253,1254,1255,1256,1257,1258,1259,1260,1261,1262,1263,1264,1265,1266,1267,1268,1269,1270,1271,1272,1273,1274,1275,1276,1277,1278,1279,1280,1281,1282,1283,1284,1285,1286,1287,1288,1289,1290,1291,1292,1293,1294,1295,1296,1297,1298,1299,1300,1301,1302,1303,1304,1305,1306,1307,1308,1309,1310,1311,1312,1313,1314,1315,1316,1317,1318,1319,1320,1321,1322,1323,1324,
gold,164,
gold,165,573,574,1221,1222,1223,1224,1225,1226,1227,1228,1229,1230,1231,1232,1233,1234,1235,1236,1237,1238,1239,1240,1241,1242,1243,1244,1245,1246,1247,1248,1249,1250,1251,1252,1253,1254,1255,1256,1257,1258,1259,1260,1261,1262,1263,1264,1265,1266,1267,1268,1269,1270,1271,1272,1273,1274,1275,1276,1277,1278,1279,1280,1281,1282,1283,1284,1285,1286,1287,1288,1289,1290,1291,1292,1293,1294,1295,1296,1297,1298,1299,1300,1301,1302,1303,1304,1305,1306,1307,1308,1309,1310,1311,1312,1313,1314,1315,1316,1317,1318,1319,1320,1321,1322,1323,1324,
gold,165,
gold,166,1325,1326,1327,1328,1329,1330,1331,1332,1333,1334,1335,1336,1337,1338,1339,1340,1341,1342,1343,1344,1345,1346,1347,1348,1349,1350,1351,1352,1353,1354,1355,1356,1357,1358,1359,1360,1361,1362,1363,1364,1365,1366,1367,1368,1369,1370,1371,1372,1373,1374,1375,1376,1377,1378,1379,1380,1381,1382,1383,1384,1385,1386,1387,1388,1389,1390,1391,1392,1393,1394,1395,1396,1397,1398,1399,1400,1401,1402,1403,1404,1405,1406,1407,1408,1409,1410,1411,1412,1413,1414,1415,1416,1417,1418,1419,1420,1421,1422,1423,1424,1425,1426,1427,1428,1481,1482,1483,1484,1485,1486,
gold,166,
gold,167,1117,1118,1119,1120,1121,1122,1123,1124,1125,1126,1127,1128,1129,1130,1131,1132,1133,1134,1135,1136,1137,1138,1139,1140,1141,1142,1143,1144,1145,1146,1147,1148,1149,1150,1151,1152,1153,1154,1155,1156,1157,1158,1159,1160,1161,1162,1163,1164,1165,1166,1167,1168,1481,1482,1483,1484,1485,1486,
gold,167,
gold,168,705,708,711,714,717,720,1221,1223,1225,1227,1229,1231,1233,1235,1237,1239,1241,1243,1245,1247,1249,1251,1253,1255,1257,1259,1261,1263,1265,1267,1269,1271,1273,1275,1277,1279,1281,1283,1285,1287,1289,1291,1293,1295,1297,1299,1301,1303,1305,1307,1309,1311,1313,1315,1317,1319,1321,1323,1325,1327,1329,1331,1333,1335,1337,1339,1341,1343,1345,1347,1349,1351,1353,1355,1357,1359,1361,1363,1365,1367,1369,1371,1373,1375,1377,1379,1381,1383,1385,1387,1389,1391,1393,1395,1397,1399,1401,1403,1405,1407,1409,1411,1413,1415,1417,1419,1421,1423,1425,1427,
gold,168,706,709,712,715,718,721,961,963,965,967,969,971,973,975,977,979,981,983,985,987,989,991,993,995,997,999,1001,1003,1005,1007,1009,1011,1013,1015,1017,1019,1021,1023,1025,1027,1029,1031,1033,1035,1037,1039,1041,1043,1045,1047,1049,1051,1053,1055,1057,1059,1061,1063,1065,1067,1069,1071,1073,1075,1077,1079,1081,1083,1085,1087,1089,1091,1093,1095,1097,1099,1101,1103,1105,1107,1109,1111,1113,1115,1117,1119,1121,1123,1125,1127,1129,1131,1133,1135,1137,1139,1141,1143,1145,1147,1149,1151,1153,1155,1157,1159,1161,1163,1165,1167,1169,1171,1173,1175,1177,1179,1181,1183,1185,1187,1189,1191,1193,1195,1197,1199,1201,1203,1205,1207,1209,1211,1213,1215,1217,1219,1222,1224,1226,1228,1230,1232,1234,1236,1238,1240,1242,1244,1246,1248,1250,1252,1254,1256,1258,1260,1262,1264,1266,1268,1270,1272,1274,1276,1278,1280,1282,1284,1286,1288,1290,1292,1294,1296,1298,1300,1302,1304,1306,1308,1310,1312,1314,1316,1318,1320,1322,1324,1326,1328,1330,1332,1334,1336,1338,1340,1342,1344,1346,1348,1350,1352,1354,1356,1358,1360,1362,1364,1366,1368,1370,1372,1374,1376,1378,1380,1382,1384,1386,1388,1390,1392,1394,1396,1398,1400,1402,1404,1406,1408,1410,1412,1414,1416,1418,1420,1422,1424,1426,1428,
gold,168,707,710,713,716,719,722,962,964,966,968,970,972,974,976,978,980,982,984,986,988,990,992,994,996,998,1000,1002,1004,1006,1008,1010,1012,1014,1016,1018,1020,1022,1024,1026,1028,1030,1032,1034,1036,1038,1040,1042,1044,1046,1048,1050,1052,1054,1056,1058,1060,1062,1064,1066,1068,1070,1072,1074,1076,1078,1080,1082,1084,1086,1088,1090,1092,1094,1096,1098,1100,1102,1104,1106,1108,1110,1112,1114,1116,1118,1120,1122,1124,1126,1128,1130,1132,1134,1136,1138,1140,1142,1144,1146,1148,1150,1152,1154,1156,1158,1160,1162,1164,1166,1168,1170,1172,1174,1176,1178,1180,1182,1184,1186,1188,1190,1192,1194,1196,1198,1200,1202,1204,1206,1208,1210,1212,1214,1216,1218,1220,
gold,169,1169,1170,1171,1172,1173,1174,1175,1176,1177,1178,1179,1180,1181,1182,1183,1184,1185,1186,1187,1188,1189,1190,1191,1192,1193,1194,1195,1196,1197,1198,1199,1200,1201,1202,1203,1204,1205,1206,1207,1208,1209,1210,1211,1212,1213,1214,1215,1216,1217,1218,1219,1220,1481,1482,1483,1484,1485,1486,
gold,169,
red,170,724,789,
gold,170,
red,171,729,794,
gold,171,
red,172,734,799,
gold,172,
red,173,748,813,
gold,173,
red,174,755,820,
gold,174,
red,175,765,830,
gold,175,
red,176,770,835,
gold,176,
red,177,775,840,
gold,177,
red,178,778,843,
gold,178,
red,179,741,806,1245,1246,1247,1248,1349,1350,1351,1352,
gold,179,
red,180,762,827,1281,1282,1283,1284,1385,1386,1387,1388,
gold,180,
red,181,787,852,1321,1322,1323,1324,1425,1426,1427,1428,
gold,181,
lightskyblue,536,
lightskyblue,536,
lightskyblue,484,307,
lightskyblue,484,307,
lightskyblue,484,333,
lightskyblue,484,333,
lightskyblue,484,359,
lightskyblue,484,359,
lightskyblue,484,425,
lightskyblue,484,425,
lightskyblue,484,427,
lightskyblue,484,427,
lightskyblue,486,309,
lightskyblue,486,309,
lightskyblue,486,335,
lightskyblue,486,335,
lightskyblue,486,361,
lightskyblue,486,361,
lightskyblue,486,429,
lightskyblue,486,429,
lightskyblue,486,431,
lightskyblue,486,431,
lightskyblue,488,311,
lightskyblue,488,311,
lightskyblue,488,337,
lightskyblue,488,337,
lightskyblue,488,363,
lightskyblue,488,363,
lightskyblue,488,433,
lightskyblue,488,433,
lightskyblue,488,435,
lightskyblue,488,435,
lightskyblue,490,313,
lightskyblue,490,313,
lightskyblue,490,339,
lightskyblue,490,339,
lightskyblue,490,365,
lightskyblue,490,365,
lightskyblue,490,385,
lightskyblue,490,385,
lightskyblue,490,387,
lightskyblue,490,387,
lightskyblue,492,315,
lightskyblue,492,315,
lightskyblue,492,341,
lightskyblue,492,341,
lightskyblue,492,367,
lightskyblue,492,367,
lightskyblue,492,389,
lightskyblue,492,389,
lightskyblue,492,391,
lightskyblue,492,391,
lightskyblue,494,317,
lightskyblue,494,317,
lightskyblue,494,343,
lightskyblue,494,343,
lightskyblue,494,369,
lightskyblue,494,369,
lightskyblue,494,393,
lightskyblue,494,393,
lightskyblue,494,395,
lightskyblue,494,395,
lightskyblue,496,319,
lightskyblue,496,319,
lightskyblue,496,345,
lightskyblue,496,345,
lightskyblue,496,371,
lightskyblue,496,371,
lightskyblue,496,397,
lightskyblue,496,397,
lightskyblue,496,399,
lightskyblue,496,399,
lightskyblue,498,321,
lightskyblue,498,321,
lightskyblue,498,347,
lightskyblue,498,347,
lightskyblue,498,373,
lightskyblue,498,373,
lightskyblue,498,401,
lightskyblue,498,401,
lightskyblue,498,403,
lightskyblue,498,403,
lightskyblue,500,323,
lightskyblue,500,323,
lightskyblue,500,349,
lightskyblue,500,349,
lightskyblue,500,375,
lightskyblue,500,375,
lightskyblue,500,405,
lightskyblue,500,405,
lightskyblue,500,407,
lightskyblue,500,407,
lightskyblue,502,325,
lightskyblue,502,325,
lightskyblue,502,351,
lightskyblue,502,351,
lightskyblue,502,377,
lightskyblue,502,377,
lightskyblue,502,409,
lightskyblue,502,409,
lightskyblue,502,411,
lightskyblue,502,411,
lightskyblue,504,327,
lightskyblue,504,327,
lightskyblue,504,353,
lightskyblue,504,353,
lightskyblue,504,379,
lightskyblue,504,379,
lightskyblue,504,413,
lightskyblue,504,413,
lightskyblue,504,415,
lightskyblue,504,415,
lightskyblue,506,329,
lightskyblue,506,329,
lightskyblue,506,355,
lightskyblue,506,355,
lightskyblue,506,381,
lightskyblue,506,381,
lightskyblue,506,417,
lightskyblue,506,417,
lightskyblue,506,419,
lightskyblue,506,419,
lightskyblue,508,331,
lightskyblue,508,331,
lightskyblue,508,357,
lightskyblue,508,357,
lightskyblue,508,383,
lightskyblue,508,383,
lightskyblue,508,421,
lightskyblue,508,421,
lightskyblue,508,423,
lightskyblue,508,423,
lightskyblue,241,538,437,
lightskyblue,241,538,437,544,
lightskyblue,241,538,437,544,
lightskyblue,265,538,437,
lightskyblue,265,538,437,544,
lightskyblue,265,538,437,544,
lightskyblue,287,538,437,
lightskyblue,287,538,437,544,
lightskyblue,287,538,437,544,
lightskyblue,241,538,437,
lightskyblue,241,538,437,544,
lightskyblue,241,538,437,544,
lightskyblue,265,538,437,
lightskyblue,265,538,437,544,
lightskyblue,265,538,437,544,
lightskyblue,287,538,437,
lightskyblue,287,538,437,544,
lightskyblue,287,538,437,544,
lightskyblue,243,512,
lightskyblue,550,512,
lightskyblue,289,512,
lightskyblue,439,512,
lightskyblue,441,512,
lightskyblue,245,514,
lightskyblue,552,514,
lightskyblue,291,514,
lightskyblue,443,514,
lightskyblue,445,514,
lightskyblue,247,516,
lightskyblue,554,516,
lightskyblue,293,516,
lightskyblue,447,516,
lightskyblue,449,516,
lightskyblue,249,530,
lightskyblue,267,530,
lightskyblue,295,530,
lightskyblue,568,530,
lightskyblue,451,530,
lightskyblue,251,510,
lightskyblue,269,510,
lightskyblue,297,510,
lightskyblue,453,510,
lightskyblue,455,510,
lightskyblue,556,518,
lightskyblue,271,518,
lightskyblue,299,518,
lightskyblue,457,518,
lightskyblue,459,518,
lightskyblue,253,520,
lightskyblue,273,520,
lightskyblue,558,520,
lightskyblue,461,520,
lightskyblue,463,520,
lightskyblue,255,532,
lightskyblue,275,532,
lightskyblue,301,532,
lightskyblue,465,532,
lightskyblue,570,532,
lightskyblue,257,522,
lightskyblue,277,522,
lightskyblue,560,522,
lightskyblue,467,522,
lightskyblue,469,522,
lightskyblue,259,524,
lightskyblue,279,524,
lightskyblue,562,524,
lightskyblue,471,524,
lightskyblue,473,524,
lightskyblue,261,526,
lightskyblue,281,526,
lightskyblue,564,526,
lightskyblue,475,526,
lightskyblue,477,526,
lightskyblue,566,528,
lightskyblue,283,528,
lightskyblue,303,528,
lightskyblue,479,528,
lightskyblue,481,528,
lightskyblue,263,534,
lightskyblue,285,534,
lightskyblue,305,534,
lightskyblue,483,534,
lightskyblue,572,534,
lightskyblue,243,512,
lightskyblue,550,512,
lightskyblue,289,512,
lightskyblue,439,512,
lightskyblue,441,512,
lightskyblue,245,514,
lightskyblue,552,514,
lightskyblue,291,514,
lightskyblue,443,514,
lightskyblue,445,514,
lightskyblue,247,516,
lightskyblue,554,516,
lightskyblue,293,516,
lightskyblue,447,516,
lightskyblue,449,516,
lightskyblue,249,530,
lightskyblue,267,530,
lightskyblue,295,530,
lightskyblue,568,530,
lightskyblue,451,530,
lightskyblue,251,510,
lightskyblue,269,510,
lightskyblue,297,510,
lightskyblue,453,510,
lightskyblue,455,510,
lightskyblue,556,518,
lightskyblue,271,518,
lightskyblue,299,518,
lightskyblue,457,518,
lightskyblue,459,518,
lightskyblue,253,520,
lightskyblue,273,520,
lightskyblue,558,520,
lightskyblue,461,520,
lightskyblue,463,520,
lightskyblue,255,532,
lightskyblue,275,532,
lightskyblue,301,532,
lightskyblue,465,532,
lightskyblue,570,532,
lightskyblue,257,522,
lightskyblue,277,522,
lightskyblue,560,522,
lightskyblue,467,522,
lightskyblue,469,522,
lightskyblue,259,524,
lightskyblue,279,524,
lightskyblue,562,524,
lightskyblue,471,524,
lightskyblue,473,524,
lightskyblue,261,526,
lightskyblue,281,526,
lightskyblue,564,526,
lightskyblue,475,526,
lightskyblue,477,526,
lightskyblue,566,528,
lightskyblue,283,528,
lightskyblue,303,528,
lightskyblue,479,528,
lightskyblue,481,528,
lightskyblue,263,534,
lightskyblue,285,534,
lightskyblue,305,534,
lightskyblue,483,534,
lightskyblue,572,534,
lightskyblue,485,438,513,424,
lightskyblue,485,438,513,424,
lightskyblue,485,440,513,426,
lightskyblue,485,440,513,426,
lightskyblue,487,442,515,428,
lightskyblue,487,442,515,428,
lightskyblue,487,444,515,430,
lightskyblue,487,444,515,430,
lightskyblue,489,446,517,432,
lightskyblue,489,446,517,432,
lightskyblue,489,448,517,434,
lightskyblue,489,448,517,434,
lightskyblue,491,567,531,384,
lightskyblue,491,567,531,384,
lightskyblue,491,450,531,386,
lightskyblue,491,450,531,386,
lightskyblue,493,452,511,388,
lightskyblue,493,452,511,388,
lightskyblue,493,454,511,390,
lightskyblue,493,454,511,390,
lightskyblue,495,456,519,392,
lightskyblue,495,456,519,392,
lightskyblue,495,458,519,394,
lightskyblue,495,458,519,394,
lightskyblue,497,460,521,396,
lightskyblue,497,460,521,396,
lightskyblue,497,462,521,398,
lightskyblue,497,462,521,398,
lightskyblue,499,464,533,400,
lightskyblue,499,464,533,400,
lightskyblue,499,569,533,402,
lightskyblue,499,569,533,402,
lightskyblue,501,466,523,404,
lightskyblue,501,466,523,404,
lightskyblue,501,468,523,406,
lightskyblue,501,468,523,406,
lightskyblue,503,470,525,408,
lightskyblue,503,470,525,408,
lightskyblue,503,472,525,410,
lightskyblue,503,472,525,410,
lightskyblue,505,474,527,412,
lightskyblue,505,474,527,412,
lightskyblue,505,476,527,414,
lightskyblue,505,476,527,414,
lightskyblue,507,478,529,416,
lightskyblue,507,478,529,416,
lightskyblue,507,480,529,418,
lightskyblue,507,480,529,418,
lightskyblue,509,482,535,420,
lightskyblue,509,482,535,420,
lightskyblue,509,571,535,422,
lightskyblue,509,571,535,422,
lightskyblue,205,183,
lightskyblue,206,185,
lightskyblue,207,187,
lightskyblue,208,189,
lightskyblue,209,191,
lightskyblue,210,193,
lightskyblue,211,195,
lightskyblue,212,197,
lightskyblue,213,199,
lightskyblue,214,201,
lightskyblue,215,203,
lightskyblue,216,220,
lightskyblue,217,222,
lightskyblue,218,239,
lightskyblue,224,183,
lightskyblue,225,185,
lightskyblue,226,187,
lightskyblue,227,189,
lightskyblue,228,191,
lightskyblue,229,193,
lightskyblue,230,195,
lightskyblue,231,197,
lightskyblue,232,199,
lightskyblue,233,201,
lightskyblue,234,203,
lightskyblue,235,220,
lightskyblue,236,222,
lightskyblue,237,239,
lightskyblue,204,182,
lightskyblue,204,184,
lightskyblue,204,186,
lightskyblue,204,188,
lightskyblue,204,190,
lightskyblue,204,192,
lightskyblue,204,194,
lightskyblue,204,196,
lightskyblue,204,198,
lightskyblue,204,200,
lightskyblue,204,202,
lightskyblue,204,219,
lightskyblue,204,221,
lightskyblue,204,238,
lightskyblue,223,182,
lightskyblue,223,184,
lightskyblue,223,186,
lightskyblue,223,188,
lightskyblue,223,190,
lightskyblue,223,192,
lightskyblue,223,194,
lightskyblue,223,196,
lightskyblue,223,198,
lightskyblue,223,200,
lightskyblue,223,202,
lightskyblue,223,219,
lightskyblue,223,221,
lightskyblue,223,238,
lightskyblue,485,242,513,544,306,
lightskyblue,485,242,513,545,306,
lightskyblue,485,242,513,544,306,
lightskyblue,485,242,513,545,306,
lightskyblue,487,244,515,544,308,
lightskyblue,487,244,515,545,308,
lightskyblue,487,244,515,544,308,
lightskyblue,487,244,515,545,308,
lightskyblue,489,246,517,544,310,
lightskyblue,489,246,517,545,310,
lightskyblue,489,246,517,544,310,
lightskyblue,489,246,517,545,310,
lightskyblue,491,248,531,544,312,
lightskyblue,491,248,531,545,312,
lightskyblue,491,248,531,544,312,
lightskyblue,491,248,531,545,312,
lightskyblue,493,250,511,544,314,
lightskyblue,493,250,511,545,314,
lightskyblue,493,250,511,544,314,
lightskyblue,493,250,511,545,314,
lightskyblue,495,555,519,544,316,
lightskyblue,495,555,519,545,316,
lightskyblue,495,555,519,544,316,
lightskyblue,495,555,519,545,316,
lightskyblue,497,252,521,544,318,
lightskyblue,497,252,521,545,318,
lightskyblue,497,252,521,544,318,
lightskyblue,497,252,521,545,318,
lightskyblue,499,254,533,544,320,
lightskyblue,499,254,533,545,320,
lightskyblue,499,254,533,544,320,
lightskyblue,499,254,533,545,320,
lightskyblue,501,256,523,544,322,
lightskyblue,501,256,523,545,322,
lightskyblue,501,256,523,544,322,
lightskyblue,501,256,523,545,322,
lightskyblue,503,258,525,544,324,
lightskyblue,503,258,525,545,324,
lightskyblue,503,258,525,544,324,
lightskyblue,503,258,525,545,324,
lightskyblue,505,260,527,544,326,
lightskyblue,505,260,527,545,326,
lightskyblue,505,260,527,544,326,
lightskyblue,505,260,527,545,326,
lightskyblue,507,565,529,544,328,
lightskyblue,507,565,529,545,328,
lightskyblue,507,565,529,544,328,
lightskyblue,507,565,529,545,328,
lightskyblue,509,262,535,544,330,
lightskyblue,509,262,535,545,330,
lightskyblue,509,262,535,544,330,
lightskyblue,509,262,535,545,330,
lightskyblue,485,549,513,544,332,
lightskyblue,485,549,513,545,332,
lightskyblue,485,549,513,544,332,
lightskyblue,485,549,513,545,332,
lightskyblue,487,551,515,544,334,
lightskyblue,487,551,515,545,334,
lightskyblue,487,551,515,544,334,
lightskyblue,487,551,515,545,334,
lightskyblue,489,553,517,544,336,
lightskyblue,489,553,517,545,336,
lightskyblue,489,553,517,544,336,
lightskyblue,489,553,517,545,336,
lightskyblue,491,266,531,544,338,
lightskyblue,491,266,531,545,338,
lightskyblue,491,266,531,544,338,
lightskyblue,491,266,531,545,338,
lightskyblue,493,268,511,544,340,
lightskyblue,493,268,511,545,340,
lightskyblue,493,268,511,544,340,
lightskyblue,493,268,511,545,340,
lightskyblue,495,270,519,544,342,
lightskyblue,495,270,519,545,342,
lightskyblue,495,270,519,544,342,
lightskyblue,495,270,519,545,342,
lightskyblue,497,272,521,544,344,
lightskyblue,497,272,521,545,344,
lightskyblue,497,272,521,544,344,
lightskyblue,497,272,521,545,344,
lightskyblue,499,274,533,544,346,
lightskyblue,499,274,533,545,346,
lightskyblue,499,274,533,544,346,
lightskyblue,499,274,533,545,346,
lightskyblue,501,276,523,544,348,
lightskyblue,501,276,523,545,348,
lightskyblue,501,276,523,544,348,
lightskyblue,501,276,523,545,348,
lightskyblue,503,278,525,544,350,
lightskyblue,503,278,525,545,350,
lightskyblue,503,278,525,544,350,
lightskyblue,503,278,525,545,350,
lightskyblue,505,280,527,544,352,
lightskyblue,505,280,527,545,352,
lightskyblue,505,280,527,544,352,
lightskyblue,505,280,527,545,352,
lightskyblue,507,282,529,544,354,
lightskyblue,507,282,529,545,354,
lightskyblue,507,282,529,544,354,
lightskyblue,507,282,529,545,354,
lightskyblue,509,284,535,544,356,
lightskyblue,509,284,535,545,356,
lightskyblue,509,284,535,544,356,
lightskyblue,509,284,535,545,356,
lightskyblue,485,288,513,544,358,
lightskyblue,485,288,513,545,358,
lightskyblue,485,288,513,544,358,
lightskyblue,485,288,513,545,358,
lightskyblue,487,290,515,544,360,
lightskyblue,487,290,515,545,360,
lightskyblue,487,290,515,544,360,
lightskyblue,487,290,515,545,360,
lightskyblue,489,292,517,544,362,
lightskyblue,489,292,517,545,362,
lightskyblue,489,292,517,544,362,
lightskyblue,489,292,517,545,362,
lightskyblue,491,294,531,544,364,
lightskyblue,491,294,531,545,364,
lightskyblue,491,294,531,544,364,
lightskyblue,491,294,531,545,364,
lightskyblue,493,296,511,544,366,
lightskyblue,493,296,511,545,366,
lightskyblue,493,296,511,544,366,
lightskyblue,493,296,511,545,366,
lightskyblue,495,298,519,544,368,
lightskyblue,495,298,519,545,368,
lightskyblue,495,298,519,544,368,
lightskyblue,495,298,519,545,368,
lightskyblue,497,557,521,544,370,
lightskyblue,497,557,521,545,370,
lightskyblue,497,557,521,544,370,
lightskyblue,497,557,521,545,370,
lightskyblue,499,300,533,544,372,
lightskyblue,499,300,533,545,372,
lightskyblue,499,300,533,544,372,
lightskyblue,499,300,533,545,372,
lightskyblue,501,559,523,544,374,
lightskyblue,501,559,523,545,374,
lightskyblue,501,559,523,544,374,
lightskyblue,501,559,523,545,374,
lightskyblue,503,561,525,544,376,
lightskyblue,503,561,525,545,376,
lightskyblue,503,561,525,544,376,
lightskyblue,503,561,525,545,376,
lightskyblue,505,563,527,544,378,
lightskyblue,505,563,527,545,378,
lightskyblue,505,563,527,544,378,
lightskyblue,505,563,527,545,378,
lightskyblue,507,302,529,544,380,
lightskyblue,507,302,529,545,380,
lightskyblue,507,302,529,544,380,
lightskyblue,507,302,529,545,380,
lightskyblue,509,304,535,544,382,
lightskyblue,509,304,535,545,382,
lightskyblue,509,304,535,544,382,
lightskyblue,509,304,535,545,382,
lightskyblue,485,438,513,544,424,
lightskyblue,485,438,513,545,424,
lightskyblue,485,438,513,544,424,
lightskyblue,485,438,513,545,424,
lightskyblue,487,442,515,544,428,
lightskyblue,487,442,515,545,428,
lightskyblue,487,442,515,544,428,
lightskyblue,487,442,515,545,428,
lightskyblue,489,446,517,544,432,
lightskyblue,489,446,517,545,432,
lightskyblue,489,446,517,544,432,
lightskyblue,489,446,517,545,432,
lightskyblue,491,567,531,544,384,
lightskyblue,491,567,531,545,384,
lightskyblue,491,567,531,544,384,
lightskyblue,491,567,531,545,384,
lightskyblue,493,452,511,544,388,
lightskyblue,493,452,511,545,388,
lightskyblue,493,452,511,544,388,
lightskyblue,493,452,511,545,388,
lightskyblue,495,456,519,544,392,
lightskyblue,495,456,519,545,392,
lightskyblue,495,456,519,544,392,
lightskyblue,495,456,519,545,392,
lightskyblue,497,460,521,544,396,
lightskyblue,497,460,521,545,396,
lightskyblue,497,460,521,544,396,
lightskyblue,497,460,521,545,396,
lightskyblue,499,464,533,544,400,
lightskyblue,499,464,533,545,400,
lightskyblue,499,464,533,544,400,
lightskyblue,499,464,533,545,400,
lightskyblue,501,466,523,544,404,
lightskyblue,501,466,523,545,404,
lightskyblue,501,466,523,544,404,
lightskyblue,501,466,523,545,404,
lightskyblue,503,470,525,544,408,
lightskyblue,503,470,525,545,408,
lightskyblue,503,470,525,544,408,
lightskyblue,503,470,525,545,408,
lightskyblue,505,474,527,544,412,
lightskyblue,505,474,527,545,412,
lightskyblue,505,474,527,544,412,
lightskyblue,505,474,527,545,412,
lightskyblue,507,478,529,544,416,
lightskyblue,507,478,529,545,416,
lightskyblue,507,478,529,544,416,
lightskyblue,507,478,529,545,416,
lightskyblue,509,482,535,544,420,
lightskyblue,509,482,535,545,420,
lightskyblue,509,482,535,544,420,
lightskyblue,509,482,535,545,420,
lightskyblue,485,440,513,544,426,
lightskyblue,485,440,513,545,426,
lightskyblue,485,440,513,544,426,
lightskyblue,485,440,513,545,426,
lightskyblue,487,444,515,544,430,
lightskyblue,487,444,515,545,430,
lightskyblue,487,444,515,544,430,
lightskyblue,487,444,515,545,430,
lightskyblue,489,448,517,544,434,
lightskyblue,489,448,517,545,434,
lightskyblue,489,448,517,544,434,
lightskyblue,489,448,517,545,434,
lightskyblue,491,450,531,544,386,
lightskyblue,491,450,531,545,386,
lightskyblue,491,450,531,544,386,
lightskyblue,491,450,531,545,386,
lightskyblue,493,454,511,544,390,
lightskyblue,493,454,511,545,390,
lightskyblue,493,454,511,544,390,
lightskyblue,493,454,511,545,390,
lightskyblue,495,458,519,544,394,
lightskyblue,495,458,519,545,394,
lightskyblue,495,458,519,544,394,
lightskyblue,495,458,519,545,394,
lightskyblue,497,462,521,544,398,
lightskyblue,497,462,521,545,398,
lightskyblue,497,462,521,544,398,
lightskyblue,497,462,521,545,398,
lightskyblue,499,569,533,544,402,
lightskyblue,499,569,533,545,402,
lightskyblue,499,569,533,544,402,
lightskyblue,499,569,533,545,402,
lightskyblue,501,468,523,544,406,
lightskyblue,501,468,523,545,406,
lightskyblue,501,468,523,544,406,
lightskyblue,501,468,523,545,406,
lightskyblue,503,472,525,544,410,
lightskyblue,503,472,525,545,410,
lightskyblue,503,472,525,544,410,
lightskyblue,503,472,525,545,410,
lightskyblue,505,476,527,544,414,
lightskyblue,505,476,527,545,414,
lightskyblue,505,476,527,544,414,
lightskyblue,505,476,527,545,414,
lightskyblue,507,480,529,544,418,
lightskyblue,507,480,529,545,418,
lightskyblue,507,480,529,544,418,
lightskyblue,507,480,529,545,418,
lightskyblue,509,571,535,544,422,
lightskyblue,509,571,535,545,422,
lightskyblue,509,571,535,544,422,
lightskyblue,509,571,535,545,422,
lightskyblue,537,542,439,539,512,545,540,
lightskyblue,537,542,439,539,512,546,540,
lightskyblue,537,542,439,539,512,545,540,
lightskyblue,537,542,439,539,512,546,540,
lightskyblue,537,547,441,539,512,545,540,
lightskyblue,537,547,441,539,512,546,540,
lightskyblue,537,547,441,539,512,545,540,
lightskyblue,537,547,441,539,512,546,540,
lightskyblue,537,542,443,539,514,545,540,
lightskyblue,537,542,443,539,514,546,540,
lightskyblue,537,542,443,539,514,545,540,
lightskyblue,537,542,443,539,514,546,540,
lightskyblue,537,547,445,539,514,545,540,
lightskyblue,537,547,445,539,514,546,540,
lightskyblue,537,547,445,539,514,545,540,
lightskyblue,537,547,445,539,514,546,540,
lightskyblue,537,542,447,539,516,545,540,
lightskyblue,537,542,447,539,516,546,540,
lightskyblue,537,542,447,539,516,545,540,
lightskyblue,537,542,447,539,516,546,540,
lightskyblue,537,547,449,539,516,545,540,
lightskyblue,537,547,449,539,516,546,540,
lightskyblue,537,547,449,539,516,545,540,
lightskyblue,537,547,449,539,516,546,540,
lightskyblue,537,542,568,539,530,545,540,
lightskyblue,537,542,568,539,530,546,540,
lightskyblue,537,542,568,539,530,545,540,
lightskyblue,537,542,568,539,530,546,540,
lightskyblue,537,547,451,539,530,545,540,
lightskyblue,537,547,451,539,530,546,540,
lightskyblue,537,547,451,539,530,545,540,
lightskyblue,537,547,451,539,530,546,540,
lightskyblue,537,542,453,539,510,545,540,
lightskyblue,537,542,453,539,510,546,540,
lightskyblue,537,542,453,539,510,545,540,
lightskyblue,537,542,453,539,510,546,540,
lightskyblue,537,547,455,539,510,545,540,
lightskyblue,537,547,455,539,510,546,540,
lightskyblue,537,547,455,539,510,545,540,
lightskyblue,537,547,455,539,510,546,540,
lightskyblue,537,542,457,539,518,545,540,
lightskyblue,537,542,457,539,518,546,540,
lightskyblue,537,542,457,539,518,545,540,
lightskyblue,537,542,457,539,518,546,540,
lightskyblue,537,547,459,539,518,545,540,
lightskyblue,537,547,459,539,518,546,540,
lightskyblue,537,547,459,539,518,545,540,
lightskyblue,537,547,459,539,518,546,540,
lightskyblue,537,542,461,539,520,545,540,
lightskyblue,537,542,461,539,520,546,540,
lightskyblue,537,542,461,539,520,545,540,
lightskyblue,537,542,461,539,520,546,540,
lightskyblue,537,547,463,539,520,545,540,
lightskyblue,537,547,463,539,520,546,540,
lightskyblue,537,547,463,539,520,545,540,
lightskyblue,537,547,463,539,520,546,540,
lightskyblue,537,542,465,539,532,545,540,
lightskyblue,537,542,465,539,532,546,540,
lightskyblue,537,542,465,539,532,545,540,
lightskyblue,537,542,465,539,532,546,540,
lightskyblue,537,547,570,539,532,545,540,
lightskyblue,537,547,570,539,532,546,540,
lightskyblue,537,547,570,539,532,545,540,
lightskyblue,537,547,570,539,532,546,540,
lightskyblue,537,542,467,539,522,545,540,
lightskyblue,537,542,467,539,522,546,540,
lightskyblue,537,542,467,539,522,545,540,
lightskyblue,537,542,467,539,522,546,540,
lightskyblue,537,547,469,539,522,545,540,
lightskyblue,537,547,469,539,522,546,540,
lightskyblue,537,547,469,539,522,545,540,
lightskyblue,537,547,469,539,522,546,540,
lightskyblue,537,542,471,539,524,545,540,
lightskyblue,537,542,471,539,524,546,540,
lightskyblue,537,542,471,539,524,545,540,
lightskyblue,537,542,471,539,524,546,540,
lightskyblue,537,547,473,539,524,545,540,
lightskyblue,537,547,473,539,524,546,540,
lightskyblue,537,547,473,539,524,545,540,
lightskyblue,537,547,473,539,524,546,540,
lightskyblue,537,542,475,539,526,545,540,
lightskyblue,537,542,475,539,526,546,540,
lightskyblue,537,542,475,539,526,545,540,
lightskyblue,537,542,475,539,526,546,540,
lightskyblue,537,547,477,539,526,545,540,
lightskyblue,537,547,477,539,526,546,540,
lightskyblue,537,547,477,539,526,545,540,
lightskyblue,537,547,477,539,526,546,540,
lightskyblue,537,542,479,539,528,545,540,
lightskyblue,537,542,479,539,528,546,540,
lightskyblue,537,542,479,539,528,545,540,
lightskyblue,537,542,479,539,528,546,540,
lightskyblue,537,547,481,539,528,545,540,
lightskyblue,537,547,481,539,528,546,540,
lightskyblue,537,547,481,539,528,545,540,
lightskyblue,537,547,481,539,528,546,540,
lightskyblue,537,542,483,539,534,545,540,
lightskyblue,537,542,483,539,534,546,540,
lightskyblue,537,542,483,539,534,545,540,
lightskyblue,537,542,483,539,534,546,540,
lightskyblue,537,547,572,539,534,545,540,
lightskyblue,537,547,572,539,534,546,540,
lightskyblue,537,547,572,539,534,545,540,
lightskyblue,537,547,572,539,534,546,540,
lightskyblue,542,439,512,545,
lightskyblue,542,439,512,546,
lightskyblue,542,439,512,545,
lightskyblue,542,439,512,546,
lightskyblue,547,441,512,545,
lightskyblue,547,441,512,546,
lightskyblue,547,441,512,545,
lightskyblue,547,441,512,546,
lightskyblue,542,443,514,545,
lightskyblue,542,443,514,546,
lightskyblue,542,443,514,545,
lightskyblue,542,443,514,546,
lightskyblue,547,445,514,545,
lightskyblue,547,445,514,546,
lightskyblue,547,445,514,545,
lightskyblue,547,445,514,546,
lightskyblue,542,447,516,545,
lightskyblue,542,447,516,546,
lightskyblue,542,447,516,545,
lightskyblue,542,447,516,546,
lightskyblue,547,449,516,545,
lightskyblue,547,449,516,546,
lightskyblue,547,449,516,545,
lightskyblue,547,449,516,546,
lightskyblue,542,568,530,545,
lightskyblue,542,568,530,546,
lightskyblue,542,568,530,545,
lightskyblue,542,568,530,546,
lightskyblue,547,451,530,545,
lightskyblue,547,451,530,546,
lightskyblue,547,451,530,545,
lightskyblue,547,451,530,546,
lightskyblue,542,453,510,545,
lightskyblue,542,453,510,546,
lightskyblue,542,453,510,545,
lightskyblue,542,453,510,546,
lightskyblue,547,455,510,545,
lightskyblue,547,455,510,546,
lightskyblue,547,455,510,545,
lightskyblue,547,455,510,546,
lightskyblue,542,457,518,545,
lightskyblue,542,457,518,546,
lightskyblue,542,457,518,545,
lightskyblue,542,457,518,546,
lightskyblue,547,459,518,545,
lightskyblue,547,459,518,546,
lightskyblue,547,459,518,545,
lightskyblue,547,459,518,546,
lightskyblue,542,461,520,545,
lightskyblue,542,461,520,546,
lightskyblue,542,461,520,545,
lightskyblue,542,461,520,546,
lightskyblue,547,463,520,545,
lightskyblue,547,463,520,546,
lightskyblue,547,463,520,545,
lightskyblue,547,463,520,546,
lightskyblue,542,465,532,545,
lightskyblue,542,465,532,546,
lightskyblue,542,465,532,545,
lightskyblue,542,465,532,546,
lightskyblue,547,570,532,545,
lightskyblue,547,570,532,546,
lightskyblue,547,570,532,545,
lightskyblue,547,570,532,546,
lightskyblue,542,467,522,545,
lightskyblue,542,467,522,546,
lightskyblue,542,467,522,545,
lightskyblue,542,467,522,546,
lightskyblue,547,469,522,545,
lightskyblue,547,469,522,546,
lightskyblue,547,469,522,545,
lightskyblue,547,469,522,546,
lightskyblue,542,471,524,545,
lightskyblue,542,471,524,546,
lightskyblue,542,471,524,545,
lightskyblue,542,471,524,546,
lightskyblue,547,473,524,545,
lightskyblue,547,473,524,546,
lightskyblue,547,473,524,545,
lightskyblue,547,473,524,546,
lightskyblue,542,475,526,545,
lightskyblue,542,475,526,546,
lightskyblue,542,475,526,545,
lightskyblue,542,475,526,546,
lightskyblue,547,477,526,545,
lightskyblue,547,477,526,546,
lightskyblue,547,477,526,545,
lightskyblue,547,477,526,546,
lightskyblue,542,479,528,545,
lightskyblue,542,479,528,546,
lightskyblue,542,479,528,545,
lightskyblue,542,479,528,546,
lightskyblue,547,481,528,545,
lightskyblue,547,481,528,546,
lightskyblue,547,481,528,545,
lightskyblue,547,481,528,546,
lightskyblue,542,483,534,545,
lightskyblue,542,483,534,546,
lightskyblue,542,483,534,545,
lightskyblue,542,483,534,546,
lightskyblue,547,572,534,545,
lightskyblue,547,572,534,546,
lightskyblue,547,572,534,545,
lightskyblue,547,572,534,546,
lightskyblue,438,513,
lightskyblue,438,513,
lightskyblue,440,513,
lightskyblue,440,513,
lightskyblue,442,515,
lightskyblue,442,515,
lightskyblue,444,515,
lightskyblue,444,515,
lightskyblue,446,517,
lightskyblue,446,517,
lightskyblue,448,517,
lightskyblue,448,517,
lightskyblue,567,531,
lightskyblue,567,531,
lightskyblue,450,531,
lightskyblue,450,531,
lightskyblue,452,511,
lightskyblue,452,511,
lightskyblue,454,511,
lightskyblue,454,511,
lightskyblue,456,519,
lightskyblue,456,519,
lightskyblue,458,519,
lightskyblue,458,519,
lightskyblue,460,521,
lightskyblue,460,521,
lightskyblue,462,521,
lightskyblue,462,521,
lightskyblue,464,533,
lightskyblue,464,533,
lightskyblue,569,533,
lightskyblue,569,533,
lightskyblue,466,523,
lightskyblue,466,523,
lightskyblue,468,523,
lightskyblue,468,523,
lightskyblue,470,525,
lightskyblue,470,525,
lightskyblue,472,525,
lightskyblue,472,525,
lightskyblue,474,527,
lightskyblue,474,527,
lightskyblue,476,527,
lightskyblue,476,527,
lightskyblue,478,529,
lightskyblue,478,529,
lightskyblue,480,529,
lightskyblue,480,529,
lightskyblue,482,535,
lightskyblue,482,535,
lightskyblue,571,535,
lightskyblue,571,535,
lightskyblue,240,543,548,436,541,
lightskyblue,240,543,548,436,541,
lightskyblue,264,543,548,436,541,
lightskyblue,264,543,548,436,541,
lightskyblue,286,543,548,436,541,
lightskyblue,286,543,548,436,541,
