green,
green,
green,
green,
green,
green,
green,
green,
green,
green,
green,
green,
green,
green,
green,
green,
green,
green,
green,
green,
green,
green,
green,
green,
green,
green,
green,
green,
green,
green,
green,
green,
green,
green,
green,
green,
green,
green,
green,
green,
green,
green,
green,
green,
green,
green,
green,
green,
green,
green,
green,
green,
green,
green,
green,
green,
green,
green,
green,
green,
green,
green,
green,
green,
green,
green,
green,
green,
green,
green,
green,
green,
green,
green,
green,
green,
green,
green,
green,
green,
green,
green,
green,
green,
green,
green,
green,
green,
green,
green,
green,
green,
green,
green,
green,
green,
green,
green,
green,
green,
green,
green,
green,
green,
green,
green,
green,
green,
green,
green,
green,
green,
green,
green,
green,
green,
green,
gold,0,588,595,
gold,0,
gold,1,589,596,
gold,1,
gold,2,590,597,
gold,2,
gold,3,591,598,
gold,3,
gold,4,365,367,369,371,373,375,377,379,381,383,385,387,389,391,393,395,397,399,401,403,405,407,409,411,413,415,417,419,421,423,425,427,429,431,433,435,437,439,441,443,445,447,449,565,567,569,571,573,575,577,579,581,583,585,587,588,589,590,591,592,593,594,881,883,885,887,889,891,893,895,897,899,901,903,905,907,909,911,913,
gold,4,364,450,451,452,453,454,455,456,457,458,459,460,461,462,463,464,602,616,617,620,621,624,625,628,629,632,633,636,637,640,641,644,645,648,649,652,653,656,657,660,661,664,665,668,669,672,673,676,677,680,681,684,685,688,689,692,693,696,697,700,701,704,705,708,709,712,713,716,717,720,721,724,725,728,729,732,733,736,737,740,741,744,745,748,749,752,753,756,757,760,761,764,765,768,769,772,773,776,777,780,781,904,906,908,910,912,
gold,4,366,368,370,372,374,376,378,480,481,482,483,484,485,486,564,566,603,784,785,788,789,832,833,836,837,880,882,
gold,4,380,382,384,386,388,390,392,487,488,489,490,491,492,493,568,570,604,792,793,796,797,840,841,844,845,884,886,
gold,4,394,396,398,400,402,404,406,494,495,496,497,498,499,500,572,574,605,800,801,804,805,848,849,852,853,888,890,
gold,4,408,410,412,414,416,418,420,501,502,503,504,505,506,507,576,578,606,808,809,812,813,856,857,860,861,892,894,
gold,4,422,424,426,428,430,432,434,508,509,510,511,512,513,514,580,582,607,816,817,820,821,864,865,868,869,896,898,
gold,4,436,438,440,442,444,446,448,515,516,517,518,519,520,521,584,586,608,824,825,828,829,872,873,876,877,900,902,
gold,5,592,599,
gold,5,
gold,6,593,600,
gold,6,
gold,7,364,366,368,370,372,374,376,378,380,382,384,386,388,390,392,394,396,398,400,402,404,406,408,410,412,414,416,418,420,422,424,426,428,430,432,434,436,438,440,442,444,446,448,564,566,568,570,572,574,576,578,580,582,584,586,595,596,597,598,599,600,601,880,882,884,886,888,890,892,894,896,898,900,902,904,906,908,910,912,
gold,7,365,465,466,467,468,469,470,471,472,473,474,475,476,477,478,479,609,618,619,622,623,626,627,630,631,634,635,638,639,642,643,646,647,650,651,654,655,658,659,662,663,666,667,670,671,674,675,678,679,682,683,686,687,690,691,694,695,698,699,702,703,706,707,710,711,714,715,718,719,722,723,726,727,730,731,734,735,738,739,742,743,746,747,750,751,754,755,758,759,762,763,766,767,770,771,774,775,778,779,782,783,905,907,909,911,913,
gold,7,367,369,371,373,375,377,379,522,523,524,525,526,527,528,565,567,610,786,787,790,791,834,835,838,839,881,883,
gold,7,381,383,385,387,389,391,393,529,530,531,532,533,534,535,569,571,611,794,795,798,799,842,843,846,847,885,887,
gold,7,395,397,399,401,403,405,407,536,537,538,539,540,541,542,573,575,612,802,803,806,807,850,851,854,855,889,891,
gold,7,409,411,413,415,417,419,421,543,544,545,546,547,548,549,577,579,613,810,811,814,815,858,859,862,863,893,895,
gold,7,423,425,427,429,431,433,435,550,551,552,553,554,555,556,581,583,614,818,819,822,823,866,867,870,871,897,899,
gold,7,437,439,441,443,445,447,449,557,558,559,560,561,562,563,585,587,615,826,827,830,831,874,875,878,879,901,903,
gold,8,594,601,
gold,8,
gold,9,450,451,452,465,466,467,616,617,618,619,620,621,622,623,624,625,626,627,628,629,630,631,632,633,634,635,636,637,638,639,
gold,9,
gold,10,480,522,
gold,10,
gold,11,494,536,
gold,11,
gold,12,501,543,
gold,12,
gold,13,508,550,
gold,13,
gold,14,515,557,
gold,14,
gold,15,453,454,455,468,469,470,640,641,642,643,644,645,646,647,648,649,650,651,652,653,654,655,656,657,658,659,660,661,662,663,
gold,15,
gold,16,481,523,
gold,16,
gold,17,488,530,
gold,17,
gold,18,502,544,
gold,18,
gold,19,509,551,
gold,19,
gold,20,516,558,
gold,20,
gold,21,456,457,458,471,472,473,664,665,666,667,668,669,670,671,672,673,674,675,676,677,678,679,680,681,682,683,684,685,686,687,
gold,21,
gold,22,482,524,
gold,22,
gold,23,489,531,
gold,23,
gold,24,496,538,
gold,24,
gold,25,510,552,
gold,25,
gold,26,517,559,
gold,26,
gold,27,459,460,461,474,475,476,688,689,690,691,692,693,694,695,696,697,698,699,700,701,702,703,704,705,706,707,708,709,710,711,
gold,27,
gold,28,490,532,
gold,28,
gold,29,497,539,
gold,29,
gold,30,504,546,
gold,30,
gold,31,511,553,
gold,31,
gold,32,518,560,
gold,32,
gold,33,462,463,464,477,478,479,712,713,714,715,716,717,718,719,720,721,722,723,724,725,726,727,728,729,730,731,732,733,734,735,
gold,33,
gold,34,484,526,
gold,34,
gold,35,491,533,
gold,35,
gold,36,498,540,
gold,36,
gold,37,505,547,
gold,37,
gold,38,519,561,
gold,38,
gold,39,366,367,
gold,39,
gold,40,380,381,
gold,40,
gold,41,394,395,
gold,41,
gold,42,408,409,
gold,42,
gold,43,422,423,
gold,43,
gold,44,436,437,
gold,44,
gold,45,368,369,
gold,45,
gold,46,382,383,
gold,46,
gold,47,396,397,
gold,47,
gold,48,410,411,
gold,48,
gold,49,424,425,
gold,49,
gold,50,438,439,
gold,50,
gold,51,370,371,
gold,51,
gold,52,384,385,
gold,52,
gold,53,398,399,
gold,53,
gold,54,412,413,
gold,54,
gold,55,426,427,
gold,55,
gold,56,440,441,
gold,56,
gold,57,372,373,
gold,57,
gold,58,386,387,
gold,58,
gold,59,400,401,
gold,59,
gold,60,414,415,
gold,60,
gold,61,428,429,
gold,61,
gold,62,442,443,
gold,62,
gold,63,374,375,
gold,63,
gold,64,388,389,
gold,64,
gold,65,402,403,
gold,65,
gold,66,416,417,
gold,66,
gold,67,430,431,
gold,67,
gold,68,444,445,
gold,68,
gold,69,418,419,892,893,
gold,69,
gold,70,420,421,894,895,
gold,70,
gold,71,432,433,896,897,
gold,71,
gold,72,434,435,898,899,
gold,72,
gold,73,446,447,900,901,
gold,73,
gold,74,448,449,902,903,
gold,74,
gold,75,376,377,880,881,
gold,75,
gold,76,378,379,882,883,
gold,76,
gold,77,390,391,884,885,
gold,77,
gold,78,392,393,886,887,
gold,78,
gold,79,404,405,888,889,
gold,79,
gold,80,406,407,890,891,
gold,80,
gold,81,506,548,808,809,810,811,856,857,858,859,
gold,81,
gold,82,507,549,812,813,814,815,860,861,862,863,
gold,82,
gold,83,513,555,816,817,818,819,864,865,866,867,
gold,83,
gold,84,514,556,820,821,822,823,868,869,870,871,
gold,84,
gold,85,520,562,824,825,826,827,872,873,874,875,
gold,85,
gold,86,521,563,828,829,830,831,876,877,878,879,
gold,86,
gold,87,485,527,784,785,786,787,832,833,834,835,
gold,87,
gold,88,486,528,788,789,790,791,836,837,838,839,
gold,88,
gold,89,492,534,792,793,794,795,840,841,842,843,
gold,89,
gold,90,493,535,796,797,798,799,844,845,846,847,
gold,90,
gold,91,499,541,800,801,802,803,848,849,850,851,
gold,91,
gold,92,500,542,804,805,806,807,852,853,854,855,
gold,92,
gold,93,450,451,452,453,454,455,456,457,458,459,460,461,462,463,464,465,466,467,468,469,470,471,472,473,474,475,476,477,478,479,616,617,618,619,620,621,622,623,624,625,626,627,628,629,630,631,632,633,634,635,636,637,638,639,640,641,642,643,644,645,646,647,648,649,650,651,652,653,654,655,656,657,658,659,660,661,662,663,664,665,666,667,668,669,670,671,672,673,674,675,676,677,678,679,680,681,682,683,684,685,686,687,688,689,690,691,692,693,694,695,696,697,698,699,700,701,702,703,704,705,706,707,708,709,710,711,712,713,714,715,716,717,718,719,720,721,722,723,724,725,726,727,728,729,730,731,732,733,734,735,736,737,738,739,740,741,742,743,744,745,746,747,748,749,750,751,752,753,754,755,756,757,758,759,760,761,762,763,764,765,766,767,768,769,770,771,772,773,774,775,776,777,778,779,780,781,782,783,
gold,93,
gold,94,564,565,566,567,616,617,618,619,640,641,642,643,664,665,666,667,688,689,690,691,712,713,714,715,736,737,738,739,760,761,762,763,
gold,94,
gold,95,366,367,368,369,370,371,372,373,374,375,376,377,378,379,564,565,566,567,616,617,618,619,640,641,642,643,664,665,666,667,688,689,690,691,712,713,714,715,736,737,738,739,760,761,762,763,880,881,882,883,
gold,95,
gold,96,568,569,570,571,620,621,622,623,644,645,646,647,668,669,670,671,692,693,694,695,716,717,718,719,740,741,742,743,764,765,766,767,
gold,96,
gold,97,380,381,382,383,384,385,386,387,388,389,390,391,392,393,568,569,570,571,620,621,622,623,644,645,646,647,668,669,670,671,692,693,694,695,716,717,718,719,740,741,742,743,764,765,766,767,884,885,886,887,
gold,97,
gold,98,572,573,574,575,624,625,626,627,648,649,650,651,672,673,674,675,696,697,698,699,720,721,722,723,744,745,746,747,768,769,770,771,
gold,98,
gold,99,394,395,396,397,398,399,400,401,402,403,404,405,406,407,572,573,574,575,624,625,626,627,648,649,650,651,672,673,674,675,696,697,698,699,720,721,722,723,744,745,746,747,768,769,770,771,888,889,890,891,
gold,99,
gold,100,576,577,578,579,628,629,630,631,652,653,654,655,676,677,678,679,700,701,702,703,724,725,726,727,748,749,750,751,772,773,774,775,
gold,100,
gold,101,408,409,410,411,412,413,414,415,416,417,418,419,420,421,576,577,578,579,628,629,630,631,652,653,654,655,676,677,678,679,700,701,702,703,724,725,726,727,748,749,750,751,772,773,774,775,892,893,894,895,
gold,101,
gold,102,580,581,582,583,632,633,634,635,656,657,658,659,680,681,682,683,704,705,706,707,728,729,730,731,752,753,754,755,776,777,778,779,
gold,102,
gold,103,422,423,424,425,426,427,428,429,430,431,432,433,434,435,580,581,582,583,632,633,634,635,656,657,658,659,680,681,682,683,704,705,706,707,728,729,730,731,752,753,754,755,776,777,778,779,896,897,898,899,
gold,103,
gold,104,584,585,586,587,636,637,638,639,660,661,662,663,684,685,686,687,708,709,710,711,732,733,734,735,756,757,758,759,780,781,782,783,
gold,104,
gold,105,436,437,438,439,440,441,442,443,444,445,446,447,448,449,584,585,586,587,636,637,638,639,660,661,662,663,684,685,686,687,708,709,710,711,732,733,734,735,756,757,758,759,780,781,782,783,900,901,902,903,
gold,105,
gold,106,784,785,786,787,788,789,790,791,792,793,794,795,796,797,798,799,800,801,802,803,804,805,806,807,808,809,810,811,812,813,814,815,816,817,818,819,820,821,822,823,824,825,826,827,828,829,830,831,
gold,106,
gold,107,364,365,784,785,786,787,788,789,790,791,792,793,794,795,796,797,798,799,800,801,802,803,804,805,806,807,808,809,810,811,812,813,814,815,816,817,818,819,820,821,822,823,824,825,826,827,828,829,830,831,
gold,107,
gold,108,832,833,834,835,836,837,838,839,840,841,842,843,844,845,846,847,848,849,850,851,852,853,854,855,856,857,858,859,860,861,862,863,864,865,866,867,868,869,870,871,872,873,874,875,876,877,878,879,904,905,906,907,908,909,910,911,912,913,
gold,108,
gold,109,450,453,456,459,462,465,468,471,474,477,784,786,788,790,792,794,796,798,800,802,804,806,808,810,812,814,816,818,820,822,824,826,828,830,832,834,836,838,840,842,844,846,848,850,852,854,856,858,860,862,864,866,868,870,872,874,876,878,
gold,109,451,454,457,460,463,466,469,472,475,478,616,618,620,622,624,626,628,630,632,634,636,638,640,642,644,646,648,650,652,654,656,658,660,662,664,666,668,670,672,674,676,678,680,682,684,686,688,690,692,694,696,698,700,702,704,706,708,710,712,714,716,718,720,722,724,726,728,730,732,734,736,738,740,742,744,746,748,750,752,754,756,758,760,762,764,766,768,770,772,774,776,778,780,782,785,787,789,791,793,795,797,799,801,803,805,807,809,811,813,815,817,819,821,823,825,827,829,831,833,835,837,839,841,843,845,847,849,851,853,855,857,859,861,863,865,867,869,871,873,875,877,879,
gold,109,452,455,458,461,464,467,470,473,476,479,617,619,621,623,625,627,629,631,633,635,637,639,641,643,645,647,649,651,653,655,657,659,661,663,665,667,669,671,673,675,677,679,681,683,685,687,689,691,693,695,697,699,701,703,705,707,709,711,713,715,717,719,721,723,725,727,729,731,733,735,737,739,741,743,745,747,749,751,753,755,757,759,761,763,765,767,769,771,773,775,777,779,781,783,
gold,110,736,737,738,739,740,741,742,743,744,745,746,747,748,749,750,751,752,753,754,755,756,757,758,759,904,905,906,907,908,909,910,911,912,913,
gold,110,
gold,111,760,761,762,763,764,765,766,767,768,769,770,771,772,773,774,775,776,777,778,779,780,781,782,783,904,905,906,907,908,909,910,911,912,913,
gold,111,
red,112,483,525,
gold,112,
red,113,487,529,
gold,113,
red,114,495,537,
gold,114,
red,115,503,545,
gold,115,
red,116,512,554,
gold,116,
lightskyblue,341,
lightskyblue,341,
lightskyblue,317,208,
lightskyblue,317,208,
lightskyblue,317,220,
lightskyblue,317,220,
lightskyblue,317,232,
lightskyblue,317,232,
lightskyblue,317,244,
lightskyblue,317,244,
lightskyblue,317,256,
lightskyblue,317,256,
lightskyblue,317,280,
lightskyblue,317,280,
lightskyblue,317,282,
lightskyblue,317,282,
lightskyblue,321,210,
lightskyblue,321,210,
lightskyblue,321,222,
lightskyblue,321,222,
lightskyblue,321,234,
lightskyblue,321,234,
lightskyblue,321,246,
lightskyblue,321,246,
lightskyblue,321,258,
lightskyblue,321,258,
lightskyblue,321,284,
lightskyblue,321,284,
lightskyblue,321,286,
lightskyblue,321,286,
lightskyblue,325,212,
lightskyblue,325,212,
lightskyblue,325,224,
lightskyblue,325,224,
lightskyblue,325,236,
lightskyblue,325,236,
lightskyblue,325,248,
lightskyblue,325,248,
lightskyblue,325,260,
lightskyblue,325,260,
lightskyblue,325,288,
lightskyblue,325,288,
lightskyblue,325,290,
lightskyblue,325,290,
lightskyblue,329,214,
lightskyblue,329,214,
lightskyblue,329,226,
lightskyblue,329,226,
lightskyblue,329,238,
lightskyblue,329,238,
lightskyblue,329,250,
lightskyblue,329,250,
lightskyblue,329,262,
lightskyblue,329,262,
lightskyblue,329,268,
lightskyblue,329,268,
lightskyblue,329,270,
lightskyblue,329,270,
lightskyblue,333,216,
lightskyblue,333,216,
lightskyblue,333,228,
lightskyblue,333,228,
lightskyblue,333,240,
lightskyblue,333,240,
lightskyblue,333,252,
lightskyblue,333,252,
lightskyblue,333,264,
lightskyblue,333,264,
lightskyblue,333,272,
lightskyblue,333,272,
lightskyblue,333,274,
lightskyblue,333,274,
lightskyblue,337,218,
lightskyblue,337,218,
lightskyblue,337,230,
lightskyblue,337,230,
lightskyblue,337,242,
lightskyblue,337,242,
lightskyblue,337,254,
lightskyblue,337,254,
lightskyblue,337,266,
lightskyblue,337,266,
lightskyblue,337,276,
lightskyblue,337,276,
lightskyblue,337,278,
lightskyblue,337,278,
lightskyblue,148,343,316,
lightskyblue,148,343,316,347,
lightskyblue,148,343,316,347,
lightskyblue,160,343,316,
lightskyblue,160,343,316,347,
lightskyblue,160,343,316,347,
lightskyblue,172,343,316,
lightskyblue,172,343,316,347,
lightskyblue,172,343,316,347,
lightskyblue,184,343,316,
lightskyblue,184,343,316,347,
lightskyblue,184,343,316,347,
lightskyblue,196,343,316,
lightskyblue,196,343,316,347,
lightskyblue,196,343,316,347,
lightskyblue,148,343,316,
lightskyblue,148,343,316,347,
lightskyblue,148,343,316,347,
lightskyblue,160,343,316,
lightskyblue,160,343,316,347,
lightskyblue,160,343,316,347,
lightskyblue,172,343,316,
lightskyblue,172,343,316,347,
lightskyblue,172,343,316,347,
lightskyblue,184,343,316,
lightskyblue,184,343,316,347,
lightskyblue,184,343,316,347,
lightskyblue,196,343,316,
lightskyblue,196,343,316,347,
lightskyblue,196,343,316,347,
lightskyblue,150,319,
lightskyblue,162,319,
lightskyblue,174,319,
lightskyblue,355,319,
lightskyblue,198,319,
lightskyblue,304,319,
lightskyblue,306,319,
lightskyblue,357,323,
lightskyblue,164,323,
lightskyblue,176,323,
lightskyblue,186,323,
lightskyblue,200,323,
lightskyblue,308,323,
lightskyblue,310,323,
lightskyblue,152,327,
lightskyblue,359,327,
lightskyblue,178,327,
lightskyblue,188,327,
lightskyblue,202,327,
lightskyblue,312,327,
lightskyblue,314,327,
lightskyblue,154,331,
lightskyblue,166,331,
lightskyblue,361,331,
lightskyblue,190,331,
lightskyblue,204,331,
lightskyblue,292,331,
lightskyblue,294,331,
lightskyblue,156,335,
lightskyblue,168,335,
lightskyblue,180,335,
lightskyblue,192,335,
lightskyblue,363,335,
lightskyblue,296,335,
lightskyblue,298,335,
lightskyblue,158,339,
lightskyblue,170,339,
lightskyblue,182,339,
lightskyblue,194,339,
lightskyblue,206,339,
lightskyblue,300,339,
lightskyblue,302,339,
lightskyblue,150,319,
lightskyblue,162,319,
lightskyblue,174,319,
lightskyblue,355,319,
lightskyblue,198,319,
lightskyblue,304,319,
lightskyblue,306,319,
lightskyblue,357,323,
lightskyblue,164,323,
lightskyblue,176,323,
lightskyblue,186,323,
lightskyblue,200,323,
lightskyblue,308,323,
lightskyblue,310,323,
lightskyblue,152,327,
lightskyblue,359,327,
lightskyblue,178,327,
lightskyblue,188,327,
lightskyblue,202,327,
lightskyblue,312,327,
lightskyblue,314,327,
lightskyblue,154,331,
lightskyblue,166,331,
lightskyblue,361,331,
lightskyblue,190,331,
lightskyblue,204,331,
lightskyblue,292,331,
lightskyblue,294,331,
lightskyblue,156,335,
lightskyblue,168,335,
lightskyblue,180,335,
lightskyblue,192,335,
lightskyblue,363,335,
lightskyblue,296,335,
lightskyblue,298,335,
lightskyblue,158,339,
lightskyblue,170,339,
lightskyblue,182,339,
lightskyblue,194,339,
lightskyblue,206,339,
lightskyblue,300,339,
lightskyblue,302,339,
lightskyblue,318,303,320,279,
lightskyblue,318,303,320,279,
lightskyblue,318,305,320,281,
lightskyblue,318,305,320,281,
lightskyblue,322,307,324,283,
lightskyblue,322,307,324,283,
lightskyblue,322,309,324,285,
lightskyblue,322,309,324,285,
lightskyblue,326,311,328,287,
lightskyblue,326,311,328,287,
lightskyblue,326,313,328,289,
lightskyblue,326,313,328,289,
lightskyblue,330,291,332,267,
lightskyblue,330,291,332,267,
lightskyblue,330,293,332,269,
lightskyblue,330,293,332,269,
lightskyblue,334,295,336,271,
lightskyblue,334,295,336,271,
lightskyblue,334,297,336,273,
lightskyblue,334,297,336,273,
lightskyblue,338,299,340,275,
lightskyblue,338,299,340,275,
lightskyblue,338,301,340,277,
lightskyblue,338,301,340,277,
lightskyblue,126,118,
lightskyblue,127,120,
lightskyblue,128,122,
lightskyblue,129,124,
lightskyblue,130,134,
lightskyblue,131,136,
lightskyblue,132,146,
lightskyblue,138,118,
lightskyblue,139,120,
lightskyblue,140,122,
lightskyblue,141,124,
lightskyblue,142,134,
lightskyblue,143,136,
lightskyblue,144,146,
lightskyblue,125,117,
lightskyblue,125,119,
lightskyblue,125,121,
lightskyblue,125,123,
lightskyblue,125,133,
lightskyblue,125,135,
lightskyblue,125,145,
lightskyblue,137,117,
lightskyblue,137,119,
lightskyblue,137,121,
lightskyblue,137,123,
lightskyblue,137,133,
lightskyblue,137,135,
lightskyblue,137,145,
lightskyblue,318,149,320,347,207,
lightskyblue,318,149,320,348,207,
lightskyblue,318,149,320,347,207,
lightskyblue,318,149,320,348,207,
lightskyblue,322,356,324,347,209,
lightskyblue,322,356,324,348,209,
lightskyblue,322,356,324,347,209,
lightskyblue,322,356,324,348,209,
lightskyblue,326,151,328,347,211,
lightskyblue,326,151,328,348,211,
lightskyblue,326,151,328,347,211,
lightskyblue,326,151,328,348,211,
lightskyblue,330,153,332,347,213,
lightskyblue,330,153,332,348,213,
lightskyblue,330,153,332,347,213,
lightskyblue,330,153,332,348,213,
lightskyblue,334,155,336,347,215,
lightskyblue,334,155,336,348,215,
lightskyblue,334,155,336,347,215,
lightskyblue,334,155,336,348,215,
lightskyblue,338,157,340,347,217,
lightskyblue,338,157,340,348,217,
lightskyblue,338,157,340,347,217,
lightskyblue,338,157,340,348,217,
lightskyblue,318,161,320,347,219,
lightskyblue,318,161,320,348,219,
lightskyblue,318,161,320,347,219,
lightskyblue,318,161,320,348,219,
lightskyblue,322,163,324,347,221,
lightskyblue,322,163,324,348,221,
lightskyblue,322,163,324,347,221,
lightskyblue,322,163,324,348,221,
lightskyblue,326,358,328,347,223,
lightskyblue,326,358,328,348,223,
lightskyblue,326,358,328,347,223,
lightskyblue,326,358,328,348,223,
lightskyblue,330,165,332,347,225,
lightskyblue,330,165,332,348,225,
lightskyblue,330,165,332,347,225,
lightskyblue,330,165,332,348,225,
lightskyblue,334,167,336,347,227,
lightskyblue,334,167,336,348,227,
lightskyblue,334,167,336,347,227,
lightskyblue,334,167,336,348,227,
lightskyblue,338,169,340,347,229,
lightskyblue,338,169,340,348,229,
lightskyblue,338,169,340,347,229,
lightskyblue,338,169,340,348,229,
lightskyblue,318,173,320,347,231,
lightskyblue,318,173,320,348,231,
lightskyblue,318,173,320,347,231,
lightskyblue,318,173,320,348,231,
lightskyblue,322,175,324,347,233,
lightskyblue,322,175,324,348,233,
lightskyblue,322,175,324,347,233,
lightskyblue,322,175,324,348,233,
lightskyblue,326,177,328,347,235,
lightskyblue,326,177,328,348,235,
lightskyblue,326,177,328,347,235,
lightskyblue,326,177,328,348,235,
lightskyblue,330,360,332,347,237,
lightskyblue,330,360,332,348,237,
lightskyblue,330,360,332,347,237,
lightskyblue,330,360,332,348,237,
lightskyblue,334,179,336,347,239,
lightskyblue,334,179,336,348,239,
lightskyblue,334,179,336,347,239,
lightskyblue,334,179,336,348,239,
lightskyblue,338,181,340,347,241,
lightskyblue,338,181,340,348,241,
lightskyblue,338,181,340,347,241,
lightskyblue,338,181,340,348,241,
lightskyblue,318,354,320,347,243,
lightskyblue,318,354,320,348,243,
lightskyblue,318,354,320,347,243,
lightskyblue,318,354,320,348,243,
lightskyblue,322,185,324,347,245,
lightskyblue,322,185,324,348,245,
lightskyblue,322,185,324,347,245,
lightskyblue,322,185,324,348,245,
lightskyblue,326,187,328,347,247,
lightskyblue,326,187,328,348,247,
lightskyblue,326,187,328,347,247,
lightskyblue,326,187,328,348,247,
lightskyblue,330,189,332,347,249,
lightskyblue,330,189,332,348,249,
lightskyblue,330,189,332,347,249,
lightskyblue,330,189,332,348,249,
lightskyblue,334,191,336,347,251,
lightskyblue,334,191,336,348,251,
lightskyblue,334,191,336,347,251,
lightskyblue,334,191,336,348,251,
lightskyblue,338,193,340,347,253,
lightskyblue,338,193,340,348,253,
lightskyblue,338,193,340,347,253,
lightskyblue,338,193,340,348,253,
lightskyblue,318,197,320,347,255,
lightskyblue,318,197,320,348,255,
lightskyblue,318,197,320,347,255,
lightskyblue,318,197,320,348,255,
lightskyblue,322,199,324,347,257,
lightskyblue,322,199,324,348,257,
lightskyblue,322,199,324,347,257,
lightskyblue,322,199,324,348,257,
lightskyblue,326,201,328,347,259,
lightskyblue,326,201,328,348,259,
lightskyblue,326,201,328,347,259,
lightskyblue,326,201,328,348,259,
lightskyblue,330,203,332,347,261,
lightskyblue,330,203,332,348,261,
lightskyblue,330,203,332,347,261,
lightskyblue,330,203,332,348,261,
lightskyblue,334,362,336,347,263,
lightskyblue,334,362,336,348,263,
lightskyblue,334,362,336,347,263,
lightskyblue,334,362,336,348,263,
lightskyblue,338,205,340,347,265,
lightskyblue,338,205,340,348,265,
lightskyblue,338,205,340,347,265,
lightskyblue,338,205,340,348,265,
lightskyblue,318,303,320,347,279,
lightskyblue,318,303,320,348,279,
lightskyblue,318,303,320,347,279,
lightskyblue,318,303,320,348,279,
lightskyblue,322,307,324,347,283,
lightskyblue,322,307,324,348,283,
lightskyblue,322,307,324,347,283,
lightskyblue,322,307,324,348,283,
lightskyblue,326,311,328,347,287,
lightskyblue,326,311,328,348,287,
lightskyblue,326,311,328,347,287,
lightskyblue,326,311,328,348,287,
lightskyblue,330,291,332,347,267,
lightskyblue,330,291,332,348,267,
lightskyblue,330,291,332,347,267,
lightskyblue,330,291,332,348,267,
lightskyblue,334,295,336,347,271,
lightskyblue,334,295,336,348,271,
lightskyblue,334,295,336,347,271,
lightskyblue,334,295,336,348,271,
lightskyblue,338,299,340,347,275,
lightskyblue,338,299,340,348,275,
lightskyblue,338,299,340,347,275,
lightskyblue,338,299,340,348,275,
lightskyblue,318,305,320,347,281,
lightskyblue,318,305,320,348,281,
lightskyblue,318,305,320,347,281,
lightskyblue,318,305,320,348,281,
lightskyblue,322,309,324,347,285,
lightskyblue,322,309,324,348,285,
lightskyblue,322,309,324,347,285,
lightskyblue,322,309,324,348,285,
lightskyblue,326,313,328,347,289,
lightskyblue,326,313,328,348,289,
lightskyblue,326,313,328,347,289,
lightskyblue,326,313,328,348,289,
lightskyblue,330,293,332,347,269,
lightskyblue,330,293,332,348,269,
lightskyblue,330,293,332,347,269,
lightskyblue,330,293,332,348,269,
lightskyblue,334,297,336,347,273,
lightskyblue,334,297,336,348,273,
lightskyblue,334,297,336,347,273,
lightskyblue,334,297,336,348,273,
lightskyblue,338,301,340,347,277,
lightskyblue,338,301,340,348,277,
lightskyblue,338,301,340,347,277,
lightskyblue,338,301,340,348,277,
lightskyblue,342,350,304,344,319,348,345,
lightskyblue,342,350,304,344,319,349,345,
lightskyblue,342,350,304,344,319,348,345,
lightskyblue,342,350,304,344,319,349,345,
lightskyblue,342,352,306,344,319,348,345,
lightskyblue,342,352,306,344,319,349,345,
lightskyblue,342,352,306,344,319,348,345,
lightskyblue,342,352,306,344,319,349,345,
lightskyblue,342,350,308,344,323,348,345,
lightskyblue,342,350,308,344,323,349,345,
lightskyblue,342,350,308,344,323,348,345,
lightskyblue,342,350,308,344,323,349,345,
lightskyblue,342,352,310,344,323,348,345,
lightskyblue,342,352,310,344,323,349,345,
lightskyblue,342,352,310,344,323,348,345,
lightskyblue,342,352,310,344,323,349,345,
lightskyblue,342,350,312,344,327,348,345,
lightskyblue,342,350,312,344,327,349,345,
lightskyblue,342,350,312,344,327,348,345,
lightskyblue,342,350,312,344,327,349,345,
lightskyblue,342,352,314,344,327,348,345,
lightskyblue,342,352,314,344,327,349,345,
lightskyblue,342,352,314,344,327,348,345,
lightskyblue,342,352,314,344,327,349,345,
lightskyblue,342,350,292,344,331,348,345,
lightskyblue,342,350,292,344,331,349,345,
lightskyblue,342,350,292,344,331,348,345,
lightskyblue,342,350,292,344,331,349,345,
lightskyblue,342,352,294,344,331,348,345,
lightskyblue,342,352,294,344,331,349,345,
lightskyblue,342,352,294,344,331,348,345,
lightskyblue,342,352,294,344,331,349,345,
lightskyblue,342,350,296,344,335,348,345,
lightskyblue,342,350,296,344,335,349,345,
lightskyblue,342,350,296,344,335,348,345,
lightskyblue,342,350,296,344,335,349,345,
lightskyblue,342,352,298,344,335,348,345,
lightskyblue,342,352,298,344,335,349,345,
lightskyblue,342,352,298,344,335,348,345,
lightskyblue,342,352,298,344,335,349,345,
lightskyblue,342,350,300,344,339,348,345,
lightskyblue,342,350,300,344,339,349,345,
lightskyblue,342,350,300,344,339,348,345,
lightskyblue,342,350,300,344,339,349,345,
lightskyblue,342,352,302,344,339,348,345,
lightskyblue,342,352,302,344,339,349,345,
lightskyblue,342,352,302,344,339,348,345,
lightskyblue,342,352,302,344,339,349,345,
lightskyblue,350,304,319,348,
lightskyblue,350,304,319,349,
lightskyblue,350,304,319,348,
lightskyblue,350,304,319,349,
lightskyblue,352,306,319,348,
lightskyblue,352,306,319,349,
lightskyblue,352,306,319,348,
lightskyblue,352,306,319,349,
lightskyblue,350,308,323,348,
lightskyblue,350,308,323,349,
lightskyblue,350,308,323,348,
lightskyblue,350,308,323,349,
lightskyblue,352,310,323,348,
lightskyblue,352,310,323,349,
lightskyblue,352,310,323,348,
lightskyblue,352,310,323,349,
lightskyblue,350,312,327,348,
lightskyblue,350,312,327,349,
lightskyblue,350,312,327,348,
lightskyblue,350,312,327,349,
lightskyblue,352,314,327,348,
lightskyblue,352,314,327,349,
lightskyblue,352,314,327,348,
lightskyblue,352,314,327,349,
lightskyblue,350,292,331,348,
lightskyblue,350,292,331,349,
lightskyblue,350,292,331,348,
lightskyblue,350,292,331,349,
lightskyblue,352,294,331,348,
lightskyblue,352,294,331,349,
lightskyblue,352,294,331,348,
lightskyblue,352,294,331,349,
lightskyblue,350,296,335,348,
lightskyblue,350,296,335,349,
lightskyblue,350,296,335,348,
lightskyblue,350,296,335,349,
lightskyblue,352,298,335,348,
lightskyblue,352,298,335,349,
lightskyblue,352,298,335,348,
lightskyblue,352,298,335,349,
lightskyblue,350,300,339,348,
lightskyblue,350,300,339,349,
lightskyblue,350,300,339,348,
lightskyblue,350,300,339,349,
lightskyblue,352,302,339,348,
lightskyblue,352,302,339,349,
lightskyblue,352,302,339,348,
lightskyblue,352,302,339,349,
lightskyblue,303,320,
lightskyblue,303,320,
lightskyblue,305,320,
lightskyblue,305,320,
lightskyblue,307,324,
lightskyblue,307,324,
lightskyblue,309,324,
lightskyblue,309,324,
lightskyblue,311,328,
lightskyblue,311,328,
lightskyblue,313,328,
lightskyblue,313,328,
lightskyblue,291,332,
lightskyblue,291,332,
lightskyblue,293,332,
lightskyblue,293,332,
lightskyblue,295,336,
lightskyblue,295,336,
lightskyblue,297,336,
lightskyblue,297,336,
lightskyblue,299,340,
lightskyblue,299,340,
lightskyblue,301,340,
lightskyblue,301,340,
lightskyblue,147,351,353,315,346,
lightskyblue,147,351,353,315,346,
lightskyblue,159,351,353,315,346,
lightskyblue,159,351,353,315,346,
lightskyblue,171,351,353,315,346,
lightskyblue,171,351,353,315,346,
lightskyblue,183,351,353,315,346,
lightskyblue,183,351,353,315,346,
lightskyblue,195,351,353,315,346,
lightskyblue,195,351,353,315,346,
