green,
green,
green,
green,
green,
green,
green,
green,
green,
green,
green,
green,
green,
green,
green,
green,
green,
green,
green,
green,
green,
green,
green,
green,
green,
green,
green,
green,
green,
green,
green,
green,
green,
green,
green,
green,
green,
green,
green,
green,
green,
green,
green,
green,
green,
green,
green,
green,
green,
green,
green,
green,
green,
green,
green,
green,
green,
green,
green,
green,
green,
green,
green,
green,
green,
green,
green,
green,
green,
green,
green,
green,
green,
green,
green,
green,
green,
green,
green,
green,
green,
green,
green,
green,
green,
green,
green,
green,
green,
green,
green,
green,
green,
green,
green,
green,
green,
green,
green,
green,
green,
green,
green,
green,
green,
green,
green,
green,
green,
green,
green,
green,
green,
green,
green,
green,
green,
green,
green,
green,
green,
green,
green,
green,
green,
green,
green,
green,
green,
green,
green,
green,
green,
green,
green,
green,
green,
green,
green,
green,
green,
green,
green,
green,
green,
green,
green,
green,
green,
green,
green,
green,
green,
green,
green,
green,
green,
green,
green,
green,
green,
green,
green,
green,
green,
green,
green,
green,
green,
green,
green,
green,
green,
green,
green,
green,
green,
green,
green,
green,
green,
green,
green,
green,
green,
green,
green,
green,
green,
green,
green,
green,
green,
green,
green,
green,
green,
green,
green,
green,
green,
green,
green,
green,
green,
green,
green,
green,
green,
green,
green,
green,
green,
green,
green,
green,
green,
green,
green,
green,
green,
green,
green,
green,
green,
green,
green,
green,
green,
green,
green,
green,
green,
green,
green,
green,
green,
green,
green,
green,
green,
green,
green,
green,
gold,0,1227,1240,
gold,0,
gold,1,1228,1241,
gold,1,
gold,2,1229,1242,
gold,2,
gold,3,1230,1243,
gold,3,
gold,4,1231,1244,
gold,4,
gold,5,1232,1245,
gold,5,
gold,6,1233,1246,
gold,6,
gold,7,1234,1247,
gold,7,
gold,8,1235,1248,
gold,8,
gold,9,1236,1249,
gold,9,
gold,10,758,760,762,764,766,768,770,772,774,776,778,780,782,784,786,788,790,792,794,796,798,800,802,804,806,808,810,812,814,816,818,820,822,824,826,828,830,832,834,836,838,840,842,844,846,848,850,852,854,856,858,860,862,864,866,868,870,872,874,876,878,880,882,884,886,888,890,892,894,896,898,900,902,904,906,908,910,912,914,916,918,920,922,924,926,928,930,932,934,936,938,940,942,944,946,948,950,1180,1182,1184,1186,1188,1190,1192,1194,1196,1198,1200,1202,1204,1206,1208,1210,1212,1214,1216,1218,1220,1222,1224,1226,1227,1228,1229,1230,1231,1232,1233,1234,1235,1236,1237,1238,1239,1856,1858,1860,1862,1864,1866,1868,1870,1872,1874,1876,1878,1880,1882,1884,1886,1888,1890,1892,1894,1896,1898,1900,1902,1904,1906,1908,1910,1912,1914,
gold,10,757,951,952,953,954,955,956,957,958,959,960,961,962,963,964,965,966,967,968,1253,1279,1280,1283,1284,1287,1288,1291,1292,1295,1296,1299,1300,1303,1304,1307,1308,1311,1312,1315,1316,1319,1320,1323,1324,1327,1328,1331,1332,1335,1336,1339,1340,1343,1344,1347,1348,1351,1352,1355,1356,1359,1360,1363,1364,1367,1368,1371,1372,1375,1376,1379,1380,1383,1384,1387,1388,1391,1392,1395,1396,1399,1400,1403,1404,1407,1408,1411,1412,1415,1416,1419,1420,1423,1424,1427,1428,1431,1432,1435,1436,1439,1440,1443,1444,1447,1448,1451,1452,1455,1456,1459,1460,1463,1464,1467,1468,1471,1472,1475,1476,1479,1480,1483,1484,1487,1488,1491,1492,1495,1496,1499,1500,1503,1504,1507,1508,1511,1512,1515,1516,1519,1520,1523,1524,1527,1528,1531,1532,1535,1536,1539,1540,1543,1544,1547,1548,1551,1552,1555,1556,1559,1560,1563,1564,1567,1568,1571,1572,1575,1576,1579,1580,1583,1584,1587,1588,1591,1592,1595,1596,1599,1600,1603,1604,1607,1608,1611,1612,1615,1616,1619,1620,1623,1624,1627,1628,1631,1632,1635,1636,1639,1640,1643,1644,1647,1648,1651,1652,1655,1656,1659,1660,1903,1905,1907,1909,1911,1913,
gold,10,759,761,763,765,767,769,771,773,987,988,989,990,991,992,993,994,1179,1181,1254,1663,1664,1667,1668,1759,1760,1763,1764,1855,1857,
gold,10,775,777,779,781,783,785,787,789,995,996,997,998,999,1000,1001,1002,1183,1185,1255,1671,1672,1675,1676,1767,1768,1771,1772,1859,1861,
gold,10,791,793,795,797,799,801,803,805,1003,1004,1005,1006,1007,1008,1009,1010,1187,1189,1256,1679,1680,1683,1684,1775,1776,1779,1780,1863,1865,
gold,10,807,809,811,813,815,817,819,821,1011,1012,1013,1014,1015,1016,1017,1018,1191,1193,1257,1687,1688,1691,1692,1783,1784,1787,1788,1867,1869,
gold,10,823,825,827,829,831,833,835,837,1019,1020,1021,1022,1023,1024,1025,1026,1195,1197,1258,1695,1696,1699,1700,1791,1792,1795,1796,1871,1873,
gold,10,839,841,843,845,847,849,851,853,1027,1028,1029,1030,1031,1032,1033,1034,1199,1201,1259,1703,1704,1707,1708,1799,1800,1803,1804,1875,1877,
gold,10,855,857,859,861,863,865,867,869,1035,1036,1037,1038,1039,1040,1041,1042,1203,1205,1260,1711,1712,1715,1716,1807,1808,1811,1812,1879,1881,
gold,10,871,873,875,877,879,881,883,885,1043,1044,1045,1046,1047,1048,1049,1050,1207,1209,1261,1719,1720,1723,1724,1815,1816,1819,1820,1883,1885,
gold,10,887,889,891,893,895,897,899,901,1051,1052,1053,1054,1055,1056,1057,1058,1211,1213,1262,1727,1728,1731,1732,1823,1824,1827,1828,1887,1889,
gold,10,903,905,907,909,911,913,915,917,1059,1060,1061,1062,1063,1064,1065,1066,1215,1217,1263,1735,1736,1739,1740,1831,1832,1835,1836,1891,1893,
gold,10,919,921,923,925,927,929,931,933,1067,1068,1069,1070,1071,1072,1073,1074,1219,1221,1264,1743,1744,1747,1748,1839,1840,1843,1844,1895,1897,
gold,10,935,937,939,941,943,945,947,949,1075,1076,1077,1078,1079,1080,1081,1082,1223,1225,1265,1751,1752,1755,1756,1847,1848,1851,1852,1899,1901,
gold,11,1237,1250,
gold,11,
gold,12,1238,1251,
gold,12,
gold,13,757,759,761,763,765,767,769,771,773,775,777,779,781,783,785,787,789,791,793,795,797,799,801,803,805,807,809,811,813,815,817,819,821,823,825,827,829,831,833,835,837,839,841,843,845,847,849,851,853,855,857,859,861,863,865,867,869,871,873,875,877,879,881,883,885,887,889,891,893,895,897,899,901,903,905,907,909,911,913,915,917,919,921,923,925,927,929,931,933,935,937,939,941,943,945,947,949,1179,1181,1183,1185,1187,1189,1191,1193,1195,1197,1199,1201,1203,1205,1207,1209,1211,1213,1215,1217,1219,1221,1223,1225,1240,1241,1242,1243,1244,1245,1246,1247,1248,1249,1250,1251,1252,1855,1857,1859,1861,1863,1865,1867,1869,1871,1873,1875,1877,1879,1881,1883,1885,1887,1889,1891,1893,1895,1897,1899,1901,1903,1905,1907,1909,1911,1913,
gold,13,758,969,970,971,972,973,974,975,976,977,978,979,980,981,982,983,984,985,986,1266,1281,1282,1285,1286,1289,1290,1293,1294,1297,1298,1301,1302,1305,1306,1309,1310,1313,1314,1317,1318,1321,1322,1325,1326,1329,1330,1333,1334,1337,1338,1341,1342,1345,1346,1349,1350,1353,1354,1357,1358,1361,1362,1365,1366,1369,1370,1373,1374,1377,1378,1381,1382,1385,1386,1389,1390,1393,1394,1397,1398,1401,1402,1405,1406,1409,1410,1413,1414,1417,1418,1421,1422,1425,1426,1429,1430,1433,1434,1437,1438,1441,1442,1445,1446,1449,1450,1453,1454,1457,1458,1461,1462,1465,1466,1469,1470,1473,1474,1477,1478,1481,1482,1485,1486,1489,1490,1493,1494,1497,1498,1501,1502,1505,1506,1509,1510,1513,1514,1517,1518,1521,1522,1525,1526,1529,1530,1533,1534,1537,1538,1541,1542,1545,1546,1549,1550,1553,1554,1557,1558,1561,1562,1565,1566,1569,1570,1573,1574,1577,1578,1581,1582,1585,1586,1589,1590,1593,1594,1597,1598,1601,1602,1605,1606,1609,1610,1613,1614,1617,1618,1621,1622,1625,1626,1629,1630,1633,1634,1637,1638,1641,1642,1645,1646,1649,1650,1653,1654,1657,1658,1661,1662,1904,1906,1908,1910,1912,1914,
gold,13,760,762,764,766,768,770,772,774,1083,1084,1085,1086,1087,1088,1089,1090,1180,1182,1267,1665,1666,1669,1670,1761,1762,1765,1766,1856,1858,
gold,13,776,778,780,782,784,786,788,790,1091,1092,1093,1094,1095,1096,1097,1098,1184,1186,1268,1673,1674,1677,1678,1769,1770,1773,1774,1860,1862,
gold,13,792,794,796,798,800,802,804,806,1099,1100,1101,1102,1103,1104,1105,1106,1188,1190,1269,1681,1682,1685,1686,1777,1778,1781,1782,1864,1866,
gold,13,808,810,812,814,816,818,820,822,1107,1108,1109,1110,1111,1112,1113,1114,1192,1194,1270,1689,1690,1693,1694,1785,1786,1789,1790,1868,1870,
gold,13,824,826,828,830,832,834,836,838,1115,1116,1117,1118,1119,1120,1121,1122,1196,1198,1271,1697,1698,1701,1702,1793,1794,1797,1798,1872,1874,
gold,13,840,842,844,846,848,850,852,854,1123,1124,1125,1126,1127,1128,1129,1130,1200,1202,1272,1705,1706,1709,1710,1801,1802,1805,1806,1876,1878,
gold,13,856,858,860,862,864,866,868,870,1131,1132,1133,1134,1135,1136,1137,1138,1204,1206,1273,1713,1714,1717,1718,1809,1810,1813,1814,1880,1882,
gold,13,872,874,876,878,880,882,884,886,1139,1140,1141,1142,1143,1144,1145,1146,1208,1210,1274,1721,1722,1725,1726,1817,1818,1821,1822,1884,1886,
gold,13,888,890,892,894,896,898,900,902,1147,1148,1149,1150,1151,1152,1153,1154,1212,1214,1275,1729,1730,1733,1734,1825,1826,1829,1830,1888,1890,
gold,13,904,906,908,910,912,914,916,918,1155,1156,1157,1158,1159,1160,1161,1162,1216,1218,1276,1737,1738,1741,1742,1833,1834,1837,1838,1892,1894,
gold,13,920,922,924,926,928,930,932,934,1163,1164,1165,1166,1167,1168,1169,1170,1220,1222,1277,1745,1746,1749,1750,1841,1842,1845,1846,1896,1898,
gold,13,936,938,940,942,944,946,948,950,1171,1172,1173,1174,1175,1176,1177,1178,1224,1226,1278,1753,1754,1757,1758,1849,1850,1853,1854,1900,1902,
gold,14,1239,1252,
gold,14,
gold,15,951,952,953,969,970,971,1279,1280,1281,1282,1283,1284,1285,1286,1287,1288,1289,1290,1291,1292,1293,1294,1295,1296,1297,1298,1299,1300,1301,1302,1303,1304,1305,1306,1307,1308,1309,1310,1311,1312,1313,1314,1315,1316,1317,1318,1319,1320,1321,1322,1323,1324,1325,1326,
gold,15,
gold,16,987,1083,
gold,16,
gold,17,995,1091,
gold,17,
gold,18,1003,1099,
gold,18,
gold,19,1011,1107,
gold,19,
gold,20,1019,1115,
gold,20,
gold,21,1027,1123,
gold,21,
gold,22,1035,1131,
gold,22,
gold,23,1043,1139,
gold,23,
gold,24,1059,1155,
gold,24,
gold,25,1067,1163,
gold,25,
gold,26,1075,1171,
gold,26,
gold,27,954,955,956,972,973,974,1327,1328,1329,1330,1331,1332,1333,1334,1335,1336,1337,1338,1339,1340,1341,1342,1343,1344,1345,1346,1347,1348,1349,1350,1351,1352,1353,1354,1355,1356,1357,1358,1359,1360,1361,1362,1363,1364,1365,1366,1367,1368,1369,1370,1371,1372,1373,1374,
gold,27,
gold,28,988,1084,
gold,28,
gold,29,996,1092,
gold,29,
gold,30,1004,1100,
gold,30,
gold,31,1012,1108,
gold,31,
gold,32,1020,1116,
gold,32,
gold,33,1028,1124,
gold,33,
gold,34,1036,1132,
gold,34,
gold,35,1052,1148,
gold,35,
gold,36,1060,1156,
gold,36,
gold,37,1068,1164,
gold,37,
gold,38,1076,1172,
gold,38,
gold,39,957,958,959,975,976,977,1375,1376,1377,1378,1379,1380,1381,1382,1383,1384,1385,1386,1387,1388,1389,1390,1391,1392,1393,1394,1395,1396,1397,1398,1399,1400,1401,1402,1403,1404,1405,1406,1407,1408,1409,1410,1411,1412,1413,1414,1415,1416,1417,1418,1419,1420,1421,1422,
gold,39,
gold,40,989,1085,
gold,40,
gold,41,997,1093,
gold,41,
gold,42,1005,1101,
gold,42,
gold,43,1013,1109,
gold,43,
gold,44,1021,1117,
gold,44,
gold,45,1037,1133,
gold,45,
gold,46,1045,1141,
gold,46,
gold,47,1053,1149,
gold,47,
gold,48,1061,1157,
gold,48,
gold,49,1069,1165,
gold,49,
gold,50,1077,1173,
gold,50,
gold,51,960,961,962,978,979,980,1423,1424,1425,1426,1427,1428,1429,1430,1431,1432,1433,1434,1435,1436,1437,1438,1439,1440,1441,1442,1443,1444,1445,1446,1447,1448,1449,1450,1451,1452,1453,1454,1455,1456,1457,1458,1459,1460,1461,1462,1463,1464,1465,1466,1467,1468,1469,1470,
gold,51,
gold,52,990,1086,
gold,52,
gold,53,998,1094,
gold,53,
gold,54,1006,1102,
gold,54,
gold,55,1014,1110,
gold,55,
gold,56,1022,1118,
gold,56,
gold,57,1030,1126,
gold,57,
gold,58,1046,1142,
gold,58,
gold,59,1054,1150,
gold,59,
gold,60,1062,1158,
gold,60,
gold,61,963,964,965,981,982,983,1471,1472,1473,1474,1475,1476,1477,1478,1479,1480,1481,1482,1483,1484,1485,1486,1487,1488,1489,1490,1491,1492,1493,1494,1495,1496,1497,1498,1499,1500,1501,1502,1503,1504,1505,1506,1507,1508,1509,1510,1511,1512,1513,1514,1515,1516,1517,1518,
gold,61,
gold,62,991,1087,
gold,62,
gold,63,1007,1103,
gold,63,
gold,64,1015,1111,
gold,64,
gold,65,1031,1127,
gold,65,
gold,66,1039,1135,
gold,66,
gold,67,1047,1143,
gold,67,
gold,68,1055,1151,
gold,68,
gold,69,1063,1159,
gold,69,
gold,70,1071,1167,
gold,70,
gold,71,1079,1175,
gold,71,
gold,72,966,967,968,984,985,986,1519,1520,1521,1522,1523,1524,1525,1526,1527,1528,1529,1530,1531,1532,1533,1534,1535,1536,1537,1538,1539,1540,1541,1542,1543,1544,1545,1546,1547,1548,1549,1550,1551,1552,1553,1554,1555,1556,1557,1558,1559,1560,1561,1562,1563,1564,1565,1566,
gold,72,
gold,73,1000,1096,
gold,73,
gold,74,1008,1104,
gold,74,
gold,75,1016,1112,
gold,75,
gold,76,1024,1120,
gold,76,
gold,77,1032,1128,
gold,77,
gold,78,1040,1136,
gold,78,
gold,79,1048,1144,
gold,79,
gold,80,1056,1152,
gold,80,
gold,81,1064,1160,
gold,81,
gold,82,1072,1168,
gold,82,
gold,83,1080,1176,
gold,83,
gold,84,759,760,
gold,84,
gold,85,775,776,
gold,85,
gold,86,791,792,
gold,86,
gold,87,807,808,
gold,87,
gold,88,823,824,
gold,88,
gold,89,839,840,
gold,89,
gold,90,855,856,
gold,90,
gold,91,871,872,
gold,91,
gold,92,887,888,
gold,92,
gold,93,903,904,
gold,93,
gold,94,919,920,
gold,94,
gold,95,935,936,
gold,95,
gold,96,761,762,
gold,96,
gold,97,777,778,
gold,97,
gold,98,793,794,
gold,98,
gold,99,809,810,
gold,99,
gold,100,825,826,
gold,100,
gold,101,841,842,
gold,101,
gold,102,857,858,
gold,102,
gold,103,873,874,
gold,103,
gold,104,889,890,
gold,104,
gold,105,905,906,
gold,105,
gold,106,921,922,
gold,106,
gold,107,937,938,
gold,107,
gold,108,763,764,
gold,108,
gold,109,779,780,
gold,109,
gold,110,795,796,
gold,110,
gold,111,811,812,
gold,111,
gold,112,827,828,
gold,112,
gold,113,843,844,
gold,113,
gold,114,859,860,
gold,114,
gold,115,875,876,
gold,115,
gold,116,891,892,
gold,116,
gold,117,907,908,
gold,117,
gold,118,923,924,
gold,118,
gold,119,939,940,
gold,119,
gold,120,765,766,
gold,120,
gold,121,781,782,
gold,121,
gold,122,797,798,
gold,122,
gold,123,813,814,
gold,123,
gold,124,829,830,
gold,124,
gold,125,845,846,
gold,125,
gold,126,861,862,
gold,126,
gold,127,877,878,
gold,127,
gold,128,893,894,
gold,128,
gold,129,909,910,
gold,129,
gold,130,925,926,
gold,130,
gold,131,941,942,
gold,131,
gold,132,767,768,
gold,132,
gold,133,783,784,
gold,133,
gold,134,799,800,
gold,134,
gold,135,815,816,
gold,135,
gold,136,831,832,
gold,136,
gold,137,847,848,
gold,137,
gold,138,863,864,
gold,138,
gold,139,879,880,
gold,139,
gold,140,895,896,
gold,140,
gold,141,911,912,
gold,141,
gold,142,927,928,
gold,142,
gold,143,943,944,
gold,143,
gold,144,769,770,
gold,144,
gold,145,785,786,
gold,145,
gold,146,801,802,
gold,146,
gold,147,817,818,
gold,147,
gold,148,833,834,
gold,148,
gold,149,849,850,
gold,149,
gold,150,865,866,
gold,150,
gold,151,881,882,
gold,151,
gold,152,897,898,
gold,152,
gold,153,913,914,
gold,153,
gold,154,929,930,
gold,154,
gold,155,945,946,
gold,155,
gold,156,819,820,1867,1868,
gold,156,
gold,157,821,822,1869,1870,
gold,157,
gold,158,835,836,1871,1872,
gold,158,
gold,159,837,838,1873,1874,
gold,159,
gold,160,851,852,1875,1876,
gold,160,
gold,161,853,854,1877,1878,
gold,161,
gold,162,867,868,1879,1880,
gold,162,
gold,163,869,870,1881,1882,
gold,163,
gold,164,883,884,1883,1884,
gold,164,
gold,165,885,886,1885,1886,
gold,165,
gold,166,899,900,1887,1888,
gold,166,
gold,167,901,902,1889,1890,
gold,167,
gold,168,915,916,1891,1892,
gold,168,
gold,169,917,918,1893,1894,
gold,169,
gold,170,931,932,1895,1896,
gold,170,
gold,171,933,934,1897,1898,
gold,171,
gold,172,947,948,1899,1900,
gold,172,
gold,173,949,950,1901,1902,
gold,173,
gold,174,771,772,1855,1856,
gold,174,
gold,175,773,774,1857,1858,
gold,175,
gold,176,787,788,1859,1860,
gold,176,
gold,177,789,790,1861,1862,
gold,177,
gold,178,803,804,1863,1864,
gold,178,
gold,179,805,806,1865,1866,
gold,179,
gold,180,1017,1113,1687,1688,1689,1690,1783,1784,1785,1786,
gold,180,
gold,181,1018,1114,1691,1692,1693,1694,1787,1788,1789,1790,
gold,181,
gold,182,1025,1121,1695,1696,1697,1698,1791,1792,1793,1794,
gold,182,
gold,183,1026,1122,1699,1700,1701,1702,1795,1796,1797,1798,
gold,183,
gold,184,1033,1129,1703,1704,1705,1706,1799,1800,1801,1802,
gold,184,
gold,185,1034,1130,1707,1708,1709,1710,1803,1804,1805,1806,
gold,185,
gold,186,1041,1137,1711,1712,1713,1714,1807,1808,1809,1810,
gold,186,
gold,187,1042,1138,1715,1716,1717,1718,1811,1812,1813,1814,
gold,187,
gold,188,1049,1145,1719,1720,1721,1722,1815,1816,1817,1818,
gold,188,
gold,189,1050,1146,1723,1724,1725,1726,1819,1820,1821,1822,
gold,189,
gold,190,1057,1153,1727,1728,1729,1730,1823,1824,1825,1826,
gold,190,
gold,191,1058,1154,1731,1732,1733,1734,1827,1828,1829,1830,
gold,191,
gold,192,1066,1162,1739,1740,1741,1742,1835,1836,1837,1838,
gold,192,
gold,193,1073,1169,1743,1744,1745,1746,1839,1840,1841,1842,
gold,193,
gold,194,1074,1170,1747,1748,1749,1750,1843,1844,1845,1846,
gold,194,
gold,195,1081,1177,1751,1752,1753,1754,1847,1848,1849,1850,
gold,195,
gold,196,1082,1178,1755,1756,1757,1758,1851,1852,1853,1854,
gold,196,
gold,197,993,1089,1663,1664,1665,1666,1759,1760,1761,1762,
gold,197,
gold,198,994,1090,1667,1668,1669,1670,1763,1764,1765,1766,
gold,198,
gold,199,1001,1097,1671,1672,1673,1674,1767,1768,1769,1770,
gold,199,
gold,200,1002,1098,1675,1676,1677,1678,1771,1772,1773,1774,
gold,200,
gold,201,1010,1106,1683,1684,1685,1686,1779,1780,1781,1782,
gold,201,
gold,202,951,952,953,954,955,956,957,958,959,960,961,962,963,964,965,966,967,968,969,970,971,972,973,974,975,976,977,978,979,980,981,982,983,984,985,986,1279,1280,1281,1282,1283,1284,1285,1286,1287,1288,1289,1290,1291,1292,1293,1294,1295,1296,1297,1298,1299,1300,1301,1302,1303,1304,1305,1306,1307,1308,1309,1310,1311,1312,1313,1314,1315,1316,1317,1318,1319,1320,1321,1322,1323,1324,1325,1326,1327,1328,1329,1330,1331,1332,1333,1334,1335,1336,1337,1338,1339,1340,1341,1342,1343,1344,1345,1346,1347,1348,1349,1350,1351,1352,1353,1354,1355,1356,1357,1358,1359,1360,1361,1362,1363,1364,1365,1366,1367,1368,1369,1370,1371,1372,1373,1374,1375,1376,1377,1378,1379,1380,1381,1382,1383,1384,1385,1386,1387,1388,1389,1390,1391,1392,1393,1394,1395,1396,1397,1398,1399,1400,1401,1402,1403,1404,1405,1406,1407,1408,1409,1410,1411,1412,1413,1414,1415,1416,1417,1418,1419,1420,1421,1422,1423,1424,1425,1426,1427,1428,1429,1430,1431,1432,1433,1434,1435,1436,1437,1438,1439,1440,1441,1442,1443,1444,1445,1446,1447,1448,1449,1450,1451,1452,1453,1454,1455,1456,1457,1458,1459,1460,1461,1462,1463,1464,1465,1466,1467,1468,1469,1470,1471,1472,1473,1474,1475,1476,1477,1478,1479,1480,1481,1482,1483,1484,1485,1486,1487,1488,1489,1490,1491,1492,1493,1494,1495,1496,1497,1498,1499,1500,1501,1502,1503,1504,1505,1506,1507,1508,1509,1510,1511,1512,1513,1514,1515,1516,1517,1518,1519,1520,1521,1522,1523,1524,1525,1526,1527,1528,1529,1530,1531,1532,1533,1534,1535,1536,1537,1538,1539,1540,1541,1542,1543,1544,1545,1546,1547,1548,1549,1550,1551,1552,1553,1554,1555,1556,1557,1558,1559,1560,1561,1562,1563,1564,1565,1566,1567,1568,1569,1570,1571,1572,1573,1574,1575,1576,1577,1578,1579,1580,1581,1582,1583,1584,1585,1586,1587,1588,1589,1590,1591,1592,1593,1594,1595,1596,1597,1598,1599,1600,1601,1602,1603,1604,1605,1606,1607,1608,1609,1610,1611,1612,1613,1614,1615,1616,1617,1618,1619,1620,1621,1622,1623,1624,1625,1626,1627,1628,1629,1630,1631,1632,1633,1634,1635,1636,1637,1638,1639,1640,1641,1642,1643,1644,1645,1646,1647,1648,1649,1650,1651,1652,1653,1654,1655,1656,1657,1658,1659,1660,1661,1662,
gold,202,
gold,203,1179,1180,1181,1182,1279,1280,1281,1282,1327,1328,1329,1330,1375,1376,1377,1378,1423,1424,1425,1426,1471,1472,1473,1474,1519,1520,1521,1522,1567,1568,1569,1570,1615,1616,1617,1618,
gold,203,
gold,204,759,760,761,762,763,764,765,766,767,768,769,770,771,772,773,774,1179,1180,1181,1182,1279,1280,1281,1282,1327,1328,1329,1330,1375,1376,1377,1378,1423,1424,1425,1426,1471,1472,1473,1474,1519,1520,1521,1522,1567,1568,1569,1570,1615,1616,1617,1618,1855,1856,1857,1858,
gold,204,
gold,205,1183,1184,1185,1186,1283,1284,1285,1286,1331,1332,1333,1334,1379,1380,1381,1382,1427,1428,1429,1430,1475,1476,1477,1478,1523,1524,1525,1526,1571,1572,1573,1574,1619,1620,1621,1622,
gold,205,
gold,206,775,776,777,778,779,780,781,782,783,784,785,786,787,788,789,790,1183,1184,1185,1186,1283,1284,1285,1286,1331,1332,1333,1334,1379,1380,1381,1382,1427,1428,1429,1430,1475,1476,1477,1478,1523,1524,1525,1526,1571,1572,1573,1574,1619,1620,1621,1622,1859,1860,1861,1862,
gold,206,
gold,207,1187,1188,1189,1190,1287,1288,1289,1290,1335,1336,1337,1338,1383,1384,1385,1386,1431,1432,1433,1434,1479,1480,1481,1482,1527,1528,1529,1530,1575,1576,1577,1578,1623,1624,1625,1626,
gold,207,
gold,208,791,792,793,794,795,796,797,798,799,800,801,802,803,804,805,806,1187,1188,1189,1190,1287,1288,1289,1290,1335,1336,1337,1338,1383,1384,1385,1386,1431,1432,1433,1434,1479,1480,1481,1482,1527,1528,1529,1530,1575,1576,1577,1578,1623,1624,1625,1626,1863,1864,1865,1866,
gold,208,
gold,209,1191,1192,1193,1194,1291,1292,1293,1294,1339,1340,1341,1342,1387,1388,1389,1390,1435,1436,1437,1438,1483,1484,1485,1486,1531,1532,1533,1534,1579,1580,1581,1582,1627,1628,1629,1630,
gold,209,
gold,210,807,808,809,810,811,812,813,814,815,816,817,818,819,820,821,822,1191,1192,1193,1194,1291,1292,1293,1294,1339,1340,1341,1342,1387,1388,1389,1390,1435,1436,1437,1438,1483,1484,1485,1486,1531,1532,1533,1534,1579,1580,1581,1582,1627,1628,1629,1630,1867,1868,1869,1870,
gold,210,
gold,211,1195,1196,1197,1198,1295,1296,1297,1298,1343,1344,1345,1346,1391,1392,1393,1394,1439,1440,1441,1442,1487,1488,1489,1490,1535,1536,1537,1538,1583,1584,1585,1586,1631,1632,1633,1634,
gold,211,
gold,212,823,824,825,826,827,828,829,830,831,832,833,834,835,836,837,838,1195,1196,1197,1198,1295,1296,1297,1298,1343,1344,1345,1346,1391,1392,1393,1394,1439,1440,1441,1442,1487,1488,1489,1490,1535,1536,1537,1538,1583,1584,1585,1586,1631,1632,1633,1634,1871,1872,1873,1874,
gold,212,
gold,213,1199,1200,1201,1202,1299,1300,1301,1302,1347,1348,1349,1350,1395,1396,1397,1398,1443,1444,1445,1446,1491,1492,1493,1494,1539,1540,1541,1542,1587,1588,1589,1590,1635,1636,1637,1638,
gold,213,
gold,214,839,840,841,842,843,844,845,846,847,848,849,850,851,852,853,854,1199,1200,1201,1202,1299,1300,1301,1302,1347,1348,1349,1350,1395,1396,1397,1398,1443,1444,1445,1446,1491,1492,1493,1494,1539,1540,1541,1542,1587,1588,1589,1590,1635,1636,1637,1638,1875,1876,1877,1878,
gold,214,
gold,215,1203,1204,1205,1206,1303,1304,1305,1306,1351,1352,1353,1354,1399,1400,1401,1402,1447,1448,1449,1450,1495,1496,1497,1498,1543,1544,1545,1546,1591,1592,1593,1594,1639,1640,1641,1642,
gold,215,
gold,216,855,856,857,858,859,860,861,862,863,864,865,866,867,868,869,870,1203,1204,1205,1206,1303,1304,1305,1306,1351,1352,1353,1354,1399,1400,1401,1402,1447,1448,1449,1450,1495,1496,1497,1498,1543,1544,1545,1546,1591,1592,1593,1594,1639,1640,1641,1642,1879,1880,1881,1882,
gold,216,
gold,217,1207,1208,1209,1210,1307,1308,1309,1310,1355,1356,1357,1358,1403,1404,1405,1406,1451,1452,1453,1454,1499,1500,1501,1502,1547,1548,1549,1550,1595,1596,1597,1598,1643,1644,1645,1646,
gold,217,
gold,218,871,872,873,874,875,876,877,878,879,880,881,882,883,884,885,886,1207,1208,1209,1210,1307,1308,1309,1310,1355,1356,1357,1358,1403,1404,1405,1406,1451,1452,1453,1454,1499,1500,1501,1502,1547,1548,1549,1550,1595,1596,1597,1598,1643,1644,1645,1646,1883,1884,1885,1886,
gold,218,
gold,219,1211,1212,1213,1214,1311,1312,1313,1314,1359,1360,1361,1362,1407,1408,1409,1410,1455,1456,1457,1458,1503,1504,1505,1506,1551,1552,1553,1554,1599,1600,1601,1602,1647,1648,1649,1650,
gold,219,
gold,220,887,888,889,890,891,892,893,894,895,896,897,898,899,900,901,902,1211,1212,1213,1214,1311,1312,1313,1314,1359,1360,1361,1362,1407,1408,1409,1410,1455,1456,1457,1458,1503,1504,1505,1506,1551,1552,1553,1554,1599,1600,1601,1602,1647,1648,1649,1650,1887,1888,1889,1890,
gold,220,
gold,221,1215,1216,1217,1218,1315,1316,1317,1318,1363,1364,1365,1366,1411,1412,1413,1414,1459,1460,1461,1462,1507,1508,1509,1510,1555,1556,1557,1558,1603,1604,1605,1606,1651,1652,1653,1654,
gold,221,
gold,222,903,904,905,906,907,908,909,910,911,912,913,914,915,916,917,918,1215,1216,1217,1218,1315,1316,1317,1318,1363,1364,1365,1366,1411,1412,1413,1414,1459,1460,1461,1462,1507,1508,1509,1510,1555,1556,1557,1558,1603,1604,1605,1606,1651,1652,1653,1654,1891,1892,1893,1894,
gold,222,
gold,223,1219,1220,1221,1222,1319,1320,1321,1322,1367,1368,1369,1370,1415,1416,1417,1418,1463,1464,1465,1466,1511,1512,1513,1514,1559,1560,1561,1562,1607,1608,1609,1610,1655,1656,1657,1658,
gold,223,
gold,224,919,920,921,922,923,924,925,926,927,928,929,930,931,932,933,934,1219,1220,1221,1222,1319,1320,1321,1322,1367,1368,1369,1370,1415,1416,1417,1418,1463,1464,1465,1466,1511,1512,1513,1514,1559,1560,1561,1562,1607,1608,1609,1610,1655,1656,1657,1658,1895,1896,1897,1898,
gold,224,
gold,225,1223,1224,1225,1226,1323,1324,1325,1326,1371,1372,1373,1374,1419,1420,1421,1422,1467,1468,1469,1470,1515,1516,1517,1518,1563,1564,1565,1566,1611,1612,1613,1614,1659,1660,1661,1662,
gold,225,
gold,226,935,936,937,938,939,940,941,942,943,944,945,946,947,948,949,950,1223,1224,1225,1226,1323,1324,1325,1326,1371,1372,1373,1374,1419,1420,1421,1422,1467,1468,1469,1470,1515,1516,1517,1518,1563,1564,1565,1566,1611,1612,1613,1614,1659,1660,1661,1662,1899,1900,1901,1902,
gold,226,
gold,227,1663,1664,1665,1666,1667,1668,1669,1670,1671,1672,1673,1674,1675,1676,1677,1678,1679,1680,1681,1682,1683,1684,1685,1686,1687,1688,1689,1690,1691,1692,1693,1694,1695,1696,1697,1698,1699,1700,1701,1702,1703,1704,1705,1706,1707,1708,1709,1710,1711,1712,1713,1714,1715,1716,1717,1718,1719,1720,1721,1722,1723,1724,1725,1726,1727,1728,1729,1730,1731,1732,1733,1734,1735,1736,1737,1738,1739,1740,1741,1742,1743,1744,1745,1746,1747,1748,1749,1750,1751,1752,1753,1754,1755,1756,1757,1758,
gold,227,
gold,228,757,758,1663,1664,1665,1666,1667,1668,1669,1670,1671,1672,1673,1674,1675,1676,1677,1678,1679,1680,1681,1682,1683,1684,1685,1686,1687,1688,1689,1690,1691,1692,1693,1694,1695,1696,1697,1698,1699,1700,1701,1702,1703,1704,1705,1706,1707,1708,1709,1710,1711,1712,1713,1714,1715,1716,1717,1718,1719,1720,1721,1722,1723,1724,1725,1726,1727,1728,1729,1730,1731,1732,1733,1734,1735,1736,1737,1738,1739,1740,1741,1742,1743,1744,1745,1746,1747,1748,1749,1750,1751,1752,1753,1754,1755,1756,1757,1758,
gold,228,
gold,229,1759,1760,1761,1762,1763,1764,1765,1766,1767,1768,1769,1770,1771,1772,1773,1774,1775,1776,1777,1778,1779,1780,1781,1782,1783,1784,1785,1786,1787,1788,1789,1790,1791,1792,1793,1794,1795,1796,1797,1798,1799,1800,1801,1802,1803,1804,1805,1806,1807,1808,1809,1810,1811,1812,1813,1814,1815,1816,1817,1818,1819,1820,1821,1822,1823,1824,1825,1826,1827,1828,1829,1830,1831,1832,1833,1834,1835,1836,1837,1838,1839,1840,1841,1842,1843,1844,1845,1846,1847,1848,1849,1850,1851,1852,1853,1854,1903,1904,1905,1906,1907,1908,1909,1910,1911,1912,1913,1914,
gold,229,
gold,230,1615,1616,1617,1618,1619,1620,1621,1622,1623,1624,1625,1626,1627,1628,1629,1630,1631,1632,1633,1634,1635,1636,1637,1638,1639,1640,1641,1642,1643,1644,1645,1646,1647,1648,1649,1650,1651,1652,1653,1654,1655,1656,1657,1658,1659,1660,1661,1662,1903,1904,1905,1906,1907,1908,1909,1910,1911,1912,1913,1914,
gold,230,
gold,231,951,954,957,960,963,966,969,972,975,978,981,984,1663,1665,1667,1669,1671,1673,1675,1677,1679,1681,1683,1685,1687,1689,1691,1693,1695,1697,1699,1701,1703,1705,1707,1709,1711,1713,1715,1717,1719,1721,1723,1725,1727,1729,1731,1733,1735,1737,1739,1741,1743,1745,1747,1749,1751,1753,1755,1757,1759,1761,1763,1765,1767,1769,1771,1773,1775,1777,1779,1781,1783,1785,1787,1789,1791,1793,1795,1797,1799,1801,1803,1805,1807,1809,1811,1813,1815,1817,1819,1821,1823,1825,1827,1829,1831,1833,1835,1837,1839,1841,1843,1845,1847,1849,1851,1853,
gold,231,952,955,958,961,964,967,970,973,976,979,982,985,1279,1281,1283,1285,1287,1289,1291,1293,1295,1297,1299,1301,1303,1305,1307,1309,1311,1313,1315,1317,1319,1321,1323,1325,1327,1329,1331,1333,1335,1337,1339,1341,1343,1345,1347,1349,1351,1353,1355,1357,1359,1361,1363,1365,1367,1369,1371,1373,1375,1377,1379,1381,1383,1385,1387,1389,1391,1393,1395,1397,1399,1401,1403,1405,1407,1409,1411,1413,1415,1417,1419,1421,1423,1425,1427,1429,1431,1433,1435,1437,1439,1441,1443,1445,1447,1449,1451,1453,1455,1457,1459,1461,1463,1465,1467,1469,1471,1473,1475,1477,1479,1481,1483,1485,1487,1489,1491,1493,1495,1497,1499,1501,1503,1505,1507,1509,1511,1513,1515,1517,1519,1521,1523,1525,1527,1529,1531,1533,1535,1537,1539,1541,1543,1545,1547,1549,1551,1553,1555,1557,1559,1561,1563,1565,1567,1569,1571,1573,1575,1577,1579,1581,1583,1585,1587,1589,1591,1593,1595,1597,1599,1601,1603,1605,1607,1609,1611,1613,1615,1617,1619,1621,1623,1625,1627,1629,1631,1633,1635,1637,1639,1641,1643,1645,1647,1649,1651,1653,1655,1657,1659,1661,1664,1666,1668,1670,1672,1674,1676,1678,1680,1682,1684,1686,1688,1690,1692,1694,1696,1698,1700,1702,1704,1706,1708,1710,1712,1714,1716,1718,1720,1722,1724,1726,1728,1730,1732,1734,1736,1738,1740,1742,1744,1746,1748,1750,1752,1754,1756,1758,1760,1762,1764,1766,1768,1770,1772,1774,1776,1778,1780,1782,1784,1786,1788,1790,1792,1794,1796,1798,1800,1802,1804,1806,1808,1810,1812,1814,1816,1818,1820,1822,1824,1826,1828,1830,1832,1834,1836,1838,1840,1842,1844,1846,1848,1850,1852,1854,
gold,231,953,956,959,962,965,968,971,974,977,980,983,986,1280,1282,1284,1286,1288,1290,1292,1294,1296,1298,1300,1302,1304,1306,1308,1310,1312,1314,1316,1318,1320,1322,1324,1326,1328,1330,1332,1334,1336,1338,1340,1342,1344,1346,1348,1350,1352,1354,1356,1358,1360,1362,1364,1366,1368,1370,1372,1374,1376,1378,1380,1382,1384,1386,1388,1390,1392,1394,1396,1398,1400,1402,1404,1406,1408,1410,1412,1414,1416,1418,1420,1422,1424,1426,1428,1430,1432,1434,1436,1438,1440,1442,1444,1446,1448,1450,1452,1454,1456,1458,1460,1462,1464,1466,1468,1470,1472,1474,1476,1478,1480,1482,1484,1486,1488,1490,1492,1494,1496,1498,1500,1502,1504,1506,1508,1510,1512,1514,1516,1518,1520,1522,1524,1526,1528,1530,1532,1534,1536,1538,1540,1542,1544,1546,1548,1550,1552,1554,1556,1558,1560,1562,1564,1566,1568,1570,1572,1574,1576,1578,1580,1582,1584,1586,1588,1590,1592,1594,1596,1598,1600,1602,1604,1606,1608,1610,1612,1614,1616,1618,1620,1622,1624,1626,1628,1630,1632,1634,1636,1638,1640,1642,1644,1646,1648,1650,1652,1654,1656,1658,1660,1662,
gold,232,1567,1568,1569,1570,1571,1572,1573,1574,1575,1576,1577,1578,1579,1580,1581,1582,1583,1584,1585,1586,1587,1588,1589,1590,1591,1592,1593,1594,1595,1596,1597,1598,1599,1600,1601,1602,1603,1604,1605,1606,1607,1608,1609,1610,1611,1612,1613,1614,1903,1904,1905,1906,1907,1908,1909,1910,1911,1912,1913,1914,
gold,232,
red,233,992,1088,
gold,233,
red,234,999,1095,
gold,234,
red,235,1023,1119,
gold,235,
red,236,1029,1125,
gold,236,
red,237,1038,1134,
gold,237,
red,238,1044,1140,
gold,238,
red,239,1051,1147,
gold,239,
red,240,1070,1166,
gold,240,
red,241,1078,1174,
gold,241,
red,242,1009,1105,1679,1680,1681,1682,1775,1776,1777,1778,
gold,242,
red,243,1065,1161,1735,1736,1737,1738,1831,1832,1833,1834,
gold,243,
lightskyblue,722,
lightskyblue,722,
lightskyblue,674,437,
lightskyblue,674,437,
lightskyblue,674,461,
lightskyblue,674,461,
lightskyblue,674,485,
lightskyblue,674,485,
lightskyblue,674,509,
lightskyblue,674,509,
lightskyblue,674,533,
lightskyblue,674,533,
lightskyblue,674,557,
lightskyblue,674,557,
lightskyblue,674,617,
lightskyblue,674,617,
lightskyblue,674,619,
lightskyblue,674,619,
lightskyblue,678,439,
lightskyblue,678,439,
lightskyblue,678,463,
lightskyblue,678,463,
lightskyblue,678,487,
lightskyblue,678,487,
lightskyblue,678,511,
lightskyblue,678,511,
lightskyblue,678,535,
lightskyblue,678,535,
lightskyblue,678,559,
lightskyblue,678,559,
lightskyblue,678,621,
lightskyblue,678,621,
lightskyblue,678,623,
lightskyblue,678,623,
lightskyblue,682,441,
lightskyblue,682,441,
lightskyblue,682,465,
lightskyblue,682,465,
lightskyblue,682,489,
lightskyblue,682,489,
lightskyblue,682,513,
lightskyblue,682,513,
lightskyblue,682,537,
lightskyblue,682,537,
lightskyblue,682,561,
lightskyblue,682,561,
lightskyblue,682,625,
lightskyblue,682,625,
lightskyblue,682,627,
lightskyblue,682,627,
lightskyblue,686,443,
lightskyblue,686,443,
lightskyblue,686,467,
lightskyblue,686,467,
lightskyblue,686,491,
lightskyblue,686,491,
lightskyblue,686,515,
lightskyblue,686,515,
lightskyblue,686,539,
lightskyblue,686,539,
lightskyblue,686,563,
lightskyblue,686,563,
lightskyblue,686,581,
lightskyblue,686,581,
lightskyblue,686,583,
lightskyblue,686,583,
lightskyblue,690,445,
lightskyblue,690,445,
lightskyblue,690,469,
lightskyblue,690,469,
lightskyblue,690,493,
lightskyblue,690,493,
lightskyblue,690,517,
lightskyblue,690,517,
lightskyblue,690,541,
lightskyblue,690,541,
lightskyblue,690,565,
lightskyblue,690,565,
lightskyblue,690,585,
lightskyblue,690,585,
lightskyblue,690,587,
lightskyblue,690,587,
lightskyblue,694,447,
lightskyblue,694,447,
lightskyblue,694,471,
lightskyblue,694,471,
lightskyblue,694,495,
lightskyblue,694,495,
lightskyblue,694,519,
lightskyblue,694,519,
lightskyblue,694,543,
lightskyblue,694,543,
lightskyblue,694,567,
lightskyblue,694,567,
lightskyblue,694,589,
lightskyblue,694,589,
lightskyblue,694,591,
lightskyblue,694,591,
lightskyblue,698,449,
lightskyblue,698,449,
lightskyblue,698,473,
lightskyblue,698,473,
lightskyblue,698,497,
lightskyblue,698,497,
lightskyblue,698,521,
lightskyblue,698,521,
lightskyblue,698,545,
lightskyblue,698,545,
lightskyblue,698,569,
lightskyblue,698,569,
lightskyblue,698,593,
lightskyblue,698,593,
lightskyblue,698,595,
lightskyblue,698,595,
lightskyblue,702,451,
lightskyblue,702,451,
lightskyblue,702,475,
lightskyblue,702,475,
lightskyblue,702,499,
lightskyblue,702,499,
lightskyblue,702,523,
lightskyblue,702,523,
lightskyblue,702,547,
lightskyblue,702,547,
lightskyblue,702,571,
lightskyblue,702,571,
lightskyblue,702,597,
lightskyblue,702,597,
lightskyblue,702,599,
lightskyblue,702,599,
lightskyblue,706,453,
lightskyblue,706,453,
lightskyblue,706,477,
lightskyblue,706,477,
lightskyblue,706,501,
lightskyblue,706,501,
lightskyblue,706,525,
lightskyblue,706,525,
lightskyblue,706,549,
lightskyblue,706,549,
lightskyblue,706,573,
lightskyblue,706,573,
lightskyblue,706,601,
lightskyblue,706,601,
lightskyblue,706,603,
lightskyblue,706,603,
lightskyblue,710,455,
lightskyblue,710,455,
lightskyblue,710,479,
lightskyblue,710,479,
lightskyblue,710,503,
lightskyblue,710,503,
lightskyblue,710,527,
lightskyblue,710,527,
lightskyblue,710,551,
lightskyblue,710,551,
lightskyblue,710,575,
lightskyblue,710,575,
lightskyblue,710,605,
lightskyblue,710,605,
lightskyblue,710,607,
lightskyblue,710,607,
lightskyblue,714,457,
lightskyblue,714,457,
lightskyblue,714,481,
lightskyblue,714,481,
lightskyblue,714,505,
lightskyblue,714,505,
lightskyblue,714,529,
lightskyblue,714,529,
lightskyblue,714,553,
lightskyblue,714,553,
lightskyblue,714,577,
lightskyblue,714,577,
lightskyblue,714,609,
lightskyblue,714,609,
lightskyblue,714,611,
lightskyblue,714,611,
lightskyblue,718,459,
lightskyblue,718,459,
lightskyblue,718,483,
lightskyblue,718,483,
lightskyblue,718,507,
lightskyblue,718,507,
lightskyblue,718,531,
lightskyblue,718,531,
lightskyblue,718,555,
lightskyblue,718,555,
lightskyblue,718,579,
lightskyblue,718,579,
lightskyblue,718,613,
lightskyblue,718,613,
lightskyblue,718,615,
lightskyblue,718,615,
lightskyblue,299,724,673,
lightskyblue,299,724,673,730,
lightskyblue,299,724,673,730,
lightskyblue,323,724,673,
lightskyblue,323,724,673,730,
lightskyblue,323,724,673,730,
lightskyblue,347,724,673,
lightskyblue,347,724,673,730,
lightskyblue,347,724,673,730,
lightskyblue,371,724,673,
lightskyblue,371,724,673,730,
lightskyblue,371,724,673,730,
lightskyblue,391,724,673,
lightskyblue,391,724,673,730,
lightskyblue,391,724,673,730,
lightskyblue,413,724,673,
lightskyblue,413,724,673,730,
lightskyblue,413,724,673,730,
lightskyblue,299,724,673,
lightskyblue,299,724,673,730,
lightskyblue,299,724,673,730,
lightskyblue,323,724,673,
lightskyblue,323,724,673,730,
lightskyblue,323,724,673,730,
lightskyblue,347,724,673,
lightskyblue,347,724,673,730,
lightskyblue,347,724,673,730,
lightskyblue,371,724,673,
lightskyblue,371,724,673,730,
lightskyblue,371,724,673,730,
lightskyblue,391,724,673,
lightskyblue,391,724,673,730,
lightskyblue,391,724,673,730,
lightskyblue,413,724,673,
lightskyblue,413,724,673,730,
lightskyblue,413,724,673,730,
lightskyblue,301,676,
lightskyblue,325,676,
lightskyblue,349,676,
lightskyblue,373,676,
lightskyblue,393,676,
lightskyblue,736,676,
lightskyblue,663,676,
lightskyblue,665,676,
lightskyblue,303,680,
lightskyblue,327,680,
lightskyblue,351,680,
lightskyblue,375,680,
lightskyblue,738,680,
lightskyblue,415,680,
lightskyblue,667,680,
lightskyblue,669,680,
lightskyblue,305,684,
lightskyblue,329,684,
lightskyblue,353,684,
lightskyblue,377,684,
lightskyblue,395,684,
lightskyblue,417,684,
lightskyblue,754,684,
lightskyblue,671,684,
lightskyblue,307,688,
lightskyblue,331,688,
lightskyblue,355,688,
lightskyblue,379,688,
lightskyblue,397,688,
lightskyblue,419,688,
lightskyblue,629,688,
lightskyblue,631,688,
lightskyblue,309,692,
lightskyblue,333,692,
lightskyblue,357,692,
lightskyblue,381,692,
lightskyblue,740,692,
lightskyblue,421,692,
lightskyblue,633,692,
lightskyblue,635,692,
lightskyblue,311,696,
lightskyblue,335,696,
lightskyblue,742,696,
lightskyblue,383,696,
lightskyblue,399,696,
lightskyblue,423,696,
lightskyblue,637,696,
lightskyblue,639,696,
lightskyblue,313,700,
lightskyblue,337,700,
lightskyblue,359,700,
lightskyblue,744,700,
lightskyblue,401,700,
lightskyblue,425,700,
lightskyblue,641,700,
lightskyblue,643,700,
lightskyblue,315,704,
lightskyblue,746,704,
lightskyblue,361,704,
lightskyblue,385,704,
lightskyblue,403,704,
lightskyblue,427,704,
lightskyblue,645,704,
lightskyblue,647,704,
lightskyblue,748,708,
lightskyblue,339,708,
lightskyblue,363,708,
lightskyblue,387,708,
lightskyblue,405,708,
lightskyblue,429,708,
lightskyblue,649,708,
lightskyblue,651,708,
lightskyblue,317,712,
lightskyblue,341,712,
lightskyblue,365,712,
lightskyblue,389,712,
lightskyblue,407,712,
lightskyblue,431,712,
lightskyblue,756,712,
lightskyblue,653,712,
lightskyblue,319,716,
lightskyblue,343,716,
lightskyblue,367,716,
lightskyblue,750,716,
lightskyblue,409,716,
lightskyblue,433,716,
lightskyblue,655,716,
lightskyblue,657,716,
lightskyblue,321,720,
lightskyblue,345,720,
lightskyblue,369,720,
lightskyblue,752,720,
lightskyblue,411,720,
lightskyblue,435,720,
lightskyblue,659,720,
lightskyblue,661,720,
lightskyblue,301,676,
lightskyblue,325,676,
lightskyblue,349,676,
lightskyblue,373,676,
lightskyblue,393,676,
lightskyblue,736,676,
lightskyblue,663,676,
lightskyblue,665,676,
lightskyblue,303,680,
lightskyblue,327,680,
lightskyblue,351,680,
lightskyblue,375,680,
lightskyblue,738,680,
lightskyblue,415,680,
lightskyblue,667,680,
lightskyblue,669,680,
lightskyblue,305,684,
lightskyblue,329,684,
lightskyblue,353,684,
lightskyblue,377,684,
lightskyblue,395,684,
lightskyblue,417,684,
lightskyblue,754,684,
lightskyblue,671,684,
lightskyblue,307,688,
lightskyblue,331,688,
lightskyblue,355,688,
lightskyblue,379,688,
lightskyblue,397,688,
lightskyblue,419,688,
lightskyblue,629,688,
lightskyblue,631,688,
lightskyblue,309,692,
lightskyblue,333,692,
lightskyblue,357,692,
lightskyblue,381,692,
lightskyblue,740,692,
lightskyblue,421,692,
lightskyblue,633,692,
lightskyblue,635,692,
lightskyblue,311,696,
lightskyblue,335,696,
lightskyblue,742,696,
lightskyblue,383,696,
lightskyblue,399,696,
lightskyblue,423,696,
lightskyblue,637,696,
lightskyblue,639,696,
lightskyblue,313,700,
lightskyblue,337,700,
lightskyblue,359,700,
lightskyblue,744,700,
lightskyblue,401,700,
lightskyblue,425,700,
lightskyblue,641,700,
lightskyblue,643,700,
lightskyblue,315,704,
lightskyblue,746,704,
lightskyblue,361,704,
lightskyblue,385,704,
lightskyblue,403,704,
lightskyblue,427,704,
lightskyblue,645,704,
lightskyblue,647,704,
lightskyblue,748,708,
lightskyblue,339,708,
lightskyblue,363,708,
lightskyblue,387,708,
lightskyblue,405,708,
lightskyblue,429,708,
lightskyblue,649,708,
lightskyblue,651,708,
lightskyblue,317,712,
lightskyblue,341,712,
lightskyblue,365,712,
lightskyblue,389,712,
lightskyblue,407,712,
lightskyblue,431,712,
lightskyblue,756,712,
lightskyblue,653,712,
lightskyblue,319,716,
lightskyblue,343,716,
lightskyblue,367,716,
lightskyblue,750,716,
lightskyblue,409,716,
lightskyblue,433,716,
lightskyblue,655,716,
lightskyblue,657,716,
lightskyblue,321,720,
lightskyblue,345,720,
lightskyblue,369,720,
lightskyblue,752,720,
lightskyblue,411,720,
lightskyblue,435,720,
lightskyblue,659,720,
lightskyblue,661,720,
lightskyblue,675,662,677,616,
lightskyblue,675,662,677,616,
lightskyblue,675,664,677,618,
lightskyblue,675,664,677,618,
lightskyblue,679,666,681,620,
lightskyblue,679,666,681,620,
lightskyblue,679,668,681,622,
lightskyblue,679,668,681,622,
lightskyblue,683,753,685,624,
lightskyblue,683,753,685,624,
lightskyblue,683,670,685,626,
lightskyblue,683,670,685,626,
lightskyblue,687,628,689,580,
lightskyblue,687,628,689,580,
lightskyblue,687,630,689,582,
lightskyblue,687,630,689,582,
lightskyblue,691,632,693,584,
lightskyblue,691,632,693,584,
lightskyblue,691,634,693,586,
lightskyblue,691,634,693,586,
lightskyblue,695,636,697,588,
lightskyblue,695,636,697,588,
lightskyblue,695,638,697,590,
lightskyblue,695,638,697,590,
lightskyblue,699,640,701,592,
lightskyblue,699,640,701,592,
lightskyblue,699,642,701,594,
lightskyblue,699,642,701,594,
lightskyblue,703,644,705,596,
lightskyblue,703,644,705,596,
lightskyblue,703,646,705,598,
lightskyblue,703,646,705,598,
lightskyblue,707,648,709,600,
lightskyblue,707,648,709,600,
lightskyblue,707,650,709,602,
lightskyblue,707,650,709,602,
lightskyblue,711,755,713,604,
lightskyblue,711,755,713,604,
lightskyblue,711,652,713,606,
lightskyblue,711,652,713,606,
lightskyblue,715,654,717,608,
lightskyblue,715,654,717,608,
lightskyblue,715,656,717,610,
lightskyblue,715,656,717,610,
lightskyblue,719,658,721,612,
lightskyblue,719,658,721,612,
lightskyblue,719,660,721,614,
lightskyblue,719,660,721,614,
lightskyblue,265,245,
lightskyblue,266,247,
lightskyblue,267,249,
lightskyblue,268,251,
lightskyblue,269,253,
lightskyblue,270,255,
lightskyblue,271,257,
lightskyblue,272,259,
lightskyblue,273,261,
lightskyblue,274,263,
lightskyblue,275,279,
lightskyblue,276,281,
lightskyblue,277,297,
lightskyblue,283,245,
lightskyblue,284,247,
lightskyblue,285,249,
lightskyblue,286,251,
lightskyblue,287,253,
lightskyblue,288,255,
lightskyblue,289,257,
lightskyblue,290,259,
lightskyblue,291,261,
lightskyblue,292,263,
lightskyblue,293,279,
lightskyblue,294,281,
lightskyblue,295,297,
lightskyblue,264,244,
lightskyblue,264,246,
lightskyblue,264,248,
lightskyblue,264,250,
lightskyblue,264,252,
lightskyblue,264,254,
lightskyblue,264,256,
lightskyblue,264,258,
lightskyblue,264,260,
lightskyblue,264,262,
lightskyblue,264,278,
lightskyblue,264,280,
lightskyblue,264,296,
lightskyblue,282,244,
lightskyblue,282,246,
lightskyblue,282,248,
lightskyblue,282,250,
lightskyblue,282,252,
lightskyblue,282,254,
lightskyblue,282,256,
lightskyblue,282,258,
lightskyblue,282,260,
lightskyblue,282,262,
lightskyblue,282,278,
lightskyblue,282,280,
lightskyblue,282,296,
lightskyblue,675,300,677,730,436,
lightskyblue,675,300,677,731,436,
lightskyblue,675,300,677,730,436,
lightskyblue,675,300,677,731,436,
lightskyblue,679,302,681,730,438,
lightskyblue,679,302,681,731,438,
lightskyblue,679,302,681,730,438,
lightskyblue,679,302,681,731,438,
lightskyblue,683,304,685,730,440,
lightskyblue,683,304,685,731,440,
lightskyblue,683,304,685,730,440,
lightskyblue,683,304,685,731,440,
lightskyblue,687,306,689,730,442,
lightskyblue,687,306,689,731,442,
lightskyblue,687,306,689,730,442,
lightskyblue,687,306,689,731,442,
lightskyblue,691,308,693,730,444,
lightskyblue,691,308,693,731,444,
lightskyblue,691,308,693,730,444,
lightskyblue,691,308,693,731,444,
lightskyblue,695,310,697,730,446,
lightskyblue,695,310,697,731,446,
lightskyblue,695,310,697,730,446,
lightskyblue,695,310,697,731,446,
lightskyblue,699,312,701,730,448,
lightskyblue,699,312,701,731,448,
lightskyblue,699,312,701,730,448,
lightskyblue,699,312,701,731,448,
lightskyblue,703,314,705,730,450,
lightskyblue,703,314,705,731,450,
lightskyblue,703,314,705,730,450,
lightskyblue,703,314,705,731,450,
lightskyblue,707,747,709,730,452,
lightskyblue,707,747,709,731,452,
lightskyblue,707,747,709,730,452,
lightskyblue,707,747,709,731,452,
lightskyblue,711,316,713,730,454,
lightskyblue,711,316,713,731,454,
lightskyblue,711,316,713,730,454,
lightskyblue,711,316,713,731,454,
lightskyblue,715,318,717,730,456,
lightskyblue,715,318,717,731,456,
lightskyblue,715,318,717,730,456,
lightskyblue,715,318,717,731,456,
lightskyblue,719,320,721,730,458,
lightskyblue,719,320,721,731,458,
lightskyblue,719,320,721,730,458,
lightskyblue,719,320,721,731,458,
lightskyblue,675,324,677,730,460,
lightskyblue,675,324,677,731,460,
lightskyblue,675,324,677,730,460,
lightskyblue,675,324,677,731,460,
lightskyblue,679,326,681,730,462,
lightskyblue,679,326,681,731,462,
lightskyblue,679,326,681,730,462,
lightskyblue,679,326,681,731,462,
lightskyblue,683,328,685,730,464,
lightskyblue,683,328,685,731,464,
lightskyblue,683,328,685,730,464,
lightskyblue,683,328,685,731,464,
lightskyblue,687,330,689,730,466,
lightskyblue,687,330,689,731,466,
lightskyblue,687,330,689,730,466,
lightskyblue,687,330,689,731,466,
lightskyblue,691,332,693,730,468,
lightskyblue,691,332,693,731,468,
lightskyblue,691,332,693,730,468,
lightskyblue,691,332,693,731,468,
lightskyblue,695,334,697,730,470,
lightskyblue,695,334,697,731,470,
lightskyblue,695,334,697,730,470,
lightskyblue,695,334,697,731,470,
lightskyblue,699,336,701,730,472,
lightskyblue,699,336,701,731,472,
lightskyblue,699,336,701,730,472,
lightskyblue,699,336,701,731,472,
lightskyblue,703,745,705,730,474,
lightskyblue,703,745,705,731,474,
lightskyblue,703,745,705,730,474,
lightskyblue,703,745,705,731,474,
lightskyblue,707,338,709,730,476,
lightskyblue,707,338,709,731,476,
lightskyblue,707,338,709,730,476,
lightskyblue,707,338,709,731,476,
lightskyblue,711,340,713,730,478,
lightskyblue,711,340,713,731,478,
lightskyblue,711,340,713,730,478,
lightskyblue,711,340,713,731,478,
lightskyblue,715,342,717,730,480,
lightskyblue,715,342,717,731,480,
lightskyblue,715,342,717,730,480,
lightskyblue,715,342,717,731,480,
lightskyblue,719,344,721,730,482,
lightskyblue,719,344,721,731,482,
lightskyblue,719,344,721,730,482,
lightskyblue,719,344,721,731,482,
lightskyblue,675,348,677,730,484,
lightskyblue,675,348,677,731,484,
lightskyblue,675,348,677,730,484,
lightskyblue,675,348,677,731,484,
lightskyblue,679,350,681,730,486,
lightskyblue,679,350,681,731,486,
lightskyblue,679,350,681,730,486,
lightskyblue,679,350,681,731,486,
lightskyblue,683,352,685,730,488,
lightskyblue,683,352,685,731,488,
lightskyblue,683,352,685,730,488,
lightskyblue,683,352,685,731,488,
lightskyblue,687,354,689,730,490,
lightskyblue,687,354,689,731,490,
lightskyblue,687,354,689,730,490,
lightskyblue,687,354,689,731,490,
lightskyblue,691,356,693,730,492,
lightskyblue,691,356,693,731,492,
lightskyblue,691,356,693,730,492,
lightskyblue,691,356,693,731,492,
lightskyblue,695,741,697,730,494,
lightskyblue,695,741,697,731,494,
lightskyblue,695,741,697,730,494,
lightskyblue,695,741,697,731,494,
lightskyblue,699,358,701,730,496,
lightskyblue,699,358,701,731,496,
lightskyblue,699,358,701,730,496,
lightskyblue,699,358,701,731,496,
lightskyblue,703,360,705,730,498,
lightskyblue,703,360,705,731,498,
lightskyblue,703,360,705,730,498,
lightskyblue,703,360,705,731,498,
lightskyblue,707,362,709,730,500,
lightskyblue,707,362,709,731,500,
lightskyblue,707,362,709,730,500,
lightskyblue,707,362,709,731,500,
lightskyblue,711,364,713,730,502,
lightskyblue,711,364,713,731,502,
lightskyblue,711,364,713,730,502,
lightskyblue,711,364,713,731,502,
lightskyblue,715,366,717,730,504,
lightskyblue,715,366,717,731,504,
lightskyblue,715,366,717,730,504,
lightskyblue,715,366,717,731,504,
lightskyblue,719,368,721,730,506,
lightskyblue,719,368,721,731,506,
lightskyblue,719,368,721,730,506,
lightskyblue,719,368,721,731,506,
lightskyblue,675,372,677,730,508,
lightskyblue,675,372,677,731,508,
lightskyblue,675,372,677,730,508,
lightskyblue,675,372,677,731,508,
lightskyblue,679,374,681,730,510,
lightskyblue,679,374,681,731,510,
lightskyblue,679,374,681,730,510,
lightskyblue,679,374,681,731,510,
lightskyblue,683,376,685,730,512,
lightskyblue,683,376,685,731,512,
lightskyblue,683,376,685,730,512,
lightskyblue,683,376,685,731,512,
lightskyblue,687,378,689,730,514,
lightskyblue,687,378,689,731,514,
lightskyblue,687,378,689,730,514,
lightskyblue,687,378,689,731,514,
lightskyblue,691,380,693,730,516,
lightskyblue,691,380,693,731,516,
lightskyblue,691,380,693,730,516,
lightskyblue,691,380,693,731,516,
lightskyblue,695,382,697,730,518,
lightskyblue,695,382,697,731,518,
lightskyblue,695,382,697,730,518,
lightskyblue,695,382,697,731,518,
lightskyblue,699,743,701,730,520,
lightskyblue,699,743,701,731,520,
lightskyblue,699,743,701,730,520,
lightskyblue,699,743,701,731,520,
lightskyblue,703,384,705,730,522,
lightskyblue,703,384,705,731,522,
lightskyblue,703,384,705,730,522,
lightskyblue,703,384,705,731,522,
lightskyblue,707,386,709,730,524,
lightskyblue,707,386,709,731,524,
lightskyblue,707,386,709,730,524,
lightskyblue,707,386,709,731,524,
lightskyblue,711,388,713,730,526,
lightskyblue,711,388,713,731,526,
lightskyblue,711,388,713,730,526,
lightskyblue,711,388,713,731,526,
lightskyblue,715,749,717,730,528,
lightskyblue,715,749,717,731,528,
lightskyblue,715,749,717,730,528,
lightskyblue,715,749,717,731,528,
lightskyblue,719,751,721,730,530,
lightskyblue,719,751,721,731,530,
lightskyblue,719,751,721,730,530,
lightskyblue,719,751,721,731,530,
lightskyblue,675,392,677,730,532,
lightskyblue,675,392,677,731,532,
lightskyblue,675,392,677,730,532,
lightskyblue,675,392,677,731,532,
lightskyblue,679,737,681,730,534,
lightskyblue,679,737,681,731,534,
lightskyblue,679,737,681,730,534,
lightskyblue,679,737,681,731,534,
lightskyblue,683,394,685,730,536,
lightskyblue,683,394,685,731,536,
lightskyblue,683,394,685,730,536,
lightskyblue,683,394,685,731,536,
lightskyblue,687,396,689,730,538,
lightskyblue,687,396,689,731,538,
lightskyblue,687,396,689,730,538,
lightskyblue,687,396,689,731,538,
lightskyblue,691,739,693,730,540,
lightskyblue,691,739,693,731,540,
lightskyblue,691,739,693,730,540,
lightskyblue,691,739,693,731,540,
lightskyblue,695,398,697,730,542,
lightskyblue,695,398,697,731,542,
lightskyblue,695,398,697,730,542,
lightskyblue,695,398,697,731,542,
lightskyblue,699,400,701,730,544,
lightskyblue,699,400,701,731,544,
lightskyblue,699,400,701,730,544,
lightskyblue,699,400,701,731,544,
lightskyblue,703,402,705,730,546,
lightskyblue,703,402,705,731,546,
lightskyblue,703,402,705,730,546,
lightskyblue,703,402,705,731,546,
lightskyblue,707,404,709,730,548,
lightskyblue,707,404,709,731,548,
lightskyblue,707,404,709,730,548,
lightskyblue,707,404,709,731,548,
lightskyblue,711,406,713,730,550,
lightskyblue,711,406,713,731,550,
lightskyblue,711,406,713,730,550,
lightskyblue,711,406,713,731,550,
lightskyblue,715,408,717,730,552,
lightskyblue,715,408,717,731,552,
lightskyblue,715,408,717,730,552,
lightskyblue,715,408,717,731,552,
lightskyblue,719,410,721,730,554,
lightskyblue,719,410,721,731,554,
lightskyblue,719,410,721,730,554,
lightskyblue,719,410,721,731,554,
lightskyblue,675,735,677,730,556,
lightskyblue,675,735,677,731,556,
lightskyblue,675,735,677,730,556,
lightskyblue,675,735,677,731,556,
lightskyblue,679,414,681,730,558,
lightskyblue,679,414,681,731,558,
lightskyblue,679,414,681,730,558,
lightskyblue,679,414,681,731,558,
lightskyblue,683,416,685,730,560,
lightskyblue,683,416,685,731,560,
lightskyblue,683,416,685,730,560,
lightskyblue,683,416,685,731,560,
lightskyblue,687,418,689,730,562,
lightskyblue,687,418,689,731,562,
lightskyblue,687,418,689,730,562,
lightskyblue,687,418,689,731,562,
lightskyblue,691,420,693,730,564,
lightskyblue,691,420,693,731,564,
lightskyblue,691,420,693,730,564,
lightskyblue,691,420,693,731,564,
lightskyblue,695,422,697,730,566,
lightskyblue,695,422,697,731,566,
lightskyblue,695,422,697,730,566,
lightskyblue,695,422,697,731,566,
lightskyblue,699,424,701,730,568,
lightskyblue,699,424,701,731,568,
lightskyblue,699,424,701,730,568,
lightskyblue,699,424,701,731,568,
lightskyblue,703,426,705,730,570,
lightskyblue,703,426,705,731,570,
lightskyblue,703,426,705,730,570,
lightskyblue,703,426,705,731,570,
lightskyblue,707,428,709,730,572,
lightskyblue,707,428,709,731,572,
lightskyblue,707,428,709,730,572,
lightskyblue,707,428,709,731,572,
lightskyblue,711,430,713,730,574,
lightskyblue,711,430,713,731,574,
lightskyblue,711,430,713,730,574,
lightskyblue,711,430,713,731,574,
lightskyblue,715,432,717,730,576,
lightskyblue,715,432,717,731,576,
lightskyblue,715,432,717,730,576,
lightskyblue,715,432,717,731,576,
lightskyblue,719,434,721,730,578,
lightskyblue,719,434,721,731,578,
lightskyblue,719,434,721,730,578,
lightskyblue,719,434,721,731,578,
lightskyblue,675,662,677,730,616,
lightskyblue,675,662,677,731,616,
lightskyblue,675,662,677,730,616,
lightskyblue,675,662,677,731,616,
lightskyblue,679,666,681,730,620,
lightskyblue,679,666,681,731,620,
lightskyblue,679,666,681,730,620,
lightskyblue,679,666,681,731,620,
lightskyblue,683,753,685,730,624,
lightskyblue,683,753,685,731,624,
lightskyblue,683,753,685,730,624,
lightskyblue,683,753,685,731,624,
lightskyblue,687,628,689,730,580,
lightskyblue,687,628,689,731,580,
lightskyblue,687,628,689,730,580,
lightskyblue,687,628,689,731,580,
lightskyblue,691,632,693,730,584,
lightskyblue,691,632,693,731,584,
lightskyblue,691,632,693,730,584,
lightskyblue,691,632,693,731,584,
lightskyblue,695,636,697,730,588,
lightskyblue,695,636,697,731,588,
lightskyblue,695,636,697,730,588,
lightskyblue,695,636,697,731,588,
lightskyblue,699,640,701,730,592,
lightskyblue,699,640,701,731,592,
lightskyblue,699,640,701,730,592,
lightskyblue,699,640,701,731,592,
lightskyblue,703,644,705,730,596,
lightskyblue,703,644,705,731,596,
lightskyblue,703,644,705,730,596,
lightskyblue,703,644,705,731,596,
lightskyblue,707,648,709,730,600,
lightskyblue,707,648,709,731,600,
lightskyblue,707,648,709,730,600,
lightskyblue,707,648,709,731,600,
lightskyblue,711,755,713,730,604,
lightskyblue,711,755,713,731,604,
lightskyblue,711,755,713,730,604,
lightskyblue,711,755,713,731,604,
lightskyblue,715,654,717,730,608,
lightskyblue,715,654,717,731,608,
lightskyblue,715,654,717,730,608,
lightskyblue,715,654,717,731,608,
lightskyblue,719,658,721,730,612,
lightskyblue,719,658,721,731,612,
lightskyblue,719,658,721,730,612,
lightskyblue,719,658,721,731,612,
lightskyblue,675,664,677,730,618,
lightskyblue,675,664,677,731,618,
lightskyblue,675,664,677,730,618,
lightskyblue,675,664,677,731,618,
lightskyblue,679,668,681,730,622,
lightskyblue,679,668,681,731,622,
lightskyblue,679,668,681,730,622,
lightskyblue,679,668,681,731,622,
lightskyblue,683,670,685,730,626,
lightskyblue,683,670,685,731,626,
lightskyblue,683,670,685,730,626,
lightskyblue,683,670,685,731,626,
lightskyblue,687,630,689,730,582,
lightskyblue,687,630,689,731,582,
lightskyblue,687,630,689,730,582,
lightskyblue,687,630,689,731,582,
lightskyblue,691,634,693,730,586,
lightskyblue,691,634,693,731,586,
lightskyblue,691,634,693,730,586,
lightskyblue,691,634,693,731,586,
lightskyblue,695,638,697,730,590,
lightskyblue,695,638,697,731,590,
lightskyblue,695,638,697,730,590,
lightskyblue,695,638,697,731,590,
lightskyblue,699,642,701,730,594,
lightskyblue,699,642,701,731,594,
lightskyblue,699,642,701,730,594,
lightskyblue,699,642,701,731,594,
lightskyblue,703,646,705,730,598,
lightskyblue,703,646,705,731,598,
lightskyblue,703,646,705,730,598,
lightskyblue,703,646,705,731,598,
lightskyblue,707,650,709,730,602,
lightskyblue,707,650,709,731,602,
lightskyblue,707,650,709,730,602,
lightskyblue,707,650,709,731,602,
lightskyblue,711,652,713,730,606,
lightskyblue,711,652,713,731,606,
lightskyblue,711,652,713,730,606,
lightskyblue,711,652,713,731,606,
lightskyblue,715,656,717,730,610,
lightskyblue,715,656,717,731,610,
lightskyblue,715,656,717,730,610,
lightskyblue,715,656,717,731,610,
lightskyblue,719,660,721,730,614,
lightskyblue,719,660,721,731,614,
lightskyblue,719,660,721,730,614,
lightskyblue,719,660,721,731,614,
lightskyblue,723,733,663,725,676,731,726,
lightskyblue,723,733,663,725,676,732,726,
lightskyblue,723,733,663,725,676,731,726,
lightskyblue,723,733,663,725,676,732,726,
lightskyblue,723,728,665,725,676,731,726,
lightskyblue,723,728,665,725,676,732,726,
lightskyblue,723,728,665,725,676,731,726,
lightskyblue,723,728,665,725,676,732,726,
lightskyblue,723,733,667,725,680,731,726,
lightskyblue,723,733,667,725,680,732,726,
lightskyblue,723,733,667,725,680,731,726,
lightskyblue,723,733,667,725,680,732,726,
lightskyblue,723,728,669,725,680,731,726,
lightskyblue,723,728,669,725,680,732,726,
lightskyblue,723,728,669,725,680,731,726,
lightskyblue,723,728,669,725,680,732,726,
lightskyblue,723,733,754,725,684,731,726,
lightskyblue,723,733,754,725,684,732,726,
lightskyblue,723,733,754,725,684,731,726,
lightskyblue,723,733,754,725,684,732,726,
lightskyblue,723,728,671,725,684,731,726,
lightskyblue,723,728,671,725,684,732,726,
lightskyblue,723,728,671,725,684,731,726,
lightskyblue,723,728,671,725,684,732,726,
lightskyblue,723,733,629,725,688,731,726,
lightskyblue,723,733,629,725,688,732,726,
lightskyblue,723,733,629,725,688,731,726,
lightskyblue,723,733,629,725,688,732,726,
lightskyblue,723,728,631,725,688,731,726,
lightskyblue,723,728,631,725,688,732,726,
lightskyblue,723,728,631,725,688,731,726,
lightskyblue,723,728,631,725,688,732,726,
lightskyblue,723,733,633,725,692,731,726,
lightskyblue,723,733,633,725,692,732,726,
lightskyblue,723,733,633,725,692,731,726,
lightskyblue,723,733,633,725,692,732,726,
lightskyblue,723,728,635,725,692,731,726,
lightskyblue,723,728,635,725,692,732,726,
lightskyblue,723,728,635,725,692,731,726,
lightskyblue,723,728,635,725,692,732,726,
lightskyblue,723,733,637,725,696,731,726,
lightskyblue,723,733,637,725,696,732,726,
lightskyblue,723,733,637,725,696,731,726,
lightskyblue,723,733,637,725,696,732,726,
lightskyblue,723,728,639,725,696,731,726,
lightskyblue,723,728,639,725,696,732,726,
lightskyblue,723,728,639,725,696,731,726,
lightskyblue,723,728,639,725,696,732,726,
lightskyblue,723,733,641,725,700,731,726,
lightskyblue,723,733,641,725,700,732,726,
lightskyblue,723,733,641,725,700,731,726,
lightskyblue,723,733,641,725,700,732,726,
lightskyblue,723,728,643,725,700,731,726,
lightskyblue,723,728,643,725,700,732,726,
lightskyblue,723,728,643,725,700,731,726,
lightskyblue,723,728,643,725,700,732,726,
lightskyblue,723,733,645,725,704,731,726,
lightskyblue,723,733,645,725,704,732,726,
lightskyblue,723,733,645,725,704,731,726,
lightskyblue,723,733,645,725,704,732,726,
lightskyblue,723,728,647,725,704,731,726,
lightskyblue,723,728,647,725,704,732,726,
lightskyblue,723,728,647,725,704,731,726,
lightskyblue,723,728,647,725,704,732,726,
lightskyblue,723,733,649,725,708,731,726,
lightskyblue,723,733,649,725,708,732,726,
lightskyblue,723,733,649,725,708,731,726,
lightskyblue,723,733,649,725,708,732,726,
lightskyblue,723,728,651,725,708,731,726,
lightskyblue,723,728,651,725,708,732,726,
lightskyblue,723,728,651,725,708,731,726,
lightskyblue,723,728,651,725,708,732,726,
lightskyblue,723,733,756,725,712,731,726,
lightskyblue,723,733,756,725,712,732,726,
lightskyblue,723,733,756,725,712,731,726,
lightskyblue,723,733,756,725,712,732,726,
lightskyblue,723,728,653,725,712,731,726,
lightskyblue,723,728,653,725,712,732,726,
lightskyblue,723,728,653,725,712,731,726,
lightskyblue,723,728,653,725,712,732,726,
lightskyblue,723,733,655,725,716,731,726,
lightskyblue,723,733,655,725,716,732,726,
lightskyblue,723,733,655,725,716,731,726,
lightskyblue,723,733,655,725,716,732,726,
lightskyblue,723,728,657,725,716,731,726,
lightskyblue,723,728,657,725,716,732,726,
lightskyblue,723,728,657,725,716,731,726,
lightskyblue,723,728,657,725,716,732,726,
lightskyblue,723,733,659,725,720,731,726,
lightskyblue,723,733,659,725,720,732,726,
lightskyblue,723,733,659,725,720,731,726,
lightskyblue,723,733,659,725,720,732,726,
lightskyblue,723,728,661,725,720,731,726,
lightskyblue,723,728,661,725,720,732,726,
lightskyblue,723,728,661,725,720,731,726,
lightskyblue,723,728,661,725,720,732,726,
lightskyblue,733,663,676,731,
lightskyblue,733,663,676,732,
lightskyblue,733,663,676,731,
lightskyblue,733,663,676,732,
lightskyblue,728,665,676,731,
lightskyblue,728,665,676,732,
lightskyblue,728,665,676,731,
lightskyblue,728,665,676,732,
lightskyblue,733,667,680,731,
lightskyblue,733,667,680,732,
lightskyblue,733,667,680,731,
lightskyblue,733,667,680,732,
lightskyblue,728,669,680,731,
lightskyblue,728,669,680,732,
lightskyblue,728,669,680,731,
lightskyblue,728,669,680,732,
lightskyblue,733,754,684,731,
lightskyblue,733,754,684,732,
lightskyblue,733,754,684,731,
lightskyblue,733,754,684,732,
lightskyblue,728,671,684,731,
lightskyblue,728,671,684,732,
lightskyblue,728,671,684,731,
lightskyblue,728,671,684,732,
lightskyblue,733,629,688,731,
lightskyblue,733,629,688,732,
lightskyblue,733,629,688,731,
lightskyblue,733,629,688,732,
lightskyblue,728,631,688,731,
lightskyblue,728,631,688,732,
lightskyblue,728,631,688,731,
lightskyblue,728,631,688,732,
lightskyblue,733,633,692,731,
lightskyblue,733,633,692,732,
lightskyblue,733,633,692,731,
lightskyblue,733,633,692,732,
lightskyblue,728,635,692,731,
lightskyblue,728,635,692,732,
lightskyblue,728,635,692,731,
lightskyblue,728,635,692,732,
lightskyblue,733,637,696,731,
lightskyblue,733,637,696,732,
lightskyblue,733,637,696,731,
lightskyblue,733,637,696,732,
lightskyblue,728,639,696,731,
lightskyblue,728,639,696,732,
lightskyblue,728,639,696,731,
lightskyblue,728,639,696,732,
lightskyblue,733,641,700,731,
lightskyblue,733,641,700,732,
lightskyblue,733,641,700,731,
lightskyblue,733,641,700,732,
lightskyblue,728,643,700,731,
lightskyblue,728,643,700,732,
lightskyblue,728,643,700,731,
lightskyblue,728,643,700,732,
lightskyblue,733,645,704,731,
lightskyblue,733,645,704,732,
lightskyblue,733,645,704,731,
lightskyblue,733,645,704,732,
lightskyblue,728,647,704,731,
lightskyblue,728,647,704,732,
lightskyblue,728,647,704,731,
lightskyblue,728,647,704,732,
lightskyblue,733,649,708,731,
lightskyblue,733,649,708,732,
lightskyblue,733,649,708,731,
lightskyblue,733,649,708,732,
lightskyblue,728,651,708,731,
lightskyblue,728,651,708,732,
lightskyblue,728,651,708,731,
lightskyblue,728,651,708,732,
lightskyblue,733,756,712,731,
lightskyblue,733,756,712,732,
lightskyblue,733,756,712,731,
lightskyblue,733,756,712,732,
lightskyblue,728,653,712,731,
lightskyblue,728,653,712,732,
lightskyblue,728,653,712,731,
lightskyblue,728,653,712,732,
lightskyblue,733,655,716,731,
lightskyblue,733,655,716,732,
lightskyblue,733,655,716,731,
lightskyblue,733,655,716,732,
lightskyblue,728,657,716,731,
lightskyblue,728,657,716,732,
lightskyblue,728,657,716,731,
lightskyblue,728,657,716,732,
lightskyblue,733,659,720,731,
lightskyblue,733,659,720,732,
lightskyblue,733,659,720,731,
lightskyblue,733,659,720,732,
lightskyblue,728,661,720,731,
lightskyblue,728,661,720,732,
lightskyblue,728,661,720,731,
lightskyblue,728,661,720,732,
lightskyblue,662,677,
lightskyblue,662,677,
lightskyblue,664,677,
lightskyblue,664,677,
lightskyblue,666,681,
lightskyblue,666,681,
lightskyblue,668,681,
lightskyblue,668,681,
lightskyblue,753,685,
lightskyblue,753,685,
lightskyblue,670,685,
lightskyblue,670,685,
lightskyblue,628,689,
lightskyblue,628,689,
lightskyblue,630,689,
lightskyblue,630,689,
lightskyblue,632,693,
lightskyblue,632,693,
lightskyblue,634,693,
lightskyblue,634,693,
lightskyblue,636,697,
lightskyblue,636,697,
lightskyblue,638,697,
lightskyblue,638,697,
lightskyblue,640,701,
lightskyblue,640,701,
lightskyblue,642,701,
lightskyblue,642,701,
lightskyblue,644,705,
lightskyblue,644,705,
lightskyblue,646,705,
lightskyblue,646,705,
lightskyblue,648,709,
lightskyblue,648,709,
lightskyblue,650,709,
lightskyblue,650,709,
lightskyblue,755,713,
lightskyblue,755,713,
lightskyblue,652,713,
lightskyblue,652,713,
lightskyblue,654,717,
lightskyblue,654,717,
lightskyblue,656,717,
lightskyblue,656,717,
lightskyblue,658,721,
lightskyblue,658,721,
lightskyblue,660,721,
lightskyblue,660,721,
lightskyblue,298,734,729,672,727,
lightskyblue,298,734,729,672,727,
lightskyblue,322,734,729,672,727,
lightskyblue,322,734,729,672,727,
lightskyblue,346,734,729,672,727,
lightskyblue,346,734,729,672,727,
lightskyblue,370,734,729,672,727,
lightskyblue,370,734,729,672,727,
lightskyblue,390,734,729,672,727,
lightskyblue,390,734,729,672,727,
lightskyblue,412,734,729,672,727,
lightskyblue,412,734,729,672,727,
