green,
green,
green,
green,
green,
green,
green,
green,
green,
green,
green,
green,
green,
green,
green,
green,
green,
green,
green,
green,
green,
green,
green,
green,
green,
green,
green,
green,
green,
green,
green,
green,
green,
green,
green,
green,
green,
green,
green,
green,
green,
green,
green,
green,
green,
green,
green,
green,
green,
green,
green,
green,
green,
green,
green,
green,
green,
green,
green,
green,
green,
green,
green,
green,
green,
green,
green,
green,
green,
green,
green,
green,
green,
green,
green,
green,
green,
green,
green,
green,
green,
green,
green,
green,
green,
green,
green,
green,
green,
green,
green,
green,
green,
green,
green,
green,
green,
green,
green,
green,
green,
green,
green,
green,
green,
green,
green,
green,
green,
green,
green,
green,
green,
green,
green,
green,
green,
green,
green,
green,
green,
green,
green,
green,
green,
green,
green,
green,
green,
green,
green,
green,
green,
green,
green,
green,
green,
green,
green,
green,
green,
green,
green,
green,
green,
green,
green,
green,
green,
green,
green,
green,
green,
green,
green,
green,
green,
green,
green,
green,
green,
green,
green,
green,
green,
green,
green,
green,
green,
green,
green,
green,
green,
green,
green,
green,
green,
green,
green,
green,
green,
green,
green,
green,
green,
green,
green,
green,
green,
green,
green,
green,
green,
green,
green,
green,
green,
green,
green,
green,
green,
green,
green,
green,
green,
green,
green,
green,
green,
green,
green,
green,
green,
green,
green,
green,
green,
green,
green,
green,
green,
green,
green,
green,
green,
green,
green,
green,
green,
green,
green,
green,
green,
green,
green,
green,
green,
green,
green,
green,
green,
green,
green,
green,
green,
green,
green,
green,
green,
green,
green,
green,
green,
green,
green,
green,
green,
green,
green,
green,
green,
green,
green,
green,
green,
green,
green,
green,
green,
gold,0,1364,1375,
gold,0,
gold,1,1365,1376,
gold,1,
gold,2,1366,1377,
gold,2,
gold,3,1367,1378,
gold,3,
gold,4,1368,1379,
gold,4,
gold,5,1369,1380,
gold,5,
gold,6,1370,1381,
gold,6,
gold,7,1371,1382,
gold,7,
gold,8,829,831,833,835,837,839,841,843,845,847,849,851,853,855,857,859,861,863,865,867,869,871,873,875,877,879,881,883,885,887,889,891,893,895,897,899,901,903,905,907,909,911,913,915,917,919,921,923,925,927,929,931,933,935,937,939,941,943,945,947,949,951,953,955,957,959,961,963,965,967,969,971,973,975,977,979,981,983,985,987,989,991,993,995,997,999,1001,1003,1005,1007,1009,1011,1013,1015,1017,1019,1021,1023,1025,1027,1029,1031,1033,1035,1037,1039,1041,1043,1045,1047,1049,1325,1327,1329,1331,1333,1335,1337,1339,1341,1343,1345,1347,1349,1351,1353,1355,1357,1359,1361,1363,1364,1365,1366,1367,1368,1369,1370,1371,1372,1373,1374,2009,2011,2013,2015,2017,2019,2021,2023,2025,2027,2029,2031,2033,2035,2037,2039,2041,2043,2045,2047,2049,2051,2053,2055,2057,2059,2061,2063,2065,
gold,8,828,1050,1051,1052,1053,1054,1055,1056,1057,1058,1059,1060,1061,1062,1063,1064,1065,1066,1067,1068,1069,1070,1071,1072,1073,1074,1075,1076,1386,1408,1409,1412,1413,1416,1417,1420,1421,1424,1425,1428,1429,1432,1433,1436,1437,1440,1441,1444,1445,1448,1449,1452,1453,1456,1457,1460,1461,1464,1465,1468,1469,1472,1473,1476,1477,1480,1481,1484,1485,1488,1489,1492,1493,1496,1497,1500,1501,1504,1505,1508,1509,1512,1513,1516,1517,1520,1521,1524,1525,1528,1529,1532,1533,1536,1537,1540,1541,1544,1545,1548,1549,1552,1553,1556,1557,1560,1561,1564,1565,1568,1569,1572,1573,1576,1577,1580,1581,1584,1585,1588,1589,1592,1593,1596,1597,1600,1601,1604,1605,1608,1609,1612,1613,1616,1617,1620,1621,1624,1625,1628,1629,1632,1633,1636,1637,1640,1641,1644,1645,1648,1649,1652,1653,1656,1657,1660,1661,1664,1665,1668,1669,1672,1673,1676,1677,1680,1681,1684,1685,1688,1689,1692,1693,1696,1697,1700,1701,1704,1705,1708,1709,1712,1713,1716,1717,1720,1721,1724,1725,1728,1729,1732,1733,1736,1737,1740,1741,1744,1745,1748,1749,1752,1753,1756,1757,1760,1761,1764,1765,1768,1769,1772,1773,1776,1777,1780,1781,1784,1785,1788,1789,1792,1793,1796,1797,1800,1801,1804,1805,1808,1809,1812,1813,1816,1817,1820,1821,1824,1825,1828,1829,1832,1833,1836,1837,1840,1841,1844,1845,2048,2050,2052,2054,2056,2058,2060,2062,2064,
gold,8,830,832,834,836,838,840,842,844,846,848,850,1104,1105,1106,1107,1108,1109,1110,1111,1112,1113,1114,1324,1326,1387,1848,1849,1852,1853,1928,1929,1932,1933,2008,2010,
gold,8,852,854,856,858,860,862,864,866,868,870,872,1115,1116,1117,1118,1119,1120,1121,1122,1123,1124,1125,1328,1330,1388,1856,1857,1860,1861,1936,1937,1940,1941,2012,2014,
gold,8,874,876,878,880,882,884,886,888,890,892,894,1126,1127,1128,1129,1130,1131,1132,1133,1134,1135,1136,1332,1334,1389,1864,1865,1868,1869,1944,1945,1948,1949,2016,2018,
gold,8,896,898,900,902,904,906,908,910,912,914,916,1137,1138,1139,1140,1141,1142,1143,1144,1145,1146,1147,1336,1338,1390,1872,1873,1876,1877,1952,1953,1956,1957,2020,2022,
gold,8,918,920,922,924,926,928,930,932,934,936,938,1148,1149,1150,1151,1152,1153,1154,1155,1156,1157,1158,1340,1342,1391,1880,1881,1884,1885,1960,1961,1964,1965,2024,2026,
gold,8,940,942,944,946,948,950,952,954,956,958,960,1159,1160,1161,1162,1163,1164,1165,1166,1167,1168,1169,1344,1346,1392,1888,1889,1892,1893,1968,1969,1972,1973,2028,2030,
gold,8,962,964,966,968,970,972,974,976,978,980,982,1170,1171,1172,1173,1174,1175,1176,1177,1178,1179,1180,1348,1350,1393,1896,1897,1900,1901,1976,1977,1980,1981,2032,2034,
gold,8,984,986,988,990,992,994,996,998,1000,1002,1004,1181,1182,1183,1184,1185,1186,1187,1188,1189,1190,1191,1352,1354,1394,1904,1905,1908,1909,1984,1985,1988,1989,2036,2038,
gold,8,1006,1008,1010,1012,1014,1016,1018,1020,1022,1024,1026,1192,1193,1194,1195,1196,1197,1198,1199,1200,1201,1202,1356,1358,1395,1912,1913,1916,1917,1992,1993,1996,1997,2040,2042,
gold,8,1028,1030,1032,1034,1036,1038,1040,1042,1044,1046,1048,1203,1204,1205,1206,1207,1208,1209,1210,1211,1212,1213,1360,1362,1396,1920,1921,1924,1925,2000,2001,2004,2005,2044,2046,
gold,9,1372,1383,
gold,9,
gold,10,1373,1384,
gold,10,
gold,11,828,830,832,834,836,838,840,842,844,846,848,850,852,854,856,858,860,862,864,866,868,870,872,874,876,878,880,882,884,886,888,890,892,894,896,898,900,902,904,906,908,910,912,914,916,918,920,922,924,926,928,930,932,934,936,938,940,942,944,946,948,950,952,954,956,958,960,962,964,966,968,970,972,974,976,978,980,982,984,986,988,990,992,994,996,998,1000,1002,1004,1006,1008,1010,1012,1014,1016,1018,1020,1022,1024,1026,1028,1030,1032,1034,1036,1038,1040,1042,1044,1046,1048,1324,1326,1328,1330,1332,1334,1336,1338,1340,1342,1344,1346,1348,1350,1352,1354,1356,1358,1360,1362,1375,1376,1377,1378,1379,1380,1381,1382,1383,1384,1385,2008,2010,2012,2014,2016,2018,2020,2022,2024,2026,2028,2030,2032,2034,2036,2038,2040,2042,2044,2046,2048,2050,2052,2054,2056,2058,2060,2062,2064,
gold,11,829,1077,1078,1079,1080,1081,1082,1083,1084,1085,1086,1087,1088,1089,1090,1091,1092,1093,1094,1095,1096,1097,1098,1099,1100,1101,1102,1103,1397,1410,1411,1414,1415,1418,1419,1422,1423,1426,1427,1430,1431,1434,1435,1438,1439,1442,1443,1446,1447,1450,1451,1454,1455,1458,1459,1462,1463,1466,1467,1470,1471,1474,1475,1478,1479,1482,1483,1486,1487,1490,1491,1494,1495,1498,1499,1502,1503,1506,1507,1510,1511,1514,1515,1518,1519,1522,1523,1526,1527,1530,1531,1534,1535,1538,1539,1542,1543,1546,1547,1550,1551,1554,1555,1558,1559,1562,1563,1566,1567,1570,1571,1574,1575,1578,1579,1582,1583,1586,1587,1590,1591,1594,1595,1598,1599,1602,1603,1606,1607,1610,1611,1614,1615,1618,1619,1622,1623,1626,1627,1630,1631,1634,1635,1638,1639,1642,1643,1646,1647,1650,1651,1654,1655,1658,1659,1662,1663,1666,1667,1670,1671,1674,1675,1678,1679,1682,1683,1686,1687,1690,1691,1694,1695,1698,1699,1702,1703,1706,1707,1710,1711,1714,1715,1718,1719,1722,1723,1726,1727,1730,1731,1734,1735,1738,1739,1742,1743,1746,1747,1750,1751,1754,1755,1758,1759,1762,1763,1766,1767,1770,1771,1774,1775,1778,1779,1782,1783,1786,1787,1790,1791,1794,1795,1798,1799,1802,1803,1806,1807,1810,1811,1814,1815,1818,1819,1822,1823,1826,1827,1830,1831,1834,1835,1838,1839,1842,1843,1846,1847,2049,2051,2053,2055,2057,2059,2061,2063,2065,
gold,11,831,833,835,837,839,841,843,845,847,849,851,1214,1215,1216,1217,1218,1219,1220,1221,1222,1223,1224,1325,1327,1398,1850,1851,1854,1855,1930,1931,1934,1935,2009,2011,
gold,11,853,855,857,859,861,863,865,867,869,871,873,1225,1226,1227,1228,1229,1230,1231,1232,1233,1234,1235,1329,1331,1399,1858,1859,1862,1863,1938,1939,1942,1943,2013,2015,
gold,11,875,877,879,881,883,885,887,889,891,893,895,1236,1237,1238,1239,1240,1241,1242,1243,1244,1245,1246,1333,1335,1400,1866,1867,1870,1871,1946,1947,1950,1951,2017,2019,
gold,11,897,899,901,903,905,907,909,911,913,915,917,1247,1248,1249,1250,1251,1252,1253,1254,1255,1256,1257,1337,1339,1401,1874,1875,1878,1879,1954,1955,1958,1959,2021,2023,
gold,11,919,921,923,925,927,929,931,933,935,937,939,1258,1259,1260,1261,1262,1263,1264,1265,1266,1267,1268,1341,1343,1402,1882,1883,1886,1887,1962,1963,1966,1967,2025,2027,
gold,11,941,943,945,947,949,951,953,955,957,959,961,1269,1270,1271,1272,1273,1274,1275,1276,1277,1278,1279,1345,1347,1403,1890,1891,1894,1895,1970,1971,1974,1975,2029,2031,
gold,11,963,965,967,969,971,973,975,977,979,981,983,1280,1281,1282,1283,1284,1285,1286,1287,1288,1289,1290,1349,1351,1404,1898,1899,1902,1903,1978,1979,1982,1983,2033,2035,
gold,11,985,987,989,991,993,995,997,999,1001,1003,1005,1291,1292,1293,1294,1295,1296,1297,1298,1299,1300,1301,1353,1355,1405,1906,1907,1910,1911,1986,1987,1990,1991,2037,2039,
gold,11,1007,1009,1011,1013,1015,1017,1019,1021,1023,1025,1027,1302,1303,1304,1305,1306,1307,1308,1309,1310,1311,1312,1357,1359,1406,1914,1915,1918,1919,1994,1995,1998,1999,2041,2043,
gold,11,1029,1031,1033,1035,1037,1039,1041,1043,1045,1047,1049,1313,1314,1315,1316,1317,1318,1319,1320,1321,1322,1323,1361,1363,1407,1922,1923,1926,1927,2002,2003,2006,2007,2045,2047,
gold,12,1374,1385,
gold,12,
gold,13,1050,1051,1052,1077,1078,1079,1408,1409,1410,1411,1412,1413,1414,1415,1416,1417,1418,1419,1420,1421,1422,1423,1424,1425,1426,1427,1428,1429,1430,1431,1432,1433,1434,1435,1436,1437,1438,1439,1440,1441,1442,1443,1444,1445,1446,1447,
gold,13,
gold,14,1104,1214,
gold,14,
gold,15,1115,1225,
gold,15,
gold,16,1126,1236,
gold,16,
gold,17,1148,1258,
gold,17,
gold,18,1159,1269,
gold,18,
gold,19,1170,1280,
gold,19,
gold,20,1181,1291,
gold,20,
gold,21,1192,1302,
gold,21,
gold,22,1203,1313,
gold,22,
gold,23,1053,1054,1055,1080,1081,1082,1448,1449,1450,1451,1452,1453,1454,1455,1456,1457,1458,1459,1460,1461,1462,1463,1464,1465,1466,1467,1468,1469,1470,1471,1472,1473,1474,1475,1476,1477,1478,1479,1480,1481,1482,1483,1484,1485,1486,1487,
gold,23,
gold,24,1116,1226,
gold,24,
gold,25,1127,1237,
gold,25,
gold,26,1138,1248,
gold,26,
gold,27,1149,1259,
gold,27,
gold,28,1160,1270,
gold,28,
gold,29,1171,1281,
gold,29,
gold,30,1182,1292,
gold,30,
gold,31,1193,1303,
gold,31,
gold,32,1204,1314,
gold,32,
gold,33,1056,1057,1058,1083,1084,1085,1488,1489,1490,1491,1492,1493,1494,1495,1496,1497,1498,1499,1500,1501,1502,1503,1504,1505,1506,1507,1508,1509,1510,1511,1512,1513,1514,1515,1516,1517,1518,1519,1520,1521,1522,1523,1524,1525,1526,1527,
gold,33,
gold,34,1106,1216,
gold,34,
gold,35,1117,1227,
gold,35,
gold,36,1128,1238,
gold,36,
gold,37,1139,1249,
gold,37,
gold,38,1150,1260,
gold,38,
gold,39,1161,1271,
gold,39,
gold,40,1172,1282,
gold,40,
gold,41,1183,1293,
gold,41,
gold,42,1194,1304,
gold,42,
gold,43,1059,1060,1061,1086,1087,1088,1528,1529,1530,1531,1532,1533,1534,1535,1536,1537,1538,1539,1540,1541,1542,1543,1544,1545,1546,1547,1548,1549,1550,1551,1552,1553,1554,1555,1556,1557,1558,1559,1560,1561,1562,1563,1564,1565,1566,1567,
gold,43,
gold,44,1107,1217,
gold,44,
gold,45,1118,1228,
gold,45,
gold,46,1129,1239,
gold,46,
gold,47,1140,1250,
gold,47,
gold,48,1151,1261,
gold,48,
gold,49,1162,1272,
gold,49,
gold,50,1173,1283,
gold,50,
gold,51,1184,1294,
gold,51,
gold,52,1206,1316,
gold,52,
gold,53,1062,1063,1064,1089,1090,1091,1568,1569,1570,1571,1572,1573,1574,1575,1576,1577,1578,1579,1580,1581,1582,1583,1584,1585,1586,1587,1588,1589,1590,1591,1592,1593,1594,1595,1596,1597,1598,1599,1600,1601,1602,1603,1604,1605,1606,1607,
gold,53,
gold,54,1108,1218,
gold,54,
gold,55,1119,1229,
gold,55,
gold,56,1130,1240,
gold,56,
gold,57,1141,1251,
gold,57,
gold,58,1152,1262,
gold,58,
gold,59,1163,1273,
gold,59,
gold,60,1185,1295,
gold,60,
gold,61,1196,1306,
gold,61,
gold,62,1207,1317,
gold,62,
gold,63,1065,1066,1067,1092,1093,1094,1608,1609,1610,1611,1612,1613,1614,1615,1616,1617,1618,1619,1620,1621,1622,1623,1624,1625,1626,1627,1628,1629,1630,1631,1632,1633,1634,1635,1636,1637,1638,1639,1640,1641,1642,1643,1644,1645,1646,1647,
gold,63,
gold,64,1109,1219,
gold,64,
gold,65,1120,1230,
gold,65,
gold,66,1142,1252,
gold,66,
gold,67,1153,1263,
gold,67,
gold,68,1164,1274,
gold,68,
gold,69,1175,1285,
gold,69,
gold,70,1186,1296,
gold,70,
gold,71,1197,1307,
gold,71,
gold,72,1208,1318,
gold,72,
gold,73,1068,1069,1070,1095,1096,1097,1648,1649,1650,1651,1652,1653,1654,1655,1656,1657,1658,1659,1660,1661,1662,1663,1664,1665,1666,1667,1668,1669,1670,1671,1672,1673,1674,1675,1676,1677,1678,1679,1680,1681,1682,1683,1684,1685,1686,1687,
gold,73,
gold,74,1110,1220,
gold,74,
gold,75,1121,1231,
gold,75,
gold,76,1132,1242,
gold,76,
gold,77,1143,1253,
gold,77,
gold,78,1165,1275,
gold,78,
gold,79,1176,1286,
gold,79,
gold,80,1187,1297,
gold,80,
gold,81,1198,1308,
gold,81,
gold,82,1209,1319,
gold,82,
gold,83,1071,1072,1073,1098,1099,1100,1688,1689,1690,1691,1692,1693,1694,1695,1696,1697,1698,1699,1700,1701,1702,1703,1704,1705,1706,1707,1708,1709,1710,1711,1712,1713,1714,1715,1716,1717,1718,1719,1720,1721,1722,1723,1724,1725,1726,1727,
gold,83,
gold,84,1111,1221,
gold,84,
gold,85,1122,1232,
gold,85,
gold,86,1133,1243,
gold,86,
gold,87,1144,1254,
gold,87,
gold,88,1155,1265,
gold,88,
gold,89,1177,1287,
gold,89,
gold,90,1188,1298,
gold,90,
gold,91,1199,1309,
gold,91,
gold,92,1210,1320,
gold,92,
gold,93,1074,1075,1076,1101,1102,1103,1728,1729,1730,1731,1732,1733,1734,1735,1736,1737,1738,1739,1740,1741,1742,1743,1744,1745,1746,1747,1748,1749,1750,1751,1752,1753,1754,1755,1756,1757,1758,1759,1760,1761,1762,1763,1764,1765,1766,1767,
gold,93,
gold,94,1112,1222,
gold,94,
gold,95,1123,1233,
gold,95,
gold,96,1134,1244,
gold,96,
gold,97,1145,1255,
gold,97,
gold,98,1156,1266,
gold,98,
gold,99,1167,1277,
gold,99,
gold,100,1178,1288,
gold,100,
gold,101,1200,1310,
gold,101,
gold,102,1211,1321,
gold,102,
gold,103,830,831,
gold,103,
gold,104,852,853,
gold,104,
gold,105,874,875,
gold,105,
gold,106,896,897,
gold,106,
gold,107,918,919,
gold,107,
gold,108,940,941,
gold,108,
gold,109,962,963,
gold,109,
gold,110,984,985,
gold,110,
gold,111,1006,1007,
gold,111,
gold,112,1028,1029,
gold,112,
gold,113,832,833,
gold,113,
gold,114,854,855,
gold,114,
gold,115,876,877,
gold,115,
gold,116,898,899,
gold,116,
gold,117,920,921,
gold,117,
gold,118,942,943,
gold,118,
gold,119,964,965,
gold,119,
gold,120,986,987,
gold,120,
gold,121,1008,1009,
gold,121,
gold,122,1030,1031,
gold,122,
gold,123,834,835,
gold,123,
gold,124,856,857,
gold,124,
gold,125,878,879,
gold,125,
gold,126,900,901,
gold,126,
gold,127,922,923,
gold,127,
gold,128,944,945,
gold,128,
gold,129,966,967,
gold,129,
gold,130,988,989,
gold,130,
gold,131,1010,1011,
gold,131,
gold,132,1032,1033,
gold,132,
gold,133,836,837,
gold,133,
gold,134,858,859,
gold,134,
gold,135,880,881,
gold,135,
gold,136,902,903,
gold,136,
gold,137,924,925,
gold,137,
gold,138,946,947,
gold,138,
gold,139,968,969,
gold,139,
gold,140,990,991,
gold,140,
gold,141,1012,1013,
gold,141,
gold,142,1034,1035,
gold,142,
gold,143,838,839,
gold,143,
gold,144,860,861,
gold,144,
gold,145,882,883,
gold,145,
gold,146,904,905,
gold,146,
gold,147,926,927,
gold,147,
gold,148,948,949,
gold,148,
gold,149,970,971,
gold,149,
gold,150,992,993,
gold,150,
gold,151,1014,1015,
gold,151,
gold,152,1036,1037,
gold,152,
gold,153,840,841,
gold,153,
gold,154,862,863,
gold,154,
gold,155,884,885,
gold,155,
gold,156,906,907,
gold,156,
gold,157,928,929,
gold,157,
gold,158,950,951,
gold,158,
gold,159,972,973,
gold,159,
gold,160,994,995,
gold,160,
gold,161,1016,1017,
gold,161,
gold,162,1038,1039,
gold,162,
gold,163,842,843,
gold,163,
gold,164,864,865,
gold,164,
gold,165,886,887,
gold,165,
gold,166,908,909,
gold,166,
gold,167,930,931,
gold,167,
gold,168,952,953,
gold,168,
gold,169,974,975,
gold,169,
gold,170,996,997,
gold,170,
gold,171,1018,1019,
gold,171,
gold,172,1040,1041,
gold,172,
gold,173,844,845,
gold,173,
gold,174,866,867,
gold,174,
gold,175,888,889,
gold,175,
gold,176,910,911,
gold,176,
gold,177,932,933,
gold,177,
gold,178,954,955,
gold,178,
gold,179,976,977,
gold,179,
gold,180,998,999,
gold,180,
gold,181,1020,1021,
gold,181,
gold,182,1042,1043,
gold,182,
gold,183,846,847,
gold,183,
gold,184,868,869,
gold,184,
gold,185,890,891,
gold,185,
gold,186,912,913,
gold,186,
gold,187,934,935,
gold,187,
gold,188,956,957,
gold,188,
gold,189,978,979,
gold,189,
gold,190,1000,1001,
gold,190,
gold,191,1022,1023,
gold,191,
gold,192,1044,1045,
gold,192,
gold,193,914,915,2020,2021,
gold,193,
gold,194,916,917,2022,2023,
gold,194,
gold,195,936,937,2024,2025,
gold,195,
gold,196,938,939,2026,2027,
gold,196,
gold,197,958,959,2028,2029,
gold,197,
gold,198,960,961,2030,2031,
gold,198,
gold,199,980,981,2032,2033,
gold,199,
gold,200,982,983,2034,2035,
gold,200,
gold,201,1002,1003,2036,2037,
gold,201,
gold,202,1004,1005,2038,2039,
gold,202,
gold,203,1024,1025,2040,2041,
gold,203,
gold,204,1026,1027,2042,2043,
gold,204,
gold,205,1046,1047,2044,2045,
gold,205,
gold,206,1048,1049,2046,2047,
gold,206,
gold,207,848,849,2008,2009,
gold,207,
gold,208,850,851,2010,2011,
gold,208,
gold,209,870,871,2012,2013,
gold,209,
gold,210,872,873,2014,2015,
gold,210,
gold,211,892,893,2016,2017,
gold,211,
gold,212,894,895,2018,2019,
gold,212,
gold,213,1146,1256,1872,1873,1874,1875,1952,1953,1954,1955,
gold,213,
gold,214,1147,1257,1876,1877,1878,1879,1956,1957,1958,1959,
gold,214,
gold,215,1157,1267,1880,1881,1882,1883,1960,1961,1962,1963,
gold,215,
gold,216,1158,1268,1884,1885,1886,1887,1964,1965,1966,1967,
gold,216,
gold,217,1168,1278,1888,1889,1890,1891,1968,1969,1970,1971,
gold,217,
gold,218,1169,1279,1892,1893,1894,1895,1972,1973,1974,1975,
gold,218,
gold,219,1179,1289,1896,1897,1898,1899,1976,1977,1978,1979,
gold,219,
gold,220,1180,1290,1900,1901,1902,1903,1980,1981,1982,1983,
gold,220,
gold,221,1190,1300,1904,1905,1906,1907,1984,1985,1986,1987,
gold,221,
gold,222,1191,1301,1908,1909,1910,1911,1988,1989,1990,1991,
gold,222,
gold,223,1201,1311,1912,1913,1914,1915,1992,1993,1994,1995,
gold,223,
gold,224,1202,1312,1916,1917,1918,1919,1996,1997,1998,1999,
gold,224,
gold,225,1212,1322,1920,1921,1922,1923,2000,2001,2002,2003,
gold,225,
gold,226,1213,1323,1924,1925,1926,1927,2004,2005,2006,2007,
gold,226,
gold,227,1113,1223,1848,1849,1850,1851,1928,1929,1930,1931,
gold,227,
gold,228,1114,1224,1852,1853,1854,1855,1932,1933,1934,1935,
gold,228,
gold,229,1124,1234,1856,1857,1858,1859,1936,1937,1938,1939,
gold,229,
gold,230,1125,1235,1860,1861,1862,1863,1940,1941,1942,1943,
gold,230,
gold,231,1135,1245,1864,1865,1866,1867,1944,1945,1946,1947,
gold,231,
gold,232,1136,1246,1868,1869,1870,1871,1948,1949,1950,1951,
gold,232,
gold,233,1050,1051,1052,1053,1054,1055,1056,1057,1058,1059,1060,1061,1062,1063,1064,1065,1066,1067,1068,1069,1070,1071,1072,1073,1074,1075,1076,1077,1078,1079,1080,1081,1082,1083,1084,1085,1086,1087,1088,1089,1090,1091,1092,1093,1094,1095,1096,1097,1098,1099,1100,1101,1102,1103,1408,1409,1410,1411,1412,1413,1414,1415,1416,1417,1418,1419,1420,1421,1422,1423,1424,1425,1426,1427,1428,1429,1430,1431,1432,1433,1434,1435,1436,1437,1438,1439,1440,1441,1442,1443,1444,1445,1446,1447,1448,1449,1450,1451,1452,1453,1454,1455,1456,1457,1458,1459,1460,1461,1462,1463,1464,1465,1466,1467,1468,1469,1470,1471,1472,1473,1474,1475,1476,1477,1478,1479,1480,1481,1482,1483,1484,1485,1486,1487,1488,1489,1490,1491,1492,1493,1494,1495,1496,1497,1498,1499,1500,1501,1502,1503,1504,1505,1506,1507,1508,1509,1510,1511,1512,1513,1514,1515,1516,1517,1518,1519,1520,1521,1522,1523,1524,1525,1526,1527,1528,1529,1530,1531,1532,1533,1534,1535,1536,1537,1538,1539,1540,1541,1542,1543,1544,1545,1546,1547,1548,1549,1550,1551,1552,1553,1554,1555,1556,1557,1558,1559,1560,1561,1562,1563,1564,1565,1566,1567,1568,1569,1570,1571,1572,1573,1574,1575,1576,1577,1578,1579,1580,1581,1582,1583,1584,1585,1586,1587,1588,1589,1590,1591,1592,1593,1594,1595,1596,1597,1598,1599,1600,1601,1602,1603,1604,1605,1606,1607,1608,1609,1610,1611,1612,1613,1614,1615,1616,1617,1618,1619,1620,1621,1622,1623,1624,1625,1626,1627,1628,1629,1630,1631,1632,1633,1634,1635,1636,1637,1638,1639,1640,1641,1642,1643,1644,1645,1646,1647,1648,1649,1650,1651,1652,1653,1654,1655,1656,1657,1658,1659,1660,1661,1662,1663,1664,1665,1666,1667,1668,1669,1670,1671,1672,1673,1674,1675,1676,1677,1678,1679,1680,1681,1682,1683,1684,1685,1686,1687,1688,1689,1690,1691,1692,1693,1694,1695,1696,1697,1698,1699,1700,1701,1702,1703,1704,1705,1706,1707,1708,1709,1710,1711,1712,1713,1714,1715,1716,1717,1718,1719,1720,1721,1722,1723,1724,1725,1726,1727,1728,1729,1730,1731,1732,1733,1734,1735,1736,1737,1738,1739,1740,1741,1742,1743,1744,1745,1746,1747,1748,1749,1750,1751,1752,1753,1754,1755,1756,1757,1758,1759,1760,1761,1762,1763,1764,1765,1766,1767,1768,1769,1770,1771,1772,1773,1774,1775,1776,1777,1778,1779,1780,1781,1782,1783,1784,1785,1786,1787,1788,1789,1790,1791,1792,1793,1794,1795,1796,1797,1798,1799,1800,1801,1802,1803,1804,1805,1806,1807,1808,1809,1810,1811,1812,1813,1814,1815,1816,1817,1818,1819,1820,1821,1822,1823,1824,1825,1826,1827,1828,1829,1830,1831,1832,1833,1834,1835,1836,1837,1838,1839,1840,1841,1842,1843,1844,1845,1846,1847,
gold,233,
gold,234,1324,1325,1326,1327,1408,1409,1410,1411,1448,1449,1450,1451,1488,1489,1490,1491,1528,1529,1530,1531,1568,1569,1570,1571,1608,1609,1610,1611,1648,1649,1650,1651,1688,1689,1690,1691,1728,1729,1730,1731,1768,1769,1770,1771,1808,1809,1810,1811,
gold,234,
gold,235,830,831,832,833,834,835,836,837,838,839,840,841,842,843,844,845,846,847,848,849,850,851,1324,1325,1326,1327,1408,1409,1410,1411,1448,1449,1450,1451,1488,1489,1490,1491,1528,1529,1530,1531,1568,1569,1570,1571,1608,1609,1610,1611,1648,1649,1650,1651,1688,1689,1690,1691,1728,1729,1730,1731,1768,1769,1770,1771,1808,1809,1810,1811,2008,2009,2010,2011,
gold,235,
gold,236,1328,1329,1330,1331,1412,1413,1414,1415,1452,1453,1454,1455,1492,1493,1494,1495,1532,1533,1534,1535,1572,1573,1574,1575,1612,1613,1614,1615,1652,1653,1654,1655,1692,1693,1694,1695,1732,1733,1734,1735,1772,1773,1774,1775,1812,1813,1814,1815,
gold,236,
gold,237,852,853,854,855,856,857,858,859,860,861,862,863,864,865,866,867,868,869,870,871,872,873,1328,1329,1330,1331,1412,1413,1414,1415,1452,1453,1454,1455,1492,1493,1494,1495,1532,1533,1534,1535,1572,1573,1574,1575,1612,1613,1614,1615,1652,1653,1654,1655,1692,1693,1694,1695,1732,1733,1734,1735,1772,1773,1774,1775,1812,1813,1814,1815,2012,2013,2014,2015,
gold,237,
gold,238,1332,1333,1334,1335,1416,1417,1418,1419,1456,1457,1458,1459,1496,1497,1498,1499,1536,1537,1538,1539,1576,1577,1578,1579,1616,1617,1618,1619,1656,1657,1658,1659,1696,1697,1698,1699,1736,1737,1738,1739,1776,1777,1778,1779,1816,1817,1818,1819,
gold,238,
gold,239,874,875,876,877,878,879,880,881,882,883,884,885,886,887,888,889,890,891,892,893,894,895,1332,1333,1334,1335,1416,1417,1418,1419,1456,1457,1458,1459,1496,1497,1498,1499,1536,1537,1538,1539,1576,1577,1578,1579,1616,1617,1618,1619,1656,1657,1658,1659,1696,1697,1698,1699,1736,1737,1738,1739,1776,1777,1778,1779,1816,1817,1818,1819,2016,2017,2018,2019,
gold,239,
gold,240,1336,1337,1338,1339,1420,1421,1422,1423,1460,1461,1462,1463,1500,1501,1502,1503,1540,1541,1542,1543,1580,1581,1582,1583,1620,1621,1622,1623,1660,1661,1662,1663,1700,1701,1702,1703,1740,1741,1742,1743,1780,1781,1782,1783,1820,1821,1822,1823,
gold,240,
gold,241,896,897,898,899,900,901,902,903,904,905,906,907,908,909,910,911,912,913,914,915,916,917,1336,1337,1338,1339,1420,1421,1422,1423,1460,1461,1462,1463,1500,1501,1502,1503,1540,1541,1542,1543,1580,1581,1582,1583,1620,1621,1622,1623,1660,1661,1662,1663,1700,1701,1702,1703,1740,1741,1742,1743,1780,1781,1782,1783,1820,1821,1822,1823,2020,2021,2022,2023,
gold,241,
gold,242,1340,1341,1342,1343,1424,1425,1426,1427,1464,1465,1466,1467,1504,1505,1506,1507,1544,1545,1546,1547,1584,1585,1586,1587,1624,1625,1626,1627,1664,1665,1666,1667,1704,1705,1706,1707,1744,1745,1746,1747,1784,1785,1786,1787,1824,1825,1826,1827,
gold,242,
gold,243,918,919,920,921,922,923,924,925,926,927,928,929,930,931,932,933,934,935,936,937,938,939,1340,1341,1342,1343,1424,1425,1426,1427,1464,1465,1466,1467,1504,1505,1506,1507,1544,1545,1546,1547,1584,1585,1586,1587,1624,1625,1626,1627,1664,1665,1666,1667,1704,1705,1706,1707,1744,1745,1746,1747,1784,1785,1786,1787,1824,1825,1826,1827,2024,2025,2026,2027,
gold,243,
gold,244,1344,1345,1346,1347,1428,1429,1430,1431,1468,1469,1470,1471,1508,1509,1510,1511,1548,1549,1550,1551,1588,1589,1590,1591,1628,1629,1630,1631,1668,1669,1670,1671,1708,1709,1710,1711,1748,1749,1750,1751,1788,1789,1790,1791,1828,1829,1830,1831,
gold,244,
gold,245,940,941,942,943,944,945,946,947,948,949,950,951,952,953,954,955,956,957,958,959,960,961,1344,1345,1346,1347,1428,1429,1430,1431,1468,1469,1470,1471,1508,1509,1510,1511,1548,1549,1550,1551,1588,1589,1590,1591,1628,1629,1630,1631,1668,1669,1670,1671,1708,1709,1710,1711,1748,1749,1750,1751,1788,1789,1790,1791,1828,1829,1830,1831,2028,2029,2030,2031,
gold,245,
gold,246,1348,1349,1350,1351,1432,1433,1434,1435,1472,1473,1474,1475,1512,1513,1514,1515,1552,1553,1554,1555,1592,1593,1594,1595,1632,1633,1634,1635,1672,1673,1674,1675,1712,1713,1714,1715,1752,1753,1754,1755,1792,1793,1794,1795,1832,1833,1834,1835,
gold,246,
gold,247,962,963,964,965,966,967,968,969,970,971,972,973,974,975,976,977,978,979,980,981,982,983,1348,1349,1350,1351,1432,1433,1434,1435,1472,1473,1474,1475,1512,1513,1514,1515,1552,1553,1554,1555,1592,1593,1594,1595,1632,1633,1634,1635,1672,1673,1674,1675,1712,1713,1714,1715,1752,1753,1754,1755,1792,1793,1794,1795,1832,1833,1834,1835,2032,2033,2034,2035,
gold,247,
gold,248,1352,1353,1354,1355,1436,1437,1438,1439,1476,1477,1478,1479,1516,1517,1518,1519,1556,1557,1558,1559,1596,1597,1598,1599,1636,1637,1638,1639,1676,1677,1678,1679,1716,1717,1718,1719,1756,1757,1758,1759,1796,1797,1798,1799,1836,1837,1838,1839,
gold,248,
gold,249,984,985,986,987,988,989,990,991,992,993,994,995,996,997,998,999,1000,1001,1002,1003,1004,1005,1352,1353,1354,1355,1436,1437,1438,1439,1476,1477,1478,1479,1516,1517,1518,1519,1556,1557,1558,1559,1596,1597,1598,1599,1636,1637,1638,1639,1676,1677,1678,1679,1716,1717,1718,1719,1756,1757,1758,1759,1796,1797,1798,1799,1836,1837,1838,1839,2036,2037,2038,2039,
gold,249,
gold,250,1356,1357,1358,1359,1440,1441,1442,1443,1480,1481,1482,1483,1520,1521,1522,1523,1560,1561,1562,1563,1600,1601,1602,1603,1640,1641,1642,1643,1680,1681,1682,1683,1720,1721,1722,1723,1760,1761,1762,1763,1800,1801,1802,1803,1840,1841,1842,1843,
gold,250,
gold,251,1006,1007,1008,1009,1010,1011,1012,1013,1014,1015,1016,1017,1018,1019,1020,1021,1022,1023,1024,1025,1026,1027,1356,1357,1358,1359,1440,1441,1442,1443,1480,1481,1482,1483,1520,1521,1522,1523,1560,1561,1562,1563,1600,1601,1602,1603,1640,1641,1642,1643,1680,1681,1682,1683,1720,1721,1722,1723,1760,1761,1762,1763,1800,1801,1802,1803,1840,1841,1842,1843,2040,2041,2042,2043,
gold,251,
gold,252,1360,1361,1362,1363,1444,1445,1446,1447,1484,1485,1486,1487,1524,1525,1526,1527,1564,1565,1566,1567,1604,1605,1606,1607,1644,1645,1646,1647,1684,1685,1686,1687,1724,1725,1726,1727,1764,1765,1766,1767,1804,1805,1806,1807,1844,1845,1846,1847,
gold,252,
gold,253,1028,1029,1030,1031,1032,1033,1034,1035,1036,1037,1038,1039,1040,1041,1042,1043,1044,1045,1046,1047,1048,1049,1360,1361,1362,1363,1444,1445,1446,1447,1484,1485,1486,1487,1524,1525,1526,1527,1564,1565,1566,1567,1604,1605,1606,1607,1644,1645,1646,1647,1684,1685,1686,1687,1724,1725,1726,1727,1764,1765,1766,1767,1804,1805,1806,1807,1844,1845,1846,1847,2044,2045,2046,2047,
gold,253,
gold,254,1848,1849,1850,1851,1852,1853,1854,1855,1856,1857,1858,1859,1860,1861,1862,1863,1864,1865,1866,1867,1868,1869,1870,1871,1872,1873,1874,1875,1876,1877,1878,1879,1880,1881,1882,1883,1884,1885,1886,1887,1888,1889,1890,1891,1892,1893,1894,1895,1896,1897,1898,1899,1900,1901,1902,1903,1904,1905,1906,1907,1908,1909,1910,1911,1912,1913,1914,1915,1916,1917,1918,1919,1920,1921,1922,1923,1924,1925,1926,1927,
gold,254,
gold,255,828,829,1848,1849,1850,1851,1852,1853,1854,1855,1856,1857,1858,1859,1860,1861,1862,1863,1864,1865,1866,1867,1868,1869,1870,1871,1872,1873,1874,1875,1876,1877,1878,1879,1880,1881,1882,1883,1884,1885,1886,1887,1888,1889,1890,1891,1892,1893,1894,1895,1896,1897,1898,1899,1900,1901,1902,1903,1904,1905,1906,1907,1908,1909,1910,1911,1912,1913,1914,1915,1916,1917,1918,1919,1920,1921,1922,1923,1924,1925,1926,1927,
gold,255,
gold,256,1928,1929,1930,1931,1932,1933,1934,1935,1936,1937,1938,1939,1940,1941,1942,1943,1944,1945,1946,1947,1948,1949,1950,1951,1952,1953,1954,1955,1956,1957,1958,1959,1960,1961,1962,1963,1964,1965,1966,1967,1968,1969,1970,1971,1972,1973,1974,1975,1976,1977,1978,1979,1980,1981,1982,1983,1984,1985,1986,1987,1988,1989,1990,1991,1992,1993,1994,1995,1996,1997,1998,1999,2000,2001,2002,2003,2004,2005,2006,2007,2048,2049,2050,2051,2052,2053,2054,2055,2056,2057,2058,2059,2060,2061,2062,2063,2064,2065,
gold,256,
gold,257,1050,1053,1056,1059,1062,1065,1068,1071,1074,1077,1080,1083,1086,1089,1092,1095,1098,1101,1848,1850,1852,1854,1856,1858,1860,1862,1864,1866,1868,1870,1872,1874,1876,1878,1880,1882,1884,1886,1888,1890,1892,1894,1896,1898,1900,1902,1904,1906,1908,1910,1912,1914,1916,1918,1920,1922,1924,1926,1928,1930,1932,1934,1936,1938,1940,1942,1944,1946,1948,1950,1952,1954,1956,1958,1960,1962,1964,1966,1968,1970,1972,1974,1976,1978,1980,1982,1984,1986,1988,1990,1992,1994,1996,1998,2000,2002,2004,2006,
gold,257,1051,1054,1057,1060,1063,1066,1069,1072,1075,1078,1081,1084,1087,1090,1093,1096,1099,1102,1408,1410,1412,1414,1416,1418,1420,1422,1424,1426,1428,1430,1432,1434,1436,1438,1440,1442,1444,1446,1448,1450,1452,1454,1456,1458,1460,1462,1464,1466,1468,1470,1472,1474,1476,1478,1480,1482,1484,1486,1488,1490,1492,1494,1496,1498,1500,1502,1504,1506,1508,1510,1512,1514,1516,1518,1520,1522,1524,1526,1528,1530,1532,1534,1536,1538,1540,1542,1544,1546,1548,1550,1552,1554,1556,1558,1560,1562,1564,1566,1568,1570,1572,1574,1576,1578,1580,1582,1584,1586,1588,1590,1592,1594,1596,1598,1600,1602,1604,1606,1608,1610,1612,1614,1616,1618,1620,1622,1624,1626,1628,1630,1632,1634,1636,1638,1640,1642,1644,1646,1648,1650,1652,1654,1656,1658,1660,1662,1664,1666,1668,1670,1672,1674,1676,1678,1680,1682,1684,1686,1688,1690,1692,1694,1696,1698,1700,1702,1704,1706,1708,1710,1712,1714,1716,1718,1720,1722,1724,1726,1728,1730,1732,1734,1736,1738,1740,1742,1744,1746,1748,1750,1752,1754,1756,1758,1760,1762,1764,1766,1768,1770,1772,1774,1776,1778,1780,1782,1784,1786,1788,1790,1792,1794,1796,1798,1800,1802,1804,1806,1808,1810,1812,1814,1816,1818,1820,1822,1824,1826,1828,1830,1832,1834,1836,1838,1840,1842,1844,1846,1849,1851,1853,1855,1857,1859,1861,1863,1865,1867,1869,1871,1873,1875,1877,1879,1881,1883,1885,1887,1889,1891,1893,1895,1897,1899,1901,1903,1905,1907,1909,1911,1913,1915,1917,1919,1921,1923,1925,1927,1929,1931,1933,1935,1937,1939,1941,1943,1945,1947,1949,1951,1953,1955,1957,1959,1961,1963,1965,1967,1969,1971,1973,1975,1977,1979,1981,1983,1985,1987,1989,1991,1993,1995,1997,1999,2001,2003,2005,2007,
gold,257,1052,1055,1058,1061,1064,1067,1070,1073,1076,1079,1082,1085,1088,1091,1094,1097,1100,1103,1409,1411,1413,1415,1417,1419,1421,1423,1425,1427,1429,1431,1433,1435,1437,1439,1441,1443,1445,1447,1449,1451,1453,1455,1457,1459,1461,1463,1465,1467,1469,1471,1473,1475,1477,1479,1481,1483,1485,1487,1489,1491,1493,1495,1497,1499,1501,1503,1505,1507,1509,1511,1513,1515,1517,1519,1521,1523,1525,1527,1529,1531,1533,1535,1537,1539,1541,1543,1545,1547,1549,1551,1553,1555,1557,1559,1561,1563,1565,1567,1569,1571,1573,1575,1577,1579,1581,1583,1585,1587,1589,1591,1593,1595,1597,1599,1601,1603,1605,1607,1609,1611,1613,1615,1617,1619,1621,1623,1625,1627,1629,1631,1633,1635,1637,1639,1641,1643,1645,1647,1649,1651,1653,1655,1657,1659,1661,1663,1665,1667,1669,1671,1673,1675,1677,1679,1681,1683,1685,1687,1689,1691,1693,1695,1697,1699,1701,1703,1705,1707,1709,1711,1713,1715,1717,1719,1721,1723,1725,1727,1729,1731,1733,1735,1737,1739,1741,1743,1745,1747,1749,1751,1753,1755,1757,1759,1761,1763,1765,1767,1769,1771,1773,1775,1777,1779,1781,1783,1785,1787,1789,1791,1793,1795,1797,1799,1801,1803,1805,1807,1809,1811,1813,1815,1817,1819,1821,1823,1825,1827,1829,1831,1833,1835,1837,1839,1841,1843,1845,1847,
gold,258,1768,1769,1770,1771,1772,1773,1774,1775,1776,1777,1778,1779,1780,1781,1782,1783,1784,1785,1786,1787,1788,1789,1790,1791,1792,1793,1794,1795,1796,1797,1798,1799,1800,1801,1802,1803,1804,1805,1806,1807,2048,2049,2050,2051,2052,2053,2054,2055,2056,2057,2058,2059,2060,2061,2062,2063,2064,2065,
gold,258,
gold,259,1808,1809,1810,1811,1812,1813,1814,1815,1816,1817,1818,1819,1820,1821,1822,1823,1824,1825,1826,1827,1828,1829,1830,1831,1832,1833,1834,1835,1836,1837,1838,1839,1840,1841,1842,1843,1844,1845,1846,1847,2048,2049,2050,2051,2052,2053,2054,2055,2056,2057,2058,2059,2060,2061,2062,2063,2064,2065,
gold,259,
red,260,1105,1215,
gold,260,
red,261,1131,1241,
gold,261,
red,262,1137,1247,
gold,262,
red,263,1154,1264,
gold,263,
red,264,1166,1276,
gold,264,
red,265,1174,1284,
gold,265,
red,266,1189,1299,
gold,266,
red,267,1195,1305,
gold,267,
red,268,1205,1315,
gold,268,
lightskyblue,797,
lightskyblue,797,
lightskyblue,757,496,
lightskyblue,757,496,
lightskyblue,757,516,
lightskyblue,757,516,
lightskyblue,757,536,
lightskyblue,757,536,
lightskyblue,757,556,
lightskyblue,757,556,
lightskyblue,757,576,
lightskyblue,757,576,
lightskyblue,757,596,
lightskyblue,757,596,
lightskyblue,757,616,
lightskyblue,757,616,
lightskyblue,757,636,
lightskyblue,757,636,
lightskyblue,757,656,
lightskyblue,757,656,
lightskyblue,757,704,
lightskyblue,757,704,
lightskyblue,757,706,
lightskyblue,757,706,
lightskyblue,761,498,
lightskyblue,761,498,
lightskyblue,761,518,
lightskyblue,761,518,
lightskyblue,761,538,
lightskyblue,761,538,
lightskyblue,761,558,
lightskyblue,761,558,
lightskyblue,761,578,
lightskyblue,761,578,
lightskyblue,761,598,
lightskyblue,761,598,
lightskyblue,761,618,
lightskyblue,761,618,
lightskyblue,761,638,
lightskyblue,761,638,
lightskyblue,761,658,
lightskyblue,761,658,
lightskyblue,761,708,
lightskyblue,761,708,
lightskyblue,761,710,
lightskyblue,761,710,
lightskyblue,765,500,
lightskyblue,765,500,
lightskyblue,765,520,
lightskyblue,765,520,
lightskyblue,765,540,
lightskyblue,765,540,
lightskyblue,765,560,
lightskyblue,765,560,
lightskyblue,765,580,
lightskyblue,765,580,
lightskyblue,765,600,
lightskyblue,765,600,
lightskyblue,765,620,
lightskyblue,765,620,
lightskyblue,765,640,
lightskyblue,765,640,
lightskyblue,765,660,
lightskyblue,765,660,
lightskyblue,765,712,
lightskyblue,765,712,
lightskyblue,765,714,
lightskyblue,765,714,
lightskyblue,769,502,
lightskyblue,769,502,
lightskyblue,769,522,
lightskyblue,769,522,
lightskyblue,769,542,
lightskyblue,769,542,
lightskyblue,769,562,
lightskyblue,769,562,
lightskyblue,769,582,
lightskyblue,769,582,
lightskyblue,769,602,
lightskyblue,769,602,
lightskyblue,769,622,
lightskyblue,769,622,
lightskyblue,769,642,
lightskyblue,769,642,
lightskyblue,769,662,
lightskyblue,769,662,
lightskyblue,769,676,
lightskyblue,769,676,
lightskyblue,769,678,
lightskyblue,769,678,
lightskyblue,773,504,
lightskyblue,773,504,
lightskyblue,773,524,
lightskyblue,773,524,
lightskyblue,773,544,
lightskyblue,773,544,
lightskyblue,773,564,
lightskyblue,773,564,
lightskyblue,773,584,
lightskyblue,773,584,
lightskyblue,773,604,
lightskyblue,773,604,
lightskyblue,773,624,
lightskyblue,773,624,
lightskyblue,773,644,
lightskyblue,773,644,
lightskyblue,773,664,
lightskyblue,773,664,
lightskyblue,773,680,
lightskyblue,773,680,
lightskyblue,773,682,
lightskyblue,773,682,
lightskyblue,777,506,
lightskyblue,777,506,
lightskyblue,777,526,
lightskyblue,777,526,
lightskyblue,777,546,
lightskyblue,777,546,
lightskyblue,777,566,
lightskyblue,777,566,
lightskyblue,777,586,
lightskyblue,777,586,
lightskyblue,777,606,
lightskyblue,777,606,
lightskyblue,777,626,
lightskyblue,777,626,
lightskyblue,777,646,
lightskyblue,777,646,
lightskyblue,777,666,
lightskyblue,777,666,
lightskyblue,777,684,
lightskyblue,777,684,
lightskyblue,777,686,
lightskyblue,777,686,
lightskyblue,781,508,
lightskyblue,781,508,
lightskyblue,781,528,
lightskyblue,781,528,
lightskyblue,781,548,
lightskyblue,781,548,
lightskyblue,781,568,
lightskyblue,781,568,
lightskyblue,781,588,
lightskyblue,781,588,
lightskyblue,781,608,
lightskyblue,781,608,
lightskyblue,781,628,
lightskyblue,781,628,
lightskyblue,781,648,
lightskyblue,781,648,
lightskyblue,781,668,
lightskyblue,781,668,
lightskyblue,781,688,
lightskyblue,781,688,
lightskyblue,781,690,
lightskyblue,781,690,
lightskyblue,785,510,
lightskyblue,785,510,
lightskyblue,785,530,
lightskyblue,785,530,
lightskyblue,785,550,
lightskyblue,785,550,
lightskyblue,785,570,
lightskyblue,785,570,
lightskyblue,785,590,
lightskyblue,785,590,
lightskyblue,785,610,
lightskyblue,785,610,
lightskyblue,785,630,
lightskyblue,785,630,
lightskyblue,785,650,
lightskyblue,785,650,
lightskyblue,785,670,
lightskyblue,785,670,
lightskyblue,785,692,
lightskyblue,785,692,
lightskyblue,785,694,
lightskyblue,785,694,
lightskyblue,789,512,
lightskyblue,789,512,
lightskyblue,789,532,
lightskyblue,789,532,
lightskyblue,789,552,
lightskyblue,789,552,
lightskyblue,789,572,
lightskyblue,789,572,
lightskyblue,789,592,
lightskyblue,789,592,
lightskyblue,789,612,
lightskyblue,789,612,
lightskyblue,789,632,
lightskyblue,789,632,
lightskyblue,789,652,
lightskyblue,789,652,
lightskyblue,789,672,
lightskyblue,789,672,
lightskyblue,789,696,
lightskyblue,789,696,
lightskyblue,789,698,
lightskyblue,789,698,
lightskyblue,793,514,
lightskyblue,793,514,
lightskyblue,793,534,
lightskyblue,793,534,
lightskyblue,793,554,
lightskyblue,793,554,
lightskyblue,793,574,
lightskyblue,793,574,
lightskyblue,793,594,
lightskyblue,793,594,
lightskyblue,793,614,
lightskyblue,793,614,
lightskyblue,793,634,
lightskyblue,793,634,
lightskyblue,793,654,
lightskyblue,793,654,
lightskyblue,793,674,
lightskyblue,793,674,
lightskyblue,793,700,
lightskyblue,793,700,
lightskyblue,793,702,
lightskyblue,793,702,
lightskyblue,316,799,756,
lightskyblue,316,799,756,803,
lightskyblue,316,799,756,803,
lightskyblue,336,799,756,
lightskyblue,336,799,756,803,
lightskyblue,336,799,756,803,
lightskyblue,356,799,756,
lightskyblue,356,799,756,803,
lightskyblue,356,799,756,803,
lightskyblue,376,799,756,
lightskyblue,376,799,756,803,
lightskyblue,376,799,756,803,
lightskyblue,396,799,756,
lightskyblue,396,799,756,803,
lightskyblue,396,799,756,803,
lightskyblue,416,799,756,
lightskyblue,416,799,756,803,
lightskyblue,416,799,756,803,
lightskyblue,436,799,756,
lightskyblue,436,799,756,803,
lightskyblue,436,799,756,803,
lightskyblue,456,799,756,
lightskyblue,456,799,756,803,
lightskyblue,456,799,756,803,
lightskyblue,476,799,756,
lightskyblue,476,799,756,803,
lightskyblue,476,799,756,803,
lightskyblue,316,799,756,
lightskyblue,316,799,756,803,
lightskyblue,316,799,756,803,
lightskyblue,336,799,756,
lightskyblue,336,799,756,803,
lightskyblue,336,799,756,803,
lightskyblue,356,799,756,
lightskyblue,356,799,756,803,
lightskyblue,356,799,756,803,
lightskyblue,376,799,756,
lightskyblue,376,799,756,803,
lightskyblue,376,799,756,803,
lightskyblue,396,799,756,
lightskyblue,396,799,756,803,
lightskyblue,396,799,756,803,
lightskyblue,416,799,756,
lightskyblue,416,799,756,803,
lightskyblue,416,799,756,803,
lightskyblue,436,799,756,
lightskyblue,436,799,756,803,
lightskyblue,436,799,756,803,
lightskyblue,456,799,756,
lightskyblue,456,799,756,803,
lightskyblue,456,799,756,803,
lightskyblue,476,799,756,
lightskyblue,476,799,756,803,
lightskyblue,476,799,756,803,
lightskyblue,318,759,
lightskyblue,811,759,
lightskyblue,358,759,
lightskyblue,378,759,
lightskyblue,398,759,
lightskyblue,418,759,
lightskyblue,438,759,
lightskyblue,458,759,
lightskyblue,478,759,
lightskyblue,744,759,
lightskyblue,746,759,
lightskyblue,320,763,
lightskyblue,338,763,
lightskyblue,360,763,
lightskyblue,380,763,
lightskyblue,400,763,
lightskyblue,420,763,
lightskyblue,440,763,
lightskyblue,460,763,
lightskyblue,480,763,
lightskyblue,748,763,
lightskyblue,750,763,
lightskyblue,322,767,
lightskyblue,340,767,
lightskyblue,362,767,
lightskyblue,382,767,
lightskyblue,402,767,
lightskyblue,813,767,
lightskyblue,442,767,
lightskyblue,462,767,
lightskyblue,482,767,
lightskyblue,752,767,
lightskyblue,754,767,
lightskyblue,815,771,
lightskyblue,342,771,
lightskyblue,364,771,
lightskyblue,384,771,
lightskyblue,404,771,
lightskyblue,422,771,
lightskyblue,444,771,
lightskyblue,464,771,
lightskyblue,484,771,
lightskyblue,716,771,
lightskyblue,718,771,
lightskyblue,324,775,
lightskyblue,344,775,
lightskyblue,366,775,
lightskyblue,386,775,
lightskyblue,406,775,
lightskyblue,424,775,
lightskyblue,817,775,
lightskyblue,466,775,
lightskyblue,486,775,
lightskyblue,720,775,
lightskyblue,722,775,
lightskyblue,326,779,
lightskyblue,346,779,
lightskyblue,368,779,
lightskyblue,388,779,
lightskyblue,408,779,
lightskyblue,426,779,
lightskyblue,446,779,
lightskyblue,819,779,
lightskyblue,488,779,
lightskyblue,724,779,
lightskyblue,726,779,
lightskyblue,328,783,
lightskyblue,348,783,
lightskyblue,370,783,
lightskyblue,390,783,
lightskyblue,821,783,
lightskyblue,428,783,
lightskyblue,448,783,
lightskyblue,468,783,
lightskyblue,490,783,
lightskyblue,728,783,
lightskyblue,730,783,
lightskyblue,330,787,
lightskyblue,350,787,
lightskyblue,372,787,
lightskyblue,392,787,
lightskyblue,410,787,
lightskyblue,430,787,
lightskyblue,450,787,
lightskyblue,470,787,
lightskyblue,823,787,
lightskyblue,732,787,
lightskyblue,734,787,
lightskyblue,332,791,
lightskyblue,352,791,
lightskyblue,374,791,
lightskyblue,825,791,
lightskyblue,412,791,
lightskyblue,432,791,
lightskyblue,452,791,
lightskyblue,472,791,
lightskyblue,492,791,
lightskyblue,736,791,
lightskyblue,738,791,
lightskyblue,334,795,
lightskyblue,354,795,
lightskyblue,827,795,
lightskyblue,394,795,
lightskyblue,414,795,
lightskyblue,434,795,
lightskyblue,454,795,
lightskyblue,474,795,
lightskyblue,494,795,
lightskyblue,740,795,
lightskyblue,742,795,
lightskyblue,318,759,
lightskyblue,811,759,
lightskyblue,358,759,
lightskyblue,378,759,
lightskyblue,398,759,
lightskyblue,418,759,
lightskyblue,438,759,
lightskyblue,458,759,
lightskyblue,478,759,
lightskyblue,744,759,
lightskyblue,746,759,
lightskyblue,320,763,
lightskyblue,338,763,
lightskyblue,360,763,
lightskyblue,380,763,
lightskyblue,400,763,
lightskyblue,420,763,
lightskyblue,440,763,
lightskyblue,460,763,
lightskyblue,480,763,
lightskyblue,748,763,
lightskyblue,750,763,
lightskyblue,322,767,
lightskyblue,340,767,
lightskyblue,362,767,
lightskyblue,382,767,
lightskyblue,402,767,
lightskyblue,813,767,
lightskyblue,442,767,
lightskyblue,462,767,
lightskyblue,482,767,
lightskyblue,752,767,
lightskyblue,754,767,
lightskyblue,815,771,
lightskyblue,342,771,
lightskyblue,364,771,
lightskyblue,384,771,
lightskyblue,404,771,
lightskyblue,422,771,
lightskyblue,444,771,
lightskyblue,464,771,
lightskyblue,484,771,
lightskyblue,716,771,
lightskyblue,718,771,
lightskyblue,324,775,
lightskyblue,344,775,
lightskyblue,366,775,
lightskyblue,386,775,
lightskyblue,406,775,
lightskyblue,424,775,
lightskyblue,817,775,
lightskyblue,466,775,
lightskyblue,486,775,
lightskyblue,720,775,
lightskyblue,722,775,
lightskyblue,326,779,
lightskyblue,346,779,
lightskyblue,368,779,
lightskyblue,388,779,
lightskyblue,408,779,
lightskyblue,426,779,
lightskyblue,446,779,
lightskyblue,819,779,
lightskyblue,488,779,
lightskyblue,724,779,
lightskyblue,726,779,
lightskyblue,328,783,
lightskyblue,348,783,
lightskyblue,370,783,
lightskyblue,390,783,
lightskyblue,821,783,
lightskyblue,428,783,
lightskyblue,448,783,
lightskyblue,468,783,
lightskyblue,490,783,
lightskyblue,728,783,
lightskyblue,730,783,
lightskyblue,330,787,
lightskyblue,350,787,
lightskyblue,372,787,
lightskyblue,392,787,
lightskyblue,410,787,
lightskyblue,430,787,
lightskyblue,450,787,
lightskyblue,470,787,
lightskyblue,823,787,
lightskyblue,732,787,
lightskyblue,734,787,
lightskyblue,332,791,
lightskyblue,352,791,
lightskyblue,374,791,
lightskyblue,825,791,
lightskyblue,412,791,
lightskyblue,432,791,
lightskyblue,452,791,
lightskyblue,472,791,
lightskyblue,492,791,
lightskyblue,736,791,
lightskyblue,738,791,
lightskyblue,334,795,
lightskyblue,354,795,
lightskyblue,827,795,
lightskyblue,394,795,
lightskyblue,414,795,
lightskyblue,434,795,
lightskyblue,454,795,
lightskyblue,474,795,
lightskyblue,494,795,
lightskyblue,740,795,
lightskyblue,742,795,
lightskyblue,758,743,760,703,
lightskyblue,758,743,760,703,
lightskyblue,758,745,760,705,
lightskyblue,758,745,760,705,
lightskyblue,762,747,764,707,
lightskyblue,762,747,764,707,
lightskyblue,762,749,764,709,
lightskyblue,762,749,764,709,
lightskyblue,766,751,768,711,
lightskyblue,766,751,768,711,
lightskyblue,766,753,768,713,
lightskyblue,766,753,768,713,
lightskyblue,770,715,772,675,
lightskyblue,770,715,772,675,
lightskyblue,770,717,772,677,
lightskyblue,770,717,772,677,
lightskyblue,774,719,776,679,
lightskyblue,774,719,776,679,
lightskyblue,774,721,776,681,
lightskyblue,774,721,776,681,
lightskyblue,778,723,780,683,
lightskyblue,778,723,780,683,
lightskyblue,778,725,780,685,
lightskyblue,778,725,780,685,
lightskyblue,782,727,784,687,
lightskyblue,782,727,784,687,
lightskyblue,782,729,784,689,
lightskyblue,782,729,784,689,
lightskyblue,786,731,788,691,
lightskyblue,786,731,788,691,
lightskyblue,786,733,788,693,
lightskyblue,786,733,788,693,
lightskyblue,790,735,792,695,
lightskyblue,790,735,792,695,
lightskyblue,790,737,792,697,
lightskyblue,790,737,792,697,
lightskyblue,794,739,796,699,
lightskyblue,794,739,796,699,
lightskyblue,794,741,796,701,
lightskyblue,794,741,796,701,
lightskyblue,286,270,
lightskyblue,287,272,
lightskyblue,288,274,
lightskyblue,289,276,
lightskyblue,290,278,
lightskyblue,291,280,
lightskyblue,292,282,
lightskyblue,293,284,
lightskyblue,294,298,
lightskyblue,295,300,
lightskyblue,296,314,
lightskyblue,302,270,
lightskyblue,303,272,
lightskyblue,304,274,
lightskyblue,305,276,
lightskyblue,306,278,
lightskyblue,307,280,
lightskyblue,308,282,
lightskyblue,309,284,
lightskyblue,310,298,
lightskyblue,311,300,
lightskyblue,312,314,
lightskyblue,285,269,
lightskyblue,285,271,
lightskyblue,285,273,
lightskyblue,285,275,
lightskyblue,285,277,
lightskyblue,285,279,
lightskyblue,285,281,
lightskyblue,285,283,
lightskyblue,285,297,
lightskyblue,285,299,
lightskyblue,285,313,
lightskyblue,301,269,
lightskyblue,301,271,
lightskyblue,301,273,
lightskyblue,301,275,
lightskyblue,301,277,
lightskyblue,301,279,
lightskyblue,301,281,
lightskyblue,301,283,
lightskyblue,301,297,
lightskyblue,301,299,
lightskyblue,301,313,
lightskyblue,758,317,760,803,495,
lightskyblue,758,317,760,804,495,
lightskyblue,758,317,760,803,495,
lightskyblue,758,317,760,804,495,
lightskyblue,762,319,764,803,497,
lightskyblue,762,319,764,804,497,
lightskyblue,762,319,764,803,497,
lightskyblue,762,319,764,804,497,
lightskyblue,766,321,768,803,499,
lightskyblue,766,321,768,804,499,
lightskyblue,766,321,768,803,499,
lightskyblue,766,321,768,804,499,
lightskyblue,770,814,772,803,501,
lightskyblue,770,814,772,804,501,
lightskyblue,770,814,772,803,501,
lightskyblue,770,814,772,804,501,
lightskyblue,774,323,776,803,503,
lightskyblue,774,323,776,804,503,
lightskyblue,774,323,776,803,503,
lightskyblue,774,323,776,804,503,
lightskyblue,778,325,780,803,505,
lightskyblue,778,325,780,804,505,
lightskyblue,778,325,780,803,505,
lightskyblue,778,325,780,804,505,
lightskyblue,782,327,784,803,507,
lightskyblue,782,327,784,804,507,
lightskyblue,782,327,784,803,507,
lightskyblue,782,327,784,804,507,
lightskyblue,786,329,788,803,509,
lightskyblue,786,329,788,804,509,
lightskyblue,786,329,788,803,509,
lightskyblue,786,329,788,804,509,
lightskyblue,790,331,792,803,511,
lightskyblue,790,331,792,804,511,
lightskyblue,790,331,792,803,511,
lightskyblue,790,331,792,804,511,
lightskyblue,794,333,796,803,513,
lightskyblue,794,333,796,804,513,
lightskyblue,794,333,796,803,513,
lightskyblue,794,333,796,804,513,
lightskyblue,758,810,760,803,515,
lightskyblue,758,810,760,804,515,
lightskyblue,758,810,760,803,515,
lightskyblue,758,810,760,804,515,
lightskyblue,762,337,764,803,517,
lightskyblue,762,337,764,804,517,
lightskyblue,762,337,764,803,517,
lightskyblue,762,337,764,804,517,
lightskyblue,766,339,768,803,519,
lightskyblue,766,339,768,804,519,
lightskyblue,766,339,768,803,519,
lightskyblue,766,339,768,804,519,
lightskyblue,770,341,772,803,521,
lightskyblue,770,341,772,804,521,
lightskyblue,770,341,772,803,521,
lightskyblue,770,341,772,804,521,
lightskyblue,774,343,776,803,523,
lightskyblue,774,343,776,804,523,
lightskyblue,774,343,776,803,523,
lightskyblue,774,343,776,804,523,
lightskyblue,778,345,780,803,525,
lightskyblue,778,345,780,804,525,
lightskyblue,778,345,780,803,525,
lightskyblue,778,345,780,804,525,
lightskyblue,782,347,784,803,527,
lightskyblue,782,347,784,804,527,
lightskyblue,782,347,784,803,527,
lightskyblue,782,347,784,804,527,
lightskyblue,786,349,788,803,529,
lightskyblue,786,349,788,804,529,
lightskyblue,786,349,788,803,529,
lightskyblue,786,349,788,804,529,
lightskyblue,790,351,792,803,531,
lightskyblue,790,351,792,804,531,
lightskyblue,790,351,792,803,531,
lightskyblue,790,351,792,804,531,
lightskyblue,794,353,796,803,533,
lightskyblue,794,353,796,804,533,
lightskyblue,794,353,796,803,533,
lightskyblue,794,353,796,804,533,
lightskyblue,758,357,760,803,535,
lightskyblue,758,357,760,804,535,
lightskyblue,758,357,760,803,535,
lightskyblue,758,357,760,804,535,
lightskyblue,762,359,764,803,537,
lightskyblue,762,359,764,804,537,
lightskyblue,762,359,764,803,537,
lightskyblue,762,359,764,804,537,
lightskyblue,766,361,768,803,539,
lightskyblue,766,361,768,804,539,
lightskyblue,766,361,768,803,539,
lightskyblue,766,361,768,804,539,
lightskyblue,770,363,772,803,541,
lightskyblue,770,363,772,804,541,
lightskyblue,770,363,772,803,541,
lightskyblue,770,363,772,804,541,
lightskyblue,774,365,776,803,543,
lightskyblue,774,365,776,804,543,
lightskyblue,774,365,776,803,543,
lightskyblue,774,365,776,804,543,
lightskyblue,778,367,780,803,545,
lightskyblue,778,367,780,804,545,
lightskyblue,778,367,780,803,545,
lightskyblue,778,367,780,804,545,
lightskyblue,782,369,784,803,547,
lightskyblue,782,369,784,804,547,
lightskyblue,782,369,784,803,547,
lightskyblue,782,369,784,804,547,
lightskyblue,786,371,788,803,549,
lightskyblue,786,371,788,804,549,
lightskyblue,786,371,788,803,549,
lightskyblue,786,371,788,804,549,
lightskyblue,790,373,792,803,551,
lightskyblue,790,373,792,804,551,
lightskyblue,790,373,792,803,551,
lightskyblue,790,373,792,804,551,
lightskyblue,794,826,796,803,553,
lightskyblue,794,826,796,804,553,
lightskyblue,794,826,796,803,553,
lightskyblue,794,826,796,804,553,
lightskyblue,758,377,760,803,555,
lightskyblue,758,377,760,804,555,
lightskyblue,758,377,760,803,555,
lightskyblue,758,377,760,804,555,
lightskyblue,762,379,764,803,557,
lightskyblue,762,379,764,804,557,
lightskyblue,762,379,764,803,557,
lightskyblue,762,379,764,804,557,
lightskyblue,766,381,768,803,559,
lightskyblue,766,381,768,804,559,
lightskyblue,766,381,768,803,559,
lightskyblue,766,381,768,804,559,
lightskyblue,770,383,772,803,561,
lightskyblue,770,383,772,804,561,
lightskyblue,770,383,772,803,561,
lightskyblue,770,383,772,804,561,
lightskyblue,774,385,776,803,563,
lightskyblue,774,385,776,804,563,
lightskyblue,774,385,776,803,563,
lightskyblue,774,385,776,804,563,
lightskyblue,778,387,780,803,565,
lightskyblue,778,387,780,804,565,
lightskyblue,778,387,780,803,565,
lightskyblue,778,387,780,804,565,
lightskyblue,782,389,784,803,567,
lightskyblue,782,389,784,804,567,
lightskyblue,782,389,784,803,567,
lightskyblue,782,389,784,804,567,
lightskyblue,786,391,788,803,569,
lightskyblue,786,391,788,804,569,
lightskyblue,786,391,788,803,569,
lightskyblue,786,391,788,804,569,
lightskyblue,790,824,792,803,571,
lightskyblue,790,824,792,804,571,
lightskyblue,790,824,792,803,571,
lightskyblue,790,824,792,804,571,
lightskyblue,794,393,796,803,573,
lightskyblue,794,393,796,804,573,
lightskyblue,794,393,796,803,573,
lightskyblue,794,393,796,804,573,
lightskyblue,758,397,760,803,575,
lightskyblue,758,397,760,804,575,
lightskyblue,758,397,760,803,575,
lightskyblue,758,397,760,804,575,
lightskyblue,762,399,764,803,577,
lightskyblue,762,399,764,804,577,
lightskyblue,762,399,764,803,577,
lightskyblue,762,399,764,804,577,
lightskyblue,766,401,768,803,579,
lightskyblue,766,401,768,804,579,
lightskyblue,766,401,768,803,579,
lightskyblue,766,401,768,804,579,
lightskyblue,770,403,772,803,581,
lightskyblue,770,403,772,804,581,
lightskyblue,770,403,772,803,581,
lightskyblue,770,403,772,804,581,
lightskyblue,774,405,776,803,583,
lightskyblue,774,405,776,804,583,
lightskyblue,774,405,776,803,583,
lightskyblue,774,405,776,804,583,
lightskyblue,778,407,780,803,585,
lightskyblue,778,407,780,804,585,
lightskyblue,778,407,780,803,585,
lightskyblue,778,407,780,804,585,
lightskyblue,782,820,784,803,587,
lightskyblue,782,820,784,804,587,
lightskyblue,782,820,784,803,587,
lightskyblue,782,820,784,804,587,
lightskyblue,786,409,788,803,589,
lightskyblue,786,409,788,804,589,
lightskyblue,786,409,788,803,589,
lightskyblue,786,409,788,804,589,
lightskyblue,790,411,792,803,591,
lightskyblue,790,411,792,804,591,
lightskyblue,790,411,792,803,591,
lightskyblue,790,411,792,804,591,
lightskyblue,794,413,796,803,593,
lightskyblue,794,413,796,804,593,
lightskyblue,794,413,796,803,593,
lightskyblue,794,413,796,804,593,
lightskyblue,758,417,760,803,595,
lightskyblue,758,417,760,804,595,
lightskyblue,758,417,760,803,595,
lightskyblue,758,417,760,804,595,
lightskyblue,762,419,764,803,597,
lightskyblue,762,419,764,804,597,
lightskyblue,762,419,764,803,597,
lightskyblue,762,419,764,804,597,
lightskyblue,766,812,768,803,599,
lightskyblue,766,812,768,804,599,
lightskyblue,766,812,768,803,599,
lightskyblue,766,812,768,804,599,
lightskyblue,770,421,772,803,601,
lightskyblue,770,421,772,804,601,
lightskyblue,770,421,772,803,601,
lightskyblue,770,421,772,804,601,
lightskyblue,774,423,776,803,603,
lightskyblue,774,423,776,804,603,
lightskyblue,774,423,776,803,603,
lightskyblue,774,423,776,804,603,
lightskyblue,778,425,780,803,605,
lightskyblue,778,425,780,804,605,
lightskyblue,778,425,780,803,605,
lightskyblue,778,425,780,804,605,
lightskyblue,782,427,784,803,607,
lightskyblue,782,427,784,804,607,
lightskyblue,782,427,784,803,607,
lightskyblue,782,427,784,804,607,
lightskyblue,786,429,788,803,609,
lightskyblue,786,429,788,804,609,
lightskyblue,786,429,788,803,609,
lightskyblue,786,429,788,804,609,
lightskyblue,790,431,792,803,611,
lightskyblue,790,431,792,804,611,
lightskyblue,790,431,792,803,611,
lightskyblue,790,431,792,804,611,
lightskyblue,794,433,796,803,613,
lightskyblue,794,433,796,804,613,
lightskyblue,794,433,796,803,613,
lightskyblue,794,433,796,804,613,
lightskyblue,758,437,760,803,615,
lightskyblue,758,437,760,804,615,
lightskyblue,758,437,760,803,615,
lightskyblue,758,437,760,804,615,
lightskyblue,762,439,764,803,617,
lightskyblue,762,439,764,804,617,
lightskyblue,762,439,764,803,617,
lightskyblue,762,439,764,804,617,
lightskyblue,766,441,768,803,619,
lightskyblue,766,441,768,804,619,
lightskyblue,766,441,768,803,619,
lightskyblue,766,441,768,804,619,
lightskyblue,770,443,772,803,621,
lightskyblue,770,443,772,804,621,
lightskyblue,770,443,772,803,621,
lightskyblue,770,443,772,804,621,
lightskyblue,774,816,776,803,623,
lightskyblue,774,816,776,804,623,
lightskyblue,774,816,776,803,623,
lightskyblue,774,816,776,804,623,
lightskyblue,778,445,780,803,625,
lightskyblue,778,445,780,804,625,
lightskyblue,778,445,780,803,625,
lightskyblue,778,445,780,804,625,
lightskyblue,782,447,784,803,627,
lightskyblue,782,447,784,804,627,
lightskyblue,782,447,784,803,627,
lightskyblue,782,447,784,804,627,
lightskyblue,786,449,788,803,629,
lightskyblue,786,449,788,804,629,
lightskyblue,786,449,788,803,629,
lightskyblue,786,449,788,804,629,
lightskyblue,790,451,792,803,631,
lightskyblue,790,451,792,804,631,
lightskyblue,790,451,792,803,631,
lightskyblue,790,451,792,804,631,
lightskyblue,794,453,796,803,633,
lightskyblue,794,453,796,804,633,
lightskyblue,794,453,796,803,633,
lightskyblue,794,453,796,804,633,
lightskyblue,758,457,760,803,635,
lightskyblue,758,457,760,804,635,
lightskyblue,758,457,760,803,635,
lightskyblue,758,457,760,804,635,
lightskyblue,762,459,764,803,637,
lightskyblue,762,459,764,804,637,
lightskyblue,762,459,764,803,637,
lightskyblue,762,459,764,804,637,
lightskyblue,766,461,768,803,639,
lightskyblue,766,461,768,804,639,
lightskyblue,766,461,768,803,639,
lightskyblue,766,461,768,804,639,
lightskyblue,770,463,772,803,641,
lightskyblue,770,463,772,804,641,
lightskyblue,770,463,772,803,641,
lightskyblue,770,463,772,804,641,
lightskyblue,774,465,776,803,643,
lightskyblue,774,465,776,804,643,
lightskyblue,774,465,776,803,643,
lightskyblue,774,465,776,804,643,
lightskyblue,778,818,780,803,645,
lightskyblue,778,818,780,804,645,
lightskyblue,778,818,780,803,645,
lightskyblue,778,818,780,804,645,
lightskyblue,782,467,784,803,647,
lightskyblue,782,467,784,804,647,
lightskyblue,782,467,784,803,647,
lightskyblue,782,467,784,804,647,
lightskyblue,786,469,788,803,649,
lightskyblue,786,469,788,804,649,
lightskyblue,786,469,788,803,649,
lightskyblue,786,469,788,804,649,
lightskyblue,790,471,792,803,651,
lightskyblue,790,471,792,804,651,
lightskyblue,790,471,792,803,651,
lightskyblue,790,471,792,804,651,
lightskyblue,794,473,796,803,653,
lightskyblue,794,473,796,804,653,
lightskyblue,794,473,796,803,653,
lightskyblue,794,473,796,804,653,
lightskyblue,758,477,760,803,655,
lightskyblue,758,477,760,804,655,
lightskyblue,758,477,760,803,655,
lightskyblue,758,477,760,804,655,
lightskyblue,762,479,764,803,657,
lightskyblue,762,479,764,804,657,
lightskyblue,762,479,764,803,657,
lightskyblue,762,479,764,804,657,
lightskyblue,766,481,768,803,659,
lightskyblue,766,481,768,804,659,
lightskyblue,766,481,768,803,659,
lightskyblue,766,481,768,804,659,
lightskyblue,770,483,772,803,661,
lightskyblue,770,483,772,804,661,
lightskyblue,770,483,772,803,661,
lightskyblue,770,483,772,804,661,
lightskyblue,774,485,776,803,663,
lightskyblue,774,485,776,804,663,
lightskyblue,774,485,776,803,663,
lightskyblue,774,485,776,804,663,
lightskyblue,778,487,780,803,665,
lightskyblue,778,487,780,804,665,
lightskyblue,778,487,780,803,665,
lightskyblue,778,487,780,804,665,
lightskyblue,782,489,784,803,667,
lightskyblue,782,489,784,804,667,
lightskyblue,782,489,784,803,667,
lightskyblue,782,489,784,804,667,
lightskyblue,786,822,788,803,669,
lightskyblue,786,822,788,804,669,
lightskyblue,786,822,788,803,669,
lightskyblue,786,822,788,804,669,
lightskyblue,790,491,792,803,671,
lightskyblue,790,491,792,804,671,
lightskyblue,790,491,792,803,671,
lightskyblue,790,491,792,804,671,
lightskyblue,794,493,796,803,673,
lightskyblue,794,493,796,804,673,
lightskyblue,794,493,796,803,673,
lightskyblue,794,493,796,804,673,
lightskyblue,758,743,760,803,703,
lightskyblue,758,743,760,804,703,
lightskyblue,758,743,760,803,703,
lightskyblue,758,743,760,804,703,
lightskyblue,762,747,764,803,707,
lightskyblue,762,747,764,804,707,
lightskyblue,762,747,764,803,707,
lightskyblue,762,747,764,804,707,
lightskyblue,766,751,768,803,711,
lightskyblue,766,751,768,804,711,
lightskyblue,766,751,768,803,711,
lightskyblue,766,751,768,804,711,
lightskyblue,770,715,772,803,675,
lightskyblue,770,715,772,804,675,
lightskyblue,770,715,772,803,675,
lightskyblue,770,715,772,804,675,
lightskyblue,774,719,776,803,679,
lightskyblue,774,719,776,804,679,
lightskyblue,774,719,776,803,679,
lightskyblue,774,719,776,804,679,
lightskyblue,778,723,780,803,683,
lightskyblue,778,723,780,804,683,
lightskyblue,778,723,780,803,683,
lightskyblue,778,723,780,804,683,
lightskyblue,782,727,784,803,687,
lightskyblue,782,727,784,804,687,
lightskyblue,782,727,784,803,687,
lightskyblue,782,727,784,804,687,
lightskyblue,786,731,788,803,691,
lightskyblue,786,731,788,804,691,
lightskyblue,786,731,788,803,691,
lightskyblue,786,731,788,804,691,
lightskyblue,790,735,792,803,695,
lightskyblue,790,735,792,804,695,
lightskyblue,790,735,792,803,695,
lightskyblue,790,735,792,804,695,
lightskyblue,794,739,796,803,699,
lightskyblue,794,739,796,804,699,
lightskyblue,794,739,796,803,699,
lightskyblue,794,739,796,804,699,
lightskyblue,758,745,760,803,705,
lightskyblue,758,745,760,804,705,
lightskyblue,758,745,760,803,705,
lightskyblue,758,745,760,804,705,
lightskyblue,762,749,764,803,709,
lightskyblue,762,749,764,804,709,
lightskyblue,762,749,764,803,709,
lightskyblue,762,749,764,804,709,
lightskyblue,766,753,768,803,713,
lightskyblue,766,753,768,804,713,
lightskyblue,766,753,768,803,713,
lightskyblue,766,753,768,804,713,
lightskyblue,770,717,772,803,677,
lightskyblue,770,717,772,804,677,
lightskyblue,770,717,772,803,677,
lightskyblue,770,717,772,804,677,
lightskyblue,774,721,776,803,681,
lightskyblue,774,721,776,804,681,
lightskyblue,774,721,776,803,681,
lightskyblue,774,721,776,804,681,
lightskyblue,778,725,780,803,685,
lightskyblue,778,725,780,804,685,
lightskyblue,778,725,780,803,685,
lightskyblue,778,725,780,804,685,
lightskyblue,782,729,784,803,689,
lightskyblue,782,729,784,804,689,
lightskyblue,782,729,784,803,689,
lightskyblue,782,729,784,804,689,
lightskyblue,786,733,788,803,693,
lightskyblue,786,733,788,804,693,
lightskyblue,786,733,788,803,693,
lightskyblue,786,733,788,804,693,
lightskyblue,790,737,792,803,697,
lightskyblue,790,737,792,804,697,
lightskyblue,790,737,792,803,697,
lightskyblue,790,737,792,804,697,
lightskyblue,794,741,796,803,701,
lightskyblue,794,741,796,804,701,
lightskyblue,794,741,796,803,701,
lightskyblue,794,741,796,804,701,
lightskyblue,798,806,744,800,759,804,801,
lightskyblue,798,806,744,800,759,805,801,
lightskyblue,798,806,744,800,759,804,801,
lightskyblue,798,806,744,800,759,805,801,
lightskyblue,798,808,746,800,759,804,801,
lightskyblue,798,808,746,800,759,805,801,
lightskyblue,798,808,746,800,759,804,801,
lightskyblue,798,808,746,800,759,805,801,
lightskyblue,798,806,748,800,763,804,801,
lightskyblue,798,806,748,800,763,805,801,
lightskyblue,798,806,748,800,763,804,801,
lightskyblue,798,806,748,800,763,805,801,
lightskyblue,798,808,750,800,763,804,801,
lightskyblue,798,808,750,800,763,805,801,
lightskyblue,798,808,750,800,763,804,801,
lightskyblue,798,808,750,800,763,805,801,
lightskyblue,798,806,752,800,767,804,801,
lightskyblue,798,806,752,800,767,805,801,
lightskyblue,798,806,752,800,767,804,801,
lightskyblue,798,806,752,800,767,805,801,
lightskyblue,798,808,754,800,767,804,801,
lightskyblue,798,808,754,800,767,805,801,
lightskyblue,798,808,754,800,767,804,801,
lightskyblue,798,808,754,800,767,805,801,
lightskyblue,798,806,716,800,771,804,801,
lightskyblue,798,806,716,800,771,805,801,
lightskyblue,798,806,716,800,771,804,801,
lightskyblue,798,806,716,800,771,805,801,
lightskyblue,798,808,718,800,771,804,801,
lightskyblue,798,808,718,800,771,805,801,
lightskyblue,798,808,718,800,771,804,801,
lightskyblue,798,808,718,800,771,805,801,
lightskyblue,798,806,720,800,775,804,801,
lightskyblue,798,806,720,800,775,805,801,
lightskyblue,798,806,720,800,775,804,801,
lightskyblue,798,806,720,800,775,805,801,
lightskyblue,798,808,722,800,775,804,801,
lightskyblue,798,808,722,800,775,805,801,
lightskyblue,798,808,722,800,775,804,801,
lightskyblue,798,808,722,800,775,805,801,
lightskyblue,798,806,724,800,779,804,801,
lightskyblue,798,806,724,800,779,805,801,
lightskyblue,798,806,724,800,779,804,801,
lightskyblue,798,806,724,800,779,805,801,
lightskyblue,798,808,726,800,779,804,801,
lightskyblue,798,808,726,800,779,805,801,
lightskyblue,798,808,726,800,779,804,801,
lightskyblue,798,808,726,800,779,805,801,
lightskyblue,798,806,728,800,783,804,801,
lightskyblue,798,806,728,800,783,805,801,
lightskyblue,798,806,728,800,783,804,801,
lightskyblue,798,806,728,800,783,805,801,
lightskyblue,798,808,730,800,783,804,801,
lightskyblue,798,808,730,800,783,805,801,
lightskyblue,798,808,730,800,783,804,801,
lightskyblue,798,808,730,800,783,805,801,
lightskyblue,798,806,732,800,787,804,801,
lightskyblue,798,806,732,800,787,805,801,
lightskyblue,798,806,732,800,787,804,801,
lightskyblue,798,806,732,800,787,805,801,
lightskyblue,798,808,734,800,787,804,801,
lightskyblue,798,808,734,800,787,805,801,
lightskyblue,798,808,734,800,787,804,801,
lightskyblue,798,808,734,800,787,805,801,
lightskyblue,798,806,736,800,791,804,801,
lightskyblue,798,806,736,800,791,805,801,
lightskyblue,798,806,736,800,791,804,801,
lightskyblue,798,806,736,800,791,805,801,
lightskyblue,798,808,738,800,791,804,801,
lightskyblue,798,808,738,800,791,805,801,
lightskyblue,798,808,738,800,791,804,801,
lightskyblue,798,808,738,800,791,805,801,
lightskyblue,798,806,740,800,795,804,801,
lightskyblue,798,806,740,800,795,805,801,
lightskyblue,798,806,740,800,795,804,801,
lightskyblue,798,806,740,800,795,805,801,
lightskyblue,798,808,742,800,795,804,801,
lightskyblue,798,808,742,800,795,805,801,
lightskyblue,798,808,742,800,795,804,801,
lightskyblue,798,808,742,800,795,805,801,
lightskyblue,806,744,759,804,
lightskyblue,806,744,759,805,
lightskyblue,806,744,759,804,
lightskyblue,806,744,759,805,
lightskyblue,808,746,759,804,
lightskyblue,808,746,759,805,
lightskyblue,808,746,759,804,
lightskyblue,808,746,759,805,
lightskyblue,806,748,763,804,
lightskyblue,806,748,763,805,
lightskyblue,806,748,763,804,
lightskyblue,806,748,763,805,
lightskyblue,808,750,763,804,
lightskyblue,808,750,763,805,
lightskyblue,808,750,763,804,
lightskyblue,808,750,763,805,
lightskyblue,806,752,767,804,
lightskyblue,806,752,767,805,
lightskyblue,806,752,767,804,
lightskyblue,806,752,767,805,
lightskyblue,808,754,767,804,
lightskyblue,808,754,767,805,
lightskyblue,808,754,767,804,
lightskyblue,808,754,767,805,
lightskyblue,806,716,771,804,
lightskyblue,806,716,771,805,
lightskyblue,806,716,771,804,
lightskyblue,806,716,771,805,
lightskyblue,808,718,771,804,
lightskyblue,808,718,771,805,
lightskyblue,808,718,771,804,
lightskyblue,808,718,771,805,
lightskyblue,806,720,775,804,
lightskyblue,806,720,775,805,
lightskyblue,806,720,775,804,
lightskyblue,806,720,775,805,
lightskyblue,808,722,775,804,
lightskyblue,808,722,775,805,
lightskyblue,808,722,775,804,
lightskyblue,808,722,775,805,
lightskyblue,806,724,779,804,
lightskyblue,806,724,779,805,
lightskyblue,806,724,779,804,
lightskyblue,806,724,779,805,
lightskyblue,808,726,779,804,
lightskyblue,808,726,779,805,
lightskyblue,808,726,779,804,
lightskyblue,808,726,779,805,
lightskyblue,806,728,783,804,
lightskyblue,806,728,783,805,
lightskyblue,806,728,783,804,
lightskyblue,806,728,783,805,
lightskyblue,808,730,783,804,
lightskyblue,808,730,783,805,
lightskyblue,808,730,783,804,
lightskyblue,808,730,783,805,
lightskyblue,806,732,787,804,
lightskyblue,806,732,787,805,
lightskyblue,806,732,787,804,
lightskyblue,806,732,787,805,
lightskyblue,808,734,787,804,
lightskyblue,808,734,787,805,
lightskyblue,808,734,787,804,
lightskyblue,808,734,787,805,
lightskyblue,806,736,791,804,
lightskyblue,806,736,791,805,
lightskyblue,806,736,791,804,
lightskyblue,806,736,791,805,
lightskyblue,808,738,791,804,
lightskyblue,808,738,791,805,
lightskyblue,808,738,791,804,
lightskyblue,808,738,791,805,
lightskyblue,806,740,795,804,
lightskyblue,806,740,795,805,
lightskyblue,806,740,795,804,
lightskyblue,806,740,795,805,
lightskyblue,808,742,795,804,
lightskyblue,808,742,795,805,
lightskyblue,808,742,795,804,
lightskyblue,808,742,795,805,
lightskyblue,743,760,
lightskyblue,743,760,
lightskyblue,745,760,
lightskyblue,745,760,
lightskyblue,747,764,
lightskyblue,747,764,
lightskyblue,749,764,
lightskyblue,749,764,
lightskyblue,751,768,
lightskyblue,751,768,
lightskyblue,753,768,
lightskyblue,753,768,
lightskyblue,715,772,
lightskyblue,715,772,
lightskyblue,717,772,
lightskyblue,717,772,
lightskyblue,719,776,
lightskyblue,719,776,
lightskyblue,721,776,
lightskyblue,721,776,
lightskyblue,723,780,
lightskyblue,723,780,
lightskyblue,725,780,
lightskyblue,725,780,
lightskyblue,727,784,
lightskyblue,727,784,
lightskyblue,729,784,
lightskyblue,729,784,
lightskyblue,731,788,
lightskyblue,731,788,
lightskyblue,733,788,
lightskyblue,733,788,
lightskyblue,735,792,
lightskyblue,735,792,
lightskyblue,737,792,
lightskyblue,737,792,
lightskyblue,739,796,
lightskyblue,739,796,
lightskyblue,741,796,
lightskyblue,741,796,
lightskyblue,315,807,809,755,802,
lightskyblue,315,807,809,755,802,
lightskyblue,335,807,809,755,802,
lightskyblue,335,807,809,755,802,
lightskyblue,355,807,809,755,802,
lightskyblue,355,807,809,755,802,
lightskyblue,375,807,809,755,802,
lightskyblue,375,807,809,755,802,
lightskyblue,395,807,809,755,802,
lightskyblue,395,807,809,755,802,
lightskyblue,415,807,809,755,802,
lightskyblue,415,807,809,755,802,
lightskyblue,435,807,809,755,802,
lightskyblue,435,807,809,755,802,
lightskyblue,455,807,809,755,802,
lightskyblue,455,807,809,755,802,
lightskyblue,475,807,809,755,802,
lightskyblue,475,807,809,755,802,
