green,
green,
green,
green,
green,
green,
green,
green,
green,
green,
green,
green,
green,
green,
green,
green,
green,
green,
green,
green,
green,
green,
green,
green,
green,
green,
green,
green,
green,
green,
green,
green,
green,
green,
green,
green,
green,
green,
green,
green,
green,
green,
green,
green,
green,
green,
green,
green,
green,
green,
green,
green,
green,
green,
green,
green,
green,
green,
green,
green,
green,
green,
green,
green,
green,
green,
green,
green,
green,
green,
green,
green,
green,
green,
green,
green,
green,
green,
green,
green,
green,
green,
green,
green,
green,
green,
green,
green,
green,
green,
green,
green,
green,
green,
green,
green,
green,
green,
green,
green,
green,
green,
green,
green,
green,
green,
green,
green,
green,
green,
green,
green,
green,
green,
green,
green,
green,
green,
green,
green,
green,
green,
green,
green,
green,
green,
green,
green,
green,
green,
green,
green,
green,
green,
gold,0,697,705,
gold,0,
gold,1,698,706,
gold,1,
gold,2,699,707,
gold,2,
gold,3,700,708,
gold,3,
gold,4,701,709,
gold,4,
gold,5,418,420,422,424,426,428,430,432,434,436,438,440,442,444,446,448,450,452,454,456,458,460,462,464,466,468,470,472,474,476,478,480,482,484,486,488,490,492,494,496,498,500,502,504,506,508,510,512,514,516,628,630,632,634,636,638,640,642,644,646,648,650,652,654,656,658,660,662,664,666,668,670,672,674,676,678,680,682,684,686,688,690,692,694,696,697,698,699,700,701,702,703,704,1206,1208,1210,1212,1214,1216,1218,1220,1222,1224,1226,1228,1230,1232,1234,1236,1238,1240,1242,1244,1246,1248,1250,1252,1254,1256,1258,1260,1262,1264,1266,1268,1270,1272,1274,1276,1278,
gold,5,417,517,518,519,520,521,522,713,729,730,733,734,737,738,741,742,745,746,749,750,753,754,757,758,761,762,765,766,769,770,773,774,777,778,781,782,785,786,789,790,793,794,797,798,801,802,805,806,809,810,813,814,817,818,821,822,825,826,829,830,833,834,837,838,841,842,845,846,849,850,853,854,857,858,861,862,865,866,869,870,873,874,877,878,881,882,885,886,889,890,893,894,897,898,901,902,905,906,909,910,913,914,917,918,921,922,1275,1277,
gold,5,419,421,423,425,427,429,431,529,530,531,532,533,534,535,627,629,631,633,635,714,925,926,929,930,933,934,937,938,941,942,1065,1066,1069,1070,1073,1074,1077,1078,1081,1082,1205,1207,1209,1211,1213,
gold,5,433,435,437,439,441,443,445,536,537,538,539,540,541,542,637,639,641,643,645,715,945,946,949,950,953,954,957,958,961,962,1085,1086,1089,1090,1093,1094,1097,1098,1101,1102,1215,1217,1219,1221,1223,
gold,5,447,449,451,453,455,457,459,543,544,545,546,547,548,549,647,649,651,653,655,716,965,966,969,970,973,974,977,978,981,982,1105,1106,1109,1110,1113,1114,1117,1118,1121,1122,1225,1227,1229,1231,1233,
gold,5,461,463,465,467,469,471,473,550,551,552,553,554,555,556,657,659,661,663,665,717,985,986,989,990,993,994,997,998,1001,1002,1125,1126,1129,1130,1133,1134,1137,1138,1141,1142,1235,1237,1239,1241,1243,
gold,5,475,477,479,481,483,485,487,557,558,559,560,561,562,563,667,669,671,673,675,718,1005,1006,1009,1010,1013,1014,1017,1018,1021,1022,1145,1146,1149,1150,1153,1154,1157,1158,1161,1162,1245,1247,1249,1251,1253,
gold,5,489,491,493,495,497,499,501,564,565,566,567,568,569,570,677,679,681,683,685,719,1025,1026,1029,1030,1033,1034,1037,1038,1041,1042,1165,1166,1169,1170,1173,1174,1177,1178,1181,1182,1255,1257,1259,1261,1263,
gold,5,503,505,507,509,511,513,515,571,572,573,574,575,576,577,687,689,691,693,695,720,1045,1046,1049,1050,1053,1054,1057,1058,1061,1062,1185,1186,1189,1190,1193,1194,1197,1198,1201,1202,1265,1267,1269,1271,1273,
gold,6,702,710,
gold,6,
gold,7,703,711,
gold,7,
gold,8,417,419,421,423,425,427,429,431,433,435,437,439,441,443,445,447,449,451,453,455,457,459,461,463,465,467,469,471,473,475,477,479,481,483,485,487,489,491,493,495,497,499,501,503,505,507,509,511,513,515,627,629,631,633,635,637,639,641,643,645,647,649,651,653,655,657,659,661,663,665,667,669,671,673,675,677,679,681,683,685,687,689,691,693,695,705,706,707,708,709,710,711,712,1205,1207,1209,1211,1213,1215,1217,1219,1221,1223,1225,1227,1229,1231,1233,1235,1237,1239,1241,1243,1245,1247,1249,1251,1253,1255,1257,1259,1261,1263,1265,1267,1269,1271,1273,1275,1277,
gold,8,418,523,524,525,526,527,528,721,731,732,735,736,739,740,743,744,747,748,751,752,755,756,759,760,763,764,767,768,771,772,775,776,779,780,783,784,787,788,791,792,795,796,799,800,803,804,807,808,811,812,815,816,819,820,823,824,827,828,831,832,835,836,839,840,843,844,847,848,851,852,855,856,859,860,863,864,867,868,871,872,875,876,879,880,883,884,887,888,891,892,895,896,899,900,903,904,907,908,911,912,915,916,919,920,923,924,1276,1278,
gold,8,420,422,424,426,428,430,432,578,579,580,581,582,583,584,628,630,632,634,636,722,927,928,931,932,935,936,939,940,943,944,1067,1068,1071,1072,1075,1076,1079,1080,1083,1084,1206,1208,1210,1212,1214,
gold,8,434,436,438,440,442,444,446,585,586,587,588,589,590,591,638,640,642,644,646,723,947,948,951,952,955,956,959,960,963,964,1087,1088,1091,1092,1095,1096,1099,1100,1103,1104,1216,1218,1220,1222,1224,
gold,8,448,450,452,454,456,458,460,592,593,594,595,596,597,598,648,650,652,654,656,724,967,968,971,972,975,976,979,980,983,984,1107,1108,1111,1112,1115,1116,1119,1120,1123,1124,1226,1228,1230,1232,1234,
gold,8,462,464,466,468,470,472,474,599,600,601,602,603,604,605,658,660,662,664,666,725,987,988,991,992,995,996,999,1000,1003,1004,1127,1128,1131,1132,1135,1136,1139,1140,1143,1144,1236,1238,1240,1242,1244,
gold,8,476,478,480,482,484,486,488,606,607,608,609,610,611,612,668,670,672,674,676,726,1007,1008,1011,1012,1015,1016,1019,1020,1023,1024,1147,1148,1151,1152,1155,1156,1159,1160,1163,1164,1246,1248,1250,1252,1254,
gold,8,490,492,494,496,498,500,502,613,614,615,616,617,618,619,678,680,682,684,686,727,1027,1028,1031,1032,1035,1036,1039,1040,1043,1044,1167,1168,1171,1172,1175,1176,1179,1180,1183,1184,1256,1258,1260,1262,1264,
gold,8,504,506,508,510,512,514,516,620,621,622,623,624,625,626,688,690,692,694,696,728,1047,1048,1051,1052,1055,1056,1059,1060,1063,1064,1187,1188,1191,1192,1195,1196,1199,1200,1203,1204,1266,1268,1270,1272,1274,
gold,9,704,712,
gold,9,
gold,10,517,518,519,523,524,525,729,730,731,732,733,734,735,736,737,738,739,740,741,742,743,744,745,746,747,748,749,750,751,752,753,754,755,756,
gold,10,
gold,11,536,585,
gold,11,
gold,12,550,599,
gold,12,
gold,13,557,606,
gold,13,
gold,14,564,613,
gold,14,
gold,15,571,620,
gold,15,
gold,16,520,521,522,526,527,528,757,758,759,760,761,762,763,764,765,766,767,768,769,770,771,772,773,774,775,776,777,778,779,780,781,782,783,784,
gold,16,
gold,17,530,579,
gold,17,
gold,18,544,593,
gold,18,
gold,19,551,600,
gold,19,
gold,20,558,607,
gold,20,
gold,21,572,621,
gold,21,
gold,22,419,420,
gold,22,
gold,23,433,434,
gold,23,
gold,24,447,448,
gold,24,
gold,25,461,462,
gold,25,
gold,26,475,476,
gold,26,
gold,27,489,490,
gold,27,
gold,28,503,504,
gold,28,
gold,29,421,422,
gold,29,
gold,30,435,436,
gold,30,
gold,31,449,450,
gold,31,
gold,32,463,464,
gold,32,
gold,33,477,478,
gold,33,
gold,34,491,492,
gold,34,
gold,35,505,506,
gold,35,
gold,36,517,518,519,520,521,522,523,524,525,526,527,528,729,730,731,732,733,734,735,736,737,738,739,740,741,742,743,744,745,746,747,748,749,750,751,752,753,754,755,756,757,758,759,760,761,762,763,764,765,766,767,768,769,770,771,772,773,774,775,776,777,778,779,780,781,782,783,784,785,786,787,788,789,790,791,792,793,794,795,796,797,798,799,800,801,802,803,804,805,806,807,808,809,810,811,812,813,814,815,816,817,818,819,820,821,822,823,824,825,826,827,828,829,830,831,832,833,834,835,836,837,838,839,840,841,842,843,844,845,846,847,848,849,850,851,852,853,854,855,856,857,858,859,860,861,862,863,864,865,866,867,868,869,870,871,872,873,874,875,876,877,878,879,880,881,882,883,884,885,886,887,888,889,890,891,892,893,894,895,896,897,898,899,900,901,902,903,904,905,906,907,908,909,910,911,912,913,914,915,916,917,918,919,920,921,922,923,924,
gold,36,
gold,37,423,424,1205,1206,
gold,37,
gold,38,425,426,1207,1208,
gold,38,
gold,39,427,428,1209,1210,
gold,39,
gold,40,429,430,1211,1212,
gold,40,
gold,41,431,432,1213,1214,
gold,41,
gold,42,437,438,1215,1216,
gold,42,
gold,43,439,440,1217,1218,
gold,43,
gold,44,441,442,1219,1220,
gold,44,
gold,45,443,444,1221,1222,
gold,45,
gold,46,445,446,1223,1224,
gold,46,
gold,47,451,452,1225,1226,
gold,47,
gold,48,453,454,1227,1228,
gold,48,
gold,49,455,456,1229,1230,
gold,49,
gold,50,457,458,1231,1232,
gold,50,
gold,51,459,460,1233,1234,
gold,51,
gold,52,465,466,1235,1236,
gold,52,
gold,53,467,468,1237,1238,
gold,53,
gold,54,469,470,1239,1240,
gold,54,
gold,55,471,472,1241,1242,
gold,55,
gold,56,473,474,1243,1244,
gold,56,
gold,57,479,480,1245,1246,
gold,57,
gold,58,481,482,1247,1248,
gold,58,
gold,59,483,484,1249,1250,
gold,59,
gold,60,485,486,1251,1252,
gold,60,
gold,61,487,488,1253,1254,
gold,61,
gold,62,493,494,1255,1256,
gold,62,
gold,63,495,496,1257,1258,
gold,63,
gold,64,497,498,1259,1260,
gold,64,
gold,65,499,500,1261,1262,
gold,65,
gold,66,501,502,1263,1264,
gold,66,
gold,67,507,508,1265,1266,
gold,67,
gold,68,509,510,1267,1268,
gold,68,
gold,69,511,512,1269,1270,
gold,69,
gold,70,513,514,1271,1272,
gold,70,
gold,71,515,516,1273,1274,
gold,71,
gold,72,531,580,925,926,927,928,1065,1066,1067,1068,
gold,72,
gold,73,532,581,929,930,931,932,1069,1070,1071,1072,
gold,73,
gold,74,533,582,933,934,935,936,1073,1074,1075,1076,
gold,74,
gold,75,534,583,937,938,939,940,1077,1078,1079,1080,
gold,75,
gold,76,535,584,941,942,943,944,1081,1082,1083,1084,
gold,76,
gold,77,538,587,945,946,947,948,1085,1086,1087,1088,
gold,77,
gold,78,539,588,949,950,951,952,1089,1090,1091,1092,
gold,78,
gold,79,540,589,953,954,955,956,1093,1094,1095,1096,
gold,79,
gold,80,541,590,957,958,959,960,1097,1098,1099,1100,
gold,80,
gold,81,542,591,961,962,963,964,1101,1102,1103,1104,
gold,81,
gold,82,545,594,965,966,967,968,1105,1106,1107,1108,
gold,82,
gold,83,546,595,969,970,971,972,1109,1110,1111,1112,
gold,83,
gold,84,547,596,973,974,975,976,1113,1114,1115,1116,
gold,84,
gold,85,548,597,977,978,979,980,1117,1118,1119,1120,
gold,85,
gold,86,549,598,981,982,983,984,1121,1122,1123,1124,
gold,86,
gold,87,552,601,985,986,987,988,1125,1126,1127,1128,
gold,87,
gold,88,553,602,989,990,991,992,1129,1130,1131,1132,
gold,88,
gold,89,554,603,993,994,995,996,1133,1134,1135,1136,
gold,89,
gold,90,555,604,997,998,999,1000,1137,1138,1139,1140,
gold,90,
gold,91,559,608,1005,1006,1007,1008,1145,1146,1147,1148,
gold,91,
gold,92,560,609,1009,1010,1011,1012,1149,1150,1151,1152,
gold,92,
gold,93,561,610,1013,1014,1015,1016,1153,1154,1155,1156,
gold,93,
gold,94,563,612,1021,1022,1023,1024,1161,1162,1163,1164,
gold,94,
gold,95,566,615,1025,1026,1027,1028,1165,1166,1167,1168,
gold,95,
gold,96,567,616,1029,1030,1031,1032,1169,1170,1171,1172,
gold,96,
gold,97,568,617,1033,1034,1035,1036,1173,1174,1175,1176,
gold,97,
gold,98,569,618,1037,1038,1039,1040,1177,1178,1179,1180,
gold,98,
gold,99,570,619,1041,1042,1043,1044,1181,1182,1183,1184,
gold,99,
gold,100,573,622,1045,1046,1047,1048,1185,1186,1187,1188,
gold,100,
gold,101,574,623,1049,1050,1051,1052,1189,1190,1191,1192,
gold,101,
gold,102,575,624,1053,1054,1055,1056,1193,1194,1195,1196,
gold,102,
gold,103,576,625,1057,1058,1059,1060,1197,1198,1199,1200,
gold,103,
gold,104,577,626,1061,1062,1063,1064,1201,1202,1203,1204,
gold,104,
gold,105,627,628,629,630,631,632,633,634,635,636,729,730,731,732,757,758,759,760,785,786,787,788,813,814,815,816,841,842,843,844,869,870,871,872,897,898,899,900,
gold,105,
gold,106,637,638,639,640,641,642,643,644,645,646,733,734,735,736,761,762,763,764,789,790,791,792,817,818,819,820,845,846,847,848,873,874,875,876,901,902,903,904,
gold,106,
gold,107,647,648,649,650,651,652,653,654,655,656,737,738,739,740,765,766,767,768,793,794,795,796,821,822,823,824,849,850,851,852,877,878,879,880,905,906,907,908,
gold,107,
gold,108,657,658,659,660,661,662,663,664,665,666,741,742,743,744,769,770,771,772,797,798,799,800,825,826,827,828,853,854,855,856,881,882,883,884,909,910,911,912,
gold,108,
gold,109,667,668,669,670,671,672,673,674,675,676,745,746,747,748,773,774,775,776,801,802,803,804,829,830,831,832,857,858,859,860,885,886,887,888,913,914,915,916,
gold,109,
gold,110,677,678,679,680,681,682,683,684,685,686,749,750,751,752,777,778,779,780,805,806,807,808,833,834,835,836,861,862,863,864,889,890,891,892,917,918,919,920,
gold,110,
gold,111,687,688,689,690,691,692,693,694,695,696,753,754,755,756,781,782,783,784,809,810,811,812,837,838,839,840,865,866,867,868,893,894,895,896,921,922,923,924,
gold,111,
gold,112,813,814,815,816,817,818,819,820,821,822,823,824,825,826,827,828,829,830,831,832,833,834,835,836,837,838,839,840,
gold,112,
gold,113,841,842,843,844,845,846,847,848,849,850,851,852,853,854,855,856,857,858,859,860,861,862,863,864,865,866,867,868,1277,1278,
gold,113,
gold,114,503,504,505,506,507,508,509,510,511,512,513,514,515,516,687,688,689,690,691,692,693,694,695,696,753,754,755,756,781,782,783,784,809,810,811,812,837,838,839,840,865,866,867,868,893,894,895,896,921,922,923,924,1265,1266,1267,1268,1269,1270,1271,1272,1273,1274,
gold,114,
gold,115,419,420,421,422,423,424,425,426,427,428,429,430,431,432,627,628,629,630,631,632,633,634,635,636,729,730,731,732,757,758,759,760,785,786,787,788,813,814,815,816,841,842,843,844,869,870,871,872,897,898,899,900,1205,1206,1207,1208,1209,1210,1211,1212,1213,1214,
gold,115,
gold,116,433,434,435,436,437,438,439,440,441,442,443,444,445,446,637,638,639,640,641,642,643,644,645,646,733,734,735,736,761,762,763,764,789,790,791,792,817,818,819,820,845,846,847,848,873,874,875,876,901,902,903,904,1215,1216,1217,1218,1219,1220,1221,1222,1223,1224,
gold,116,
gold,117,447,448,449,450,451,452,453,454,455,456,457,458,459,460,647,648,649,650,651,652,653,654,655,656,737,738,739,740,765,766,767,768,793,794,795,796,821,822,823,824,849,850,851,852,877,878,879,880,905,906,907,908,1225,1226,1227,1228,1229,1230,1231,1232,1233,1234,
gold,117,
gold,118,489,490,491,492,493,494,495,496,497,498,499,500,501,502,677,678,679,680,681,682,683,684,685,686,749,750,751,752,777,778,779,780,805,806,807,808,833,834,835,836,861,862,863,864,889,890,891,892,917,918,919,920,1255,1256,1257,1258,1259,1260,1261,1262,1263,1264,
gold,118,
gold,119,785,786,787,788,789,790,791,792,793,794,795,796,797,798,799,800,801,802,803,804,805,806,807,808,809,810,811,812,1275,1276,1277,1278,
gold,119,
gold,120,461,462,463,464,465,466,467,468,469,470,471,472,473,474,657,658,659,660,661,662,663,664,665,666,741,742,743,744,769,770,771,772,797,798,799,800,825,826,827,828,853,854,855,856,881,882,883,884,909,910,911,912,1235,1236,1237,1238,1239,1240,1241,1242,1243,1244,
gold,120,
gold,121,475,476,477,478,479,480,481,482,483,484,485,486,487,488,667,668,669,670,671,672,673,674,675,676,745,746,747,748,773,774,775,776,801,802,803,804,829,830,831,832,857,858,859,860,885,886,887,888,913,914,915,916,1245,1246,1247,1248,1249,1250,1251,1252,1253,1254,
gold,121,
gold,122,869,870,871,872,873,874,875,876,877,878,879,880,881,882,883,884,885,886,887,888,889,890,891,892,893,894,895,896,
gold,122,
gold,123,897,898,899,900,901,902,903,904,905,906,907,908,909,910,911,912,913,914,915,916,917,918,919,920,921,922,923,924,1275,1276,
gold,123,
gold,124,925,926,927,928,929,930,931,932,933,934,935,936,937,938,939,940,941,942,943,944,945,946,947,948,949,950,951,952,953,954,955,956,957,958,959,960,961,962,963,964,965,966,967,968,969,970,971,972,973,974,975,976,977,978,979,980,981,982,983,984,985,986,987,988,989,990,991,992,993,994,995,996,997,998,999,1000,1001,1002,1003,1004,1005,1006,1007,1008,1009,1010,1011,1012,1013,1014,1015,1016,1017,1018,1019,1020,1021,1022,1023,1024,1025,1026,1027,1028,1029,1030,1031,1032,1033,1034,1035,1036,1037,1038,1039,1040,1041,1042,1043,1044,1045,1046,1047,1048,1049,1050,1051,1052,1053,1054,1055,1056,1057,1058,1059,1060,1061,1062,1063,1064,
gold,124,
gold,125,417,418,925,926,927,928,929,930,931,932,933,934,935,936,937,938,939,940,941,942,943,944,945,946,947,948,949,950,951,952,953,954,955,956,957,958,959,960,961,962,963,964,965,966,967,968,969,970,971,972,973,974,975,976,977,978,979,980,981,982,983,984,985,986,987,988,989,990,991,992,993,994,995,996,997,998,999,1000,1001,1002,1003,1004,1005,1006,1007,1008,1009,1010,1011,1012,1013,1014,1015,1016,1017,1018,1019,1020,1021,1022,1023,1024,1025,1026,1027,1028,1029,1030,1031,1032,1033,1034,1035,1036,1037,1038,1039,1040,1041,1042,1043,1044,1045,1046,1047,1048,1049,1050,1051,1052,1053,1054,1055,1056,1057,1058,1059,1060,1061,1062,1063,1064,
gold,125,
gold,126,1065,1066,1067,1068,1069,1070,1071,1072,1073,1074,1075,1076,1077,1078,1079,1080,1081,1082,1083,1084,1085,1086,1087,1088,1089,1090,1091,1092,1093,1094,1095,1096,1097,1098,1099,1100,1101,1102,1103,1104,1105,1106,1107,1108,1109,1110,1111,1112,1113,1114,1115,1116,1117,1118,1119,1120,1121,1122,1123,1124,1125,1126,1127,1128,1129,1130,1131,1132,1133,1134,1135,1136,1137,1138,1139,1140,1141,1142,1143,1144,1145,1146,1147,1148,1149,1150,1151,1152,1153,1154,1155,1156,1157,1158,1159,1160,1161,1162,1163,1164,1165,1166,1167,1168,1169,1170,1171,1172,1173,1174,1175,1176,1177,1178,1179,1180,1181,1182,1183,1184,1185,1186,1187,1188,1189,1190,1191,1192,1193,1194,1195,1196,1197,1198,1199,1200,1201,1202,1203,1204,1275,1276,1277,1278,
gold,126,
gold,127,517,520,523,526,925,927,929,931,933,935,937,939,941,943,945,947,949,951,953,955,957,959,961,963,965,967,969,971,973,975,977,979,981,983,985,987,989,991,993,995,997,999,1001,1003,1005,1007,1009,1011,1013,1015,1017,1019,1021,1023,1025,1027,1029,1031,1033,1035,1037,1039,1041,1043,1045,1047,1049,1051,1053,1055,1057,1059,1061,1063,1065,1067,1069,1071,1073,1075,1077,1079,1081,1083,1085,1087,1089,1091,1093,1095,1097,1099,1101,1103,1105,1107,1109,1111,1113,1115,1117,1119,1121,1123,1125,1127,1129,1131,1133,1135,1137,1139,1141,1143,1145,1147,1149,1151,1153,1155,1157,1159,1161,1163,1165,1167,1169,1171,1173,1175,1177,1179,1181,1183,1185,1187,1189,1191,1193,1195,1197,1199,1201,1203,
gold,127,518,521,524,527,729,731,733,735,737,739,741,743,745,747,749,751,753,755,757,759,761,763,765,767,769,771,773,775,777,779,781,783,785,787,789,791,793,795,797,799,801,803,805,807,809,811,813,815,817,819,821,823,825,827,829,831,833,835,837,839,841,843,845,847,849,851,853,855,857,859,861,863,865,867,869,871,873,875,877,879,881,883,885,887,889,891,893,895,897,899,901,903,905,907,909,911,913,915,917,919,921,923,926,928,930,932,934,936,938,940,942,944,946,948,950,952,954,956,958,960,962,964,966,968,970,972,974,976,978,980,982,984,986,988,990,992,994,996,998,1000,1002,1004,1006,1008,1010,1012,1014,1016,1018,1020,1022,1024,1026,1028,1030,1032,1034,1036,1038,1040,1042,1044,1046,1048,1050,1052,1054,1056,1058,1060,1062,1064,1066,1068,1070,1072,1074,1076,1078,1080,1082,1084,1086,1088,1090,1092,1094,1096,1098,1100,1102,1104,1106,1108,1110,1112,1114,1116,1118,1120,1122,1124,1126,1128,1130,1132,1134,1136,1138,1140,1142,1144,1146,1148,1150,1152,1154,1156,1158,1160,1162,1164,1166,1168,1170,1172,1174,1176,1178,1180,1182,1184,1186,1188,1190,1192,1194,1196,1198,1200,1202,1204,
gold,127,519,522,525,528,730,732,734,736,738,740,742,744,746,748,750,752,754,756,758,760,762,764,766,768,770,772,774,776,778,780,782,784,786,788,790,792,794,796,798,800,802,804,806,808,810,812,814,816,818,820,822,824,826,828,830,832,834,836,838,840,842,844,846,848,850,852,854,856,858,860,862,864,866,868,870,872,874,876,878,880,882,884,886,888,890,892,894,896,898,900,902,904,906,908,910,912,914,916,918,920,922,924,
red,128,529,578,
gold,128,
red,129,537,586,
gold,129,
red,130,543,592,
gold,130,
red,131,565,614,
gold,131,
red,132,556,605,1001,1002,1003,1004,1141,1142,1143,1144,
gold,132,
red,133,562,611,1017,1018,1019,1020,1157,1158,1159,1160,
gold,133,
lightskyblue,396,
lightskyblue,396,
lightskyblue,358,193,
lightskyblue,358,193,
lightskyblue,358,207,
lightskyblue,358,207,
lightskyblue,358,223,
lightskyblue,358,223,
lightskyblue,358,225,
lightskyblue,358,225,
lightskyblue,358,227,
lightskyblue,358,227,
lightskyblue,358,229,
lightskyblue,358,229,
lightskyblue,358,231,
lightskyblue,358,231,
lightskyblue,360,195,
lightskyblue,360,195,
lightskyblue,360,209,
lightskyblue,360,209,
lightskyblue,360,233,
lightskyblue,360,233,
lightskyblue,360,235,
lightskyblue,360,235,
lightskyblue,360,237,
lightskyblue,360,237,
lightskyblue,360,239,
lightskyblue,360,239,
lightskyblue,360,241,
lightskyblue,360,241,
lightskyblue,362,197,
lightskyblue,362,197,
lightskyblue,362,211,
lightskyblue,362,211,
lightskyblue,362,243,
lightskyblue,362,243,
lightskyblue,362,245,
lightskyblue,362,245,
lightskyblue,362,247,
lightskyblue,362,247,
lightskyblue,362,249,
lightskyblue,362,249,
lightskyblue,362,251,
lightskyblue,362,251,
lightskyblue,364,199,
lightskyblue,364,199,
lightskyblue,364,213,
lightskyblue,364,213,
lightskyblue,364,253,
lightskyblue,364,253,
lightskyblue,364,255,
lightskyblue,364,255,
lightskyblue,364,257,
lightskyblue,364,257,
lightskyblue,364,259,
lightskyblue,364,259,
lightskyblue,364,261,
lightskyblue,364,261,
lightskyblue,366,201,
lightskyblue,366,201,
lightskyblue,366,215,
lightskyblue,366,215,
lightskyblue,366,263,
lightskyblue,366,263,
lightskyblue,366,265,
lightskyblue,366,265,
lightskyblue,366,267,
lightskyblue,366,267,
lightskyblue,366,269,
lightskyblue,366,269,
lightskyblue,366,271,
lightskyblue,366,271,
lightskyblue,368,203,
lightskyblue,368,203,
lightskyblue,368,217,
lightskyblue,368,217,
lightskyblue,368,273,
lightskyblue,368,273,
lightskyblue,368,275,
lightskyblue,368,275,
lightskyblue,368,277,
lightskyblue,368,277,
lightskyblue,368,279,
lightskyblue,368,279,
lightskyblue,368,281,
lightskyblue,368,281,
lightskyblue,370,205,
lightskyblue,370,205,
lightskyblue,370,219,
lightskyblue,370,219,
lightskyblue,370,283,
lightskyblue,370,283,
lightskyblue,370,285,
lightskyblue,370,285,
lightskyblue,370,287,
lightskyblue,370,287,
lightskyblue,370,289,
lightskyblue,370,289,
lightskyblue,370,291,
lightskyblue,370,291,
lightskyblue,169,398,221,
lightskyblue,169,398,221,402,
lightskyblue,169,398,221,402,
lightskyblue,181,398,221,
lightskyblue,181,398,221,402,
lightskyblue,181,398,221,402,
lightskyblue,169,398,221,
lightskyblue,169,398,221,402,
lightskyblue,169,398,221,402,
lightskyblue,181,398,221,
lightskyblue,181,398,221,402,
lightskyblue,181,398,221,402,
lightskyblue,406,378,
lightskyblue,183,378,
lightskyblue,293,378,
lightskyblue,295,378,
lightskyblue,297,378,
lightskyblue,299,378,
lightskyblue,301,378,
lightskyblue,171,380,
lightskyblue,408,380,
lightskyblue,303,380,
lightskyblue,305,380,
lightskyblue,307,380,
lightskyblue,309,380,
lightskyblue,311,380,
lightskyblue,410,382,
lightskyblue,185,382,
lightskyblue,313,382,
lightskyblue,315,382,
lightskyblue,317,382,
lightskyblue,319,382,
lightskyblue,321,382,
lightskyblue,173,388,
lightskyblue,187,388,
lightskyblue,323,388,
lightskyblue,325,388,
lightskyblue,327,388,
lightskyblue,329,388,
lightskyblue,414,388,
lightskyblue,175,390,
lightskyblue,189,390,
lightskyblue,331,390,
lightskyblue,333,390,
lightskyblue,335,390,
lightskyblue,416,390,
lightskyblue,337,390,
lightskyblue,177,384,
lightskyblue,412,384,
lightskyblue,339,384,
lightskyblue,341,384,
lightskyblue,343,384,
lightskyblue,345,384,
lightskyblue,347,384,
lightskyblue,179,376,
lightskyblue,191,376,
lightskyblue,349,376,
lightskyblue,351,376,
lightskyblue,353,376,
lightskyblue,355,376,
lightskyblue,357,376,
lightskyblue,406,378,
lightskyblue,183,378,
lightskyblue,293,378,
lightskyblue,295,378,
lightskyblue,297,378,
lightskyblue,299,378,
lightskyblue,301,378,
lightskyblue,171,380,
lightskyblue,408,380,
lightskyblue,303,380,
lightskyblue,305,380,
lightskyblue,307,380,
lightskyblue,309,380,
lightskyblue,311,380,
lightskyblue,410,382,
lightskyblue,185,382,
lightskyblue,313,382,
lightskyblue,315,382,
lightskyblue,317,382,
lightskyblue,319,382,
lightskyblue,321,382,
lightskyblue,173,388,
lightskyblue,187,388,
lightskyblue,323,388,
lightskyblue,325,388,
lightskyblue,327,388,
lightskyblue,329,388,
lightskyblue,414,388,
lightskyblue,175,390,
lightskyblue,189,390,
lightskyblue,331,390,
lightskyblue,333,390,
lightskyblue,335,390,
lightskyblue,416,390,
lightskyblue,337,390,
lightskyblue,177,384,
lightskyblue,412,384,
lightskyblue,339,384,
lightskyblue,341,384,
lightskyblue,343,384,
lightskyblue,345,384,
lightskyblue,347,384,
lightskyblue,179,376,
lightskyblue,191,376,
lightskyblue,349,376,
lightskyblue,351,376,
lightskyblue,353,376,
lightskyblue,355,376,
lightskyblue,357,376,
lightskyblue,359,292,379,222,
lightskyblue,359,292,379,222,
lightskyblue,359,294,379,224,
lightskyblue,359,294,379,224,
lightskyblue,359,296,379,226,
lightskyblue,359,296,379,226,
lightskyblue,359,298,379,228,
lightskyblue,359,298,379,228,
lightskyblue,359,300,379,230,
lightskyblue,359,300,379,230,
lightskyblue,361,302,381,232,
lightskyblue,361,302,381,232,
lightskyblue,361,304,381,234,
lightskyblue,361,304,381,234,
lightskyblue,361,306,381,236,
lightskyblue,361,306,381,236,
lightskyblue,361,308,381,238,
lightskyblue,361,308,381,238,
lightskyblue,361,310,381,240,
lightskyblue,361,310,381,240,
lightskyblue,363,312,383,242,
lightskyblue,363,312,383,242,
lightskyblue,363,314,383,244,
lightskyblue,363,314,383,244,
lightskyblue,363,316,383,246,
lightskyblue,363,316,383,246,
lightskyblue,363,318,383,248,
lightskyblue,363,318,383,248,
lightskyblue,363,320,383,250,
lightskyblue,363,320,383,250,
lightskyblue,365,322,389,252,
lightskyblue,365,322,389,252,
lightskyblue,365,324,389,254,
lightskyblue,365,324,389,254,
lightskyblue,365,326,389,256,
lightskyblue,365,326,389,256,
lightskyblue,365,328,389,258,
lightskyblue,365,328,389,258,
lightskyblue,365,413,389,260,
lightskyblue,365,413,389,260,
lightskyblue,367,330,391,262,
lightskyblue,367,330,391,262,
lightskyblue,367,332,391,264,
lightskyblue,367,332,391,264,
lightskyblue,367,334,391,266,
lightskyblue,367,334,391,266,
lightskyblue,367,415,391,268,
lightskyblue,367,415,391,268,
lightskyblue,367,336,391,270,
lightskyblue,367,336,391,270,
lightskyblue,369,338,385,272,
lightskyblue,369,338,385,272,
lightskyblue,369,340,385,274,
lightskyblue,369,340,385,274,
lightskyblue,369,342,385,276,
lightskyblue,369,342,385,276,
lightskyblue,369,344,385,278,
lightskyblue,369,344,385,278,
lightskyblue,369,346,385,280,
lightskyblue,369,346,385,280,
lightskyblue,371,348,377,282,
lightskyblue,371,348,377,282,
lightskyblue,371,350,377,284,
lightskyblue,371,350,377,284,
lightskyblue,371,352,377,286,
lightskyblue,371,352,377,286,
lightskyblue,371,354,377,288,
lightskyblue,371,354,377,288,
lightskyblue,371,356,377,290,
lightskyblue,371,356,377,290,
lightskyblue,145,135,
lightskyblue,146,137,
lightskyblue,147,139,
lightskyblue,148,141,
lightskyblue,149,143,
lightskyblue,150,154,
lightskyblue,151,156,
lightskyblue,152,167,
lightskyblue,158,135,
lightskyblue,159,137,
lightskyblue,160,139,
lightskyblue,161,141,
lightskyblue,162,143,
lightskyblue,163,154,
lightskyblue,164,156,
lightskyblue,165,167,
lightskyblue,144,134,
lightskyblue,144,136,
lightskyblue,144,138,
lightskyblue,144,140,
lightskyblue,144,142,
lightskyblue,144,153,
lightskyblue,144,155,
lightskyblue,144,166,
lightskyblue,157,134,
lightskyblue,157,136,
lightskyblue,157,138,
lightskyblue,157,140,
lightskyblue,157,142,
lightskyblue,157,153,
lightskyblue,157,155,
lightskyblue,157,166,
lightskyblue,359,405,379,402,192,
lightskyblue,359,405,379,403,192,
lightskyblue,359,405,379,402,192,
lightskyblue,359,405,379,403,192,
lightskyblue,361,170,381,402,194,
lightskyblue,361,170,381,403,194,
lightskyblue,361,170,381,402,194,
lightskyblue,361,170,381,403,194,
lightskyblue,363,409,383,402,196,
lightskyblue,363,409,383,403,196,
lightskyblue,363,409,383,402,196,
lightskyblue,363,409,383,403,196,
lightskyblue,365,172,389,402,198,
lightskyblue,365,172,389,403,198,
lightskyblue,365,172,389,402,198,
lightskyblue,365,172,389,403,198,
lightskyblue,367,174,391,402,200,
lightskyblue,367,174,391,403,200,
lightskyblue,367,174,391,402,200,
lightskyblue,367,174,391,403,200,
lightskyblue,369,176,385,402,202,
lightskyblue,369,176,385,403,202,
lightskyblue,369,176,385,402,202,
lightskyblue,369,176,385,403,202,
lightskyblue,371,178,377,402,204,
lightskyblue,371,178,377,403,204,
lightskyblue,371,178,377,402,204,
lightskyblue,371,178,377,403,204,
lightskyblue,359,182,379,402,206,
lightskyblue,359,182,379,403,206,
lightskyblue,359,182,379,402,206,
lightskyblue,359,182,379,403,206,
lightskyblue,361,407,381,402,208,
lightskyblue,361,407,381,403,208,
lightskyblue,361,407,381,402,208,
lightskyblue,361,407,381,403,208,
lightskyblue,363,184,383,402,210,
lightskyblue,363,184,383,403,210,
lightskyblue,363,184,383,402,210,
lightskyblue,363,184,383,403,210,
lightskyblue,365,186,389,402,212,
lightskyblue,365,186,389,403,212,
lightskyblue,365,186,389,402,212,
lightskyblue,365,186,389,403,212,
lightskyblue,367,188,391,402,214,
lightskyblue,367,188,391,403,214,
lightskyblue,367,188,391,402,214,
lightskyblue,367,188,391,403,214,
lightskyblue,369,411,385,402,216,
lightskyblue,369,411,385,403,216,
lightskyblue,369,411,385,402,216,
lightskyblue,369,411,385,403,216,
lightskyblue,371,190,377,402,218,
lightskyblue,371,190,377,403,218,
lightskyblue,371,190,377,402,218,
lightskyblue,371,190,377,403,218,
lightskyblue,359,292,379,402,222,
lightskyblue,359,292,379,403,222,
lightskyblue,359,292,379,402,222,
lightskyblue,359,292,379,403,222,
lightskyblue,361,302,381,402,232,
lightskyblue,361,302,381,403,232,
lightskyblue,361,302,381,402,232,
lightskyblue,361,302,381,403,232,
lightskyblue,363,312,383,402,242,
lightskyblue,363,312,383,403,242,
lightskyblue,363,312,383,402,242,
lightskyblue,363,312,383,403,242,
lightskyblue,365,322,389,402,252,
lightskyblue,365,322,389,403,252,
lightskyblue,365,322,389,402,252,
lightskyblue,365,322,389,403,252,
lightskyblue,367,330,391,402,262,
lightskyblue,367,330,391,403,262,
lightskyblue,367,330,391,402,262,
lightskyblue,367,330,391,403,262,
lightskyblue,369,338,385,402,272,
lightskyblue,369,338,385,403,272,
lightskyblue,369,338,385,402,272,
lightskyblue,369,338,385,403,272,
lightskyblue,371,348,377,402,282,
lightskyblue,371,348,377,403,282,
lightskyblue,371,348,377,402,282,
lightskyblue,371,348,377,403,282,
lightskyblue,359,294,379,402,224,
lightskyblue,359,294,379,403,224,
lightskyblue,359,294,379,402,224,
lightskyblue,359,294,379,403,224,
lightskyblue,361,304,381,402,234,
lightskyblue,361,304,381,403,234,
lightskyblue,361,304,381,402,234,
lightskyblue,361,304,381,403,234,
lightskyblue,363,314,383,402,244,
lightskyblue,363,314,383,403,244,
lightskyblue,363,314,383,402,244,
lightskyblue,363,314,383,403,244,
lightskyblue,365,324,389,402,254,
lightskyblue,365,324,389,403,254,
lightskyblue,365,324,389,402,254,
lightskyblue,365,324,389,403,254,
lightskyblue,367,332,391,402,264,
lightskyblue,367,332,391,403,264,
lightskyblue,367,332,391,402,264,
lightskyblue,367,332,391,403,264,
lightskyblue,369,340,385,402,274,
lightskyblue,369,340,385,403,274,
lightskyblue,369,340,385,402,274,
lightskyblue,369,340,385,403,274,
lightskyblue,371,350,377,402,284,
lightskyblue,371,350,377,403,284,
lightskyblue,371,350,377,402,284,
lightskyblue,371,350,377,403,284,
lightskyblue,359,296,379,402,226,
lightskyblue,359,296,379,403,226,
lightskyblue,359,296,379,402,226,
lightskyblue,359,296,379,403,226,
lightskyblue,361,306,381,402,236,
lightskyblue,361,306,381,403,236,
lightskyblue,361,306,381,402,236,
lightskyblue,361,306,381,403,236,
lightskyblue,363,316,383,402,246,
lightskyblue,363,316,383,403,246,
lightskyblue,363,316,383,402,246,
lightskyblue,363,316,383,403,246,
lightskyblue,365,326,389,402,256,
lightskyblue,365,326,389,403,256,
lightskyblue,365,326,389,402,256,
lightskyblue,365,326,389,403,256,
lightskyblue,367,334,391,402,266,
lightskyblue,367,334,391,403,266,
lightskyblue,367,334,391,402,266,
lightskyblue,367,334,391,403,266,
lightskyblue,369,342,385,402,276,
lightskyblue,369,342,385,403,276,
lightskyblue,369,342,385,402,276,
lightskyblue,369,342,385,403,276,
lightskyblue,371,352,377,402,286,
lightskyblue,371,352,377,403,286,
lightskyblue,371,352,377,402,286,
lightskyblue,371,352,377,403,286,
lightskyblue,359,298,379,402,228,
lightskyblue,359,298,379,403,228,
lightskyblue,359,298,379,402,228,
lightskyblue,359,298,379,403,228,
lightskyblue,361,308,381,402,238,
lightskyblue,361,308,381,403,238,
lightskyblue,361,308,381,402,238,
lightskyblue,361,308,381,403,238,
lightskyblue,363,318,383,402,248,
lightskyblue,363,318,383,403,248,
lightskyblue,363,318,383,402,248,
lightskyblue,363,318,383,403,248,
lightskyblue,365,328,389,402,258,
lightskyblue,365,328,389,403,258,
lightskyblue,365,328,389,402,258,
lightskyblue,365,328,389,403,258,
lightskyblue,367,415,391,402,268,
lightskyblue,367,415,391,403,268,
lightskyblue,367,415,391,402,268,
lightskyblue,367,415,391,403,268,
lightskyblue,369,344,385,402,278,
lightskyblue,369,344,385,403,278,
lightskyblue,369,344,385,402,278,
lightskyblue,369,344,385,403,278,
lightskyblue,371,354,377,402,288,
lightskyblue,371,354,377,403,288,
lightskyblue,371,354,377,402,288,
lightskyblue,371,354,377,403,288,
lightskyblue,359,300,379,402,230,
lightskyblue,359,300,379,403,230,
lightskyblue,359,300,379,402,230,
lightskyblue,359,300,379,403,230,
lightskyblue,361,310,381,402,240,
lightskyblue,361,310,381,403,240,
lightskyblue,361,310,381,402,240,
lightskyblue,361,310,381,403,240,
lightskyblue,363,320,383,402,250,
lightskyblue,363,320,383,403,250,
lightskyblue,363,320,383,402,250,
lightskyblue,363,320,383,403,250,
lightskyblue,365,413,389,402,260,
lightskyblue,365,413,389,403,260,
lightskyblue,365,413,389,402,260,
lightskyblue,365,413,389,403,260,
lightskyblue,367,336,391,402,270,
lightskyblue,367,336,391,403,270,
lightskyblue,367,336,391,402,270,
lightskyblue,367,336,391,403,270,
lightskyblue,369,346,385,402,280,
lightskyblue,369,346,385,403,280,
lightskyblue,369,346,385,402,280,
lightskyblue,369,346,385,403,280,
lightskyblue,371,356,377,402,290,
lightskyblue,371,356,377,403,290,
lightskyblue,371,356,377,402,290,
lightskyblue,371,356,377,403,290,
lightskyblue,397,386,293,399,378,403,400,
lightskyblue,397,386,293,399,378,404,400,
lightskyblue,397,386,293,399,378,403,400,
lightskyblue,397,386,293,399,378,404,400,
lightskyblue,397,372,295,399,378,403,400,
lightskyblue,397,372,295,399,378,404,400,
lightskyblue,397,372,295,399,378,403,400,
lightskyblue,397,372,295,399,378,404,400,
lightskyblue,397,374,297,399,378,403,400,
lightskyblue,397,374,297,399,378,404,400,
lightskyblue,397,374,297,399,378,403,400,
lightskyblue,397,374,297,399,378,404,400,
lightskyblue,397,392,299,399,378,403,400,
lightskyblue,397,392,299,399,378,404,400,
lightskyblue,397,392,299,399,378,403,400,
lightskyblue,397,392,299,399,378,404,400,
lightskyblue,397,394,301,399,378,403,400,
lightskyblue,397,394,301,399,378,404,400,
lightskyblue,397,394,301,399,378,403,400,
lightskyblue,397,394,301,399,378,404,400,
lightskyblue,397,386,303,399,380,403,400,
lightskyblue,397,386,303,399,380,404,400,
lightskyblue,397,386,303,399,380,403,400,
lightskyblue,397,386,303,399,380,404,400,
lightskyblue,397,372,305,399,380,403,400,
lightskyblue,397,372,305,399,380,404,400,
lightskyblue,397,372,305,399,380,403,400,
lightskyblue,397,372,305,399,380,404,400,
lightskyblue,397,374,307,399,380,403,400,
lightskyblue,397,374,307,399,380,404,400,
lightskyblue,397,374,307,399,380,403,400,
lightskyblue,397,374,307,399,380,404,400,
lightskyblue,397,392,309,399,380,403,400,
lightskyblue,397,392,309,399,380,404,400,
lightskyblue,397,392,309,399,380,403,400,
lightskyblue,397,392,309,399,380,404,400,
lightskyblue,397,394,311,399,380,403,400,
lightskyblue,397,394,311,399,380,404,400,
lightskyblue,397,394,311,399,380,403,400,
lightskyblue,397,394,311,399,380,404,400,
lightskyblue,397,386,313,399,382,403,400,
lightskyblue,397,386,313,399,382,404,400,
lightskyblue,397,386,313,399,382,403,400,
lightskyblue,397,386,313,399,382,404,400,
lightskyblue,397,372,315,399,382,403,400,
lightskyblue,397,372,315,399,382,404,400,
lightskyblue,397,372,315,399,382,403,400,
lightskyblue,397,372,315,399,382,404,400,
lightskyblue,397,374,317,399,382,403,400,
lightskyblue,397,374,317,399,382,404,400,
lightskyblue,397,374,317,399,382,403,400,
lightskyblue,397,374,317,399,382,404,400,
lightskyblue,397,392,319,399,382,403,400,
lightskyblue,397,392,319,399,382,404,400,
lightskyblue,397,392,319,399,382,403,400,
lightskyblue,397,392,319,399,382,404,400,
lightskyblue,397,394,321,399,382,403,400,
lightskyblue,397,394,321,399,382,404,400,
lightskyblue,397,394,321,399,382,403,400,
lightskyblue,397,394,321,399,382,404,400,
lightskyblue,397,386,323,399,388,403,400,
lightskyblue,397,386,323,399,388,404,400,
lightskyblue,397,386,323,399,388,403,400,
lightskyblue,397,386,323,399,388,404,400,
lightskyblue,397,372,325,399,388,403,400,
lightskyblue,397,372,325,399,388,404,400,
lightskyblue,397,372,325,399,388,403,400,
lightskyblue,397,372,325,399,388,404,400,
lightskyblue,397,374,327,399,388,403,400,
lightskyblue,397,374,327,399,388,404,400,
lightskyblue,397,374,327,399,388,403,400,
lightskyblue,397,374,327,399,388,404,400,
lightskyblue,397,392,329,399,388,403,400,
lightskyblue,397,392,329,399,388,404,400,
lightskyblue,397,392,329,399,388,403,400,
lightskyblue,397,392,329,399,388,404,400,
lightskyblue,397,394,414,399,388,403,400,
lightskyblue,397,394,414,399,388,404,400,
lightskyblue,397,394,414,399,388,403,400,
lightskyblue,397,394,414,399,388,404,400,
lightskyblue,397,386,331,399,390,403,400,
lightskyblue,397,386,331,399,390,404,400,
lightskyblue,397,386,331,399,390,403,400,
lightskyblue,397,386,331,399,390,404,400,
lightskyblue,397,372,333,399,390,403,400,
lightskyblue,397,372,333,399,390,404,400,
lightskyblue,397,372,333,399,390,403,400,
lightskyblue,397,372,333,399,390,404,400,
lightskyblue,397,374,335,399,390,403,400,
lightskyblue,397,374,335,399,390,404,400,
lightskyblue,397,374,335,399,390,403,400,
lightskyblue,397,374,335,399,390,404,400,
lightskyblue,397,392,416,399,390,403,400,
lightskyblue,397,392,416,399,390,404,400,
lightskyblue,397,392,416,399,390,403,400,
lightskyblue,397,392,416,399,390,404,400,
lightskyblue,397,394,337,399,390,403,400,
lightskyblue,397,394,337,399,390,404,400,
lightskyblue,397,394,337,399,390,403,400,
lightskyblue,397,394,337,399,390,404,400,
lightskyblue,397,386,339,399,384,403,400,
lightskyblue,397,386,339,399,384,404,400,
lightskyblue,397,386,339,399,384,403,400,
lightskyblue,397,386,339,399,384,404,400,
lightskyblue,397,372,341,399,384,403,400,
lightskyblue,397,372,341,399,384,404,400,
lightskyblue,397,372,341,399,384,403,400,
lightskyblue,397,372,341,399,384,404,400,
lightskyblue,397,374,343,399,384,403,400,
lightskyblue,397,374,343,399,384,404,400,
lightskyblue,397,374,343,399,384,403,400,
lightskyblue,397,374,343,399,384,404,400,
lightskyblue,397,392,345,399,384,403,400,
lightskyblue,397,392,345,399,384,404,400,
lightskyblue,397,392,345,399,384,403,400,
lightskyblue,397,392,345,399,384,404,400,
lightskyblue,397,394,347,399,384,403,400,
lightskyblue,397,394,347,399,384,404,400,
lightskyblue,397,394,347,399,384,403,400,
lightskyblue,397,394,347,399,384,404,400,
lightskyblue,397,386,349,399,376,403,400,
lightskyblue,397,386,349,399,376,404,400,
lightskyblue,397,386,349,399,376,403,400,
lightskyblue,397,386,349,399,376,404,400,
lightskyblue,397,372,351,399,376,403,400,
lightskyblue,397,372,351,399,376,404,400,
lightskyblue,397,372,351,399,376,403,400,
lightskyblue,397,372,351,399,376,404,400,
lightskyblue,397,374,353,399,376,403,400,
lightskyblue,397,374,353,399,376,404,400,
lightskyblue,397,374,353,399,376,403,400,
lightskyblue,397,374,353,399,376,404,400,
lightskyblue,397,392,355,399,376,403,400,
lightskyblue,397,392,355,399,376,404,400,
lightskyblue,397,392,355,399,376,403,400,
lightskyblue,397,392,355,399,376,404,400,
lightskyblue,397,394,357,399,376,403,400,
lightskyblue,397,394,357,399,376,404,400,
lightskyblue,397,394,357,399,376,403,400,
lightskyblue,397,394,357,399,376,404,400,
lightskyblue,386,293,378,403,
lightskyblue,386,293,378,404,
lightskyblue,386,293,378,403,
lightskyblue,386,293,378,404,
lightskyblue,372,295,378,403,
lightskyblue,372,295,378,404,
lightskyblue,372,295,378,403,
lightskyblue,372,295,378,404,
lightskyblue,374,297,378,403,
lightskyblue,374,297,378,404,
lightskyblue,374,297,378,403,
lightskyblue,374,297,378,404,
lightskyblue,392,299,378,403,
lightskyblue,392,299,378,404,
lightskyblue,392,299,378,403,
lightskyblue,392,299,378,404,
lightskyblue,394,301,378,403,
lightskyblue,394,301,378,404,
lightskyblue,394,301,378,403,
lightskyblue,394,301,378,404,
lightskyblue,386,303,380,403,
lightskyblue,386,303,380,404,
lightskyblue,386,303,380,403,
lightskyblue,386,303,380,404,
lightskyblue,372,305,380,403,
lightskyblue,372,305,380,404,
lightskyblue,372,305,380,403,
lightskyblue,372,305,380,404,
lightskyblue,374,307,380,403,
lightskyblue,374,307,380,404,
lightskyblue,374,307,380,403,
lightskyblue,374,307,380,404,
lightskyblue,392,309,380,403,
lightskyblue,392,309,380,404,
lightskyblue,392,309,380,403,
lightskyblue,392,309,380,404,
lightskyblue,394,311,380,403,
lightskyblue,394,311,380,404,
lightskyblue,394,311,380,403,
lightskyblue,394,311,380,404,
lightskyblue,386,313,382,403,
lightskyblue,386,313,382,404,
lightskyblue,386,313,382,403,
lightskyblue,386,313,382,404,
lightskyblue,372,315,382,403,
lightskyblue,372,315,382,404,
lightskyblue,372,315,382,403,
lightskyblue,372,315,382,404,
lightskyblue,374,317,382,403,
lightskyblue,374,317,382,404,
lightskyblue,374,317,382,403,
lightskyblue,374,317,382,404,
lightskyblue,392,319,382,403,
lightskyblue,392,319,382,404,
lightskyblue,392,319,382,403,
lightskyblue,392,319,382,404,
lightskyblue,394,321,382,403,
lightskyblue,394,321,382,404,
lightskyblue,394,321,382,403,
lightskyblue,394,321,382,404,
lightskyblue,386,323,388,403,
lightskyblue,386,323,388,404,
lightskyblue,386,323,388,403,
lightskyblue,386,323,388,404,
lightskyblue,372,325,388,403,
lightskyblue,372,325,388,404,
lightskyblue,372,325,388,403,
lightskyblue,372,325,388,404,
lightskyblue,374,327,388,403,
lightskyblue,374,327,388,404,
lightskyblue,374,327,388,403,
lightskyblue,374,327,388,404,
lightskyblue,392,329,388,403,
lightskyblue,392,329,388,404,
lightskyblue,392,329,388,403,
lightskyblue,392,329,388,404,
lightskyblue,394,414,388,403,
lightskyblue,394,414,388,404,
lightskyblue,394,414,388,403,
lightskyblue,394,414,388,404,
lightskyblue,386,331,390,403,
lightskyblue,386,331,390,404,
lightskyblue,386,331,390,403,
lightskyblue,386,331,390,404,
lightskyblue,372,333,390,403,
lightskyblue,372,333,390,404,
lightskyblue,372,333,390,403,
lightskyblue,372,333,390,404,
lightskyblue,374,335,390,403,
lightskyblue,374,335,390,404,
lightskyblue,374,335,390,403,
lightskyblue,374,335,390,404,
lightskyblue,392,416,390,403,
lightskyblue,392,416,390,404,
lightskyblue,392,416,390,403,
lightskyblue,392,416,390,404,
lightskyblue,394,337,390,403,
lightskyblue,394,337,390,404,
lightskyblue,394,337,390,403,
lightskyblue,394,337,390,404,
lightskyblue,386,339,384,403,
lightskyblue,386,339,384,404,
lightskyblue,386,339,384,403,
lightskyblue,386,339,384,404,
lightskyblue,372,341,384,403,
lightskyblue,372,341,384,404,
lightskyblue,372,341,384,403,
lightskyblue,372,341,384,404,
lightskyblue,374,343,384,403,
lightskyblue,374,343,384,404,
lightskyblue,374,343,384,403,
lightskyblue,374,343,384,404,
lightskyblue,392,345,384,403,
lightskyblue,392,345,384,404,
lightskyblue,392,345,384,403,
lightskyblue,392,345,384,404,
lightskyblue,394,347,384,403,
lightskyblue,394,347,384,404,
lightskyblue,394,347,384,403,
lightskyblue,394,347,384,404,
lightskyblue,386,349,376,403,
lightskyblue,386,349,376,404,
lightskyblue,386,349,376,403,
lightskyblue,386,349,376,404,
lightskyblue,372,351,376,403,
lightskyblue,372,351,376,404,
lightskyblue,372,351,376,403,
lightskyblue,372,351,376,404,
lightskyblue,374,353,376,403,
lightskyblue,374,353,376,404,
lightskyblue,374,353,376,403,
lightskyblue,374,353,376,404,
lightskyblue,392,355,376,403,
lightskyblue,392,355,376,404,
lightskyblue,392,355,376,403,
lightskyblue,392,355,376,404,
lightskyblue,394,357,376,403,
lightskyblue,394,357,376,404,
lightskyblue,394,357,376,403,
lightskyblue,394,357,376,404,
lightskyblue,292,379,
lightskyblue,292,379,
lightskyblue,294,379,
lightskyblue,294,379,
lightskyblue,296,379,
lightskyblue,296,379,
lightskyblue,298,379,
lightskyblue,298,379,
lightskyblue,300,379,
lightskyblue,300,379,
lightskyblue,302,381,
lightskyblue,302,381,
lightskyblue,304,381,
lightskyblue,304,381,
lightskyblue,306,381,
lightskyblue,306,381,
lightskyblue,308,381,
lightskyblue,308,381,
lightskyblue,310,381,
lightskyblue,310,381,
lightskyblue,312,383,
lightskyblue,312,383,
lightskyblue,314,383,
lightskyblue,314,383,
lightskyblue,316,383,
lightskyblue,316,383,
lightskyblue,318,383,
lightskyblue,318,383,
lightskyblue,320,383,
lightskyblue,320,383,
lightskyblue,322,389,
lightskyblue,322,389,
lightskyblue,324,389,
lightskyblue,324,389,
lightskyblue,326,389,
lightskyblue,326,389,
lightskyblue,328,389,
lightskyblue,328,389,
lightskyblue,413,389,
lightskyblue,413,389,
lightskyblue,330,391,
lightskyblue,330,391,
lightskyblue,332,391,
lightskyblue,332,391,
lightskyblue,334,391,
lightskyblue,334,391,
lightskyblue,415,391,
lightskyblue,415,391,
lightskyblue,336,391,
lightskyblue,336,391,
lightskyblue,338,385,
lightskyblue,338,385,
lightskyblue,340,385,
lightskyblue,340,385,
lightskyblue,342,385,
lightskyblue,342,385,
lightskyblue,344,385,
lightskyblue,344,385,
lightskyblue,346,385,
lightskyblue,346,385,
lightskyblue,348,377,
lightskyblue,348,377,
lightskyblue,350,377,
lightskyblue,350,377,
lightskyblue,352,377,
lightskyblue,352,377,
lightskyblue,354,377,
lightskyblue,354,377,
lightskyblue,356,377,
lightskyblue,356,377,
lightskyblue,168,387,395,220,401,
lightskyblue,168,387,395,220,401,
lightskyblue,180,387,375,220,401,
lightskyblue,180,387,375,220,401,
