green,
green,
green,
green,
green,
green,
green,
green,
green,
green,
green,
green,
green,
green,
green,
green,
green,
green,
green,
green,
green,
green,
green,
green,
green,
green,
green,
green,
green,
green,
green,
green,
green,
green,
green,
green,
green,
green,
green,
green,
green,
green,
green,
green,
green,
green,
green,
green,
green,
green,
green,
green,
green,
green,
green,
green,
green,
green,
green,
green,
green,
green,
green,
green,
green,
green,
green,
green,
green,
green,
green,
green,
green,
green,
green,
green,
green,
green,
green,
green,
green,
green,
green,
green,
green,
green,
green,
green,
green,
green,
green,
green,
gold,0,473,478,
gold,0,
gold,1,474,479,
gold,1,
gold,2,286,288,290,292,294,296,298,300,302,304,306,308,310,312,314,316,318,320,322,324,326,328,330,332,334,336,338,340,342,344,346,348,350,434,436,438,440,442,444,446,448,450,452,454,456,458,460,462,464,466,468,470,472,473,474,475,476,477,782,784,786,788,790,792,794,796,798,800,802,804,806,808,810,812,814,816,818,820,822,824,826,
gold,2,285,351,352,353,354,355,356,357,358,359,483,493,494,497,498,501,502,505,506,509,510,513,514,517,518,521,522,525,526,529,530,533,534,537,538,541,542,545,546,549,550,553,554,557,558,561,562,565,566,569,570,573,574,577,578,581,582,585,586,589,590,593,594,597,598,601,602,605,606,609,610,613,614,617,618,821,823,825,
gold,2,287,289,291,293,295,297,299,301,369,370,371,372,373,374,375,376,433,435,437,439,441,484,621,622,625,626,629,630,633,634,637,638,701,702,705,706,709,710,713,714,717,718,781,783,785,787,789,
gold,2,303,305,307,309,311,313,315,317,377,378,379,380,381,382,383,384,443,445,447,449,451,485,641,642,645,646,649,650,653,654,657,658,721,722,725,726,729,730,733,734,737,738,791,793,795,797,799,
gold,2,319,321,323,325,327,329,331,333,385,386,387,388,389,390,391,392,453,455,457,459,461,486,661,662,665,666,669,670,673,674,677,678,741,742,745,746,749,750,753,754,757,758,801,803,805,807,809,
gold,2,335,337,339,341,343,345,347,349,393,394,395,396,397,398,399,400,463,465,467,469,471,487,681,682,685,686,689,690,693,694,697,698,761,762,765,766,769,770,773,774,777,778,811,813,815,817,819,
gold,3,475,480,
gold,3,
gold,4,476,481,
gold,4,
gold,5,285,287,289,291,293,295,297,299,301,303,305,307,309,311,313,315,317,319,321,323,325,327,329,331,333,335,337,339,341,343,345,347,349,433,435,437,439,441,443,445,447,449,451,453,455,457,459,461,463,465,467,469,471,478,479,480,481,482,781,783,785,787,789,791,793,795,797,799,801,803,805,807,809,811,813,815,817,819,821,823,825,
gold,5,286,360,361,362,363,364,365,366,367,368,488,495,496,499,500,503,504,507,508,511,512,515,516,519,520,523,524,527,528,531,532,535,536,539,540,543,544,547,548,551,552,555,556,559,560,563,564,567,568,571,572,575,576,579,580,583,584,587,588,591,592,595,596,599,600,603,604,607,608,611,612,615,616,619,620,822,824,826,
gold,5,288,290,292,294,296,298,300,302,401,402,403,404,405,406,407,408,434,436,438,440,442,489,623,624,627,628,631,632,635,636,639,640,703,704,707,708,711,712,715,716,719,720,782,784,786,788,790,
gold,5,304,306,308,310,312,314,316,318,409,410,411,412,413,414,415,416,444,446,448,450,452,490,643,644,647,648,651,652,655,656,659,660,723,724,727,728,731,732,735,736,739,740,792,794,796,798,800,
gold,5,320,322,324,326,328,330,332,334,417,418,419,420,421,422,423,424,454,456,458,460,462,491,663,664,667,668,671,672,675,676,679,680,743,744,747,748,751,752,755,756,759,760,802,804,806,808,810,
gold,5,336,338,340,342,344,346,348,350,425,426,427,428,429,430,431,432,464,466,468,470,472,492,683,684,687,688,691,692,695,696,699,700,763,764,767,768,771,772,775,776,779,780,812,814,816,818,820,
gold,6,477,482,
gold,6,
gold,7,351,352,353,360,361,362,493,494,495,496,497,498,499,500,501,502,503,504,505,506,507,508,
gold,7,
gold,8,369,401,
gold,8,
gold,9,385,417,
gold,9,
gold,10,393,425,
gold,10,
gold,11,354,355,356,363,364,365,509,510,511,512,513,514,515,516,517,518,519,520,521,522,523,524,
gold,11,
gold,12,370,402,
gold,12,
gold,13,378,410,
gold,13,
gold,14,394,426,
gold,14,
gold,15,357,358,359,366,367,368,525,526,527,528,529,530,531,532,533,534,535,536,537,538,539,540,
gold,15,
gold,16,379,411,
gold,16,
gold,17,387,419,
gold,17,
gold,18,395,427,
gold,18,
gold,19,287,288,
gold,19,
gold,20,303,304,
gold,20,
gold,21,319,320,
gold,21,
gold,22,335,336,
gold,22,
gold,23,289,290,
gold,23,
gold,24,305,306,
gold,24,
gold,25,321,322,
gold,25,
gold,26,337,338,
gold,26,
gold,27,291,292,
gold,27,
gold,28,307,308,
gold,28,
gold,29,323,324,
gold,29,
gold,30,339,340,
gold,30,
gold,31,299,300,787,788,
gold,31,
gold,32,315,316,797,798,
gold,32,
gold,33,331,332,807,808,
gold,33,
gold,34,347,348,817,818,
gold,34,
gold,35,301,302,789,790,
gold,35,
gold,36,317,318,799,800,
gold,36,
gold,37,333,334,809,810,
gold,37,
gold,38,349,350,819,820,
gold,38,
gold,39,293,294,781,782,
gold,39,
gold,40,295,296,783,784,
gold,40,
gold,41,297,298,785,786,
gold,41,
gold,42,309,310,791,792,
gold,42,
gold,43,311,312,793,794,
gold,43,
gold,44,313,314,795,796,
gold,44,
gold,45,325,326,801,802,
gold,45,
gold,46,327,328,803,804,
gold,46,
gold,47,329,330,805,806,
gold,47,
gold,48,341,342,811,812,
gold,48,
gold,49,343,344,813,814,
gold,49,
gold,50,345,346,815,816,
gold,50,
gold,51,351,352,353,354,355,356,357,358,359,360,361,362,363,364,365,366,367,368,493,494,495,496,497,498,499,500,501,502,503,504,505,506,507,508,509,510,511,512,513,514,515,516,517,518,519,520,521,522,523,524,525,526,527,528,529,530,531,532,533,534,535,536,537,538,539,540,541,542,543,544,545,546,547,548,549,550,551,552,553,554,555,556,557,558,559,560,561,562,563,564,565,566,567,568,569,570,571,572,573,574,575,576,577,578,579,580,581,582,583,584,585,586,587,588,589,590,591,592,593,594,595,596,597,598,599,600,601,602,603,604,605,606,607,608,609,610,611,612,613,614,615,616,617,618,619,620,
gold,51,
gold,52,372,404,621,622,623,624,701,702,703,704,
gold,52,
gold,53,373,405,625,626,627,628,705,706,707,708,
gold,53,
gold,54,374,406,629,630,631,632,709,710,711,712,
gold,54,
gold,55,375,407,633,634,635,636,713,714,715,716,
gold,55,
gold,56,376,408,637,638,639,640,717,718,719,720,
gold,56,
gold,57,380,412,641,642,643,644,721,722,723,724,
gold,57,
gold,58,381,413,645,646,647,648,725,726,727,728,
gold,58,
gold,59,382,414,649,650,651,652,729,730,731,732,
gold,59,
gold,60,383,415,653,654,655,656,733,734,735,736,
gold,60,
gold,61,384,416,657,658,659,660,737,738,739,740,
gold,61,
gold,62,388,420,661,662,663,664,741,742,743,744,
gold,62,
gold,63,389,421,665,666,667,668,745,746,747,748,
gold,63,
gold,64,390,422,669,670,671,672,749,750,751,752,
gold,64,
gold,65,391,423,673,674,675,676,753,754,755,756,
gold,65,
gold,66,392,424,677,678,679,680,757,758,759,760,
gold,66,
gold,67,396,428,681,682,683,684,761,762,763,764,
gold,67,
gold,68,397,429,685,686,687,688,765,766,767,768,
gold,68,
gold,69,398,430,689,690,691,692,769,770,771,772,
gold,69,
gold,70,399,431,693,694,695,696,773,774,775,776,
gold,70,
gold,71,400,432,697,698,699,700,777,778,779,780,
gold,71,
gold,72,541,542,543,544,545,546,547,548,549,550,551,552,553,554,555,556,825,826,
gold,72,
gold,73,557,558,559,560,561,562,563,564,565,566,567,568,569,570,571,572,821,822,
gold,73,
gold,74,573,574,575,576,577,578,579,580,581,582,583,584,585,586,587,588,823,824,
gold,74,
gold,75,589,590,591,592,593,594,595,596,597,598,599,600,601,602,603,604,823,824,
gold,75,
gold,76,605,606,607,608,609,610,611,612,613,614,615,616,617,618,619,620,821,822,825,826,
gold,76,
gold,77,433,434,435,436,437,438,439,440,441,442,493,494,495,496,509,510,511,512,525,526,527,528,541,542,543,544,557,558,559,560,573,574,575,576,589,590,591,592,605,606,607,608,
gold,77,
gold,78,443,444,445,446,447,448,449,450,451,452,497,498,499,500,513,514,515,516,529,530,531,532,545,546,547,548,561,562,563,564,577,578,579,580,593,594,595,596,609,610,611,612,
gold,78,
gold,79,453,454,455,456,457,458,459,460,461,462,501,502,503,504,517,518,519,520,533,534,535,536,549,550,551,552,565,566,567,568,581,582,583,584,597,598,599,600,613,614,615,616,
gold,79,
gold,80,463,464,465,466,467,468,469,470,471,472,505,506,507,508,521,522,523,524,537,538,539,540,553,554,555,556,569,570,571,572,585,586,587,588,601,602,603,604,617,618,619,620,
gold,80,
gold,81,335,336,337,338,339,340,341,342,343,344,345,346,347,348,349,350,463,464,465,466,467,468,469,470,471,472,505,506,507,508,521,522,523,524,537,538,539,540,553,554,555,556,569,570,571,572,585,586,587,588,601,602,603,604,617,618,619,620,811,812,813,814,815,816,817,818,819,820,
gold,81,
gold,82,287,288,289,290,291,292,293,294,295,296,297,298,299,300,301,302,433,434,435,436,437,438,439,440,441,442,493,494,495,496,509,510,511,512,525,526,527,528,541,542,543,544,557,558,559,560,573,574,575,576,589,590,591,592,605,606,607,608,781,782,783,784,785,786,787,788,789,790,
gold,82,
gold,83,303,304,305,306,307,308,309,310,311,312,313,314,315,316,317,318,443,444,445,446,447,448,449,450,451,452,497,498,499,500,513,514,515,516,529,530,531,532,545,546,547,548,561,562,563,564,577,578,579,580,593,594,595,596,609,610,611,612,791,792,793,794,795,796,797,798,799,800,
gold,83,
gold,84,319,320,321,322,323,324,325,326,327,328,329,330,331,332,333,334,453,454,455,456,457,458,459,460,461,462,501,502,503,504,517,518,519,520,533,534,535,536,549,550,551,552,565,566,567,568,581,582,583,584,597,598,599,600,613,614,615,616,801,802,803,804,805,806,807,808,809,810,
gold,84,
gold,85,621,622,623,624,625,626,627,628,629,630,631,632,633,634,635,636,637,638,639,640,641,642,643,644,645,646,647,648,649,650,651,652,653,654,655,656,657,658,659,660,661,662,663,664,665,666,667,668,669,670,671,672,673,674,675,676,677,678,679,680,681,682,683,684,685,686,687,688,689,690,691,692,693,694,695,696,697,698,699,700,
gold,85,
gold,86,285,286,621,622,623,624,625,626,627,628,629,630,631,632,633,634,635,636,637,638,639,640,641,642,643,644,645,646,647,648,649,650,651,652,653,654,655,656,657,658,659,660,661,662,663,664,665,666,667,668,669,670,671,672,673,674,675,676,677,678,679,680,681,682,683,684,685,686,687,688,689,690,691,692,693,694,695,696,697,698,699,700,
gold,86,
gold,87,351,354,357,360,363,366,621,623,625,627,629,631,633,635,637,639,641,643,645,647,649,651,653,655,657,659,661,663,665,667,669,671,673,675,677,679,681,683,685,687,689,691,693,695,697,699,701,703,705,707,709,711,713,715,717,719,721,723,725,727,729,731,733,735,737,739,741,743,745,747,749,751,753,755,757,759,761,763,765,767,769,771,773,775,777,779,
gold,87,352,355,358,361,364,367,493,495,497,499,501,503,505,507,509,511,513,515,517,519,521,523,525,527,529,531,533,535,537,539,541,543,545,547,549,551,553,555,557,559,561,563,565,567,569,571,573,575,577,579,581,583,585,587,589,591,593,595,597,599,601,603,605,607,609,611,613,615,617,619,622,624,626,628,630,632,634,636,638,640,642,644,646,648,650,652,654,656,658,660,662,664,666,668,670,672,674,676,678,680,682,684,686,688,690,692,694,696,698,700,702,704,706,708,710,712,714,716,718,720,722,724,726,728,730,732,734,736,738,740,742,744,746,748,750,752,754,756,758,760,762,764,766,768,770,772,774,776,778,780,
gold,87,353,356,359,362,365,368,494,496,498,500,502,504,506,508,510,512,514,516,518,520,522,524,526,528,530,532,534,536,538,540,542,544,546,548,550,552,554,556,558,560,562,564,566,568,570,572,574,576,578,580,582,584,586,588,590,592,594,596,598,600,602,604,606,608,610,612,614,616,618,620,
gold,88,701,702,703,704,705,706,707,708,709,710,711,712,713,714,715,716,717,718,719,720,721,722,723,724,725,726,727,728,729,730,731,732,733,734,735,736,737,738,739,740,741,742,743,744,745,746,747,748,749,750,751,752,753,754,755,756,757,758,759,760,761,762,763,764,765,766,767,768,769,770,771,772,773,774,775,776,777,778,779,780,821,822,823,824,825,826,
gold,88,
red,89,371,403,
gold,89,
red,90,377,409,
gold,90,
red,91,386,418,
gold,91,
lightskyblue,270,
lightskyblue,270,
lightskyblue,254,139,
lightskyblue,254,139,
lightskyblue,254,147,
lightskyblue,254,147,
lightskyblue,254,155,
lightskyblue,254,155,
lightskyblue,254,179,
lightskyblue,254,179,
lightskyblue,254,181,
lightskyblue,254,181,
lightskyblue,254,183,
lightskyblue,254,183,
lightskyblue,254,163,
lightskyblue,254,163,
lightskyblue,254,171,
lightskyblue,254,171,
lightskyblue,256,141,
lightskyblue,256,141,
lightskyblue,256,149,
lightskyblue,256,149,
lightskyblue,256,157,
lightskyblue,256,157,
lightskyblue,256,185,
lightskyblue,256,185,
lightskyblue,256,187,
lightskyblue,256,187,
lightskyblue,256,189,
lightskyblue,256,189,
lightskyblue,256,165,
lightskyblue,256,165,
lightskyblue,256,173,
lightskyblue,256,173,
lightskyblue,258,143,
lightskyblue,258,143,
lightskyblue,258,151,
lightskyblue,258,151,
lightskyblue,258,159,
lightskyblue,258,159,
lightskyblue,258,191,
lightskyblue,258,191,
lightskyblue,258,193,
lightskyblue,258,193,
lightskyblue,258,195,
lightskyblue,258,195,
lightskyblue,258,167,
lightskyblue,258,167,
lightskyblue,258,175,
lightskyblue,258,175,
lightskyblue,260,145,
lightskyblue,260,145,
lightskyblue,260,153,
lightskyblue,260,153,
lightskyblue,260,161,
lightskyblue,260,161,
lightskyblue,260,197,
lightskyblue,260,197,
lightskyblue,260,199,
lightskyblue,260,199,
lightskyblue,260,201,
lightskyblue,260,201,
lightskyblue,260,169,
lightskyblue,260,169,
lightskyblue,260,177,
lightskyblue,260,177,
lightskyblue,115,272,203,
lightskyblue,115,272,203,274,
lightskyblue,115,272,203,274,
lightskyblue,123,272,203,
lightskyblue,123,272,203,274,
lightskyblue,123,272,203,274,
lightskyblue,131,272,203,
lightskyblue,131,272,203,274,
lightskyblue,131,272,203,274,
lightskyblue,115,272,203,
lightskyblue,115,272,203,274,
lightskyblue,115,272,203,274,
lightskyblue,123,272,203,
lightskyblue,123,272,203,274,
lightskyblue,123,272,203,274,
lightskyblue,131,272,203,
lightskyblue,131,272,203,274,
lightskyblue,131,272,203,274,
lightskyblue,117,264,
lightskyblue,125,264,
lightskyblue,280,264,
lightskyblue,205,264,
lightskyblue,207,264,
lightskyblue,209,264,
lightskyblue,211,264,
lightskyblue,213,264,
lightskyblue,282,266,
lightskyblue,127,266,
lightskyblue,133,266,
lightskyblue,215,266,
lightskyblue,217,266,
lightskyblue,219,266,
lightskyblue,221,266,
lightskyblue,223,266,
lightskyblue,119,268,
lightskyblue,284,268,
lightskyblue,135,268,
lightskyblue,225,268,
lightskyblue,227,268,
lightskyblue,229,268,
lightskyblue,231,268,
lightskyblue,233,268,
lightskyblue,121,262,
lightskyblue,129,262,
lightskyblue,137,262,
lightskyblue,235,262,
lightskyblue,237,262,
lightskyblue,239,262,
lightskyblue,241,262,
lightskyblue,243,262,
lightskyblue,117,264,
lightskyblue,125,264,
lightskyblue,280,264,
lightskyblue,205,264,
lightskyblue,207,264,
lightskyblue,209,264,
lightskyblue,211,264,
lightskyblue,213,264,
lightskyblue,282,266,
lightskyblue,127,266,
lightskyblue,133,266,
lightskyblue,215,266,
lightskyblue,217,266,
lightskyblue,219,266,
lightskyblue,221,266,
lightskyblue,223,266,
lightskyblue,119,268,
lightskyblue,284,268,
lightskyblue,135,268,
lightskyblue,225,268,
lightskyblue,227,268,
lightskyblue,229,268,
lightskyblue,231,268,
lightskyblue,233,268,
lightskyblue,121,262,
lightskyblue,129,262,
lightskyblue,137,262,
lightskyblue,235,262,
lightskyblue,237,262,
lightskyblue,239,262,
lightskyblue,241,262,
lightskyblue,243,262,
lightskyblue,255,204,265,178,
lightskyblue,255,204,265,178,
lightskyblue,255,206,265,180,
lightskyblue,255,206,265,180,
lightskyblue,255,208,265,182,
lightskyblue,255,208,265,182,
lightskyblue,255,210,265,162,
lightskyblue,255,210,265,162,
lightskyblue,255,212,265,170,
lightskyblue,255,212,265,170,
lightskyblue,257,214,267,184,
lightskyblue,257,214,267,184,
lightskyblue,257,216,267,186,
lightskyblue,257,216,267,186,
lightskyblue,257,218,267,188,
lightskyblue,257,218,267,188,
lightskyblue,257,220,267,164,
lightskyblue,257,220,267,164,
lightskyblue,257,222,267,172,
lightskyblue,257,222,267,172,
lightskyblue,259,224,269,190,
lightskyblue,259,224,269,190,
lightskyblue,259,226,269,192,
lightskyblue,259,226,269,192,
lightskyblue,259,228,269,194,
lightskyblue,259,228,269,194,
lightskyblue,259,230,269,166,
lightskyblue,259,230,269,166,
lightskyblue,259,232,269,174,
lightskyblue,259,232,269,174,
lightskyblue,261,234,263,196,
lightskyblue,261,234,263,196,
lightskyblue,261,236,263,198,
lightskyblue,261,236,263,198,
lightskyblue,261,238,263,200,
lightskyblue,261,238,263,200,
lightskyblue,261,240,263,168,
lightskyblue,261,240,263,168,
lightskyblue,261,242,263,176,
lightskyblue,261,242,263,176,
lightskyblue,97,93,
lightskyblue,98,95,
lightskyblue,99,103,
lightskyblue,100,105,
lightskyblue,101,113,
lightskyblue,107,93,
lightskyblue,108,95,
lightskyblue,109,103,
lightskyblue,110,105,
lightskyblue,111,113,
lightskyblue,96,92,
lightskyblue,96,94,
lightskyblue,96,102,
lightskyblue,96,104,
lightskyblue,96,112,
lightskyblue,106,92,
lightskyblue,106,94,
lightskyblue,106,102,
lightskyblue,106,104,
lightskyblue,106,112,
lightskyblue,255,116,265,274,138,
lightskyblue,255,116,265,275,138,
lightskyblue,255,116,265,274,138,
lightskyblue,255,116,265,275,138,
lightskyblue,257,281,267,274,140,
lightskyblue,257,281,267,275,140,
lightskyblue,257,281,267,274,140,
lightskyblue,257,281,267,275,140,
lightskyblue,259,118,269,274,142,
lightskyblue,259,118,269,275,142,
lightskyblue,259,118,269,274,142,
lightskyblue,259,118,269,275,142,
lightskyblue,261,120,263,274,144,
lightskyblue,261,120,263,275,144,
lightskyblue,261,120,263,274,144,
lightskyblue,261,120,263,275,144,
lightskyblue,255,124,265,274,146,
lightskyblue,255,124,265,275,146,
lightskyblue,255,124,265,274,146,
lightskyblue,255,124,265,275,146,
lightskyblue,257,126,267,274,148,
lightskyblue,257,126,267,275,148,
lightskyblue,257,126,267,274,148,
lightskyblue,257,126,267,275,148,
lightskyblue,259,283,269,274,150,
lightskyblue,259,283,269,275,150,
lightskyblue,259,283,269,274,150,
lightskyblue,259,283,269,275,150,
lightskyblue,261,128,263,274,152,
lightskyblue,261,128,263,275,152,
lightskyblue,261,128,263,274,152,
lightskyblue,261,128,263,275,152,
lightskyblue,255,279,265,274,154,
lightskyblue,255,279,265,275,154,
lightskyblue,255,279,265,274,154,
lightskyblue,255,279,265,275,154,
lightskyblue,257,132,267,274,156,
lightskyblue,257,132,267,275,156,
lightskyblue,257,132,267,274,156,
lightskyblue,257,132,267,275,156,
lightskyblue,259,134,269,274,158,
lightskyblue,259,134,269,275,158,
lightskyblue,259,134,269,274,158,
lightskyblue,259,134,269,275,158,
lightskyblue,261,136,263,274,160,
lightskyblue,261,136,263,275,160,
lightskyblue,261,136,263,274,160,
lightskyblue,261,136,263,275,160,
lightskyblue,255,204,265,274,178,
lightskyblue,255,204,265,275,178,
lightskyblue,255,204,265,274,178,
lightskyblue,255,204,265,275,178,
lightskyblue,257,214,267,274,184,
lightskyblue,257,214,267,275,184,
lightskyblue,257,214,267,274,184,
lightskyblue,257,214,267,275,184,
lightskyblue,259,224,269,274,190,
lightskyblue,259,224,269,275,190,
lightskyblue,259,224,269,274,190,
lightskyblue,259,224,269,275,190,
lightskyblue,261,234,263,274,196,
lightskyblue,261,234,263,275,196,
lightskyblue,261,234,263,274,196,
lightskyblue,261,234,263,275,196,
lightskyblue,255,206,265,274,180,
lightskyblue,255,206,265,275,180,
lightskyblue,255,206,265,274,180,
lightskyblue,255,206,265,275,180,
lightskyblue,257,216,267,274,186,
lightskyblue,257,216,267,275,186,
lightskyblue,257,216,267,274,186,
lightskyblue,257,216,267,275,186,
lightskyblue,259,226,269,274,192,
lightskyblue,259,226,269,275,192,
lightskyblue,259,226,269,274,192,
lightskyblue,259,226,269,275,192,
lightskyblue,261,236,263,274,198,
lightskyblue,261,236,263,275,198,
lightskyblue,261,236,263,274,198,
lightskyblue,261,236,263,275,198,
lightskyblue,255,208,265,274,182,
lightskyblue,255,208,265,275,182,
lightskyblue,255,208,265,274,182,
lightskyblue,255,208,265,275,182,
lightskyblue,257,218,267,274,188,
lightskyblue,257,218,267,275,188,
lightskyblue,257,218,267,274,188,
lightskyblue,257,218,267,275,188,
lightskyblue,259,228,269,274,194,
lightskyblue,259,228,269,275,194,
lightskyblue,259,228,269,274,194,
lightskyblue,259,228,269,275,194,
lightskyblue,261,238,263,274,200,
lightskyblue,261,238,263,275,200,
lightskyblue,261,238,263,274,200,
lightskyblue,261,238,263,275,200,
lightskyblue,255,210,265,274,162,
lightskyblue,255,210,265,275,162,
lightskyblue,255,210,265,274,162,
lightskyblue,255,210,265,275,162,
lightskyblue,257,220,267,274,164,
lightskyblue,257,220,267,275,164,
lightskyblue,257,220,267,274,164,
lightskyblue,257,220,267,275,164,
lightskyblue,259,230,269,274,166,
lightskyblue,259,230,269,275,166,
lightskyblue,259,230,269,274,166,
lightskyblue,259,230,269,275,166,
lightskyblue,261,240,263,274,168,
lightskyblue,261,240,263,275,168,
lightskyblue,261,240,263,274,168,
lightskyblue,261,240,263,275,168,
lightskyblue,255,212,265,274,170,
lightskyblue,255,212,265,275,170,
lightskyblue,255,212,265,274,170,
lightskyblue,255,212,265,275,170,
lightskyblue,257,222,267,274,172,
lightskyblue,257,222,267,275,172,
lightskyblue,257,222,267,274,172,
lightskyblue,257,222,267,275,172,
lightskyblue,259,232,269,274,174,
lightskyblue,259,232,269,275,174,
lightskyblue,259,232,269,274,174,
lightskyblue,259,232,269,275,174,
lightskyblue,261,242,263,274,176,
lightskyblue,261,242,263,275,176,
lightskyblue,261,242,263,274,176,
lightskyblue,261,242,263,275,176,
lightskyblue,271,244,205,273,264,275,277,
lightskyblue,271,244,205,273,264,276,277,
lightskyblue,271,244,205,273,264,275,277,
lightskyblue,271,244,205,273,264,276,277,
lightskyblue,271,246,207,273,264,275,277,
lightskyblue,271,246,207,273,264,276,277,
lightskyblue,271,246,207,273,264,275,277,
lightskyblue,271,246,207,273,264,276,277,
lightskyblue,271,248,209,273,264,275,277,
lightskyblue,271,248,209,273,264,276,277,
lightskyblue,271,248,209,273,264,275,277,
lightskyblue,271,248,209,273,264,276,277,
lightskyblue,271,250,211,273,264,275,277,
lightskyblue,271,250,211,273,264,276,277,
lightskyblue,271,250,211,273,264,275,277,
lightskyblue,271,250,211,273,264,276,277,
lightskyblue,271,252,213,273,264,275,277,
lightskyblue,271,252,213,273,264,276,277,
lightskyblue,271,252,213,273,264,275,277,
lightskyblue,271,252,213,273,264,276,277,
lightskyblue,271,244,215,273,266,275,277,
lightskyblue,271,244,215,273,266,276,277,
lightskyblue,271,244,215,273,266,275,277,
lightskyblue,271,244,215,273,266,276,277,
lightskyblue,271,246,217,273,266,275,277,
lightskyblue,271,246,217,273,266,276,277,
lightskyblue,271,246,217,273,266,275,277,
lightskyblue,271,246,217,273,266,276,277,
lightskyblue,271,248,219,273,266,275,277,
lightskyblue,271,248,219,273,266,276,277,
lightskyblue,271,248,219,273,266,275,277,
lightskyblue,271,248,219,273,266,276,277,
lightskyblue,271,250,221,273,266,275,277,
lightskyblue,271,250,221,273,266,276,277,
lightskyblue,271,250,221,273,266,275,277,
lightskyblue,271,250,221,273,266,276,277,
lightskyblue,271,252,223,273,266,275,277,
lightskyblue,271,252,223,273,266,276,277,
lightskyblue,271,252,223,273,266,275,277,
lightskyblue,271,252,223,273,266,276,277,
lightskyblue,271,244,225,273,268,275,277,
lightskyblue,271,244,225,273,268,276,277,
lightskyblue,271,244,225,273,268,275,277,
lightskyblue,271,244,225,273,268,276,277,
lightskyblue,271,246,227,273,268,275,277,
lightskyblue,271,246,227,273,268,276,277,
lightskyblue,271,246,227,273,268,275,277,
lightskyblue,271,246,227,273,268,276,277,
lightskyblue,271,248,229,273,268,275,277,
lightskyblue,271,248,229,273,268,276,277,
lightskyblue,271,248,229,273,268,275,277,
lightskyblue,271,248,229,273,268,276,277,
lightskyblue,271,250,231,273,268,275,277,
lightskyblue,271,250,231,273,268,276,277,
lightskyblue,271,250,231,273,268,275,277,
lightskyblue,271,250,231,273,268,276,277,
lightskyblue,271,252,233,273,268,275,277,
lightskyblue,271,252,233,273,268,276,277,
lightskyblue,271,252,233,273,268,275,277,
lightskyblue,271,252,233,273,268,276,277,
lightskyblue,271,244,235,273,262,275,277,
lightskyblue,271,244,235,273,262,276,277,
lightskyblue,271,244,235,273,262,275,277,
lightskyblue,271,244,235,273,262,276,277,
lightskyblue,271,246,237,273,262,275,277,
lightskyblue,271,246,237,273,262,276,277,
lightskyblue,271,246,237,273,262,275,277,
lightskyblue,271,246,237,273,262,276,277,
lightskyblue,271,248,239,273,262,275,277,
lightskyblue,271,248,239,273,262,276,277,
lightskyblue,271,248,239,273,262,275,277,
lightskyblue,271,248,239,273,262,276,277,
lightskyblue,271,250,241,273,262,275,277,
lightskyblue,271,250,241,273,262,276,277,
lightskyblue,271,250,241,273,262,275,277,
lightskyblue,271,250,241,273,262,276,277,
lightskyblue,271,252,243,273,262,275,277,
lightskyblue,271,252,243,273,262,276,277,
lightskyblue,271,252,243,273,262,275,277,
lightskyblue,271,252,243,273,262,276,277,
lightskyblue,244,205,264,275,
lightskyblue,244,205,264,276,
lightskyblue,244,205,264,275,
lightskyblue,244,205,264,276,
lightskyblue,246,207,264,275,
lightskyblue,246,207,264,276,
lightskyblue,246,207,264,275,
lightskyblue,246,207,264,276,
lightskyblue,248,209,264,275,
lightskyblue,248,209,264,276,
lightskyblue,248,209,264,275,
lightskyblue,248,209,264,276,
lightskyblue,250,211,264,275,
lightskyblue,250,211,264,276,
lightskyblue,250,211,264,275,
lightskyblue,250,211,264,276,
lightskyblue,252,213,264,275,
lightskyblue,252,213,264,276,
lightskyblue,252,213,264,275,
lightskyblue,252,213,264,276,
lightskyblue,244,215,266,275,
lightskyblue,244,215,266,276,
lightskyblue,244,215,266,275,
lightskyblue,244,215,266,276,
lightskyblue,246,217,266,275,
lightskyblue,246,217,266,276,
lightskyblue,246,217,266,275,
lightskyblue,246,217,266,276,
lightskyblue,248,219,266,275,
lightskyblue,248,219,266,276,
lightskyblue,248,219,266,275,
lightskyblue,248,219,266,276,
lightskyblue,250,221,266,275,
lightskyblue,250,221,266,276,
lightskyblue,250,221,266,275,
lightskyblue,250,221,266,276,
lightskyblue,252,223,266,275,
lightskyblue,252,223,266,276,
lightskyblue,252,223,266,275,
lightskyblue,252,223,266,276,
lightskyblue,244,225,268,275,
lightskyblue,244,225,268,276,
lightskyblue,244,225,268,275,
lightskyblue,244,225,268,276,
lightskyblue,246,227,268,275,
lightskyblue,246,227,268,276,
lightskyblue,246,227,268,275,
lightskyblue,246,227,268,276,
lightskyblue,248,229,268,275,
lightskyblue,248,229,268,276,
lightskyblue,248,229,268,275,
lightskyblue,248,229,268,276,
lightskyblue,250,231,268,275,
lightskyblue,250,231,268,276,
lightskyblue,250,231,268,275,
lightskyblue,250,231,268,276,
lightskyblue,252,233,268,275,
lightskyblue,252,233,268,276,
lightskyblue,252,233,268,275,
lightskyblue,252,233,268,276,
lightskyblue,244,235,262,275,
lightskyblue,244,235,262,276,
lightskyblue,244,235,262,275,
lightskyblue,244,235,262,276,
lightskyblue,246,237,262,275,
lightskyblue,246,237,262,276,
lightskyblue,246,237,262,275,
lightskyblue,246,237,262,276,
lightskyblue,248,239,262,275,
lightskyblue,248,239,262,276,
lightskyblue,248,239,262,275,
lightskyblue,248,239,262,276,
lightskyblue,250,241,262,275,
lightskyblue,250,241,262,276,
lightskyblue,250,241,262,275,
lightskyblue,250,241,262,276,
lightskyblue,252,243,262,275,
lightskyblue,252,243,262,276,
lightskyblue,252,243,262,275,
lightskyblue,252,243,262,276,
lightskyblue,204,265,
lightskyblue,204,265,
lightskyblue,206,265,
lightskyblue,206,265,
lightskyblue,208,265,
lightskyblue,208,265,
lightskyblue,210,265,
lightskyblue,210,265,
lightskyblue,212,265,
lightskyblue,212,265,
lightskyblue,214,267,
lightskyblue,214,267,
lightskyblue,216,267,
lightskyblue,216,267,
lightskyblue,218,267,
lightskyblue,218,267,
lightskyblue,220,267,
lightskyblue,220,267,
lightskyblue,222,267,
lightskyblue,222,267,
lightskyblue,224,269,
lightskyblue,224,269,
lightskyblue,226,269,
lightskyblue,226,269,
lightskyblue,228,269,
lightskyblue,228,269,
lightskyblue,230,269,
lightskyblue,230,269,
lightskyblue,232,269,
lightskyblue,232,269,
lightskyblue,234,263,
lightskyblue,234,263,
lightskyblue,236,263,
lightskyblue,236,263,
lightskyblue,238,263,
lightskyblue,238,263,
lightskyblue,240,263,
lightskyblue,240,263,
lightskyblue,242,263,
lightskyblue,242,263,
lightskyblue,114,247,253,202,278,
lightskyblue,114,247,253,202,278,
lightskyblue,122,249,251,202,278,
lightskyblue,122,249,251,202,278,
lightskyblue,130,245,253,202,278,
lightskyblue,130,245,253,202,278,
