green,
green,
green,
green,
green,
green,
green,
green,
green,
green,
green,
green,
green,
green,
green,
green,
green,
green,
green,
green,
green,
green,
green,
green,
green,
green,
green,
green,
green,
green,
green,
green,
green,
green,
green,
green,
green,
green,
green,
green,
green,
green,
green,
green,
green,
green,
green,
green,
green,
green,
green,
green,
green,
green,
green,
green,
green,
green,
green,
green,
green,
green,
green,
green,
green,
green,
green,
green,
green,
green,
green,
green,
green,
green,
green,
green,
green,
green,
green,
green,
green,
green,
green,
green,
green,
green,
green,
green,
green,
green,
green,
green,
green,
green,
green,
green,
green,
green,
green,
green,
green,
green,
green,
green,
green,
green,
green,
green,
green,
green,
green,
green,
green,
green,
green,
green,
green,
green,
green,
green,
green,
green,
green,
green,
green,
green,
green,
green,
green,
green,
green,
green,
green,
green,
green,
green,
green,
green,
green,
green,
green,
green,
green,
green,
green,
green,
green,
green,
green,
green,
green,
green,
green,
green,
green,
green,
green,
green,
green,
green,
green,
green,
green,
green,
gold,0,855,863,
gold,0,
gold,1,856,864,
gold,1,
gold,2,857,865,
gold,2,
gold,3,858,866,
gold,3,
gold,4,859,867,
gold,4,
gold,5,508,510,512,514,516,518,520,522,524,526,528,530,532,534,536,538,540,542,544,546,548,550,552,554,556,558,560,562,564,566,568,570,572,574,576,578,580,582,584,586,588,590,592,594,596,598,600,602,604,606,608,610,612,614,616,618,620,622,624,626,628,630,632,634,786,788,790,792,794,796,798,800,802,804,806,808,810,812,814,816,818,820,822,824,826,828,830,832,834,836,838,840,842,844,846,848,850,852,854,855,856,857,858,859,860,861,862,1420,1422,1424,1426,1428,1430,1432,1434,1436,1438,1440,1442,1444,1446,1448,1450,1452,1454,1456,1458,1460,1462,1464,1466,1468,1470,1472,1474,1476,1478,1480,1482,1484,1486,1488,1490,1492,1494,1496,
gold,5,507,635,636,637,638,639,640,641,642,643,644,645,646,871,887,888,891,892,895,896,899,900,903,904,907,908,911,912,915,916,919,920,923,924,927,928,931,932,935,936,939,940,943,944,947,948,951,952,955,956,959,960,963,964,967,968,971,972,975,976,979,980,983,984,987,988,991,992,995,996,999,1000,1003,1004,1007,1008,1011,1012,1015,1016,1019,1020,1023,1024,1027,1028,1031,1032,1035,1036,1039,1040,1043,1044,1047,1048,1051,1052,1055,1056,1059,1060,1063,1064,1067,1068,1071,1072,1075,1076,1079,1080,1083,1084,1087,1088,1091,1092,1095,1096,1099,1100,1103,1104,1107,1108,1111,1112,1115,1116,1119,1120,1123,1124,1127,1128,1131,1132,1135,1136,1489,1491,1493,1495,
gold,5,509,511,513,515,517,519,521,523,525,659,660,661,662,663,664,665,666,667,785,787,789,791,793,872,1139,1140,1143,1144,1147,1148,1151,1152,1155,1156,1279,1280,1283,1284,1287,1288,1291,1292,1295,1296,1419,1421,1423,1425,1427,
gold,5,527,529,531,533,535,537,539,541,543,668,669,670,671,672,673,674,675,676,795,797,799,801,803,873,1159,1160,1163,1164,1167,1168,1171,1172,1175,1176,1299,1300,1303,1304,1307,1308,1311,1312,1315,1316,1429,1431,1433,1435,1437,
gold,5,545,547,549,551,553,555,557,559,561,677,678,679,680,681,682,683,684,685,805,807,809,811,813,874,1179,1180,1183,1184,1187,1188,1191,1192,1195,1196,1319,1320,1323,1324,1327,1328,1331,1332,1335,1336,1439,1441,1443,1445,1447,
gold,5,563,565,567,569,571,573,575,577,579,686,687,688,689,690,691,692,693,694,815,817,819,821,823,875,1199,1200,1203,1204,1207,1208,1211,1212,1215,1216,1339,1340,1343,1344,1347,1348,1351,1352,1355,1356,1449,1451,1453,1455,1457,
gold,5,581,583,585,587,589,591,593,595,597,695,696,697,698,699,700,701,702,703,825,827,829,831,833,876,1219,1220,1223,1224,1227,1228,1231,1232,1235,1236,1359,1360,1363,1364,1367,1368,1371,1372,1375,1376,1459,1461,1463,1465,1467,
gold,5,599,601,603,605,607,609,611,613,615,704,705,706,707,708,709,710,711,712,835,837,839,841,843,877,1239,1240,1243,1244,1247,1248,1251,1252,1255,1256,1379,1380,1383,1384,1387,1388,1391,1392,1395,1396,1469,1471,1473,1475,1477,
gold,5,617,619,621,623,625,627,629,631,633,713,714,715,716,717,718,719,720,721,845,847,849,851,853,878,1259,1260,1263,1264,1267,1268,1271,1272,1275,1276,1399,1400,1403,1404,1407,1408,1411,1412,1415,1416,1479,1481,1483,1485,1487,
gold,6,860,868,
gold,6,
gold,7,861,869,
gold,7,
gold,8,507,509,511,513,515,517,519,521,523,525,527,529,531,533,535,537,539,541,543,545,547,549,551,553,555,557,559,561,563,565,567,569,571,573,575,577,579,581,583,585,587,589,591,593,595,597,599,601,603,605,607,609,611,613,615,617,619,621,623,625,627,629,631,633,785,787,789,791,793,795,797,799,801,803,805,807,809,811,813,815,817,819,821,823,825,827,829,831,833,835,837,839,841,843,845,847,849,851,853,863,864,865,866,867,868,869,870,1419,1421,1423,1425,1427,1429,1431,1433,1435,1437,1439,1441,1443,1445,1447,1449,1451,1453,1455,1457,1459,1461,1463,1465,1467,1469,1471,1473,1475,1477,1479,1481,1483,1485,1487,1489,1491,1493,1495,
gold,8,508,647,648,649,650,651,652,653,654,655,656,657,658,879,889,890,893,894,897,898,901,902,905,906,909,910,913,914,917,918,921,922,925,926,929,930,933,934,937,938,941,942,945,946,949,950,953,954,957,958,961,962,965,966,969,970,973,974,977,978,981,982,985,986,989,990,993,994,997,998,1001,1002,1005,1006,1009,1010,1013,1014,1017,1018,1021,1022,1025,1026,1029,1030,1033,1034,1037,1038,1041,1042,1045,1046,1049,1050,1053,1054,1057,1058,1061,1062,1065,1066,1069,1070,1073,1074,1077,1078,1081,1082,1085,1086,1089,1090,1093,1094,1097,1098,1101,1102,1105,1106,1109,1110,1113,1114,1117,1118,1121,1122,1125,1126,1129,1130,1133,1134,1137,1138,1490,1492,1494,1496,
gold,8,510,512,514,516,518,520,522,524,526,722,723,724,725,726,727,728,729,730,786,788,790,792,794,880,1141,1142,1145,1146,1149,1150,1153,1154,1157,1158,1281,1282,1285,1286,1289,1290,1293,1294,1297,1298,1420,1422,1424,1426,1428,
gold,8,528,530,532,534,536,538,540,542,544,731,732,733,734,735,736,737,738,739,796,798,800,802,804,881,1161,1162,1165,1166,1169,1170,1173,1174,1177,1178,1301,1302,1305,1306,1309,1310,1313,1314,1317,1318,1430,1432,1434,1436,1438,
gold,8,546,548,550,552,554,556,558,560,562,740,741,742,743,744,745,746,747,748,806,808,810,812,814,882,1181,1182,1185,1186,1189,1190,1193,1194,1197,1198,1321,1322,1325,1326,1329,1330,1333,1334,1337,1338,1440,1442,1444,1446,1448,
gold,8,564,566,568,570,572,574,576,578,580,749,750,751,752,753,754,755,756,757,816,818,820,822,824,883,1201,1202,1205,1206,1209,1210,1213,1214,1217,1218,1341,1342,1345,1346,1349,1350,1353,1354,1357,1358,1450,1452,1454,1456,1458,
gold,8,582,584,586,588,590,592,594,596,598,758,759,760,761,762,763,764,765,766,826,828,830,832,834,884,1221,1222,1225,1226,1229,1230,1233,1234,1237,1238,1361,1362,1365,1366,1369,1370,1373,1374,1377,1378,1460,1462,1464,1466,1468,
gold,8,600,602,604,606,608,610,612,614,616,767,768,769,770,771,772,773,774,775,836,838,840,842,844,885,1241,1242,1245,1246,1249,1250,1253,1254,1257,1258,1381,1382,1385,1386,1389,1390,1393,1394,1397,1398,1470,1472,1474,1476,1478,
gold,8,618,620,622,624,626,628,630,632,634,776,777,778,779,780,781,782,783,784,846,848,850,852,854,886,1261,1262,1265,1266,1269,1270,1273,1274,1277,1278,1401,1402,1405,1406,1409,1410,1413,1414,1417,1418,1480,1482,1484,1486,1488,
gold,9,862,870,
gold,9,
gold,10,635,636,637,647,648,649,887,888,889,890,891,892,893,894,895,896,897,898,899,900,901,902,903,904,905,906,907,908,909,910,911,912,913,914,
gold,10,
gold,11,668,731,
gold,11,
gold,12,677,740,
gold,12,
gold,13,686,749,
gold,13,
gold,14,695,758,
gold,14,
gold,15,704,767,
gold,15,
gold,16,713,776,
gold,16,
gold,17,638,639,640,650,651,652,915,916,917,918,919,920,921,922,923,924,925,926,927,928,929,930,931,932,933,934,935,936,937,938,939,940,941,942,
gold,17,
gold,18,660,723,
gold,18,
gold,19,669,732,
gold,19,
gold,20,678,741,
gold,20,
gold,21,696,759,
gold,21,
gold,22,705,768,
gold,22,
gold,23,714,777,
gold,23,
gold,24,641,642,643,653,654,655,943,944,945,946,947,948,949,950,951,952,953,954,955,956,957,958,959,960,961,962,963,964,965,966,967,968,969,970,
gold,24,
gold,25,661,724,
gold,25,
gold,26,679,742,
gold,26,
gold,27,688,751,
gold,27,
gold,28,715,778,
gold,28,
gold,29,644,645,646,656,657,658,971,972,973,974,975,976,977,978,979,980,981,982,983,984,985,986,987,988,989,990,991,992,993,994,995,996,997,998,
gold,29,
gold,30,662,725,
gold,30,
gold,31,671,734,
gold,31,
gold,32,689,752,
gold,32,
gold,33,698,761,
gold,33,
gold,34,707,770,
gold,34,
gold,35,716,779,
gold,35,
gold,36,509,510,
gold,36,
gold,37,527,528,
gold,37,
gold,38,545,546,
gold,38,
gold,39,563,564,
gold,39,
gold,40,581,582,
gold,40,
gold,41,599,600,
gold,41,
gold,42,617,618,
gold,42,
gold,43,511,512,
gold,43,
gold,44,529,530,
gold,44,
gold,45,547,548,
gold,45,
gold,46,565,566,
gold,46,
gold,47,583,584,
gold,47,
gold,48,601,602,
gold,48,
gold,49,619,620,
gold,49,
gold,50,513,514,
gold,50,
gold,51,531,532,
gold,51,
gold,52,549,550,
gold,52,
gold,53,567,568,
gold,53,
gold,54,585,586,
gold,54,
gold,55,603,604,
gold,55,
gold,56,621,622,
gold,56,
gold,57,515,516,
gold,57,
gold,58,533,534,
gold,58,
gold,59,551,552,
gold,59,
gold,60,569,570,
gold,60,
gold,61,587,588,
gold,61,
gold,62,605,606,
gold,62,
gold,63,623,624,
gold,63,
gold,64,625,626,1479,1480,
gold,64,
gold,65,627,628,1481,1482,
gold,65,
gold,66,629,630,1483,1484,
gold,66,
gold,67,631,632,1485,1486,
gold,67,
gold,68,633,634,1487,1488,
gold,68,
gold,69,517,518,1419,1420,
gold,69,
gold,70,519,520,1421,1422,
gold,70,
gold,71,521,522,1423,1424,
gold,71,
gold,72,523,524,1425,1426,
gold,72,
gold,73,525,526,1427,1428,
gold,73,
gold,74,535,536,1429,1430,
gold,74,
gold,75,537,538,1431,1432,
gold,75,
gold,76,539,540,1433,1434,
gold,76,
gold,77,541,542,1435,1436,
gold,77,
gold,78,543,544,1437,1438,
gold,78,
gold,79,553,554,1439,1440,
gold,79,
gold,80,555,556,1441,1442,
gold,80,
gold,81,557,558,1443,1444,
gold,81,
gold,82,559,560,1445,1446,
gold,82,
gold,83,561,562,1447,1448,
gold,83,
gold,84,571,572,1449,1450,
gold,84,
gold,85,573,574,1451,1452,
gold,85,
gold,86,575,576,1453,1454,
gold,86,
gold,87,577,578,1455,1456,
gold,87,
gold,88,579,580,1457,1458,
gold,88,
gold,89,589,590,1459,1460,
gold,89,
gold,90,591,592,1461,1462,
gold,90,
gold,91,593,594,1463,1464,
gold,91,
gold,92,595,596,1465,1466,
gold,92,
gold,93,597,598,1467,1468,
gold,93,
gold,94,607,608,1469,1470,
gold,94,
gold,95,609,610,1471,1472,
gold,95,
gold,96,611,612,1473,1474,
gold,96,
gold,97,613,614,1475,1476,
gold,97,
gold,98,615,616,1477,1478,
gold,98,
gold,99,717,780,1259,1260,1261,1262,1399,1400,1401,1402,
gold,99,
gold,100,718,781,1263,1264,1265,1266,1403,1404,1405,1406,
gold,100,
gold,101,719,782,1267,1268,1269,1270,1407,1408,1409,1410,
gold,101,
gold,102,720,783,1271,1272,1273,1274,1411,1412,1413,1414,
gold,102,
gold,103,721,784,1275,1276,1277,1278,1415,1416,1417,1418,
gold,103,
gold,104,663,726,1139,1140,1141,1142,1279,1280,1281,1282,
gold,104,
gold,105,664,727,1143,1144,1145,1146,1283,1284,1285,1286,
gold,105,
gold,106,665,728,1147,1148,1149,1150,1287,1288,1289,1290,
gold,106,
gold,107,666,729,1151,1152,1153,1154,1291,1292,1293,1294,
gold,107,
gold,108,667,730,1155,1156,1157,1158,1295,1296,1297,1298,
gold,108,
gold,109,672,735,1159,1160,1161,1162,1299,1300,1301,1302,
gold,109,
gold,110,673,736,1163,1164,1165,1166,1303,1304,1305,1306,
gold,110,
gold,111,674,737,1167,1168,1169,1170,1307,1308,1309,1310,
gold,111,
gold,112,675,738,1171,1172,1173,1174,1311,1312,1313,1314,
gold,112,
gold,113,676,739,1175,1176,1177,1178,1315,1316,1317,1318,
gold,113,
gold,114,681,744,1179,1180,1181,1182,1319,1320,1321,1322,
gold,114,
gold,115,682,745,1183,1184,1185,1186,1323,1324,1325,1326,
gold,115,
gold,116,683,746,1187,1188,1189,1190,1327,1328,1329,1330,
gold,116,
gold,117,684,747,1191,1192,1193,1194,1331,1332,1333,1334,
gold,117,
gold,118,685,748,1195,1196,1197,1198,1335,1336,1337,1338,
gold,118,
gold,119,690,753,1199,1200,1201,1202,1339,1340,1341,1342,
gold,119,
gold,120,691,754,1203,1204,1205,1206,1343,1344,1345,1346,
gold,120,
gold,121,692,755,1207,1208,1209,1210,1347,1348,1349,1350,
gold,121,
gold,122,693,756,1211,1212,1213,1214,1351,1352,1353,1354,
gold,122,
gold,123,694,757,1215,1216,1217,1218,1355,1356,1357,1358,
gold,123,
gold,124,699,762,1219,1220,1221,1222,1359,1360,1361,1362,
gold,124,
gold,125,700,763,1223,1224,1225,1226,1363,1364,1365,1366,
gold,125,
gold,126,701,764,1227,1228,1229,1230,1367,1368,1369,1370,
gold,126,
gold,127,702,765,1231,1232,1233,1234,1371,1372,1373,1374,
gold,127,
gold,128,703,766,1235,1236,1237,1238,1375,1376,1377,1378,
gold,128,
gold,129,708,771,1239,1240,1241,1242,1379,1380,1381,1382,
gold,129,
gold,130,709,772,1243,1244,1245,1246,1383,1384,1385,1386,
gold,130,
gold,131,710,773,1247,1248,1249,1250,1387,1388,1389,1390,
gold,131,
gold,132,711,774,1251,1252,1253,1254,1391,1392,1393,1394,
gold,132,
gold,133,712,775,1255,1256,1257,1258,1395,1396,1397,1398,
gold,133,
gold,134,635,636,637,638,639,640,641,642,643,644,645,646,647,648,649,650,651,652,653,654,655,656,657,658,887,888,889,890,891,892,893,894,895,896,897,898,899,900,901,902,903,904,905,906,907,908,909,910,911,912,913,914,915,916,917,918,919,920,921,922,923,924,925,926,927,928,929,930,931,932,933,934,935,936,937,938,939,940,941,942,943,944,945,946,947,948,949,950,951,952,953,954,955,956,957,958,959,960,961,962,963,964,965,966,967,968,969,970,971,972,973,974,975,976,977,978,979,980,981,982,983,984,985,986,987,988,989,990,991,992,993,994,995,996,997,998,999,1000,1001,1002,1003,1004,1005,1006,1007,1008,1009,1010,1011,1012,1013,1014,1015,1016,1017,1018,1019,1020,1021,1022,1023,1024,1025,1026,1027,1028,1029,1030,1031,1032,1033,1034,1035,1036,1037,1038,1039,1040,1041,1042,1043,1044,1045,1046,1047,1048,1049,1050,1051,1052,1053,1054,1055,1056,1057,1058,1059,1060,1061,1062,1063,1064,1065,1066,1067,1068,1069,1070,1071,1072,1073,1074,1075,1076,1077,1078,1079,1080,1081,1082,1083,1084,1085,1086,1087,1088,1089,1090,1091,1092,1093,1094,1095,1096,1097,1098,1099,1100,1101,1102,1103,1104,1105,1106,1107,1108,1109,1110,1111,1112,1113,1114,1115,1116,1117,1118,1119,1120,1121,1122,1123,1124,1125,1126,1127,1128,1129,1130,1131,1132,1133,1134,1135,1136,1137,1138,
gold,134,
gold,135,785,786,787,788,789,790,791,792,793,794,887,888,889,890,915,916,917,918,943,944,945,946,971,972,973,974,999,1000,1001,1002,1027,1028,1029,1030,1055,1056,1057,1058,1083,1084,1085,1086,1111,1112,1113,1114,
gold,135,
gold,136,795,796,797,798,799,800,801,802,803,804,891,892,893,894,919,920,921,922,947,948,949,950,975,976,977,978,1003,1004,1005,1006,1031,1032,1033,1034,1059,1060,1061,1062,1087,1088,1089,1090,1115,1116,1117,1118,
gold,136,
gold,137,805,806,807,808,809,810,811,812,813,814,895,896,897,898,923,924,925,926,951,952,953,954,979,980,981,982,1007,1008,1009,1010,1035,1036,1037,1038,1063,1064,1065,1066,1091,1092,1093,1094,1119,1120,1121,1122,
gold,137,
gold,138,815,816,817,818,819,820,821,822,823,824,899,900,901,902,927,928,929,930,955,956,957,958,983,984,985,986,1011,1012,1013,1014,1039,1040,1041,1042,1067,1068,1069,1070,1095,1096,1097,1098,1123,1124,1125,1126,
gold,138,
gold,139,825,826,827,828,829,830,831,832,833,834,903,904,905,906,931,932,933,934,959,960,961,962,987,988,989,990,1015,1016,1017,1018,1043,1044,1045,1046,1071,1072,1073,1074,1099,1100,1101,1102,1127,1128,1129,1130,
gold,139,
gold,140,835,836,837,838,839,840,841,842,843,844,907,908,909,910,935,936,937,938,963,964,965,966,991,992,993,994,1019,1020,1021,1022,1047,1048,1049,1050,1075,1076,1077,1078,1103,1104,1105,1106,1131,1132,1133,1134,
gold,140,
gold,141,845,846,847,848,849,850,851,852,853,854,911,912,913,914,939,940,941,942,967,968,969,970,995,996,997,998,1023,1024,1025,1026,1051,1052,1053,1054,1079,1080,1081,1082,1107,1108,1109,1110,1135,1136,1137,1138,
gold,141,
gold,142,1083,1084,1085,1086,1087,1088,1089,1090,1091,1092,1093,1094,1095,1096,1097,1098,1099,1100,1101,1102,1103,1104,1105,1106,1107,1108,1109,1110,
gold,142,
gold,143,1111,1112,1113,1114,1115,1116,1117,1118,1119,1120,1121,1122,1123,1124,1125,1126,1127,1128,1129,1130,1131,1132,1133,1134,1135,1136,1137,1138,1489,1490,
gold,143,
gold,144,999,1000,1001,1002,1003,1004,1005,1006,1007,1008,1009,1010,1011,1012,1013,1014,1015,1016,1017,1018,1019,1020,1021,1022,1023,1024,1025,1026,1489,1490,1491,1492,
gold,144,
gold,145,617,618,619,620,621,622,623,624,625,626,627,628,629,630,631,632,633,634,845,846,847,848,849,850,851,852,853,854,911,912,913,914,939,940,941,942,967,968,969,970,995,996,997,998,1023,1024,1025,1026,1051,1052,1053,1054,1079,1080,1081,1082,1107,1108,1109,1110,1135,1136,1137,1138,1479,1480,1481,1482,1483,1484,1485,1486,1487,1488,
gold,145,
gold,146,509,510,511,512,513,514,515,516,517,518,519,520,521,522,523,524,525,526,785,786,787,788,789,790,791,792,793,794,887,888,889,890,915,916,917,918,943,944,945,946,971,972,973,974,999,1000,1001,1002,1027,1028,1029,1030,1055,1056,1057,1058,1083,1084,1085,1086,1111,1112,1113,1114,1419,1420,1421,1422,1423,1424,1425,1426,1427,1428,
gold,146,
gold,147,527,528,529,530,531,532,533,534,535,536,537,538,539,540,541,542,543,544,795,796,797,798,799,800,801,802,803,804,891,892,893,894,919,920,921,922,947,948,949,950,975,976,977,978,1003,1004,1005,1006,1031,1032,1033,1034,1059,1060,1061,1062,1087,1088,1089,1090,1115,1116,1117,1118,1429,1430,1431,1432,1433,1434,1435,1436,1437,1438,
gold,147,
gold,148,545,546,547,548,549,550,551,552,553,554,555,556,557,558,559,560,561,562,805,806,807,808,809,810,811,812,813,814,895,896,897,898,923,924,925,926,951,952,953,954,979,980,981,982,1007,1008,1009,1010,1035,1036,1037,1038,1063,1064,1065,1066,1091,1092,1093,1094,1119,1120,1121,1122,1439,1440,1441,1442,1443,1444,1445,1446,1447,1448,
gold,148,
gold,149,563,564,565,566,567,568,569,570,571,572,573,574,575,576,577,578,579,580,815,816,817,818,819,820,821,822,823,824,899,900,901,902,927,928,929,930,955,956,957,958,983,984,985,986,1011,1012,1013,1014,1039,1040,1041,1042,1067,1068,1069,1070,1095,1096,1097,1098,1123,1124,1125,1126,1449,1450,1451,1452,1453,1454,1455,1456,1457,1458,
gold,149,
gold,150,581,582,583,584,585,586,587,588,589,590,591,592,593,594,595,596,597,598,825,826,827,828,829,830,831,832,833,834,903,904,905,906,931,932,933,934,959,960,961,962,987,988,989,990,1015,1016,1017,1018,1043,1044,1045,1046,1071,1072,1073,1074,1099,1100,1101,1102,1127,1128,1129,1130,1459,1460,1461,1462,1463,1464,1465,1466,1467,1468,
gold,150,
gold,151,599,600,601,602,603,604,605,606,607,608,609,610,611,612,613,614,615,616,835,836,837,838,839,840,841,842,843,844,907,908,909,910,935,936,937,938,963,964,965,966,991,992,993,994,1019,1020,1021,1022,1047,1048,1049,1050,1075,1076,1077,1078,1103,1104,1105,1106,1131,1132,1133,1134,1469,1470,1471,1472,1473,1474,1475,1476,1477,1478,
gold,151,
gold,152,1027,1028,1029,1030,1031,1032,1033,1034,1035,1036,1037,1038,1039,1040,1041,1042,1043,1044,1045,1046,1047,1048,1049,1050,1051,1052,1053,1054,1493,1494,1495,1496,
gold,152,
gold,153,1055,1056,1057,1058,1059,1060,1061,1062,1063,1064,1065,1066,1067,1068,1069,1070,1071,1072,1073,1074,1075,1076,1077,1078,1079,1080,1081,1082,1491,1492,1493,1494,1495,1496,
gold,153,
gold,154,1139,1140,1141,1142,1143,1144,1145,1146,1147,1148,1149,1150,1151,1152,1153,1154,1155,1156,1157,1158,1159,1160,1161,1162,1163,1164,1165,1166,1167,1168,1169,1170,1171,1172,1173,1174,1175,1176,1177,1178,1179,1180,1181,1182,1183,1184,1185,1186,1187,1188,1189,1190,1191,1192,1193,1194,1195,1196,1197,1198,1199,1200,1201,1202,1203,1204,1205,1206,1207,1208,1209,1210,1211,1212,1213,1214,1215,1216,1217,1218,1219,1220,1221,1222,1223,1224,1225,1226,1227,1228,1229,1230,1231,1232,1233,1234,1235,1236,1237,1238,1239,1240,1241,1242,1243,1244,1245,1246,1247,1248,1249,1250,1251,1252,1253,1254,1255,1256,1257,1258,1259,1260,1261,1262,1263,1264,1265,1266,1267,1268,1269,1270,1271,1272,1273,1274,1275,1276,1277,1278,
gold,154,
gold,155,507,508,1139,1140,1141,1142,1143,1144,1145,1146,1147,1148,1149,1150,1151,1152,1153,1154,1155,1156,1157,1158,1159,1160,1161,1162,1163,1164,1165,1166,1167,1168,1169,1170,1171,1172,1173,1174,1175,1176,1177,1178,1179,1180,1181,1182,1183,1184,1185,1186,1187,1188,1189,1190,1191,1192,1193,1194,1195,1196,1197,1198,1199,1200,1201,1202,1203,1204,1205,1206,1207,1208,1209,1210,1211,1212,1213,1214,1215,1216,1217,1218,1219,1220,1221,1222,1223,1224,1225,1226,1227,1228,1229,1230,1231,1232,1233,1234,1235,1236,1237,1238,1239,1240,1241,1242,1243,1244,1245,1246,1247,1248,1249,1250,1251,1252,1253,1254,1255,1256,1257,1258,1259,1260,1261,1262,1263,1264,1265,1266,1267,1268,1269,1270,1271,1272,1273,1274,1275,1276,1277,1278,
gold,155,
gold,156,635,638,641,644,647,650,653,656,1139,1141,1143,1145,1147,1149,1151,1153,1155,1157,1159,1161,1163,1165,1167,1169,1171,1173,1175,1177,1179,1181,1183,1185,1187,1189,1191,1193,1195,1197,1199,1201,1203,1205,1207,1209,1211,1213,1215,1217,1219,1221,1223,1225,1227,1229,1231,1233,1235,1237,1239,1241,1243,1245,1247,1249,1251,1253,1255,1257,1259,1261,1263,1265,1267,1269,1271,1273,1275,1277,1279,1281,1283,1285,1287,1289,1291,1293,1295,1297,1299,1301,1303,1305,1307,1309,1311,1313,1315,1317,1319,1321,1323,1325,1327,1329,1331,1333,1335,1337,1339,1341,1343,1345,1347,1349,1351,1353,1355,1357,1359,1361,1363,1365,1367,1369,1371,1373,1375,1377,1379,1381,1383,1385,1387,1389,1391,1393,1395,1397,1399,1401,1403,1405,1407,1409,1411,1413,1415,1417,
gold,156,636,639,642,645,648,651,654,657,887,889,891,893,895,897,899,901,903,905,907,909,911,913,915,917,919,921,923,925,927,929,931,933,935,937,939,941,943,945,947,949,951,953,955,957,959,961,963,965,967,969,971,973,975,977,979,981,983,985,987,989,991,993,995,997,999,1001,1003,1005,1007,1009,1011,1013,1015,1017,1019,1021,1023,1025,1027,1029,1031,1033,1035,1037,1039,1041,1043,1045,1047,1049,1051,1053,1055,1057,1059,1061,1063,1065,1067,1069,1071,1073,1075,1077,1079,1081,1083,1085,1087,1089,1091,1093,1095,1097,1099,1101,1103,1105,1107,1109,1111,1113,1115,1117,1119,1121,1123,1125,1127,1129,1131,1133,1135,1137,1140,1142,1144,1146,1148,1150,1152,1154,1156,1158,1160,1162,1164,1166,1168,1170,1172,1174,1176,1178,1180,1182,1184,1186,1188,1190,1192,1194,1196,1198,1200,1202,1204,1206,1208,1210,1212,1214,1216,1218,1220,1222,1224,1226,1228,1230,1232,1234,1236,1238,1240,1242,1244,1246,1248,1250,1252,1254,1256,1258,1260,1262,1264,1266,1268,1270,1272,1274,1276,1278,1280,1282,1284,1286,1288,1290,1292,1294,1296,1298,1300,1302,1304,1306,1308,1310,1312,1314,1316,1318,1320,1322,1324,1326,1328,1330,1332,1334,1336,1338,1340,1342,1344,1346,1348,1350,1352,1354,1356,1358,1360,1362,1364,1366,1368,1370,1372,1374,1376,1378,1380,1382,1384,1386,1388,1390,1392,1394,1396,1398,1400,1402,1404,1406,1408,1410,1412,1414,1416,1418,
gold,156,637,640,643,646,649,652,655,658,888,890,892,894,896,898,900,902,904,906,908,910,912,914,916,918,920,922,924,926,928,930,932,934,936,938,940,942,944,946,948,950,952,954,956,958,960,962,964,966,968,970,972,974,976,978,980,982,984,986,988,990,992,994,996,998,1000,1002,1004,1006,1008,1010,1012,1014,1016,1018,1020,1022,1024,1026,1028,1030,1032,1034,1036,1038,1040,1042,1044,1046,1048,1050,1052,1054,1056,1058,1060,1062,1064,1066,1068,1070,1072,1074,1076,1078,1080,1082,1084,1086,1088,1090,1092,1094,1096,1098,1100,1102,1104,1106,1108,1110,1112,1114,1116,1118,1120,1122,1124,1126,1128,1130,1132,1134,1136,1138,
gold,157,1279,1280,1281,1282,1283,1284,1285,1286,1287,1288,1289,1290,1291,1292,1293,1294,1295,1296,1297,1298,1299,1300,1301,1302,1303,1304,1305,1306,1307,1308,1309,1310,1311,1312,1313,1314,1315,1316,1317,1318,1319,1320,1321,1322,1323,1324,1325,1326,1327,1328,1329,1330,1331,1332,1333,1334,1335,1336,1337,1338,1339,1340,1341,1342,1343,1344,1345,1346,1347,1348,1349,1350,1351,1352,1353,1354,1355,1356,1357,1358,1359,1360,1361,1362,1363,1364,1365,1366,1367,1368,1369,1370,1371,1372,1373,1374,1375,1376,1377,1378,1379,1380,1381,1382,1383,1384,1385,1386,1387,1388,1389,1390,1391,1392,1393,1394,1395,1396,1397,1398,1399,1400,1401,1402,1403,1404,1405,1406,1407,1408,1409,1410,1411,1412,1413,1414,1415,1416,1417,1418,1489,1490,1491,1492,1493,1494,1495,1496,
gold,157,
red,158,659,722,
gold,158,
red,159,670,733,
gold,159,
red,160,680,743,
gold,160,
red,161,687,750,
gold,161,
red,162,697,760,
gold,162,
red,163,706,769,
gold,163,
lightskyblue,486,
lightskyblue,486,
lightskyblue,448,251,
lightskyblue,448,251,
lightskyblue,448,265,
lightskyblue,448,265,
lightskyblue,448,279,
lightskyblue,448,279,
lightskyblue,448,293,
lightskyblue,448,293,
lightskyblue,448,317,
lightskyblue,448,317,
lightskyblue,448,319,
lightskyblue,448,319,
lightskyblue,448,321,
lightskyblue,448,321,
lightskyblue,448,323,
lightskyblue,448,323,
lightskyblue,448,325,
lightskyblue,448,325,
lightskyblue,450,253,
lightskyblue,450,253,
lightskyblue,450,267,
lightskyblue,450,267,
lightskyblue,450,281,
lightskyblue,450,281,
lightskyblue,450,295,
lightskyblue,450,295,
lightskyblue,450,327,
lightskyblue,450,327,
lightskyblue,450,329,
lightskyblue,450,329,
lightskyblue,450,331,
lightskyblue,450,331,
lightskyblue,450,333,
lightskyblue,450,333,
lightskyblue,450,335,
lightskyblue,450,335,
lightskyblue,452,255,
lightskyblue,452,255,
lightskyblue,452,269,
lightskyblue,452,269,
lightskyblue,452,283,
lightskyblue,452,283,
lightskyblue,452,297,
lightskyblue,452,297,
lightskyblue,452,337,
lightskyblue,452,337,
lightskyblue,452,339,
lightskyblue,452,339,
lightskyblue,452,341,
lightskyblue,452,341,
lightskyblue,452,343,
lightskyblue,452,343,
lightskyblue,452,345,
lightskyblue,452,345,
lightskyblue,454,257,
lightskyblue,454,257,
lightskyblue,454,271,
lightskyblue,454,271,
lightskyblue,454,285,
lightskyblue,454,285,
lightskyblue,454,299,
lightskyblue,454,299,
lightskyblue,454,347,
lightskyblue,454,347,
lightskyblue,454,349,
lightskyblue,454,349,
lightskyblue,454,351,
lightskyblue,454,351,
lightskyblue,454,353,
lightskyblue,454,353,
lightskyblue,454,355,
lightskyblue,454,355,
lightskyblue,456,259,
lightskyblue,456,259,
lightskyblue,456,273,
lightskyblue,456,273,
lightskyblue,456,287,
lightskyblue,456,287,
lightskyblue,456,301,
lightskyblue,456,301,
lightskyblue,456,357,
lightskyblue,456,357,
lightskyblue,456,359,
lightskyblue,456,359,
lightskyblue,456,361,
lightskyblue,456,361,
lightskyblue,456,363,
lightskyblue,456,363,
lightskyblue,456,365,
lightskyblue,456,365,
lightskyblue,458,261,
lightskyblue,458,261,
lightskyblue,458,275,
lightskyblue,458,275,
lightskyblue,458,289,
lightskyblue,458,289,
lightskyblue,458,303,
lightskyblue,458,303,
lightskyblue,458,367,
lightskyblue,458,367,
lightskyblue,458,369,
lightskyblue,458,369,
lightskyblue,458,371,
lightskyblue,458,371,
lightskyblue,458,373,
lightskyblue,458,373,
lightskyblue,458,375,
lightskyblue,458,375,
lightskyblue,460,263,
lightskyblue,460,263,
lightskyblue,460,277,
lightskyblue,460,277,
lightskyblue,460,291,
lightskyblue,460,291,
lightskyblue,460,305,
lightskyblue,460,305,
lightskyblue,460,307,
lightskyblue,460,307,
lightskyblue,460,309,
lightskyblue,460,309,
lightskyblue,460,311,
lightskyblue,460,311,
lightskyblue,460,313,
lightskyblue,460,313,
lightskyblue,460,315,
lightskyblue,460,315,
lightskyblue,199,488,447,
lightskyblue,199,488,447,490,
lightskyblue,199,488,447,490,
lightskyblue,213,488,447,
lightskyblue,213,488,447,490,
lightskyblue,213,488,447,490,
lightskyblue,227,488,447,
lightskyblue,227,488,447,490,
lightskyblue,227,488,447,490,
lightskyblue,237,488,447,
lightskyblue,237,488,447,490,
lightskyblue,237,488,447,490,
lightskyblue,199,488,447,
lightskyblue,199,488,447,490,
lightskyblue,199,488,447,490,
lightskyblue,213,488,447,
lightskyblue,213,488,447,490,
lightskyblue,213,488,447,490,
lightskyblue,227,488,447,
lightskyblue,227,488,447,490,
lightskyblue,227,488,447,490,
lightskyblue,237,488,447,
lightskyblue,237,488,447,490,
lightskyblue,237,488,447,490,
lightskyblue,496,470,
lightskyblue,215,470,
lightskyblue,229,470,
lightskyblue,239,470,
lightskyblue,387,470,
lightskyblue,389,470,
lightskyblue,391,470,
lightskyblue,393,470,
lightskyblue,395,470,
lightskyblue,201,472,
lightskyblue,217,472,
lightskyblue,498,472,
lightskyblue,241,472,
lightskyblue,397,472,
lightskyblue,399,472,
lightskyblue,401,472,
lightskyblue,403,472,
lightskyblue,405,472,
lightskyblue,203,474,
lightskyblue,219,474,
lightskyblue,231,474,
lightskyblue,500,474,
lightskyblue,407,474,
lightskyblue,409,474,
lightskyblue,411,474,
lightskyblue,413,474,
lightskyblue,415,474,
lightskyblue,205,476,
lightskyblue,502,476,
lightskyblue,233,476,
lightskyblue,243,476,
lightskyblue,417,476,
lightskyblue,419,476,
lightskyblue,421,476,
lightskyblue,423,476,
lightskyblue,425,476,
lightskyblue,207,478,
lightskyblue,221,478,
lightskyblue,504,478,
lightskyblue,245,478,
lightskyblue,427,478,
lightskyblue,429,478,
lightskyblue,431,478,
lightskyblue,433,478,
lightskyblue,435,478,
lightskyblue,209,480,
lightskyblue,223,480,
lightskyblue,506,480,
lightskyblue,247,480,
lightskyblue,437,480,
lightskyblue,439,480,
lightskyblue,441,480,
lightskyblue,443,480,
lightskyblue,445,480,
lightskyblue,211,468,
lightskyblue,225,468,
lightskyblue,235,468,
lightskyblue,249,468,
lightskyblue,377,468,
lightskyblue,379,468,
lightskyblue,381,468,
lightskyblue,383,468,
lightskyblue,385,468,
lightskyblue,496,470,
lightskyblue,215,470,
lightskyblue,229,470,
lightskyblue,239,470,
lightskyblue,387,470,
lightskyblue,389,470,
lightskyblue,391,470,
lightskyblue,393,470,
lightskyblue,395,470,
lightskyblue,201,472,
lightskyblue,217,472,
lightskyblue,498,472,
lightskyblue,241,472,
lightskyblue,397,472,
lightskyblue,399,472,
lightskyblue,401,472,
lightskyblue,403,472,
lightskyblue,405,472,
lightskyblue,203,474,
lightskyblue,219,474,
lightskyblue,231,474,
lightskyblue,500,474,
lightskyblue,407,474,
lightskyblue,409,474,
lightskyblue,411,474,
lightskyblue,413,474,
lightskyblue,415,474,
lightskyblue,205,476,
lightskyblue,502,476,
lightskyblue,233,476,
lightskyblue,243,476,
lightskyblue,417,476,
lightskyblue,419,476,
lightskyblue,421,476,
lightskyblue,423,476,
lightskyblue,425,476,
lightskyblue,207,478,
lightskyblue,221,478,
lightskyblue,504,478,
lightskyblue,245,478,
lightskyblue,427,478,
lightskyblue,429,478,
lightskyblue,431,478,
lightskyblue,433,478,
lightskyblue,435,478,
lightskyblue,209,480,
lightskyblue,223,480,
lightskyblue,506,480,
lightskyblue,247,480,
lightskyblue,437,480,
lightskyblue,439,480,
lightskyblue,441,480,
lightskyblue,443,480,
lightskyblue,445,480,
lightskyblue,211,468,
lightskyblue,225,468,
lightskyblue,235,468,
lightskyblue,249,468,
lightskyblue,377,468,
lightskyblue,379,468,
lightskyblue,381,468,
lightskyblue,383,468,
lightskyblue,385,468,
lightskyblue,449,386,471,316,
lightskyblue,449,386,471,316,
lightskyblue,449,388,471,318,
lightskyblue,449,388,471,318,
lightskyblue,449,390,471,320,
lightskyblue,449,390,471,320,
lightskyblue,449,392,471,322,
lightskyblue,449,392,471,322,
lightskyblue,449,394,471,324,
lightskyblue,449,394,471,324,
lightskyblue,451,396,473,326,
lightskyblue,451,396,473,326,
lightskyblue,451,398,473,328,
lightskyblue,451,398,473,328,
lightskyblue,451,400,473,330,
lightskyblue,451,400,473,330,
lightskyblue,451,402,473,332,
lightskyblue,451,402,473,332,
lightskyblue,451,404,473,334,
lightskyblue,451,404,473,334,
lightskyblue,453,406,475,336,
lightskyblue,453,406,475,336,
lightskyblue,453,408,475,338,
lightskyblue,453,408,475,338,
lightskyblue,453,410,475,340,
lightskyblue,453,410,475,340,
lightskyblue,453,412,475,342,
lightskyblue,453,412,475,342,
lightskyblue,453,414,475,344,
lightskyblue,453,414,475,344,
lightskyblue,455,416,477,346,
lightskyblue,455,416,477,346,
lightskyblue,455,418,477,348,
lightskyblue,455,418,477,348,
lightskyblue,455,420,477,350,
lightskyblue,455,420,477,350,
lightskyblue,455,422,477,352,
lightskyblue,455,422,477,352,
lightskyblue,455,424,477,354,
lightskyblue,455,424,477,354,
lightskyblue,457,426,479,356,
lightskyblue,457,426,479,356,
lightskyblue,457,428,479,358,
lightskyblue,457,428,479,358,
lightskyblue,457,430,479,360,
lightskyblue,457,430,479,360,
lightskyblue,457,432,479,362,
lightskyblue,457,432,479,362,
lightskyblue,457,434,479,364,
lightskyblue,457,434,479,364,
lightskyblue,459,436,481,366,
lightskyblue,459,436,481,366,
lightskyblue,459,438,481,368,
lightskyblue,459,438,481,368,
lightskyblue,459,440,481,370,
lightskyblue,459,440,481,370,
lightskyblue,459,442,481,372,
lightskyblue,459,442,481,372,
lightskyblue,459,444,481,374,
lightskyblue,459,444,481,374,
lightskyblue,461,376,469,306,
lightskyblue,461,376,469,306,
lightskyblue,461,378,469,308,
lightskyblue,461,378,469,308,
lightskyblue,461,380,469,310,
lightskyblue,461,380,469,310,
lightskyblue,461,382,469,312,
lightskyblue,461,382,469,312,
lightskyblue,461,384,469,314,
lightskyblue,461,384,469,314,
lightskyblue,175,165,
lightskyblue,176,167,
lightskyblue,177,169,
lightskyblue,178,171,
lightskyblue,179,173,
lightskyblue,180,184,
lightskyblue,181,186,
lightskyblue,182,197,
lightskyblue,188,165,
lightskyblue,189,167,
lightskyblue,190,169,
lightskyblue,191,171,
lightskyblue,192,173,
lightskyblue,193,184,
lightskyblue,194,186,
lightskyblue,195,197,
lightskyblue,174,164,
lightskyblue,174,166,
lightskyblue,174,168,
lightskyblue,174,170,
lightskyblue,174,172,
lightskyblue,174,183,
lightskyblue,174,185,
lightskyblue,174,196,
lightskyblue,187,164,
lightskyblue,187,166,
lightskyblue,187,168,
lightskyblue,187,170,
lightskyblue,187,172,
lightskyblue,187,183,
lightskyblue,187,185,
lightskyblue,187,196,
lightskyblue,449,495,471,490,250,
lightskyblue,449,495,471,491,250,
lightskyblue,449,495,471,490,250,
lightskyblue,449,495,471,491,250,
lightskyblue,451,200,473,490,252,
lightskyblue,451,200,473,491,252,
lightskyblue,451,200,473,490,252,
lightskyblue,451,200,473,491,252,
lightskyblue,453,202,475,490,254,
lightskyblue,453,202,475,491,254,
lightskyblue,453,202,475,490,254,
lightskyblue,453,202,475,491,254,
lightskyblue,455,204,477,490,256,
lightskyblue,455,204,477,491,256,
lightskyblue,455,204,477,490,256,
lightskyblue,455,204,477,491,256,
lightskyblue,457,206,479,490,258,
lightskyblue,457,206,479,491,258,
lightskyblue,457,206,479,490,258,
lightskyblue,457,206,479,491,258,
lightskyblue,459,208,481,490,260,
lightskyblue,459,208,481,491,260,
lightskyblue,459,208,481,490,260,
lightskyblue,459,208,481,491,260,
lightskyblue,461,210,469,490,262,
lightskyblue,461,210,469,491,262,
lightskyblue,461,210,469,490,262,
lightskyblue,461,210,469,491,262,
lightskyblue,449,214,471,490,264,
lightskyblue,449,214,471,491,264,
lightskyblue,449,214,471,490,264,
lightskyblue,449,214,471,491,264,
lightskyblue,451,216,473,490,266,
lightskyblue,451,216,473,491,266,
lightskyblue,451,216,473,490,266,
lightskyblue,451,216,473,491,266,
lightskyblue,453,218,475,490,268,
lightskyblue,453,218,475,491,268,
lightskyblue,453,218,475,490,268,
lightskyblue,453,218,475,491,268,
lightskyblue,455,501,477,490,270,
lightskyblue,455,501,477,491,270,
lightskyblue,455,501,477,490,270,
lightskyblue,455,501,477,491,270,
lightskyblue,457,220,479,490,272,
lightskyblue,457,220,479,491,272,
lightskyblue,457,220,479,490,272,
lightskyblue,457,220,479,491,272,
lightskyblue,459,222,481,490,274,
lightskyblue,459,222,481,491,274,
lightskyblue,459,222,481,490,274,
lightskyblue,459,222,481,491,274,
lightskyblue,461,224,469,490,276,
lightskyblue,461,224,469,491,276,
lightskyblue,461,224,469,490,276,
lightskyblue,461,224,469,491,276,
lightskyblue,449,228,471,490,278,
lightskyblue,449,228,471,491,278,
lightskyblue,449,228,471,490,278,
lightskyblue,449,228,471,491,278,
lightskyblue,451,497,473,490,280,
lightskyblue,451,497,473,491,280,
lightskyblue,451,497,473,490,280,
lightskyblue,451,497,473,491,280,
lightskyblue,453,230,475,490,282,
lightskyblue,453,230,475,491,282,
lightskyblue,453,230,475,490,282,
lightskyblue,453,230,475,491,282,
lightskyblue,455,232,477,490,284,
lightskyblue,455,232,477,491,284,
lightskyblue,455,232,477,490,284,
lightskyblue,455,232,477,491,284,
lightskyblue,457,503,479,490,286,
lightskyblue,457,503,479,491,286,
lightskyblue,457,503,479,490,286,
lightskyblue,457,503,479,491,286,
lightskyblue,459,505,481,490,288,
lightskyblue,459,505,481,491,288,
lightskyblue,459,505,481,490,288,
lightskyblue,459,505,481,491,288,
lightskyblue,461,234,469,490,290,
lightskyblue,461,234,469,491,290,
lightskyblue,461,234,469,490,290,
lightskyblue,461,234,469,491,290,
lightskyblue,449,238,471,490,292,
lightskyblue,449,238,471,491,292,
lightskyblue,449,238,471,490,292,
lightskyblue,449,238,471,491,292,
lightskyblue,451,240,473,490,294,
lightskyblue,451,240,473,491,294,
lightskyblue,451,240,473,490,294,
lightskyblue,451,240,473,491,294,
lightskyblue,453,499,475,490,296,
lightskyblue,453,499,475,491,296,
lightskyblue,453,499,475,490,296,
lightskyblue,453,499,475,491,296,
lightskyblue,455,242,477,490,298,
lightskyblue,455,242,477,491,298,
lightskyblue,455,242,477,490,298,
lightskyblue,455,242,477,491,298,
lightskyblue,457,244,479,490,300,
lightskyblue,457,244,479,491,300,
lightskyblue,457,244,479,490,300,
lightskyblue,457,244,479,491,300,
lightskyblue,459,246,481,490,302,
lightskyblue,459,246,481,491,302,
lightskyblue,459,246,481,490,302,
lightskyblue,459,246,481,491,302,
lightskyblue,461,248,469,490,304,
lightskyblue,461,248,469,491,304,
lightskyblue,461,248,469,490,304,
lightskyblue,461,248,469,491,304,
lightskyblue,449,386,471,490,316,
lightskyblue,449,386,471,491,316,
lightskyblue,449,386,471,490,316,
lightskyblue,449,386,471,491,316,
lightskyblue,451,396,473,490,326,
lightskyblue,451,396,473,491,326,
lightskyblue,451,396,473,490,326,
lightskyblue,451,396,473,491,326,
lightskyblue,453,406,475,490,336,
lightskyblue,453,406,475,491,336,
lightskyblue,453,406,475,490,336,
lightskyblue,453,406,475,491,336,
lightskyblue,455,416,477,490,346,
lightskyblue,455,416,477,491,346,
lightskyblue,455,416,477,490,346,
lightskyblue,455,416,477,491,346,
lightskyblue,457,426,479,490,356,
lightskyblue,457,426,479,491,356,
lightskyblue,457,426,479,490,356,
lightskyblue,457,426,479,491,356,
lightskyblue,459,436,481,490,366,
lightskyblue,459,436,481,491,366,
lightskyblue,459,436,481,490,366,
lightskyblue,459,436,481,491,366,
lightskyblue,461,376,469,490,306,
lightskyblue,461,376,469,491,306,
lightskyblue,461,376,469,490,306,
lightskyblue,461,376,469,491,306,
lightskyblue,449,388,471,490,318,
lightskyblue,449,388,471,491,318,
lightskyblue,449,388,471,490,318,
lightskyblue,449,388,471,491,318,
lightskyblue,451,398,473,490,328,
lightskyblue,451,398,473,491,328,
lightskyblue,451,398,473,490,328,
lightskyblue,451,398,473,491,328,
lightskyblue,453,408,475,490,338,
lightskyblue,453,408,475,491,338,
lightskyblue,453,408,475,490,338,
lightskyblue,453,408,475,491,338,
lightskyblue,455,418,477,490,348,
lightskyblue,455,418,477,491,348,
lightskyblue,455,418,477,490,348,
lightskyblue,455,418,477,491,348,
lightskyblue,457,428,479,490,358,
lightskyblue,457,428,479,491,358,
lightskyblue,457,428,479,490,358,
lightskyblue,457,428,479,491,358,
lightskyblue,459,438,481,490,368,
lightskyblue,459,438,481,491,368,
lightskyblue,459,438,481,490,368,
lightskyblue,459,438,481,491,368,
lightskyblue,461,378,469,490,308,
lightskyblue,461,378,469,491,308,
lightskyblue,461,378,469,490,308,
lightskyblue,461,378,469,491,308,
lightskyblue,449,390,471,490,320,
lightskyblue,449,390,471,491,320,
lightskyblue,449,390,471,490,320,
lightskyblue,449,390,471,491,320,
lightskyblue,451,400,473,490,330,
lightskyblue,451,400,473,491,330,
lightskyblue,451,400,473,490,330,
lightskyblue,451,400,473,491,330,
lightskyblue,453,410,475,490,340,
lightskyblue,453,410,475,491,340,
lightskyblue,453,410,475,490,340,
lightskyblue,453,410,475,491,340,
lightskyblue,455,420,477,490,350,
lightskyblue,455,420,477,491,350,
lightskyblue,455,420,477,490,350,
lightskyblue,455,420,477,491,350,
lightskyblue,457,430,479,490,360,
lightskyblue,457,430,479,491,360,
lightskyblue,457,430,479,490,360,
lightskyblue,457,430,479,491,360,
lightskyblue,459,440,481,490,370,
lightskyblue,459,440,481,491,370,
lightskyblue,459,440,481,490,370,
lightskyblue,459,440,481,491,370,
lightskyblue,461,380,469,490,310,
lightskyblue,461,380,469,491,310,
lightskyblue,461,380,469,490,310,
lightskyblue,461,380,469,491,310,
lightskyblue,449,392,471,490,322,
lightskyblue,449,392,471,491,322,
lightskyblue,449,392,471,490,322,
lightskyblue,449,392,471,491,322,
lightskyblue,451,402,473,490,332,
lightskyblue,451,402,473,491,332,
lightskyblue,451,402,473,490,332,
lightskyblue,451,402,473,491,332,
lightskyblue,453,412,475,490,342,
lightskyblue,453,412,475,491,342,
lightskyblue,453,412,475,490,342,
lightskyblue,453,412,475,491,342,
lightskyblue,455,422,477,490,352,
lightskyblue,455,422,477,491,352,
lightskyblue,455,422,477,490,352,
lightskyblue,455,422,477,491,352,
lightskyblue,457,432,479,490,362,
lightskyblue,457,432,479,491,362,
lightskyblue,457,432,479,490,362,
lightskyblue,457,432,479,491,362,
lightskyblue,459,442,481,490,372,
lightskyblue,459,442,481,491,372,
lightskyblue,459,442,481,490,372,
lightskyblue,459,442,481,491,372,
lightskyblue,461,382,469,490,312,
lightskyblue,461,382,469,491,312,
lightskyblue,461,382,469,490,312,
lightskyblue,461,382,469,491,312,
lightskyblue,449,394,471,490,324,
lightskyblue,449,394,471,491,324,
lightskyblue,449,394,471,490,324,
lightskyblue,449,394,471,491,324,
lightskyblue,451,404,473,490,334,
lightskyblue,451,404,473,491,334,
lightskyblue,451,404,473,490,334,
lightskyblue,451,404,473,491,334,
lightskyblue,453,414,475,490,344,
lightskyblue,453,414,475,491,344,
lightskyblue,453,414,475,490,344,
lightskyblue,453,414,475,491,344,
lightskyblue,455,424,477,490,354,
lightskyblue,455,424,477,491,354,
lightskyblue,455,424,477,490,354,
lightskyblue,455,424,477,491,354,
lightskyblue,457,434,479,490,364,
lightskyblue,457,434,479,491,364,
lightskyblue,457,434,479,490,364,
lightskyblue,457,434,479,491,364,
lightskyblue,459,444,481,490,374,
lightskyblue,459,444,481,491,374,
lightskyblue,459,444,481,490,374,
lightskyblue,459,444,481,491,374,
lightskyblue,461,384,469,490,314,
lightskyblue,461,384,469,491,314,
lightskyblue,461,384,469,490,314,
lightskyblue,461,384,469,491,314,
lightskyblue,487,466,387,489,470,491,493,
lightskyblue,487,466,387,489,470,492,493,
lightskyblue,487,466,387,489,470,491,493,
lightskyblue,487,466,387,489,470,492,493,
lightskyblue,487,482,389,489,470,491,493,
lightskyblue,487,482,389,489,470,492,493,
lightskyblue,487,482,389,489,470,491,493,
lightskyblue,487,482,389,489,470,492,493,
lightskyblue,487,484,391,489,470,491,493,
lightskyblue,487,484,391,489,470,492,493,
lightskyblue,487,484,391,489,470,491,493,
lightskyblue,487,484,391,489,470,492,493,
lightskyblue,487,462,393,489,470,491,493,
lightskyblue,487,462,393,489,470,492,493,
lightskyblue,487,462,393,489,470,491,493,
lightskyblue,487,462,393,489,470,492,493,
lightskyblue,487,464,395,489,470,491,493,
lightskyblue,487,464,395,489,470,492,493,
lightskyblue,487,464,395,489,470,491,493,
lightskyblue,487,464,395,489,470,492,493,
lightskyblue,487,466,397,489,472,491,493,
lightskyblue,487,466,397,489,472,492,493,
lightskyblue,487,466,397,489,472,491,493,
lightskyblue,487,466,397,489,472,492,493,
lightskyblue,487,482,399,489,472,491,493,
lightskyblue,487,482,399,489,472,492,493,
lightskyblue,487,482,399,489,472,491,493,
lightskyblue,487,482,399,489,472,492,493,
lightskyblue,487,484,401,489,472,491,493,
lightskyblue,487,484,401,489,472,492,493,
lightskyblue,487,484,401,489,472,491,493,
lightskyblue,487,484,401,489,472,492,493,
lightskyblue,487,462,403,489,472,491,493,
lightskyblue,487,462,403,489,472,492,493,
lightskyblue,487,462,403,489,472,491,493,
lightskyblue,487,462,403,489,472,492,493,
lightskyblue,487,464,405,489,472,491,493,
lightskyblue,487,464,405,489,472,492,493,
lightskyblue,487,464,405,489,472,491,493,
lightskyblue,487,464,405,489,472,492,493,
lightskyblue,487,466,407,489,474,491,493,
lightskyblue,487,466,407,489,474,492,493,
lightskyblue,487,466,407,489,474,491,493,
lightskyblue,487,466,407,489,474,492,493,
lightskyblue,487,482,409,489,474,491,493,
lightskyblue,487,482,409,489,474,492,493,
lightskyblue,487,482,409,489,474,491,493,
lightskyblue,487,482,409,489,474,492,493,
lightskyblue,487,484,411,489,474,491,493,
lightskyblue,487,484,411,489,474,492,493,
lightskyblue,487,484,411,489,474,491,493,
lightskyblue,487,484,411,489,474,492,493,
lightskyblue,487,462,413,489,474,491,493,
lightskyblue,487,462,413,489,474,492,493,
lightskyblue,487,462,413,489,474,491,493,
lightskyblue,487,462,413,489,474,492,493,
lightskyblue,487,464,415,489,474,491,493,
lightskyblue,487,464,415,489,474,492,493,
lightskyblue,487,464,415,489,474,491,493,
lightskyblue,487,464,415,489,474,492,493,
lightskyblue,487,466,417,489,476,491,493,
lightskyblue,487,466,417,489,476,492,493,
lightskyblue,487,466,417,489,476,491,493,
lightskyblue,487,466,417,489,476,492,493,
lightskyblue,487,482,419,489,476,491,493,
lightskyblue,487,482,419,489,476,492,493,
lightskyblue,487,482,419,489,476,491,493,
lightskyblue,487,482,419,489,476,492,493,
lightskyblue,487,484,421,489,476,491,493,
lightskyblue,487,484,421,489,476,492,493,
lightskyblue,487,484,421,489,476,491,493,
lightskyblue,487,484,421,489,476,492,493,
lightskyblue,487,462,423,489,476,491,493,
lightskyblue,487,462,423,489,476,492,493,
lightskyblue,487,462,423,489,476,491,493,
lightskyblue,487,462,423,489,476,492,493,
lightskyblue,487,464,425,489,476,491,493,
lightskyblue,487,464,425,489,476,492,493,
lightskyblue,487,464,425,489,476,491,493,
lightskyblue,487,464,425,489,476,492,493,
lightskyblue,487,466,427,489,478,491,493,
lightskyblue,487,466,427,489,478,492,493,
lightskyblue,487,466,427,489,478,491,493,
lightskyblue,487,466,427,489,478,492,493,
lightskyblue,487,482,429,489,478,491,493,
lightskyblue,487,482,429,489,478,492,493,
lightskyblue,487,482,429,489,478,491,493,
lightskyblue,487,482,429,489,478,492,493,
lightskyblue,487,484,431,489,478,491,493,
lightskyblue,487,484,431,489,478,492,493,
lightskyblue,487,484,431,489,478,491,493,
lightskyblue,487,484,431,489,478,492,493,
lightskyblue,487,462,433,489,478,491,493,
lightskyblue,487,462,433,489,478,492,493,
lightskyblue,487,462,433,489,478,491,493,
lightskyblue,487,462,433,489,478,492,493,
lightskyblue,487,464,435,489,478,491,493,
lightskyblue,487,464,435,489,478,492,493,
lightskyblue,487,464,435,489,478,491,493,
lightskyblue,487,464,435,489,478,492,493,
lightskyblue,487,466,437,489,480,491,493,
lightskyblue,487,466,437,489,480,492,493,
lightskyblue,487,466,437,489,480,491,493,
lightskyblue,487,466,437,489,480,492,493,
lightskyblue,487,482,439,489,480,491,493,
lightskyblue,487,482,439,489,480,492,493,
lightskyblue,487,482,439,489,480,491,493,
lightskyblue,487,482,439,489,480,492,493,
lightskyblue,487,484,441,489,480,491,493,
lightskyblue,487,484,441,489,480,492,493,
lightskyblue,487,484,441,489,480,491,493,
lightskyblue,487,484,441,489,480,492,493,
lightskyblue,487,462,443,489,480,491,493,
lightskyblue,487,462,443,489,480,492,493,
lightskyblue,487,462,443,489,480,491,493,
lightskyblue,487,462,443,489,480,492,493,
lightskyblue,487,464,445,489,480,491,493,
lightskyblue,487,464,445,489,480,492,493,
lightskyblue,487,464,445,489,480,491,493,
lightskyblue,487,464,445,489,480,492,493,
lightskyblue,487,466,377,489,468,491,493,
lightskyblue,487,466,377,489,468,492,493,
lightskyblue,487,466,377,489,468,491,493,
lightskyblue,487,466,377,489,468,492,493,
lightskyblue,487,482,379,489,468,491,493,
lightskyblue,487,482,379,489,468,492,493,
lightskyblue,487,482,379,489,468,491,493,
lightskyblue,487,482,379,489,468,492,493,
lightskyblue,487,484,381,489,468,491,493,
lightskyblue,487,484,381,489,468,492,493,
lightskyblue,487,484,381,489,468,491,493,
lightskyblue,487,484,381,489,468,492,493,
lightskyblue,487,462,383,489,468,491,493,
lightskyblue,487,462,383,489,468,492,493,
lightskyblue,487,462,383,489,468,491,493,
lightskyblue,487,462,383,489,468,492,493,
lightskyblue,487,464,385,489,468,491,493,
lightskyblue,487,464,385,489,468,492,493,
lightskyblue,487,464,385,489,468,491,493,
lightskyblue,487,464,385,489,468,492,493,
lightskyblue,466,387,470,491,
lightskyblue,466,387,470,492,
lightskyblue,466,387,470,491,
lightskyblue,466,387,470,492,
lightskyblue,482,389,470,491,
lightskyblue,482,389,470,492,
lightskyblue,482,389,470,491,
lightskyblue,482,389,470,492,
lightskyblue,484,391,470,491,
lightskyblue,484,391,470,492,
lightskyblue,484,391,470,491,
lightskyblue,484,391,470,492,
lightskyblue,462,393,470,491,
lightskyblue,462,393,470,492,
lightskyblue,462,393,470,491,
lightskyblue,462,393,470,492,
lightskyblue,464,395,470,491,
lightskyblue,464,395,470,492,
lightskyblue,464,395,470,491,
lightskyblue,464,395,470,492,
lightskyblue,466,397,472,491,
lightskyblue,466,397,472,492,
lightskyblue,466,397,472,491,
lightskyblue,466,397,472,492,
lightskyblue,482,399,472,491,
lightskyblue,482,399,472,492,
lightskyblue,482,399,472,491,
lightskyblue,482,399,472,492,
lightskyblue,484,401,472,491,
lightskyblue,484,401,472,492,
lightskyblue,484,401,472,491,
lightskyblue,484,401,472,492,
lightskyblue,462,403,472,491,
lightskyblue,462,403,472,492,
lightskyblue,462,403,472,491,
lightskyblue,462,403,472,492,
lightskyblue,464,405,472,491,
lightskyblue,464,405,472,492,
lightskyblue,464,405,472,491,
lightskyblue,464,405,472,492,
lightskyblue,466,407,474,491,
lightskyblue,466,407,474,492,
lightskyblue,466,407,474,491,
lightskyblue,466,407,474,492,
lightskyblue,482,409,474,491,
lightskyblue,482,409,474,492,
lightskyblue,482,409,474,491,
lightskyblue,482,409,474,492,
lightskyblue,484,411,474,491,
lightskyblue,484,411,474,492,
lightskyblue,484,411,474,491,
lightskyblue,484,411,474,492,
lightskyblue,462,413,474,491,
lightskyblue,462,413,474,492,
lightskyblue,462,413,474,491,
lightskyblue,462,413,474,492,
lightskyblue,464,415,474,491,
lightskyblue,464,415,474,492,
lightskyblue,464,415,474,491,
lightskyblue,464,415,474,492,
lightskyblue,466,417,476,491,
lightskyblue,466,417,476,492,
lightskyblue,466,417,476,491,
lightskyblue,466,417,476,492,
lightskyblue,482,419,476,491,
lightskyblue,482,419,476,492,
lightskyblue,482,419,476,491,
lightskyblue,482,419,476,492,
lightskyblue,484,421,476,491,
lightskyblue,484,421,476,492,
lightskyblue,484,421,476,491,
lightskyblue,484,421,476,492,
lightskyblue,462,423,476,491,
lightskyblue,462,423,476,492,
lightskyblue,462,423,476,491,
lightskyblue,462,423,476,492,
lightskyblue,464,425,476,491,
lightskyblue,464,425,476,492,
lightskyblue,464,425,476,491,
lightskyblue,464,425,476,492,
lightskyblue,466,427,478,491,
lightskyblue,466,427,478,492,
lightskyblue,466,427,478,491,
lightskyblue,466,427,478,492,
lightskyblue,482,429,478,491,
lightskyblue,482,429,478,492,
lightskyblue,482,429,478,491,
lightskyblue,482,429,478,492,
lightskyblue,484,431,478,491,
lightskyblue,484,431,478,492,
lightskyblue,484,431,478,491,
lightskyblue,484,431,478,492,
lightskyblue,462,433,478,491,
lightskyblue,462,433,478,492,
lightskyblue,462,433,478,491,
lightskyblue,462,433,478,492,
lightskyblue,464,435,478,491,
lightskyblue,464,435,478,492,
lightskyblue,464,435,478,491,
lightskyblue,464,435,478,492,
lightskyblue,466,437,480,491,
lightskyblue,466,437,480,492,
lightskyblue,466,437,480,491,
lightskyblue,466,437,480,492,
lightskyblue,482,439,480,491,
lightskyblue,482,439,480,492,
lightskyblue,482,439,480,491,
lightskyblue,482,439,480,492,
lightskyblue,484,441,480,491,
lightskyblue,484,441,480,492,
lightskyblue,484,441,480,491,
lightskyblue,484,441,480,492,
lightskyblue,462,443,480,491,
lightskyblue,462,443,480,492,
lightskyblue,462,443,480,491,
lightskyblue,462,443,480,492,
lightskyblue,464,445,480,491,
lightskyblue,464,445,480,492,
lightskyblue,464,445,480,491,
lightskyblue,464,445,480,492,
lightskyblue,466,377,468,491,
lightskyblue,466,377,468,492,
lightskyblue,466,377,468,491,
lightskyblue,466,377,468,492,
lightskyblue,482,379,468,491,
lightskyblue,482,379,468,492,
lightskyblue,482,379,468,491,
lightskyblue,482,379,468,492,
lightskyblue,484,381,468,491,
lightskyblue,484,381,468,492,
lightskyblue,484,381,468,491,
lightskyblue,484,381,468,492,
lightskyblue,462,383,468,491,
lightskyblue,462,383,468,492,
lightskyblue,462,383,468,491,
lightskyblue,462,383,468,492,
lightskyblue,464,385,468,491,
lightskyblue,464,385,468,492,
lightskyblue,464,385,468,491,
lightskyblue,464,385,468,492,
lightskyblue,386,471,
lightskyblue,386,471,
lightskyblue,388,471,
lightskyblue,388,471,
lightskyblue,390,471,
lightskyblue,390,471,
lightskyblue,392,471,
lightskyblue,392,471,
lightskyblue,394,471,
lightskyblue,394,471,
lightskyblue,396,473,
lightskyblue,396,473,
lightskyblue,398,473,
lightskyblue,398,473,
lightskyblue,400,473,
lightskyblue,400,473,
lightskyblue,402,473,
lightskyblue,402,473,
lightskyblue,404,473,
lightskyblue,404,473,
lightskyblue,406,475,
lightskyblue,406,475,
lightskyblue,408,475,
lightskyblue,408,475,
lightskyblue,410,475,
lightskyblue,410,475,
lightskyblue,412,475,
lightskyblue,412,475,
lightskyblue,414,475,
lightskyblue,414,475,
lightskyblue,416,477,
lightskyblue,416,477,
lightskyblue,418,477,
lightskyblue,418,477,
lightskyblue,420,477,
lightskyblue,420,477,
lightskyblue,422,477,
lightskyblue,422,477,
lightskyblue,424,477,
lightskyblue,424,477,
lightskyblue,426,479,
lightskyblue,426,479,
lightskyblue,428,479,
lightskyblue,428,479,
lightskyblue,430,479,
lightskyblue,430,479,
lightskyblue,432,479,
lightskyblue,432,479,
lightskyblue,434,479,
lightskyblue,434,479,
lightskyblue,436,481,
lightskyblue,436,481,
lightskyblue,438,481,
lightskyblue,438,481,
lightskyblue,440,481,
lightskyblue,440,481,
lightskyblue,442,481,
lightskyblue,442,481,
lightskyblue,444,481,
lightskyblue,444,481,
lightskyblue,376,469,
lightskyblue,376,469,
lightskyblue,378,469,
lightskyblue,378,469,
lightskyblue,380,469,
lightskyblue,380,469,
lightskyblue,382,469,
lightskyblue,382,469,
lightskyblue,384,469,
lightskyblue,384,469,
lightskyblue,198,467,465,446,494,
lightskyblue,198,467,465,446,494,
lightskyblue,212,467,485,446,494,
lightskyblue,212,467,485,446,494,
lightskyblue,226,483,485,446,494,
lightskyblue,226,483,485,446,494,
lightskyblue,236,483,485,446,494,
lightskyblue,236,483,485,446,494,
