0
0
0
0
0
0
0
0
0
0
0
0
0
0
0
0
0
0
0
0
0
0
0
0
0
0
0
0
0
0
0
0
0
0
0
0
0
0
0
0
0
0
0
0,71
0,73
0,91
0,93
0,95
0,97
0,99
0,101
0,103
0,105
0,107
0,109
0,75
0,111
0,113
0,115
0,117
0,119
0,121
0,123
0,77
0,79
0,81
0,83
0,85
0,87
0,89
2,71
2
2,73
2
2,75
2
2,77
2
2,79
2
2,81
2
2,83
2
2,85
2
2,87
2
2,89
2
2,91
2
2,93
2
2,95
2
2,97
2
2,99
2
2,101
2
2,103
2
2,105
2
2,107
2
2,109
2
2,111
2
2,113
2
2,115
2
2,117
2
2,119
2
2,121
2
2,123
2
3,137,142,140
3,139,182,144
3,136,124,174,138,141,125,143
3,146,153,149
3,155,148,185,187,151
3,176,152,150,145,128,147,154,127,175
3,157,162,192,160
3,164,189,159
3,163,131,177,130,158,178,156,161
3,166,171,197,168
3,194,173,169
3,134,172,165,170,179,180,167,133
4,137
4
4,139
4,140
4
4,142
4
4,144
4
4,146
4
4,148
4,149
4
4,151
4
4,153
4
4,155
4
4,157
4
4,159
4,160
4
4,162
4
4,164
4
4,166
4
4,168
4,169
4
4,171
4
4,173
4
5,181
5,183
5,186
5,188
5,190
5,193
5,195
6,182
6
6,184
6,185
6
6,187
6
6,189
6
6,191
6,192
6
6,194
6
6,196
6,197
6
12,167,158
12,150,184,181
12,147
12,165,136,191,156,145,193,188,196
12
12
12,138
12,100,92,76,82,94,186,90,72,74,104,88,112,98,114,106,78,122,86,80,102,108,120,110,96,118,70,116,84
12,172,161,152,163,141,170
12,154,143