0
0
0
0
0
0
0
0
0
0
0
0
0
0
0
0
0
0
0
0
0
0
0
0
0
0
0
0
0
0
0
0
0
0
0
0
0
0
0
0
0,79
0,81
0,99
0,101
0,103
0,105
0,107
0,109
0,111
0,113
0,115
0,117
0,83
0,119
0,121
0,123
0,125
0,127
0,129
0,131
0,133
0,135
0,137
0,85
0,139
0,141
0,143
0,145
0,147
0,149
0,151
0,153
0,87
0,89
0,91
0,93
0,95
0,97
2,79
2
2,81
2
2,83
2
2,85
2
2,87
2
2,89
2
2,91
2
2,93
2
2,95
2
2,97
2
2,99
2
2,101
2
2,103
2
2,105
2
2,107
2
2,109
2
2,111
2
2,113
2
2,115
2
2,117
2
2,119
2
2,121
2
2,123
2
2,125
2
2,127
2
2,129
2
2,131
2
2,133
2
2,135
2
2,137
2
2,139
2
2,141
2
2,143
2
2,145
2
2,147
2
2,149
2
2,151
2
2,153
2
3,167,172,170
3,169,212,174
3,166,154,171,204,168,155,173
3,176,183,179
3,185,178,215,217,181
3,206,182,180,175,158,177,184,157,205
3,187,192,222,190
3,194,219,189
3,193,160,188,208,186,191,207,161
3,196,201,227,198
3,224,203,199
3,164,202,195,200,209,210,197,163
4,167
4
4,169
4,170
4
4,172
4
4,174
4
4,176
4
4,178
4,179
4
4,181
4
4,183
4
4,185
4
4,187
4
4,189
4,190
4
4,192
4
4,194
4
4,196
4
4,198
4,199
4
4,201
4
4,203
4
5,211
5,213
5,216
5,218
5,220
5,223
5,225
6,212
6
6,214
6,215
6
6,217
6
6,219
6
6,221
6,222
6
6,224
6
6,226
6,227
6
12,188,197
12,180,214,211
12,177
12,195,166,221,186,175,223,226,218
12
12
12,168
12,108,100,138,84,146,148,90,102,216,98,80,144,82,140,112,96,120,106,122,114,86,130,94,88,110,152,134,142,136,116,128,118,104,126,150,78,124,132,92
12,202,191,171,193,182,200
12,184,173