0
0
0
0
0
0
0
0
0
0
0
0
0
0
0
0
0
0
0
0
0
0
0
0
0
0
0
0
0
0
0
0
0
0
0
0
0
0
0
0
0
0
0
0
0
0
0
0
0
0
0
0
0
0
0
0
0
0
0
0
0
0
0
0
0
0
0
0
0
0
0,115
0,117
0,135
0,137
0,139
0,141
0,143
0,145
0,147
0,149
0,151
0,153
0,119
0,155
0,157
0,159
0,161
0,163
0,165
0,167
0,169
0,171
0,173
0,121
0,175
0,177
0,179
0,181
0,183
0,185
0,187
0,189
0,191
0,193
0,123
0,195
0,197
0,199
0,201
0,125
0,127
0,129
0,131
0,133
2,115
2
2,117
2
2,119
2
2,121
2
2,123
2
2,125
2
2,127
2
2,129
2
2,131
2
2,133
2
2,135
2
2,137
2
2,139
2
2,141
2
2,143
2
2,145
2
2,147
2
2,149
2
2,151
2
2,153
2
2,155
2
2,157
2
2,159
2
2,161
2
2,163
2
2,165
2
2,167
2
2,169
2
2,171
2
2,173
2
2,175
2
2,177
2
2,179
2
2,181
2
2,183
2
2,185
2
2,187
2
2,189
2
2,191
2
2,193
2
2,195
2
2,197
2
2,199
2
2,201
2
3,215,220,218
3,217,260,222
3,214,202,219,252,216,203,221
3,224,231,227
3,233,226,263,265,229
3,254,230,228,223,206,225,232,205,253
3,235,240,270,238
3,267,242,237
3,241,208,236,256,234,239,255,209
3,244,249,275,246
3,272,251,247
3,212,250,243,248,257,258,245,211
4,215
4
4,217
4,218
4
4,220
4
4,222
4
4,224
4
4,226
4,227
4
4,229
4
4,231
4
4,233
4
4,235
4
4,237
4,238
4
4,240
4
4,242
4
4,244
4
4,246
4,247
4
4,249
4
4,251
4
5,259
5,261
5,264
5,266
5,268
5,271
5,273
6,260
6
6,262
6,263
6
6,265
6
6,267
6
6,269
6,270
6
6,272
6
6,274
6,275
6
12,236,245
12,228,262,259
12,225
12,243,214,269,234,223,271,274,266
12
12
12,216
12,144,136,192,174,120,200,182,184,126,138,264,134,116,190,198,180,118,176,148,194,132,156,196,142,158,150,122,166,130,124,146,188,170,178,172,152,164,154,140,162,186,114,160,168,128
12,250,239,219,241,230,248
12,232,221