0
0
0
0
0
0
0
0
0
0
0
0
0
0
0
0
0
0
0
0
0
0,35
0,37
0,55
0,57
0,59
0,39
0,41
0,43
0,45
0,47
0,49
0,51
0,53
2,35
2
2,37
2
2,39
2
2,41
2
2,43
2
2,45
2
2,47
2
2,49
2
2,51
2
2,53
2
2,55
2
2,57
2
2,59
2
3,73,78,76
3,75,118,80
3,72,60,110,74,77,61,79
3,82,89,85
3,91,84,121,123,87
3,112,88,86,81,64,83,90,63,111
3,98,128,93,96
3,100,125,95
3,99,67,113,66,94,114,92,97
3,102,107,133,104
3,130,109,105
3,70,108,101,106,115,116,103,69
4,73
4
4,75
4,76
4
4,78
4
4,80
4
4,82
4
4,84
4,85
4
4,87
4
4,89
4
4,91
4
4,93
4
4,95
4,96
4
4,98
4
4,100
4
4,102
4
4,104
4,105
4
4,107
4
4,109
4
5,117
5,119
5,122
5,124
5,126
5,129
5,131
6,118
6
6,120
6,121
6
6,123
6
6,125
6
6,127
6,128
6
6,130
6
6,132
6,133
6
12,103,94
12,86,120,117
12,83
12,101,72,127,81,129,124,92,132
12
12
12,74
12,56,40,46,58,122,54,36,38,52,42,50,44,34,48
12,88,108,97,99,77,106
12,90,79