0
0
0
0
0
0
0
0,768
0,771
0,774
0
0,722,109,546,97,690,121,450,418,738,658,482,434,85,402,73,594,626,386,674,530,754,498,578,610,642,466,514,49,562,706,61
0
0
0
0
0
0
0
0,678,518,534,630,470,422,758,112,52,438,646,124,550,710,88,64,100,614,502,598,406,742,454,662,486,582,390,566,76,726,694
0
0,714,442,115,79,67,458,650,634,522,55,554,682,698,746,618,91,410,602,103,394,762,490,474,570,666,538,506,730,426,127,586
0,118,750,58,494,526,70,654,414,638,430,622,574,462,130,542,718,766,446,82,734,606,398,670,106,686,94,702,510,590,478,558
0
0
0
0
0,150,147,138,132,144,135,141
0,168,162,171,153,156,159,165
0,180,186,189,177,174,192,183
0,213,207,204,195,198,201,210
0,219,222,225,231,228,234,216
0,246,243,255,249,237,240,252
0,270,267,276,273,258,264,261
0,288,294,279,297,285,291,282
0,300,318,306,303,309,312,315
0,339,327,333,330,336,321,324
0,351,357,354,348,345,360,342
0,378,372,375,369,363,366,381
0,456,476,322,196,685,721,259,412,448,577,775,673,464,493,629,440,400,432,585,537,175,436,392,533,280,681,444,725,301,581,388,396,217,637,677,468,529,428,420,633,343,729,589,404,424,48,54,133,625,481,408,154,733,57,489,364,238,460,485,51,541,472,416,452,384
0,516,492,508,549,199,157,304,741,745,367,484,488,385,178,512,749,393,545,389,262,553,500,480,283,557,504,60,496,136,737,241,63,520,220,66,397,325,69,346,524
0,501,405,601,401,78,328,505,413,568,605,181,75,307,528,370,560,572,532,286,552,544,409,81,564,244,548,223,265,160,536,202,556,497,597,593,139,540,72,509,349,772
0,310,205,649,596,561,612,142,421,247,565,93,84,588,90,289,645,592,600,576,163,417,425,641,373,569,226,616,584,331,352,580,87,620,608,268,604,653,573,184,429
0,689,229,624,632,334,613,644,102,652,656,99,313,355,292,617,621,636,437,660,701,628,609,271,441,693,187,166,668,250,445,648,433,376,96,697,640,145,664,208,105
0,114,461,669,661,716,379,453,148,274,169,704,232,316,108,708,449,753,211,696,684,765,712,761,190,117,672,253,657,757,358,676,111,457,688,680,700,665,295,337,692
0,705,732,720,319,193,713,525,744,752,740,129,340,361,521,123,151,756,214,717,235,724,760,172,465,728,126,277,517,748,382,256,477,769,120,709,473,764,736,513,469,298
1,1058
1,48
1,49
1,1059
1,51
1,52
1,1060
1,54
1,55
1,1061
1,57
1,58
1,1062
1,60
1,61
1,1060
1,63
1,64
1,1061
1,66
1,67
1,1064
1,69
1,70
1,1066
1,72
1,73
1,1060
1,75
1,76
1,1061
1,78
1,79
1,1064
1,81
1,82
1,1066
1,84
1,85
1,1060
1,87
1,88
1,1061
1,90
1,91
1,1064
1,93
1,94
1,1066
1,96
1,97
1,1060
1,99
1,100
1,1061
1,102
1,103
1,1064
1,105
1,106
1,1066
1,108
1,109
1,1060
1,111
1,112
1,1061
1,114
1,115
1,1064
1,117
1,118
1,1066
1,120
1,121
1,1060
1,123
1,124
1,1061
1,126
1,127
1,1064
1,129
1,130
1,1066
1,132
1,133
1,1066
1,135
1,136
1,1072
1,138
1,139
1,1072
1,141
1,142
1,1074
1,144
1,145
1,1079
1,147
1,148
1,1075
1,150
1,151
1,1079
1,153
1,154
1,1064
1,156
1,157
1,1077
1,159
1,160
1,1073
1,162
1,163
1,1073
1,165
1,166
1,1067
1,168
1,169
1,1076
1,171
1,172
1,1077
1,174
1,175
1,1065
1,177
1,178
1,1074
1,180
1,181
1,1070
1,183
1,184
1,1076
1,186
1,187
1,1073
1,189
1,190
1,1075
1,192
1,193
1,1073
1,195
1,196
1,1067
1,198
1,199
1,1071
1,201
1,202
1,1073
1,204
1,205
1,1074
1,207
1,208
1,1078
1,210
1,211
1,1079
1,213
1,214
1,1079
1,216
1,217
1,1067
1,219
1,220
1,1073
1,222
1,223
1,1081
1,225
1,226
1,1077
1,228
1,229
1,1081
1,231
1,232
1,1078
1,234
1,235
1,1075
1,237
1,238
1,1063
1,240
1,241
1,1072
1,243
1,244
1,1075
1,246
1,247
1,1078
1,249
1,250
1,1082
1,252
1,253
1,1074
1,255
1,256
1,1073
1,258
1,259
1,1068
1,261
1,262
1,1071
1,264
1,265
1,1072
1,267
1,268
1,1078
1,270
1,271
1,1069
1,273
1,274
1,1074
1,276
1,277
1,1072
1,279
1,280
1,1067
1,282
1,283
1,1072
1,285
1,286
1,1075
1,288
1,289
1,1076
1,291
1,292
1,1069
1,294
1,295
1,1075
1,297
1,298
1,1076
1,300
1,301
1,1067
1,303
1,304
1,1074
1,306
1,307
1,1082
1,309
1,310
1,1078
1,312
1,313
1,1072
1,315
1,316
1,1076
1,318
1,319
1,1075
1,321
1,322
1,1067
1,324
1,325
1,1070
1,327
1,328
1,1075
1,330
1,331
1,1071
1,333
1,334
1,1075
1,336
1,337
1,1075
1,339
1,340
1,1073
1,342
1,343
1,1064
1,345
1,346
1,1075
1,348
1,349
1,1077
1,351
1,352
1,1080
1,354
1,355
1,1078
1,357
1,358
1,1075
1,360
1,361
1,1075
1,363
1,364
1,1065
1,366
1,367
1,1081
1,369
1,370
1,1076
1,372
1,373
1,1077
1,375
1,376
1,1076
1,378
1,379
1,1072
1,381
1,382
1,1072
1,384
1,385
1,386
1,1075
1,388
1,389
1,390
1,1083
1,392
1,393
1,394
1,1084
1,396
1,397
1,398
1,1085
1,400
1,401
1,402
1,1075
1,404
1,405
1,406
1,1083
1,408
1,409
1,410
1,1084
1,412
1,413
1,414
1,1085
1,416
1,417
1,418
1,1075
1,420
1,421
1,422
1,1083
1,424
1,425
1,426
1,1084
1,428
1,429
1,430
1,1085
1,432
1,433
1,434
1,1075
1,436
1,437
1,438
1,1083
1,440
1,441
1,442
1,1084
1,444
1,445
1,446
1,1085
1,448
1,449
1,450
1,1075
1,452
1,453
1,454
1,1083
1,456
1,457
1,458
1,1084
1,460
1,461
1,462
1,1085
1,464
1,465
1,466
1,1075
1,468
1,469
1,470
1,1083
1,472
1,473
1,474
1,1084
1,476
1,477
1,478
1,1085
1,480
1,481
1,482
1,1075
1,484
1,485
1,486
1,1083
1,488
1,489
1,490
1,1084
1,492
1,493
1,494
1,1085
1,496
1,497
1,498
1,1060
1,500
1,501
1,502
1,1061
1,504
1,505
1,506
1,1064
1,508
1,509
1,510
1,1066
1,512
1,513
1,514
1,1060
1,516
1,517
1,518
1,1061
1,520
1,521
1,522
1,1064
1,524
1,525
1,526
1,1066
1,528
1,529
1,530
1,1075
1,532
1,533
1,534
1,1083
1,536
1,537
1,538
1,1084
1,540
1,541
1,542
1,1085
1,544
1,545
1,546
1,1060
1,548
1,549
1,550
1,1061
1,552
1,553
1,554
1,1064
1,556
1,557
1,558
1,1066
1,560
1,561
1,562
1,1060
1,564
1,565
1,566
1,1061
1,568
1,569
1,570
1,1064
1,572
1,573
1,574
1,1066
1,576
1,577
1,578
1,1075
1,580
1,581
1,582
1,1083
1,584
1,585
1,586
1,1084
1,588
1,589
1,590
1,1085
1,592
1,593
1,594
1,1060
1,596
1,597
1,598
1,1061
1,600
1,601
1,602
1,1064
1,604
1,605
1,606
1,1066
1,608
1,609
1,610
1,1060
1,612
1,613
1,614
1,1061
1,616
1,617
1,618
1,1064
1,620
1,621
1,622
1,1066
1,624
1,625
1,626
1,1075
1,628
1,629
1,630
1,1083
1,632
1,633
1,634
1,1084
1,636
1,637
1,638
1,1085
1,640
1,641
1,642
1,1060
1,644
1,645
1,646
1,1061
1,648
1,649
1,650
1,1064
1,652
1,653
1,654
1,1066
1,656
1,657
1,658
1,1060
1,660
1,661
1,662
1,1061
1,664
1,665
1,666
1,1064
1,668
1,669
1,670
1,1066
1,672
1,673
1,674
1,1075
1,676
1,677
1,678
1,1083
1,680
1,681
1,682
1,1084
1,684
1,685
1,686
1,1085
1,688
1,689
1,690
1,1060
1,692
1,693
1,694
1,1061
1,696
1,697
1,698
1,1064
1,700
1,701
1,702
1,1066
1,704
1,705
1,706
1,1060
1,708
1,709
1,710
1,1061
1,712
1,713
1,714
1,1064
1,716
1,717
1,718
1,1066
1,720
1,721
1,722
1,1075
1,724
1,725
1,726
1,1083
1,728
1,729
1,730
1,1084
1,732
1,733
1,734
1,1085
1,736
1,737
1,738
1,1060
1,740
1,741
1,742
1,1061
1,744
1,745
1,746
1,1064
1,748
1,749
1,750
1,1066
1,752
1,753
1,754
1,1060
1,756
1,757
1,758
1,1061
1,760
1,761
1,762
1,1064
1,764
1,765
1,766
1,1066
2,768
2,769
2
2,771
2,772
2
2,774
2,775
2
3,822,992,820,845
3,989,843,818,833
3,829,812,984,835,825
3,841,816,823
3,830,985,826,988,1045,815,832,991,837
3,819,1046,813,839
3,836,831,779,817,838,1044,834,844,842,970,821,781,827,840,971,777,776,814,972,778,824,811,780
3,1002,894,860,862
3,892,876,858,999
3,848,865,878
3,849,880,868
3,890,856,863
3,994,872,850,882,852
3,998,886,1001,869,1049,995,873,855,875,866
3,1048,847,884
3,853,888,859
3,891,879,893,881,785,1047,846,791,861,783,789,864,889,790,877,851,786,883,784,974,857,973,854,867,975,887,885,788,787,874,870
3,1013,899,917
3,907,915,901,1010
3,896,909,1005,903
3,1009,1006,1012,911,906,904
3,900,897,913
3,796,905,795,895,916,910,794,908,978,902,898,793,912,797,976,1050,914,977
3,1015,922,919,925
3,1052,1016,929,923
3,1053,927,920
3,800,926,801,918,928,921,1051,799,924,979
3,942,969,944,1026
3,967,1023,940,955
3,934,951,1018,957,947
3,948,931,1055,959
3,965,938,945
3,963,1057,941,935
3,1056,1025,954,937,1022,1019,961,932,952
3,806,943,958,805,953,933,807,803,982,804,964,956,966,939,980,946,960,949,809,981,930,962,808,1054,936,968
4,812
4,813
4
4,815
4,816
4
4,818
4,819
4,820
4
4,822
4,823
4
4,825
4,826
4
4,828
4,829
4,830
4
4,832
4,833
4
4,835
4
4,837
4
4,839
4
4,841
4
4,843
4
4,845
4
4,847
4,848
4,849
4,850
4
4,852
4,853
4
4,855
4,856
4
4,858
4,859
4,860
4
4,862
4,863
4
4,865
4,866
4
4,868
4,869
4
4,871
4,872
4,873
4
4,875
4,876
4
4,878
4
4,880
4
4,882
4
4,884
4
4,886
4
4,888
4
4,890
4
4,892
4
4,894
4
4,896
4,897
4
4,899
4,900
4,901
4
4,903
4,904
4
4,906
4,907
4
4,909
4
4,911
4
4,913
4
4,915
4
4,917
4
4,919
4,920
4
4,922
4,923
4
4,925
4
4,927
4
4,929
4
4,931
4,932
4
4,934
4,935
4
4,937
4,938
4
4,940
4,941
4,942
4
4,944
4,945
4
4,947
4,948
4
4,950
4,951
4,952
4
4,954
4,955
4
4,957
4
4,959
4
4,961
4
4,963
4
4,965
4
4,967
4
4,969
4
5,983
5,986
5,990
5,993
5,996
5,1000
5,1003
5,1007
5,1011
5,1014
5,1017
5,1020
5,1024
6,984
6,985
6
6,987
6,988
6,989
6
6,991
6,992
6
6,994
6,995
6
6,997
6,998
6,999
6
6,1001
6,1002
6
6,1004
6,1005
6,1006
6
6,1008
6,1009
6,1010
6
6,1012
6,1013
6
6,1015
6,1016
6
6,1018
6,1019
6
6,1021
6,1022
6,1023
6
6,1025
6,1026
6
14,46,1050
14,80,50,98,113,77,101,83,65,104,125,68,92,110,71,95,116,86,119,128,62,1051,1044,122,53,74,107,59,89,56,47
14,269,206,341,368,200,170,161,296,158,299,335,329,293,359,176,233,290,371,272,317,137,188,356,266,230,263,338,203,140,245,197,251,239,152,212,332,155,185,1047,344,314,278,350,377,380,287,134,275,227,257,308,191,302,323,326,224,305,362,182,260,236,242,143,374,221,248,281,347,365,194,254,209,173,320,284,167,179,311,215,146,149,353,131,218,164
14,707,663,415,439,531,575,583,399,727,487,467,755,491,479,715,419,411,511,567,391,1054,571,563,407,691,555,539,471,527,643,651,751,427,655,395,611,623,631,519,747,635,447,739,455,743,675,459,431,603,535,731,523,679,735,659,647,499,495,687,759,607,551,579,587,763,483,547,671,711,443,503,435,463,423,719,475,699,387,595,599,515,667,543,451,507,615,383,695,403,723,559,591,639,683,627,619,703
12,864,1004,946,871,983,950,902,867,921,993,1017,828
12,854,936,814
12,930
12,918,851,895,811,933
12,821,861,943
12,824,767,770,773,1014
12,846
12,857,898,817,939
12,834,956,924,908,879,877,881
12,838,844,964,840,842,889,914,962,966,891,916,912,926,968,887,893
12,883
12,928,960,910,958,885,836
12,1008,997,831,905,987,953,1024,1021,990,874,1011,1000
7,1045
7,1046
7
7,1048
7,1049
7
7,1058
7,1052
7,1053
7
7,1055
7,1056
7,1057
7
15
15
15
15
15
15
15
15
15
15
15
15
15
15
15
15
15
15
15
15
15
15
15
15
15
15
15
15