0
0
0
0
0
0
0
0
0
0
0
0
0
0
0
0
0
0
0
0
0
0
0
0,1947
0
0
0
0
0
0
0,1950
0,1953
0
0,1962
0,1965
0,1968
0,1956
0,1959
0
0,1469,139,1869,184,214,1489,154,1829,1609,1749,1789,1689,1849,199,1669,1509,1769,169,1889,1649,1569,1529,1629,1909,1809,1729,1929,124,1549,1589,1709
0
0
0
0
0
0
0
0,1853,202,1893,1473,1533,1673,217,1513,1833,187,127,1573,1933,1593,1733,1713,172,1753,157,1773,1693,142,1913,1813,1873,1553,1613,1653,1633,1493,1793
0,1697,130,1757,1917,220,1737,1897,1937,1837,1617,175,160,1517,1637,190,1577,1677,1877,1657,1557,1817,1477,1497,205,1597,145,1857,1797,1537,1717,1777
0,223,1741,1621,1761,1841,1801,148,1641,208,163,1881,1581,1941,1501,133,1861,1721,193,1781,178,1821,1901,1921,1481,1561,1601,1661,1541,1681,1701,1521
0,1725,1745,1665,1605,1485,1625,1945,1865,166,226,1765,211,1825,136,1785,1805,1505,1525,1545,1585,1565,1905,181,1685,1845,196,1885,151,1705,1925,1645
0
0
0
0
0,246,234,237,231,243,228,240
0,264,255,258,261,267,249,252
0,285,270,288,273,276,282,279
0,306,294,291,300,297,303,309
0,327,318,324,312,315,321,330
0,351,345,348,339,336,333,342
0,360,372,369,363,357,366,354
0,378,393,390,375,387,381,384
0,396,414,402,399,411,408,405
0,420,423,435,432,417,426,429
0,453,456,447,441,444,438,450
0,468,465,474,471,477,459,462
0,495,480,483,489,486,492,498
0,507,516,504,519,501,513,510
0,528,525,522,534,537,531,540
0,558,555,546,561,549,543,552
0,573,576,570,579,567,564,582
0,594,597,603,591,585,588,600
0,606,621,624,609,612,618,615
0,630,627,633,639,636,645,642
0,651,666,657,660,654,663,648
0,678,675,684,669,687,681,672
0,690,699,693,702,705,696,708
0,723,711,714,729,726,720,717
0,738,732,741,747,750,735,744
0,753,756,768,762,771,759,765
0,780,789,786,777,792,783,774
0,804,810,813,801,798,795,807
0,831,816,834,825,822,819,828
0,843,849,846,852,837,855,840
0,873,864,867,870,876,861,858
0,891,885,882,888,897,879,894
0,903,909,912,918,906,900,915
0,927,924,921,933,936,930,939
0,948,942,960,951,945,957,954
0,966,963,975,969,972,978,981
0,990,1002,999,984,987,996,993
0,1008,1011,1014,1023,1020,1005,1017
0,1029,1044,1035,1038,1041,1032,1026
0,1047,1059,1050,1053,1065,1062,1056
0,1071,1086,1068,1083,1074,1077,1080
0,1092,1107,1089,1098,1095,1101,1104
0,1125,1116,1113,1110,1119,1128,1122
0,1149,1140,1137,1146,1131,1134,1143
0,1158,1155,1167,1164,1152,1170,1161
0,1176,1179,1188,1173,1182,1191,1185
0,1206,1203,1197,1200,1194,1212,1209
0,1224,1215,1233,1227,1221,1218,1230
0,1239,1254,1236,1245,1242,1248,1251
0,1275,1257,1260,1266,1272,1269,1263
0,1278,1293,1284,1296,1287,1290,1281
0,1317,1308,1314,1311,1299,1305,1302
0,1338,1323,1332,1320,1329,1326,1335
0,1350,1353,1344,1356,1347,1341,1359
0,1362,1380,1374,1377,1368,1371,1365
0,1395,1398,1401,1392,1386,1383,1389
0,1413,1404,1410,1419,1422,1407,1416
0,1431,1443,1440,1434,1437,1428,1425
0,1461,1449,1458,1446,1464,1455,1452
0,397,1090,1174,271,712,1495,1006,334,1648,1836,985,859,901,1491,670,502,565,1664,1896,1471,1571,1559,1575,1724,1519,1969,1426,250,355,1604,1499,1195,1069,1832,691,1527,1216,1900,1579,376,607,1780,1405,1784,1363,1768,1511,1111,1483,1716,1596,1535,1279,292,1027,1892,1555,1583,649,1048,1467,460,754,1543,1660,1237,628,775,523,1567,1515,418,1844,1487,796,1321,838,586,1479,123,1656,544,1772,129,1447,1531,817,1384,1503,733,1539,1904,1153,964,1720,1563,1592,229,1551,1776,1840,1652,880,135,1132,1507,1600,1588,132,439,1547,1258,313,1300,922,1708,126,1888,1523,1342,1828,1712,943,481,1475
0,946,1631,1680,862,1366,274,232,925,379,147,904,526,442,1303,1198,757,1611,1429,568,1587,1920,253,1240,1468,736,1156,967,1960,1623,1093,610,1676,1476,1615,1135,1912,1072,463,1954,1924,1030,1472,150,1619,1408,337,1345,883,1639,1684,1282,673,1916,988,358,778,652,589,820,1643,1635,1051,631,1627,547,1484,1387,295,715,1177,1114,694,1672,1480,1603,484,1607,1261,316,138,1450,1908,1668,144,1324,1219,505,799,1591,841,1599,141,1595,400,1009,421
0,760,571,1616,1117,844,1647,1651,1327,1695,153,403,550,1667,907,1691,165,256,1264,655,1033,781,1687,1740,1453,1159,445,1180,159,1732,1679,1201,697,823,1096,739,1306,361,1699,1369,1663,676,1683,802,1390,156,928,1957,949,1612,613,1285,319,1488,718,1243,1222,886,1675,298,1620,1138,1624,970,991,340,1736,1492,1504,235,277,634,865,1703,1075,1744,1496,508,1728,529,1012,1671,592,466,382,162,1659,1054,1500,1432,1608,487,1348,1655,424,1411
0,1700,1739,1804,280,658,721,1309,1704,1524,700,1162,322,1692,1414,1735,595,180,1508,1755,385,994,1800,1057,168,1141,1372,1435,1796,469,1707,973,364,616,679,1330,532,742,238,931,868,889,490,1078,511,763,1715,1204,784,448,1351,1015,171,1099,301,1456,553,805,1120,1288,826,1512,952,1183,406,1719,1520,177,847,1731,1747,1225,1727,427,1759,1036,1792,1516,1393,1743,1763,343,1246,1788,174,1711,1267,1688,910,637,1751,1723,574,259,1696
0,1249,1748,745,892,1165,189,1815,1856,682,186,304,787,1532,1438,724,1270,1207,1333,829,556,955,1417,640,430,1823,1102,1039,1864,619,535,850,1787,514,367,493,661,1081,1767,1771,1783,1807,1966,1819,346,1848,1144,1852,388,192,1803,1396,1791,262,1756,1291,997,1459,241,325,195,1536,1811,1375,1186,1760,1354,976,1228,183,1528,913,1779,451,409,1312,766,598,1799,1795,934,1018,871,1540,1764,1123,1060,1860,1775,472,1752,283,1544,577,703,808
0,1816,1042,1808,1378,1147,769,1564,538,685,1859,1940,201,1851,1294,1420,1556,1820,1084,1827,895,454,1548,1000,1273,1231,1875,1871,328,349,210,1879,1315,1560,1835,1357,1552,244,307,391,1932,1462,1105,1944,937,1867,853,1883,1336,580,1843,1189,958,204,727,832,1441,1126,811,1839,265,1824,370,1210,1812,1831,664,207,1252,433,1847,643,979,1936,1855,475,198,1021,1963,874,1951,517,1863,496,916,1928,790,601,559,1399,1948,706,286,622,1063,1168,412,748
0,961,1899,1584,1919,478,457,940,919,1045,225,1580,222,835,1884,219,1907,793,1640,688,1192,1887,1444,646,394,814,1876,1927,268,1915,1923,667,216,1276,625,1880,1297,1213,1868,1318,415,436,856,898,772,1360,1568,1402,1423,289,709,1024,310,1576,1911,1943,1931,247,520,1171,1632,1644,562,1872,1108,1255,1935,352,331,1465,1150,730,213,1895,1628,1339,1636,1066,499,1003,1903,1087,583,541,1891,1939,373,751,877,1572,1234,1381,982,1129,604
1,2252
1,123
1,124
1,2253
1,126
1,127
1,2254
1,129
1,130
1,2255
1,132
1,133
1,2256
1,135
1,136
1,2257
1,138
1,139
1,2254
1,141
1,142
1,2256
1,144
1,145
1,2258
1,147
1,148
1,2260
1,150
1,151
1,2262
1,153
1,154
1,2254
1,156
1,157
1,2256
1,159
1,160
1,2258
1,162
1,163
1,2260
1,165
1,166
1,2262
1,168
1,169
1,2254
1,171
1,172
1,2256
1,174
1,175
1,2258
1,177
1,178
1,2260
1,180
1,181
1,2262
1,183
1,184
1,2254
1,186
1,187
1,2256
1,189
1,190
1,2258
1,192
1,193
1,2260
1,195
1,196
1,2262
1,198
1,199
1,2254
1,201
1,202
1,2256
1,204
1,205
1,2258
1,207
1,208
1,2260
1,210
1,211
1,2262
1,213
1,214
1,2254
1,216
1,217
1,2256
1,219
1,220
1,2258
1,222
1,223
1,2260
1,225
1,226
1,2262
1,228
1,229
1,2262
1,231
1,232
1,2275
1,234
1,235
1,2276
1,237
1,238
1,2274
1,240
1,241
1,2275
1,243
1,244
1,2267
1,246
1,247
1,2279
1,249
1,250
1,2262
1,252
1,253
1,2266
1,255
1,256
1,2270
1,258
1,259
1,2266
1,261
1,262
1,2270
1,264
1,265
1,2264
1,267
1,268
1,2273
1,270
1,271
1,2261
1,273
1,274
1,2263
1,276
1,277
1,2275
1,279
1,280
1,2282
1,282
1,283
1,2267
1,285
1,286
1,2263
1,288
1,289
1,2281
1,291
1,292
1,2263
1,294
1,295
1,2271
1,297
1,298
1,2274
1,300
1,301
1,2276
1,303
1,304
1,2271
1,306
1,307
1,2272
1,309
1,310
1,2269
1,312
1,313
1,2263
1,315
1,316
1,2270
1,318
1,319
1,2267
1,321
1,322
1,2267
1,324
1,325
1,2276
1,327
1,328
1,2271
1,330
1,331
1,2271
1,333
1,334
1,2263
1,336
1,337
1,2271
1,339
1,340
1,2269
1,342
1,343
1,2271
1,345
1,346
1,2267
1,348
1,349
1,2274
1,351
1,352
1,2265
1,354
1,355
1,2259
1,357
1,358
1,2274
1,360
1,361
1,2272
1,363
1,364
1,2269
1,366
1,367
1,2265
1,369
1,370
1,2265
1,372
1,373
1,2261
1,375
1,376
1,2261
1,378
1,379
1,2269
1,381
1,382
1,2271
1,384
1,385
1,2273
1,387
1,388
1,2270
1,390
1,391
1,2268
1,393
1,394
1,2277
1,396
1,397
1,2262
1,399
1,400
1,2273
1,402
1,403
1,2268
1,405
1,406
1,2271
1,408
1,409
1,2275
1,411
1,412
1,2278
1,414
1,415
1,2266
1,417
1,418
1,2263
1,420
1,421
1,2274
1,423
1,424
1,2273
1,426
1,427
1,2275
1,429
1,430
1,2267
1,432
1,433
1,2266
1,435
1,436
1,2269
1,438
1,439
1,2263
1,441
1,442
1,2270
1,444
1,445
1,2275
1,447
1,448
1,2277
1,450
1,451
1,2269
1,453
1,454
1,2273
1,456
1,457
1,2272
1,459
1,460
1,2263
1,462
1,463
1,2272
1,465
1,466
1,2269
1,468
1,469
1,2269
1,471
1,472
1,2270
1,474
1,475
1,2275
1,477
1,478
1,2263
1,480
1,481
1,2263
1,483
1,484
1,2270
1,486
1,487
1,2269
1,489
1,490
1,2271
1,492
1,493
1,2272
1,495
1,496
1,2268
1,498
1,499
1,2275
1,501
1,502
1,2259
1,504
1,505
1,2274
1,507
1,508
1,2275
1,510
1,511
1,2267
1,513
1,514
1,2270
1,516
1,517
1,2270
1,519
1,520
1,2273
1,522
1,523
1,2260
1,525
1,526
1,2272
1,528
1,529
1,2265
1,531
1,532
1,2274
1,534
1,535
1,2273
1,537
1,538
1,2266
1,540
1,541
1,2279
1,543
1,544
1,2259
1,546
1,547
1,2272
1,549
1,550
1,2265
1,552
1,553
1,2271
1,555
1,556
1,2276
1,558
1,559
1,2276
1,561
1,562
1,2271
1,564
1,565
1,2265
1,567
1,568
1,2262
1,570
1,571
1,2273
1,573
1,574
1,2276
1,576
1,577
1,2272
1,579
1,580
1,2264
1,582
1,583
1,2264
1,585
1,586
1,2262
1,588
1,589
1,2272
1,591
1,592
1,2268
1,594
1,595
1,2271
1,597
1,598
1,2271
1,600
1,601
1,2267
1,603
1,604
1,2272
1,606
1,607
1,2263
1,609
1,610
1,2273
1,612
1,613
1,2268
1,615
1,616
1,2275
1,618
1,619
1,2275
1,621
1,622
1,2268
1,624
1,625
1,2272
1,627
1,628
1,2264
1,630
1,631
1,2271
1,633
1,634
1,2270
1,636
1,637
1,2273
1,639
1,640
1,2271
1,642
1,643
1,2276
1,645
1,646
1,2268
1,648
1,649
1,2261
1,651
1,652
1,2273
1,654
1,655
1,2269
1,657
1,658
1,2271
1,660
1,661
1,2268
1,663
1,664
1,2273
1,666
1,667
1,2270
1,669
1,670
1,2259
1,672
1,673
1,2279
1,675
1,676
1,2273
1,678
1,679
1,2270
1,681
1,682
1,2267
1,684
1,685
1,2274
1,687
1,688
1,2269
1,690
1,691
1,2261
1,693
1,694
1,2269
1,696
1,697
1,2279
1,699
1,700
1,2272
1,702
1,703
1,2277
1,705
1,706
1,2276
1,708
1,709
1,2274
1,711
1,712
1,2261
1,714
1,715
1,2272
1,717
1,718
1,2266
1,720
1,721
1,2274
1,723
1,724
1,2267
1,726
1,727
1,2271
1,729
1,730
1,2278
1,732
1,733
1,2261
1,735
1,736
1,2274
1,738
1,739
1,2270
1,741
1,742
1,2282
1,744
1,745
1,2279
1,747
1,748
1,2272
1,750
1,751
1,2269
1,753
1,754
1,2265
1,756
1,757
1,2268
1,759
1,760
1,2283
1,762
1,763
1,2275
1,765
1,766
1,2271
1,768
1,769
1,2273
1,771
1,772
1,2266
1,774
1,775
1,2263
1,777
1,778
1,2268
1,780
1,781
1,2272
1,783
1,784
1,2271
1,786
1,787
1,2274
1,789
1,790
1,2278
1,792
1,793
1,2273
1,795
1,796
1,2259
1,798
1,799
1,2270
1,801
1,802
1,2264
1,804
1,805
1,2274
1,807
1,808
1,2274
1,810
1,811
1,2272
1,813
1,814
1,2264
1,816
1,817
1,2263
1,819
1,820
1,2267
1,822
1,823
1,2274
1,825
1,826
1,2272
1,828
1,829
1,2268
1,831
1,832
1,2266
1,834
1,835
1,2273
1,837
1,838
1,2263
1,840
1,841
1,2271
1,843
1,844
1,2274
1,846
1,847
1,2266
1,849
1,850
1,2274
1,852
1,853
1,2276
1,855
1,856
1,2273
1,858
1,859
1,2259
1,861
1,862
1,2268
1,864
1,865
1,2277
1,867
1,868
1,2273
1,870
1,871
1,2269
1,873
1,874
1,2272
1,876
1,877
1,2268
1,879
1,880
1,2261
1,882
1,883
1,2271
1,885
1,886
1,2272
1,888
1,889
1,2278
1,891
1,892
1,2263
1,894
1,895
1,2267
1,897
1,898
1,2269
1,900
1,901
1,2258
1,903
1,904
1,2266
1,906
1,907
1,2269
1,909
1,910
1,2270
1,912
1,913
1,2271
1,915
1,916
1,2271
1,918
1,919
1,2269
1,921
1,922
1,2260
1,924
1,925
1,2267
1,927
1,928
1,2267
1,930
1,931
1,2278
1,933
1,934
1,2270
1,936
1,937
1,2268
1,939
1,940
1,2269
1,942
1,943
1,2262
1,945
1,946
1,2265
1,948
1,949
1,2277
1,951
1,952
1,2267
1,954
1,955
1,2267
1,957
1,958
1,2268
1,960
1,961
1,2278
1,963
1,964
1,2261
1,966
1,967
1,2269
1,969
1,970
1,2274
1,972
1,973
1,2273
1,975
1,976
1,2270
1,978
1,979
1,2280
1,981
1,982
1,2273
1,984
1,985
1,2259
1,987
1,988
1,2267
1,990
1,991
1,2264
1,993
1,994
1,2279
1,996
1,997
1,2273
1,999
1,1000
1,2270
1,1002
1,1003
1,2267
1,1005
1,1006
1,2260
1,1008
1,1009
1,2269
1,1011
1,1012
1,2274
1,1014
1,1015
1,2275
1,1017
1,1018
1,2281
1,1020
1,1021
1,2263
1,1023
1,1024
1,2267
1,1026
1,1027
1,2262
1,1029
1,1030
1,2269
1,1032
1,1033
1,2271
1,1035
1,1036
1,2276
1,1038
1,1039
1,2270
1,1041
1,1042
1,2273
1,1044
1,1045
1,2271
1,1047
1,1048
1,2260
1,1050
1,1051
1,2270
1,1053
1,1054
1,2276
1,1056
1,1057
1,2281
1,1059
1,1060
1,2271
1,1062
1,1063
1,2268
1,1065
1,1066
1,2271
1,1068
1,1069
1,2262
1,1071
1,1072
1,2276
1,1074
1,1075
1,2270
1,1077
1,1078
1,2278
1,1080
1,1081
1,2273
1,1083
1,1084
1,2277
1,1086
1,1087
1,2268
1,1089
1,1090
1,2263
1,1092
1,1093
1,2277
1,1095
1,1096
1,2275
1,1098
1,1099
1,2274
1,1101
1,1102
1,2272
1,1104
1,1105
1,2272
1,1107
1,1108
1,2273
1,1110
1,1111
1,2260
1,1113
1,1114
1,2274
1,1116
1,1117
1,2272
1,1119
1,1120
1,2271
1,1122
1,1123
1,2271
1,1125
1,1126
1,2264
1,1128
1,1129
1,2271
1,1131
1,1132
1,2261
1,1134
1,1135
1,2270
1,1137
1,1138
1,2274
1,1140
1,1141
1,2272
1,1143
1,1144
1,2267
1,1146
1,1147
1,2269
1,1149
1,1150
1,2276
1,1152
1,1153
1,2262
1,1155
1,1156
1,2270
1,1158
1,1159
1,2269
1,1161
1,1162
1,2273
1,1164
1,1165
1,2274
1,1167
1,1168
1,2273
1,1170
1,1171
1,2271
1,1173
1,1174
1,2266
1,1176
1,1177
1,2277
1,1179
1,1180
1,2271
1,1182
1,1183
1,2271
1,1185
1,1186
1,2268
1,1188
1,1189
1,2267
1,1191
1,1192
1,2273
1,1194
1,1195
1,2262
1,1197
1,1198
1,2265
1,1200
1,1201
1,2270
1,1203
1,1204
1,2275
1,1206
1,1207
1,2271
1,1209
1,1210
1,2268
1,1212
1,1213
1,2271
1,1215
1,1216
1,2260
1,1218
1,1219
1,2263
1,1221
1,1222
1,2272
1,1224
1,1225
1,2268
1,1227
1,1228
1,2267
1,1230
1,1231
1,2269
1,1233
1,1234
1,2272
1,1236
1,1237
1,2262
1,1239
1,1240
1,2273
1,1242
1,1243
1,2274
1,1245
1,1246
1,2278
1,1248
1,1249
1,2269
1,1251
1,1252
1,2263
1,1254
1,1255
1,2268
1,1257
1,1258
1,2259
1,1260
1,1261
1,2271
1,1263
1,1264
1,2273
1,1266
1,1267
1,2272
1,1269
1,1270
1,2266
1,1272
1,1273
1,2272
1,1275
1,1276
1,2275
1,1278
1,1279
1,2264
1,1281
1,1282
1,2271
1,1284
1,1285
1,2278
1,1287
1,1288
1,2270
1,1290
1,1291
1,2276
1,1293
1,1294
1,2268
1,1296
1,1297
1,2273
1,1299
1,1300
1,2262
1,1302
1,1303
1,2272
1,1305
1,1306
1,2273
1,1308
1,1309
1,2275
1,1311
1,1312
1,2266
1,1314
1,1315
1,2268
1,1317
1,1318
1,2270
1,1320
1,1321
1,2264
1,1323
1,1324
1,2265
1,1326
1,1327
1,2274
1,1329
1,1330
1,2263
1,1332
1,1333
1,2279
1,1335
1,1336
1,2275
1,1338
1,1339
1,2272
1,1341
1,1342
1,2263
1,1344
1,1345
1,2267
1,1347
1,1348
1,2280
1,1350
1,1351
1,2268
1,1353
1,1354
1,2269
1,1356
1,1357
1,2279
1,1359
1,1360
1,2269
1,1362
1,1363
1,2262
1,1365
1,1366
1,2276
1,1368
1,1369
1,2272
1,1371
1,1372
1,2269
1,1374
1,1375
1,2267
1,1377
1,1378
1,2269
1,1380
1,1381
1,2281
1,1383
1,1384
1,2261
1,1386
1,1387
1,2261
1,1389
1,1390
1,2273
1,1392
1,1393
1,2277
1,1395
1,1396
1,2269
1,1398
1,1399
1,2271
1,1401
1,1402
1,2268
1,1404
1,1405
1,2260
1,1407
1,1408
1,2279
1,1410
1,1411
1,2267
1,1413
1,1414
1,2267
1,1416
1,1417
1,2276
1,1419
1,1420
1,2271
1,1422
1,1423
1,2269
1,1425
1,1426
1,2264
1,1428
1,1429
1,2265
1,1431
1,1432
1,2270
1,1434
1,1435
1,2266
1,1437
1,1438
1,2270
1,1440
1,1441
1,2272
1,1443
1,1444
1,2270
1,1446
1,1447
1,2264
1,1449
1,1450
1,2271
1,1452
1,1453
1,2271
1,1455
1,1456
1,2273
1,1458
1,1459
1,2274
1,1461
1,1462
1,2275
1,1464
1,1465
1,2270
1,1467
1,1468
1,1469
1,2272
1,1471
1,1472
1,1473
1,2284
1,1475
1,1476
1,1477
1,2285
1,1479
1,1480
1,1481
1,2286
1,1483
1,1484
1,1485
1,2287
1,1487
1,1488
1,1489
1,2272
1,1491
1,1492
1,1493
1,2284
1,1495
1,1496
1,1497
1,2285
1,1499
1,1500
1,1501
1,2286
1,1503
1,1504
1,1505
1,2287
1,1507
1,1508
1,1509
1,2272
1,1511
1,1512
1,1513
1,2284
1,1515
1,1516
1,1517
1,2285
1,1519
1,1520
1,1521
1,2286
1,1523
1,1524
1,1525
1,2287
1,1527
1,1528
1,1529
1,2272
1,1531
1,1532
1,1533
1,2284
1,1535
1,1536
1,1537
1,2285
1,1539
1,1540
1,1541
1,2286
1,1543
1,1544
1,1545
1,2287
1,1547
1,1548
1,1549
1,2272
1,1551
1,1552
1,1553
1,2284
1,1555
1,1556
1,1557
1,2285
1,1559
1,1560
1,1561
1,2286
1,1563
1,1564
1,1565
1,2287
1,1567
1,1568
1,1569
1,2272
1,1571
1,1572
1,1573
1,2284
1,1575
1,1576
1,1577
1,2285
1,1579
1,1580
1,1581
1,2286
1,1583
1,1584
1,1585
1,2287
1,1587
1,1588
1,1589
1,2272
1,1591
1,1592
1,1593
1,2284
1,1595
1,1596
1,1597
1,2285
1,1599
1,1600
1,1601
1,2286
1,1603
1,1604
1,1605
1,2287
1,1607
1,1608
1,1609
1,2254
1,1611
1,1612
1,1613
1,2256
1,1615
1,1616
1,1617
1,2258
1,1619
1,1620
1,1621
1,2260
1,1623
1,1624
1,1625
1,2262
1,1627
1,1628
1,1629
1,2254
1,1631
1,1632
1,1633
1,2256
1,1635
1,1636
1,1637
1,2258
1,1639
1,1640
1,1641
1,2260
1,1643
1,1644
1,1645
1,2262
1,1647
1,1648
1,1649
1,2272
1,1651
1,1652
1,1653
1,2284
1,1655
1,1656
1,1657
1,2285
1,1659
1,1660
1,1661
1,2286
1,1663
1,1664
1,1665
1,2287
1,1667
1,1668
1,1669
1,2254
1,1671
1,1672
1,1673
1,2256
1,1675
1,1676
1,1677
1,2258
1,1679
1,1680
1,1681
1,2260
1,1683
1,1684
1,1685
1,2262
1,1687
1,1688
1,1689
1,2254
1,1691
1,1692
1,1693
1,2256
1,1695
1,1696
1,1697
1,2258
1,1699
1,1700
1,1701
1,2260
1,1703
1,1704
1,1705
1,2262
1,1707
1,1708
1,1709
1,2272
1,1711
1,1712
1,1713
1,2284
1,1715
1,1716
1,1717
1,2285
1,1719
1,1720
1,1721
1,2286
1,1723
1,1724
1,1725
1,2287
1,1727
1,1728
1,1729
1,2254
1,1731
1,1732
1,1733
1,2256
1,1735
1,1736
1,1737
1,2258
1,1739
1,1740
1,1741
1,2260
1,1743
1,1744
1,1745
1,2262
1,1747
1,1748
1,1749
1,2254
1,1751
1,1752
1,1753
1,2256
1,1755
1,1756
1,1757
1,2258
1,1759
1,1760
1,1761
1,2260
1,1763
1,1764
1,1765
1,2262
1,1767
1,1768
1,1769
1,2272
1,1771
1,1772
1,1773
1,2284
1,1775
1,1776
1,1777
1,2285
1,1779
1,1780
1,1781
1,2286
1,1783
1,1784
1,1785
1,2287
1,1787
1,1788
1,1789
1,2254
1,1791
1,1792
1,1793
1,2256
1,1795
1,1796
1,1797
1,2258
1,1799
1,1800
1,1801
1,2260
1,1803
1,1804
1,1805
1,2262
1,1807
1,1808
1,1809
1,2254
1,1811
1,1812
1,1813
1,2256
1,1815
1,1816
1,1817
1,2258
1,1819
1,1820
1,1821
1,2260
1,1823
1,1824
1,1825
1,2262
1,1827
1,1828
1,1829
1,2272
1,1831
1,1832
1,1833
1,2284
1,1835
1,1836
1,1837
1,2285
1,1839
1,1840
1,1841
1,2286
1,1843
1,1844
1,1845
1,2287
1,1847
1,1848
1,1849
1,2254
1,1851
1,1852
1,1853
1,2256
1,1855
1,1856
1,1857
1,2258
1,1859
1,1860
1,1861
1,2260
1,1863
1,1864
1,1865
1,2262
1,1867
1,1868
1,1869
1,2254
1,1871
1,1872
1,1873
1,2256
1,1875
1,1876
1,1877
1,2258
1,1879
1,1880
1,1881
1,2260
1,1883
1,1884
1,1885
1,2262
1,1887
1,1888
1,1889
1,2272
1,1891
1,1892
1,1893
1,2284
1,1895
1,1896
1,1897
1,2285
1,1899
1,1900
1,1901
1,2286
1,1903
1,1904
1,1905
1,2287
1,1907
1,1908
1,1909
1,2254
1,1911
1,1912
1,1913
1,2256
1,1915
1,1916
1,1917
1,2258
1,1919
1,1920
1,1921
1,2260
1,1923
1,1924
1,1925
1,2262
1,1927
1,1928
1,1929
1,2254
1,1931
1,1932
1,1933
1,2256
1,1935
1,1936
1,1937
1,2258
1,1939
1,1940
1,1941
1,2260
1,1943
1,1944
1,1945
1,2262
2,1947
2,1948
2
2,1950
2,1951
2
2,1953
2,1954
2
2,1956
2,1957
2
2,1959
2,1960
2
2,1962
2,1963
2
2,1965
2,1966
2
2,1968
2,1969
2
3,2016,2186,2014,2039
3,2183,2037,2027,2012
3,2023,2006,2178,2029,2019
3,2035,2017,2010
3,2024,2179,2020,2182,2031,2239,2009,2026,2185
3,2013,2240,2007,2033
3,2025,2038,2030,2032,2011,2008,2015,2238,1972,1973,2036,2021,2164,2034,2166,1971,2005,1975,2165,1970,2028,2018,1974
3,2196,2088,2054,2056
3,2193,2086,2070,2052
3,2042,2059,2072
3,2043,2062,2074
3,2084,2050,2057
3,2188,2076,2046,2066,2044
3,2080,2063,2195,2189,2067,2069,2243,2060,2192,2049
3,2041,2242,2078
3,2082,2047,2053
3,2085,2068,2055,2241,2087,2075,2051,2040,2048,1985,2077,1977,1983,2058,2061,1984,2071,2073,2081,1979,1978,2083,2168,1981,1980,2167,2045,2169,2079,1982,2064
3,2207,2093,2111
3,2095,2101,2204,2109
3,2103,2199,2097,2090
3,2098,2206,2203,2100,2200,2105
3,2094,2107,2091
3,1990,2089,2110,1988,2106,2244,2102,2104,2172,2096,1987,1991,2170,1989,2092,2099,2108,2171
3,2209,2113,2116,2119
3,2246,2123,2210,2117
3,2247,2121,2114
3,1994,1995,2120,1993,2115,2245,2112,2122,2118,2173
3,2136,2138,2163,2220
3,2161,2217,2134,2149
3,2128,2151,2145,2212,2141
3,2125,2249,2153,2142
3,2159,2132,2139
3,2129,2157,2251,2135
3,2250,2148,2155,2219,2213,2216,2131,2146,2126
3,2000,1999,2133,2137,2143,2127,2001,1997,2176,2003,2147,2140,2174,2154,2002,1998,2175,2124,2158,2160,2152,2156,2162,2248,2150,2130
4,2006
4,2007
4
4,2009
4,2010
4
4,2012
4,2013
4,2014
4
4,2016
4,2017
4
4,2019
4,2020
4
4,2022
4,2023
4,2024
4
4,2026
4,2027
4
4,2029
4
4,2031
4
4,2033
4
4,2035
4
4,2037
4
4,2039
4
4,2041
4,2042
4,2043
4,2044
4
4,2046
4,2047
4
4,2049
4,2050
4
4,2052
4,2053
4,2054
4
4,2056
4,2057
4
4,2059
4,2060
4
4,2062
4,2063
4
4,2065
4,2066
4,2067
4
4,2069
4,2070
4
4,2072
4
4,2074
4
4,2076
4
4,2078
4
4,2080
4
4,2082
4
4,2084
4
4,2086
4
4,2088
4
4,2090
4,2091
4
4,2093
4,2094
4,2095
4
4,2097
4,2098
4
4,2100
4,2101
4
4,2103
4
4,2105
4
4,2107
4
4,2109
4
4,2111
4
4,2113
4,2114
4
4,2116
4,2117
4
4,2119
4
4,2121
4
4,2123
4
4,2125
4,2126
4
4,2128
4,2129
4
4,2131
4,2132
4
4,2134
4,2135
4,2136
4
4,2138
4,2139
4
4,2141
4,2142
4
4,2144
4,2145
4,2146
4
4,2148
4,2149
4
4,2151
4
4,2153
4
4,2155
4
4,2157
4
4,2159
4
4,2161
4
4,2163
4
5,2177
5,2180
5,2184
5,2187
5,2190
5,2194
5,2197
5,2201
5,2205
5,2208
5,2211
5,2214
5,2218
6,2178
6,2179
6
6,2181
6,2182
6,2183
6
6,2185
6,2186
6
6,2188
6,2189
6
6,2191
6,2192
6,2193
6
6,2195
6,2196
6
6,2198
6,2199
6,2200
6
6,2202
6,2203
6,2204
6
6,2206
6,2207
6
6,2209
6,2210
6
6,2212
6,2213
6
6,2215
6,2216
6,2217
6
6,2219
6,2220
6
14,2244,121
14,155,224,125,173,188,152,218,176,2245,158,215,140,200,143,167,146,170,191,161,194,2238,203,221,179,137,197,209,128,206,185,149,182,134,212,164,131,122
14,509,689,1022,500,344,281,692,1217,1220,737,1013,1295,824,512,539,1367,416,443,275,962,581,1331,1196,746,989,890,1418,893,527,740,728,599,236,371,608,1208,1277,563,767,1136,1202,899,860,806,650,1121,617,374,410,1187,1052,1313,404,953,1076,530,368,434,755,959,1070,947,749,497,308,1364,554,794,1445,365,1193,788,446,1004,776,2241,347,602,671,392,833,647,881,854,1127,1073,263,665,1289,1172,779,1106,920,992,1001,764,431,1028,341,1391,305,587,1157,1199,338,1457,1268,668,983,260,614,872,1214,1040,1229,1118,1280,1094,413,278,1082,524,455,1151,1307,1253,695,800,935,320,1055,272,1043,326,314,557,998,1424,1223,1178,1400,227,569,287,407,230,659,656,470,1259,1244,575,716,821,1463,1061,482,1394,1361,1325,929,1064,572,233,1010,1442,620,839,419,479,1100,485,674,1211,503,1034,1349,896,1322,827,995,389,353,425,1388,452,1142,770,1103,932,725,1298,1436,773,1037,863,638,1232,809,719,1007,515,836,1133,1316,908,1115,560,1301,464,875,518,1160,362,605,1448,548,971,1169,350,302,980,332,521,1265,1433,383,818,680,266,377,707,902,1109,398,401,1385,938,941,506,299,1427,686,710,1025,923,1412,1031,1226,1451,380,968,1181,1046,644,437,1286,1292,791,257,545,458,1088,335,593,1337,488,1085,566,1415,698,491,851,878,986,1166,722,1175,1241,311,974,752,317,611,1139,1376,1343,251,944,911,1124,845,1079,887,449,1250,296,245,323,1319,1355,734,1190,356,1352,956,1328,641,551,1334,1271,422,596,440,803,584,797,662,1112,269,329,1247,461,284,1421,1403,1145,701,812,917,533,1091,248,653,1238,857,1154,926,1373,1163,1304,1430,1406,1409,1358,1340,758,1460,1346,395,1097,536,359,965,1235,467,704,1130,785,677,848,623,683,866,884,1184,1370,1397,242,293,761,905,494,782,1274,629,1454,635,254,869,1382,1058,473,1148,1067,815,1205,743,386,290,632,1019,914,1310,1256,842,713,476,1439,428,977,1049,578,626,950,590,542,1283,1262,1016,1379,830,731,239
14,1654,1466,1762,1682,1866,1870,1650,1778,1566,1538,1806,1706,1506,1502,1822,1590,1598,1810,1874,1642,1542,1826,1554,1674,1578,1862,1570,1722,1794,2248,1534,1890,1666,1574,1734,1522,1742,1922,1786,1646,1902,1914,1930,1906,1586,1610,1594,1698,1474,1618,1662,1490,1898,1482,1518,1702,1726,1926,1694,1754,1782,1878,1658,1858,1510,1814,1802,1834,1842,1766,1634,1558,1942,1526,1882,1746,1910,1530,1790,1758,1602,1498,1838,1562,1582,1918,1678,1470,1494,1690,1934,1830,1770,1718,1614,1846,1626,1710,1854,1774,1546,1818,1850,1886,1670,1606,1478,1550,1798,1714,1730,1738,1750,1686,1486,1622,1938,1638,1630,1894,1514
12,2198,2140,2177,2096,2144,2061,2187,2065,2115,2211,2022,2058
12,2048,2008,2130
12,2124
12,2112,2045,2089,2005,2127
12,2055,2015,2137
12,1946,1961,1955,1949,1952,2018,1958,1967,1964,2208
12,2040
12,2133,2051,2011,2092
12,2028,2075,2118,2073,2102,2071,2150
12,2162,2036,2083,2158,2034,2106,2108,2160,2156,2087,2110,2120,2085,2032,2081,2038
12,2077
12,2030,2122,2079,2152,2154,2104
12,2068,2191,2025,2194,2099,2202,2205,2181,2147,2218,2215,2184
7,2239
7,2240
7
7,2242
7,2243
7
7,2252
7,2246
7,2247
7
7,2249
7,2250
7,2251
7
15
15
15
15
15
15
15
15
15
15
15
15
15
15
15
15
15
15
15
15
15
15
15
15
15
15
15
15
15
15
15
15
15
15
15
15