0
0
0
0
0
0
0,699
0
0,573,103,91,621,669,115,653,541,79,637,333,477,67,429,445,317,349,365,461,413,589,605,685,43,397,509,55,525,557,493,381
0
0
0
0
0
0
0
0,513,577,433,481,417,465,321,106,46,609,593,353,561,497,82,58,625,673,94,449,337,689,529,657,401,641,70,385,545,369,118
0
0,629,533,109,73,61,613,549,389,49,325,565,517,85,485,581,405,97,373,677,341,597,693,357,501,421,645,661,121,437,453,469
0,409,112,505,377,52,521,569,345,329,489,681,473,697,64,425,441,457,649,361,601,585,124,553,76,633,100,88,393,665,617,537
0
0
0
0
0,135,141,132,126,138,129,144
0,165,153,162,156,159,150,147
0,171,180,174,168,183,186,177
0,198,201,192,189,207,204,195
0,213,222,210,216,228,219,225
0,243,246,234,240,237,231,249
0,267,264,255,258,252,270,261
0,279,276,285,291,282,288,273
0,306,309,297,294,303,312,300
0,190,253,367,387,508,339,395,351,363,608,169,379,323,335,407,274,355,412,295,403,375,516,211,612,652,424,656,315,660,464,468,420,664,564,604,319,616,568,472,42,343,416,512,48,127,347,560,460,520,148,331,51,232,371,383,391,45,556,327,359,399
0,700,193,151,672,298,488,328,324,480,455,451,172,484,676,447,431,256,419,476,277,415,411,54,680,427,130,435,443,235,57,439,423,668,214,60,316,320,63
0,499,72,479,428,475,69,175,536,340,495,336,487,483,280,467,471,75,238,440,217,463,491,332,259,154,196,503,459,528,532,301,344,133,66,436,524,432
0,535,304,199,576,136,500,519,241,262,78,580,348,87,84,504,283,360,496,157,547,531,356,511,539,584,515,220,523,492,572,352,81,551,543,507,527,178
0,376,567,223,628,96,93,307,620,552,575,372,286,632,563,624,591,587,181,160,599,579,244,364,265,559,90,540,368,583,571,595,139,202,544,555,99,548
0,600,635,688,615,108,684,692,384,639,392,142,268,588,163,226,102,643,631,696,388,205,623,310,184,111,247,592,603,105,619,607,596,380,647,627,289,611
0,636,444,408,648,313,640,687,671,187,123,691,679,117,145,456,208,229,448,659,655,166,663,404,120,400,271,396,250,667,644,114,651,675,683,452,695,292
1,983
1,42
1,43
1,984
1,45
1,46
1,985
1,48
1,49
1,986
1,51
1,52
1,987
1,54
1,55
1,985
1,57
1,58
1,986
1,60
1,61
1,988
1,63
1,64
1,990
1,66
1,67
1,985
1,69
1,70
1,986
1,72
1,73
1,988
1,75
1,76
1,990
1,78
1,79
1,985
1,81
1,82
1,986
1,84
1,85
1,988
1,87
1,88
1,990
1,90
1,91
1,985
1,93
1,94
1,986
1,96
1,97
1,988
1,99
1,100
1,990
1,102
1,103
1,985
1,105
1,106
1,986
1,108
1,109
1,988
1,111
1,112
1,990
1,114
1,115
1,985
1,117
1,118
1,986
1,120
1,121
1,988
1,123
1,124
1,990
1,126
1,127
1,991
1,129
1,130
1,995
1,132
1,133
1,995
1,135
1,136
1,1001
1,138
1,139
1,1003
1,141
1,142
1,1002
1,144
1,145
1,999
1,147
1,148
1,988
1,150
1,151
1,996
1,153
1,154
1,1002
1,156
1,157
1,1006
1,159
1,160
1,1000
1,162
1,163
1,994
1,165
1,166
1,1002
1,168
1,169
1,991
1,171
1,172
1,1003
1,174
1,175
1,999
1,177
1,178
1,997
1,180
1,181
1,998
1,183
1,184
1,996
1,186
1,187
1,992
1,189
1,190
1,990
1,192
1,193
1,999
1,195
1,196
1,993
1,198
1,199
1,997
1,201
1,202
1,1005
1,204
1,205
1,999
1,207
1,208
1,1006
1,210
1,211
1,991
1,213
1,214
1,1000
1,216
1,217
1,1000
1,219
1,220
1,999
1,222
1,223
1,1004
1,225
1,226
1,1003
1,228
1,229
1,1001
1,231
1,232
1,989
1,234
1,235
1,1003
1,237
1,238
1,997
1,240
1,241
1,1007
1,243
1,244
1,996
1,246
1,247
1,1000
1,249
1,250
1,999
1,252
1,253
1,993
1,255
1,256
1,999
1,258
1,259
1,1001
1,261
1,262
1,1001
1,264
1,265
1,1002
1,267
1,268
1,1000
1,270
1,271
1,993
1,273
1,274
1,990
1,276
1,277
1,995
1,279
1,280
1,995
1,282
1,283
1,1002
1,285
1,286
1,1001
1,288
1,289
1,996
1,291
1,292
1,1004
1,294
1,295
1,992
1,297
1,298
1,995
1,300
1,301
1,997
1,303
1,304
1,1000
1,306
1,307
1,1005
1,309
1,310
1,1001
1,312
1,313
1,1004
1,315
1,316
1,317
1,1000
1,319
1,320
1,321
1,1008
1,323
1,324
1,325
1,1009
1,327
1,328
1,329
1,1010
1,331
1,332
1,333
1,1000
1,335
1,336
1,337
1,1008
1,339
1,340
1,341
1,1009
1,343
1,344
1,345
1,1010
1,347
1,348
1,349
1,1000
1,351
1,352
1,353
1,1008
1,355
1,356
1,357
1,1009
1,359
1,360
1,361
1,1010
1,363
1,364
1,365
1,1000
1,367
1,368
1,369
1,1008
1,371
1,372
1,373
1,1009
1,375
1,376
1,377
1,1010
1,379
1,380
1,381
1,1000
1,383
1,384
1,385
1,1008
1,387
1,388
1,389
1,1009
1,391
1,392
1,393
1,1010
1,395
1,396
1,397
1,1000
1,399
1,400
1,401
1,1008
1,403
1,404
1,405
1,1009
1,407
1,408
1,409
1,1010
1,411
1,412
1,413
1,1000
1,415
1,416
1,417
1,1008
1,419
1,420
1,421
1,1009
1,423
1,424
1,425
1,1010
1,427
1,428
1,429
1,985
1,431
1,432
1,433
1,986
1,435
1,436
1,437
1,988
1,439
1,440
1,441
1,990
1,443
1,444
1,445
1,985
1,447
1,448
1,449
1,986
1,451
1,452
1,453
1,988
1,455
1,456
1,457
1,990
1,459
1,460
1,461
1,1000
1,463
1,464
1,465
1,1008
1,467
1,468
1,469
1,1009
1,471
1,472
1,473
1,1010
1,475
1,476
1,477
1,985
1,479
1,480
1,481
1,986
1,483
1,484
1,485
1,988
1,487
1,488
1,489
1,990
1,491
1,492
1,493
1,985
1,495
1,496
1,497
1,986
1,499
1,500
1,501
1,988
1,503
1,504
1,505
1,990
1,507
1,508
1,509
1,1000
1,511
1,512
1,513
1,1008
1,515
1,516
1,517
1,1009
1,519
1,520
1,521
1,1010
1,523
1,524
1,525
1,985
1,527
1,528
1,529
1,986
1,531
1,532
1,533
1,988
1,535
1,536
1,537
1,990
1,539
1,540
1,541
1,985
1,543
1,544
1,545
1,986
1,547
1,548
1,549
1,988
1,551
1,552
1,553
1,990
1,555
1,556
1,557
1,1000
1,559
1,560
1,561
1,1008
1,563
1,564
1,565
1,1009
1,567
1,568
1,569
1,1010
1,571
1,572
1,573
1,985
1,575
1,576
1,577
1,986
1,579
1,580
1,581
1,988
1,583
1,584
1,585
1,990
1,587
1,588
1,589
1,985
1,591
1,592
1,593
1,986
1,595
1,596
1,597
1,988
1,599
1,600
1,601
1,990
1,603
1,604
1,605
1,1000
1,607
1,608
1,609
1,1008
1,611
1,612
1,613
1,1009
1,615
1,616
1,617
1,1010
1,619
1,620
1,621
1,985
1,623
1,624
1,625
1,986
1,627
1,628
1,629
1,988
1,631
1,632
1,633
1,990
1,635
1,636
1,637
1,985
1,639
1,640
1,641
1,986
1,643
1,644
1,645
1,988
1,647
1,648
1,649
1,990
1,651
1,652
1,653
1,1000
1,655
1,656
1,657
1,1008
1,659
1,660
1,661
1,1009
1,663
1,664
1,665
1,1010
1,667
1,668
1,669
1,985
1,671
1,672
1,673
1,986
1,675
1,676
1,677
1,988
1,679
1,680
1,681
1,990
1,683
1,684
1,685
1,985
1,687
1,688
1,689
1,986
1,691
1,692
1,693
1,988
1,695
1,696
1,697
1,990
2,699
2,700
2
3,747,917,745,770
3,914,768,743,758
3,754,737,909,750,760
3,766,741,748
3,755,910,751,913,916,762,970,740,757
3,744,971,738,764
3,756,761,895,704,769,763,742,969,759,767,746,752,765,896,702,706,701,897,703,749,736,739,705
3,927,819,785,787
3,817,801,783,924
3,773,790,803
3,774,805,793
3,815,781,788
3,919,797,775,807,777
3,923,811,926,794,974,920,798,780,800,791
3,973,772,809
3,778,813,784
3,816,804,818,806,710,782,972,713,786,708,714,789,792,814,715,802,776,711,808,709,899,779,898,900,812,810,716,712,799,771,795
3,938,824,842
3,840,832,826,935
3,821,834,828,930
3,831,934,931,937,836,829
3,838,825,822
3,719,721,830,720,820,841,835,718,833,903,827,823,839,837,722,901,975,902
3,940,847,844,850
3,977,854,941,848
3,978,852,845
3,725,851,726,843,853,846,976,724,849,904
3,867,894,869,951
3,892,948,865,880
3,859,876,943,882,872
3,856,884,980,873
3,890,863,870
3,888,982,866,860
3,886,947,981,950,879,862,944,857,877
3,728,868,730,878,858,731,732,907,729,889,881,864,871,905,885,733,874,734,906,855,891,887,883,979,861,893
4,737
4,738
4
4,740
4,741
4
4,743
4,744
4,745
4
4,747
4,748
4
4,750
4,751
4
4,753
4,754
4,755
4
4,757
4,758
4
4,760
4
4,762
4
4,764
4
4,766
4
4,768
4
4,770
4
4,772
4,773
4,774
4,775
4
4,777
4,778
4
4,780
4,781
4
4,783
4,784
4,785
4
4,787
4,788
4
4,790
4,791
4
4,793
4,794
4
4,796
4,797
4,798
4
4,800
4,801
4
4,803
4
4,805
4
4,807
4
4,809
4
4,811
4
4,813
4
4,815
4
4,817
4
4,819
4
4,821
4,822
4
4,824
4,825
4,826
4
4,828
4,829
4
4,831
4,832
4
4,834
4
4,836
4
4,838
4
4,840
4
4,842
4
4,844
4,845
4
4,847
4,848
4
4,850
4
4,852
4
4,854
4
4,856
4,857
4
4,859
4,860
4
4,862
4,863
4
4,865
4,866
4,867
4
4,869
4,870
4
4,872
4,873
4
4,875
4,876
4,877
4
4,879
4,880
4
4,882
4
4,884
4
4,886
4
4,888
4
4,890
4
4,892
4
4,894
4
5,908
5,911
5,915
5,918
5,921
5,925
5,928
5,932
5,936
5,939
5,942
5,945
5,949
6,909
6,910
6
6,912
6,913
6,914
6
6,916
6,917
6
6,919
6,920
6
6,922
6,923
6,924
6
6,926
6,927
6
6,929
6,930
6,931
6
6,933
6,934
6,935
6
6,937
6,938
6
6,940
6,941
6
6,943
6,944
6
6,946
6,947
6,948
6
6,950
6,951
6
14,975,40
14,74,44,92,53,71,95,77,59,107,119,62,86,65,89,110,80,113,969,122,98,56,976,116,47,104,68,101,83,50,41
14,263,200,972,155,290,242,152,293,287,170,227,284,302,266,311,194,131,182,260,257,179,134,239,191,245,233,146,206,149,308,272,197,128,269,221,251,224,185,296,218,299,176,254,230,236,137,215,164,275,188,248,203,167,278,161,173,305,209,140,143,281,125,212,158
14,318,678,430,562,314,322,390,454,546,590,598,414,502,482,506,494,434,358,426,526,350,582,486,338,378,374,370,406,979,586,578,346,422,570,554,542,658,666,354,326,450,442,670,410,626,638,646,342,382,650,462,470,690,446,618,550,538,694,674,662,514,474,510,534,622,394,594,602,498,686,458,518,478,362,438,490,402,566,366,610,614,530,682,558,466,522,630,398,418,574,606,386,654,330,642,334,634
12,789,929,871,796,908,875,827,792,846,918,942,753
12,779,861,739
12,855
12,843,858,776,820,736
12,746,786,868
12,749,698,939
12,771
12,782,823,864,742
12,759,881,849,833,802,804,806
12,763,769,889,765,814,839,891,816,887,841,837,818,851,893,812,767
12,808
12,853,885,883,810,761,835
12,922,933,756,946,878,830,912,949,915,799,936,925
7,970
7,971
7
7,973
7,974
7
7,983
7,977
7,978
7
7,980
7,981
7,982
7
15
15
15
15
15
15
15
15
15
15
15
15
15
15
15
15
15
15
15
15
15
15
15
15
15
15
15
15