0
0
0
0
0
0
0,765
0
0,719,106,543,94,687,118,447,415,735,655,479,431,82,399,70,591,623,383,671,527,751,495,575,607,639,463,511,46,559,703,58
0
0
0
0
0
0
0
0,675,515,531,467,627,419,755,109,49,435,643,121,547,707,85,61,97,691,611,499,595,403,451,659,483,579,739,387,563,73,723
0
0,711,439,112,76,64,455,647,631,519,52,551,679,695,743,615,88,407,599,100,391,759,487,471,663,535,503,727,567,423,124,583
0,115,747,55,491,523,539,67,651,411,635,427,619,571,459,127,715,763,443,79,731,603,395,667,103,683,91,699,507,587,475,555
0
0
0
0
0,147,144,135,129,141,132,138
0,165,159,168,150,153,156,162
0,177,183,186,174,171,189,180
0,210,204,201,192,195,198,207
0,216,219,222,228,225,231,213
0,243,240,252,246,234,237,249
0,267,264,273,270,255,261,258
0,285,291,276,294,282,288,279
0,303,297,315,300,306,309,312
0,336,324,330,327,333,318,321
0,348,354,351,345,342,357,339
0,375,369,372,366,360,363,378
0,453,473,319,193,682,718,256,409,445,574,670,461,490,626,437,397,429,582,534,172,433,389,530,277,678,441,722,298,578,385,393,214,634,674,465,526,425,417,630,340,726,586,401,421,45,51,130,622,478,405,151,730,54,486,361,235,457,482,48,538,469,413,449,381
0,513,489,505,546,196,154,301,738,742,364,481,485,382,175,509,746,390,542,386,259,550,497,477,280,554,501,57,493,133,734,238,60,517,217,63,394,322,66,343,521
0,498,565,402,598,398,75,325,502,410,72,602,178,304,525,367,557,569,529,283,549,541,406,78,561,241,545,220,262,157,533,199,553,494,594,590,136,537,69,506,346
0,307,202,646,593,558,609,139,418,244,562,90,81,585,87,286,642,589,597,573,160,414,422,638,370,566,223,613,581,328,349,577,84,617,605,265,601,650,570,181,426
0,686,226,621,629,331,610,641,99,649,653,96,310,352,289,614,618,633,434,657,698,625,606,268,438,690,184,163,665,247,442,645,430,373,93,766,694,637,142,661,205,102
0,111,458,666,658,713,376,450,145,271,166,701,229,105,705,446,750,208,693,681,762,313,709,758,187,114,250,654,754,669,355,673,108,454,334,685,677,697,662,292,689
0,702,729,717,316,190,710,522,741,749,737,126,337,358,518,120,148,753,211,714,232,721,757,169,462,725,123,274,514,745,379,253,474,117,706,510,470,761,733,466,295
1,1049
1,45
1,46
1,1050
1,48
1,49
1,1051
1,51
1,52
1,1052
1,54
1,55
1,1053
1,57
1,58
1,1051
1,60
1,61
1,1052
1,63
1,64
1,1054
1,66
1,67
1,1056
1,69
1,70
1,1051
1,72
1,73
1,1052
1,75
1,76
1,1054
1,78
1,79
1,1056
1,81
1,82
1,1051
1,84
1,85
1,1052
1,87
1,88
1,1054
1,90
1,91
1,1056
1,93
1,94
1,1051
1,96
1,97
1,1052
1,99
1,100
1,1054
1,102
1,103
1,1056
1,105
1,106
1,1051
1,108
1,109
1,1052
1,111
1,112
1,1054
1,114
1,115
1,1056
1,117
1,118
1,1051
1,120
1,121
1,1052
1,123
1,124
1,1054
1,126
1,127
1,1056
1,129
1,130
1,1055
1,132
1,133
1,1072
1,135
1,136
1,1066
1,138
1,139
1,1060
1,141
1,142
1,1065
1,144
1,145
1,1072
1,147
1,148
1,1060
1,150
1,151
1,1055
1,153
1,154
1,1059
1,156
1,157
1,1065
1,159
1,160
1,1071
1,162
1,163
1,1063
1,165
1,166
1,1068
1,168
1,169
1,1063
1,171
1,172
1,1055
1,174
1,175
1,1073
1,177
1,178
1,1068
1,180
1,181
1,1067
1,183
1,184
1,1067
1,186
1,187
1,1059
1,189
1,190
1,1062
1,192
1,193
1,1055
1,195
1,196
1,1070
1,198
1,199
1,1057
1,201
1,202
1,1067
1,204
1,205
1,1061
1,207
1,208
1,1065
1,210
1,211
1,1062
1,213
1,214
1,1055
1,216
1,217
1,1070
1,219
1,220
1,1059
1,222
1,223
1,1071
1,225
1,226
1,1064
1,228
1,229
1,1065
1,231
1,232
1,1066
1,234
1,235
1,1057
1,237
1,238
1,1064
1,240
1,241
1,1065
1,243
1,244
1,1073
1,246
1,247
1,1065
1,249
1,250
1,1059
1,252
1,253
1,1066
1,255
1,256
1,1059
1,258
1,259
1,1058
1,261
1,262
1,1068
1,264
1,265
1,1069
1,267
1,268
1,1063
1,270
1,271
1,1065
1,273
1,274
1,1063
1,276
1,277
1,1054
1,279
1,280
1,1062
1,282
1,283
1,1072
1,285
1,286
1,1067
1,288
1,289
1,1065
1,291
1,292
1,1066
1,294
1,295
1,1064
1,297
1,298
1,1059
1,300
1,301
1,1065
1,303
1,304
1,1066
1,306
1,307
1,1063
1,309
1,310
1,1068
1,312
1,313
1,1070
1,315
1,316
1,1061
1,318
1,319
1,1054
1,321
1,322
1,1062
1,324
1,325
1,1066
1,327
1,328
1,1060
1,330
1,331
1,1069
1,333
1,334
1,1065
1,336
1,337
1,1066
1,339
1,340
1,1054
1,342
1,343
1,1066
1,345
1,346
1,1070
1,348
1,349
1,1071
1,351
1,352
1,1068
1,354
1,355
1,1062
1,357
1,358
1,1062
1,360
1,361
1,1056
1,363
1,364
1,1068
1,366
1,367
1,1069
1,369
1,370
1,1063
1,372
1,373
1,1070
1,375
1,376
1,1062
1,378
1,379
1,1064
1,381
1,382
1,383
1,1066
1,385
1,386
1,387
1,1074
1,389
1,390
1,391
1,1075
1,393
1,394
1,395
1,1076
1,397
1,398
1,399
1,1066
1,401
1,402
1,403
1,1074
1,405
1,406
1,407
1,1075
1,409
1,410
1,411
1,1076
1,413
1,414
1,415
1,1066
1,417
1,418
1,419
1,1074
1,421
1,422
1,423
1,1075
1,425
1,426
1,427
1,1076
1,429
1,430
1,431
1,1066
1,433
1,434
1,435
1,1074
1,437
1,438
1,439
1,1075
1,441
1,442
1,443
1,1076
1,445
1,446
1,447
1,1066
1,449
1,450
1,451
1,1074
1,453
1,454
1,455
1,1075
1,457
1,458
1,459
1,1076
1,461
1,462
1,463
1,1066
1,465
1,466
1,467
1,1074
1,469
1,470
1,471
1,1075
1,473
1,474
1,475
1,1076
1,477
1,478
1,479
1,1066
1,481
1,482
1,483
1,1074
1,485
1,486
1,487
1,1075
1,489
1,490
1,491
1,1076
1,493
1,494
1,495
1,1051
1,497
1,498
1,499
1,1052
1,501
1,502
1,503
1,1054
1,505
1,506
1,507
1,1056
1,509
1,510
1,511
1,1051
1,513
1,514
1,515
1,1052
1,517
1,518
1,519
1,1054
1,521
1,522
1,523
1,1056
1,525
1,526
1,527
1,1066
1,529
1,530
1,531
1,1074
1,533
1,534
1,535
1,1075
1,537
1,538
1,539
1,1076
1,541
1,542
1,543
1,1051
1,545
1,546
1,547
1,1052
1,549
1,550
1,551
1,1054
1,553
1,554
1,555
1,1056
1,557
1,558
1,559
1,1051
1,561
1,562
1,563
1,1052
1,565
1,566
1,567
1,1054
1,569
1,570
1,571
1,1056
1,573
1,574
1,575
1,1066
1,577
1,578
1,579
1,1074
1,581
1,582
1,583
1,1075
1,585
1,586
1,587
1,1076
1,589
1,590
1,591
1,1051
1,593
1,594
1,595
1,1052
1,597
1,598
1,599
1,1054
1,601
1,602
1,603
1,1056
1,605
1,606
1,607
1,1051
1,609
1,610
1,611
1,1052
1,613
1,614
1,615
1,1054
1,617
1,618
1,619
1,1056
1,621
1,622
1,623
1,1066
1,625
1,626
1,627
1,1074
1,629
1,630
1,631
1,1075
1,633
1,634
1,635
1,1076
1,637
1,638
1,639
1,1051
1,641
1,642
1,643
1,1052
1,645
1,646
1,647
1,1054
1,649
1,650
1,651
1,1056
1,653
1,654
1,655
1,1051
1,657
1,658
1,659
1,1052
1,661
1,662
1,663
1,1054
1,665
1,666
1,667
1,1056
1,669
1,670
1,671
1,1066
1,673
1,674
1,675
1,1074
1,677
1,678
1,679
1,1075
1,681
1,682
1,683
1,1076
1,685
1,686
1,687
1,1051
1,689
1,690
1,691
1,1052
1,693
1,694
1,695
1,1054
1,697
1,698
1,699
1,1056
1,701
1,702
1,703
1,1051
1,705
1,706
1,707
1,1052
1,709
1,710
1,711
1,1054
1,713
1,714
1,715
1,1056
1,717
1,718
1,719
1,1066
1,721
1,722
1,723
1,1074
1,725
1,726
1,727
1,1075
1,729
1,730
1,731
1,1076
1,733
1,734
1,735
1,1051
1,737
1,738
1,739
1,1052
1,741
1,742
1,743
1,1054
1,745
1,746
1,747
1,1056
1,749
1,750
1,751
1,1051
1,753
1,754
1,755
1,1052
1,757
1,758
1,759
1,1054
1,761
1,762
1,763
1,1056
2,765
2,766
2
3,813,983,811,836
3,980,834,809,824
3,820,803,975,826,816
3,832,807,814
3,821,976,817,979,1036,806,823,982,828
3,810,1037,804,830
3,827,822,770,808,829,1035,825,835,833,961,812,772,818,831,962,768,767,805,963,769,815,802,771
3,993,885,851,853
3,883,867,849,990
3,839,856,869
3,840,859,871
3,881,847,854
3,985,863,841,873,843
3,989,877,992,860,1040,986,864,846,866,857
3,1039,838,875
3,850,844,879
3,882,870,884,872,776,1038,837,782,852,774,780,855,880,781,868,842,777,874,775,965,848,964,845,858,865,966,878,876,779,778,861
3,1004,890,908
3,898,906,892,1001
3,887,900,996,894
3,1000,997,1003,902,897,895
3,891,888,904
3,787,896,786,886,907,901,785,899,969,893,889,784,903,788,967,1041,905,968
3,1006,913,910,916
3,1043,1007,920,914
3,1044,918,911
3,791,917,792,909,919,912,1042,790,915,970
3,933,960,935,1017
3,958,1014,931,946
3,925,942,1009,948,938
3,939,922,1046,950
3,956,929,936
3,954,1048,932,926
3,1047,1016,945,928,952,1013,1010,923,943
3,797,934,949,796,944,924,798,794,973,795,955,947,957,930,971,937,951,940,800,972,921,953,799,1045,927,959
4,803
4,804
4
4,806
4,807
4
4,809
4,810
4,811
4
4,813
4,814
4
4,816
4,817
4
4,819
4,820
4,821
4
4,823
4,824
4
4,826
4
4,828
4
4,830
4
4,832
4
4,834
4
4,836
4
4,838
4,839
4,840
4,841
4
4,843
4,844
4
4,846
4,847
4
4,849
4,850
4,851
4
4,853
4,854
4
4,856
4,857
4
4,859
4,860
4
4,862
4,863
4,864
4
4,866
4,867
4
4,869
4
4,871
4
4,873
4
4,875
4
4,877
4
4,879
4
4,881
4
4,883
4
4,885
4
4,887
4,888
4
4,890
4,891
4,892
4
4,894
4,895
4
4,897
4,898
4
4,900
4
4,902
4
4,904
4
4,906
4
4,908
4
4,910
4,911
4
4,913
4,914
4
4,916
4
4,918
4
4,920
4
4,922
4,923
4
4,925
4,926
4
4,928
4,929
4
4,931
4,932
4,933
4
4,935
4,936
4
4,938
4,939
4
4,941
4,942
4,943
4
4,945
4,946
4
4,948
4
4,950
4
4,952
4
4,954
4
4,956
4
4,958
4
4,960
4
5,974
5,977
5,981
5,984
5,987
5,991
5,994
5,998
5,1002
5,1005
5,1008
5,1011
5,1015
6,975
6,976
6
6,978
6,979
6,980
6
6,982
6,983
6
6,985
6,986
6
6,988
6,989
6,990
6
6,992
6,993
6
6,995
6,996
6,997
6
6,999
6,1000
6,1001
6
6,1003
6,1004
6
6,1006
6,1007
6
6,1009
6,1010
6
6,1012
6,1013
6,1014
6
6,1016
6,1017
6
14,43,1041
14,77,47,95,110,74,98,80,62,101,122,65,89,107,68,92,113,83,116,125,59,1042,1035,119,50,71,104,56,86,53,44
14,266,203,338,365,197,167,158,293,155,296,332,326,290,356,173,230,287,368,269,134,185,353,263,260,227,182,335,200,137,242,194,248,236,149,209,329,152,1038,341,311,275,347,374,284,377,131,272,224,254,305,188,299,320,323,221,302,359,179,257,233,239,140,371,218,245,278,344,362,191,251,206,170,317,281,164,314,176,308,212,143,146,350,128,215,161
14,704,660,412,436,528,572,580,396,724,484,464,752,488,476,712,416,408,508,564,388,1045,568,560,404,688,552,536,468,524,640,648,748,424,652,392,608,620,628,516,744,632,444,736,452,740,672,456,428,600,532,728,520,676,732,656,644,496,492,684,756,604,548,576,584,760,480,544,668,708,440,500,432,460,420,716,472,696,384,592,596,512,664,540,448,504,612,380,692,400,720,556,588,636,680,624,616,700
12,855,995,937,862,974,941,893,858,912,984,1008,819
12,845,927,805
12,921
12,909,842,886,802,924
12,812,852,934
12,815,764,1005
12,837
12,848,889,808,930
12,825,947,915,899,870,868,872
12,829,835,955,831,833,880,905,957,882,953,907,903,917,959,878,884
12,874
12,919,951,901,949,876,827
12,999,988,822,896,978,944,1015,1012,981,865,1002,991
7,1036
7,1037
7
7,1039
7,1040
7
7,1049
7,1043
7,1044
7
7,1046
7,1047
7,1048
7
15
15
15
15
15
15
15
15
15
15
15
15
15
15
15
15
15
15
15
15
15
15
15
15
15
15
15
15