0
0
0
0
0
0
0
0
0
0
0
0
0
0
0
0
0
0
0
0
0
0
0
0,1130
0
0
0
0
0
0
0
0,1136
0,1139
0,1142
0,1145
0,1148
0,1151
0,1154
0,1157
0,1160
0,1163
0,1133
0
0,1012,1052,1112,161,1032,1092,992,176,146,131,972,1072
0
0
0
0
0
0
0
0,996,134,179,164,1096,1056,149,976,1116,1016,1076,1036
0,1040,137,167,1080,1020,1060,1000,980,182,152,1120,1100
0,1104,1044,155,170,1084,140,1064,1004,185,1124,984,1024
0,1128,1088,1028,1008,158,173,1048,1108,143,188,1068,988
0
0
0
0
0,190,199,193,196
0,202,205,208,211
0,217,223,214,220
0,226,232,229,235
0,247,238,244,241
0,253,250,259,256
0,262,268,271,265
0,283,274,280,277
0,292,289,286,295
0,307,301,304,298
0,313,316,310,319
0,328,331,325,322
0,340,337,343,334
0,346,349,355,352
0,361,364,358,367
0,379,373,376,370
0,388,391,385,382
0,403,397,400,394
0,412,415,409,406
0,424,421,418,427
0,436,430,433,439
0,451,442,445,448
0,454,457,460,463
0,472,466,469,475
0,487,484,478,481
0,496,499,493,490
0,508,505,511,502
0,520,517,523,514
0,535,526,529,532
0,544,538,547,541
0,553,550,556,559
0,565,568,571,562
0,583,580,574,577
0,595,586,589,592
0,598,607,604,601
0,610,613,616,619
0,625,628,622,631
0,643,640,637,634
0,655,652,649,646
0,667,658,664,661
0,676,673,670,679
0,685,682,691,688
0,700,694,697,703
0,706,709,715,712
0,724,718,727,721
0,736,733,739,730
0,745,751,742,748
0,760,754,763,757
0,772,769,775,766
0,784,787,778,781
0,799,790,796,793
0,808,805,802,811
0,823,820,814,817
0,826,832,835,829
0,847,841,844,838
0,856,853,850,859
0,871,862,865,868
0,874,877,880,883
0,892,886,889,895
0,901,898,904,907
0,910,913,919,916
0,925,922,928,931
0,934,940,937,943
0,952,946,949,955
0,967,961,964,958
0,815,990,719,743,707,599,611,142,1137,1087,683,1146,923,1002,1039,994,1014,275,970,998,755,335,863,563,287,251,986,875,1010,407,839,1115,1111,947,1043,419,395,851,899,1161,383,1083,1075,455,974,935,299,1123,491,779,227,1164,467,1127,671,575,635,731,659,1035,1022,978,443,1155,515,959,527,431,982,347,803,359,371,323,130,479,551,136,263,215,587,1018,1119,191,647,539,1079,1026,239,767,503,1047,887,1006,203,139,791,623,827,1071,133,311,911,1031,1140,695
0,1034,854,626,338,242,314,794,290,590,1134,578,878,386,266,154,518,734,410,434,422,1099,758,494,983,542,1091,482,530,830,206,674,350,975,1143,602,446,374,746,842,650,458,470,710,971,506,157,926,698,1149,230,1050,866,782,194,950,890,398,1066,1058,662,902,638,1158,938,914,566,218,554,722,1062,1107,1038,326,1046,686,1030,1042,145,962,987,278,806,1095,979,302,362,148,614,1054,770,1103,818,151,254
0,1074,329,991,965,1059,1003,785,845,999,1106,629,317,160,797,557,197,209,1131,1051,172,389,773,1086,269,617,1063,653,377,166,869,521,533,905,833,353,917,713,569,437,497,545,1070,449,665,1152,689,233,809,929,605,461,953,485,163,995,413,881,725,893,305,401,257,1007,1102,341,1098,1078,1055,581,701,281,641,593,509,1067,1082,677,761,293,245,1094,857,365,473,169,1090,737,425,221,941,749,821
0,620,884,332,368,728,212,284,776,416,764,224,181,248,1114,752,440,272,836,920,968,824,1015,392,572,428,1011,788,175,452,1027,476,500,524,344,1126,848,464,356,800,1019,187,872,908,944,896,320,932,488,380,1110,178,308,704,560,812,236,680,536,512,184,1118,1023,596,656,740,296,668,200,860,260,956,632,584,1122,716,692,608,404,644,548
1,1447
1,130
1,131
1,1452
1,133
1,134
1,1457
1,136
1,137
1,1462
1,139
1,140
1,1467
1,142
1,143
1,1472
1,145
1,146
1,1448
1,148
1,149
1,1449
1,151
1,152
1,1450
1,154
1,155
1,1451
1,157
1,158
1,1452
1,160
1,161
1,1448
1,163
1,164
1,1449
1,166
1,167
1,1450
1,169
1,170
1,1451
1,172
1,173
1,1452
1,175
1,176
1,1448
1,178
1,179
1,1449
1,181
1,182
1,1450
1,184
1,185
1,1451
1,187
1,188
1,1452
1,190
1,191
1,1470
1,193
1,194
1,1458
1,196
1,197
1,1455
1,199
1,200
1,1455
1,202
1,203
1,1473
1,205
1,206
1,1458
1,208
1,209
1,1456
1,211
1,212
1,1455
1,214
1,215
1,1467
1,217
1,218
1,1458
1,220
1,221
1,1454
1,223
1,224
1,1457
1,226
1,227
1,1464
1,229
1,230
1,1457
1,232
1,233
1,1458
1,235
1,236
1,1457
1,238
1,239
1,1469
1,241
1,242
1,1455
1,244
1,245
1,1454
1,247
1,248
1,1451
1,250
1,251
1,1469
1,253
1,254
1,1455
1,256
1,257
1,1460
1,259
1,260
1,1455
1,262
1,263
1,1464
1,265
1,266
1,1458
1,268
1,269
1,1454
1,271
1,272
1,1452
1,274
1,275
1,1473
1,277
1,278
1,1456
1,280
1,281
1,1458
1,283
1,284
1,1458
1,286
1,287
1,1466
1,289
1,290
1,1455
1,292
1,293
1,1452
1,295
1,296
1,1455
1,298
1,299
1,1468
1,301
1,302
1,1452
1,304
1,305
1,1457
1,307
1,308
1,1457
1,310
1,311
1,1462
1,313
1,314
1,1456
1,316
1,317
1,1458
1,319
1,320
1,1458
1,322
1,323
1,1471
1,325
1,326
1,1457
1,328
1,329
1,1457
1,331
1,332
1,1456
1,334
1,335
1,1466
1,337
1,338
1,1457
1,340
1,341
1,1456
1,343
1,344
1,1454
1,346
1,347
1,1474
1,349
1,350
1,1453
1,352
1,353
1,1456
1,355
1,356
1,1455
1,358
1,359
1,1463
1,361
1,362
1,1456
1,364
1,365
1,1460
1,367
1,368
1,1453
1,370
1,371
1,1461
1,373
1,374
1,1456
1,376
1,377
1,1453
1,379
1,380
1,1457
1,382
1,383
1,1470
1,385
1,386
1,1457
1,388
1,389
1,1454
1,391
1,392
1,1458
1,394
1,395
1,1468
1,397
1,398
1,1456
1,400
1,401
1,1455
1,403
1,404
1,1457
1,406
1,407
1,1469
1,409
1,410
1,1457
1,412
1,413
1,1456
1,415
1,416
1,1457
1,418
1,419
1,1470
1,421
1,422
1,1454
1,424
1,425
1,1460
1,427
1,428
1,1456
1,430
1,431
1,1465
1,433
1,434
1,1459
1,436
1,437
1,1457
1,439
1,440
1,1459
1,442
1,443
1,1465
1,445
1,446
1,1456
1,448
1,449
1,1454
1,451
1,452
1,1458
1,454
1,455
1,1472
1,457
1,458
1,1458
1,460
1,461
1,1453
1,463
1,464
1,1456
1,466
1,467
1,1462
1,469
1,470
1,1456
1,472
1,473
1,1458
1,475
1,476
1,1457
1,478
1,479
1,1465
1,481
1,482
1,1456
1,484
1,485
1,1454
1,487
1,488
1,1459
1,490
1,491
1,1468
1,493
1,494
1,1457
1,496
1,497
1,1456
1,499
1,500
1,1459
1,502
1,503
1,1471
1,505
1,506
1,1455
1,508
1,509
1,1456
1,511
1,512
1,1454
1,514
1,515
1,1463
1,517
1,518
1,1457
1,520
1,521
1,1457
1,523
1,524
1,1455
1,526
1,527
1,1471
1,529
1,530
1,1454
1,532
1,533
1,1455
1,535
1,536
1,1456
1,538
1,539
1,1474
1,541
1,542
1,1456
1,544
1,545
1,1457
1,547
1,548
1,1456
1,550
1,551
1,1467
1,553
1,554
1,1457
1,556
1,557
1,1455
1,559
1,560
1,1456
1,562
1,563
1,1468
1,565
1,566
1,1457
1,568
1,569
1,1454
1,571
1,572
1,1459
1,574
1,575
1,1468
1,577
1,578
1,1455
1,580
1,581
1,1456
1,583
1,584
1,1456
1,586
1,587
1,1467
1,589
1,590
1,1455
1,592
1,593
1,1455
1,595
1,596
1,1460
1,598
1,599
1,1472
1,601
1,602
1,1453
1,604
1,605
1,1460
1,607
1,608
1,1460
1,610
1,611
1,1466
1,613
1,614
1,1459
1,616
1,617
1,1452
1,619
1,620
1,1455
1,622
1,623
1,1466
1,625
1,626
1,1461
1,628
1,629
1,1460
1,631
1,632
1,1455
1,634
1,635
1,1465
1,637
1,638
1,1455
1,640
1,641
1,1457
1,643
1,644
1,1452
1,646
1,647
1,1467
1,649
1,650
1,1457
1,652
1,653
1,1456
1,655
1,656
1,1459
1,658
1,659
1,1462
1,661
1,662
1,1456
1,664
1,665
1,1454
1,667
1,668
1,1453
1,670
1,671
1,1461
1,673
1,674
1,1459
1,676
1,677
1,1460
1,679
1,680
1,1456
1,682
1,683
1,1475
1,685
1,686
1,1458
1,688
1,689
1,1453
1,691
1,692
1,1459
1,694
1,695
1,1464
1,697
1,698
1,1456
1,700
1,701
1,1458
1,703
1,704
1,1455
1,706
1,707
1,1469
1,709
1,710
1,1455
1,712
1,713
1,1456
1,715
1,716
1,1452
1,718
1,719
1,1466
1,721
1,722
1,1459
1,724
1,725
1,1453
1,727
1,728
1,1455
1,730
1,731
1,1467
1,733
1,734
1,1459
1,736
1,737
1,1458
1,739
1,740
1,1456
1,742
1,743
1,1467
1,745
1,746
1,1457
1,748
1,749
1,1457
1,751
1,752
1,1458
1,754
1,755
1,1467
1,757
1,758
1,1459
1,760
1,761
1,1457
1,763
1,764
1,1455
1,766
1,767
1,1464
1,769
1,770
1,1454
1,772
1,773
1,1458
1,775
1,776
1,1458
1,778
1,779
1,1469
1,781
1,782
1,1455
1,784
1,785
1,1457
1,787
1,788
1,1454
1,790
1,791
1,1470
1,793
1,794
1,1456
1,796
1,797
1,1456
1,799
1,800
1,1456
1,802
1,803
1,1462
1,805
1,806
1,1456
1,808
1,809
1,1455
1,811
1,812
1,1456
1,814
1,815
1,1462
1,817
1,818
1,1460
1,820
1,821
1,1456
1,823
1,824
1,1456
1,826
1,827
1,1467
1,829
1,830
1,1456
1,832
1,833
1,1453
1,835
1,836
1,1456
1,838
1,839
1,1469
1,841
1,842
1,1451
1,844
1,845
1,1452
1,847
1,848
1,1453
1,850
1,851
1,1468
1,853
1,854
1,1458
1,856
1,857
1,1451
1,859
1,860
1,1458
1,862
1,863
1,1468
1,865
1,866
1,1457
1,868
1,869
1,1460
1,871
1,872
1,1458
1,874
1,875
1,1464
1,877
1,878
1,1456
1,880
1,881
1,1454
1,883
1,884
1,1455
1,886
1,887
1,1468
1,889
1,890
1,1457
1,892
1,893
1,1458
1,895
1,896
1,1459
1,898
1,899
1,1468
1,901
1,902
1,1456
1,904
1,905
1,1457
1,907
1,908
1,1455
1,910
1,911
1,1463
1,913
1,914
1,1453
1,916
1,917
1,1458
1,919
1,920
1,1457
1,922
1,923
1,1468
1,925
1,926
1,1454
1,928
1,929
1,1458
1,931
1,932
1,1456
1,934
1,935
1,1468
1,937
1,938
1,1457
1,940
1,941
1,1456
1,943
1,944
1,1459
1,946
1,947
1,1463
1,949
1,950
1,1457
1,952
1,953
1,1455
1,955
1,956
1,1460
1,958
1,959
1,1467
1,961
1,962
1,1457
1,964
1,965
1,1458
1,967
1,968
1,1456
1,970
1,971
1,972
1,1451
1,974
1,975
1,976
1,1455
1,978
1,979
1,980
1,1459
1,982
1,983
1,984
1,1463
1,986
1,987
1,988
1,1467
1,990
1,991
1,992
1,1453
1,994
1,995
1,996
1,1459
1,998
1,999
1,1000
1,1465
1,1002
1,1003
1,1004
1,1471
1,1006
1,1007
1,1008
1,1476
1,1010
1,1011
1,1012
1,1453
1,1014
1,1015
1,1016
1,1459
1,1018
1,1019
1,1020
1,1465
1,1022
1,1023
1,1024
1,1471
1,1026
1,1027
1,1028
1,1476
1,1030
1,1031
1,1032
1,1451
1,1034
1,1035
1,1036
1,1455
1,1038
1,1039
1,1040
1,1459
1,1042
1,1043
1,1044
1,1463
1,1046
1,1047
1,1048
1,1467
1,1050
1,1051
1,1052
1,1449
1,1054
1,1055
1,1056
1,1451
1,1058
1,1059
1,1060
1,1453
1,1062
1,1063
1,1064
1,1455
1,1066
1,1067
1,1068
1,1457
1,1070
1,1071
1,1072
1,1453
1,1074
1,1075
1,1076
1,1459
1,1078
1,1079
1,1080
1,1465
1,1082
1,1083
1,1084
1,1471
1,1086
1,1087
1,1088
1,1476
1,1090
1,1091
1,1092
1,1449
1,1094
1,1095
1,1096
1,1451
1,1098
1,1099
1,1100
1,1453
1,1102
1,1103
1,1104
1,1455
1,1106
1,1107
1,1108
1,1457
1,1110
1,1111
1,1112
1,1453
1,1114
1,1115
1,1116
1,1459
1,1118
1,1119
1,1120
1,1465
1,1122
1,1123
1,1124
1,1471
1,1126
1,1127
1,1128
1,1476
2,1130
2,1131
2
2,1133
2,1134
2
2,1136
2,1137
2
2,1139
2,1140
2
2,1142
2,1143
2
2,1145
2,1146
2
2,1148
2,1149
2
2,1151
2,1152
2
2,1154
2,1155
2
2,1157
2,1158
2
2,1160
2,1161
2
2,1163
2,1164
2
3,1211,1381,1209,1234
3,1378,1232,1207,1222
3,1218,1201,1214,1224,1373
3,1230,1212,1205
3,1215,1219,1377,1374,1434,1204,1221,1380,1226
3,1208,1435,1202,1228
3,1225,1361,1359,1227,1206,1223,1168,1233,1231,1216,1210,1170,1229,1360,1166,1433,1165,1167,1213,1169,1200,1203,1220
3,1283,1391,1249,1251
3,1388,1281,1265,1247
3,1237,1254,1267
3,1238,1269,1257
3,1245,1279,1252
3,1383,1261,1239,1271,1241
3,1387,1275,1258,1390,1438,1384,1262,1255,1244,1264
3,1437,1236,1273
3,1242,1277,1248
3,1280,1268,1282,1270,1174,1246,1436,1235,1180,1250,1172,1178,1253,1256,1364,1278,1179,1266,1240,1175,1272,1276,1173,1363,1243,1263,1362,1274,1177,1176,1259
3,1402,1288,1306
3,1290,1296,1304,1399
3,1285,1298,1394,1292
3,1398,1401,1395,1300,1295,1293
3,1289,1286,1302
3,1366,1183,1185,1294,1284,1305,1299,1303,1297,1367,1291,1182,1301,1186,1365,1439,1287,1184
3,1311,1404,1314,1308
3,1441,1318,1405,1312
3,1442,1316,1309
3,1313,1189,1315,1368,1317,1310,1440,1188,1190,1307
3,1331,1358,1333,1415
3,1356,1412,1329,1344
3,1323,1340,1407,1346,1336
3,1337,1320,1348,1444
3,1354,1327,1334
3,1352,1330,1446,1324
3,1445,1414,1411,1408,1350,1343,1326,1341,1321
3,1332,1347,1194,1196,1328,1322,1195,1371,1325,1193,1345,1355,1342,1335,1369,1349,1197,1338,1370,1353,1443,1319,1351,1192,1357,1198
4,1201
4,1202
4
4,1204
4,1205
4
4,1207
4,1208
4,1209
4
4,1211
4,1212
4
4,1214
4,1215
4
4,1217
4,1218
4,1219
4
4,1221
4,1222
4
4,1224
4
4,1226
4
4,1228
4
4,1230
4
4,1232
4
4,1234
4
4,1236
4,1237
4,1238
4,1239
4
4,1241
4,1242
4
4,1244
4,1245
4
4,1247
4,1248
4,1249
4
4,1251
4,1252
4
4,1254
4,1255
4
4,1257
4,1258
4
4,1260
4,1261
4,1262
4
4,1264
4,1265
4
4,1267
4
4,1269
4
4,1271
4
4,1273
4
4,1275
4
4,1277
4
4,1279
4
4,1281
4
4,1283
4
4,1285
4,1286
4
4,1288
4,1289
4,1290
4
4,1292
4,1293
4
4,1295
4,1296
4
4,1298
4
4,1300
4
4,1302
4
4,1304
4
4,1306
4
4,1308
4,1309
4
4,1311
4,1312
4
4,1314
4
4,1316
4
4,1318
4
4,1320
4,1321
4
4,1323
4,1324
4
4,1326
4,1327
4
4,1329
4,1330
4,1331
4
4,1333
4,1334
4
4,1336
4,1337
4
4,1339
4,1340
4,1341
4
4,1343
4,1344
4
4,1346
4
4,1348
4
4,1350
4
4,1352
4
4,1354
4
4,1356
4
4,1358
4
5,1372
5,1375
5,1379
5,1382
5,1385
5,1389
5,1392
5,1396
5,1400
5,1403
5,1406
5,1409
5,1413
6,1373
6,1374
6
6,1376
6,1377
6,1378
6
6,1380
6,1381
6
6,1383
6,1384
6
6,1386
6,1387
6,1388
6
6,1390
6,1391
6
6,1393
6,1394
6,1395
6
6,1397
6,1398
6,1399
6
6,1401
6,1402
6
6,1404
6,1405
6
6,1407
6,1408
6
6,1410
6,1411
6,1412
6
6,1414
6,1415
6
14,1439,128
14,162,132,180,141,159,183,165,147,150,174,153,177,168,186,144,1440,1433,135,156,171,138,129
14,516,696,507,351,288,744,831,519,450,588,753,897,564,900,534,747,735,606,378,615,570,774,906,867,813,657,381,417,411,960,537,375,441,762,258,954,546,504,192,315,423,561,924,372,795,453,783,354,678,399,957,888,699,861,219,270,672,786,927,771,438,348,666,312,675,267,621,879,594,420,285,531,462,702,222,942,327,279,333,321,345,234,576,294,414,429,237,201,477,873,582,723,912,828,243,489,936,579,240,282,627,195,846,1436,426,486,492,681,510,903,834,396,360,459,945,732,801,780,870,816,726,522,624,843,228,915,432,567,207,471,882,525,369,612,216,555,444,357,309,339,528,390,825,609,840,687,273,807,384,714,909,777,405,408,513,306,693,717,930,387,651,939,798,948,264,552,465,342,600,495,573,705,498,858,885,729,318,966,759,324,618,951,852,225,894,456,303,252,864,330,741,363,756,189,963,648,558,603,447,810,591,804,669,645,276,336,468,291,708,198,819,540,255,660,210,933,711,402,543,366,597,474,792,684,855,663,630,690,204,891,249,765,768,501,789,636,642,261,876,480,822,750,393,918,297,639,231,921,654,849,720,483,435,213,585,300,633,549,837,738,246
14,1085,1037,1105,1125,977,1005,1061,1013,1073,985,1117,989,1097,1065,1069,981,1053,1049,1443,969,1113,1001,1033,1093,1121,1009,1017,1057,1025,1081,997,1101,1041,993,1109,1077,1021,973,1029,1089,1045
12,1253,1393,1372,1291,1339,1256,1310,1382,1260,1335,1406,1217
12,1243,1203,1325
12,1319
12,1240,1284,1200,1307,1322
12,1250,1210,1332
12,1153,1138,1213,1156,1129,1144,1162,1141,1150,1132,1135,1147,1403,1159
12,1235
12,1246,1287,1328,1206
12,1345,1268,1223,1313,1297,1270,1266
12,1233,1276,1315,1278,1357,1353,1229,1301,1351,1303,1355,1280,1305,1227,1231,1282
12,1272
12,1317,1274,1349,1299,1225,1347
12,1397,1386,1220,1294,1376,1342,1413,1410,1263,1400,1379,1389
7,1434
7,1435
7
7,1437
7,1438
7
7,1447
7,1441
7,1442
7
7,1444
7,1445
7,1446
7
15
15
15
15
15
15
15
15
15
15
15
15
15
15
15
15
15
15
15
15
15
15
15
15
15
15
15
15
15
15