0
0
0
0
0
0
0
0
0
0
0
0
0
0
0
0
0
0
0
0
0
0
0
0
0,1226
0
0
0
0
0
0
0
0
0,1235
0,1238
0,1241
0,1244
0,1247
0,1250
0,1253
0,1256
0,1259
0,1262
0,1265
0,1268
0,1229
0,1232
0
0,1208,1148,1088,1068,1108,1168,188,173,1188,158,143,1128
0
0
0
0
0
0
0
0,1092,1152,146,1192,191,1212,176,1132,161,1172,1072,1112
0,149,1136,179,194,1216,1196,164,1076,1096,1156,1176,1116
0,1220,167,182,152,1200,1080,1120,197,1100,1160,1140,1180
0,1084,170,1104,1224,185,1144,1124,155,1164,200,1184,1204
0
0
0
0
0,202,211,205,208
0,214,217,220,223
0,229,235,226,232
0,238,244,241,247
0,259,250,256,253
0,265,262,271,268
0,274,280,283,277
0,295,286,292,289
0,304,301,298,307
0,319,313,316,310
0,325,328,322,331
0,340,343,337,334
0,352,349,355,346
0,358,361,367,364
0,373,376,370,379
0,385,391,388,382
0,400,403,397,394
0,409,412,415,406
0,424,427,421,418
0,436,433,430,439
0,448,442,445,451
0,463,454,457,460
0,466,469,472,475
0,484,478,481,487
0,499,496,490,493
0,508,511,505,502
0,517,523,514,520
0,532,529,535,526
0,547,538,541,544
0,556,550,559,553
0,565,562,568,571
0,577,580,583,574
0,595,592,586,589
0,607,598,601,604
0,610,619,616,613
0,622,625,628,631
0,637,640,634,643
0,655,652,649,646
0,667,664,661,658
0,679,670,676,673
0,688,685,682,691
0,697,694,703,700
0,712,706,709,715
0,718,721,727,724
0,736,730,739,733
0,748,745,751,742
0,757,763,754,760
0,772,766,775,769
0,784,781,787,778
0,796,799,790,793
0,811,802,808,805
0,820,817,814,823
0,835,832,826,829
0,838,844,847,841
0,853,856,859,850
0,868,865,862,871
0,883,874,877,880
0,886,889,895,892
0,904,898,901,907
0,913,910,916,919
0,922,925,931,928
0,937,934,940,943
0,946,949,955,952
0,964,961,967,958
0,973,970,979,976
0,991,982,985,988
0,1003,1000,997,994
0,1009,1015,1006,1012
0,1021,1018,1027,1024
0,1039,1033,1030,1036
0,1051,1045,1042,1048
0,1063,1060,1057,1054
0,827,731,755,719,1074,611,623,154,1082,539,1127,695,1043,1143,1223,1090,1114,1139,1215,287,767,347,875,575,299,263,1086,887,419,851,1171,1055,959,1211,1179,431,407,863,911,395,1094,1031,467,1078,947,311,1167,1219,503,791,239,479,1266,683,587,647,743,671,1110,455,527,971,1122,443,359,1118,815,371,383,335,1007,142,491,563,148,275,227,599,935,203,659,551,1207,983,251,1135,779,515,1175,1098,1102,1183,899,215,995,151,803,635,1131,1245,839,1070,1019,145,323,1066,923,707,1106
0,1034,866,638,350,254,326,806,302,602,590,890,398,278,166,1134,530,746,422,446,362,1138,434,1083,770,506,1187,554,1075,494,1067,542,842,218,1236,686,986,614,458,1251,386,758,998,854,1162,662,1203,470,482,722,1010,1199,1046,518,1191,169,1142,938,710,242,878,794,1158,1058,206,1130,962,902,410,1126,674,914,1071,650,950,926,578,230,566,1263,734,1022,338,698,1154,157,974,1146,1195,818,1079,1150,314,374,160,626,290,782,830,163,266
0,341,1061,1178,977,1182,1049,1037,1159,881,797,857,641,329,172,809,569,425,209,221,184,785,281,629,665,389,178,533,1091,545,917,845,1194,365,929,725,581,449,1166,509,557,461,677,1248,893,701,245,1155,821,941,617,473,965,497,175,1001,1198,1239,737,1254,905,317,413,269,1099,989,1095,353,1260,1227,1025,1170,593,713,293,1087,653,605,521,1186,1190,1103,1163,1013,689,773,305,1151,257,869,377,485,401,181,749,437,233,1174,953,1202,761,1147,833
0,632,896,344,380,740,1214,224,1210,296,788,1230,428,776,236,193,260,764,452,284,848,932,980,1064,836,1257,1269,1016,404,584,440,800,187,464,488,512,536,356,860,1242,476,368,812,199,1233,1206,884,1028,1111,920,872,956,908,1119,332,944,1107,500,392,190,1004,320,716,572,824,248,1123,692,548,524,196,1052,608,668,752,1222,1218,1040,308,992,1115,680,212,272,968,644,596,728,704,620,416,656,560
1,1552
1,142
1,143
1,1557
1,145
1,146
1,1562
1,148
1,149
1,1567
1,151
1,152
1,1572
1,154
1,155
1,1577
1,157
1,158
1,1553
1,160
1,161
1,1554
1,163
1,164
1,1555
1,166
1,167
1,1556
1,169
1,170
1,1557
1,172
1,173
1,1553
1,175
1,176
1,1554
1,178
1,179
1,1555
1,181
1,182
1,1556
1,184
1,185
1,1557
1,187
1,188
1,1553
1,190
1,191
1,1554
1,193
1,194
1,1555
1,196
1,197
1,1556
1,199
1,200
1,1557
1,202
1,203
1,1577
1,205
1,206
1,1563
1,208
1,209
1,1559
1,211
1,212
1,1561
1,214
1,215
1,1569
1,217
1,218
1,1558
1,220
1,221
1,1558
1,223
1,224
1,1561
1,226
1,227
1,1574
1,229
1,230
1,1566
1,232
1,233
1,1562
1,235
1,236
1,1564
1,238
1,239
1,1564
1,241
1,242
1,1561
1,244
1,245
1,1556
1,247
1,248
1,1566
1,250
1,251
1,1573
1,253
1,254
1,1564
1,256
1,257
1,1564
1,259
1,260
1,1563
1,262
1,263
1,1572
1,265
1,266
1,1561
1,268
1,269
1,1563
1,271
1,272
1,1563
1,274
1,275
1,1569
1,277
1,278
1,1559
1,280
1,281
1,1556
1,283
1,284
1,1563
1,286
1,287
1,1573
1,289
1,290
1,1561
1,292
1,293
1,1559
1,295
1,296
1,1563
1,298
1,299
1,1567
1,301
1,302
1,1560
1,304
1,305
1,1563
1,307
1,308
1,1561
1,310
1,311
1,1571
1,313
1,314
1,1559
1,316
1,317
1,1559
1,319
1,320
1,1561
1,322
1,323
1,1572
1,325
1,326
1,1565
1,328
1,329
1,1560
1,331
1,332
1,1560
1,334
1,335
1,1574
1,337
1,338
1,1566
1,340
1,341
1,1562
1,343
1,344
1,1562
1,346
1,347
1,1574
1,349
1,350
1,1563
1,352
1,353
1,1559
1,355
1,356
1,1558
1,358
1,359
1,1575
1,361
1,362
1,1561
1,364
1,365
1,1564
1,367
1,368
1,1560
1,370
1,371
1,1574
1,373
1,374
1,1560
1,376
1,377
1,1561
1,379
1,380
1,1562
1,382
1,383
1,1573
1,385
1,386
1,1564
1,388
1,389
1,1563
1,391
1,392
1,1564
1,394
1,395
1,1567
1,397
1,398
1,1560
1,400
1,401
1,1559
1,403
1,404
1,1560
1,406
1,407
1,1568
1,409
1,410
1,1562
1,412
1,413
1,1561
1,415
1,416
1,1561
1,418
1,419
1,1572
1,421
1,422
1,1567
1,424
1,425
1,1562
1,427
1,428
1,1561
1,430
1,431
1,1563
1,433
1,434
1,1563
1,436
1,437
1,1565
1,439
1,440
1,1557
1,442
1,443
1,1575
1,445
1,446
1,1562
1,448
1,449
1,1561
1,451
1,452
1,1561
1,454
1,455
1,1572
1,457
1,458
1,1564
1,460
1,461
1,1558
1,463
1,464
1,1563
1,466
1,467
1,1569
1,469
1,470
1,1563
1,472
1,473
1,1557
1,475
1,476
1,1562
1,478
1,479
1,1563
1,481
1,482
1,1560
1,484
1,485
1,1563
1,487
1,488
1,1560
1,490
1,491
1,1571
1,493
1,494
1,1560
1,496
1,497
1,1559
1,499
1,500
1,1561
1,502
1,503
1,1567
1,505
1,506
1,1563
1,508
1,509
1,1561
1,511
1,512
1,1560
1,514
1,515
1,1570
1,517
1,518
1,1563
1,520
1,521
1,1562
1,523
1,524
1,1561
1,526
1,527
1,1577
1,529
1,530
1,1560
1,532
1,533
1,1560
1,535
1,536
1,1561
1,538
1,539
1,1568
1,541
1,542
1,1560
1,544
1,545
1,1563
1,547
1,548
1,1560
1,550
1,551
1,1569
1,553
1,554
1,1561
1,556
1,557
1,1562
1,559
1,560
1,1563
1,562
1,563
1,1571
1,565
1,566
1,1559
1,568
1,569
1,1562
1,571
1,572
1,1563
1,574
1,575
1,1568
1,577
1,578
1,1566
1,580
1,581
1,1564
1,583
1,584
1,1563
1,586
1,587
1,1572
1,589
1,590
1,1562
1,592
1,593
1,1561
1,595
1,596
1,1560
1,598
1,599
1,1568
1,601
1,602
1,1561
1,604
1,605
1,1562
1,607
1,608
1,1563
1,610
1,611
1,1566
1,613
1,614
1,1558
1,616
1,617
1,1565
1,619
1,620
1,1559
1,622
1,623
1,1568
1,625
1,626
1,1561
1,628
1,629
1,1556
1,631
1,632
1,1562
1,634
1,635
1,1578
1,637
1,638
1,1564
1,640
1,641
1,1560
1,643
1,644
1,1559
1,646
1,647
1,1567
1,649
1,650
1,1560
1,652
1,653
1,1561
1,655
1,656
1,1559
1,658
1,659
1,1574
1,661
1,662
1,1566
1,664
1,665
1,1564
1,667
1,668
1,1561
1,670
1,671
1,1564
1,673
1,674
1,1560
1,676
1,677
1,1559
1,679
1,680
1,1564
1,682
1,683
1,1571
1,685
1,686
1,1562
1,688
1,689
1,1562
1,691
1,692
1,1562
1,694
1,695
1,1581
1,697
1,698
1,1559
1,700
1,701
1,1562
1,703
1,704
1,1567
1,706
1,707
1,1570
1,709
1,710
1,1562
1,712
1,713
1,1562
1,715
1,716
1,1564
1,718
1,719
1,1572
1,721
1,722
1,1558
1,724
1,725
1,1563
1,727
1,728
1,1562
1,730
1,731
1,1569
1,733
1,734
1,1561
1,736
1,737
1,1559
1,739
1,740
1,1563
1,742
1,743
1,1568
1,745
1,746
1,1561
1,748
1,749
1,1560
1,751
1,752
1,1560
1,754
1,755
1,1569
1,757
1,758
1,1565
1,760
1,761
1,1560
1,763
1,764
1,1559
1,766
1,767
1,1572
1,769
1,770
1,1563
1,772
1,773
1,1561
1,775
1,776
1,1559
1,778
1,779
1,1576
1,781
1,782
1,1561
1,784
1,785
1,1562
1,787
1,788
1,1562
1,790
1,791
1,1571
1,793
1,794
1,1563
1,796
1,797
1,1563
1,799
1,800
1,1562
1,802
1,803
1,1565
1,805
1,806
1,1559
1,808
1,809
1,1557
1,811
1,812
1,1563
1,814
1,815
1,1572
1,817
1,818
1,1562
1,820
1,821
1,1560
1,823
1,824
1,1563
1,826
1,827
1,1570
1,829
1,830
1,1560
1,832
1,833
1,1563
1,835
1,836
1,1560
1,838
1,839
1,1569
1,841
1,842
1,1563
1,844
1,845
1,1559
1,847
1,848
1,1561
1,850
1,851
1,1568
1,853
1,854
1,1564
1,856
1,857
1,1561
1,859
1,860
1,1559
1,862
1,863
1,1579
1,865
1,866
1,1565
1,868
1,869
1,1564
1,871
1,872
1,1561
1,874
1,875
1,1575
1,877
1,878
1,1563
1,880
1,881
1,1561
1,883
1,884
1,1564
1,886
1,887
1,1573
1,889
1,890
1,1564
1,892
1,893
1,1562
1,895
1,896
1,1559
1,898
1,899
1,1571
1,901
1,902
1,1560
1,904
1,905
1,1562
1,907
1,908
1,1564
1,910
1,911
1,1567
1,913
1,914
1,1561
1,916
1,917
1,1562
1,919
1,920
1,1563
1,922
1,923
1,1571
1,925
1,926
1,1560
1,928
1,929
1,1559
1,931
1,932
1,1563
1,934
1,935
1,1576
1,937
1,938
1,1561
1,940
1,941
1,1559
1,943
1,944
1,1564
1,946
1,947
1,1572
1,949
1,950
1,1563
1,952
1,953
1,1563
1,955
1,956
1,1561
1,958
1,959
1,1573
1,961
1,962
1,1561
1,964
1,965
1,1560
1,967
1,968
1,1563
1,970
1,971
1,1571
1,973
1,974
1,1564
1,976
1,977
1,1560
1,979
1,980
1,1563
1,982
1,983
1,1571
1,985
1,986
1,1561
1,988
1,989
1,1563
1,991
1,992
1,1561
1,994
1,995
1,1574
1,997
1,998
1,1560
1,1000
1,1001
1,1559
1,1003
1,1004
1,1560
1,1006
1,1007
1,1571
1,1009
1,1010
1,1564
1,1012
1,1013
1,1561
1,1015
1,1016
1,1560
1,1018
1,1019
1,1573
1,1021
1,1022
1,1562
1,1024
1,1025
1,1561
1,1027
1,1028
1,1559
1,1030
1,1031
1,1568
1,1033
1,1034
1,1560
1,1036
1,1037
1,1561
1,1039
1,1040
1,1563
1,1042
1,1043
1,1568
1,1045
1,1046
1,1565
1,1048
1,1049
1,1564
1,1051
1,1052
1,1561
1,1054
1,1055
1,1567
1,1057
1,1058
1,1562
1,1060
1,1061
1,1565
1,1063
1,1064
1,1561
1,1066
1,1067
1,1068
1,1556
1,1070
1,1071
1,1072
1,1560
1,1074
1,1075
1,1076
1,1564
1,1078
1,1079
1,1080
1,1568
1,1082
1,1083
1,1084
1,1572
1,1086
1,1087
1,1088
1,1558
1,1090
1,1091
1,1092
1,1564
1,1094
1,1095
1,1096
1,1570
1,1098
1,1099
1,1100
1,1576
1,1102
1,1103
1,1104
1,1580
1,1106
1,1107
1,1108
1,1558
1,1110
1,1111
1,1112
1,1564
1,1114
1,1115
1,1116
1,1570
1,1118
1,1119
1,1120
1,1576
1,1122
1,1123
1,1124
1,1580
1,1126
1,1127
1,1128
1,1556
1,1130
1,1131
1,1132
1,1560
1,1134
1,1135
1,1136
1,1564
1,1138
1,1139
1,1140
1,1568
1,1142
1,1143
1,1144
1,1572
1,1146
1,1147
1,1148
1,1554
1,1150
1,1151
1,1152
1,1556
1,1154
1,1155
1,1156
1,1558
1,1158
1,1159
1,1160
1,1560
1,1162
1,1163
1,1164
1,1562
1,1166
1,1167
1,1168
1,1558
1,1170
1,1171
1,1172
1,1564
1,1174
1,1175
1,1176
1,1570
1,1178
1,1179
1,1180
1,1576
1,1182
1,1183
1,1184
1,1580
1,1186
1,1187
1,1188
1,1554
1,1190
1,1191
1,1192
1,1556
1,1194
1,1195
1,1196
1,1558
1,1198
1,1199
1,1200
1,1560
1,1202
1,1203
1,1204
1,1562
1,1206
1,1207
1,1208
1,1558
1,1210
1,1211
1,1212
1,1564
1,1214
1,1215
1,1216
1,1570
1,1218
1,1219
1,1220
1,1576
1,1222
1,1223
1,1224
1,1580
2,1226
2,1227
2
2,1229
2,1230
2
2,1232
2,1233
2
2,1235
2,1236
2
2,1238
2,1239
2
2,1241
2,1242
2
2,1244
2,1245
2
2,1247
2,1248
2
2,1250
2,1251
2
2,1253
2,1254
2
2,1256
2,1257
2
2,1259
2,1260
2
2,1262
2,1263
2
2,1265
2,1266
2
2,1268
2,1269
2
3,1316,1486,1314,1339
3,1483,1337,1312,1327
3,1323,1306,1478,1319,1329
3,1335,1317,1310
3,1324,1320,1482,1479,1326,1539,1309,1485,1331
3,1313,1540,1307,1333
3,1330,1273,1464,1332,1311,1315,1538,1328,1338,1336,1321,1275,1334,1465,1271,1305,1270,1272,1318,1274,1466,1308,1325
3,1388,1496,1354,1356
3,1493,1386,1370,1352
3,1359,1372,1342
3,1343,1362,1374
3,1384,1357,1350
3,1488,1366,1344,1376,1346
3,1492,1380,1495,1543,1489,1369,1367,1363,1360,1349
3,1542,1341,1378
3,1347,1382,1353
3,1385,1373,1387,1375,1279,1351,1541,1340,1285,1355,1277,1283,1358,1361,1469,1383,1284,1371,1280,1381,1278,1468,1348,1377,1368,1282,1345,1467,1379,1281,1364
3,1507,1393,1411
3,1395,1401,1409,1504
3,1390,1403,1499,1397
3,1503,1506,1500,1400,1405,1398
3,1394,1391,1407
3,1471,1288,1290,1399,1389,1410,1404,1402,1472,1396,1287,1406,1291,1470,1544,1392,1289,1408
3,1416,1419,1413,1509
3,1546,1423,1510,1417
3,1421,1414,1547
3,1294,1420,1473,1422,1415,1293,1295,1412,1545,1418
3,1436,1463,1438,1520
3,1517,1461,1434,1449
3,1428,1512,1451,1445,1441
3,1425,1453,1549,1442
3,1459,1432,1439
3,1457,1435,1551,1429
3,1550,1519,1448,1516,1513,1455,1431,1446,1426
3,1437,1452,1299,1548,1427,1476,1450,1447,1440,1474,1454,1302,1298,1443,1475,1301,1424,1460,1458,1456,1433,1297,1462,1303,1300,1430
4,1306
4,1307
4
4,1309
4,1310
4
4,1312
4,1313
4,1314
4
4,1316
4,1317
4
4,1319
4,1320
4
4,1322
4,1323
4,1324
4
4,1326
4,1327
4
4,1329
4
4,1331
4
4,1333
4
4,1335
4
4,1337
4
4,1339
4
4,1341
4,1342
4,1343
4,1344
4
4,1346
4,1347
4
4,1349
4,1350
4
4,1352
4,1353
4,1354
4
4,1356
4,1357
4
4,1359
4,1360
4
4,1362
4,1363
4
4,1365
4,1366
4,1367
4
4,1369
4,1370
4
4,1372
4
4,1374
4
4,1376
4
4,1378
4
4,1380
4
4,1382
4
4,1384
4
4,1386
4
4,1388
4
4,1390
4,1391
4
4,1393
4,1394
4,1395
4
4,1397
4,1398
4
4,1400
4,1401
4
4,1403
4
4,1405
4
4,1407
4
4,1409
4
4,1411
4
4,1413
4,1414
4
4,1416
4,1417
4
4,1419
4
4,1421
4
4,1423
4
4,1425
4,1426
4
4,1428
4,1429
4
4,1431
4,1432
4
4,1434
4,1435
4,1436
4
4,1438
4,1439
4
4,1441
4,1442
4
4,1444
4,1445
4,1446
4
4,1448
4,1449
4
4,1451
4
4,1453
4
4,1455
4
4,1457
4
4,1459
4
4,1461
4
4,1463
4
5,1477
5,1480
5,1484
5,1487
5,1490
5,1494
5,1497
5,1501
5,1505
5,1508
5,1511
5,1514
5,1518
6,1478
6,1479
6
6,1481
6,1482
6,1483
6
6,1485
6,1486
6
6,1488
6,1489
6
6,1491
6,1492
6,1493
6
6,1495
6,1496
6
6,1498
6,1499
6,1500
6
6,1502
6,1503
6,1504
6
6,1506
6,1507
6
6,1509
6,1510
6
6,1512
6,1513
6
6,1515
6,1516
6,1517
6
6,1519
6,1520
6
14,140,1544
14,174,144,192,153,171,195,177,159,162,186,165,189,180,198,156,1545,1538,147,168,183,150,141
14,528,708,1041,519,363,300,756,1032,843,531,1050,462,981,1047,600,765,1008,909,576,912,546,759,747,618,390,627,1029,582,786,918,879,825,669,636,393,429,972,999,549,387,453,774,978,270,966,558,516,204,327,435,573,936,384,807,465,795,366,690,411,666,969,900,711,873,231,282,684,798,939,1011,1020,783,450,360,324,357,678,687,279,633,891,606,1059,432,297,543,474,714,234,819,954,339,291,345,333,1017,246,588,306,426,441,249,213,489,885,594,735,924,840,255,501,948,591,252,1002,294,639,207,858,1541,438,498,504,693,522,1053,915,846,1014,1044,408,372,471,957,744,813,993,792,882,828,738,1026,534,855,240,927,444,579,219,483,894,537,381,624,228,567,456,990,369,321,423,351,540,402,1023,837,621,852,699,285,396,726,921,789,417,420,525,318,705,729,942,399,987,663,1062,951,810,960,276,564,477,354,612,507,585,717,510,870,897,741,330,771,336,630,963,237,906,468,315,264,876,342,1056,753,375,768,201,975,660,570,1005,615,459,822,603,816,681,657,288,348,480,303,720,210,831,552,267,672,222,945,723,777,414,555,378,984,609,486,804,696,867,675,642,702,216,903,261,780,513,801,648,654,273,888,492,834,762,405,930,309,651,864,243,1038,933,861,732,495,447,225,996,597,312,645,561,1035,849,750,258
14,1069,1089,1109,1173,1117,1101,1548,1213,1081,1113,1177,1145,1097,1149,1077,1153,1205,1105,1133,1137,1129,1165,1125,1221,1209,1161,1185,1157,1065,1181,1189,1193,1085,1121,1141,1093,1197,1217,1073,1169,1201
12,1358,1440,1477,1498,1444,1361,1415,1396,1487,1365,1511,1322
12,1348,1308,1430
12,1424
12,1427,1345,1389,1305,1412
12,1315,1355,1437
12,1318,1225,1234,1240,1267,1258,1237,1246,1243,1228,1231,1261,1252,1249,1508,1264,1255
12,1340
12,1351,1392,1433,1311
12,1450,1373,1328,1418,1402,1371,1375
12,1338,1381,1383,1462,1406,1334,1456,1408,1460,1385,1410,1420,1332,1336,1458,1387
12,1377
12,1379,1454,1422,1404,1330,1452
12,1502,1491,1325,1399,1481,1447,1518,1515,1368,1505,1484,1494
7,1539
7,1540
7
7,1542
7,1543
7
7,1552
7,1546
7,1547
7
7,1549
7,1550
7,1551
7
15
15
15
15
15
15
15
15
15
15
15
15
15
15
15
15
15
15
15
15
15
15
15
15
15
15
15
15
15
15