0
0
0
0
0,192
0
0,170,37,146,182,46,158,55
0
0
0
0
0
0
0
0,58,186,49,40,162,150,174
0,43,52,154,190,178,61,166
0
0
0
0
0
0
0,66,69,63
0,72,78,75
0,84,87,81
0,90,93,96
0,99,105,102
0,114,111,108
0,117,123,120
0,126,129,132
0,138,135,141
0,82,185,91,144,173,136,169,73,181,152,109,156,160,64,118,148,39,36,42,177,164,127,100,189
0,67,139,168,103,112,153,51,149,193,48,176,76,85,145,45,130,94,172,121
0,97,124,106,142,161,79,133,180,54,115,165,60,188,157,88,184,57,70
1,476
1,36
1,37
1,481
1,39
1,40
1,486
1,42
1,43
1,490
1,45
1,46
1,477
1,48
1,49
1,478
1,51
1,52
1,479
1,54
1,55
1,477
1,57
1,58
1,478
1,60
1,61
1,479
1,63
1,64
1,495
1,66
1,67
1,487
1,69
1,70
1,488
1,72
1,73
1,497
1,75
1,76
1,489
1,78
1,79
1,487
1,81
1,82
1,494
1,84
1,85
1,485
1,87
1,88
1,483
1,90
1,91
1,492
1,93
1,94
1,488
1,96
1,97
1,486
1,99
1,100
1,491
1,102
1,103
1,484
1,105
1,106
1,485
1,108
1,109
1,491
1,111
1,112
1,485
1,114
1,115
1,484
1,117
1,118
1,496
1,120
1,121
1,484
1,123
1,124
1,487
1,126
1,127
1,494
1,129
1,130
1,485
1,132
1,133
1,483
1,135
1,136
1,493
1,138
1,139
1,485
1,141
1,142
1,482
1,144
1,145
1,146
1,480
1,148
1,149
1,150
1,484
1,152
1,153
1,154
1,488
1,156
1,157
1,158
1,482
1,160
1,161
1,162
1,488
1,164
1,165
1,166
1,493
1,168
1,169
1,170
1,480
1,172
1,173
1,174
1,484
1,176
1,177
1,178
1,488
1,180
1,181
1,182
1,482
1,184
1,185
1,186
1,488
1,188
1,189
1,190
1,493
2,192
2,193
2
3,240,410,238,263
3,261,251,236,407
3,230,402,247,243,253
3,241,234,259
3,250,403,244,463,409,248,255,233,406
3,237,257,231,464
3,249,254,388,194,239,262,199,245,252,242,390,197,258,389,196,195,260,235,256,229,462,232,198
3,420,312,278,280
3,294,417,310,276
3,266,296,283
3,286,267,298
3,308,274,281
3,268,300,270,290,412
3,416,304,293,284,291,287,467,413,419,273
3,466,265,302
3,271,306,277
3,309,208,275,465,264,206,204,297,279,301,391,269,207,305,393,202,392,303,282,209,311,205,285,299,292,307,272,295,201,203,288
3,335,431,317
3,325,319,333,428
3,423,321,314,327
3,324,322,329,427,424,430
3,315,331,318
3,328,215,394,396,468,213,320,212,313,330,316,332,323,211,326,395,214,334
3,433,340,343,337
3,470,347,434,341
3,338,345,471
3,219,336,469,344,218,346,339,397,342,217
3,360,362,387,444
3,385,358,441,373
3,352,375,369,436,365
3,366,377,349,473
3,383,363,356
3,353,381,475,359
3,443,440,372,355,437,474,379,350,370
3,384,376,357,223,398,380,351,364,224,225,472,361,226,221,354,222,367,227,399,386,348,371,378,382,400,374
4,230
4,231
4
4,233
4,234
4
4,236
4,237
4,238
4
4,240
4,241
4
4,243
4,244
4
4,246
4,247
4,248
4
4,250
4,251
4
4,253
4
4,255
4
4,257
4
4,259
4
4,261
4
4,263
4
4,265
4,266
4,267
4,268
4
4,270
4,271
4
4,273
4,274
4
4,276
4,277
4,278
4
4,280
4,281
4
4,283
4,284
4
4,286
4,287
4
4,289
4,290
4,291
4
4,293
4,294
4
4,296
4
4,298
4
4,300
4
4,302
4
4,304
4
4,306
4
4,308
4
4,310
4
4,312
4
4,314
4,315
4
4,317
4,318
4,319
4
4,321
4,322
4
4,324
4,325
4
4,327
4
4,329
4
4,331
4
4,333
4
4,335
4
4,337
4,338
4
4,340
4,341
4
4,343
4
4,345
4
4,347
4
4,349
4,350
4
4,352
4,353
4
4,355
4,356
4
4,358
4,359
4,360
4
4,362
4,363
4
4,365
4,366
4
4,368
4,369
4,370
4
4,372
4,373
4
4,375
4
4,377
4
4,379
4
4,381
4
4,383
4
4,385
4
4,387
4
5,401
5,404
5,408
5,411
5,414
5,418
5,421
5,425
5,429
5,432
5,435
5,438
5,442
6,402
6,403
6
6,405
6,406
6,407
6
6,409
6,410
6
6,412
6,413
6
6,415
6,416
6,417
6
6,419
6,420
6
6,422
6,423
6,424
6
6,426
6,427
6,428
6
6,430
6,431
6
6,433
6,434
6
6,436
6,437
6
6,439
6,440
6,441
6
6,443
6,444
6
14,34,468
14,53,469,56,462,50,38,44,47,59,35,41
14,122,128,104,92,125,116,62,140,107,83,101,98,110,80,131,95,89,71,134,137,77,65,119,68,113,74,465,86
14,175,171,159,143,187,179,163,155,183,167,151,472,147
12,422,282,285,401,435,246,320,339,368,411,364,289
12,272,354,232
12,348
12,229,269,336,313,351
12,239,361,279
12,242,191,432
12,264
12,235,275,357,316
12,326,252,297,295,342,374,299
12,309,256,344,307,332,262,386,305,380,382,258,334,330,311,260,384
12,301
12,376,346,303,378,328,254
12,442,415,439,408,426,292,429,323,405,249,418,371
7,463
7,464
7
7,466
7,467
7
7,476
7,470
7,471
7
7,473
7,474
7,475
7
15
15
15
15
15
15
15
15
15
15
15
15
15
15
15
15
15
15
15
15
15
15