0
0
0
0
0
0
0
0
0
0,556
0
0
0,559
0,562
0
0,498,538,418,518,106,91,398,458,478,76,61,438
0
0
0
0
0
0
0
0,442,482,462,64,422,109,502,94,79,402,522,542
0,466,67,526,97,546,112,506,486,82,426,446,406
0,85,530,510,100,70,490,430,115,410,550,470,450
0,514,88,494,454,103,474,414,554,73,118,434,534
0
0
0
0
0,120,129,123,126
0,132,135,138,141
0,150,147,153,144
0,156,162,159,165
0,177,168,174,171
0,183,180,189,186
0,192,198,201,195
0,213,204,210,207
0,222,219,216,225
0,237,234,231,228
0,243,246,240,249
0,261,258,255,252
0,270,267,273,264
0,282,276,279,285
0,291,294,288,297
0,309,303,306,300
0,321,318,315,312
0,324,330,327,333
0,339,342,345,336
0,354,357,351,348
0,366,360,369,363
0,378,372,381,375
0,390,384,387,393
0,537,473,424,289,505,452,205,412,444,325,265,217,181,193,549,448,337,404,545,349,313,121,408,385,513,229,157,541,440,432,373,461,465,361,301,253,469,416,436,60,509,66,277,145,400,457,169,420,72,133,69,501,497,63,553,241,428,396
0,464,533,268,468,172,244,521,316,196,84,340,364,280,352,397,136,456,376,304,220,388,405,401,492,563,488,87,480,476,160,413,124,328,525,529,148,460,256,484,75,472,517,232,292,78,409,208,81,184
0,496,259,417,493,247,90,127,520,139,557,425,102,512,516,307,96,485,283,481,367,532,379,163,391,421,93,343,524,235,331,187,477,271,504,500,211,199,528,489,223,175,508,295,319,99,355,151,433,560,429
0,322,262,298,214,346,154,111,178,370,202,358,105,453,382,274,394,286,117,449,544,437,250,310,108,536,238,166,114,552,226,130,190,548,142,540,334,445,441
1,846
1,60
1,61
1,851
1,63
1,64
1,856
1,66
1,67
1,861
1,69
1,70
1,866
1,72
1,73
1,871
1,75
1,76
1,847
1,78
1,79
1,848
1,81
1,82
1,849
1,84
1,85
1,850
1,87
1,88
1,851
1,90
1,91
1,847
1,93
1,94
1,848
1,96
1,97
1,849
1,99
1,100
1,850
1,102
1,103
1,851
1,105
1,106
1,847
1,108
1,109
1,848
1,111
1,112
1,849
1,114
1,115
1,850
1,117
1,118
1,851
1,120
1,121
1,869
1,123
1,124
1,857
1,126
1,127
1,856
1,129
1,130
1,858
1,132
1,133
1,865
1,135
1,136
1,856
1,138
1,139
1,856
1,141
1,142
1,857
1,144
1,145
1,870
1,147
1,148
1,858
1,150
1,151
1,857
1,153
1,154
1,854
1,156
1,157
1,872
1,159
1,160
1,858
1,162
1,163
1,854
1,165
1,166
1,857
1,168
1,169
1,873
1,171
1,172
1,856
1,174
1,175
1,856
1,177
1,178
1,853
1,180
1,181
1,860
1,183
1,184
1,855
1,186
1,187
1,853
1,189
1,190
1,857
1,192
1,193
1,860
1,195
1,196
1,854
1,198
1,199
1,855
1,201
1,202
1,856
1,204
1,205
1,863
1,207
1,208
1,856
1,210
1,211
1,852
1,213
1,214
1,855
1,216
1,217
1,866
1,219
1,220
1,856
1,222
1,223
1,858
1,225
1,226
1,855
1,228
1,229
1,869
1,231
1,232
1,855
1,234
1,235
1,856
1,237
1,238
1,857
1,240
1,241
1,867
1,243
1,244
1,856
1,246
1,247
1,855
1,249
1,250
1,857
1,252
1,253
1,869
1,255
1,256
1,855
1,258
1,259
1,857
1,261
1,262
1,859
1,264
1,265
1,857
1,267
1,268
1,854
1,270
1,271
1,854
1,273
1,274
1,857
1,276
1,277
1,864
1,279
1,280
1,857
1,282
1,283
1,858
1,285
1,286
1,856
1,288
1,289
1,869
1,291
1,292
1,855
1,294
1,295
1,859
1,297
1,298
1,856
1,300
1,301
1,866
1,303
1,304
1,858
1,306
1,307
1,852
1,309
1,310
1,857
1,312
1,313
1,867
1,315
1,316
1,855
1,318
1,319
1,853
1,321
1,322
1,856
1,324
1,325
1,869
1,327
1,328
1,856
1,330
1,331
1,856
1,333
1,334
1,853
1,336
1,337
1,862
1,339
1,340
1,856
1,342
1,343
1,857
1,345
1,346
1,857
1,348
1,349
1,871
1,351
1,352
1,856
1,354
1,355
1,854
1,357
1,358
1,855
1,360
1,361
1,868
1,363
1,364
1,856
1,366
1,367
1,855
1,369
1,370
1,854
1,372
1,373
1,864
1,375
1,376
1,854
1,378
1,379
1,856
1,381
1,382
1,853
1,384
1,385
1,867
1,387
1,388
1,856
1,390
1,391
1,853
1,393
1,394
1,857
1,396
1,397
1,398
1,850
1,400
1,401
1,402
1,854
1,404
1,405
1,406
1,858
1,408
1,409
1,410
1,862
1,412
1,413
1,414
1,866
1,416
1,417
1,418
1,852
1,420
1,421
1,422
1,858
1,424
1,425
1,426
1,864
1,428
1,429
1,430
1,870
1,432
1,433
1,434
1,874
1,436
1,437
1,438
1,852
1,440
1,441
1,442
1,858
1,444
1,445
1,446
1,864
1,448
1,449
1,450
1,870
1,452
1,453
1,454
1,874
1,456
1,457
1,458
1,850
1,460
1,461
1,462
1,854
1,464
1,465
1,466
1,858
1,468
1,469
1,470
1,862
1,472
1,473
1,474
1,866
1,476
1,477
1,478
1,848
1,480
1,481
1,482
1,850
1,484
1,485
1,486
1,852
1,488
1,489
1,490
1,854
1,492
1,493
1,494
1,856
1,496
1,497
1,498
1,852
1,500
1,501
1,502
1,858
1,504
1,505
1,506
1,864
1,508
1,509
1,510
1,870
1,512
1,513
1,514
1,874
1,516
1,517
1,518
1,848
1,520
1,521
1,522
1,850
1,524
1,525
1,526
1,852
1,528
1,529
1,530
1,854
1,532
1,533
1,534
1,856
1,536
1,537
1,538
1,852
1,540
1,541
1,542
1,858
1,544
1,545
1,546
1,864
1,548
1,549
1,550
1,870
1,552
1,553
1,554
1,874
2,556
2,557
2
2,559
2,560
2
2,562
2,563
2
3,610,780,608,633
3,777,631,606,621
3,617,600,772,613,623
3,629,611,604
3,618,773,614,776,833,603,620,779,625
3,607,834,601,627
3,619,624,605,626,832,622,567,632,630,615,758,609,628,759,569,564,760,566,612,599,602,568,565
3,682,790,648,650
3,680,664,646,787
3,636,653,666
3,637,668,656
3,678,644,651
3,782,660,638,670,640
3,786,674,789,657,837,783,661,654,663,643
3,836,635,672
3,641,676,647
3,679,667,681,669,573,645,835,634,579,649,577,571,652,655,677,578,665,639,574,671,675,572,762,642,761,763,673,576,575,662,658
3,801,687,705
3,695,703,689,798
3,684,697,793,691
3,694,797,794,800,699,692
3,688,685,701
3,582,584,583,683,704,698,696,766,690,686,702,581,700,585,764,838,693,765
3,710,803,707,713
3,840,717,804,711
3,841,715,708
3,588,716,714,709,839,587,589,706,712,767
3,730,757,732,814
3,755,811,728,743
3,722,806,739,745,735
3,736,747,843,719
3,753,726,733
3,751,845,729,723
3,749,844,813,742,810,807,725,720,740
3,595,731,593,727,721,594,770,592,752,744,741,734,768,748,596,737,597,718,754,750,746,769,842,591,724,756
4,600
4,601
4
4,603
4,604
4
4,606
4,607
4,608
4
4,610
4,611
4
4,613
4,614
4
4,616
4,617
4,618
4
4,620
4,621
4
4,623
4
4,625
4
4,627
4
4,629
4
4,631
4
4,633
4
4,635
4,636
4,637
4,638
4
4,640
4,641
4
4,643
4,644
4
4,646
4,647
4,648
4
4,650
4,651
4
4,653
4,654
4
4,656
4,657
4
4,659
4,660
4,661
4
4,663
4,664
4
4,666
4
4,668
4
4,670
4
4,672
4
4,674
4
4,676
4
4,678
4
4,680
4
4,682
4
4,684
4,685
4
4,687
4,688
4,689
4
4,691
4,692
4
4,694
4,695
4
4,697
4
4,699
4
4,701
4
4,703
4
4,705
4
4,707
4,708
4
4,710
4,711
4
4,713
4
4,715
4
4,717
4
4,719
4,720
4
4,722
4,723
4
4,725
4,726
4
4,728
4,729
4,730
4
4,732
4,733
4
4,735
4,736
4
4,738
4,739
4,740
4
4,742
4,743
4
4,745
4
4,747
4
4,749
4
4,751
4
4,753
4
4,755
4
4,757
4
5,771
5,774
5,778
5,781
5,784
5,788
5,791
5,795
5,799
5,802
5,805
5,808
5,812
6,772
6,773
6
6,775
6,776
6,777
6
6,779
6,780
6
6,782
6,783
6
6,785
6,786
6,787
6
6,789
6,790
6
6,792
6,793
6,794
6
6,796
6,797
6,798
6
6,800
6,801
6
6,803
6,804
6
6,806
6,807
6
6,809
6,810
6,811
6
6,813
6,814
6
14,838,58
14,92,62,110,89,113,95,77,80,104,83,107,98,116,74,839,832,65,71,86,101,68,59
14,281,218,353,380,173,308,311,347,341,305,371,188,125,122,137,302,383,284,329,149,200,368,278,242,275,197,350,215,392,152,257,209,263,251,164,224,344,167,131,245,170,212,835,356,326,290,389,362,299,146,287,239,269,320,203,314,335,338,236,317,374,194,272,248,254,155,386,233,182,260,293,119,359,377,206,266,221,128,185,140,332,296,134,179,230,191,323,227,158,161,365,143,176
14,427,451,543,411,499,479,503,491,431,423,523,483,403,842,439,419,539,407,459,467,443,547,535,511,471,507,531,495,455,515,447,475,435,487,399,527,463,519,395,415,551
12,652,792,734,771,738,690,709,781,659,655,805,616
12,642,724,602
12,718
12,706,683,639,599,721
12,609,649,731
12,612,555,558,561,802
12,634
12,645,686,727,605
12,744,712,696,622,667,665,669
12,626,632,756,677,752,628,700,630,702,754,679,750,704,714,675,681
12,671
12,716,673,748,698,746,624
12,796,785,619,693,775,741,812,809,662,799,778,788
7,833
7,834
7
7,836
7,837
7
7,846
7,840
7,841
7
7,843
7,844
7,845
7
15
15
15
15
15
15
15
15
15
15
15
15
15
15
15
15
15
15
15
15
15
15
15
15
15
15
15
15
15