0
0
0
0
0
0
0,323
0
0,64,245,277,293,261,40,213,76,52,229,309,197
0
0
0
0
0
0
0
0,55,43,313,297,67,201,265,281,233,79,217,249
0
0,301,46,205,70,221,58,317,237,285,253,269,82
0,61,305,241,85,273,225,49,257,73,289,209,321
0
0
0
0
0,87,93,96,90
0,105,99,108,102
0,117,120,114,111
0,129,126,132,123
0,141,138,144,135
0,156,150,153,147
0,159,162,165,168
0,171,174,177,180
0,192,183,186,189
0,320,252,203,160,136,195,235,199,280,207,223,316,284,112,231,276,48,248,288,227,148,215,312,308,219,244,42,211,39,239,45,100,172,184,88,124,256
0,263,196,243,208,115,103,300,54,271,247,267,151,200,139,51,175,259,91,304,127,296,57,251,292,187,60,255,204,163
0,224,264,295,291,299,216,212,220,154,166,283,303,69,94,268,260,118,130,279,190,63,106,142,287,66,178,275,72,272
0,311,232,240,84,236,78,81,193,97,169,324,121,228,133,157,315,145,181,319,307,75,109
1,607
1,39
1,40
1,611
1,42
1,43
1,616
1,45
1,46
1,624
1,48
1,49
1,628
1,51
1,52
1,608
1,54
1,55
1,609
1,57
1,58
1,610
1,60
1,61
1,611
1,63
1,64
1,608
1,66
1,67
1,609
1,69
1,70
1,610
1,72
1,73
1,611
1,75
1,76
1,608
1,78
1,79
1,609
1,81
1,82
1,610
1,84
1,85
1,611
1,87
1,88
1,626
1,90
1,91
1,613
1,93
1,94
1,613
1,96
1,97
1,616
1,99
1,100
1,622
1,102
1,103
1,614
1,105
1,106
1,617
1,108
1,109
1,619
1,111
1,112
1,626
1,114
1,115
1,617
1,117
1,118
1,615
1,120
1,121
1,614
1,123
1,124
1,625
1,126
1,127
1,615
1,129
1,130
1,612
1,132
1,133
1,614
1,135
1,136
1,626
1,138
1,139
1,616
1,141
1,142
1,616
1,144
1,145
1,615
1,147
1,148
1,623
1,150
1,151
1,617
1,153
1,154
1,614
1,156
1,157
1,620
1,159
1,160
1,629
1,162
1,163
1,615
1,165
1,166
1,616
1,168
1,169
1,616
1,171
1,172
1,625
1,174
1,175
1,613
1,177
1,178
1,613
1,180
1,181
1,617
1,183
1,184
1,627
1,186
1,187
1,613
1,189
1,190
1,614
1,192
1,193
1,616
1,195
1,196
1,197
1,610
1,199
1,200
1,201
1,614
1,203
1,204
1,205
1,621
1,207
1,208
1,209
1,624
1,211
1,212
1,213
1,612
1,215
1,216
1,217
1,618
1,219
1,220
1,221
1,627
1,223
1,224
1,225
1,630
1,227
1,228
1,229
1,612
1,231
1,232
1,233
1,618
1,235
1,236
1,237
1,627
1,239
1,240
1,241
1,630
1,243
1,244
1,245
1,610
1,247
1,248
1,249
1,614
1,251
1,252
1,253
1,621
1,255
1,256
1,257
1,624
1,259
1,260
1,261
1,609
1,263
1,264
1,265
1,610
1,267
1,268
1,269
1,614
1,271
1,272
1,273
1,616
1,275
1,276
1,277
1,612
1,279
1,280
1,281
1,618
1,283
1,284
1,285
1,627
1,287
1,288
1,289
1,630
1,291
1,292
1,293
1,609
1,295
1,296
1,297
1,610
1,299
1,300
1,301
1,614
1,303
1,304
1,305
1,616
1,307
1,308
1,309
1,612
1,311
1,312
1,313
1,618
1,315
1,316
1,317
1,627
1,319
1,320
1,321
1,630
2,323
2,324
2
3,371,541,394,369
3,392,382,367,538
3,361,378,374,533,384
3,372,365,390
3,537,379,534,375,386,381,594,540,364
3,368,388,362,595
3,330,385,521,325,328,370,327,363,389,393,376,383,519,520,387,373,326,391,360,380,593,366,329
3,443,551,409,411
3,425,548,441,407
3,397,414,427
3,398,417,429
3,439,405,412
3,399,431,401,421,543
3,547,424,435,415,422,418,404,598,544,550
3,597,396,433
3,437,402,408
3,440,339,406,430,596,400,395,335,340,426,410,432,522,338,436,524,428,523,434,337,413,442,336,416,423,438,403,333,332,334,419
3,562,466,448
3,464,456,559,450
3,554,445,452,458
3,460,453,455,555,558,561
3,446,462,449
3,526,465,459,346,599,344,451,527,343,444,447,463,342,454,457,525,345,461
3,564,474,471,468
3,601,565,478,472
3,469,476,602
3,350,477,467,600,475,349,470,348,473,528
3,491,518,493,575
3,489,572,516,504
3,567,483,506,500,496
3,497,508,480,604
3,514,494,487
3,484,512,606,490
3,571,503,486,568,510,605,574,481,501
3,507,515,502,488,517,492,511,482,495,603,529,531,357,354,352,485,498,358,356,530,353,505,513,479,509,355
4,361
4,362
4
4,364
4,365
4
4,367
4,368
4,369
4
4,371
4,372
4
4,374
4,375
4
4,377
4,378
4,379
4
4,381
4,382
4
4,384
4
4,386
4
4,388
4
4,390
4
4,392
4
4,394
4
4,396
4,397
4,398
4,399
4
4,401
4,402
4
4,404
4,405
4
4,407
4,408
4,409
4
4,411
4,412
4
4,414
4,415
4
4,417
4,418
4
4,420
4,421
4,422
4
4,424
4,425
4
4,427
4
4,429
4
4,431
4
4,433
4
4,435
4
4,437
4
4,439
4
4,441
4
4,443
4
4,445
4,446
4
4,448
4,449
4,450
4
4,452
4,453
4
4,455
4,456
4
4,458
4
4,460
4
4,462
4
4,464
4
4,466
4
4,468
4,469
4
4,471
4,472
4
4,474
4
4,476
4
4,478
4
4,480
4,481
4
4,483
4,484
4
4,486
4,487
4
4,489
4,490
4,491
4
4,493
4,494
4
4,496
4,497
4
4,499
4,500
4,501
4
4,503
4,504
4
4,506
4
4,508
4
4,510
4
4,512
4
4,514
4
4,516
4
4,518
4
5,532
5,535
5,539
5,542
5,545
5,549
5,552
5,556
5,560
5,563
5,566
5,569
5,573
6,533
6,534
6
6,536
6,537
6,538
6
6,540
6,541
6
6,543
6,544
6
6,546
6,547
6,548
6
6,550
6,551
6
6,553
6,554
6,555
6
6,557
6,558
6,559
6
6,561
6,562
6
6,564
6,565
6
6,567
6,568
6
6,570
6,571
6,572
6
6,574
6,575
6
14,37,599
14,65,77,71,74,83,593,53,56,59,41,80,47,50,62,68,44,38,600
14,125,131,107,95,164,182,143,179,146,152,110,149,188,86,173,167,113,104,101,158,596,170,134,191,161,128,92,98,119,137,140,122,176,185,116,155,89
14,242,282,246,206,302,298,218,314,254,603,238,194,310,222,198,318,262,226,266,258,294,214,234,306,202,290,274,230,210,286,278,250,270
12,566,413,377,451,532,416,470,499,542,495,553,420
12,363,403,485
12,479
12,444,360,400,467,482
12,492,370,410
12,322,373,563
12,395
12,366,406,488,447
12,426,383,428,473,457,505,430
12,440,511,442,438,475,393,387,463,513,517,465,461,389,436,391,515
12,432
12,434,507,477,459,509,385
12,573,570,539,560,423,502,454,557,546,549,536,380
7,594
7,595
7
7,597
7,598
7
7,607
7,601
7,602
7
7,604
7,605
7,606
7
15
15
15
15
15
15
15
15
15
15
15
15
15
15
15
15
15
15
15
15
15
15
15
15