0
0
0
0
0
0
0
0,816
0
0
0
0
0
0
0
0
0
0
0
0
0
0
0,825
0,828
0,831
0,819
0,822
0
0,718,658,778,678,138,123,738,758,108,93,698,798
0
0
0
0
0
0
0
0,802,96,762,141,126,742,782,111,722,682,702,662
0,746,806,766,99,129,144,114,706,666,786,686,726
0,117,810,790,670,750,132,102,770,147,730,710,690
0,814,794,774,120,754,674,135,714,734,105,150,694
0
0
0
0
0,152,161,155,158
0,167,164,170,173
0,179,185,176,182
0,188,194,191,197
0,209,200,206,203
0,215,212,221,218
0,224,230,233,227
0,245,236,242,239
0,254,251,248,257
0,269,263,266,260
0,275,278,272,281
0,290,293,287,284
0,302,299,305,296
0,308,311,317,314
0,323,326,320,329
0,335,341,338,332
0,350,353,347,344
0,359,362,365,356
0,374,377,371,368
0,386,383,380,389
0,398,392,395,401
0,413,404,407,410
0,416,419,422,425
0,434,428,431,437
0,449,446,440,443
0,458,461,455,452
0,470,467,473,464
0,482,479,485,476
0,497,488,491,494
0,506,500,509,503
0,515,512,518,521
0,524,527,530,533
0,545,542,536,539
0,557,548,551,554
0,560,569,566,563
0,572,575,578,581
0,587,590,584,593
0,599,602,596,605
0,617,611,614,608
0,626,623,620,629
0,632,641,638,635
0,653,644,647,650
0,721,561,573,813,645,809,805,801,237,357,297,525,249,213,369,668,797,672,381,345,656,765,417,261,453,769,189,684,429,688,633,537,597,621,708,773,676,405,477,393,309,321,333,696,285,92,704,441,712,513,98,225,757,177,549,717,489,153,609,501,201,465,729,104,680,165,692,664,101,700,585,761,660,733,95,273,725
0,588,728,300,204,276,789,252,552,540,348,228,116,480,372,396,312,384,456,732,504,673,444,492,168,826,636,657,564,408,720,336,612,420,432,740,468,119,777,661,192,724,793,156,360,785,781,624,600,752,669,528,180,516,744,665,748,288,648,107,716,736,264,324,110,576,240,113,216
0,753,689,291,737,823,591,279,122,519,159,171,134,351,231,579,756,749,615,339,128,483,741,768,495,772,315,681,531,399,788,459,507,411,627,651,195,567,423,447,125,375,267,363,219,760,776,685,303,543,243,603,555,780,792,471,764,639,745,255,207,693,327,435,131,677,387,183,784
0,582,705,829,330,701,808,246,378,186,143,210,402,234,713,697,354,294,534,390,137,414,438,462,817,709,486,306,832,426,149,318,796,820,282,812,140,342,270,522,804,198,642,498,474,146,558,618,258,630,162,222,174,594,546,800,654,570,450,366,606,510
1,1115
1,92
1,93
1,1120
1,95
1,96
1,1125
1,98
1,99
1,1130
1,101
1,102
1,1135
1,104
1,105
1,1140
1,107
1,108
1,1116
1,110
1,111
1,1117
1,113
1,114
1,1118
1,116
1,117
1,1119
1,119
1,120
1,1120
1,122
1,123
1,1116
1,125
1,126
1,1117
1,128
1,129
1,1118
1,131
1,132
1,1119
1,134
1,135
1,1120
1,137
1,138
1,1116
1,140
1,141
1,1117
1,143
1,144
1,1118
1,146
1,147
1,1119
1,149
1,150
1,1120
1,152
1,153
1,1138
1,155
1,156
1,1123
1,158
1,159
1,1125
1,161
1,162
1,1124
1,164
1,165
1,1140
1,167
1,168
1,1125
1,170
1,171
1,1122
1,173
1,174
1,1119
1,176
1,177
1,1135
1,179
1,180
1,1127
1,182
1,183
1,1127
1,185
1,186
1,1129
1,188
1,189
1,1133
1,191
1,192
1,1124
1,194
1,195
1,1122
1,197
1,198
1,1125
1,200
1,201
1,1133
1,203
1,204
1,1127
1,206
1,207
1,1124
1,209
1,210
1,1121
1,212
1,213
1,1132
1,215
1,216
1,1121
1,218
1,219
1,1125
1,221
1,222
1,1126
1,224
1,225
1,1129
1,227
1,228
1,1124
1,230
1,231
1,1124
1,233
1,234
1,1125
1,236
1,237
1,1131
1,239
1,240
1,1124
1,242
1,243
1,1121
1,245
1,246
1,1125
1,248
1,249
1,1133
1,251
1,252
1,1125
1,254
1,255
1,1122
1,257
1,258
1,1123
1,260
1,261
1,1134
1,263
1,264
1,1124
1,266
1,267
1,1123
1,269
1,270
1,1123
1,272
1,273
1,1131
1,275
1,276
1,1124
1,278
1,279
1,1125
1,281
1,282
1,1123
1,284
1,285
1,1140
1,287
1,288
1,1126
1,290
1,291
1,1122
1,293
1,294
1,1126
1,296
1,297
1,1139
1,299
1,300
1,1124
1,302
1,303
1,1124
1,305
1,306
1,1125
1,308
1,309
1,1136
1,311
1,312
1,1124
1,314
1,315
1,1125
1,317
1,318
1,1125
1,320
1,321
1,1136
1,323
1,324
1,1125
1,326
1,327
1,1122
1,329
1,330
1,1125
1,332
1,333
1,1133
1,335
1,336
1,1123
1,338
1,339
1,1124
1,341
1,342
1,1125
1,344
1,345
1,1135
1,347
1,348
1,1124
1,350
1,351
1,1122
1,353
1,354
1,1126
1,356
1,357
1,1137
1,359
1,360
1,1127
1,362
1,363
1,1122
1,365
1,366
1,1123
1,368
1,369
1,1137
1,371
1,372
1,1125
1,374
1,375
1,1126
1,377
1,378
1,1121
1,380
1,381
1,1141
1,383
1,384
1,1121
1,386
1,387
1,1125
1,389
1,390
1,1124
1,392
1,393
1,1125
1,395
1,396
1,1125
1,398
1,399
1,1128
1,401
1,402
1,1123
1,404
1,405
1,1128
1,407
1,408
1,1126
1,410
1,411
1,1127
1,413
1,414
1,1126
1,416
1,417
1,1141
1,419
1,420
1,1123
1,422
1,423
1,1124
1,425
1,426
1,1125
1,428
1,429
1,1135
1,431
1,432
1,1124
1,434
1,435
1,1125
1,437
1,438
1,1122
1,440
1,441
1,1134
1,443
1,444
1,1124
1,446
1,447
1,1124
1,449
1,450
1,1124
1,452
1,453
1,1138
1,455
1,456
1,1125
1,458
1,459
1,1123
1,461
1,462
1,1124
1,464
1,465
1,1136
1,467
1,468
1,1126
1,470
1,471
1,1125
1,473
1,474
1,1126
1,476
1,477
1,1132
1,479
1,480
1,1121
1,482
1,483
1,1127
1,485
1,486
1,1126
1,488
1,489
1,1132
1,491
1,492
1,1125
1,494
1,495
1,1126
1,497
1,498
1,1128
1,500
1,501
1,1133
1,503
1,504
1,1124
1,506
1,507
1,1126
1,509
1,510
1,1123
1,512
1,513
1,1139
1,515
1,516
1,1123
1,518
1,519
1,1126
1,521
1,522
1,1125
1,524
1,525
1,1136
1,527
1,528
1,1123
1,530
1,531
1,1124
1,533
1,534
1,1125
1,536
1,537
1,1128
1,539
1,540
1,1124
1,542
1,543
1,1125
1,545
1,546
1,1122
1,548
1,549
1,1133
1,551
1,552
1,1128
1,554
1,555
1,1123
1,557
1,558
1,1125
1,560
1,561
1,1139
1,563
1,564
1,1126
1,566
1,567
1,1123
1,569
1,570
1,1122
1,572
1,573
1,1135
1,575
1,576
1,1125
1,578
1,579
1,1125
1,581
1,582
1,1126
1,584
1,585
1,1142
1,587
1,588
1,1127
1,590
1,591
1,1122
1,593
1,594
1,1122
1,596
1,597
1,1127
1,599
1,600
1,1126
1,602
1,603
1,1127
1,605
1,606
1,1125
1,608
1,609
1,1127
1,611
1,612
1,1126
1,614
1,615
1,1125
1,617
1,618
1,1122
1,620
1,621
1,1130
1,623
1,624
1,1126
1,626
1,627
1,1123
1,629
1,630
1,1122
1,632
1,633
1,1133
1,635
1,636
1,1124
1,638
1,639
1,1126
1,641
1,642
1,1124
1,644
1,645
1,1137
1,647
1,648
1,1124
1,650
1,651
1,1124
1,653
1,654
1,1123
1,656
1,657
1,658
1,1119
1,660
1,661
1,662
1,1123
1,664
1,665
1,666
1,1127
1,668
1,669
1,670
1,1131
1,672
1,673
1,674
1,1135
1,676
1,677
1,678
1,1121
1,680
1,681
1,682
1,1127
1,684
1,685
1,686
1,1133
1,688
1,689
1,690
1,1139
1,692
1,693
1,694
1,1143
1,696
1,697
1,698
1,1121
1,700
1,701
1,702
1,1127
1,704
1,705
1,706
1,1133
1,708
1,709
1,710
1,1139
1,712
1,713
1,714
1,1143
1,716
1,717
1,718
1,1119
1,720
1,721
1,722
1,1123
1,724
1,725
1,726
1,1127
1,728
1,729
1,730
1,1131
1,732
1,733
1,734
1,1135
1,736
1,737
1,738
1,1117
1,740
1,741
1,742
1,1119
1,744
1,745
1,746
1,1121
1,748
1,749
1,750
1,1123
1,752
1,753
1,754
1,1125
1,756
1,757
1,758
1,1121
1,760
1,761
1,762
1,1127
1,764
1,765
1,766
1,1133
1,768
1,769
1,770
1,1139
1,772
1,773
1,774
1,1143
1,776
1,777
1,778
1,1117
1,780
1,781
1,782
1,1119
1,784
1,785
1,786
1,1121
1,788
1,789
1,790
1,1123
1,792
1,793
1,794
1,1125
1,796
1,797
1,798
1,1121
1,800
1,801
1,802
1,1127
1,804
1,805
1,806
1,1133
1,808
1,809
1,810
1,1139
1,812
1,813
1,814
1,1143
2,816
2,817
2
2,819
2,820
2
2,822
2,823
2
2,825
2,826
2
2,828
2,829
2
2,831
2,832
2
3,879,1049,877,902
3,1046,900,875,890
3,886,869,1041,882,892
3,898,880,873
3,887,883,1045,1042,1102,872,889,1048,894
3,876,1103,870,896
3,893,901,1027,895,874,1101,891,881,836,899,878,884,897,1028,834,838,833,835,868,1029,871,837,888
3,951,1059,917,919
3,1056,949,933,915
3,905,922,935
3,937,906,925
3,947,913,920
3,1051,929,907,939,909
3,1055,943,1058,1106,1052,930,926,923,912,932
3,1105,904,941
3,910,945,916
3,948,936,950,938,842,914,1104,903,846,848,918,840,921,924,946,847,1032,934,908,843,940,944,841,1031,1030,911,931,942,845,844,927
3,1070,956,974
3,964,972,958,1067
3,953,966,1062,960
3,1066,1069,1063,968,963,961
3,957,970,954
3,851,853,962,852,952,973,967,965,1035,959,850,1033,969,854,1107,955,971,1034
3,979,1072,976,982
3,1109,986,1073,980
3,977,1110,984
3,857,983,985,978,1108,858,975,856,981,1036
3,999,1026,1001,1083
3,1024,1080,997,1012
3,991,1008,1075,1014,1004
3,1005,988,1016,1112
3,1022,995,1002
3,992,1020,1114,998
3,1113,1082,1011,1079,1076,1018,994,989,1009
3,864,1000,1015,862,996,987,990,863,860,1039,861,1010,1003,1037,1017,865,1006,866,1038,1021,1023,1019,1111,993,1025,1013
4,869
4,870
4
4,872
4,873
4
4,875
4,876
4,877
4
4,879
4,880
4
4,882
4,883
4
4,885
4,886
4,887
4
4,889
4,890
4
4,892
4
4,894
4
4,896
4
4,898
4
4,900
4
4,902
4
4,904
4,905
4,906
4,907
4
4,909
4,910
4
4,912
4,913
4
4,915
4,916
4,917
4
4,919
4,920
4
4,922
4,923
4
4,925
4,926
4
4,928
4,929
4,930
4
4,932
4,933
4
4,935
4
4,937
4
4,939
4
4,941
4
4,943
4
4,945
4
4,947
4
4,949
4
4,951
4
4,953
4,954
4
4,956
4,957
4,958
4
4,960
4,961
4
4,963
4,964
4
4,966
4
4,968
4
4,970
4
4,972
4
4,974
4
4,976
4,977
4
4,979
4,980
4
4,982
4
4,984
4
4,986
4
4,988
4,989
4
4,991
4,992
4
4,994
4,995
4
4,997
4,998
4,999
4
4,1001
4,1002
4
4,1004
4,1005
4
4,1007
4,1008
4,1009
4
4,1011
4,1012
4
4,1014
4
4,1016
4
4,1018
4
4,1020
4
4,1022
4
4,1024
4
4,1026
4
5,1040
5,1043
5,1047
5,1050
5,1053
5,1057
5,1060
5,1064
5,1068
5,1071
5,1074
5,1077
5,1081
6,1041
6,1042
6
6,1044
6,1045
6,1046
6
6,1048
6,1049
6
6,1051
6,1052
6
6,1054
6,1055
6,1056
6
6,1058
6,1059
6
6,1061
6,1062
6,1063
6
6,1065
6,1066
6,1067
6
6,1069
6,1070
6
6,1072
6,1073
6
6,1075
6,1076
6
6,1078
6,1079
6,1080
6
6,1082
6,1083
6
14,1107,90
14,124,94,142,103,121,145,127,109,112,136,115,139,130,148,106,1108,1101,97,118,133,100,91
14,478,241,469,313,250,385,412,550,526,496,568,340,577,532,619,586,343,379,499,337,403,481,220,508,466,154,277,523,334,415,316,361,616,244,181,232,634,400,310,274,307,628,637,229,583,556,247,493,424,184,289,295,283,196,538,256,376,199,163,439,544,205,451,541,202,589,157,1104,388,448,454,643,472,322,421,382,484,190,394,529,169,433,358,487,331,574,178,517,319,271,373,442,301,490,352,571,649,235,346,367,370,475,268,349,613,406,226,514,427,304,562,457,535,460,280,286,580,187,418,265,214,292,325,151,610,520,391,565,409,553,631,607,238,298,430,253,160,502,217,622,172,364,505,328,559,436,646,625,592,652,166,211,463,640,598,604,223,355,259,601,193,445,397,175,547,262,595,511,208
14,675,771,743,695,723,763,751,683,787,739,1111,795,759,659,719,767,755,715,707,803,711,699,783,775,779,727,655,703,731,691,791,799,679,687,667,807,747,811,663,735,671
12,921,1007,1003,1040,1061,959,924,978,1050,928,1074,885
12,911,871,993
12,987
12,952,908,868,975,990
12,1000,918,878
12,824,815,830,827,818,821,881,1071
12,903
12,914,955,996,874
12,891,981,965,936,934,938,1013
12,901,1025,1021,897,895,899,946,971,1019,969,1023,948,973,983,944,950
12,940
12,985,942,1017,967,1015,893
12,1065,1054,888,962,1044,1010,1081,1078,931,1068,1047,1057
7,1102
7,1103
7
7,1105
7,1106
7
7,1115
7,1109
7,1110
7
7,1112
7,1113
7,1114
7
15
15
15
15
15
15
15
15
15
15
15
15
15
15
15
15
15
15
15
15
15
15
15
15
15
15
15
15
15