0
0
0
0
0
0
0
0
0
0
0
0
0
0
0
0
0
0
0
0
0
0
0
0
0
0
0
0
0
0
0
0
0
0
0
0,1130
0,1136
0,1139
0,1142
0,1145
0,1148
0,1133
0
0,992,1012,1052,1112,176,161,1072,1032,1092,146,131,972
0
0
0
0
0
0
0
0,996,134,179,164,1096,1056,149,976,1036,1016,1116,1076
0,1040,137,167,1080,1020,1060,1000,980,182,152,1120,1100
0,1044,155,170,1084,140,1064,1104,185,1124,984,1004,1024
0,1128,1088,1028,158,173,1108,1048,143,1008,188,1068,988
0
0
0
0
0,190,199,193,196
0,205,202,208,211
0,217,223,214,220
0,226,232,229,235
0,247,238,244,241
0,253,250,259,256
0,262,268,271,265
0,283,274,280,277
0,292,289,286,295
0,307,301,304,298
0,313,316,310,319
0,331,325,328,322
0,340,337,343,334
0,346,349,355,352
0,361,364,358,367
0,379,373,376,370
0,388,391,385,382
0,403,397,400,394
0,412,415,409,406
0,424,421,418,427
0,436,430,433,439
0,451,442,445,448
0,454,457,460,463
0,472,466,469,475
0,487,484,478,481
0,496,499,493,490
0,505,511,502,508
0,520,517,523,514
0,535,526,529,532
0,544,538,547,541
0,553,550,556,559
0,565,568,571,562
0,583,580,574,577
0,595,586,589,592
0,598,607,604,601
0,610,613,616,619
0,625,628,622,631
0,643,640,637,634
0,655,649,652,646
0,667,658,664,661
0,676,673,670,679
0,685,682,691,688
0,700,694,697,703
0,706,709,715,712
0,724,718,727,721
0,736,733,739,730
0,745,751,742,748
0,760,754,763,757
0,772,769,775,766
0,784,787,778,781
0,799,790,796,793
0,808,805,802,811
0,823,820,814,817
0,826,832,835,829
0,847,841,844,838
0,856,853,850,859
0,871,862,865,868
0,874,877,883,880
0,892,886,889,895
0,901,898,904,907
0,913,910,919,916
0,925,922,928,931
0,934,940,937,943
0,952,946,949,955
0,967,961,964,958
0,815,990,1143,719,743,707,599,1087,683,923,1002,1039,994,1014,275,970,998,755,335,863,563,287,251,986,875,1010,407,839,1115,1111,947,671,419,395,851,899,383,1083,1075,611,455,974,935,1047,299,1123,491,779,227,467,1127,575,635,731,659,1035,1022,978,443,515,959,527,431,982,347,803,359,371,323,130,479,551,136,263,215,587,1018,1119,191,647,539,1079,1026,239,767,503,1031,1043,887,142,1006,203,139,791,623,827,1071,133,311,911,695
0,1146,1034,854,626,338,242,314,794,290,590,1134,578,878,386,266,154,518,734,410,434,350,422,1099,758,494,1046,542,1091,482,530,830,206,674,975,602,446,374,746,842,650,458,470,710,1137,971,506,157,926,698,230,1050,866,983,782,194,950,890,398,1066,1058,662,902,638,938,914,566,218,554,722,1062,1107,1038,326,686,1030,1042,1140,145,962,987,806,1095,979,302,362,148,614,1054,254,278,770,1103,818,151
0,1074,329,991,965,1059,869,1003,785,845,999,1106,1051,629,317,160,797,557,197,209,172,773,1086,269,617,1063,653,377,166,521,533,905,833,353,917,713,569,437,497,545,1070,449,665,881,689,233,809,929,605,461,485,163,995,413,725,893,305,401,257,1007,341,1098,1078,1055,581,701,281,641,593,509,1067,1082,677,761,293,245,1094,857,365,473,389,953,169,1090,737,425,221,941,749,821,1102
0,620,884,332,368,728,212,284,776,416,764,224,181,248,1114,752,440,272,836,920,968,824,1015,392,572,428,1011,788,175,452,1027,476,500,1131,524,344,1126,848,464,356,800,1019,187,872,908,860,944,896,320,932,488,380,1110,178,308,704,560,236,680,536,512,184,1118,1023,596,656,740,812,296,668,200,260,956,632,584,1122,716,692,608,404,1149,644,548
1,1432
1,130
1,131
1,1437
1,133
1,134
1,1442
1,136
1,137
1,1447
1,139
1,140
1,1452
1,142
1,143
1,1457
1,145
1,146
1,1433
1,148
1,149
1,1434
1,151
1,152
1,1435
1,154
1,155
1,1436
1,157
1,158
1,1437
1,160
1,161
1,1433
1,163
1,164
1,1434
1,166
1,167
1,1435
1,169
1,170
1,1436
1,172
1,173
1,1437
1,175
1,176
1,1433
1,178
1,179
1,1434
1,181
1,182
1,1435
1,184
1,185
1,1436
1,187
1,188
1,1437
1,190
1,191
1,1451
1,193
1,194
1,1439
1,196
1,197
1,1442
1,199
1,200
1,1443
1,202
1,203
1,1453
1,205
1,206
1,1440
1,208
1,209
1,1441
1,211
1,212
1,1441
1,214
1,215
1,1455
1,217
1,218
1,1436
1,220
1,221
1,1445
1,223
1,224
1,1442
1,226
1,227
1,1450
1,229
1,230
1,1446
1,232
1,233
1,1441
1,235
1,236
1,1443
1,238
1,239
1,1451
1,241
1,242
1,1442
1,244
1,245
1,1441
1,247
1,248
1,1441
1,250
1,251
1,1453
1,253
1,254
1,1438
1,256
1,257
1,1438
1,259
1,260
1,1441
1,262
1,263
1,1455
1,265
1,266
1,1443
1,268
1,269
1,1442
1,271
1,272
1,1438
1,274
1,275
1,1444
1,277
1,278
1,1442
1,280
1,281
1,1439
1,283
1,284
1,1440
1,286
1,287
1,1453
1,289
1,290
1,1442
1,292
1,293
1,1442
1,295
1,296
1,1442
1,298
1,299
1,1451
1,301
1,302
1,1440
1,304
1,305
1,1442
1,307
1,308
1,1443
1,310
1,311
1,1449
1,313
1,314
1,1440
1,316
1,317
1,1443
1,319
1,320
1,1441
1,322
1,323
1,1450
1,325
1,326
1,1441
1,328
1,329
1,1444
1,331
1,332
1,1445
1,334
1,335
1,1448
1,337
1,338
1,1440
1,340
1,341
1,1440
1,343
1,344
1,1442
1,346
1,347
1,1450
1,349
1,350
1,1442
1,352
1,353
1,1442
1,355
1,356
1,1444
1,358
1,359
1,1454
1,361
1,362
1,1442
1,364
1,365
1,1438
1,367
1,368
1,1443
1,370
1,371
1,1452
1,373
1,374
1,1442
1,376
1,377
1,1441
1,379
1,380
1,1441
1,382
1,383
1,1457
1,385
1,386
1,1442
1,388
1,389
1,1440
1,391
1,392
1,1437
1,394
1,395
1,1453
1,397
1,398
1,1443
1,400
1,401
1,1442
1,403
1,404
1,1441
1,406
1,407
1,1446
1,409
1,410
1,1440
1,412
1,413
1,1440
1,415
1,416
1,1441
1,418
1,419
1,1451
1,421
1,422
1,1438
1,424
1,425
1,1441
1,427
1,428
1,1442
1,430
1,431
1,1449
1,433
1,434
1,1441
1,436
1,437
1,1445
1,439
1,440
1,1442
1,442
1,443
1,1456
1,445
1,446
1,1440
1,448
1,449
1,1444
1,451
1,452
1,1442
1,454
1,455
1,1451
1,457
1,458
1,1443
1,460
1,461
1,1441
1,463
1,464
1,1444
1,466
1,467
1,1452
1,469
1,470
1,1443
1,472
1,473
1,1441
1,475
1,476
1,1439
1,478
1,479
1,1449
1,481
1,482
1,1439
1,484
1,485
1,1441
1,487
1,488
1,1442
1,490
1,491
1,1455
1,493
1,494
1,1441
1,496
1,497
1,1440
1,499
1,500
1,1442
1,502
1,503
1,1450
1,505
1,506
1,1441
1,508
1,509
1,1445
1,511
1,512
1,1443
1,514
1,515
1,1446
1,517
1,518
1,1443
1,520
1,521
1,1441
1,523
1,524
1,1445
1,526
1,527
1,1457
1,529
1,530
1,1443
1,532
1,533
1,1441
1,535
1,536
1,1439
1,538
1,539
1,1447
1,541
1,542
1,1445
1,544
1,545
1,1442
1,547
1,548
1,1441
1,550
1,551
1,1450
1,553
1,554
1,1440
1,556
1,557
1,1443
1,559
1,560
1,1440
1,562
1,563
1,1452
1,565
1,566
1,1442
1,568
1,569
1,1444
1,571
1,572
1,1440
1,574
1,575
1,1451
1,577
1,578
1,1442
1,580
1,581
1,1445
1,583
1,584
1,1441
1,586
1,587
1,1453
1,589
1,590
1,1442
1,592
1,593
1,1438
1,595
1,596
1,1443
1,598
1,599
1,1445
1,601
1,602
1,1439
1,604
1,605
1,1443
1,607
1,608
1,1439
1,610
1,611
1,1446
1,613
1,614
1,1439
1,616
1,617
1,1445
1,619
1,620
1,1441
1,622
1,623
1,1449
1,625
1,626
1,1443
1,628
1,629
1,1445
1,631
1,632
1,1441
1,634
1,635
1,1452
1,637
1,638
1,1439
1,640
1,641
1,1442
1,643
1,644
1,1444
1,646
1,647
1,1450
1,649
1,650
1,1442
1,652
1,653
1,1441
1,655
1,656
1,1438
1,658
1,659
1,1452
1,661
1,662
1,1445
1,664
1,665
1,1441
1,667
1,668
1,1440
1,670
1,671
1,1447
1,673
1,674
1,1441
1,676
1,677
1,1442
1,679
1,680
1,1440
1,682
1,683
1,1450
1,685
1,686
1,1442
1,688
1,689
1,1445
1,691
1,692
1,1443
1,694
1,695
1,1447
1,697
1,698
1,1442
1,700
1,701
1,1443
1,703
1,704
1,1443
1,706
1,707
1,1447
1,709
1,710
1,1441
1,712
1,713
1,1441
1,715
1,716
1,1442
1,718
1,719
1,1448
1,721
1,722
1,1442
1,724
1,725
1,1440
1,727
1,728
1,1441
1,730
1,731
1,1455
1,733
1,734
1,1443
1,736
1,737
1,1442
1,739
1,740
1,1441
1,742
1,743
1,1452
1,745
1,746
1,1437
1,748
1,749
1,1443
1,751
1,752
1,1440
1,754
1,755
1,1458
1,757
1,758
1,1442
1,760
1,761
1,1444
1,763
1,764
1,1441
1,766
1,767
1,1456
1,769
1,770
1,1441
1,772
1,773
1,1440
1,775
1,776
1,1440
1,778
1,779
1,1452
1,781
1,782
1,1444
1,784
1,785
1,1442
1,787
1,788
1,1443
1,790
1,791
1,1451
1,793
1,794
1,1443
1,796
1,797
1,1443
1,799
1,800
1,1444
1,802
1,803
1,1449
1,805
1,806
1,1443
1,808
1,809
1,1440
1,811
1,812
1,1440
1,814
1,815
1,1453
1,817
1,818
1,1441
1,820
1,821
1,1442
1,823
1,824
1,1443
1,826
1,827
1,1456
1,829
1,830
1,1446
1,832
1,833
1,1443
1,835
1,836
1,1443
1,838
1,839
1,1454
1,841
1,842
1,1444
1,844
1,845
1,1441
1,847
1,848
1,1438
1,850
1,851
1,1451
1,853
1,854
1,1442
1,856
1,857
1,1440
1,859
1,860
1,1444
1,862
1,863
1,1455
1,865
1,866
1,1441
1,868
1,869
1,1442
1,871
1,872
1,1441
1,874
1,875
1,1454
1,877
1,878
1,1443
1,880
1,881
1,1444
1,883
1,884
1,1443
1,886
1,887
1,1450
1,889
1,890
1,1443
1,892
1,893
1,1442
1,895
1,896
1,1441
1,898
1,899
1,1452
1,901
1,902
1,1443
1,904
1,905
1,1443
1,907
1,908
1,1441
1,910
1,911
1,1449
1,913
1,914
1,1438
1,916
1,917
1,1445
1,919
1,920
1,1440
1,922
1,923
1,1452
1,925
1,926
1,1436
1,928
1,929
1,1442
1,931
1,932
1,1442
1,934
1,935
1,1456
1,937
1,938
1,1439
1,940
1,941
1,1443
1,943
1,944
1,1445
1,946
1,947
1,1452
1,949
1,950
1,1439
1,952
1,953
1,1442
1,955
1,956
1,1442
1,958
1,959
1,1444
1,961
1,962
1,1441
1,964
1,965
1,1442
1,967
1,968
1,1444
1,970
1,971
1,972
1,1436
1,974
1,975
1,976
1,1440
1,978
1,979
1,980
1,1444
1,982
1,983
1,984
1,1448
1,986
1,987
1,988
1,1452
1,990
1,991
1,992
1,1438
1,994
1,995
1,996
1,1444
1,998
1,999
1,1000
1,1450
1,1002
1,1003
1,1004
1,1456
1,1006
1,1007
1,1008
1,1459
1,1010
1,1011
1,1012
1,1438
1,1014
1,1015
1,1016
1,1444
1,1018
1,1019
1,1020
1,1450
1,1022
1,1023
1,1024
1,1456
1,1026
1,1027
1,1028
1,1459
1,1030
1,1031
1,1032
1,1436
1,1034
1,1035
1,1036
1,1440
1,1038
1,1039
1,1040
1,1444
1,1042
1,1043
1,1044
1,1448
1,1046
1,1047
1,1048
1,1452
1,1050
1,1051
1,1052
1,1434
1,1054
1,1055
1,1056
1,1436
1,1058
1,1059
1,1060
1,1438
1,1062
1,1063
1,1064
1,1440
1,1066
1,1067
1,1068
1,1442
1,1070
1,1071
1,1072
1,1438
1,1074
1,1075
1,1076
1,1444
1,1078
1,1079
1,1080
1,1450
1,1082
1,1083
1,1084
1,1456
1,1086
1,1087
1,1088
1,1459
1,1090
1,1091
1,1092
1,1434
1,1094
1,1095
1,1096
1,1436
1,1098
1,1099
1,1100
1,1438
1,1102
1,1103
1,1104
1,1440
1,1106
1,1107
1,1108
1,1442
1,1110
1,1111
1,1112
1,1438
1,1114
1,1115
1,1116
1,1444
1,1118
1,1119
1,1120
1,1450
1,1122
1,1123
1,1124
1,1456
1,1126
1,1127
1,1128
1,1459
2,1130
2,1131
2
2,1133
2,1134
2
2,1136
2,1137
2
2,1139
2,1140
2
2,1142
2,1143
2
2,1145
2,1146
2
2,1148
2,1149
2
3,1196,1366,1194,1219
3,1363,1217,1192,1207
3,1203,1186,1358,1199,1209
3,1215,1197,1190
3,1204,1200,1362,1359,1419,1189,1206,1365,1211
3,1193,1420,1187,1213
3,1210,1346,1344,1212,1191,1418,1208,1153,1218,1216,1201,1195,1155,1214,1345,1151,1150,1152,1198,1154,1185,1188,1205
3,1268,1376,1234,1236
3,1373,1266,1250,1232
3,1222,1239,1252
3,1223,1254,1242
3,1230,1264,1237
3,1368,1246,1224,1256,1226
3,1372,1260,1375,1423,1369,1249,1247,1243,1240,1229
3,1422,1221,1258
3,1227,1262,1233
3,1265,1349,1253,1267,1255,1159,1231,1421,1220,1165,1235,1157,1163,1238,1241,1263,1164,1251,1225,1160,1257,1261,1158,1348,1228,1248,1347,1259,1162,1161,1244
3,1387,1273,1291
3,1275,1281,1289,1384
3,1270,1283,1379,1277
3,1383,1386,1380,1285,1280,1278
3,1274,1271,1287
3,1168,1170,1279,1290,1284,1288,1282,1352,1276,1167,1286,1171,1350,1424,1272,1169,1351,1269
3,1296,1389,1293,1299
3,1426,1303,1390,1297
3,1427,1301,1294
3,1298,1174,1300,1353,1302,1295,1425,1173,1175,1292
3,1316,1343,1318,1400
3,1341,1397,1314,1329
3,1308,1325,1392,1331,1321
3,1322,1305,1333,1429
3,1339,1312,1319
3,1337,1315,1431,1309
3,1430,1399,1396,1393,1335,1328,1311,1326,1306
3,1428,1317,1332,1179,1181,1313,1307,1180,1356,1310,1178,1330,1340,1327,1320,1354,1334,1182,1323,1355,1338,1304,1336,1177,1342,1183
4,1186
4,1187
4
4,1189
4,1190
4
4,1192
4,1193
4,1194
4
4,1196
4,1197
4
4,1199
4,1200
4
4,1202
4,1203
4,1204
4
4,1206
4,1207
4
4,1209
4
4,1211
4
4,1213
4
4,1215
4
4,1217
4
4,1219
4
4,1221
4,1222
4,1223
4,1224
4
4,1226
4,1227
4
4,1229
4,1230
4
4,1232
4,1233
4,1234
4
4,1236
4,1237
4
4,1239
4,1240
4
4,1242
4,1243
4
4,1245
4,1246
4,1247
4
4,1249
4,1250
4
4,1252
4
4,1254
4
4,1256
4
4,1258
4
4,1260
4
4,1262
4
4,1264
4
4,1266
4
4,1268
4
4,1270
4,1271
4
4,1273
4,1274
4,1275
4
4,1277
4,1278
4
4,1280
4,1281
4
4,1283
4
4,1285
4
4,1287
4
4,1289
4
4,1291
4
4,1293
4,1294
4
4,1296
4,1297
4
4,1299
4
4,1301
4
4,1303
4
4,1305
4,1306
4
4,1308
4,1309
4
4,1311
4,1312
4
4,1314
4,1315
4,1316
4
4,1318
4,1319
4
4,1321
4,1322
4
4,1324
4,1325
4,1326
4
4,1328
4,1329
4
4,1331
4
4,1333
4
4,1335
4
4,1337
4
4,1339
4
4,1341
4
4,1343
4
5,1357
5,1360
5,1364
5,1367
5,1370
5,1374
5,1377
5,1381
5,1385
5,1388
5,1391
5,1394
5,1398
6,1358
6,1359
6
6,1361
6,1362
6,1363
6
6,1365
6,1366
6
6,1368
6,1369
6
6,1371
6,1372
6,1373
6
6,1375
6,1376
6
6,1378
6,1379
6,1380
6
6,1382
6,1383
6,1384
6
6,1386
6,1387
6
6,1389
6,1390
6
6,1392
6,1393
6
6,1395
6,1396
6,1397
6
6,1399
6,1400
6
14,1424,128
14,162,132,180,141,159,183,165,147,150,174,153,177,168,129,186,144,1425,1418,135,156,171,138
14,516,696,507,351,288,744,831,450,588,753,897,564,900,534,747,735,606,378,615,570,774,906,867,813,657,624,381,417,960,537,375,441,519,762,966,258,954,546,504,192,315,423,561,924,372,795,453,783,354,678,399,654,957,888,699,861,219,270,672,786,927,771,438,348,312,345,666,675,267,621,879,594,864,420,285,531,462,702,222,807,942,327,279,333,321,234,576,294,414,429,237,201,477,873,582,723,912,828,243,489,936,579,240,282,627,195,846,1421,426,486,492,681,510,903,834,396,360,459,945,732,801,780,870,816,726,522,843,228,915,432,567,207,471,882,525,369,612,216,555,444,357,309,411,339,528,390,825,609,840,687,273,384,714,909,777,405,408,513,306,693,717,930,387,651,939,798,948,264,552,465,342,600,495,573,705,498,858,885,729,318,759,324,618,951,852,225,894,456,303,252,330,741,363,756,189,963,648,558,603,447,810,591,804,669,645,276,336,468,291,708,198,819,540,255,660,210,933,711,765,402,543,366,597,474,792,684,855,663,630,690,204,891,249,768,501,789,636,642,261,876,480,822,750,393,918,297,639,231,921,849,720,483,435,213,585,300,633,549,837,738,246
14,1109,1085,1037,1125,977,1005,1061,1013,1073,985,1117,989,1097,1065,1069,981,1053,1049,1428,969,1113,1001,1033,1093,1105,1121,1009,1017,1057,1025,1081,997,1101,1029,1041,993,1077,1021,973,1089,1045
12,1238,1378,1320,1357,1324,1241,1295,1276,1367,1245,1391,1202
12,1228,1188,1310
12,1304
12,1225,1269,1185,1307,1292
12,1235,1195,1317
12,1138,1129,1144,1141,1132,1198,1135,1147,1388
12,1220
12,1231,1272,1313,1191
12,1330,1253,1208,1298,1282,1255,1251
12,1218,1300,1263,1342,1338,1214,1286,1261,1336,1288,1340,1265,1290,1212,1216,1267
12,1257
12,1302,1334,1284,1332,1259,1210
12,1382,1371,1205,1279,1361,1327,1398,1395,1248,1385,1364,1374
7,1419
7,1420
7
7,1422
7,1423
7
7,1432
7,1426
7,1427
7
7,1429
7,1430
7,1431
7
15
15
15
15
15
15
15
15
15
15
15
15
15
15
15
15
15
15
15
15
15
15
15
15
15
15
15
15