0
0,252
0
0
0
0
0,255
0,258
0,261
0,264
0
0,69,190,222,45,57,238,206
0
0
0
0
0
0
0
0,60,48,72,210,194,242,226
0,75,51,230,63,198,246,214
0,202,54,66,218,250,78,234
0
0
0
0
0
0,86,83,80
0,95,89,92
0,104,98,101
0,107,113,110
0,116,122,119
0,125,131,128
0,134,137,140
0,146,143,149
0,155,158,152
0,164,167,161
0,176,173,170
0,185,179,182
0,221,200,90,212,153,265,245,204,99,162,144,171,208,216,81,241,259,180,117,53,229,249,192,188,196,126,47,225,44,237,233,50,135,108
0,147,111,224,228,120,262,59,174,220,156,253,56,84,93,197,201,183,138,232,189,102,62,193,165,65,129
0,186,105,132,213,87,217,141,159,205,150,114,240,96,74,256,236,123,248,77,68,209,71,177,244,168
1,548
1,44
1,45
1,553
1,47
1,48
1,558
1,50
1,51
1,563
1,53
1,54
1,568
1,56
1,57
1,549
1,59
1,60
1,550
1,62
1,63
1,551
1,65
1,66
1,552
1,68
1,69
1,549
1,71
1,72
1,550
1,74
1,75
1,551
1,77
1,78
1,552
1,80
1,81
1,568
1,83
1,84
1,557
1,86
1,87
1,560
1,89
1,90
1,569
1,92
1,93
1,556
1,95
1,96
1,557
1,98
1,99
1,561
1,101
1,102
1,558
1,104
1,105
1,558
1,107
1,108
1,568
1,110
1,111
1,558
1,113
1,114
1,553
1,116
1,117
1,570
1,119
1,120
1,561
1,122
1,123
1,558
1,125
1,126
1,563
1,128
1,129
1,561
1,131
1,132
1,562
1,134
1,135
1,564
1,137
1,138
1,558
1,140
1,141
1,561
1,143
1,144
1,565
1,146
1,147
1,557
1,149
1,150
1,559
1,152
1,153
1,570
1,155
1,156
1,561
1,158
1,159
1,557
1,161
1,162
1,560
1,164
1,165
1,557
1,167
1,168
1,555
1,170
1,171
1,567
1,173
1,174
1,559
1,176
1,177
1,556
1,179
1,180
1,569
1,182
1,183
1,560
1,185
1,186
1,559
1,188
1,189
1,190
1,552
1,192
1,193
1,194
1,556
1,196
1,197
1,198
1,560
1,200
1,201
1,202
1,564
1,204
1,205
1,206
1,554
1,208
1,209
1,210
1,560
1,212
1,213
1,214
1,566
1,216
1,217
1,218
1,570
1,220
1,221
1,222
1,552
1,224
1,225
1,226
1,556
1,228
1,229
1,230
1,560
1,232
1,233
1,234
1,564
1,236
1,237
1,238
1,554
1,240
1,241
1,242
1,560
1,244
1,245
1,246
1,566
1,248
1,249
1,250
1,570
2,252
2,253
2
2,255
2,256
2
2,258
2,259
2
2,261
2,262
2
2,264
2,265
2
3,312,310,482,335
3,333,308,323,479
3,325,302,319,315,474
3,313,331,306
3,475,322,316,535,320,481,327,305,478
3,309,329,303,536
3,321,271,326,266,269,311,334,317,460,324,462,330,461,328,268,314,267,332,301,534,304,307,270
3,384,492,350,352
3,489,382,366,348
3,338,355,368
3,358,339,370
3,380,346,353
3,340,372,342,362,484
3,488,376,365,356,363,359,539,485,491,345
3,538,337,374
3,378,349,343
3,381,347,367,281,537,277,464,341,336,276,369,351,373,463,280,279,465,274,375,278,354,383,357,371,364,379,344,273,275,360,377
3,407,503,389
3,405,397,391,500
3,393,495,386,399
3,394,396,401,499,496,502
3,403,390,387
3,400,287,466,392,468,284,540,385,395,285,388,404,283,286,398,467,402,406
3,412,505,415,409
3,419,542,413,506
3,410,417,543
3,291,408,416,418,290,411,541,414,469,289
3,432,459,434,516
3,457,430,513,445
3,508,424,447,441,437
3,449,438,421,545
3,455,435,428
3,425,453,547,431
3,512,444,427,451,509,546,515,422,442
3,456,448,470,452,423,436,296,297,544,293,433,298,295,426,294,439,443,299,429,471,458,446,454,420,450,472
4,302
4,303
4
4,305
4,306
4
4,308
4,309
4,310
4
4,312
4,313
4
4,315
4,316
4
4,318
4,319
4,320
4
4,322
4,323
4
4,325
4
4,327
4
4,329
4
4,331
4
4,333
4
4,335
4
4,337
4,338
4,339
4,340
4
4,342
4,343
4
4,345
4,346
4
4,348
4,349
4,350
4
4,352
4,353
4
4,355
4,356
4
4,358
4,359
4
4,361
4,362
4,363
4
4,365
4,366
4
4,368
4
4,370
4
4,372
4
4,374
4
4,376
4
4,378
4
4,380
4
4,382
4
4,384
4
4,386
4,387
4
4,389
4,390
4,391
4
4,393
4,394
4
4,396
4,397
4
4,399
4
4,401
4
4,403
4
4,405
4
4,407
4
4,409
4,410
4
4,412
4,413
4
4,415
4
4,417
4
4,419
4
4,421
4,422
4
4,424
4,425
4
4,427
4,428
4
4,430
4,431
4,432
4
4,434
4,435
4
4,437
4,438
4
4,440
4,441
4,442
4
4,444
4,445
4
4,447
4
4,449
4
4,451
4
4,453
4
4,455
4
4,457
4
4,459
4
5,473
5,476
5,480
5,483
5,486
5,490
5,493
5,497
5,501
5,504
5,507
5,510
5,514
6,474
6,475
6
6,477
6,478
6,479
6
6,481
6,482
6
6,484
6,485
6
6,487
6,488
6,489
6
6,491
6,492
6
6,494
6,495
6,496
6
6,498
6,499
6,500
6
6,502
6,503
6
6,505
6,506
6
6,508
6,509
6
6,511
6,512
6,513
6
6,515
6,516
6
14,42,540
14,70,76,58,61,541,64,534,46,52,55,67,73,49,43
14,130,136,112,100,169,124,537,148,151,157,115,91,154,178,109,172,118,106,163,175,88,139,166,184,97,79,133,103,142,145,85,127,181,121,82,160,94
14,215,227,544,247,195,207,203,231,235,199,223,243,211,239,187,219,191
12,354,494,507,318,392,473,357,411,440,483,436,361
12,304,344,426
12,420
12,385,301,341,408,423
12,433,311,351
12,254,251,257,260,314,504,263
12,336
12,307,347,429,388
12,398,324,369,367,414,446,371
12,381,452,379,406,328,416,334,404,454,330,458,402,383,377,332,456
12,373
12,448,418,326,375,450,400
12,487,514,511,480,498,364,501,395,477,321,490,443
7,535
7,536
7
7,538
7,539
7
7,548
7,542
7,543
7
7,545
7,546
7,547
7
15
15
15
15
15
15
15
15
15
15
15
15
15
15
15
15
15
15
15
15
15
15
15