0
0
0
0
0
0,305
0
0
0,302
0,308
0
0,74,272,50,62,256,288,240
0
0
0
0
0
0
0
0,65,244,53,77,292,276,260
0
0,56,264,80,68,296,248,280
0,71,300,252,59,284,83,268
0
0
0
0
0,91,88,85
0,100,94,97
0,109,103,106
0,112,118,115
0,127,121,124
0,130,136,133
0,142,145,139
0,154,151,148
0,157,163,160
0,166,172,169
0,178,181,175
0,184,187,190
0,193,196,199
0,202,205,208
0,214,217,211
0,220,226,223
0,232,235,229
0,95,158,242,176,104,167,149,262,303,279,86,295,283,185,203,122,275,58,287,212,266,291,299,254,131,52,221,49,230,238,55,194,271,140,250,258,113,246
0,206,152,247,116,215,125,243,64,270,179,224,239,274,161,233,61,89,251,306,98,188,143,107,278,67,282,197,170,70,134
0,255,309,227,110,236,119,294,137,290,298,218,146,164,92,155,101,79,267,191,259,128,263,200,82,73,209,286,76,182,173
1,592
1,49
1,50
1,596
1,52
1,53
1,601
1,55
1,56
1,610
1,58
1,59
1,613
1,61
1,62
1,593
1,64
1,65
1,594
1,67
1,68
1,595
1,70
1,71
1,596
1,73
1,74
1,593
1,76
1,77
1,594
1,79
1,80
1,595
1,82
1,83
1,596
1,85
1,86
1,608
1,88
1,89
1,602
1,91
1,92
1,603
1,94
1,95
1,607
1,97
1,98
1,601
1,100
1,101
1,596
1,103
1,104
1,608
1,106
1,107
1,602
1,109
1,110
1,600
1,112
1,113
1,614
1,115
1,116
1,599
1,118
1,119
1,602
1,121
1,122
1,610
1,124
1,125
1,603
1,127
1,128
1,601
1,130
1,131
1,608
1,133
1,134
1,602
1,136
1,137
1,602
1,139
1,140
1,610
1,142
1,143
1,600
1,145
1,146
1,600
1,148
1,149
1,615
1,151
1,152
1,601
1,154
1,155
1,600
1,157
1,158
1,610
1,160
1,161
1,600
1,163
1,164
1,601
1,166
1,167
1,607
1,169
1,170
1,601
1,172
1,173
1,604
1,175
1,176
1,608
1,178
1,179
1,600
1,181
1,182
1,605
1,184
1,185
1,609
1,187
1,188
1,598
1,190
1,191
1,598
1,193
1,194
1,606
1,196
1,197
1,600
1,199
1,200
1,598
1,202
1,203
1,610
1,205
1,206
1,600
1,208
1,209
1,599
1,211
1,212
1,614
1,214
1,215
1,602
1,217
1,218
1,601
1,220
1,221
1,611
1,223
1,224
1,602
1,226
1,227
1,602
1,229
1,230
1,609
1,232
1,233
1,602
1,235
1,236
1,601
1,238
1,239
1,240
1,595
1,242
1,243
1,244
1,599
1,246
1,247
1,248
1,607
1,250
1,251
1,252
1,610
1,254
1,255
1,256
1,597
1,258
1,259
1,260
1,603
1,262
1,263
1,264
1,612
1,266
1,267
1,268
1,616
1,270
1,271
1,272
1,595
1,274
1,275
1,276
1,599
1,278
1,279
1,280
1,607
1,282
1,283
1,284
1,610
1,286
1,287
1,288
1,597
1,290
1,291
1,292
1,603
1,294
1,295
1,296
1,612
1,298
1,299
1,300
1,616
2,302
2,303
2
2,305
2,306
2
2,308
2,309
2
3,356,526,379,354
3,377,367,352,523
3,346,363,359,518,369
3,357,375,350
3,519,360,366,579,522,364,525,371,349
3,353,373,347,580
3,365,315,370,310,313,355,378,361,368,374,504,505,312,358,311,376,314,372,345,506,578,348,351
3,536,428,394,396
3,410,533,426,392
3,382,399,412
3,402,383,414
3,424,390,397
3,384,416,386,406,528
3,532,420,409,407,400,535,403,389,583,529
3,381,582,418
3,422,393,387
3,323,391,411,581,385,380,425,320,413,317,325,395,417,507,324,318,508,319,419,398,322,427,321,401,415,408,509,423,388,404,421
3,451,547,433
3,441,435,544,449
3,539,437,430,443
3,438,440,445,543,540,546
3,431,447,434
3,444,331,512,584,436,329,328,450,429,439,432,448,327,442,511,510,330,446
3,549,459,456,453
3,586,463,457,550
3,454,461,587
3,335,452,458,460,334,462,455,585,333,513
3,476,503,560,478
3,501,557,474,489
3,552,491,485,468,481
3,482,493,465,589
3,499,479,472
3,469,497,591,475
3,556,488,553,471,495,590,559,466,486
3,514,492,500,473,515,464,496,467,480,340,339,487,341,477,342,337,470,483,343,588,338,498,502,494,516,490
4,346
4,347
4
4,349
4,350
4
4,352
4,353
4,354
4
4,356
4,357
4
4,359
4,360
4
4,362
4,363
4,364
4
4,366
4,367
4
4,369
4
4,371
4
4,373
4
4,375
4
4,377
4
4,379
4
4,381
4,382
4,383
4,384
4
4,386
4,387
4
4,389
4,390
4
4,392
4,393
4,394
4
4,396
4,397
4
4,399
4,400
4
4,402
4,403
4
4,405
4,406
4,407
4
4,409
4,410
4
4,412
4
4,414
4
4,416
4
4,418
4
4,420
4
4,422
4
4,424
4
4,426
4
4,428
4
4,430
4,431
4
4,433
4,434
4,435
4
4,437
4,438
4
4,440
4,441
4
4,443
4
4,445
4
4,447
4
4,449
4
4,451
4
4,453
4,454
4
4,456
4,457
4
4,459
4
4,461
4
4,463
4
4,465
4,466
4
4,468
4,469
4
4,471
4,472
4
4,474
4,475
4,476
4
4,478
4,479
4
4,481
4,482
4
4,484
4,485
4,486
4
4,488
4,489
4
4,491
4
4,493
4
4,495
4
4,497
4
4,499
4
4,501
4
4,503
4
5,517
5,520
5,524
5,527
5,530
5,534
5,537
5,541
5,545
5,548
5,551
5,554
5,558
6,518
6,519
6
6,521
6,522
6,523
6
6,525
6,526
6
6,528
6,529
6
6,531
6,532
6,533
6
6,535
6,536
6
6,538
6,539
6,540
6
6,542
6,543
6,544
6
6,546
6,547
6
6,549
6,550
6
6,552
6,553
6
6,555
6,556
6,557
6
6,559
6,560
6
14,584,47
14,75,81,578,63,66,69,51,57,60,72,585,78,54,48
14,135,141,207,198,117,228,105,174,192,129,581,153,213,189,156,162,120,96,159,183,114,177,123,225,111,234,168,84,180,93,144,222,201,171,138,102,216,108,147,150,90,132,231,186,195,219,126,204,99,210,87,165
14,241,249,297,237,293,261,265,281,257,253,245,289,273,285,277,588,269
12,551,398,538,484,517,362,436,401,455,480,527,405
12,348,388,470
12,464
12,345,385,452,429,467
12,355,395,477
12,304,307,358,301,548
12,380
12,351,391,473,432
12,442,411,368,413,458,415,490
12,425,496,423,372,448,378,421,376,498,374,502,450,446,427,500,460
12,417
12,419,492,462,494,444,370
12,558,531,555,524,542,408,545,439,521,365,534,487
7,579
7,580
7
7,582
7,583
7
7,592
7,586
7,587
7
7,589
7,590
7,591
7
15
15
15
15
15
15
15
15
15
15
15
15
15
15
15
15
15
15
15
15
15
15
15
15
15