0
0
0
0
0
0
0
0
0
0,365
0
0
0
0
0,371
0,374
0,377
0,368
0
0,91,347,76,287,61,327,307
0
0
0
0
0
0
0
0,94,64,311,79,331,351,291
0,295,67,335,315,97,82,355
0,299,70,359,339,319,85,100
0,363,343,323,103,73,88,303
0
0
0
0
0,108,105,111
0,114,120,117
0,129,126,123
0,132,135,138
0,141,144,147
0,153,150,156
0,165,162,159
0,174,168,171
0,180,177,183
0,192,189,186
0,198,201,195
0,210,207,204
0,213,216,219
0,225,228,222
0,234,237,231
0,240,246,243
0,252,255,249
0,264,261,258
0,270,273,267
0,282,276,279
0,346,259,106,169,378,305,309,115,293,313,178,160,187,321,72,354,350,196,326,334,214,133,289,268,69,301,330,358,223,317,250,369,277,232,362,142,63,241,60,66,205,151,285,297,338,342,124
0,217,163,127,226,136,337,333,298,253,75,341,190,325,235,172,244,271,109,84,199,329,302,154,286,87,118,294,78,280,290,208,181,81,145,262
0,353,375,314,345,318,372,256,238,121,130,96,349,357,148,310,229,175,322,157,166,283,361,99,247,112,90,139,202,265,366,211,93,102,220,193,184,306,274
1,661
1,60
1,61
1,666
1,63
1,64
1,671
1,66
1,67
1,676
1,69
1,70
1,681
1,72
1,73
1,686
1,75
1,76
1,662
1,78
1,79
1,663
1,81
1,82
1,664
1,84
1,85
1,665
1,87
1,88
1,666
1,90
1,91
1,662
1,93
1,94
1,663
1,96
1,97
1,664
1,99
1,100
1,665
1,102
1,103
1,666
1,105
1,106
1,684
1,108
1,109
1,670
1,111
1,112
1,668
1,114
1,115
1,678
1,117
1,118
1,670
1,120
1,121
1,669
1,123
1,124
1,675
1,126
1,127
1,667
1,129
1,130
1,669
1,132
1,133
1,686
1,135
1,136
1,670
1,138
1,139
1,669
1,141
1,142
1,678
1,144
1,145
1,671
1,147
1,148
1,671
1,150
1,151
1,686
1,153
1,154
1,673
1,156
1,157
1,669
1,159
1,160
1,682
1,162
1,163
1,670
1,165
1,166
1,667
1,168
1,169
1,682
1,171
1,172
1,669
1,174
1,175
1,668
1,177
1,178
1,680
1,180
1,181
1,669
1,183
1,184
1,669
1,186
1,187
1,679
1,189
1,190
1,672
1,192
1,193
1,672
1,195
1,196
1,680
1,198
1,199
1,667
1,201
1,202
1,672
1,204
1,205
1,680
1,207
1,208
1,672
1,210
1,211
1,671
1,213
1,214
1,678
1,216
1,217
1,670
1,219
1,220
1,673
1,222
1,223
1,683
1,225
1,226
1,672
1,228
1,229
1,671
1,231
1,232
1,672
1,234
1,235
1,672
1,237
1,238
1,669
1,240
1,241
1,675
1,243
1,244
1,673
1,246
1,247
1,670
1,249
1,250
1,686
1,252
1,253
1,669
1,255
1,256
1,668
1,258
1,259
1,687
1,261
1,262
1,671
1,264
1,265
1,671
1,267
1,268
1,684
1,270
1,271
1,668
1,273
1,274
1,669
1,276
1,277
1,682
1,279
1,280
1,674
1,282
1,283
1,670
1,285
1,286
1,287
1,665
1,289
1,290
1,291
1,669
1,293
1,294
1,295
1,673
1,297
1,298
1,299
1,677
1,301
1,302
1,303
1,681
1,305
1,306
1,307
1,667
1,309
1,310
1,311
1,673
1,313
1,314
1,315
1,679
1,317
1,318
1,319
1,685
1,321
1,322
1,323
1,688
1,325
1,326
1,327
1,665
1,329
1,330
1,331
1,669
1,333
1,334
1,335
1,673
1,337
1,338
1,339
1,677
1,341
1,342
1,343
1,681
1,345
1,346
1,347
1,667
1,349
1,350
1,351
1,673
1,353
1,354
1,355
1,679
1,357
1,358
1,359
1,685
1,361
1,362
1,363
1,688
2,365
2,366
2
2,368
2,369
2
2,371
2,372
2
2,374
2,375
2
2,377
2,378
2
3,425,423,448,595
3,446,436,421,592
3,415,438,432,428,587
3,426,419,444
3,588,435,429,648,594,433,418,440,591
3,422,442,416,649
3,434,439,575,379,382,424,447,384,430,573,437,427,443,381,380,445,420,414,647,441,417,574,383
3,605,497,463,465
3,479,602,495,461
3,451,468,481
3,452,471,483
3,493,459,466
3,485,453,455,597,475
3,489,476,478,469,652,458,472,598,601,604
3,651,450,487
3,456,491,462
3,387,494,480,477,577,454,389,482,464,650,486,576,394,393,392,449,490,578,388,488,460,391,390,470,484,467,492,457,386,473,496
3,616,502,520
3,518,510,504,613
3,608,506,499,512
3,514,609,509,612,615,507
3,516,503,500
3,580,513,397,579,498,398,505,517,501,508,399,581,396,511,400,515,653,519
3,525,618,528,522
3,655,532,619,526
3,523,530,656
3,521,404,529,654,403,531,524,582,402,527
3,545,572,629,547
3,626,543,570,558
3,621,560,554,537,550
3,658,562,551,534
3,568,548,541
3,538,566,660,544
3,628,557,564,622,540,625,659,535,555
3,583,569,561,533,565,536,411,549,657,406,585,412,546,408,539,407,552,556,410,542,584,571,559,567,563,409
4,415
4,416
4
4,418
4,419
4
4,421
4,422
4,423
4
4,425
4,426
4
4,428
4,429
4
4,431
4,432
4,433
4
4,435
4,436
4
4,438
4
4,440
4
4,442
4
4,444
4
4,446
4
4,448
4
4,450
4,451
4,452
4,453
4
4,455
4,456
4
4,458
4,459
4
4,461
4,462
4,463
4
4,465
4,466
4
4,468
4,469
4
4,471
4,472
4
4,474
4,475
4,476
4
4,478
4,479
4
4,481
4
4,483
4
4,485
4
4,487
4
4,489
4
4,491
4
4,493
4
4,495
4
4,497
4
4,499
4,500
4
4,502
4,503
4,504
4
4,506
4,507
4
4,509
4,510
4
4,512
4
4,514
4
4,516
4
4,518
4
4,520
4
4,522
4,523
4
4,525
4,526
4
4,528
4
4,530
4
4,532
4
4,534
4,535
4
4,537
4,538
4
4,540
4,541
4
4,543
4,544
4,545
4
4,547
4,548
4
4,550
4,551
4
4,553
4,554
4,555
4
4,557
4,558
4
4,560
4
4,562
4
4,564
4
4,566
4
4,568
4
4,570
4
4,572
4
5,586
5,589
5,593
5,596
5,599
5,603
5,606
5,610
5,614
5,617
5,620
5,623
5,627
6,587
6,588
6
6,590
6,591
6,592
6
6,594
6,595
6
6,597
6,598
6
6,600
6,601
6,602
6
6,604
6,605
6
6,607
6,608
6,609
6
6,611
6,612
6,613
6
6,615
6,616
6
6,618
6,619
6
6,621
6,622
6
6,624
6,625
6,626
6
6,628
6,629
6
14,653,58
14,86,98,92,95,74,77,654,80,647,62,101,68,71,83,89,65,59
14,281,146,152,218,257,209,128,239,263,116,269,251,185,212,203,140,650,164,224,167,173,131,236,107,170,194,125,188,134,272,122,245,179,200,248,254,191,104,155,233,182,149,260,113,227,119,278,158,161,242,275,143,197,206,266,230,137,215,221,176,110
14,352,340,344,300,308,348,324,296,356,328,332,312,320,316,360,336,292,304,288,284,657
12,607,620,553,549,431,505,524,470,467,596,586,474
12,457,539,417
12,533
12,414,454,498,521,536
12,546,424,464
12,376,367,370,373,427,364,617
12,449
12,460,542,501,420
12,511,437,480,482,527,484,559
12,494,571,565,492,441,529,517,490,445,519,447,567,569,443,515,496
12,486
12,561,531,439,488,563,513
12,627,624,611,614,477,593,508,600,590,603,556,434
7,648
7,649
7
7,651
7,652
7
7,661
7,655
7,656
7
7,658
7,659
7,660
7
15
15
15
15
15
15
15
15
15
15
15
15
15
15
15
15
15
15
15
15
15
15
15
15
15
15
15
15