0
0
0
0
0
0
0
0
0
0
0
0
0
0
0
0
0
0
0
0,462
0,465
0,468
0,471
0,453
0,456
0,459
0
0,107,395,92,77,435,415,375
0
0
0
0
0
0
0
0,110,80,399,95,379,419,439
0,443,83,383,423,113,98,403
0,101,86,407,387,116,447,427
0,451,411,119,89,104,431,391
0
0
0
0
0,124,121,127
0,130,136,133
0,145,142,139
0,148,151,154
0,157,160,163
0,169,166,172
0,181,178,175
0,190,184,187
0,196,193,199
0,208,205,202
0,214,217,211
0,226,223,220
0,229,232,235
0,238,244,241
0,247,250,253
0,262,256,259
0,265,271,268
0,280,277,274
0,286,289,283
0,298,292,295
0,301,307,304
0,316,313,310
0,319,325,322
0,331,334,328
0,340,343,337
0,346,352,349
0,361,355,358
0,364,370,367
0,320,377,347,275,122,185,131,426,393,194,418,176,450,203,422,405,88,430,365,212,338,230,434,381,149,457,293,85,356,302,239,266,414,438,446,389,248,397,311,409,158,442,329,79,76,257,82,401,221,167,373,284,385,472,140
0,233,390,179,421,143,429,242,152,463,469,269,91,206,251,188,260,287,125,425,417,386,332,100,341,215,314,170,466,103,134,359,94,382,378,296,350,413,368,305,224,197,97,161,374,323,278
0,326,406,272,254,137,112,344,164,146,245,308,191,394,460,445,173,182,299,449,335,115,362,263,128,106,218,281,155,371,441,402,454,433,227,109,437,118,236,209,200,410,317,398,353,290
1,755
1,76
1,77
1,760
1,79
1,80
1,765
1,82
1,83
1,770
1,85
1,86
1,775
1,88
1,89
1,780
1,91
1,92
1,756
1,94
1,95
1,757
1,97
1,98
1,758
1,100
1,101
1,759
1,103
1,104
1,760
1,106
1,107
1,756
1,109
1,110
1,757
1,112
1,113
1,758
1,115
1,116
1,759
1,118
1,119
1,760
1,121
1,122
1,771
1,124
1,125
1,763
1,127
1,128
1,764
1,130
1,131
1,776
1,133
1,134
1,768
1,136
1,137
1,768
1,139
1,140
1,774
1,142
1,143
1,767
1,145
1,146
1,763
1,148
1,149
1,775
1,151
1,152
1,764
1,154
1,155
1,765
1,157
1,158
1,773
1,160
1,161
1,767
1,163
1,164
1,765
1,166
1,167
1,782
1,169
1,170
1,763
1,172
1,173
1,762
1,175
1,176
1,774
1,178
1,179
1,762
1,181
1,182
1,762
1,184
1,185
1,781
1,187
1,188
1,768
1,190
1,191
1,764
1,193
1,194
1,778
1,196
1,197
1,764
1,199
1,200
1,763
1,202
1,203
1,772
1,205
1,206
1,768
1,208
1,209
1,766
1,211
1,212
1,771
1,214
1,215
1,761
1,217
1,218
1,764
1,220
1,221
1,774
1,223
1,224
1,764
1,226
1,227
1,764
1,229
1,230
1,775
1,232
1,233
1,763
1,235
1,236
1,762
1,238
1,239
1,781
1,241
1,242
1,764
1,244
1,245
1,765
1,247
1,248
1,774
1,250
1,251
1,765
1,253
1,254
1,766
1,256
1,257
1,774
1,259
1,260
1,763
1,262
1,263
1,765
1,265
1,266
1,769
1,268
1,269
1,765
1,271
1,272
1,767
1,274
1,275
1,775
1,277
1,278
1,763
1,280
1,281
1,767
1,283
1,284
1,768
1,286
1,287
1,762
1,289
1,290
1,763
1,292
1,293
1,769
1,295
1,296
1,764
1,298
1,299
1,768
1,301
1,302
1,775
1,304
1,305
1,764
1,307
1,308
1,765
1,310
1,311
1,777
1,313
1,314
1,763
1,316
1,317
1,764
1,319
1,320
1,774
1,322
1,323
1,765
1,325
1,326
1,766
1,328
1,329
1,780
1,331
1,332
1,763
1,334
1,335
1,763
1,337
1,338
1,772
1,340
1,341
1,763
1,343
1,344
1,763
1,346
1,347
1,772
1,349
1,350
1,764
1,352
1,353
1,766
1,355
1,356
1,779
1,358
1,359
1,764
1,361
1,362
1,767
1,364
1,365
1,772
1,367
1,368
1,761
1,370
1,371
1,764
1,373
1,374
1,375
1,759
1,377
1,378
1,379
1,763
1,381
1,382
1,383
1,767
1,385
1,386
1,387
1,771
1,389
1,390
1,391
1,775
1,393
1,394
1,395
1,761
1,397
1,398
1,399
1,767
1,401
1,402
1,403
1,773
1,405
1,406
1,407
1,779
1,409
1,410
1,411
1,783
1,413
1,414
1,415
1,759
1,417
1,418
1,419
1,763
1,421
1,422
1,423
1,767
1,425
1,426
1,427
1,771
1,429
1,430
1,431
1,775
1,433
1,434
1,435
1,761
1,437
1,438
1,439
1,767
1,441
1,442
1,443
1,773
1,445
1,446
1,447
1,779
1,449
1,450
1,451
1,783
2,453
2,454
2
2,456
2,457
2
2,459
2,460
2
2,462
2,463
2
2,465
2,466
2
2,468
2,469
2
2,471
2,472
2
3,519,517,542,689
3,540,530,515,686
3,509,526,522,681,532
3,520,513,538
3,682,529,523,742,688,527,534,512,685
3,516,536,510,743
3,528,533,541,667,531,521,669,476,473,537,668,535,478,475,474,539,514,524,741,508,511,477,518
3,591,699,559,557
3,696,589,573,555
3,545,562,575
3,577,565,546
3,587,553,560
3,547,579,549,569,691
3,583,572,746,570,552,566,563,692,695,698
3,745,544,581
3,585,556,550
3,588,487,574,571,488,744,548,543,551,554,671,483,576,580,670,486,672,558,590,482,582,485,484,564,578,561,586,481,480,567,584
3,710,614,596
3,612,604,598,707
3,606,702,600,593
3,603,608,703,601,706,709
3,610,597,594
3,605,607,673,491,747,602,674,492,595,611,490,675,599,494,592,493,609,613
3,712,619,622,616
3,749,626,620,713
3,617,624,750
3,615,498,748,623,496,625,497,618,676,621
3,666,639,723,641
3,637,720,664,652
3,715,631,654,644,648
3,645,656,628,752
3,662,642,635
3,632,638,754,660
3,651,658,716,719,753,634,722,629,649
3,677,663,500,627,751,630,643,655,650,506,640,505,502,659,633,646,504,636,678,501,653,661,679,665,657,503
4,509
4,510
4
4,512
4,513
4
4,515
4,516
4,517
4
4,519
4,520
4
4,522
4,523
4
4,525
4,526
4,527
4
4,529
4,530
4
4,532
4
4,534
4
4,536
4
4,538
4
4,540
4
4,542
4
4,544
4,545
4,546
4,547
4
4,549
4,550
4
4,552
4,553
4
4,555
4,556
4,557
4
4,559
4,560
4
4,562
4,563
4
4,565
4,566
4
4,568
4,569
4,570
4
4,572
4,573
4
4,575
4
4,577
4
4,579
4
4,581
4
4,583
4
4,585
4
4,587
4
4,589
4
4,591
4
4,593
4,594
4
4,596
4,597
4,598
4
4,600
4,601
4
4,603
4,604
4
4,606
4
4,608
4
4,610
4
4,612
4
4,614
4
4,616
4,617
4
4,619
4,620
4
4,622
4
4,624
4
4,626
4
4,628
4,629
4
4,631
4,632
4
4,634
4,635
4
4,637
4,638
4,639
4
4,641
4,642
4
4,644
4,645
4
4,647
4,648
4,649
4
4,651
4,652
4
4,654
4
4,656
4
4,658
4
4,660
4
4,662
4
4,664
4
4,666
4
5,680
5,683
5,687
5,690
5,693
5,697
5,700
5,704
5,708
5,711
5,714
5,717
5,721
6,681
6,682
6
6,684
6,685
6,686
6
6,688
6,689
6
6,691
6,692
6
6,694
6,695
6,696
6
6,698
6,699
6
6,701
6,702
6,703
6
6,705
6,706
6,707
6
6,709
6,710
6
6,712
6,713
6
6,715
6,716
6
6,718
6,719
6,720
6
6,722
6,723
6
14,74,747
14,102,114,108,111,90,93,748,96,741,78,117,84,87,99,105,81,75
14,351,297,162,168,234,273,225,303,144,255,279,132,285,267,369,336,201,219,330,156,744,180,240,354,360,183,189,147,324,252,300,348,312,327,363,123,357,186,210,321,288,141,204,150,138,261,195,318,216,264,342,270,345,306,207,120,171,249,228,198,165,276,129,339,309,243,135,294,174,177,258,291,159,213,333,222,282,246,153,366,231,237,315,192,126
14,428,420,448,388,416,380,440,424,444,436,384,376,408,404,400,372,392,396,432,751,412
12,701,568,714,561,525,599,564,618,647,690,643,680
12,551,633,511
12,627
12,548,508,592,630,615
12,558,640,518
12,455,461,521,464,452,711,467,458,470
12,543
12,554,636,595,514
12,605,531,576,574,621,653,578
12,588,665,659,661,537,623,613,586,611,541,584,535,609,539,590,663
12,580
12,625,655,582,657,607,533
12,721,708,718,687,571,650,602,705,694,684,697,528
7,742
7,743
7
7,745
7,746
7
7,755
7,749
7,750
7
7,752
7,753
7,754
7
15
15
15
15
15
15
15
15
15
15
15
15
15
15
15
15
15
15
15
15
15
15
15
15
15
15
15
15
15