0
0
0
0
0
0
0
0,412
0
0
0,415
0,409
0
0
0
0
0
0
0
0
0,421
0,418
0
0,351,99,84,371,391,331,69
0
0
0
0
0
0
0
0,102,395,72,335,87,355,375
0,75,399,379,359,339,105,90
0,383,93,403,78,363,343,108
0,367,407,111,387,81,96,347
0
0
0
0
0,116,113,119
0,122,128,125
0,137,134,131
0,140,143,146
0,149,152,155
0,161,158,164
0,173,170,167
0,182,176,179
0,188,185,191
0,200,197,194
0,206,209,203
0,218,215,212
0,221,224,227
0,230,236,233
0,239,242,245
0,254,248,251
0,257,263,260
0,266,269,272
0,281,275,278
0,287,284,290
0,296,299,293
0,302,308,305
0,311,314,317
0,323,326,320
0,406,329,267,114,177,361,321,123,341,186,168,386,345,195,333,80,353,365,390,416,204,349,222,398,141,276,77,402,294,231,382,258,285,374,312,370,240,337,303,150,71,68,249,74,213,159,357,132,394,378
0,225,171,135,234,381,144,261,83,385,198,243,338,369,180,252,410,413,279,117,342,377,373,324,92,334,207,306,162,95,126,86,288,330,346,297,216,189,89,153,315,270
0,419,318,264,246,129,104,156,366,138,237,300,183,174,354,422,165,291,327,107,362,389,255,120,98,358,210,273,147,393,397,219,101,110,228,201,192,405,309,350,282,401
1,705
1,68
1,69
1,710
1,71
1,72
1,714
1,74
1,75
1,719
1,77
1,78
1,723
1,80
1,81
1,728
1,83
1,84
1,706
1,86
1,87
1,707
1,89
1,90
1,708
1,92
1,93
1,709
1,95
1,96
1,710
1,98
1,99
1,706
1,101
1,102
1,707
1,104
1,105
1,708
1,107
1,108
1,709
1,110
1,111
1,710
1,113
1,114
1,725
1,116
1,117
1,713
1,119
1,120
1,713
1,122
1,123
1,723
1,125
1,126
1,714
1,128
1,129
1,715
1,131
1,132
1,720
1,134
1,135
1,715
1,137
1,138
1,714
1,140
1,141
1,724
1,143
1,144
1,713
1,146
1,147
1,714
1,149
1,150
1,722
1,152
1,153
1,718
1,155
1,156
1,713
1,158
1,159
1,725
1,161
1,162
1,717
1,164
1,165
1,715
1,167
1,168
1,716
1,170
1,171
1,715
1,173
1,174
1,718
1,176
1,177
1,729
1,179
1,180
1,711
1,182
1,183
1,713
1,185
1,186
1,724
1,188
1,189
1,714
1,191
1,192
1,713
1,194
1,195
1,722
1,197
1,198
1,714
1,200
1,201
1,714
1,203
1,204
1,717
1,206
1,207
1,715
1,209
1,210
1,718
1,212
1,213
1,724
1,215
1,216
1,714
1,218
1,219
1,713
1,221
1,222
1,727
1,224
1,225
1,712
1,227
1,228
1,713
1,230
1,231
1,727
1,233
1,234
1,715
1,236
1,237
1,711
1,239
1,240
1,723
1,242
1,243
1,713
1,245
1,246
1,715
1,248
1,249
1,725
1,251
1,252
1,714
1,254
1,255
1,714
1,257
1,258
1,721
1,260
1,261
1,717
1,263
1,264
1,714
1,266
1,267
1,728
1,269
1,270
1,714
1,272
1,273
1,714
1,275
1,276
1,725
1,278
1,279
1,714
1,281
1,282
1,717
1,284
1,285
1,718
1,287
1,288
1,713
1,290
1,291
1,714
1,293
1,294
1,720
1,296
1,297
1,714
1,299
1,300
1,714
1,302
1,303
1,722
1,305
1,306
1,715
1,308
1,309
1,712
1,311
1,312
1,726
1,314
1,315
1,715
1,317
1,318
1,712
1,320
1,321
1,723
1,323
1,324
1,714
1,326
1,327
1,712
1,329
1,330
1,331
1,709
1,333
1,334
1,335
1,712
1,337
1,338
1,339
1,716
1,341
1,342
1,343
1,720
1,345
1,346
1,347
1,723
1,349
1,350
1,351
1,711
1,353
1,354
1,355
1,716
1,357
1,358
1,359
1,721
1,361
1,362
1,363
1,727
1,365
1,366
1,367
1,730
1,369
1,370
1,371
1,709
1,373
1,374
1,375
1,712
1,377
1,378
1,379
1,716
1,381
1,382
1,383
1,720
1,385
1,386
1,387
1,723
1,389
1,390
1,391
1,711
1,393
1,394
1,395
1,716
1,397
1,398
1,399
1,721
1,401
1,402
1,403
1,727
1,405
1,406
1,407
1,730
2,409
2,410
2
2,412
2,413
2
2,415
2,416
2
2,418
2,419
2
2,421
2,422
2
3,469,467,639,492
3,636,490,480,465
3,476,459,472,631,482
3,488,463,470
3,632,479,473,692,638,477,484,462,635
3,466,486,460,693
3,478,483,423,468,491,617,481,619,426,487,618,428,425,471,424,489,474,458,691,485,461,464,427
3,541,649,507,509
3,646,539,523,505
3,495,512,525
3,496,515,527
3,537,503,510
3,497,529,499,519,641
3,533,645,520,522,513,648,516,696,642,502
3,695,494,531
3,535,506,500
3,431,538,437,504,524,694,501,433,526,436,438,508,514,530,620,498,493,622,621,432,532,435,511,540,434,517,528,521,536,430,534
3,564,660,546
3,554,562,657,548
3,550,543,652,556
3,558,551,553,653,656,659
3,544,560,547
3,624,557,623,542,549,625,442,441,552,561,440,545,443,555,444,559,697,563
3,569,662,572,566
3,699,663,576,570
3,567,574,700
3,565,448,573,698,447,575,568,626,571,446
3,589,616,591,673
3,587,614,602,670
3,665,604,598,594,581
3,595,578,606,702
3,612,592,585
3,582,588,704,610
3,601,666,669,703,584,672,608,579,599
3,627,613,609,580,455,593,607,628,701,450,629,456,590,452,583,451,596,454,586,615,611,577,600,453,603,605
4,459
4,460
4
4,462
4,463
4
4,465
4,466
4,467
4
4,469
4,470
4
4,472
4,473
4
4,475
4,476
4,477
4
4,479
4,480
4
4,482
4
4,484
4
4,486
4
4,488
4
4,490
4
4,492
4
4,494
4,495
4,496
4,497
4
4,499
4,500
4
4,502
4,503
4
4,505
4,506
4,507
4
4,509
4,510
4
4,512
4,513
4
4,515
4,516
4
4,518
4,519
4,520
4
4,522
4,523
4
4,525
4
4,527
4
4,529
4
4,531
4
4,533
4
4,535
4
4,537
4
4,539
4
4,541
4
4,543
4,544
4
4,546
4,547
4,548
4
4,550
4,551
4
4,553
4,554
4
4,556
4
4,558
4
4,560
4
4,562
4
4,564
4
4,566
4,567
4
4,569
4,570
4
4,572
4
4,574
4
4,576
4
4,578
4,579
4
4,581
4,582
4
4,584
4,585
4
4,587
4,588
4,589
4
4,591
4,592
4
4,594
4,595
4
4,597
4,598
4,599
4
4,601
4,602
4
4,604
4
4,606
4
4,608
4
4,610
4
4,612
4
4,614
4
4,616
4
5,630
5,633
5,637
5,640
5,643
5,647
5,650
5,654
5,658
5,661
5,664
5,667
5,671
6,631
6,632
6
6,634
6,635
6,636
6
6,638
6,639
6
6,641
6,642
6
6,644
6,645
6,646
6
6,648
6,649
6
6,651
6,652
6,653
6
6,655
6,656
6,657
6
6,659
6,660
6
6,662
6,663
6
6,665
6,666
6
6,668
6,669
6,670
6
6,672
6,673
6
14,66,697
14,94,106,100,103,82,85,698,88,691,70,109,76,79,91,97,73,67
14,289,154,160,226,265,217,295,136,247,271,124,277,259,193,211,322,148,694,172,232,175,181,139,316,244,292,304,319,115,178,202,313,280,133,196,142,253,187,310,208,256,262,298,199,112,163,241,220,190,157,268,121,301,235,127,286,166,169,250,130,283,151,205,325,214,274,238,145,223,229,307,184,118
14,348,336,344,376,352,340,328,384,356,332,388,364,372,392,368,404,360,396,701,380,400
12,651,664,568,511,640,475,549,514,597,593,630,518
12,501,583,461
12,577
12,542,458,498,565,580
12,590,468,508
12,411,414,417,471,420,408,661
12,493
12,504,586,545,464
12,481,524,526,571,555,603,528
12,538,609,615,540,487,485,573,536,561,491,534,611,563,559,489,613
12,530
12,575,532,607,557,483,605
12,671,668,637,655,658,521,634,552,644,647,600,478
7,692
7,693
7
7,695
7,696
7
7,705
7,699
7,700
7
7,702
7,703
7,704
7
15
15
15
15
15
15
15
15
15
15
15
15
15
15
15
15
15
15
15
15
15
15
15
15
15
15