0,17
0,44
0,47
0,50
0,20
0,23
0,26
0,29
0,32
0,35
0,38
0,41
0
0
0
0,30,24,36,51,33,18,42,48,21,39,45,27
2,17
2,18
2
2,20
2,21
2
2,23
2,24
2
2,26
2,27
2
2,29
2,30
2
2,32
2,33
2
2,35
2,36
2
2,38
2,39
2
2,41
2,42
2
2,44
2,45
2
2,47
2,48
2
2,50
2,51
2
3,105,68,109,71
3,64,102,108,70
3,73,103,66
3,72,54,93,63,95,65,94,53,52,67,69
3,79,75,114
3,77,111
3,76,96,78,57,56,97,74
3,85,124,117,92
3,81,87,120,116
3,90,88,121,83
3,80,84,99,91,59,100,86,98,82,89,61,60
4,64
4
4,66
4
4,68
4
4,70
4,71
4
4,73
4
4,75
4
4,77
4
4,79
4
4,81
4
4,83
4
4,85
4
4,87
4,88
4
4,90
4
4,92
4
5,101
5,104
5,106
5,110
5,112
5,115
5,118
5,122
6,102
6,103
6
6,105
6
6,107
6,108
6,109
6
6,111
6
6,113
6,114
6
6,116
6,117
6
6,119
6,120
6,121
6
6,123
6,124
6
12,25,101,86,40,16,43,34,49,19,28,119,31,22,37,46
12,78,110,89,72,113
12,80,63
12,69,115,107
12,91,123,104
12,67,84
12,76,65,74,82