0,107
0,134
0,404
0,407
0,410
0,137
0,140
0,143
0,146
0,149
0,152
0,155
0,158
0,161
0,110
0,164
0,167
0,170
0,173
0,176
0,179
0,182
0,185
0,188
0,191
0,113
0,194
0,197
0,200
0,203
0,206
0,209
0,212
0,215
0,218
0,221
0,116
0,224
0,227
0,230
0,233
0,236
0,239
0,242
0,245
0,248
0,251
0,119
0,254
0,257
0,260
0,263
0,266
0,269
0,272
0,275
0,278
0,281
0,122
0,284
0,287
0,290
0,293
0,296
0,299
0,302
0,305
0,308
0,311
0,125
0,314
0,317
0,320
0,323
0,326
0,329
0,332
0,335
0,338
0,341
0,128
0,344
0,347
0,350
0,353
0,356
0,359
0,362
0,365
0,368
0,371
0,131
0,374
0,377
0,380
0,383
0,386
0,389
0,392
0,395
0,398
0,401
0
0
0
0,120,288,351,249,381,321,174,375,336,246,111,294,303,237,369,135,366,393,348,297,357,318,285,225,210,363,150,153,228,372,345,219,198,267,177,390,282,339,162,270,333,156,402,354,114,378,312,261,222,255,189,141,309,276,183,213,204,144,405,123,342,252,138,408,243,411,129,171,384,264,231,192,168,186,216,165,126,258,159,306,399,117,291,180,108,207,147,279,315,132,300,240,387,273,330,234,201,324,327,360,195,396
2,107
2,108
2
2,110
2,111
2
2,113
2,114
2
2,116
2,117
2
2,119
2,120
2
2,122
2,123
2
2,125
2,126
2
2,128
2,129
2
2,131
2,132
2
2,134
2,135
2
2,137
2,138
2
2,140
2,141
2
2,143
2,144
2
2,146
2,147
2
2,149
2,150
2
2,152
2,153
2
2,155
2,156
2
2,158
2,159
2
2,161
2,162
2
2,164
2,165
2
2,167
2,168
2
2,170
2,171
2
2,173
2,174
2
2,176
2,177
2
2,179
2,180
2
2,182
2,183
2
2,185
2,186
2
2,188
2,189
2
2,191
2,192
2
2,194
2,195
2
2,197
2,198
2
2,200
2,201
2
2,203
2,204
2
2,206
2,207
2
2,209
2,210
2
2,212
2,213
2
2,215
2,216
2
2,218
2,219
2
2,221
2,222
2
2,224
2,225
2
2,227
2,228
2
2,230
2,231
2
2,233
2,234
2
2,236
2,237
2
2,239
2,240
2
2,242
2,243
2
2,245
2,246
2
2,248
2,249
2
2,251
2,252
2
2,254
2,255
2
2,257
2,258
2
2,260
2,261
2
2,263
2,264
2
2,266
2,267
2
2,269
2,270
2
2,272
2,273
2
2,275
2,276
2
2,278
2,279
2
2,281
2,282
2
2,284
2,285
2
2,287
2,288
2
2,290
2,291
2
2,293
2,294
2
2,296
2,297
2
2,299
2,300
2
2,302
2,303
2
2,305
2,306
2
2,308
2,309
2
2,311
2,312
2
2,314
2,315
2
2,317
2,318
2
2,320
2,321
2
2,323
2,324
2
2,326
2,327
2
2,329
2,330
2
2,332
2,333
2
2,335
2,336
2
2,338
2,339
2
2,341
2,342
2
2,344
2,345
2
2,347
2,348
2
2,350
2,351
2
2,353
2,354
2
2,356
2,357
2
2,359
2,360
2
2,362
2,363
2
2,365
2,366
2
2,368
2,369
2
2,371
2,372
2
2,374
2,375
2
2,377
2,378
2
2,380
2,381
2
2,383
2,384
2
2,386
2,387
2
2,389
2,390
2
2,392
2,393
2
2,395
2,396
2
2,398
2,399
2
2,401
2,402
2
2,404
2,405
2
2,407
2,408
2
2,410
2,411
2
3,428,431,465,469
3,430,468,424,462
3,433,463,426
3,425,429,432,414,427,455,413,412,423,453,454
3,439,474,435
3,437,471
3,438,434,417,416,457,436,456
3,484,477,445,452
3,441,447,480,476
3,448,443,481,450
3,440,459,460,442,421,451,449,446,444,419,458,420
4,424
4
4,426
4
4,428
4
4,430
4,431
4
4,433
4
4,435
4
4,437
4
4,439
4
4,441
4
4,443
4
4,445
4
4,447
4,448
4
4,450
4
4,452
4
5,461
5,464
5,466
5,470
5,472
5,475
5,478
5,482
6,462
6,463
6
6,465
6
6,467
6,468
6,469
6
6,471
6
6,473
6,474
6
6,476
6,477
6
6,479
6,480
6,481
6
6,483
6,484
6
12,406,235,166,133,367,241,370,157,184,298,217,310,286,202,223,127,136,409,172,244,277,187,355,199,205,403,461,163,446,130,181,346,316,292,364,349,265,283,124,142,208,391,343,337,211,385,226,334,145,154,262,394,301,190,358,106,253,193,139,382,259,109,175,352,340,256,271,361,118,220,232,479,121,319,214,169,331,376,229,295,379,280,322,388,247,313,115,148,196,238,304,397,151,250,268,400,307,274,373,178,328,325,112,289,160
12,473,470,432,449,438
12,423,440
12,429,475,467
12,483,464,451
12,427,444
12,425,442,436,434