0,155
0,182
0,452
0,455
0,458
0,461
0,464
0,467
0,470
0,473
0,476
0,479
0,185
0,482
0,485
0,488
0,491
0,494
0,497
0,500
0,503
0,506
0,509
0,188
0,512
0,515
0,518
0,521
0,524
0,527
0,530
0,533
0,536
0,539
0,191
0,542
0,545
0,548
0,551
0,554
0,557
0,560
0,563
0,566
0,569
0,194
0,572
0,575
0,578
0,581
0,584
0,587
0,590
0,593
0,596
0,599
0,197
0,602
0,200
0,203
0,206
0,209
0,158
0,212
0,215
0,218
0,221
0,224
0,227
0,230
0,233
0,236
0,239
0,161
0,242
0,245
0,248
0,251
0,254
0,257
0,260
0,263
0,266
0,269
0,164
0,272
0,275
0,278
0,281
0,284
0,287
0,290
0,293
0,296
0,299
0,167
0,302
0,305
0,308
0,311
0,314
0,317
0,320
0,323
0,326
0,329
0,170
0,332
0,335
0,338
0,341
0,344
0,347
0,350
0,353
0,356
0,359
0,173
0,362
0,365
0,368
0,371
0,374
0,377
0,380
0,383
0,386
0,389
0,176
0,392
0,395
0,398
0,401
0,404
0,407
0,410
0,413
0,416
0,419
0,179
0,422
0,425
0,428
0,431
0,434
0,437
0,440
0,443
0,446
0,449
0
0
0
0,168,336,399,492,597,558,591,297,429,369,222,549,423,384,294,159,342,555,585,540,351,285,579,570,483,417,588,474,183,414,441,396,345,468,594,405,366,333,273,258,411,507,198,495,534,201,276,420,546,393,267,576,486,246,315,225,564,438,543,330,387,210,318,381,204,450,510,402,561,162,480,426,360,309,537,270,303,237,189,357,324,231,261,462,252,192,453,171,504,390,300,186,471,456,567,291,459,177,219,432,312,525,531,279,240,216,234,264,213,174,306,207,573,600,354,447,501,165,498,339,552,513,228,156,522,255,195,327,363,180,348,288,582,435,516,321,519,528,378,282,465,477,249,372,375,489,408,243,444,603
2,155
2,156
2
2,158
2,159
2
2,161
2,162
2
2,164
2,165
2
2,167
2,168
2
2,170
2,171
2
2,173
2,174
2
2,176
2,177
2
2,179
2,180
2
2,182
2,183
2
2,185
2,186
2
2,188
2,189
2
2,191
2,192
2
2,194
2,195
2
2,197
2,198
2
2,200
2,201
2
2,203
2,204
2
2,206
2,207
2
2,209
2,210
2
2,212
2,213
2
2,215
2,216
2
2,218
2,219
2
2,221
2,222
2
2,224
2,225
2
2,227
2,228
2
2,230
2,231
2
2,233
2,234
2
2,236
2,237
2
2,239
2,240
2
2,242
2,243
2
2,245
2,246
2
2,248
2,249
2
2,251
2,252
2
2,254
2,255
2
2,257
2,258
2
2,260
2,261
2
2,263
2,264
2
2,266
2,267
2
2,269
2,270
2
2,272
2,273
2
2,275
2,276
2
2,278
2,279
2
2,281
2,282
2
2,284
2,285
2
2,287
2,288
2
2,290
2,291
2
2,293
2,294
2
2,296
2,297
2
2,299
2,300
2
2,302
2,303
2
2,305
2,306
2
2,308
2,309
2
2,311
2,312
2
2,314
2,315
2
2,317
2,318
2
2,320
2,321
2
2,323
2,324
2
2,326
2,327
2
2,329
2,330
2
2,332
2,333
2
2,335
2,336
2
2,338
2,339
2
2,341
2,342
2
2,344
2,345
2
2,347
2,348
2
2,350
2,351
2
2,353
2,354
2
2,356
2,357
2
2,359
2,360
2
2,362
2,363
2
2,365
2,366
2
2,368
2,369
2
2,371
2,372
2
2,374
2,375
2
2,377
2,378
2
2,380
2,381
2
2,383
2,384
2
2,386
2,387
2
2,389
2,390
2
2,392
2,393
2
2,395
2,396
2
2,398
2,399
2
2,401
2,402
2
2,404
2,405
2
2,407
2,408
2
2,410
2,411
2
2,413
2,414
2
2,416
2,417
2
2,419
2,420
2
2,422
2,423
2
2,425
2,426
2
2,428
2,429
2
2,431
2,432
2
2,434
2,435
2
2,437
2,438
2
2,440
2,441
2
2,443
2,444
2
2,446
2,447
2
2,449
2,450
2
2,452
2,453
2
2,455
2,456
2
2,458
2,459
2
2,461
2,462
2
2,464
2,465
2
2,467
2,468
2
2,470
2,471
2
2,473
2,474
2
2,476
2,477
2
2,479
2,480
2
2,482
2,483
2
2,485
2,486
2
2,488
2,489
2
2,491
2,492
2
2,494
2,495
2
2,497
2,498
2
2,500
2,501
2
2,503
2,504
2
2,506
2,507
2
2,509
2,510
2
2,512
2,513
2
2,515
2,516
2
2,518
2,519
2
2,521
2,522
2
2,524
2,525
2
2,527
2,528
2
2,530
2,531
2
2,533
2,534
2
2,536
2,537
2
2,539
2,540
2
2,542
2,543
2
2,545
2,546
2
2,548
2,549
2
2,551
2,552
2
2,554
2,555
2
2,557
2,558
2
2,560
2,561
2
2,563
2,564
2
2,566
2,567
2
2,569
2,570
2
2,572
2,573
2
2,575
2,576
2
2,578
2,579
2
2,581
2,582
2
2,584
2,585
2
2,587
2,588
2
2,590
2,591
2
2,593
2,594
2
2,596
2,597
2
2,599
2,600
2
2,602
2,603
2
3,620,657,661,623
3,622,660,616,654
3,655,625,618
3,606,617,621,619,647,605,604,624,615,645,646
3,631,666,627
3,629,663
3,630,626,608,649,628,648,609
3,676,669,637,644
3,633,639,672,668
3,635,673,642,640
3,632,651,634,613,643,641,638,636,611,652,650,612
4,616
4
4,618
4
4,620
4
4,622
4,623
4
4,625
4
4,627
4
4,629
4
4,631
4
4,633
4
4,635
4
4,637
4
4,639
4,640
4
4,642
4
4,644
4
5,653
5,656
5,658
5,662
5,664
5,667
5,670
5,674
6,654
6,655
6
6,657
6
6,659
6,660
6,661
6
6,663
6
6,665
6,666
6
6,668
6,669
6
6,671
6,672
6,673
6
6,675
6,676
6
12,454,586,475,556,589,283,214,469,481,514,529,181,592,415,289,418,205,550,232,346,553,526,265,358,523,334,568,250,271,580,175,547,184,457,220,487,292,565,325,235,403,247,253,505,451,653,211,638,178,229,394,364,541,340,412,397,313,331,172,517,190,256,439,601,532,544,559,466,391,385,259,433,274,382,193,538,511,202,310,442,349,238,406,499,154,571,301,241,520,187,430,496,307,157,223,400,388,304,319,409,166,268,280,671,169,367,262,217,379,424,277,343,427,598,328,463,460,370,436,295,361,163,574,196,244,577,286,352,445,535,199,508,493,298,562,316,448,355,322,421,472,478,226,376,490,373,160,484,502,583,337,595,208
12,665,662,624,641,630
12,615,632
12,621,667,659
12,675,656,643
12,619,636
12,617,634,628,626