0,180
0,207
0,477
0,480
0,483
0,486
0,489
0,492
0,495
0,498
0,501
0,504
0,210
0,507
0,510
0,513
0,516
0,519
0,522
0,525
0,528
0,531
0,534
0,213
0,537
0,540
0,543
0,546
0,549
0,552
0,555
0,558
0,561
0,564
0,216
0,567
0,570
0,573
0,576
0,579
0,582
0,585
0,588
0,591
0,594
0,219
0,597
0,600
0,603
0,606
0,609
0,612
0,615
0,618
0,621
0,624
0,222
0,627
0,630
0,633
0,636
0,639
0,642
0,645
0,648
0,651
0,654
0,225
0,657
0,660
0,663
0,666
0,669
0,672
0,675
0,678
0,681
0,684
0,228
0,687
0,690
0,693
0,696
0,699
0,702
0,231
0,234
0,183
0,237
0,240
0,243
0,246
0,249
0,252
0,255
0,258
0,261
0,264
0,186
0,267
0,270
0,273
0,276
0,279
0,282
0,285
0,288
0,291
0,294
0,189
0,297
0,300
0,303
0,306
0,309
0,312
0,315
0,318
0,321
0,324
0,192
0,327
0,330
0,333
0,336
0,339
0,342
0,345
0,348
0,351
0,354
0,195
0,357
0,360
0,363
0,366
0,369
0,372
0,375
0,378
0,381
0,384
0,198
0,387
0,390
0,393
0,396
0,399
0,402
0,405
0,408
0,411
0,414
0,201
0,417
0,420
0,423
0,426
0,429
0,432
0,435
0,438
0,441
0,444
0,204
0,447
0,450
0,453
0,456
0,459
0,462
0,465
0,468
0,471
0,474
0
0
0
0,193,361,658,643,424,517,622,583,685,616,322,454,394,247,574,448,409,319,184,700,703,670,367,661,637,667,580,610,565,376,310,604,697,595,508,442,613,499,208,694,439,466,421,370,493,619,430,391,358,298,283,436,532,223,520,559,226,301,445,571,418,640,292,601,511,673,271,340,250,589,463,568,355,412,235,343,406,229,475,535,427,586,187,688,505,649,451,385,334,562,295,328,262,214,382,349,256,286,487,277,217,478,196,529,682,415,325,664,211,496,481,631,592,316,484,202,244,457,337,550,556,304,265,241,259,655,289,238,199,331,232,598,625,379,472,526,190,523,364,577,538,253,652,181,547,679,646,280,220,352,388,205,373,313,607,460,541,346,544,553,403,634,307,490,502,676,274,397,400,514,433,268,469,691,628
2,180
2,181
2
2,183
2,184
2
2,186
2,187
2
2,189
2,190
2
2,192
2,193
2
2,195
2,196
2
2,198
2,199
2
2,201
2,202
2
2,204
2,205
2
2,207
2,208
2
2,210
2,211
2
2,213
2,214
2
2,216
2,217
2
2,219
2,220
2
2,222
2,223
2
2,225
2,226
2
2,228
2,229
2
2,231
2,232
2
2,234
2,235
2
2,237
2,238
2
2,240
2,241
2
2,243
2,244
2
2,246
2,247
2
2,249
2,250
2
2,252
2,253
2
2,255
2,256
2
2,258
2,259
2
2,261
2,262
2
2,264
2,265
2
2,267
2,268
2
2,270
2,271
2
2,273
2,274
2
2,276
2,277
2
2,279
2,280
2
2,282
2,283
2
2,285
2,286
2
2,288
2,289
2
2,291
2,292
2
2,294
2,295
2
2,297
2,298
2
2,300
2,301
2
2,303
2,304
2
2,306
2,307
2
2,309
2,310
2
2,312
2,313
2
2,315
2,316
2
2,318
2,319
2
2,321
2,322
2
2,324
2,325
2
2,327
2,328
2
2,330
2,331
2
2,333
2,334
2
2,336
2,337
2
2,339
2,340
2
2,342
2,343
2
2,345
2,346
2
2,348
2,349
2
2,351
2,352
2
2,354
2,355
2
2,357
2,358
2
2,360
2,361
2
2,363
2,364
2
2,366
2,367
2
2,369
2,370
2
2,372
2,373
2
2,375
2,376
2
2,378
2,379
2
2,381
2,382
2
2,384
2,385
2
2,387
2,388
2
2,390
2,391
2
2,393
2,394
2
2,396
2,397
2
2,399
2,400
2
2,402
2,403
2
2,405
2,406
2
2,408
2,409
2
2,411
2,412
2
2,414
2,415
2
2,417
2,418
2
2,420
2,421
2
2,423
2,424
2
2,426
2,427
2
2,429
2,430
2
2,432
2,433
2
2,435
2,436
2
2,438
2,439
2
2,441
2,442
2
2,444
2,445
2
2,447
2,448
2
2,450
2,451
2
2,453
2,454
2
2,456
2,457
2
2,459
2,460
2
2,462
2,463
2
2,465
2,466
2
2,468
2,469
2
2,471
2,472
2
2,474
2,475
2
2,477
2,478
2
2,480
2,481
2
2,483
2,484
2
2,486
2,487
2
2,489
2,490
2
2,492
2,493
2
2,495
2,496
2
2,498
2,499
2
2,501
2,502
2
2,504
2,505
2
2,507
2,508
2
2,510
2,511
2
2,513
2,514
2
2,516
2,517
2
2,519
2,520
2
2,522
2,523
2
2,525
2,526
2
2,528
2,529
2
2,531
2,532
2
2,534
2,535
2
2,537
2,538
2
2,540
2,541
2
2,543
2,544
2
2,546
2,547
2
2,549
2,550
2
2,552
2,553
2
2,555
2,556
2
2,558
2,559
2
2,561
2,562
2
2,564
2,565
2
2,567
2,568
2
2,570
2,571
2
2,573
2,574
2
2,576
2,577
2
2,579
2,580
2
2,582
2,583
2
2,585
2,586
2
2,588
2,589
2
2,591
2,592
2
2,594
2,595
2
2,597
2,598
2
2,600
2,601
2
2,603
2,604
2
2,606
2,607
2
2,609
2,610
2
2,612
2,613
2
2,615
2,616
2
2,618
2,619
2
2,621
2,622
2
2,624
2,625
2
2,627
2,628
2
2,630
2,631
2
2,633
2,634
2
2,636
2,637
2
2,639
2,640
2
2,642
2,643
2
2,645
2,646
2
2,648
2,649
2
2,651
2,652
2
2,654
2,655
2
2,657
2,658
2
2,660
2,661
2
2,663
2,664
2
2,666
2,667
2
2,669
2,670
2
2,672
2,673
2
2,675
2,676
2
2,678
2,679
2
2,681
2,682
2
2,684
2,685
2
2,687
2,688
2
2,690
2,691
2
2,693
2,694
2
2,696
2,697
2
2,699
2,700
2
2,702
2,703
2
3,720,757,761,723
3,722,760,716,754
3,755,725,718
3,706,717,721,719,747,705,704,724,715,745,746
3,731,766,727
3,729,763
3,730,726,708,749,728,748,709
3,776,769,737,744
3,733,739,772,768
3,735,773,742,740
3,732,751,734,713,743,741,738,736,752,711,750,712
4,716
4
4,718
4
4,720
4
4,722
4,723
4
4,725
4
4,727
4
4,729
4
4,731
4
4,733
4
4,735
4
4,737
4
4,739
4,740
4
4,742
4
4,744
4
5,753
5,756
5,758
5,762
5,764
5,767
5,770
5,774
6,754
6,755
6
6,757
6
6,759
6,760
6,761
6
6,763
6
6,765
6,766
6
6,768
6,769
6
6,771
6,772
6,773
6
6,775
6,776
6
12,650,479,611,500,581,614,665,671,308,239,494,632,506,539,554,206,617,440,314,443,230,575,257,371,578,647,551,683,290,383,548,359,593,275,296,635,605,656,641,200,680,572,209,482,245,512,317,590,350,260,428,272,278,530,476,236,738,203,254,419,389,566,365,437,422,338,356,197,542,215,281,464,677,626,557,569,584,491,416,629,410,284,458,299,407,662,218,563,536,638,227,335,467,374,263,431,524,179,596,659,701,326,674,266,545,212,455,521,332,182,248,689,425,413,695,329,344,686,434,191,293,305,771,194,753,392,287,242,404,449,302,368,452,653,623,353,488,485,395,461,320,386,188,599,221,269,602,311,377,470,560,224,533,692,518,323,587,668,341,473,380,347,446,497,503,251,401,644,515,398,185,509,527,608,362,620,698,233
12,765,762,724,741,730
12,715,732
12,721,767,759
12,775,756,743
12,719,736
12,717,734,728,726