0,189
0,216
0,486
0,489
0,492
0,495
0,498
0,501
0,504
0,507
0,510
0,513
0,219
0,516
0,519
0,522
0,525
0,528
0,531
0,534
0,537
0,540
0,543
0,222
0,546
0,549
0,552
0,555
0,558
0,561
0,564
0,567
0,570
0,573
0,225
0,576
0,579
0,582
0,585
0,588
0,591
0,594
0,597
0,600
0,603
0,228
0,606
0,609
0,612
0,615
0,618
0,621
0,624
0,627
0,630
0,633
0,231
0,636
0,639
0,642
0,645
0,648
0,651
0,654
0,657
0,660
0,663
0,234
0,666
0,669
0,672
0,675
0,678
0,681
0,684
0,687
0,690
0,693
0,237
0,696
0,699
0,702
0,705
0,708
0,711
0,714
0,717
0,720
0,723
0,240
0,726
0,729
0,732
0,735
0,738
0,243
0,192
0,246
0,249
0,252
0,255
0,258
0,261
0,264
0,267
0,270
0,273
0,195
0,276
0,279
0,282
0,285
0,288
0,291
0,294
0,297
0,300
0,303
0,198
0,306
0,309
0,312
0,315
0,318
0,321
0,324
0,327
0,330
0,333
0,201
0,336
0,339
0,342
0,345
0,348
0,351
0,354
0,357
0,360
0,363
0,204
0,366
0,369
0,372
0,375
0,378
0,381
0,384
0,387
0,390
0,393
0,207
0,396
0,399
0,402
0,405
0,408
0,411
0,414
0,417
0,420
0,423
0,210
0,426
0,429
0,432
0,435
0,438
0,441
0,444
0,447
0,450
0,453
0,213
0,456
0,459
0,462
0,465
0,468
0,471
0,474
0,477
0,480
0,483
0
0
0
0,202,718,370,667,724,652,433,526,631,592,694,625,331,463,403,256,739,583,457,721,418,328,193,709,712,679,715,376,670,646,676,589,619,574,385,319,613,706,604,517,451,622,508,217,703,448,475,430,379,502,628,439,400,367,307,292,445,541,232,529,568,235,310,454,580,427,649,301,610,520,682,280,349,259,598,472,577,364,421,244,352,415,238,484,544,436,595,196,730,697,514,658,460,394,343,571,304,337,271,223,391,358,265,295,496,286,226,487,205,538,691,424,334,673,220,505,490,640,601,325,493,211,253,466,346,559,565,313,274,250,268,664,298,247,208,340,241,607,634,388,481,535,199,532,373,586,547,262,661,190,556,688,655,289,229,361,397,214,382,322,736,616,469,550,355,553,562,412,643,316,499,511,685,283,733,406,409,727,523,442,277,478,700,637
2,189
2,190
2
2,192
2,193
2
2,195
2,196
2
2,198
2,199
2
2,201
2,202
2
2,204
2,205
2
2,207
2,208
2
2,210
2,211
2
2,213
2,214
2
2,216
2,217
2
2,219
2,220
2
2,222
2,223
2
2,225
2,226
2
2,228
2,229
2
2,231
2,232
2
2,234
2,235
2
2,237
2,238
2
2,240
2,241
2
2,243
2,244
2
2,246
2,247
2
2,249
2,250
2
2,252
2,253
2
2,255
2,256
2
2,258
2,259
2
2,261
2,262
2
2,264
2,265
2
2,267
2,268
2
2,270
2,271
2
2,273
2,274
2
2,276
2,277
2
2,279
2,280
2
2,282
2,283
2
2,285
2,286
2
2,288
2,289
2
2,291
2,292
2
2,294
2,295
2
2,297
2,298
2
2,300
2,301
2
2,303
2,304
2
2,306
2,307
2
2,309
2,310
2
2,312
2,313
2
2,315
2,316
2
2,318
2,319
2
2,321
2,322
2
2,324
2,325
2
2,327
2,328
2
2,330
2,331
2
2,333
2,334
2
2,336
2,337
2
2,339
2,340
2
2,342
2,343
2
2,345
2,346
2
2,348
2,349
2
2,351
2,352
2
2,354
2,355
2
2,357
2,358
2
2,360
2,361
2
2,363
2,364
2
2,366
2,367
2
2,369
2,370
2
2,372
2,373
2
2,375
2,376
2
2,378
2,379
2
2,381
2,382
2
2,384
2,385
2
2,387
2,388
2
2,390
2,391
2
2,393
2,394
2
2,396
2,397
2
2,399
2,400
2
2,402
2,403
2
2,405
2,406
2
2,408
2,409
2
2,411
2,412
2
2,414
2,415
2
2,417
2,418
2
2,420
2,421
2
2,423
2,424
2
2,426
2,427
2
2,429
2,430
2
2,432
2,433
2
2,435
2,436
2
2,438
2,439
2
2,441
2,442
2
2,444
2,445
2
2,447
2,448
2
2,450
2,451
2
2,453
2,454
2
2,456
2,457
2
2,459
2,460
2
2,462
2,463
2
2,465
2,466
2
2,468
2,469
2
2,471
2,472
2
2,474
2,475
2
2,477
2,478
2
2,480
2,481
2
2,483
2,484
2
2,486
2,487
2
2,489
2,490
2
2,492
2,493
2
2,495
2,496
2
2,498
2,499
2
2,501
2,502
2
2,504
2,505
2
2,507
2,508
2
2,510
2,511
2
2,513
2,514
2
2,516
2,517
2
2,519
2,520
2
2,522
2,523
2
2,525
2,526
2
2,528
2,529
2
2,531
2,532
2
2,534
2,535
2
2,537
2,538
2
2,540
2,541
2
2,543
2,544
2
2,546
2,547
2
2,549
2,550
2
2,552
2,553
2
2,555
2,556
2
2,558
2,559
2
2,561
2,562
2
2,564
2,565
2
2,567
2,568
2
2,570
2,571
2
2,573
2,574
2
2,576
2,577
2
2,579
2,580
2
2,582
2,583
2
2,585
2,586
2
2,588
2,589
2
2,591
2,592
2
2,594
2,595
2
2,597
2,598
2
2,600
2,601
2
2,603
2,604
2
2,606
2,607
2
2,609
2,610
2
2,612
2,613
2
2,615
2,616
2
2,618
2,619
2
2,621
2,622
2
2,624
2,625
2
2,627
2,628
2
2,630
2,631
2
2,633
2,634
2
2,636
2,637
2
2,639
2,640
2
2,642
2,643
2
2,645
2,646
2
2,648
2,649
2
2,651
2,652
2
2,654
2,655
2
2,657
2,658
2
2,660
2,661
2
2,663
2,664
2
2,666
2,667
2
2,669
2,670
2
2,672
2,673
2
2,675
2,676
2
2,678
2,679
2
2,681
2,682
2
2,684
2,685
2
2,687
2,688
2
2,690
2,691
2
2,693
2,694
2
2,696
2,697
2
2,699
2,700
2
2,702
2,703
2
2,705
2,706
2
2,708
2,709
2
2,711
2,712
2
2,714
2,715
2
2,717
2,718
2
2,720
2,721
2
2,723
2,724
2
2,726
2,727
2
2,729
2,730
2
2,732
2,733
2
2,735
2,736
2
2,738
2,739
2
3,756,793,797,759
3,758,796,752,790
3,791,761,754
3,742,753,757,755,783,741,740,760,751,781,782
3,767,802,763
3,765,799
3,766,762,744,785,764,784,745
3,812,805,773,780
3,769,775,808,804
3,771,809,778,776
3,768,787,770,749,779,777,774,772,788,747,786,748
4,752
4
4,754
4
4,756
4
4,758
4,759
4
4,761
4
4,763
4
4,765
4
4,767
4
4,769
4
4,771
4
4,773
4
4,775
4,776
4
4,778
4
4,780
4
5,789
5,792
5,794
5,798
5,800
5,803
5,806
5,810
6,790
6,791
6
6,793
6
6,795
6,796
6,797
6
6,799
6
6,801
6,802
6
6,804
6,805
6
6,807
6,808
6,809
6
6,811
6,812
6
12,659,488,620,509,590,623,674,680,317,248,503,641,515,548,563,215,626,737,449,323,452,239,584,266,380,587,656,560,692,299,392,557,368,602,284,305,644,728,614,665,650,209,689,581,218,491,254,521,326,599,359,269,437,281,731,287,539,485,245,774,212,263,725,428,398,575,374,446,431,347,365,206,551,224,290,473,686,635,566,578,593,500,425,638,419,293,467,308,416,671,227,713,572,545,647,719,236,344,476,383,272,440,533,188,605,668,716,710,734,335,683,722,275,554,221,464,530,341,191,257,698,434,422,704,338,353,695,443,200,302,314,807,203,789,401,296,251,413,458,311,377,461,662,632,362,497,494,404,470,329,395,197,608,230,278,611,320,386,479,569,233,542,701,527,332,596,677,350,482,389,356,455,506,512,260,410,653,524,407,194,518,536,617,371,629,707,242
12,801,798,760,777,766
12,751,768
12,803,795,757
12,811,792,779
12,755,772
12,753,770,764,762