0,195
0,222
0,492
0,495
0,498
0,501
0,504
0,507
0,510
0,513
0,516
0,519
0,225
0,522
0,525
0,528
0,531
0,534
0,537
0,540
0,543
0,546
0,549
0,228
0,552
0,555
0,558
0,561
0,564
0,567
0,570
0,573
0,576
0,579
0,231
0,582
0,585
0,588
0,591
0,594
0,597
0,600
0,603
0,606
0,609
0,234
0,612
0,615
0,618
0,621
0,624
0,627
0,630
0,633
0,636
0,639
0,237
0,642
0,645
0,648
0,651
0,654
0,657
0,660
0,663
0,666
0,669
0,240
0,672
0,675
0,678
0,681
0,684
0,687
0,690
0,693
0,696
0,699
0,243
0,702
0,705
0,708
0,711
0,714
0,717
0,720
0,723
0,726
0,729
0,246
0,732
0,735
0,738
0,741
0,744
0,747
0,750
0,753
0,756
0,759
0,249
0,762
0,198
0,252
0,255
0,258
0,261
0,264
0,267
0,270
0,273
0,276
0,279
0,201
0,282
0,285
0,288
0,291
0,294
0,297
0,300
0,303
0,306
0,309
0,204
0,312
0,315
0,318
0,321
0,324
0,327
0,330
0,333
0,336
0,339
0,207
0,342
0,345
0,348
0,351
0,354
0,357
0,360
0,363
0,366
0,369
0,210
0,372
0,375
0,378
0,381
0,384
0,387
0,390
0,393
0,396
0,399
0,213
0,402
0,405
0,408
0,411
0,414
0,417
0,420
0,423
0,426
0,429
0,216
0,432
0,435
0,438
0,441
0,444
0,447
0,450
0,453
0,456
0,459
0,219
0,462
0,465
0,468
0,471
0,474
0,477
0,480
0,483
0,486
0,489
0
0
0
0,208,724,376,673,730,658,439,532,637,598,700,631,337,469,409,262,745,589,463,727,424,334,748,199,715,718,685,721,382,676,652,751,682,595,625,580,391,325,619,712,610,523,457,628,514,223,709,454,481,436,385,508,634,445,406,373,313,298,451,760,547,238,535,574,241,316,460,586,433,655,307,616,526,688,286,355,265,604,478,583,370,427,250,358,421,244,490,550,442,601,202,736,703,520,664,466,400,349,577,310,343,277,229,397,364,271,301,502,292,232,493,211,544,697,430,340,679,226,511,496,646,607,331,499,217,259,472,352,565,571,319,280,256,274,670,763,304,253,214,346,247,613,640,394,487,541,205,538,379,592,553,268,667,757,196,562,694,661,295,235,367,403,220,388,328,742,622,475,556,361,559,568,418,649,322,505,754,517,691,289,739,412,415,733,529,448,283,484,706,643
2,195
2,196
2
2,198
2,199
2
2,201
2,202
2
2,204
2,205
2
2,207
2,208
2
2,210
2,211
2
2,213
2,214
2
2,216
2,217
2
2,219
2,220
2
2,222
2,223
2
2,225
2,226
2
2,228
2,229
2
2,231
2,232
2
2,234
2,235
2
2,237
2,238
2
2,240
2,241
2
2,243
2,244
2
2,246
2,247
2
2,249
2,250
2
2,252
2,253
2
2,255
2,256
2
2,258
2,259
2
2,261
2,262
2
2,264
2,265
2
2,267
2,268
2
2,270
2,271
2
2,273
2,274
2
2,276
2,277
2
2,279
2,280
2
2,282
2,283
2
2,285
2,286
2
2,288
2,289
2
2,291
2,292
2
2,294
2,295
2
2,297
2,298
2
2,300
2,301
2
2,303
2,304
2
2,306
2,307
2
2,309
2,310
2
2,312
2,313
2
2,315
2,316
2
2,318
2,319
2
2,321
2,322
2
2,324
2,325
2
2,327
2,328
2
2,330
2,331
2
2,333
2,334
2
2,336
2,337
2
2,339
2,340
2
2,342
2,343
2
2,345
2,346
2
2,348
2,349
2
2,351
2,352
2
2,354
2,355
2
2,357
2,358
2
2,360
2,361
2
2,363
2,364
2
2,366
2,367
2
2,369
2,370
2
2,372
2,373
2
2,375
2,376
2
2,378
2,379
2
2,381
2,382
2
2,384
2,385
2
2,387
2,388
2
2,390
2,391
2
2,393
2,394
2
2,396
2,397
2
2,399
2,400
2
2,402
2,403
2
2,405
2,406
2
2,408
2,409
2
2,411
2,412
2
2,414
2,415
2
2,417
2,418
2
2,420
2,421
2
2,423
2,424
2
2,426
2,427
2
2,429
2,430
2
2,432
2,433
2
2,435
2,436
2
2,438
2,439
2
2,441
2,442
2
2,444
2,445
2
2,447
2,448
2
2,450
2,451
2
2,453
2,454
2
2,456
2,457
2
2,459
2,460
2
2,462
2,463
2
2,465
2,466
2
2,468
2,469
2
2,471
2,472
2
2,474
2,475
2
2,477
2,478
2
2,480
2,481
2
2,483
2,484
2
2,486
2,487
2
2,489
2,490
2
2,492
2,493
2
2,495
2,496
2
2,498
2,499
2
2,501
2,502
2
2,504
2,505
2
2,507
2,508
2
2,510
2,511
2
2,513
2,514
2
2,516
2,517
2
2,519
2,520
2
2,522
2,523
2
2,525
2,526
2
2,528
2,529
2
2,531
2,532
2
2,534
2,535
2
2,537
2,538
2
2,540
2,541
2
2,543
2,544
2
2,546
2,547
2
2,549
2,550
2
2,552
2,553
2
2,555
2,556
2
2,558
2,559
2
2,561
2,562
2
2,564
2,565
2
2,567
2,568
2
2,570
2,571
2
2,573
2,574
2
2,576
2,577
2
2,579
2,580
2
2,582
2,583
2
2,585
2,586
2
2,588
2,589
2
2,591
2,592
2
2,594
2,595
2
2,597
2,598
2
2,600
2,601
2
2,603
2,604
2
2,606
2,607
2
2,609
2,610
2
2,612
2,613
2
2,615
2,616
2
2,618
2,619
2
2,621
2,622
2
2,624
2,625
2
2,627
2,628
2
2,630
2,631
2
2,633
2,634
2
2,636
2,637
2
2,639
2,640
2
2,642
2,643
2
2,645
2,646
2
2,648
2,649
2
2,651
2,652
2
2,654
2,655
2
2,657
2,658
2
2,660
2,661
2
2,663
2,664
2
2,666
2,667
2
2,669
2,670
2
2,672
2,673
2
2,675
2,676
2
2,678
2,679
2
2,681
2,682
2
2,684
2,685
2
2,687
2,688
2
2,690
2,691
2
2,693
2,694
2
2,696
2,697
2
2,699
2,700
2
2,702
2,703
2
2,705
2,706
2
2,708
2,709
2
2,711
2,712
2
2,714
2,715
2
2,717
2,718
2
2,720
2,721
2
2,723
2,724
2
2,726
2,727
2
2,729
2,730
2
2,732
2,733
2
2,735
2,736
2
2,738
2,739
2
2,741
2,742
2
2,744
2,745
2
2,747
2,748
2
2,750
2,751
2
2,753
2,754
2
2,756
2,757
2
2,759
2,760
2
2,762
2,763
2
3,780,817,821,783
3,782,820,776,814
3,815,785,778
3,766,777,781,779,807,765,764,784,775,805,806
3,791,826,787
3,789,823
3,790,786,768,809,788,808,769
3,836,829,797,804
3,793,799,832,828
3,795,833,802,800
3,792,811,794,773,803,801,798,796,812,771,810,772
4,776
4
4,778
4
4,780
4
4,782
4,783
4
4,785
4
4,787
4
4,789
4
4,791
4
4,793
4
4,795
4
4,797
4
4,799
4,800
4
4,802
4
4,804
4
5,813
5,816
5,818
5,822
5,824
5,827
5,830
5,834
6,814
6,815
6
6,817
6
6,819
6,820
6,821
6
6,823
6
6,825
6,826
6
6,828
6,829
6
6,831
6,832
6,833
6
6,835
6,836
6
12,665,494,626,515,596,629,680,686,323,254,509,647,521,554,569,221,632,743,749,455,329,458,245,590,272,386,593,662,566,698,305,398,563,374,608,290,311,650,734,620,671,656,215,695,587,224,497,260,527,332,605,365,275,443,287,737,293,545,491,251,798,218,269,731,434,404,581,380,452,437,746,353,371,752,212,557,230,296,479,692,758,641,572,584,599,506,431,644,425,299,473,314,422,677,233,719,578,551,653,725,242,350,482,389,278,446,539,194,611,674,722,716,740,341,689,728,755,281,560,227,470,536,347,197,263,704,440,428,710,344,359,701,449,206,308,320,831,209,813,407,302,257,419,464,317,383,467,668,638,368,503,500,410,476,335,401,203,614,236,284,617,326,392,485,575,239,548,707,533,338,602,683,356,488,395,362,461,512,518,266,416,761,659,530,413,200,524,542,623,377,635,713,248
12,825,822,784,801,790
12,775,792
12,827,819,781
12,835,816,803
12,779,796
12,777,794,788,786