0,281
0,308
0,578
0,581
0,584
0,587
0,590
0,593
0,596
0,599
0,602
0,605
0,311
0,608
0,611
0,614
0,617
0,620
0,623
0,626
0,629
0,632
0,635
0,314
0,638
0,641
0,644
0,647
0,650
0,653
0,656
0,659
0,662
0,665
0,317
0,668
0,671
0,674
0,677
0,680
0,683
0,686
0,689
0,692
0,695
0,320
0,698
0,701
0,704
0,707
0,710
0,713
0,716
0,719
0,722
0,725
0,323
0,728
0,731
0,734
0,737
0,740
0,743
0,746
0,749
0,752
0,755
0,326
0,758
0,761
0,764
0,767
0,770
0,773
0,776
0,779
0,782
0,785
0,329
0,788
0,791
0,794
0,797
0,800
0,803
0,806
0,809
0,812
0,815
0,332
0,818
0,821
0,824
0,827
0,830
0,833
0,836
0,839
0,842
0,845
0,335
0,848
0,851
0,854
0,857
0,860
0,863
0,866
0,869
0,872
0,875
0,284
0,338
0,878
0,881
0,884
0,887
0,890
0,893
0,896
0,899
0,902
0,905
0,341
0,908
0,911
0,914
0,917
0,920
0,923
0,926
0,929
0,932
0,935
0,344
0,938
0,941
0,944
0,947
0,950
0,953
0,956
0,959
0,962
0,965
0,347
0,968
0,971
0,974
0,977
0,980
0,983
0,986
0,989
0,992
0,995
0,350
0,998
0,1001
0,1004
0,1007
0,1010
0,1013
0,1016
0,1019
0,1022
0,1025
0,353
0,1028
0,1031
0,1034
0,1037
0,1040
0,1043
0,1046
0,1049
0,1052
0,1055
0,356
0,1058
0,1061
0,1064
0,1067
0,1070
0,1073
0,1076
0,1079
0,1082
0,1085
0,359
0,1088
0,1091
0,1094
0,1097
0,1100
0,1103
0,1106
0,362
0,365
0,287
0,368
0,371
0,374
0,377
0,380
0,383
0,386
0,389
0,392
0,395
0,290
0,398
0,401
0,404
0,407
0,410
0,413
0,416
0,419
0,422
0,425
0,293
0,428
0,431
0,434
0,437
0,440
0,443
0,446
0,449
0,452
0,455
0,296
0,458
0,461
0,464
0,467
0,470
0,473
0,476
0,479
0,482
0,485
0,299
0,488
0,491
0,494
0,497
0,500
0,503
0,506
0,509
0,512
0,515
0,302
0,518
0,521
0,524
0,527
0,530
0,533
0,536
0,539
0,542
0,545
0,305
0,548
0,551
0,554
0,557
0,560
0,563
0,566
0,569
0,572
0,575
0
0
0
0,294,759,954,1071,672,684,555,597,345,840,834,807,468,666,477,705,567,720,531,399,540,1017,741,702,612,1014,372,606,765,330,636,789,927,486,435,429,951,315,588,378,297,558,1023,582,417,651,852,1038,888,795,432,693,1020,774,282,780,867,642,447,900,930,591,603,792,744,660,723,576,423,495,549,1011,738,681,711,804,798,609,600,861,1035,471,993,921,810,1104,621,957,876,546,393,981,351,858,507,897,687,822,1080,483,978,318,864,870,783,1044,312,732,933,963,894,438,945,996,1095,756,300,426,726,291,624,1101,918,678,639,354,753,1074,1002,1056,381,489,474,645,777,615,369,570,462,1053,510,699,1068,285,972,984,786,924,696,309,1089,522,987,1026,492,717,855,324,999,675,768,402,1062,960,879,441,648,942,690,903,564,513,336,801,750,891,663,396,816,387,1077,630,849,939,1059,585,837,405,342,573,465,885,936,915,1098,909,843,1047,771,975,708,561,654,504,1032,375,882,990,825,288,948,1041,714,525,618,912,348,813,420,762,873,411,579,966,543,537,1092,321,594,459,384,846,633,327,819,519,1083,669,456,627,450,1065,528,357,552,363,906,444,516,1107,1005,303,657,366,831,360,1050,390,339,333,480,1008,747,453,306,414,828,408,1086,1029,498,735,969,534,501,729
2,281
2,282
2
2,284
2,285
2
2,287
2,288
2
2,290
2,291
2
2,293
2,294
2
2,296
2,297
2
2,299
2,300
2
2,302
2,303
2
2,305
2,306
2
2,308
2,309
2
2,311
2,312
2
2,314
2,315
2
2,317
2,318
2
2,320
2,321
2
2,323
2,324
2
2,326
2,327
2
2,329
2,330
2
2,332
2,333
2
2,335
2,336
2
2,338
2,339
2
2,341
2,342
2
2,344
2,345
2
2,347
2,348
2
2,350
2,351
2
2,353
2,354
2
2,356
2,357
2
2,359
2,360
2
2,362
2,363
2
2,365
2,366
2
2,368
2,369
2
2,371
2,372
2
2,374
2,375
2
2,377
2,378
2
2,380
2,381
2
2,383
2,384
2
2,386
2,387
2
2,389
2,390
2
2,392
2,393
2
2,395
2,396
2
2,398
2,399
2
2,401
2,402
2
2,404
2,405
2
2,407
2,408
2
2,410
2,411
2
2,413
2,414
2
2,416
2,417
2
2,419
2,420
2
2,422
2,423
2
2,425
2,426
2
2,428
2,429
2
2,431
2,432
2
2,434
2,435
2
2,437
2,438
2
2,440
2,441
2
2,443
2,444
2
2,446
2,447
2
2,449
2,450
2
2,452
2,453
2
2,455
2,456
2
2,458
2,459
2
2,461
2,462
2
2,464
2,465
2
2,467
2,468
2
2,470
2,471
2
2,473
2,474
2
2,476
2,477
2
2,479
2,480
2
2,482
2,483
2
2,485
2,486
2
2,488
2,489
2
2,491
2,492
2
2,494
2,495
2
2,497
2,498
2
2,500
2,501
2
2,503
2,504
2
2,506
2,507
2
2,509
2,510
2
2,512
2,513
2
2,515
2,516
2
2,518
2,519
2
2,521
2,522
2
2,524
2,525
2
2,527
2,528
2
2,530
2,531
2
2,533
2,534
2
2,536
2,537
2
2,539
2,540
2
2,542
2,543
2
2,545
2,546
2
2,548
2,549
2
2,551
2,552
2
2,554
2,555
2
2,557
2,558
2
2,560
2,561
2
2,563
2,564
2
2,566
2,567
2
2,569
2,570
2
2,572
2,573
2
2,575
2,576
2
2,578
2,579
2
2,581
2,582
2
2,584
2,585
2
2,587
2,588
2
2,590
2,591
2
2,593
2,594
2
2,596
2,597
2
2,599
2,600
2
2,602
2,603
2
2,605
2,606
2
2,608
2,609
2
2,611
2,612
2
2,614
2,615
2
2,617
2,618
2
2,620
2,621
2
2,623
2,624
2
2,626
2,627
2
2,629
2,630
2
2,632
2,633
2
2,635
2,636
2
2,638
2,639
2
2,641
2,642
2
2,644
2,645
2
2,647
2,648
2
2,650
2,651
2
2,653
2,654
2
2,656
2,657
2
2,659
2,660
2
2,662
2,663
2
2,665
2,666
2
2,668
2,669
2
2,671
2,672
2
2,674
2,675
2
2,677
2,678
2
2,680
2,681
2
2,683
2,684
2
2,686
2,687
2
2,689
2,690
2
2,692
2,693
2
2,695
2,696
2
2,698
2,699
2
2,701
2,702
2
2,704
2,705
2
2,707
2,708
2
2,710
2,711
2
2,713
2,714
2
2,716
2,717
2
2,719
2,720
2
2,722
2,723
2
2,725
2,726
2
2,728
2,729
2
2,731
2,732
2
2,734
2,735
2
2,737
2,738
2
2,740
2,741
2
2,743
2,744
2
2,746
2,747
2
2,749
2,750
2
2,752
2,753
2
2,755
2,756
2
2,758
2,759
2
2,761
2,762
2
2,764
2,765
2
2,767
2,768
2
2,770
2,771
2
2,773
2,774
2
2,776
2,777
2
2,779
2,780
2
2,782
2,783
2
2,785
2,786
2
2,788
2,789
2
2,791
2,792
2
2,794
2,795
2
2,797
2,798
2
2,800
2,801
2
2,803
2,804
2
2,806
2,807
2
2,809
2,810
2
2,812
2,813
2
2,815
2,816
2
2,818
2,819
2
2,821
2,822
2
2,824
2,825
2
2,827
2,828
2
2,830
2,831
2
2,833
2,834
2
2,836
2,837
2
2,839
2,840
2
2,842
2,843
2
2,845
2,846
2
2,848
2,849
2
2,851
2,852
2
2,854
2,855
2
2,857
2,858
2
2,860
2,861
2
2,863
2,864
2
2,866
2,867
2
2,869
2,870
2
2,872
2,873
2
2,875
2,876
2
2,878
2,879
2
2,881
2,882
2
2,884
2,885
2
2,887
2,888
2
2,890
2,891
2
2,893
2,894
2
2,896
2,897
2
2,899
2,900
2
2,902
2,903
2
2,905
2,906
2
2,908
2,909
2
2,911
2,912
2
2,914
2,915
2
2,917
2,918
2
2,920
2,921
2
2,923
2,924
2
2,926
2,927
2
2,929
2,930
2
2,932
2,933
2
2,935
2,936
2
2,938
2,939
2
2,941
2,942
2
2,944
2,945
2
2,947
2,948
2
2,950
2,951
2
2,953
2,954
2
2,956
2,957
2
2,959
2,960
2
2,962
2,963
2
2,965
2,966
2
2,968
2,969
2
2,971
2,972
2
2,974
2,975
2
2,977
2,978
2
2,980
2,981
2
2,983
2,984
2
2,986
2,987
2
2,989
2,990
2
2,992
2,993
2
2,995
2,996
2
2,998
2,999
2
2,1001
2,1002
2
2,1004
2,1005
2
2,1007
2,1008
2
2,1010
2,1011
2
2,1013
2,1014
2
2,1016
2,1017
2
2,1019
2,1020
2
2,1022
2,1023
2
2,1025
2,1026
2
2,1028
2,1029
2
2,1031
2,1032
2
2,1034
2,1035
2
2,1037
2,1038
2
2,1040
2,1041
2
2,1043
2,1044
2
2,1046
2,1047
2
2,1049
2,1050
2
2,1052
2,1053
2
2,1055
2,1056
2
2,1058
2,1059
2
2,1061
2,1062
2
2,1064
2,1065
2
2,1067
2,1068
2
2,1070
2,1071
2
2,1073
2,1074
2
2,1076
2,1077
2
2,1079
2,1080
2
2,1082
2,1083
2
2,1085
2,1086
2
2,1088
2,1089
2
2,1091
2,1092
2
2,1094
2,1095
2
2,1097
2,1098
2
2,1100
2,1101
2
2,1103
2,1104
2
2,1106
2,1107
2
3,1161,1165,1127,1124
3,1164,1120,1126,1158
3,1129,1159,1122
3,1121,1149,1128,1108,1150,1123,1125,1109,1119,1110,1151
3,1170,1131,1135
3,1133,1167
3,1134,1113,1153,1132,1112,1152,1130
3,1180,1173,1148,1141
3,1137,1172,1143,1176
3,1144,1139,1146,1177
3,1145,1154,1147,1156,1142,1115,1155,1136,1117,1116,1138,1140
4,1120
4
4,1122
4
4,1124
4
4,1126
4,1127
4
4,1129
4
4,1131
4
4,1133
4
4,1135
4
4,1137
4
4,1139
4
4,1141
4
4,1143
4,1144
4
4,1146
4
4,1148
4
5,1157
5,1160
5,1162
5,1166
5,1168
5,1171
5,1174
5,1178
6,1158
6,1159
6
6,1161
6
6,1163
6,1164
6,1165
6
6,1167
6
6,1169
6,1170
6
6,1172
6,1173
6
6,1175
6,1176
6,1177
6
6,1179
6,1180
6
12,751,766,1036,733,655,829,328,676,472,682,589,484,820,952,946,301,583,706,469,451,373,823,577,337,1142,520,538,523,439,931,1069,298,316,877,385,400,1093,913,739,364,280,544,925,808,814,841,433,535,394,1175,295,802,961,505,403,496,412,619,1027,1060,940,973,481,892,457,1009,1012,730,835,928,955,463,721,904,910,595,607,760,331,889,391,397,748,871,346,1015,1039,379,1030,1157,1024,817,670,685,1057,1105,559,1084,601,856,427,367,313,1102,967,499,343,571,979,454,874,421,1000,289,700,1033,574,988,976,994,781,769,649,736,1090,745,1066,907,580,712,409,340,382,307,919,415,895,679,652,784,550,1048,658,694,838,970,310,613,796,361,949,304,466,832,640,778,727,517,511,763,880,664,1003,637,436,958,475,691,532,697,775,1054,772,283,514,934,430,799,787,847,406,886,553,1045,562,859,322,478,865,634,1042,901,325,547,616,985,286,610,628,793,991,709,715,742,868,1087,541,883,358,790,943,703,460,376,1021,997,757,964,1081,673,625,418,448,529,1018,631,355,490,667,898,643,1078,565,592,1072,508,319,805,688,811,568,1006,826,982,646,526,502,556,622,349,853,292,493,388,718,1075,916,1096,1099,754,724,1051,850,586,487,445,370,1063,661,844,424,442,598,604,937,352,862,334,922
12,1166,1134,1128,1169,1145
12,1119,1136
12,1125,1171,1163
12,1179,1160,1147
12,1140,1123
12,1121,1130,1138,1132