0,39
0,66
0,69
0,72
0,75
0,78
0,81
0,84
0,87
0,90
0,93
0,42
0,96
0,99
0,102
0,105
0,108
0,111
0,114
0,117
0,120
0,123
0,45
0,126
0,129
0,132
0,135
0,138
0,48
0,51
0,54
0,57
0,60
0,63
0
0
0
0,52,130,46,58,91,121,73,82,115,136,76,106,112,55,85,40,139,79,64,70,43,109,61,103,124,94,100,67,133,88,118,49,127,97
2,39
2,40
2
2,42
2,43
2
2,45
2,46
2
2,48
2,49
2
2,51
2,52
2
2,54
2,55
2
2,57
2,58
2
2,60
2,61
2
2,63
2,64
2
2,66
2,67
2
2,69
2,70
2
2,72
2,73
2
2,75
2,76
2
2,78
2,79
2
2,81
2,82
2
2,84
2,85
2
2,87
2,88
2
2,90
2,91
2
2,93
2,94
2
2,96
2,97
2
2,99
2,100
2
2,102
2,103
2
2,105
2,106
2
2,108
2,109
2
2,111
2,112
2
2,114
2,115
2
2,117
2,118
2
2,120
2,121
2
2,123
2,124
2
2,126
2,127
2
2,129
2,130
2
2,132
2,133
2
2,135
2,136
2
2,138
2,139
2
3,193,156,197,159
3,190,152,196,158
3,161,154,191
3,160,142,141,183,153,140,181,155,151,182,157
3,167,163,202
3,165,199
3,184,166,145,144,164,185,162
3,173,212,205,180
3,169,204,175,208
3,178,171,209,176
3,172,168,187,147,179,174,186,170,177,188,149,148
4,152
4
4,154
4
4,156
4
4,158
4,159
4
4,161
4
4,163
4
4,165
4
4,167
4
4,169
4
4,171
4
4,173
4
4,175
4,176
4
4,178
4
4,180
4
5,189
5,192
5,194
5,198
5,200
5,203
5,206
5,210
6,190
6,191
6
6,193
6
6,195
6,196
6,197
6
6,199
6
6,201
6,202
6
6,204
6,205
6
6,207
6,208
6,209
6
6,211
6,212
6
12,122,137,38,131,47,189,80,95,174,62,128,98,113,101,83,65,207,125,56,71,74,89,116,41,107,134,50,53,110,77,44,59,68,104,86,92,119
12,177,198,201,160,166
12,168,151
12,157,195,203
12,179,211,192
12,155,172
12,164,153,162,170