0,49
0,76
0,79
0,82
0,85
0,88
0,91
0,94
0,97
0,100
0,103
0,52
0,106
0,109
0,112
0,115
0,118
0,121
0,124
0,127
0,130
0,133
0,55
0,136
0,139
0,142
0,145
0,148
0,151
0,154
0,157
0,160
0,163
0,58
0,166
0,169
0,172
0,175
0,178
0,61
0,64
0,67
0,70
0,73
0
0
0
0,62,140,56,68,155,101,167,179,152,164,131,83,92,125,146,86,116,122,65,95,50,170,149,89,74,80,53,161,119,71,176,113,173,134,104,110,77,143,98,128,59,158,137,107
2,49
2,50
2
2,52
2,53
2
2,55
2,56
2
2,58
2,59
2
2,61
2,62
2
2,64
2,65
2
2,67
2,68
2
2,70
2,71
2
2,73
2,74
2
2,76
2,77
2
2,79
2,80
2
2,82
2,83
2
2,85
2,86
2
2,88
2,89
2
2,91
2,92
2
2,94
2,95
2
2,97
2,98
2
2,100
2,101
2
2,103
2,104
2
2,106
2,107
2
2,109
2,110
2
2,112
2,113
2
2,115
2,116
2
2,118
2,119
2
2,121
2,122
2
2,124
2,125
2
2,127
2,128
2
2,130
2,131
2
2,133
2,134
2
2,136
2,137
2
2,139
2,140
2
2,142
2,143
2
2,145
2,146
2
2,148
2,149
2
2,151
2,152
2
2,154
2,155
2
2,157
2,158
2
2,160
2,161
2
2,163
2,164
2
2,166
2,167
2
2,169
2,170
2
2,172
2,173
2
2,175
2,176
2
2,178
2,179
2
3,233,196,237,199
3,230,192,236,198
3,201,194,231
3,200,182,181,195,223,193,197,180,221,191,222
3,207,203,242
3,205,239
3,224,206,185,202,184,204,225
3,213,220,252,245
3,209,244,215,248
3,249,211,216,218
3,212,227,187,219,214,226,210,217,228,189,188,208
4,192
4
4,194
4
4,196
4
4,198
4,199
4
4,201
4
4,203
4
4,205
4
4,207
4
4,209
4
4,211
4
4,213
4
4,215
4,216
4
4,218
4
4,220
4
5,229
5,232
5,234
5,238
5,240
5,243
5,246
5,250
6,230
6,231
6
6,233
6
6,235
6,236
6,237
6
6,239
6
6,241
6,242
6
6,244
6,245
6
6,247
6,248
6,249
6
6,251
6,252
6
12,132,147,48,141,57,229,90,105,214,72,138,108,123,111,93,75,247,135,66,81,84,99,150,126,51,117,159,144,165,60,153,63,120,156,168,174,87,54,69,171,162,177,78,114,96,102,129
12,238,241,200,206,217
12,208,191
12,197,235,243
12,232,219,251
12,195,212
12,204,193,202,210