0,58
0,85
0,88
0,91
0,94
0,97
0,100
0,103
0,106
0,109
0,112
0,61
0,115
0,118
0,121
0,124
0,127
0,130
0,133
0,136
0,139
0,142
0,64
0,145
0,148
0,151
0,154
0,157
0,160
0,163
0,166
0,169
0,172
0,67
0,175
0,178
0,181
0,184
0,187
0,190
0,193
0,196
0,199
0,202
0,70
0,205
0,208
0,211
0,214
0,73
0,76
0,79
0,82
0
0
0
0,71,200,125,197,62,188,182,86,176,161,101,104,179,92,170,149,167,128,113,107,65,212,173,206,140,134,164,155,95,74,203,89,194,80,122,215,143,119,137,116,77,209,110,68,131,59,158,98,83,191,185,152,146
2,58
2,59
2
2,61
2,62
2
2,64
2,65
2
2,67
2,68
2
2,70
2,71
2
2,73
2,74
2
2,76
2,77
2
2,79
2,80
2
2,82
2,83
2
2,85
2,86
2
2,88
2,89
2
2,91
2,92
2
2,94
2,95
2
2,97
2,98
2
2,100
2,101
2
2,103
2,104
2
2,106
2,107
2
2,109
2,110
2
2,112
2,113
2
2,115
2,116
2
2,118
2,119
2
2,121
2,122
2
2,124
2,125
2
2,127
2,128
2
2,130
2,131
2
2,133
2,134
2
2,136
2,137
2
2,139
2,140
2
2,142
2,143
2
2,145
2,146
2
2,148
2,149
2
2,151
2,152
2
2,154
2,155
2
2,157
2,158
2
2,160
2,161
2
2,163
2,164
2
2,166
2,167
2
2,169
2,170
2
2,172
2,173
2
2,175
2,176
2
2,178
2,179
2
2,181
2,182
2
2,184
2,185
2
2,187
2,188
2
2,190
2,191
2
2,193
2,194
2
2,196
2,197
2
2,199
2,200
2
2,202
2,203
2
2,205
2,206
2
2,208
2,209
2
2,211
2,212
2
2,214
2,215
2
3,232,235,269,273
3,234,228,272,266
3,237,267,230
3,229,236,218,259,217,216,231,233,227,257,258
3,243,278,239
3,241,275
3,238,242,221,220,261,240,260
3,288,281,249,256
3,245,251,284,280
3,252,247,285,254
3,244,263,264,246,225,255,253,250,248,223,262,224
4,228
4
4,230
4
4,232
4
4,234
4,235
4
4,237
4
4,239
4
4,241
4
4,243
4
4,245
4
4,247
4
4,249
4
4,251
4,252
4
4,254
4
4,256
4
5,265
5,268
5,270
5,274
5,276
5,279
5,282
5,286
6,266
6,267
6
6,269
6
6,271
6,272
6,273
6
6,275
6
6,277
6,278
6
6,280
6,281
6
6,283
6,284
6,285
6
6,287
6,288
6
12,165,186,117,84,192,108,135,168,153,174,78,87,123,195,150,156,265,114,250,81,132,75,93,159,162,177,96,105,213,141,57,204,144,138,90,210,60,126,207,69,171,183,283,72,120,180,198,66,99,147,189,102,201,129,111,63
12,236,274,253,242,277
12,227,244
12,233,279,271
12,287,268,255
12,231,248
12,229,246,240,238