0,62
0,89
0,92
0,95
0,98
0,101
0,104
0,107
0,110
0,113
0,116
0,65
0,119
0,122
0,125
0,128
0,131
0,134
0,137
0,140
0,143
0,146
0,68
0,149
0,152
0,155
0,158
0,161
0,164
0,167
0,170
0,173
0,176
0,71
0,179
0,182
0,185
0,188
0,191
0,194
0,197
0,200
0,203
0,206
0,74
0,209
0,212
0,215
0,218
0,221
0,224
0,227
0,230
0,77
0,80
0,83
0,86
0
0
0
0,75,204,129,201,66,192,186,90,180,165,105,108,183,96,174,153,171,222,132,117,225,111,69,216,177,210,144,231,138,168,159,99,78,207,93,198,84,126,219,147,123,141,120,81,213,114,72,135,63,162,102,87,195,228,189,156,150
2,62
2,63
2
2,65
2,66
2
2,68
2,69
2
2,71
2,72
2
2,74
2,75
2
2,77
2,78
2
2,80
2,81
2
2,83
2,84
2
2,86
2,87
2
2,89
2,90
2
2,92
2,93
2
2,95
2,96
2
2,98
2,99
2
2,101
2,102
2
2,104
2,105
2
2,107
2,108
2
2,110
2,111
2
2,113
2,114
2
2,116
2,117
2
2,119
2,120
2
2,122
2,123
2
2,125
2,126
2
2,128
2,129
2
2,131
2,132
2
2,134
2,135
2
2,137
2,138
2
2,140
2,141
2
2,143
2,144
2
2,146
2,147
2
2,149
2,150
2
2,152
2,153
2
2,155
2,156
2
2,158
2,159
2
2,161
2,162
2
2,164
2,165
2
2,167
2,168
2
2,170
2,171
2
2,173
2,174
2
2,176
2,177
2
2,179
2,180
2
2,182
2,183
2
2,185
2,186
2
2,188
2,189
2
2,191
2,192
2
2,194
2,195
2
2,197
2,198
2
2,200
2,201
2
2,203
2,204
2
2,206
2,207
2
2,209
2,210
2
2,212
2,213
2
2,215
2,216
2
2,218
2,219
2
2,221
2,222
2
2,224
2,225
2
2,227
2,228
2
2,230
2,231
2
3,248,251,285,289
3,250,244,288,282
3,253,283,246
3,273,245,252,234,275,233,232,247,249,243,274
3,259,294,255
3,257,291
3,254,258,237,236,277,256,276
3,304,297,265,272
3,261,267,300,296
3,268,263,301,270
3,260,279,280,262,241,271,269,266,264,239,278,240
4,244
4
4,246
4
4,248
4
4,250
4,251
4
4,253
4
4,255
4
4,257
4
4,259
4
4,261
4
4,263
4
4,265
4
4,267
4,268
4
4,270
4
4,272
4
5,281
5,284
5,286
5,290
5,292
5,295
5,298
5,302
6,282
6,283
6
6,285
6
6,287
6,288
6,289
6
6,291
6
6,293
6,294
6
6,296
6,297
6
6,299
6,300
6,301
6
6,303
6,304
6
12,169,190,121,88,196,112,139,172,178,82,91,127,199,154,160,281,118,266,85,136,220,79,97,163,166,181,100,109,217,145,61,208,148,142,94,214,64,130,211,226,73,175,187,299,76,124,184,202,70,103,151,193,106,205,223,229,157,133,67,115
12,293,252,290,269,258
12,243,260
12,249,295,287
12,303,284,271
12,247,264
12,245,262,256,254