0,87
0,114
0,117
0,120
0,123
0,126
0,129
0,132
0,135
0,138
0,141
0,90
0,144
0,147
0,150
0,153
0,156
0,159
0,162
0,165
0,168
0,171
0,93
0,174
0,177
0,180
0,183
0,186
0,189
0,192
0,195
0,198
0,201
0,96
0,204
0,207
0,210
0,213
0,216
0,219
0,222
0,225
0,228
0,231
0,99
0,234
0,237
0,240
0,243
0,246
0,249
0,252
0,255
0,258
0,261
0,102
0,264
0,267
0,270
0,273
0,276
0,279
0,282
0,285
0,288
0,291
0,105
0,294
0,297
0,300
0,303
0,306
0,309
0,312
0,315
0,318
0,321
0,108
0,324
0,327
0,330
0,111
0
0
0
0,100,268,331,229,301,154,316,226,91,274,283,217,115,328,277,298,265,205,190,130,133,208,325,199,178,247,157,262,319,142,250,313,136,94,292,241,202,235,169,121,289,256,163,193,184,124,103,322,232,118,223,109,151,244,211,172,148,166,196,145,106,238,139,286,97,271,160,88,187,127,259,295,112,280,220,253,310,214,181,304,307,175
2,87
2,88
2
2,90
2,91
2
2,93
2,94
2
2,96
2,97
2
2,99
2,100
2
2,102
2,103
2
2,105
2,106
2
2,108
2,109
2
2,111
2,112
2
2,114
2,115
2
2,117
2,118
2
2,120
2,121
2
2,123
2,124
2
2,126
2,127
2
2,129
2,130
2
2,132
2,133
2
2,135
2,136
2
2,138
2,139
2
2,141
2,142
2
2,144
2,145
2
2,147
2,148
2
2,150
2,151
2
2,153
2,154
2
2,156
2,157
2
2,159
2,160
2
2,162
2,163
2
2,165
2,166
2
2,168
2,169
2
2,171
2,172
2
2,174
2,175
2
2,177
2,178
2
2,180
2,181
2
2,183
2,184
2
2,186
2,187
2
2,189
2,190
2
2,192
2,193
2
2,195
2,196
2
2,198
2,199
2
2,201
2,202
2
2,204
2,205
2
2,207
2,208
2
2,210
2,211
2
2,213
2,214
2
2,216
2,217
2
2,219
2,220
2
2,222
2,223
2
2,225
2,226
2
2,228
2,229
2
2,231
2,232
2
2,234
2,235
2
2,237
2,238
2
2,240
2,241
2
2,243
2,244
2
2,246
2,247
2
2,249
2,250
2
2,252
2,253
2
2,255
2,256
2
2,258
2,259
2
2,261
2,262
2
2,264
2,265
2
2,267
2,268
2
2,270
2,271
2
2,273
2,274
2
2,276
2,277
2
2,279
2,280
2
2,282
2,283
2
2,285
2,286
2
2,288
2,289
2
2,291
2,292
2
2,294
2,295
2
2,297
2,298
2
2,300
2,301
2
2,303
2,304
2
2,306
2,307
2
2,309
2,310
2
2,312
2,313
2
2,315
2,316
2
2,318
2,319
2
2,321
2,322
2
2,324
2,325
2
2,327
2,328
2
2,330
2,331
2
3,348,351,385,389
3,350,344,388,382
3,353,383,346
3,345,347,349,352,334,375,333,332,343,373,374
3,359,394,355
3,357,391
3,358,354,337,336,377,356,376
3,404,397,365,372
3,361,367,400,396
3,368,363,401,370
3,360,379,380,362,341,371,369,366,364,339,378,340
4,344
4
4,346
4
4,348
4
4,350
4,351
4
4,353
4
4,355
4
4,357
4
4,359
4
4,361
4
4,363
4
4,365
4
4,367
4,368
4
4,370
4
4,372
4
5,381
5,384
5,386
5,390
5,392
5,395
5,398
5,402
6,382
6,383
6
6,385
6
6,387
6,388
6,389
6
6,391
6
6,393
6,394
6
6,396
6,397
6
6,399
6,400
6,401
6
6,403
6,404
6
12,215,146,113,221,137,164,278,197,290,266,182,203,107,116,152,224,257,167,179,185,381,143,366,110,161,326,296,272,329,245,263,104,122,188,323,317,191,206,314,125,134,242,281,170,86,233,173,119,239,89,155,320,236,251,98,200,212,399,101,299,194,149,311,209,275,260,302,227,293,95,128,176,218,284,131,230,248,287,254,158,308,305,92,269,140
12,393,390,352,369,358
12,343,360
12,349,395,387
12,403,384,371
12,347,364
12,345,362,356,354