0,90
0,117
0,120
0,123
0,126
0,129
0,132
0,135
0,138
0,141
0,144
0,93
0,147
0,150
0,153
0,156
0,159
0,162
0,165
0,168
0,171
0,174
0,96
0,177
0,180
0,183
0,186
0,189
0,192
0,195
0,198
0,201
0,204
0,99
0,207
0,210
0,213
0,216
0,219
0,222
0,225
0,228
0,231
0,234
0,102
0,237
0,240
0,243
0,246
0,249
0,252
0,255
0,258
0,261
0,264
0,105
0,267
0,270
0,273
0,276
0,279
0,282
0,285
0,288
0,291
0,294
0,108
0,297
0,300
0,303
0,306
0,309
0,312
0,315
0,318
0,321
0,324
0,111
0,327
0,330
0,333
0,336
0,339
0,342
0,114
0
0
0
0,103,271,334,232,304,157,319,229,94,277,286,220,118,331,280,340,301,268,208,193,133,136,211,328,202,181,250,160,265,322,145,253,316,139,337,97,295,244,205,238,172,124,292,259,166,196,187,127,106,325,235,121,226,112,154,247,214,175,151,169,199,148,109,241,142,289,100,274,163,91,190,130,262,298,115,283,223,256,313,217,184,307,310,343,178
2,90
2,91
2
2,93
2,94
2
2,96
2,97
2
2,99
2,100
2
2,102
2,103
2
2,105
2,106
2
2,108
2,109
2
2,111
2,112
2
2,114
2,115
2
2,117
2,118
2
2,120
2,121
2
2,123
2,124
2
2,126
2,127
2
2,129
2,130
2
2,132
2,133
2
2,135
2,136
2
2,138
2,139
2
2,141
2,142
2
2,144
2,145
2
2,147
2,148
2
2,150
2,151
2
2,153
2,154
2
2,156
2,157
2
2,159
2,160
2
2,162
2,163
2
2,165
2,166
2
2,168
2,169
2
2,171
2,172
2
2,174
2,175
2
2,177
2,178
2
2,180
2,181
2
2,183
2,184
2
2,186
2,187
2
2,189
2,190
2
2,192
2,193
2
2,195
2,196
2
2,198
2,199
2
2,201
2,202
2
2,204
2,205
2
2,207
2,208
2
2,210
2,211
2
2,213
2,214
2
2,216
2,217
2
2,219
2,220
2
2,222
2,223
2
2,225
2,226
2
2,228
2,229
2
2,231
2,232
2
2,234
2,235
2
2,237
2,238
2
2,240
2,241
2
2,243
2,244
2
2,246
2,247
2
2,249
2,250
2
2,252
2,253
2
2,255
2,256
2
2,258
2,259
2
2,261
2,262
2
2,264
2,265
2
2,267
2,268
2
2,270
2,271
2
2,273
2,274
2
2,276
2,277
2
2,279
2,280
2
2,282
2,283
2
2,285
2,286
2
2,288
2,289
2
2,291
2,292
2
2,294
2,295
2
2,297
2,298
2
2,300
2,301
2
2,303
2,304
2
2,306
2,307
2
2,309
2,310
2
2,312
2,313
2
2,315
2,316
2
2,318
2,319
2
2,321
2,322
2
2,324
2,325
2
2,327
2,328
2
2,330
2,331
2
2,333
2,334
2
2,336
2,337
2
2,339
2,340
2
2,342
2,343
2
3,360,363,397,401
3,362,356,400,394
3,365,395,358
3,357,361,364,346,359,387,345,344,355,385,386
3,371,406,367
3,369,403
3,370,366,349,348,389,368,388
3,416,409,377,384
3,373,379,412,408
3,380,375,413,382
3,372,391,392,374,353,383,381,378,376,351,390,352
4,356
4
4,358
4
4,360
4
4,362
4,363
4
4,365
4
4,367
4
4,369
4
4,371
4
4,373
4
4,375
4
4,377
4
4,379
4,380
4
4,382
4
4,384
4
5,393
5,396
5,398
5,402
5,404
5,407
5,410
5,414
6,394
6,395
6
6,397
6
6,399
6,400
6,401
6
6,403
6
6,405
6,406
6
6,408
6,409
6
6,411
6,412
6,413
6
6,415
6,416
6
12,218,149,116,224,140,167,281,200,293,269,185,206,110,119,155,227,260,170,338,182,188,393,146,378,113,164,329,299,275,332,248,266,107,125,191,326,320,194,209,317,128,137,245,284,173,341,89,236,176,122,242,92,158,335,323,239,254,101,203,215,411,104,302,197,152,314,212,278,263,305,230,296,98,131,179,221,287,134,233,251,290,257,161,311,308,95,272,143
12,405,402,364,381,370
12,355,372
12,361,407,399
12,415,396,383
12,359,376
12,357,374,368,366