0,16
0,43
0,46
0,19
0,22
0,25
0,28
0,31
0,34
0,37
0,40
0
0
0
0,29,23,35,32,17,41,47,20,38,44,26
2,16
2,17
2
2,19
2,20
2
2,22
2,23
2
2,25
2,26
2
2,28
2,29
2
2,31
2,32
2
2,34
2,35
2
2,37
2,38
2
2,40
2,41
2
2,43
2,44
2
2,46
2,47
2
3,101,64,105,67
3,60,98,104,66
3,69,99,62
3,68,50,89,59,91,61,90,49,48,63,65
3,75,71,110
3,73,107
3,72,92,74,53,52,93,70
3,81,120,113,88
3,83,116,77,112
3,86,84,117,79
3,76,80,95,87,55,96,82,94,78,85,57,56
4,60
4
4,62
4
4,64
4
4,66
4,67
4
4,69
4
4,71
4
4,73
4
4,75
4
4,77
4
4,79
4
4,81
4
4,83
4,84
4
4,86
4
4,88
4
5,97
5,100
5,102
5,106
5,108
5,111
5,114
5,118
6,98
6,99
6
6,101
6
6,103
6,104
6,105
6
6,107
6
6,109
6,110
6
6,112
6,113
6
6,115
6,116
6,117
6
6,119
6,120
6
12,24,97,82,39,15,42,33,18,27,115,30,21,36,45
12,74,106,85,68,109
12,76,59
12,65,111,103
12,87,119,100
12,63,80
12,72,61,70,78