green,
green,
green,
green,
green,
green,
green,
green,
green,
green,
green,
green,
green,
green,
green,
green,
green,
green,
green,
green,
green,
green,
green,
green,
green,
green,
green,
green,
green,
green,
green,
green,
green,
green,
green,
gold,0,285,286,287,288,1188,1190,1192,1194,1196,1198,1200,1286,1288,1290,1292,1294,1296,1298,
gold,0,289,290,291,292,1202,1204,1206,1208,1210,1212,1214,1258,1260,1262,1264,1266,1268,1270,1300,1302,1304,1306,1308,1310,1312,1356,1358,1360,1362,1364,1366,1368,
gold,0,293,294,295,296,1216,1218,1220,1222,1224,1226,1228,1272,1274,1276,1278,1280,1282,1284,1314,1316,1318,1320,1322,1324,1326,1370,1372,1374,1376,1378,1380,1382,
gold,0,297,298,299,300,1230,1232,1234,1236,1238,1240,1242,1328,1330,1332,1334,1336,1338,1340,
gold,0,301,302,303,304,1244,1246,1248,1250,1252,1254,1256,1342,1344,1346,1348,1350,1352,1354,
gold,1,265,266,267,268,1187,1189,1191,1193,1195,1197,1199,1285,1287,1289,1291,1293,1295,1297,
gold,1,269,270,271,272,1201,1203,1205,1207,1209,1211,1213,1257,1259,1261,1263,1265,1267,1269,1299,1301,1303,1305,1307,1309,1311,1355,1357,1359,1361,1363,1365,1367,
gold,1,273,274,275,276,1215,1217,1219,1221,1223,1225,1227,1271,1273,1275,1277,1279,1281,1283,1313,1315,1317,1319,1321,1323,1325,1369,1371,1373,1375,1377,1379,1381,
gold,1,277,278,279,280,1229,1231,1233,1235,1237,1239,1241,1327,1329,1331,1333,1335,1337,1339,
gold,1,281,282,283,284,1243,1245,1247,1249,1251,1253,1255,1341,1343,1345,1347,1349,1351,1353,
gold,2,311,318,325,332,339,346,353,
gold,2,
gold,3,458,465,472,479,486,493,500,
gold,3,
gold,4,507,514,521,528,535,542,549,
gold,4,
gold,5,360,367,374,381,388,395,402,556,563,570,577,584,591,598,
gold,5,
gold,6,409,416,423,430,437,444,451,605,612,619,626,633,640,647,
gold,6,
gold,7,1291,1305,1319,1333,1347,1361,1375,
gold,7,1292,1306,1320,1334,1348,1362,1376,
gold,7,326,327,328,329,330,331,332,1193,1194,
gold,7,375,376,377,378,379,380,381,1207,1208,
gold,7,424,425,426,427,428,429,430,1221,1222,
gold,7,473,474,475,476,477,478,479,1235,1236,
gold,7,522,523,524,525,526,527,528,1249,1250,
gold,7,571,572,573,574,575,576,577,1263,1264,
gold,7,620,621,622,623,624,625,626,1277,1278,
gold,7,681,758,835,912,989,1066,1143,
gold,7,682,759,836,913,990,1067,1144,
gold,7,683,760,837,914,991,1068,1145,
gold,7,684,761,838,915,992,1069,1146,
gold,7,685,762,839,916,993,1070,1147,
gold,7,686,763,840,917,994,1071,1148,
gold,7,687,764,841,918,995,1072,1149,
gold,7,688,765,842,919,996,1073,1150,
gold,7,689,766,843,920,997,1074,1151,
gold,7,690,767,844,921,998,1075,1152,
gold,7,691,768,845,922,999,1076,1153,
gold,8,307,314,321,336,343,350,681,682,683,684,685,686,687,688,689,690,691,
gold,8,356,363,370,385,392,399,552,559,566,581,588,595,758,759,760,761,762,763,764,765,766,767,768,1066,1067,1068,1069,1070,1071,1072,1073,1074,1075,1076,
gold,8,405,412,419,434,441,448,601,608,615,630,637,644,835,836,837,838,839,840,841,842,843,844,845,1143,1144,1145,1146,1147,1148,1149,1150,1151,1152,1153,
gold,8,454,461,468,483,490,497,912,913,914,915,916,917,918,919,920,921,922,
gold,8,503,510,517,532,539,546,989,990,991,992,993,994,995,996,997,998,999,
gold,8,
gold,9,648,649,650,651,652,653,654,655,656,657,658,659,660,661,662,663,664,665,666,667,668,669,670,671,672,673,674,675,676,677,678,679,680,681,682,683,684,685,686,687,688,689,690,691,692,693,694,695,696,697,698,699,700,701,702,703,704,705,706,707,708,709,710,711,712,713,714,715,716,717,718,719,720,721,722,723,724,1285,1286,1287,1288,1289,1290,1291,1292,1293,1294,1295,1296,1297,1298,
gold,9,
gold,10,312,319,326,333,340,347,648,649,650,651,652,653,654,655,656,657,658,
gold,10,361,368,375,382,389,396,557,564,571,578,585,592,725,726,727,728,729,730,731,732,733,734,735,1033,1034,1035,1036,1037,1038,1039,1040,1041,1042,1043,
gold,10,410,417,424,431,438,445,606,613,620,627,634,641,802,803,804,805,806,807,808,809,810,811,812,1110,1111,1112,1113,1114,1115,1116,1117,1118,1119,1120,
gold,10,459,466,473,480,487,494,879,880,881,882,883,884,885,886,887,888,889,
gold,10,508,515,522,529,536,543,956,957,958,959,960,961,962,963,964,965,966,
gold,10,
gold,11,725,726,727,728,729,730,731,732,733,734,735,736,737,738,739,740,741,742,743,744,745,746,747,748,749,750,751,752,753,754,755,756,757,758,759,760,761,762,763,764,765,766,767,768,769,770,771,772,773,774,775,776,777,778,779,780,781,782,783,784,785,786,787,788,789,790,791,792,793,794,795,796,797,798,799,800,801,1299,1300,1301,1302,1303,1304,1305,1306,1307,1308,1309,1310,1311,1312,
gold,11,
gold,12,307,314,321,336,343,350,356,363,370,385,392,399,405,412,419,434,441,448,454,461,468,483,490,497,503,510,517,532,539,546,552,559,566,581,588,595,601,608,615,630,637,644,681,682,683,684,685,686,687,688,689,690,691,758,759,760,761,762,763,764,765,766,767,768,835,836,837,838,839,840,841,842,843,844,845,912,913,914,915,916,917,918,919,920,921,922,989,990,991,992,993,994,995,996,997,998,999,1066,1067,1068,1069,1070,1071,1072,1073,1074,1075,1076,1143,1144,1145,1146,1147,1148,1149,1150,1151,1152,1153,
gold,12,
gold,13,802,803,804,805,806,807,808,809,810,811,812,813,814,815,816,817,818,819,820,821,822,823,824,825,826,827,828,829,830,831,832,833,834,835,836,837,838,839,840,841,842,843,844,845,846,847,848,849,850,851,852,853,854,855,856,857,858,859,860,861,862,863,864,865,866,867,868,869,870,871,872,873,874,875,876,877,878,1313,1314,1315,1316,1317,1318,1319,1320,1321,1322,1323,1324,1325,1326,
gold,13,
gold,14,305,320,327,334,341,348,659,660,661,662,663,664,665,666,667,668,669,
gold,14,354,369,376,383,390,397,550,565,572,579,586,593,736,737,738,739,740,741,742,743,744,745,746,1044,1045,1046,1047,1048,1049,1050,1051,1052,1053,1054,
gold,14,403,418,425,432,439,446,599,614,621,628,635,642,813,814,815,816,817,818,819,820,821,822,823,1121,1122,1123,1124,1125,1126,1127,1128,1129,1130,1131,
gold,14,452,467,474,481,488,495,890,891,892,893,894,895,896,897,898,899,900,
gold,14,501,516,523,530,537,544,967,968,969,970,971,972,973,974,975,976,977,
gold,14,
gold,15,879,880,881,882,883,884,885,886,887,888,889,890,891,892,893,894,895,896,897,898,899,900,901,902,903,904,905,906,907,908,909,910,911,912,913,914,915,916,917,918,919,920,921,922,923,924,925,926,927,928,929,930,931,932,933,934,935,936,937,938,939,940,941,942,943,944,945,946,947,948,949,950,951,952,953,954,955,1327,1328,1329,1330,1331,1332,1333,1334,1335,1336,1337,1338,1339,1340,
gold,15,
gold,16,306,313,328,335,342,349,670,671,672,673,674,675,676,677,678,679,680,
gold,16,355,362,377,384,391,398,551,558,573,580,587,594,747,748,749,750,751,752,753,754,755,756,757,1055,1056,1057,1058,1059,1060,1061,1062,1063,1064,1065,
gold,16,404,411,426,433,440,447,600,607,622,629,636,643,824,825,826,827,828,829,830,831,832,833,834,1132,1133,1134,1135,1136,1137,1138,1139,1140,1141,1142,
gold,16,453,460,475,482,489,496,901,902,903,904,905,906,907,908,909,910,911,
gold,16,502,509,524,531,538,545,978,979,980,981,982,983,984,985,986,987,988,
gold,16,
gold,17,308,315,322,329,344,351,692,693,694,695,696,697,698,699,700,701,702,
gold,17,357,364,371,378,393,400,553,560,567,574,589,596,769,770,771,772,773,774,775,776,777,778,779,1077,1078,1079,1080,1081,1082,1083,1084,1085,1086,1087,
gold,17,406,413,420,427,442,449,602,609,616,623,638,645,846,847,848,849,850,851,852,853,854,855,856,1154,1155,1156,1157,1158,1159,1160,1161,1162,1163,1164,
gold,17,455,462,469,476,491,498,923,924,925,926,927,928,929,930,931,932,933,
gold,17,504,511,518,525,540,547,1000,1001,1002,1003,1004,1005,1006,1007,1008,1009,1010,
gold,17,
gold,18,956,957,958,959,960,961,962,963,964,965,966,967,968,969,970,971,972,973,974,975,976,977,978,979,980,981,982,983,984,985,986,987,988,989,990,991,992,993,994,995,996,997,998,999,1000,1001,1002,1003,1004,1005,1006,1007,1008,1009,1010,1011,1012,1013,1014,1015,1016,1017,1018,1019,1020,1021,1022,1023,1024,1025,1026,1027,1028,1029,1030,1031,1032,1341,1342,1343,1344,1345,1346,1347,1348,1349,1350,1351,1352,1353,1354,
gold,18,
gold,19,309,316,323,330,337,352,703,704,705,706,707,708,709,710,711,712,713,
gold,19,358,365,372,379,386,401,554,561,568,575,582,597,780,781,782,783,784,785,786,787,788,789,790,1088,1089,1090,1091,1092,1093,1094,1095,1096,1097,1098,
gold,19,407,414,421,428,435,450,603,610,617,624,631,646,857,858,859,860,861,862,863,864,865,866,867,1165,1166,1167,1168,1169,1170,1171,1172,1173,1174,1175,
gold,19,456,463,470,477,484,499,934,935,936,937,938,939,940,941,942,943,944,
gold,19,505,512,519,526,533,548,1011,1012,1013,1014,1015,1016,1017,1018,1019,1020,1021,
gold,19,
gold,20,1033,1034,1035,1036,1037,1038,1039,1040,1041,1042,1043,1044,1045,1046,1047,1048,1049,1050,1051,1052,1053,1054,1055,1056,1057,1058,1059,1060,1061,1062,1063,1064,1065,1066,1067,1068,1069,1070,1071,1072,1073,1074,1075,1076,1077,1078,1079,1080,1081,1082,1083,1084,1085,1086,1087,1088,1089,1090,1091,1092,1093,1094,1095,1096,1097,1098,1099,1100,1101,1102,1103,1104,1105,1106,1107,1108,1109,1355,1356,1357,1358,1359,1360,1361,1362,1363,1364,1365,1366,1367,1368,
gold,20,
gold,21,310,317,324,331,338,345,714,715,716,717,718,719,720,721,722,723,724,
gold,21,359,366,373,380,387,394,555,562,569,576,583,590,791,792,793,794,795,796,797,798,799,800,801,1099,1100,1101,1102,1103,1104,1105,1106,1107,1108,1109,
gold,21,408,415,422,429,436,443,604,611,618,625,632,639,868,869,870,871,872,873,874,875,876,877,878,1176,1177,1178,1179,1180,1181,1182,1183,1184,1185,1186,
gold,21,457,464,471,478,485,492,945,946,947,948,949,950,951,952,953,954,955,
gold,21,506,513,520,527,534,541,1022,1023,1024,1025,1026,1027,1028,1029,1030,1031,1032,
gold,21,
gold,22,1110,1111,1112,1113,1114,1115,1116,1117,1118,1119,1120,1121,1122,1123,1124,1125,1126,1127,1128,1129,1130,1131,1132,1133,1134,1135,1136,1137,1138,1139,1140,1141,1142,1143,1144,1145,1146,1147,1148,1149,1150,1151,1152,1153,1154,1155,1156,1157,1158,1159,1160,1161,1162,1163,1164,1165,1166,1167,1168,1169,1170,1171,1172,1173,1174,1175,1176,1177,1178,1179,1180,1181,1182,1183,1184,1185,1186,1369,1370,1371,1372,1373,1374,1375,1376,1377,1378,1379,1380,1381,1382,
gold,22,
gold,23,312,319,326,333,340,347,361,368,375,382,389,396,410,417,424,431,438,445,459,466,473,480,487,494,508,515,522,529,536,543,557,564,571,578,585,592,606,613,620,627,634,641,648,649,650,651,652,653,654,655,656,657,658,725,726,727,728,729,730,731,732,733,734,735,802,803,804,805,806,807,808,809,810,811,812,879,880,881,882,883,884,885,886,887,888,889,956,957,958,959,960,961,962,963,964,965,966,1033,1034,1035,1036,1037,1038,1039,1040,1041,1042,1043,1110,1111,1112,1113,1114,1115,1116,1117,1118,1119,1120,
gold,23,
gold,24,305,320,327,334,341,348,354,369,376,383,390,397,403,418,425,432,439,446,452,467,474,481,488,495,501,516,523,530,537,544,550,565,572,579,586,593,599,614,621,628,635,642,659,660,661,662,663,664,665,666,667,668,669,736,737,738,739,740,741,742,743,744,745,746,813,814,815,816,817,818,819,820,821,822,823,890,891,892,893,894,895,896,897,898,899,900,967,968,969,970,971,972,973,974,975,976,977,1044,1045,1046,1047,1048,1049,1050,1051,1052,1053,1054,1121,1122,1123,1124,1125,1126,1127,1128,1129,1130,1131,
gold,24,
gold,25,306,313,328,335,342,349,355,362,377,384,391,398,404,411,426,433,440,447,453,460,475,482,489,496,502,509,524,531,538,545,551,558,573,580,587,594,600,607,622,629,636,643,670,671,672,673,674,675,676,677,678,679,680,747,748,749,750,751,752,753,754,755,756,757,824,825,826,827,828,829,830,831,832,833,834,901,902,903,904,905,906,907,908,909,910,911,978,979,980,981,982,983,984,985,986,987,988,1055,1056,1057,1058,1059,1060,1061,1062,1063,1064,1065,1132,1133,1134,1135,1136,1137,1138,1139,1140,1141,1142,
gold,25,
gold,26,308,315,322,329,344,351,357,364,371,378,393,400,406,413,420,427,442,449,455,462,469,476,491,498,504,511,518,525,540,547,553,560,567,574,589,596,602,609,616,623,638,645,692,693,694,695,696,697,698,699,700,701,702,769,770,771,772,773,774,775,776,777,778,779,846,847,848,849,850,851,852,853,854,855,856,923,924,925,926,927,928,929,930,931,932,933,1000,1001,1002,1003,1004,1005,1006,1007,1008,1009,1010,1077,1078,1079,1080,1081,1082,1083,1084,1085,1086,1087,1154,1155,1156,1157,1158,1159,1160,1161,1162,1163,1164,
gold,26,
gold,27,309,316,323,330,337,352,358,365,372,379,386,401,407,414,421,428,435,450,456,463,470,477,484,499,505,512,519,526,533,548,554,561,568,575,582,597,603,610,617,624,631,646,703,704,705,706,707,708,709,710,711,712,713,780,781,782,783,784,785,786,787,788,789,790,857,858,859,860,861,862,863,864,865,866,867,934,935,936,937,938,939,940,941,942,943,944,1011,1012,1013,1014,1015,1016,1017,1018,1019,1020,1021,1088,1089,1090,1091,1092,1093,1094,1095,1096,1097,1098,1165,1166,1167,1168,1169,1170,1171,1172,1173,1174,1175,
gold,27,
gold,28,310,317,324,331,338,345,359,366,373,380,387,394,408,415,422,429,436,443,457,464,471,478,485,492,506,513,520,527,534,541,555,562,569,576,583,590,604,611,618,625,632,639,714,715,716,717,718,719,720,721,722,723,724,791,792,793,794,795,796,797,798,799,800,801,868,869,870,871,872,873,874,875,876,877,878,945,946,947,948,949,950,951,952,953,954,955,1022,1023,1024,1025,1026,1027,1028,1029,1030,1031,1032,1099,1100,1101,1102,1103,1104,1105,1106,1107,1108,1109,1176,1177,1178,1179,1180,1181,1182,1183,1184,1185,1186,
gold,28,
gold,29,1285,1299,1313,1327,1341,1355,1369,
gold,29,1286,1300,1314,1328,1342,1356,1370,
gold,29,305,306,307,308,309,310,311,1187,1188,
gold,29,354,355,356,357,358,359,360,1201,1202,
gold,29,403,404,405,406,407,408,409,1215,1216,
gold,29,452,453,454,455,456,457,458,1229,1230,
gold,29,501,502,503,504,505,506,507,1243,1244,
gold,29,550,551,552,553,554,555,556,1257,1258,
gold,29,599,600,601,602,603,604,605,1271,1272,
gold,29,648,725,802,879,956,1033,1110,
gold,29,649,726,803,880,957,1034,1111,
gold,29,650,727,804,881,958,1035,1112,
gold,29,651,728,805,882,959,1036,1113,
gold,29,652,729,806,883,960,1037,1114,
gold,29,653,730,807,884,961,1038,1115,
gold,29,654,731,808,885,962,1039,1116,
gold,29,655,732,809,886,963,1040,1117,
gold,29,656,733,810,887,964,1041,1118,
gold,29,657,734,811,888,965,1042,1119,
red,29,658,735,812,889,966,1043,1120,
gold,30,1287,1301,1315,1329,1343,1357,1371,
gold,30,1288,1302,1316,1330,1344,1358,1372,
gold,30,312,313,314,315,316,317,318,1189,1190,
gold,30,361,362,363,364,365,366,367,1203,1204,
gold,30,410,411,412,413,414,415,416,1217,1218,
gold,30,459,460,461,462,463,464,465,1231,1232,
gold,30,508,509,510,511,512,513,514,1245,1246,
gold,30,557,558,559,560,561,562,563,1259,1260,
gold,30,606,607,608,609,610,611,612,1273,1274,
gold,30,659,736,813,890,967,1044,1121,
gold,30,660,737,814,891,968,1045,1122,
gold,30,661,738,815,892,969,1046,1123,
gold,30,662,739,816,893,970,1047,1124,
gold,30,663,740,817,894,971,1048,1125,
gold,30,664,741,818,895,972,1049,1126,
gold,30,665,742,819,896,973,1050,1127,
red,30,666,743,820,897,974,1051,1128,
gold,30,667,744,821,898,975,1052,1129,
gold,30,668,745,822,899,976,1053,1130,
gold,30,669,746,823,900,977,1054,1131,
gold,31,1289,1303,1317,1331,1345,1359,1373,
gold,31,1290,1304,1318,1332,1346,1360,1374,
gold,31,319,320,321,322,323,324,325,1191,1192,
gold,31,368,369,370,371,372,373,374,1205,1206,
gold,31,417,418,419,420,421,422,423,1219,1220,
gold,31,466,467,468,469,470,471,472,1233,1234,
gold,31,515,516,517,518,519,520,521,1247,1248,
gold,31,564,565,566,567,568,569,570,1261,1262,
gold,31,613,614,615,616,617,618,619,1275,1276,
gold,31,670,747,824,901,978,1055,1132,
gold,31,671,748,825,902,979,1056,1133,
gold,31,672,749,826,903,980,1057,1134,
gold,31,673,750,827,904,981,1058,1135,
gold,31,674,751,828,905,982,1059,1136,
gold,31,675,752,829,906,983,1060,1137,
gold,31,676,753,830,907,984,1061,1138,
gold,31,677,754,831,908,985,1062,1139,
red,31,678,755,832,909,986,1063,1140,
gold,31,679,756,833,910,987,1064,1141,
gold,31,680,757,834,911,988,1065,1142,
gold,32,1293,1307,1321,1335,1349,1363,1377,
gold,32,1294,1308,1322,1336,1350,1364,1378,
gold,32,333,334,335,336,337,338,339,1195,1196,
gold,32,382,383,384,385,386,387,388,1209,1210,
gold,32,431,432,433,434,435,436,437,1223,1224,
gold,32,480,481,482,483,484,485,486,1237,1238,
gold,32,529,530,531,532,533,534,535,1251,1252,
gold,32,578,579,580,581,582,583,584,1265,1266,
gold,32,627,628,629,630,631,632,633,1279,1280,
gold,32,692,769,846,923,1000,1077,1154,
gold,32,693,770,847,924,1001,1078,1155,
red,32,694,771,848,925,1002,1079,1156,
gold,32,695,772,849,926,1003,1080,1157,
gold,32,696,773,850,927,1004,1081,1158,
gold,32,697,774,851,928,1005,1082,1159,
gold,32,698,775,852,929,1006,1083,1160,
gold,32,699,776,853,930,1007,1084,1161,
gold,32,700,777,854,931,1008,1085,1162,
gold,32,701,778,855,932,1009,1086,1163,
gold,32,702,779,856,933,1010,1087,1164,
gold,33,1295,1309,1323,1337,1351,1365,1379,
gold,33,1296,1310,1324,1338,1352,1366,1380,
gold,33,340,341,342,343,344,345,346,1197,1198,
gold,33,389,390,391,392,393,394,395,1211,1212,
gold,33,438,439,440,441,442,443,444,1225,1226,
gold,33,487,488,489,490,491,492,493,1239,1240,
gold,33,536,537,538,539,540,541,542,1253,1254,
gold,33,585,586,587,588,589,590,591,1267,1268,
gold,33,634,635,636,637,638,639,640,1281,1282,
gold,33,703,780,857,934,1011,1088,1165,
red,33,704,781,858,935,1012,1089,1166,
gold,33,705,782,859,936,1013,1090,1167,
gold,33,706,783,860,937,1014,1091,1168,
gold,33,707,784,861,938,1015,1092,1169,
gold,33,708,785,862,939,1016,1093,1170,
gold,33,709,786,863,940,1017,1094,1171,
gold,33,710,787,864,941,1018,1095,1172,
gold,33,711,788,865,942,1019,1096,1173,
gold,33,712,789,866,943,1020,1097,1174,
gold,33,713,790,867,944,1021,1098,1175,
gold,34,1297,1311,1325,1339,1353,1367,1381,
gold,34,1298,1312,1326,1340,1354,1368,1382,
gold,34,347,348,349,350,351,352,353,1199,1200,
gold,34,396,397,398,399,400,401,402,1213,1214,
gold,34,445,446,447,448,449,450,451,1227,1228,
gold,34,494,495,496,497,498,499,500,1241,1242,
gold,34,543,544,545,546,547,548,549,1255,1256,
gold,34,592,593,594,595,596,597,598,1269,1270,
gold,34,641,642,643,644,645,646,647,1283,1284,
gold,34,714,791,868,945,1022,1099,1176,
gold,34,715,792,869,946,1023,1100,1177,
gold,34,716,793,870,947,1024,1101,1178,
gold,34,717,794,871,948,1025,1102,1179,
red,34,718,795,872,949,1026,1103,1180,
gold,34,719,796,873,950,1027,1104,1181,
gold,34,720,797,874,951,1028,1105,1182,
gold,34,721,798,875,952,1029,1106,1183,
gold,34,722,799,876,953,1030,1107,1184,
gold,34,723,800,877,954,1031,1108,1185,
gold,34,724,801,878,955,1032,1109,1186,
lightskyblue,41,
lightskyblue,42,
lightskyblue,43,
lightskyblue,44,
lightskyblue,40,
lightskyblue,42,
lightskyblue,43,
lightskyblue,44,
lightskyblue,40,
lightskyblue,41,
lightskyblue,43,
lightskyblue,44,
lightskyblue,40,
lightskyblue,41,
lightskyblue,42,
lightskyblue,44,
lightskyblue,40,
lightskyblue,41,
lightskyblue,42,
lightskyblue,43,
lightskyblue,36,
lightskyblue,37,
lightskyblue,38,
lightskyblue,39,
lightskyblue,35,
lightskyblue,37,
lightskyblue,38,
lightskyblue,39,
lightskyblue,35,
lightskyblue,36,
lightskyblue,38,
lightskyblue,39,
lightskyblue,35,
lightskyblue,36,
lightskyblue,37,
lightskyblue,39,
lightskyblue,35,
lightskyblue,36,
lightskyblue,37,
lightskyblue,38,
lightskyblue,83,81,133,136,154,
lightskyblue,83,81,133,138,155,
lightskyblue,83,81,133,92,156,
lightskyblue,83,81,133,140,157,
lightskyblue,83,81,133,142,158,
lightskyblue,83,81,133,144,159,
lightskyblue,83,81,133,46,160,
lightskyblue,95,81,134,135,174,
lightskyblue,95,81,135,138,175,
lightskyblue,95,81,135,92,176,
lightskyblue,95,81,135,140,177,
lightskyblue,95,81,135,142,178,
lightskyblue,95,81,135,144,179,
lightskyblue,95,81,135,46,180,
lightskyblue,103,81,134,137,194,
lightskyblue,103,81,136,137,195,
lightskyblue,103,81,137,92,196,
lightskyblue,103,81,137,140,197,
lightskyblue,103,81,137,142,198,
lightskyblue,103,81,137,144,199,
lightskyblue,103,81,137,46,200,
lightskyblue,75,81,134,91,64,
lightskyblue,75,81,136,91,65,
lightskyblue,75,81,138,91,66,
lightskyblue,75,81,91,140,67,
lightskyblue,75,81,91,142,68,
lightskyblue,75,81,91,144,69,
lightskyblue,75,81,91,46,70,
lightskyblue,109,81,134,139,214,
lightskyblue,109,81,136,139,215,
lightskyblue,109,81,138,139,216,
lightskyblue,109,81,92,139,217,
lightskyblue,109,81,139,142,218,
lightskyblue,109,81,139,144,219,
lightskyblue,109,81,139,46,220,
lightskyblue,117,81,134,141,234,
lightskyblue,117,81,136,141,235,
lightskyblue,117,81,138,141,236,
lightskyblue,117,81,92,141,237,
lightskyblue,117,81,140,141,238,
lightskyblue,117,81,141,144,239,
lightskyblue,117,81,141,46,240,
lightskyblue,125,81,134,143,254,
lightskyblue,125,81,136,143,255,
lightskyblue,125,81,138,143,256,
lightskyblue,125,81,92,143,257,
lightskyblue,125,81,140,143,258,
lightskyblue,125,81,142,143,259,
lightskyblue,125,81,143,46,260,
lightskyblue,84,89,133,136,154,
lightskyblue,84,89,133,138,155,
lightskyblue,84,89,133,92,156,
lightskyblue,84,89,133,140,157,
lightskyblue,84,89,133,142,158,
lightskyblue,84,89,133,144,159,
lightskyblue,84,89,133,52,161,
lightskyblue,96,89,134,135,174,
lightskyblue,96,89,135,138,175,
lightskyblue,96,89,135,92,176,
lightskyblue,96,89,135,140,177,
lightskyblue,96,89,135,142,178,
lightskyblue,96,89,135,144,179,
lightskyblue,96,89,135,52,181,
lightskyblue,104,89,134,137,194,
lightskyblue,104,89,136,137,195,
lightskyblue,104,89,137,92,196,
lightskyblue,104,89,137,140,197,
lightskyblue,104,89,137,142,198,
lightskyblue,104,89,137,144,199,
lightskyblue,104,89,137,52,201,
lightskyblue,76,89,134,91,64,
lightskyblue,76,89,136,91,65,
lightskyblue,76,89,138,91,66,
lightskyblue,76,89,91,140,67,
lightskyblue,76,89,91,142,68,
lightskyblue,76,89,91,144,69,
lightskyblue,76,89,91,52,71,
lightskyblue,110,89,134,139,214,
lightskyblue,110,89,136,139,215,
lightskyblue,110,89,138,139,216,
lightskyblue,110,89,92,139,217,
lightskyblue,110,89,139,142,218,
lightskyblue,110,89,139,144,219,
lightskyblue,110,89,139,52,221,
lightskyblue,118,89,134,141,234,
lightskyblue,118,89,136,141,235,
lightskyblue,118,89,138,141,236,
lightskyblue,118,89,92,141,237,
lightskyblue,118,89,140,141,238,
lightskyblue,118,89,141,144,239,
lightskyblue,118,89,141,52,241,
lightskyblue,126,89,134,143,254,
lightskyblue,126,89,136,143,255,
lightskyblue,126,89,138,143,256,
lightskyblue,126,89,92,143,257,
lightskyblue,126,89,140,143,258,
lightskyblue,126,89,142,143,259,
lightskyblue,126,89,143,52,261,
lightskyblue,85,93,133,136,154,
lightskyblue,85,93,133,138,155,
lightskyblue,85,93,133,92,156,
lightskyblue,85,93,133,140,157,
lightskyblue,85,93,133,142,158,
lightskyblue,85,93,133,144,159,
lightskyblue,85,93,133,54,162,
lightskyblue,97,93,134,135,174,
lightskyblue,97,93,135,138,175,
lightskyblue,97,93,135,92,176,
lightskyblue,97,93,135,140,177,
lightskyblue,97,93,135,142,178,
lightskyblue,97,93,135,144,179,
lightskyblue,97,93,135,54,182,
lightskyblue,105,93,134,137,194,
lightskyblue,105,93,136,137,195,
lightskyblue,105,93,137,92,196,
lightskyblue,105,93,137,140,197,
lightskyblue,105,93,137,142,198,
lightskyblue,105,93,137,144,199,
lightskyblue,105,93,137,54,202,
lightskyblue,77,93,134,91,64,
lightskyblue,77,93,136,91,65,
lightskyblue,77,93,138,91,66,
lightskyblue,77,93,91,140,67,
lightskyblue,77,93,91,142,68,
lightskyblue,77,93,91,144,69,
lightskyblue,77,93,91,54,72,
lightskyblue,111,93,134,139,214,
lightskyblue,111,93,136,139,215,
lightskyblue,111,93,138,139,216,
lightskyblue,111,93,92,139,217,
lightskyblue,111,93,139,142,218,
lightskyblue,111,93,139,144,219,
lightskyblue,111,93,139,54,222,
lightskyblue,119,93,134,141,234,
lightskyblue,119,93,136,141,235,
lightskyblue,119,93,138,141,236,
lightskyblue,119,93,92,141,237,
lightskyblue,119,93,140,141,238,
lightskyblue,119,93,141,144,239,
lightskyblue,119,93,141,54,242,
lightskyblue,127,93,134,143,254,
lightskyblue,127,93,136,143,255,
lightskyblue,127,93,138,143,256,
lightskyblue,127,93,92,143,257,
lightskyblue,127,93,140,143,258,
lightskyblue,127,93,142,143,259,
lightskyblue,127,93,143,54,262,
lightskyblue,86,101,133,136,154,
lightskyblue,86,101,133,138,155,
lightskyblue,86,101,133,92,156,
lightskyblue,86,101,133,140,157,
lightskyblue,86,101,133,142,158,
lightskyblue,86,101,133,144,159,
lightskyblue,86,101,133,48,163,
lightskyblue,98,101,134,135,174,
lightskyblue,98,101,135,138,175,
lightskyblue,98,101,135,92,176,
lightskyblue,98,101,135,140,177,
lightskyblue,98,101,135,142,178,
lightskyblue,98,101,135,144,179,
lightskyblue,98,101,135,48,183,
lightskyblue,106,101,134,137,194,
lightskyblue,106,101,136,137,195,
lightskyblue,106,101,137,92,196,
lightskyblue,106,101,137,140,197,
lightskyblue,106,101,137,142,198,
lightskyblue,106,101,137,144,199,
lightskyblue,106,101,137,48,203,
lightskyblue,78,101,134,91,64,
lightskyblue,78,101,136,91,65,
lightskyblue,78,101,138,91,66,
lightskyblue,78,101,91,140,67,
lightskyblue,78,101,91,142,68,
lightskyblue,78,101,91,144,69,
lightskyblue,78,101,91,48,73,
lightskyblue,112,101,134,139,214,
lightskyblue,112,101,136,139,215,
lightskyblue,112,101,138,139,216,
lightskyblue,112,101,92,139,217,
lightskyblue,112,101,139,142,218,
lightskyblue,112,101,139,144,219,
lightskyblue,112,101,139,48,223,
lightskyblue,120,101,134,141,234,
lightskyblue,120,101,136,141,235,
lightskyblue,120,101,138,141,236,
lightskyblue,120,101,92,141,237,
lightskyblue,120,101,140,141,238,
lightskyblue,120,101,141,144,239,
lightskyblue,120,101,141,48,243,
lightskyblue,128,101,134,143,254,
lightskyblue,128,101,136,143,255,
lightskyblue,128,101,138,143,256,
lightskyblue,128,101,92,143,257,
lightskyblue,128,101,140,143,258,
lightskyblue,128,101,142,143,259,
lightskyblue,128,101,143,48,263,
lightskyblue,87,115,133,136,154,
lightskyblue,87,115,133,138,155,
lightskyblue,87,115,133,92,156,
lightskyblue,87,115,133,140,157,
lightskyblue,87,115,133,142,158,
lightskyblue,87,115,133,144,159,
lightskyblue,87,115,133,50,164,
lightskyblue,99,115,134,135,174,
lightskyblue,99,115,135,138,175,
lightskyblue,99,115,135,92,176,
lightskyblue,99,115,135,140,177,
lightskyblue,99,115,135,142,178,
lightskyblue,99,115,135,144,179,
lightskyblue,99,115,135,50,184,
lightskyblue,107,115,134,137,194,
lightskyblue,107,115,136,137,195,
lightskyblue,107,115,137,92,196,
lightskyblue,107,115,137,140,197,
lightskyblue,107,115,137,142,198,
lightskyblue,107,115,137,144,199,
lightskyblue,107,115,137,50,204,
lightskyblue,79,115,134,91,64,
lightskyblue,79,115,136,91,65,
lightskyblue,79,115,138,91,66,
lightskyblue,79,115,91,140,67,
lightskyblue,79,115,91,142,68,
lightskyblue,79,115,91,144,69,
lightskyblue,79,115,91,50,74,
lightskyblue,113,115,134,139,214,
lightskyblue,113,115,136,139,215,
lightskyblue,113,115,138,139,216,
lightskyblue,113,115,92,139,217,
lightskyblue,113,115,139,142,218,
lightskyblue,113,115,139,144,219,
lightskyblue,113,115,139,50,224,
lightskyblue,121,115,134,141,234,
lightskyblue,121,115,136,141,235,
lightskyblue,121,115,138,141,236,
lightskyblue,121,115,92,141,237,
lightskyblue,121,115,140,141,238,
lightskyblue,121,115,141,144,239,
lightskyblue,121,115,141,50,244,
lightskyblue,129,115,134,143,254,
lightskyblue,129,115,136,143,255,
lightskyblue,129,115,138,143,256,
lightskyblue,129,115,92,143,257,
lightskyblue,129,115,140,143,258,
lightskyblue,129,115,142,143,259,
lightskyblue,129,115,143,50,264,
lightskyblue,84,123,133,136,154,
lightskyblue,84,123,133,138,155,
lightskyblue,84,123,133,92,156,
lightskyblue,84,123,133,140,157,
lightskyblue,84,123,133,142,158,
lightskyblue,84,123,133,144,159,
lightskyblue,84,123,133,52,161,
lightskyblue,96,123,134,135,174,
lightskyblue,96,123,135,138,175,
lightskyblue,96,123,135,92,176,
lightskyblue,96,123,135,140,177,
lightskyblue,96,123,135,142,178,
lightskyblue,96,123,135,144,179,
lightskyblue,96,123,135,52,181,
lightskyblue,104,123,134,137,194,
lightskyblue,104,123,136,137,195,
lightskyblue,104,123,137,92,196,
lightskyblue,104,123,137,140,197,
lightskyblue,104,123,137,142,198,
lightskyblue,104,123,137,144,199,
lightskyblue,104,123,137,52,201,
lightskyblue,76,123,134,91,64,
lightskyblue,76,123,136,91,65,
lightskyblue,76,123,138,91,66,
lightskyblue,76,123,91,140,67,
lightskyblue,76,123,91,142,68,
lightskyblue,76,123,91,144,69,
lightskyblue,76,123,91,52,71,
lightskyblue,110,123,134,139,214,
lightskyblue,110,123,136,139,215,
lightskyblue,110,123,138,139,216,
lightskyblue,110,123,92,139,217,
lightskyblue,110,123,139,142,218,
lightskyblue,110,123,139,144,219,
lightskyblue,110,123,139,52,221,
lightskyblue,118,123,134,141,234,
lightskyblue,118,123,136,141,235,
lightskyblue,118,123,138,141,236,
lightskyblue,118,123,92,141,237,
lightskyblue,118,123,140,141,238,
lightskyblue,118,123,141,144,239,
lightskyblue,118,123,141,52,241,
lightskyblue,126,123,134,143,254,
lightskyblue,126,123,136,143,255,
lightskyblue,126,123,138,143,256,
lightskyblue,126,123,92,143,257,
lightskyblue,126,123,140,143,258,
lightskyblue,126,123,142,143,259,
lightskyblue,126,123,143,52,261,
lightskyblue,85,131,133,136,154,
lightskyblue,85,131,133,138,155,
lightskyblue,85,131,133,92,156,
lightskyblue,85,131,133,140,157,
lightskyblue,85,131,133,142,158,
lightskyblue,85,131,133,144,159,
lightskyblue,85,131,133,54,162,
lightskyblue,97,131,134,135,174,
lightskyblue,97,131,135,138,175,
lightskyblue,97,131,135,92,176,
lightskyblue,97,131,135,140,177,
lightskyblue,97,131,135,142,178,
lightskyblue,97,131,135,144,179,
lightskyblue,97,131,135,54,182,
lightskyblue,105,131,134,137,194,
lightskyblue,105,131,136,137,195,
lightskyblue,105,131,137,92,196,
lightskyblue,105,131,137,140,197,
lightskyblue,105,131,137,142,198,
lightskyblue,105,131,137,144,199,
lightskyblue,105,131,137,54,202,
lightskyblue,77,131,134,91,64,
lightskyblue,77,131,136,91,65,
lightskyblue,77,131,138,91,66,
lightskyblue,77,131,91,140,67,
lightskyblue,77,131,91,142,68,
lightskyblue,77,131,91,144,69,
lightskyblue,77,131,91,54,72,
lightskyblue,111,131,134,139,214,
lightskyblue,111,131,136,139,215,
lightskyblue,111,131,138,139,216,
lightskyblue,111,131,92,139,217,
lightskyblue,111,131,139,142,218,
lightskyblue,111,131,139,144,219,
lightskyblue,111,131,139,54,222,
lightskyblue,119,131,134,141,234,
lightskyblue,119,131,136,141,235,
lightskyblue,119,131,138,141,236,
lightskyblue,119,131,92,141,237,
lightskyblue,119,131,140,141,238,
lightskyblue,119,131,141,144,239,
lightskyblue,119,131,141,54,242,
lightskyblue,127,131,134,143,254,
lightskyblue,127,131,136,143,255,
lightskyblue,127,131,138,143,256,
lightskyblue,127,131,92,143,257,
lightskyblue,127,131,140,143,258,
lightskyblue,127,131,142,143,259,
lightskyblue,127,131,143,54,262,
lightskyblue,88,82,134,135,147,
lightskyblue,88,82,134,137,147,
lightskyblue,88,82,134,91,147,
lightskyblue,88,82,134,139,147,
lightskyblue,88,82,134,141,147,
lightskyblue,88,82,134,143,147,
lightskyblue,88,82,134,45,147,
lightskyblue,88,82,134,51,147,
lightskyblue,88,82,134,53,147,
lightskyblue,88,82,134,47,147,
lightskyblue,88,82,134,49,147,
lightskyblue,100,82,133,136,167,
lightskyblue,100,82,136,137,167,
lightskyblue,100,82,136,91,167,
lightskyblue,100,82,136,139,167,
lightskyblue,100,82,136,141,167,
lightskyblue,100,82,136,143,167,
lightskyblue,100,82,136,45,167,
lightskyblue,100,82,136,51,167,
lightskyblue,100,82,136,53,167,
lightskyblue,100,82,136,47,167,
lightskyblue,100,82,136,49,167,
lightskyblue,108,82,133,138,187,
lightskyblue,108,82,135,138,187,
lightskyblue,108,82,138,91,187,
lightskyblue,108,82,138,139,187,
lightskyblue,108,82,138,141,187,
lightskyblue,108,82,138,143,187,
lightskyblue,108,82,138,45,187,
lightskyblue,108,82,138,51,187,
lightskyblue,108,82,138,53,187,
lightskyblue,108,82,138,47,187,
lightskyblue,108,82,138,49,187,
lightskyblue,80,82,133,92,57,
lightskyblue,80,82,135,92,57,
lightskyblue,80,82,137,92,57,
lightskyblue,80,82,92,139,57,
lightskyblue,80,82,92,141,57,
lightskyblue,80,82,92,143,57,
lightskyblue,80,82,92,45,57,
lightskyblue,80,82,92,51,57,
lightskyblue,80,82,92,53,57,
lightskyblue,80,82,92,47,57,
lightskyblue,80,82,92,49,57,
lightskyblue,114,82,133,140,207,
lightskyblue,114,82,135,140,207,
lightskyblue,114,82,137,140,207,
lightskyblue,114,82,91,140,207,
lightskyblue,114,82,140,141,207,
lightskyblue,114,82,140,143,207,
lightskyblue,114,82,140,45,207,
lightskyblue,114,82,140,51,207,
lightskyblue,114,82,140,53,207,
lightskyblue,114,82,140,47,207,
lightskyblue,114,82,140,49,207,
lightskyblue,122,82,133,142,227,
lightskyblue,122,82,135,142,227,
lightskyblue,122,82,137,142,227,
lightskyblue,122,82,91,142,227,
lightskyblue,122,82,139,142,227,
lightskyblue,122,82,142,143,227,
lightskyblue,122,82,142,45,227,
lightskyblue,122,82,142,51,227,
lightskyblue,122,82,142,53,227,
lightskyblue,122,82,142,47,227,
lightskyblue,122,82,142,49,227,
lightskyblue,130,82,133,144,247,
lightskyblue,130,82,135,144,247,
lightskyblue,130,82,137,144,247,
lightskyblue,130,82,91,144,247,
lightskyblue,130,82,139,144,247,
lightskyblue,130,82,141,144,247,
lightskyblue,130,82,144,45,247,
lightskyblue,130,82,144,51,247,
lightskyblue,130,82,144,53,247,
lightskyblue,130,82,144,47,247,
lightskyblue,130,82,144,49,247,
lightskyblue,88,90,134,135,148,
lightskyblue,88,90,134,137,148,
lightskyblue,88,90,134,91,148,
lightskyblue,88,90,134,139,148,
lightskyblue,88,90,134,141,148,
lightskyblue,88,90,134,143,148,
lightskyblue,88,90,134,45,148,
lightskyblue,88,90,134,51,148,
lightskyblue,88,90,134,53,148,
lightskyblue,88,90,134,47,148,
lightskyblue,88,90,134,49,148,
lightskyblue,100,90,133,136,168,
lightskyblue,100,90,136,137,168,
lightskyblue,100,90,136,91,168,
lightskyblue,100,90,136,139,168,
lightskyblue,100,90,136,141,168,
lightskyblue,100,90,136,143,168,
lightskyblue,100,90,136,45,168,
lightskyblue,100,90,136,51,168,
lightskyblue,100,90,136,53,168,
lightskyblue,100,90,136,47,168,
lightskyblue,100,90,136,49,168,
lightskyblue,108,90,133,138,188,
lightskyblue,108,90,135,138,188,
lightskyblue,108,90,138,91,188,
lightskyblue,108,90,138,139,188,
lightskyblue,108,90,138,141,188,
lightskyblue,108,90,138,143,188,
lightskyblue,108,90,138,45,188,
lightskyblue,108,90,138,51,188,
lightskyblue,108,90,138,53,188,
lightskyblue,108,90,138,47,188,
lightskyblue,108,90,138,49,188,
lightskyblue,80,90,133,92,58,
lightskyblue,80,90,135,92,58,
lightskyblue,80,90,137,92,58,
lightskyblue,80,90,92,139,58,
lightskyblue,80,90,92,141,58,
lightskyblue,80,90,92,143,58,
lightskyblue,80,90,92,45,58,
lightskyblue,80,90,92,51,58,
lightskyblue,80,90,92,53,58,
lightskyblue,80,90,92,47,58,
lightskyblue,80,90,92,49,58,
lightskyblue,114,90,133,140,208,
lightskyblue,114,90,135,140,208,
lightskyblue,114,90,137,140,208,
lightskyblue,114,90,91,140,208,
lightskyblue,114,90,140,141,208,
lightskyblue,114,90,140,143,208,
lightskyblue,114,90,140,45,208,
lightskyblue,114,90,140,51,208,
lightskyblue,114,90,140,53,208,
lightskyblue,114,90,140,47,208,
lightskyblue,114,90,140,49,208,
lightskyblue,122,90,133,142,228,
lightskyblue,122,90,135,142,228,
lightskyblue,122,90,137,142,228,
lightskyblue,122,90,91,142,228,
lightskyblue,122,90,139,142,228,
lightskyblue,122,90,142,143,228,
lightskyblue,122,90,142,45,228,
lightskyblue,122,90,142,51,228,
lightskyblue,122,90,142,53,228,
lightskyblue,122,90,142,47,228,
lightskyblue,122,90,142,49,228,
lightskyblue,130,90,133,144,248,
lightskyblue,130,90,135,144,248,
lightskyblue,130,90,137,144,248,
lightskyblue,130,90,91,144,248,
lightskyblue,130,90,139,144,248,
lightskyblue,130,90,141,144,248,
lightskyblue,130,90,144,45,248,
lightskyblue,130,90,144,51,248,
lightskyblue,130,90,144,53,248,
lightskyblue,130,90,144,47,248,
lightskyblue,130,90,144,49,248,
lightskyblue,88,94,134,135,149,
lightskyblue,88,94,134,137,149,
lightskyblue,88,94,134,91,149,
lightskyblue,88,94,134,139,149,
lightskyblue,88,94,134,141,149,
lightskyblue,88,94,134,143,149,
lightskyblue,88,94,134,45,149,
lightskyblue,88,94,134,51,149,
lightskyblue,88,94,134,53,149,
lightskyblue,88,94,134,47,149,
lightskyblue,88,94,134,49,149,
lightskyblue,100,94,133,136,169,
lightskyblue,100,94,136,137,169,
lightskyblue,100,94,136,91,169,
lightskyblue,100,94,136,139,169,
lightskyblue,100,94,136,141,169,
lightskyblue,100,94,136,143,169,
lightskyblue,100,94,136,45,169,
lightskyblue,100,94,136,51,169,
lightskyblue,100,94,136,53,169,
lightskyblue,100,94,136,47,169,
lightskyblue,100,94,136,49,169,
lightskyblue,108,94,133,138,189,
lightskyblue,108,94,135,138,189,
lightskyblue,108,94,138,91,189,
lightskyblue,108,94,138,139,189,
lightskyblue,108,94,138,141,189,
lightskyblue,108,94,138,143,189,
lightskyblue,108,94,138,45,189,
lightskyblue,108,94,138,51,189,
lightskyblue,108,94,138,53,189,
lightskyblue,108,94,138,47,189,
lightskyblue,108,94,138,49,189,
lightskyblue,80,94,133,92,59,
lightskyblue,80,94,135,92,59,
lightskyblue,80,94,137,92,59,
lightskyblue,80,94,92,139,59,
lightskyblue,80,94,92,141,59,
lightskyblue,80,94,92,143,59,
lightskyblue,80,94,92,45,59,
lightskyblue,80,94,92,51,59,
lightskyblue,80,94,92,53,59,
lightskyblue,80,94,92,47,59,
lightskyblue,80,94,92,49,59,
lightskyblue,114,94,133,140,209,
lightskyblue,114,94,135,140,209,
lightskyblue,114,94,137,140,209,
lightskyblue,114,94,91,140,209,
lightskyblue,114,94,140,141,209,
lightskyblue,114,94,140,143,209,
lightskyblue,114,94,140,45,209,
lightskyblue,114,94,140,51,209,
lightskyblue,114,94,140,53,209,
lightskyblue,114,94,140,47,209,
lightskyblue,114,94,140,49,209,
lightskyblue,122,94,133,142,229,
lightskyblue,122,94,135,142,229,
lightskyblue,122,94,137,142,229,
lightskyblue,122,94,91,142,229,
lightskyblue,122,94,139,142,229,
lightskyblue,122,94,142,143,229,
lightskyblue,122,94,142,45,229,
lightskyblue,122,94,142,51,229,
lightskyblue,122,94,142,53,229,
lightskyblue,122,94,142,47,229,
lightskyblue,122,94,142,49,229,
lightskyblue,130,94,133,144,249,
lightskyblue,130,94,135,144,249,
lightskyblue,130,94,137,144,249,
lightskyblue,130,94,91,144,249,
lightskyblue,130,94,139,144,249,
lightskyblue,130,94,141,144,249,
lightskyblue,130,94,144,45,249,
lightskyblue,130,94,144,51,249,
lightskyblue,130,94,144,53,249,
lightskyblue,130,94,144,47,249,
lightskyblue,130,94,144,49,249,
lightskyblue,88,102,134,135,150,
lightskyblue,88,102,134,137,150,
lightskyblue,88,102,134,91,150,
lightskyblue,88,102,134,139,150,
lightskyblue,88,102,134,141,150,
lightskyblue,88,102,134,143,150,
lightskyblue,88,102,134,45,150,
lightskyblue,88,102,134,51,150,
lightskyblue,88,102,134,53,150,
lightskyblue,88,102,134,47,150,
lightskyblue,88,102,134,49,150,
lightskyblue,100,102,133,136,170,
lightskyblue,100,102,136,137,170,
lightskyblue,100,102,136,91,170,
lightskyblue,100,102,136,139,170,
lightskyblue,100,102,136,141,170,
lightskyblue,100,102,136,143,170,
lightskyblue,100,102,136,45,170,
lightskyblue,100,102,136,51,170,
lightskyblue,100,102,136,53,170,
lightskyblue,100,102,136,47,170,
lightskyblue,100,102,136,49,170,
lightskyblue,108,102,133,138,190,
lightskyblue,108,102,135,138,190,
lightskyblue,108,102,138,91,190,
lightskyblue,108,102,138,139,190,
lightskyblue,108,102,138,141,190,
lightskyblue,108,102,138,143,190,
lightskyblue,108,102,138,45,190,
lightskyblue,108,102,138,51,190,
lightskyblue,108,102,138,53,190,
lightskyblue,108,102,138,47,190,
lightskyblue,108,102,138,49,190,
lightskyblue,80,102,133,92,60,
lightskyblue,80,102,135,92,60,
lightskyblue,80,102,137,92,60,
lightskyblue,80,102,92,139,60,
lightskyblue,80,102,92,141,60,
lightskyblue,80,102,92,143,60,
lightskyblue,80,102,92,45,60,
lightskyblue,80,102,92,51,60,
lightskyblue,80,102,92,53,60,
lightskyblue,80,102,92,47,60,
lightskyblue,80,102,92,49,60,
lightskyblue,114,102,133,140,210,
lightskyblue,114,102,135,140,210,
lightskyblue,114,102,137,140,210,
lightskyblue,114,102,91,140,210,
lightskyblue,114,102,140,141,210,
lightskyblue,114,102,140,143,210,
lightskyblue,114,102,140,45,210,
lightskyblue,114,102,140,51,210,
lightskyblue,114,102,140,53,210,
lightskyblue,114,102,140,47,210,
lightskyblue,114,102,140,49,210,
lightskyblue,122,102,133,142,230,
lightskyblue,122,102,135,142,230,
lightskyblue,122,102,137,142,230,
lightskyblue,122,102,91,142,230,
lightskyblue,122,102,139,142,230,
lightskyblue,122,102,142,143,230,
lightskyblue,122,102,142,45,230,
lightskyblue,122,102,142,51,230,
lightskyblue,122,102,142,53,230,
lightskyblue,122,102,142,47,230,
lightskyblue,122,102,142,49,230,
lightskyblue,130,102,133,144,250,
lightskyblue,130,102,135,144,250,
lightskyblue,130,102,137,144,250,
lightskyblue,130,102,91,144,250,
lightskyblue,130,102,139,144,250,
lightskyblue,130,102,141,144,250,
lightskyblue,130,102,144,45,250,
lightskyblue,130,102,144,51,250,
lightskyblue,130,102,144,53,250,
lightskyblue,130,102,144,47,250,
lightskyblue,130,102,144,49,250,
lightskyblue,88,116,134,135,151,
lightskyblue,88,116,134,137,151,
lightskyblue,88,116,134,91,151,
lightskyblue,88,116,134,139,151,
lightskyblue,88,116,134,141,151,
lightskyblue,88,116,134,143,151,
lightskyblue,88,116,134,45,151,
lightskyblue,88,116,134,51,151,
lightskyblue,88,116,134,53,151,
lightskyblue,88,116,134,47,151,
lightskyblue,88,116,134,49,151,
lightskyblue,100,116,133,136,171,
lightskyblue,100,116,136,137,171,
lightskyblue,100,116,136,91,171,
lightskyblue,100,116,136,139,171,
lightskyblue,100,116,136,141,171,
lightskyblue,100,116,136,143,171,
lightskyblue,100,116,136,45,171,
lightskyblue,100,116,136,51,171,
lightskyblue,100,116,136,53,171,
lightskyblue,100,116,136,47,171,
lightskyblue,100,116,136,49,171,
lightskyblue,108,116,133,138,191,
lightskyblue,108,116,135,138,191,
lightskyblue,108,116,138,91,191,
lightskyblue,108,116,138,139,191,
lightskyblue,108,116,138,141,191,
lightskyblue,108,116,138,143,191,
lightskyblue,108,116,138,45,191,
lightskyblue,108,116,138,51,191,
lightskyblue,108,116,138,53,191,
lightskyblue,108,116,138,47,191,
lightskyblue,108,116,138,49,191,
lightskyblue,80,116,133,92,61,
lightskyblue,80,116,135,92,61,
lightskyblue,80,116,137,92,61,
lightskyblue,80,116,92,139,61,
lightskyblue,80,116,92,141,61,
lightskyblue,80,116,92,143,61,
lightskyblue,80,116,92,45,61,
lightskyblue,80,116,92,51,61,
lightskyblue,80,116,92,53,61,
lightskyblue,80,116,92,47,61,
lightskyblue,80,116,92,49,61,
lightskyblue,114,116,133,140,211,
lightskyblue,114,116,135,140,211,
lightskyblue,114,116,137,140,211,
lightskyblue,114,116,91,140,211,
lightskyblue,114,116,140,141,211,
lightskyblue,114,116,140,143,211,
lightskyblue,114,116,140,45,211,
lightskyblue,114,116,140,51,211,
lightskyblue,114,116,140,53,211,
lightskyblue,114,116,140,47,211,
lightskyblue,114,116,140,49,211,
lightskyblue,122,116,133,142,231,
lightskyblue,122,116,135,142,231,
lightskyblue,122,116,137,142,231,
lightskyblue,122,116,91,142,231,
lightskyblue,122,116,139,142,231,
lightskyblue,122,116,142,143,231,
lightskyblue,122,116,142,45,231,
lightskyblue,122,116,142,51,231,
lightskyblue,122,116,142,53,231,
lightskyblue,122,116,142,47,231,
lightskyblue,122,116,142,49,231,
lightskyblue,130,116,133,144,251,
lightskyblue,130,116,135,144,251,
lightskyblue,130,116,137,144,251,
lightskyblue,130,116,91,144,251,
lightskyblue,130,116,139,144,251,
lightskyblue,130,116,141,144,251,
lightskyblue,130,116,144,45,251,
lightskyblue,130,116,144,51,251,
lightskyblue,130,116,144,53,251,
lightskyblue,130,116,144,47,251,
lightskyblue,130,116,144,49,251,
lightskyblue,88,124,134,135,152,
lightskyblue,88,124,134,137,152,
lightskyblue,88,124,134,91,152,
lightskyblue,88,124,134,139,152,
lightskyblue,88,124,134,141,152,
lightskyblue,88,124,134,143,152,
lightskyblue,88,124,134,45,152,
lightskyblue,88,124,134,51,152,
lightskyblue,88,124,134,53,152,
lightskyblue,88,124,134,47,152,
lightskyblue,88,124,134,49,152,
lightskyblue,100,124,133,136,172,
lightskyblue,100,124,136,137,172,
lightskyblue,100,124,136,91,172,
lightskyblue,100,124,136,139,172,
lightskyblue,100,124,136,141,172,
lightskyblue,100,124,136,143,172,
lightskyblue,100,124,136,45,172,
lightskyblue,100,124,136,51,172,
lightskyblue,100,124,136,53,172,
lightskyblue,100,124,136,47,172,
lightskyblue,100,124,136,49,172,
lightskyblue,108,124,133,138,192,
lightskyblue,108,124,135,138,192,
lightskyblue,108,124,138,91,192,
lightskyblue,108,124,138,139,192,
lightskyblue,108,124,138,141,192,
lightskyblue,108,124,138,143,192,
lightskyblue,108,124,138,45,192,
lightskyblue,108,124,138,51,192,
lightskyblue,108,124,138,53,192,
lightskyblue,108,124,138,47,192,
lightskyblue,108,124,138,49,192,
lightskyblue,80,124,133,92,62,
lightskyblue,80,124,135,92,62,
lightskyblue,80,124,137,92,62,
lightskyblue,80,124,92,139,62,
lightskyblue,80,124,92,141,62,
lightskyblue,80,124,92,143,62,
lightskyblue,80,124,92,45,62,
lightskyblue,80,124,92,51,62,
lightskyblue,80,124,92,53,62,
lightskyblue,80,124,92,47,62,
lightskyblue,80,124,92,49,62,
lightskyblue,114,124,133,140,212,
lightskyblue,114,124,135,140,212,
lightskyblue,114,124,137,140,212,
lightskyblue,114,124,91,140,212,
lightskyblue,114,124,140,141,212,
lightskyblue,114,124,140,143,212,
lightskyblue,114,124,140,45,212,
lightskyblue,114,124,140,51,212,
lightskyblue,114,124,140,53,212,
lightskyblue,114,124,140,47,212,
lightskyblue,114,124,140,49,212,
lightskyblue,122,124,133,142,232,
lightskyblue,122,124,135,142,232,
lightskyblue,122,124,137,142,232,
lightskyblue,122,124,91,142,232,
lightskyblue,122,124,139,142,232,
lightskyblue,122,124,142,143,232,
lightskyblue,122,124,142,45,232,
lightskyblue,122,124,142,51,232,
lightskyblue,122,124,142,53,232,
lightskyblue,122,124,142,47,232,
lightskyblue,122,124,142,49,232,
lightskyblue,130,124,133,144,252,
lightskyblue,130,124,135,144,252,
lightskyblue,130,124,137,144,252,
lightskyblue,130,124,91,144,252,
lightskyblue,130,124,139,144,252,
lightskyblue,130,124,141,144,252,
lightskyblue,130,124,144,45,252,
lightskyblue,130,124,144,51,252,
lightskyblue,130,124,144,53,252,
lightskyblue,130,124,144,47,252,
lightskyblue,130,124,144,49,252,
lightskyblue,88,132,134,135,153,
lightskyblue,88,132,134,137,153,
lightskyblue,88,132,134,91,153,
lightskyblue,88,132,134,139,153,
lightskyblue,88,132,134,141,153,
lightskyblue,88,132,134,143,153,
lightskyblue,88,132,134,45,153,
lightskyblue,88,132,134,51,153,
lightskyblue,88,132,134,53,153,
lightskyblue,88,132,134,47,153,
lightskyblue,88,132,134,49,153,
lightskyblue,100,132,133,136,173,
lightskyblue,100,132,136,137,173,
lightskyblue,100,132,136,91,173,
lightskyblue,100,132,136,139,173,
lightskyblue,100,132,136,141,173,
lightskyblue,100,132,136,143,173,
lightskyblue,100,132,136,45,173,
lightskyblue,100,132,136,51,173,
lightskyblue,100,132,136,53,173,
lightskyblue,100,132,136,47,173,
lightskyblue,100,132,136,49,173,
lightskyblue,108,132,133,138,193,
lightskyblue,108,132,135,138,193,
lightskyblue,108,132,138,91,193,
lightskyblue,108,132,138,139,193,
lightskyblue,108,132,138,141,193,
lightskyblue,108,132,138,143,193,
lightskyblue,108,132,138,45,193,
lightskyblue,108,132,138,51,193,
lightskyblue,108,132,138,53,193,
lightskyblue,108,132,138,47,193,
lightskyblue,108,132,138,49,193,
lightskyblue,80,132,133,92,63,
lightskyblue,80,132,135,92,63,
lightskyblue,80,132,137,92,63,
lightskyblue,80,132,92,139,63,
lightskyblue,80,132,92,141,63,
lightskyblue,80,132,92,143,63,
lightskyblue,80,132,92,45,63,
lightskyblue,80,132,92,51,63,
lightskyblue,80,132,92,53,63,
lightskyblue,80,132,92,47,63,
lightskyblue,80,132,92,49,63,
lightskyblue,114,132,133,140,213,
lightskyblue,114,132,135,140,213,
lightskyblue,114,132,137,140,213,
lightskyblue,114,132,91,140,213,
lightskyblue,114,132,140,141,213,
lightskyblue,114,132,140,143,213,
lightskyblue,114,132,140,45,213,
lightskyblue,114,132,140,51,213,
lightskyblue,114,132,140,53,213,
lightskyblue,114,132,140,47,213,
lightskyblue,114,132,140,49,213,
lightskyblue,122,132,133,142,233,
lightskyblue,122,132,135,142,233,
lightskyblue,122,132,137,142,233,
lightskyblue,122,132,91,142,233,
lightskyblue,122,132,139,142,233,
lightskyblue,122,132,142,143,233,
lightskyblue,122,132,142,45,233,
lightskyblue,122,132,142,51,233,
lightskyblue,122,132,142,53,233,
lightskyblue,122,132,142,47,233,
lightskyblue,122,132,142,49,233,
lightskyblue,130,132,133,144,253,
lightskyblue,130,132,135,144,253,
lightskyblue,130,132,137,144,253,
lightskyblue,130,132,91,144,253,
lightskyblue,130,132,139,144,253,
lightskyblue,130,132,141,144,253,
lightskyblue,130,132,144,45,253,
lightskyblue,130,132,144,51,253,
lightskyblue,130,132,144,53,253,
lightskyblue,130,132,144,47,253,
lightskyblue,130,132,144,49,253,
lightskyblue,81,145,
lightskyblue,81,146,
lightskyblue,81,165,
lightskyblue,81,166,
lightskyblue,81,185,
lightskyblue,81,186,
lightskyblue,81,55,
lightskyblue,81,56,
lightskyblue,81,205,
lightskyblue,81,206,
lightskyblue,81,225,
lightskyblue,81,226,
lightskyblue,81,245,
lightskyblue,81,246,
lightskyblue,89,145,
lightskyblue,89,146,
lightskyblue,89,165,
lightskyblue,89,166,
lightskyblue,89,185,
lightskyblue,89,186,
lightskyblue,89,55,
lightskyblue,89,56,
lightskyblue,89,205,
lightskyblue,89,206,
lightskyblue,89,225,
lightskyblue,89,226,
lightskyblue,89,245,
lightskyblue,89,246,
lightskyblue,93,145,
lightskyblue,93,146,
lightskyblue,93,165,
lightskyblue,93,166,
lightskyblue,93,185,
lightskyblue,93,186,
lightskyblue,93,55,
lightskyblue,93,56,
lightskyblue,93,205,
lightskyblue,93,206,
lightskyblue,93,225,
lightskyblue,93,226,
lightskyblue,93,245,
lightskyblue,93,246,
lightskyblue,101,145,
lightskyblue,101,146,
lightskyblue,101,165,
lightskyblue,101,166,
lightskyblue,101,185,
lightskyblue,101,186,
lightskyblue,101,55,
lightskyblue,101,56,
lightskyblue,101,205,
lightskyblue,101,206,
lightskyblue,101,225,
lightskyblue,101,226,
lightskyblue,101,245,
lightskyblue,101,246,
lightskyblue,115,145,
lightskyblue,115,146,
lightskyblue,115,165,
lightskyblue,115,166,
lightskyblue,115,185,
lightskyblue,115,186,
lightskyblue,115,55,
lightskyblue,115,56,
lightskyblue,115,205,
lightskyblue,115,206,
lightskyblue,115,225,
lightskyblue,115,226,
lightskyblue,115,245,
lightskyblue,115,246,
lightskyblue,123,145,
lightskyblue,123,146,
lightskyblue,123,165,
lightskyblue,123,166,
lightskyblue,123,185,
lightskyblue,123,186,
lightskyblue,123,55,
lightskyblue,123,56,
lightskyblue,123,205,
lightskyblue,123,206,
lightskyblue,123,225,
lightskyblue,123,226,
lightskyblue,123,245,
lightskyblue,123,246,
lightskyblue,131,145,
lightskyblue,131,146,
lightskyblue,131,165,
lightskyblue,131,166,
lightskyblue,131,185,
lightskyblue,131,186,
lightskyblue,131,55,
lightskyblue,131,56,
lightskyblue,131,205,
lightskyblue,131,206,
lightskyblue,131,225,
lightskyblue,131,226,
lightskyblue,131,245,
lightskyblue,131,246,
lightskyblue,82,147,
lightskyblue,82,147,
lightskyblue,82,167,
lightskyblue,82,167,
lightskyblue,82,187,
lightskyblue,82,187,
lightskyblue,82,57,
lightskyblue,82,57,
lightskyblue,82,207,
lightskyblue,82,207,
lightskyblue,82,227,
lightskyblue,82,227,
lightskyblue,82,247,
lightskyblue,82,247,
lightskyblue,90,148,
lightskyblue,90,148,
lightskyblue,90,168,
lightskyblue,90,168,
lightskyblue,90,188,
lightskyblue,90,188,
lightskyblue,90,58,
lightskyblue,90,58,
lightskyblue,90,208,
lightskyblue,90,208,
lightskyblue,90,228,
lightskyblue,90,228,
lightskyblue,90,248,
lightskyblue,90,248,
lightskyblue,94,149,
lightskyblue,94,149,
lightskyblue,94,169,
lightskyblue,94,169,
lightskyblue,94,189,
lightskyblue,94,189,
lightskyblue,94,59,
lightskyblue,94,59,
lightskyblue,94,209,
lightskyblue,94,209,
lightskyblue,94,229,
lightskyblue,94,229,
lightskyblue,94,249,
lightskyblue,94,249,
lightskyblue,102,150,
lightskyblue,102,150,
lightskyblue,102,170,
lightskyblue,102,170,
lightskyblue,102,190,
lightskyblue,102,190,
lightskyblue,102,60,
lightskyblue,102,60,
lightskyblue,102,210,
lightskyblue,102,210,
lightskyblue,102,230,
lightskyblue,102,230,
lightskyblue,102,250,
lightskyblue,102,250,
lightskyblue,116,151,
lightskyblue,116,151,
lightskyblue,116,171,
lightskyblue,116,171,
lightskyblue,116,191,
lightskyblue,116,191,
lightskyblue,116,61,
lightskyblue,116,61,
lightskyblue,116,211,
lightskyblue,116,211,
lightskyblue,116,231,
lightskyblue,116,231,
lightskyblue,116,251,
lightskyblue,116,251,
lightskyblue,124,152,
lightskyblue,124,152,
lightskyblue,124,172,
lightskyblue,124,172,
lightskyblue,124,192,
lightskyblue,124,192,
lightskyblue,124,62,
lightskyblue,124,62,
lightskyblue,124,212,
lightskyblue,124,212,
lightskyblue,124,232,
lightskyblue,124,232,
lightskyblue,124,252,
lightskyblue,124,252,
lightskyblue,132,153,
lightskyblue,132,153,
lightskyblue,132,173,
lightskyblue,132,173,
lightskyblue,132,193,
lightskyblue,132,193,
lightskyblue,132,63,
lightskyblue,132,63,
lightskyblue,132,213,
lightskyblue,132,213,
lightskyblue,132,233,
lightskyblue,132,233,
lightskyblue,132,253,
lightskyblue,132,253,
