green,
green,
green,
green,
green,
green,
green,
green,
green,
green,
green,
green,
green,
green,
green,
green,
green,
green,
green,
green,
green,
green,
green,
green,
green,
green,
green,
green,
green,
green,
green,
green,
green,
green,
green,
green,
green,
gold,0,305,306,307,308,1460,1462,1464,1466,1468,1470,1472,1586,1588,1590,1592,1594,1596,1598,
gold,0,309,310,311,312,1474,1476,1478,1480,1482,1484,1486,1558,1560,1562,1564,1566,1568,1570,1600,1602,1604,1606,1608,1610,1612,1684,1686,1688,1690,1692,1694,1696,
gold,0,313,314,315,316,1488,1490,1492,1494,1496,1498,1500,1614,1616,1618,1620,1622,1624,1626,
gold,0,317,318,319,320,1502,1504,1506,1508,1510,1512,1514,1530,1532,1534,1536,1538,1540,1542,1628,1630,1632,1634,1636,1638,1640,1656,1658,1660,1662,1664,1666,1668,
gold,0,321,322,323,324,1516,1518,1520,1522,1524,1526,1528,1544,1546,1548,1550,1552,1554,1556,1572,1574,1576,1578,1580,1582,1584,1642,1644,1646,1648,1650,1652,1654,1670,1672,1674,1676,1678,1680,1682,1698,1700,1702,1704,1706,1708,1710,
gold,1,285,286,287,288,1459,1461,1463,1465,1467,1469,1471,1585,1587,1589,1591,1593,1595,1597,
gold,1,289,290,291,292,1473,1475,1477,1479,1481,1483,1485,1557,1559,1561,1563,1565,1567,1569,1599,1601,1603,1605,1607,1609,1611,1683,1685,1687,1689,1691,1693,1695,
gold,1,293,294,295,296,1487,1489,1491,1493,1495,1497,1499,1613,1615,1617,1619,1621,1623,1625,
gold,1,297,298,299,300,1501,1503,1505,1507,1509,1511,1513,1529,1531,1533,1535,1537,1539,1541,1627,1629,1631,1633,1635,1637,1639,1655,1657,1659,1661,1663,1665,1667,
gold,1,301,302,303,304,1515,1517,1519,1521,1523,1525,1527,1543,1545,1547,1549,1551,1553,1555,1571,1573,1575,1577,1579,1581,1583,1641,1643,1645,1647,1649,1651,1653,1669,1671,1673,1675,1677,1679,1681,1697,1699,1701,1703,1705,1707,1709,
gold,2,331,338,345,352,359,366,373,
gold,2,
gold,3,429,436,443,450,457,464,471,
gold,3,
gold,4,380,387,394,401,408,415,422,674,681,688,695,702,709,716,
gold,4,
gold,5,478,485,492,499,506,513,520,576,583,590,597,604,611,618,
gold,5,
gold,6,527,534,541,548,555,562,569,625,632,639,646,653,660,667,723,730,737,744,751,758,765,
gold,6,
gold,7,766,767,768,769,770,771,772,773,774,775,776,777,778,779,780,781,782,783,784,785,786,787,788,789,790,791,792,793,794,795,796,797,798,799,800,801,802,803,804,805,806,807,808,809,810,811,812,813,814,815,816,817,818,819,820,821,822,823,824,825,826,827,828,829,830,831,832,833,834,835,836,837,838,839,840,841,842,1585,1586,1587,1588,1589,1590,1591,1592,1593,1594,1595,1596,1597,1598,
gold,7,
gold,8,920,921,922,923,924,925,926,927,928,929,930,931,932,933,934,935,936,937,938,939,940,941,942,943,944,945,946,947,948,949,950,951,952,953,954,955,956,957,958,959,960,961,962,963,964,965,966,967,968,969,970,971,972,973,974,975,976,977,978,979,980,981,982,983,984,985,986,987,988,989,990,991,992,993,994,995,996,1613,1614,1615,1616,1617,1618,1619,1620,1621,1622,1623,1624,1625,1626,
gold,8,
gold,9,843,844,845,846,847,848,849,850,851,852,853,854,855,856,857,858,859,860,861,862,863,864,865,866,867,868,869,870,871,872,873,874,875,876,877,878,879,880,881,882,883,884,885,886,887,888,889,890,891,892,893,894,895,896,897,898,899,900,901,902,903,904,905,906,907,908,909,910,911,912,913,914,915,916,917,918,919,1599,1600,1601,1602,1603,1604,1605,1606,1607,1608,1609,1610,1611,1612,
gold,9,
gold,10,1305,1306,1307,1308,1309,1310,1311,1312,1313,1314,1315,1316,1317,1318,1319,1320,1321,1322,1323,1324,1325,1326,1327,1328,1329,1330,1331,1332,1333,1334,1335,1336,1337,1338,1339,1340,1341,1342,1343,1344,1345,1346,1347,1348,1349,1350,1351,1352,1353,1354,1355,1356,1357,1358,1359,1360,1361,1362,1363,1364,1365,1366,1367,1368,1369,1370,1371,1372,1373,1374,1375,1376,1377,1378,1379,1380,1381,1683,1684,1685,1686,1687,1688,1689,1690,1691,1692,1693,1694,1695,1696,
gold,10,
gold,11,997,998,999,1000,1001,1002,1003,1004,1005,1006,1007,1008,1009,1010,1011,1012,1013,1014,1015,1016,1017,1018,1019,1020,1021,1022,1023,1024,1025,1026,1027,1028,1029,1030,1031,1032,1033,1034,1035,1036,1037,1038,1039,1040,1041,1042,1043,1044,1045,1046,1047,1048,1049,1050,1051,1052,1053,1054,1055,1056,1057,1058,1059,1060,1061,1062,1063,1064,1065,1066,1067,1068,1069,1070,1071,1072,1073,1627,1628,1629,1630,1631,1632,1633,1634,1635,1636,1637,1638,1639,1640,
gold,11,
gold,12,1151,1152,1153,1154,1155,1156,1157,1158,1159,1160,1161,1162,1163,1164,1165,1166,1167,1168,1169,1170,1171,1172,1173,1174,1175,1176,1177,1178,1179,1180,1181,1182,1183,1184,1185,1186,1187,1188,1189,1190,1191,1192,1193,1194,1195,1196,1197,1198,1199,1200,1201,1202,1203,1204,1205,1206,1207,1208,1209,1210,1211,1212,1213,1214,1215,1216,1217,1218,1219,1220,1221,1222,1223,1224,1225,1226,1227,1655,1656,1657,1658,1659,1660,1661,1662,1663,1664,1665,1666,1667,1668,
gold,12,
gold,13,1074,1075,1076,1077,1078,1079,1080,1081,1082,1083,1084,1085,1086,1087,1088,1089,1090,1091,1092,1093,1094,1095,1096,1097,1098,1099,1100,1101,1102,1103,1104,1105,1106,1107,1108,1109,1110,1111,1112,1113,1114,1115,1116,1117,1118,1119,1120,1121,1122,1123,1124,1125,1126,1127,1128,1129,1130,1131,1132,1133,1134,1135,1136,1137,1138,1139,1140,1141,1142,1143,1144,1145,1146,1147,1148,1149,1150,1641,1642,1643,1644,1645,1646,1647,1648,1649,1650,1651,1652,1653,1654,
gold,13,
gold,14,332,339,346,353,360,367,766,767,768,769,770,771,772,773,774,775,776,
gold,14,381,388,395,402,409,416,675,682,689,696,703,710,843,844,845,846,847,848,849,850,851,852,853,1305,1306,1307,1308,1309,1310,1311,1312,1313,1314,1315,
gold,14,430,437,444,451,458,465,920,921,922,923,924,925,926,927,928,929,930,
gold,14,479,486,493,500,507,514,577,584,591,598,605,612,997,998,999,1000,1001,1002,1003,1004,1005,1006,1007,1151,1152,1153,1154,1155,1156,1157,1158,1159,1160,1161,
gold,14,528,535,542,549,556,563,626,633,640,647,654,661,724,731,738,745,752,759,1074,1075,1076,1077,1078,1079,1080,1081,1082,1083,1084,1228,1229,1230,1231,1232,1233,1234,1235,1236,1237,1238,1382,1383,1384,1385,1386,1387,1388,1389,1390,1391,1392,
gold,14,
gold,15,1228,1229,1230,1231,1232,1233,1234,1235,1236,1237,1238,1239,1240,1241,1242,1243,1244,1245,1246,1247,1248,1249,1250,1251,1252,1253,1254,1255,1256,1257,1258,1259,1260,1261,1262,1263,1264,1265,1266,1267,1268,1269,1270,1271,1272,1273,1274,1275,1276,1277,1278,1279,1280,1281,1282,1283,1284,1285,1286,1287,1288,1289,1290,1291,1292,1293,1294,1295,1296,1297,1298,1299,1300,1301,1302,1303,1304,1669,1670,1671,1672,1673,1674,1675,1676,1677,1678,1679,1680,1681,1682,
gold,15,
gold,16,325,340,347,354,361,368,777,778,779,780,781,782,783,784,785,786,787,
gold,16,374,389,396,403,410,417,668,683,690,697,704,711,854,855,856,857,858,859,860,861,862,863,864,1316,1317,1318,1319,1320,1321,1322,1323,1324,1325,1326,
gold,16,423,438,445,452,459,466,931,932,933,934,935,936,937,938,939,940,941,
gold,16,472,487,494,501,508,515,570,585,592,599,606,613,1008,1009,1010,1011,1012,1013,1014,1015,1016,1017,1018,1162,1163,1164,1165,1166,1167,1168,1169,1170,1171,1172,
gold,16,521,536,543,550,557,564,619,634,641,648,655,662,717,732,739,746,753,760,1085,1086,1087,1088,1089,1090,1091,1092,1093,1094,1095,1239,1240,1241,1242,1243,1244,1245,1246,1247,1248,1249,1393,1394,1395,1396,1397,1398,1399,1400,1401,1402,1403,
gold,16,
gold,17,1382,1383,1384,1385,1386,1387,1388,1389,1390,1391,1392,1393,1394,1395,1396,1397,1398,1399,1400,1401,1402,1403,1404,1405,1406,1407,1408,1409,1410,1411,1412,1413,1414,1415,1416,1417,1418,1419,1420,1421,1422,1423,1424,1425,1426,1427,1428,1429,1430,1431,1432,1433,1434,1435,1436,1437,1438,1439,1440,1441,1442,1443,1444,1445,1446,1447,1448,1449,1450,1451,1452,1453,1454,1455,1456,1457,1458,1697,1698,1699,1700,1701,1702,1703,1704,1705,1706,1707,1708,1709,1710,
gold,17,
gold,18,326,333,348,355,362,369,788,789,790,791,792,793,794,795,796,797,798,
gold,18,375,382,397,404,411,418,669,676,691,698,705,712,865,866,867,868,869,870,871,872,873,874,875,1327,1328,1329,1330,1331,1332,1333,1334,1335,1336,1337,
gold,18,424,431,446,453,460,467,942,943,944,945,946,947,948,949,950,951,952,
gold,18,473,480,495,502,509,516,571,578,593,600,607,614,1019,1020,1021,1022,1023,1024,1025,1026,1027,1028,1029,1173,1174,1175,1176,1177,1178,1179,1180,1181,1182,1183,
gold,18,522,529,544,551,558,565,620,627,642,649,656,663,718,725,740,747,754,761,1096,1097,1098,1099,1100,1101,1102,1103,1104,1105,1106,1250,1251,1252,1253,1254,1255,1256,1257,1258,1259,1260,1404,1405,1406,1407,1408,1409,1410,1411,1412,1413,1414,
gold,18,
gold,19,327,334,341,356,363,370,799,800,801,802,803,804,805,806,807,808,809,
gold,19,376,383,390,405,412,419,670,677,684,699,706,713,876,877,878,879,880,881,882,883,884,885,886,1338,1339,1340,1341,1342,1343,1344,1345,1346,1347,1348,
gold,19,425,432,439,454,461,468,953,954,955,956,957,958,959,960,961,962,963,
gold,19,474,481,488,503,510,517,572,579,586,601,608,615,1030,1031,1032,1033,1034,1035,1036,1037,1038,1039,1040,1184,1185,1186,1187,1188,1189,1190,1191,1192,1193,1194,
gold,19,523,530,537,552,559,566,621,628,635,650,657,664,719,726,733,748,755,762,1107,1108,1109,1110,1111,1112,1113,1114,1115,1116,1117,1261,1262,1263,1264,1265,1266,1267,1268,1269,1270,1271,1415,1416,1417,1418,1419,1420,1421,1422,1423,1424,1425,
gold,19,
gold,20,328,335,342,349,364,371,810,811,812,813,814,815,816,817,818,819,820,
gold,20,377,384,391,398,413,420,671,678,685,692,707,714,887,888,889,890,891,892,893,894,895,896,897,1349,1350,1351,1352,1353,1354,1355,1356,1357,1358,1359,
gold,20,426,433,440,447,462,469,964,965,966,967,968,969,970,971,972,973,974,
gold,20,475,482,489,496,511,518,573,580,587,594,609,616,1041,1042,1043,1044,1045,1046,1047,1048,1049,1050,1051,1195,1196,1197,1198,1199,1200,1201,1202,1203,1204,1205,
gold,20,524,531,538,545,560,567,622,629,636,643,658,665,720,727,734,741,756,763,1118,1119,1120,1121,1122,1123,1124,1125,1126,1127,1128,1272,1273,1274,1275,1276,1277,1278,1279,1280,1281,1282,1426,1427,1428,1429,1430,1431,1432,1433,1434,1435,1436,
gold,20,
gold,21,329,336,343,350,357,372,821,822,823,824,825,826,827,828,829,830,831,
gold,21,378,385,392,399,406,421,672,679,686,693,700,715,898,899,900,901,902,903,904,905,906,907,908,1360,1361,1362,1363,1364,1365,1366,1367,1368,1369,1370,
gold,21,427,434,441,448,455,470,975,976,977,978,979,980,981,982,983,984,985,
gold,21,476,483,490,497,504,519,574,581,588,595,602,617,1052,1053,1054,1055,1056,1057,1058,1059,1060,1061,1062,1206,1207,1208,1209,1210,1211,1212,1213,1214,1215,1216,
gold,21,525,532,539,546,553,568,623,630,637,644,651,666,721,728,735,742,749,764,1129,1130,1131,1132,1133,1134,1135,1136,1137,1138,1139,1283,1284,1285,1286,1287,1288,1289,1290,1291,1292,1293,1437,1438,1439,1440,1441,1442,1443,1444,1445,1446,1447,
gold,21,
gold,22,330,337,344,351,358,365,832,833,834,835,836,837,838,839,840,841,842,
gold,22,379,386,393,400,407,414,673,680,687,694,701,708,909,910,911,912,913,914,915,916,917,918,919,1371,1372,1373,1374,1375,1376,1377,1378,1379,1380,1381,
gold,22,428,435,442,449,456,463,986,987,988,989,990,991,992,993,994,995,996,
gold,22,477,484,491,498,505,512,575,582,589,596,603,610,1063,1064,1065,1066,1067,1068,1069,1070,1071,1072,1073,1217,1218,1219,1220,1221,1222,1223,1224,1225,1226,1227,
gold,22,526,533,540,547,554,561,624,631,638,645,652,659,722,729,736,743,750,757,1140,1141,1142,1143,1144,1145,1146,1147,1148,1149,1150,1294,1295,1296,1297,1298,1299,1300,1301,1302,1303,1304,1448,1449,1450,1451,1452,1453,1454,1455,1456,1457,1458,
gold,22,
gold,23,332,339,346,353,360,367,381,388,395,402,409,416,430,437,444,451,458,465,479,486,493,500,507,514,528,535,542,549,556,563,577,584,591,598,605,612,626,633,640,647,654,661,675,682,689,696,703,710,724,731,738,745,752,759,766,767,768,769,770,771,772,773,774,775,776,843,844,845,846,847,848,849,850,851,852,853,920,921,922,923,924,925,926,927,928,929,930,997,998,999,1000,1001,1002,1003,1004,1005,1006,1007,1074,1075,1076,1077,1078,1079,1080,1081,1082,1083,1084,1151,1152,1153,1154,1155,1156,1157,1158,1159,1160,1161,1228,1229,1230,1231,1232,1233,1234,1235,1236,1237,1238,1305,1306,1307,1308,1309,1310,1311,1312,1313,1314,1315,1382,1383,1384,1385,1386,1387,1388,1389,1390,1391,1392,
gold,23,
gold,24,325,340,347,354,361,368,374,389,396,403,410,417,423,438,445,452,459,466,472,487,494,501,508,515,521,536,543,550,557,564,570,585,592,599,606,613,619,634,641,648,655,662,668,683,690,697,704,711,717,732,739,746,753,760,777,778,779,780,781,782,783,784,785,786,787,854,855,856,857,858,859,860,861,862,863,864,931,932,933,934,935,936,937,938,939,940,941,1008,1009,1010,1011,1012,1013,1014,1015,1016,1017,1018,1085,1086,1087,1088,1089,1090,1091,1092,1093,1094,1095,1162,1163,1164,1165,1166,1167,1168,1169,1170,1171,1172,1239,1240,1241,1242,1243,1244,1245,1246,1247,1248,1249,1316,1317,1318,1319,1320,1321,1322,1323,1324,1325,1326,1393,1394,1395,1396,1397,1398,1399,1400,1401,1402,1403,
gold,24,
gold,25,326,333,348,355,362,369,375,382,397,404,411,418,424,431,446,453,460,467,473,480,495,502,509,516,522,529,544,551,558,565,571,578,593,600,607,614,620,627,642,649,656,663,669,676,691,698,705,712,718,725,740,747,754,761,788,789,790,791,792,793,794,795,796,797,798,865,866,867,868,869,870,871,872,873,874,875,942,943,944,945,946,947,948,949,950,951,952,1019,1020,1021,1022,1023,1024,1025,1026,1027,1028,1029,1096,1097,1098,1099,1100,1101,1102,1103,1104,1105,1106,1173,1174,1175,1176,1177,1178,1179,1180,1181,1182,1183,1250,1251,1252,1253,1254,1255,1256,1257,1258,1259,1260,1327,1328,1329,1330,1331,1332,1333,1334,1335,1336,1337,1404,1405,1406,1407,1408,1409,1410,1411,1412,1413,1414,
gold,25,
gold,26,327,334,341,356,363,370,376,383,390,405,412,419,425,432,439,454,461,468,474,481,488,503,510,517,523,530,537,552,559,566,572,579,586,601,608,615,621,628,635,650,657,664,670,677,684,699,706,713,719,726,733,748,755,762,799,800,801,802,803,804,805,806,807,808,809,876,877,878,879,880,881,882,883,884,885,886,953,954,955,956,957,958,959,960,961,962,963,1030,1031,1032,1033,1034,1035,1036,1037,1038,1039,1040,1107,1108,1109,1110,1111,1112,1113,1114,1115,1116,1117,1184,1185,1186,1187,1188,1189,1190,1191,1192,1193,1194,1261,1262,1263,1264,1265,1266,1267,1268,1269,1270,1271,1338,1339,1340,1341,1342,1343,1344,1345,1346,1347,1348,1415,1416,1417,1418,1419,1420,1421,1422,1423,1424,1425,
gold,26,
gold,27,328,335,342,349,364,371,377,384,391,398,413,420,426,433,440,447,462,469,475,482,489,496,511,518,524,531,538,545,560,567,573,580,587,594,609,616,622,629,636,643,658,665,671,678,685,692,707,714,720,727,734,741,756,763,810,811,812,813,814,815,816,817,818,819,820,887,888,889,890,891,892,893,894,895,896,897,964,965,966,967,968,969,970,971,972,973,974,1041,1042,1043,1044,1045,1046,1047,1048,1049,1050,1051,1118,1119,1120,1121,1122,1123,1124,1125,1126,1127,1128,1195,1196,1197,1198,1199,1200,1201,1202,1203,1204,1205,1272,1273,1274,1275,1276,1277,1278,1279,1280,1281,1282,1349,1350,1351,1352,1353,1354,1355,1356,1357,1358,1359,1426,1427,1428,1429,1430,1431,1432,1433,1434,1435,1436,
gold,27,
gold,28,329,336,343,350,357,372,378,385,392,399,406,421,427,434,441,448,455,470,476,483,490,497,504,519,525,532,539,546,553,568,574,581,588,595,602,617,623,630,637,644,651,666,672,679,686,693,700,715,721,728,735,742,749,764,821,822,823,824,825,826,827,828,829,830,831,898,899,900,901,902,903,904,905,906,907,908,975,976,977,978,979,980,981,982,983,984,985,1052,1053,1054,1055,1056,1057,1058,1059,1060,1061,1062,1129,1130,1131,1132,1133,1134,1135,1136,1137,1138,1139,1206,1207,1208,1209,1210,1211,1212,1213,1214,1215,1216,1283,1284,1285,1286,1287,1288,1289,1290,1291,1292,1293,1360,1361,1362,1363,1364,1365,1366,1367,1368,1369,1370,1437,1438,1439,1440,1441,1442,1443,1444,1445,1446,1447,
gold,28,
gold,29,330,337,344,351,358,365,379,386,393,400,407,414,428,435,442,449,456,463,477,484,491,498,505,512,526,533,540,547,554,561,575,582,589,596,603,610,624,631,638,645,652,659,673,680,687,694,701,708,722,729,736,743,750,757,832,833,834,835,836,837,838,839,840,841,842,909,910,911,912,913,914,915,916,917,918,919,986,987,988,989,990,991,992,993,994,995,996,1063,1064,1065,1066,1067,1068,1069,1070,1071,1072,1073,1140,1141,1142,1143,1144,1145,1146,1147,1148,1149,1150,1217,1218,1219,1220,1221,1222,1223,1224,1225,1226,1227,1294,1295,1296,1297,1298,1299,1300,1301,1302,1303,1304,1371,1372,1373,1374,1375,1376,1377,1378,1379,1380,1381,1448,1449,1450,1451,1452,1453,1454,1455,1456,1457,1458,
gold,29,
gold,30,1585,1599,1613,1627,1641,1655,1669,1683,1697,
gold,30,1586,1600,1614,1628,1642,1656,1670,1684,1698,
gold,30,325,326,327,328,329,330,331,1459,1460,
gold,30,374,375,376,377,378,379,380,1473,1474,
gold,30,423,424,425,426,427,428,429,1487,1488,
gold,30,472,473,474,475,476,477,478,1501,1502,
gold,30,521,522,523,524,525,526,527,1515,1516,
gold,30,570,571,572,573,574,575,576,1529,1530,
gold,30,619,620,621,622,623,624,625,1543,1544,
gold,30,668,669,670,671,672,673,674,1557,1558,
gold,30,717,718,719,720,721,722,723,1571,1572,
gold,30,766,843,920,997,1074,1151,1228,1305,1382,
gold,30,767,844,921,998,1075,1152,1229,1306,1383,
gold,30,768,845,922,999,1076,1153,1230,1307,1384,
gold,30,769,846,923,1000,1077,1154,1231,1308,1385,
gold,30,770,847,924,1001,1078,1155,1232,1309,1386,
gold,30,771,848,925,1002,1079,1156,1233,1310,1387,
gold,30,772,849,926,1003,1080,1157,1234,1311,1388,
gold,30,773,850,927,1004,1081,1158,1235,1312,1389,
red,30,774,851,928,1005,1082,1159,1236,1313,1390,
gold,30,775,852,929,1006,1083,1160,1237,1314,1391,
gold,30,776,853,930,1007,1084,1161,1238,1315,1392,
gold,31,1587,1601,1615,1629,1643,1657,1671,1685,1699,
gold,31,1588,1602,1616,1630,1644,1658,1672,1686,1700,
gold,31,332,333,334,335,336,337,338,1461,1462,
gold,31,381,382,383,384,385,386,387,1475,1476,
gold,31,430,431,432,433,434,435,436,1489,1490,
gold,31,479,480,481,482,483,484,485,1503,1504,
gold,31,528,529,530,531,532,533,534,1517,1518,
gold,31,577,578,579,580,581,582,583,1531,1532,
gold,31,626,627,628,629,630,631,632,1545,1546,
gold,31,675,676,677,678,679,680,681,1559,1560,
gold,31,724,725,726,727,728,729,730,1573,1574,
red,31,777,854,931,1008,1085,1162,1239,1316,1393,
gold,31,778,855,932,1009,1086,1163,1240,1317,1394,
gold,31,779,856,933,1010,1087,1164,1241,1318,1395,
gold,31,780,857,934,1011,1088,1165,1242,1319,1396,
gold,31,781,858,935,1012,1089,1166,1243,1320,1397,
gold,31,782,859,936,1013,1090,1167,1244,1321,1398,
gold,31,783,860,937,1014,1091,1168,1245,1322,1399,
gold,31,784,861,938,1015,1092,1169,1246,1323,1400,
gold,31,785,862,939,1016,1093,1170,1247,1324,1401,
gold,31,786,863,940,1017,1094,1171,1248,1325,1402,
gold,31,787,864,941,1018,1095,1172,1249,1326,1403,
gold,32,1589,1603,1617,1631,1645,1659,1673,1687,1701,
gold,32,1590,1604,1618,1632,1646,1660,1674,1688,1702,
gold,32,339,340,341,342,343,344,345,1463,1464,
gold,32,388,389,390,391,392,393,394,1477,1478,
gold,32,437,438,439,440,441,442,443,1491,1492,
gold,32,486,487,488,489,490,491,492,1505,1506,
gold,32,535,536,537,538,539,540,541,1519,1520,
gold,32,584,585,586,587,588,589,590,1533,1534,
gold,32,633,634,635,636,637,638,639,1547,1548,
gold,32,682,683,684,685,686,687,688,1561,1562,
gold,32,731,732,733,734,735,736,737,1575,1576,
gold,32,788,865,942,1019,1096,1173,1250,1327,1404,
gold,32,789,866,943,1020,1097,1174,1251,1328,1405,
gold,32,790,867,944,1021,1098,1175,1252,1329,1406,
red,32,791,868,945,1022,1099,1176,1253,1330,1407,
gold,32,792,869,946,1023,1100,1177,1254,1331,1408,
gold,32,793,870,947,1024,1101,1178,1255,1332,1409,
gold,32,794,871,948,1025,1102,1179,1256,1333,1410,
gold,32,795,872,949,1026,1103,1180,1257,1334,1411,
gold,32,796,873,950,1027,1104,1181,1258,1335,1412,
gold,32,797,874,951,1028,1105,1182,1259,1336,1413,
gold,32,798,875,952,1029,1106,1183,1260,1337,1414,
gold,33,1591,1605,1619,1633,1647,1661,1675,1689,1703,
gold,33,1592,1606,1620,1634,1648,1662,1676,1690,1704,
gold,33,346,347,348,349,350,351,352,1465,1466,
gold,33,395,396,397,398,399,400,401,1479,1480,
gold,33,444,445,446,447,448,449,450,1493,1494,
gold,33,493,494,495,496,497,498,499,1507,1508,
gold,33,542,543,544,545,546,547,548,1521,1522,
gold,33,591,592,593,594,595,596,597,1535,1536,
gold,33,640,641,642,643,644,645,646,1549,1550,
gold,33,689,690,691,692,693,694,695,1563,1564,
gold,33,738,739,740,741,742,743,744,1577,1578,
gold,33,799,876,953,1030,1107,1184,1261,1338,1415,
gold,33,800,877,954,1031,1108,1185,1262,1339,1416,
gold,33,801,878,955,1032,1109,1186,1263,1340,1417,
gold,33,802,879,956,1033,1110,1187,1264,1341,1418,
gold,33,803,880,957,1034,1111,1188,1265,1342,1419,
gold,33,804,881,958,1035,1112,1189,1266,1343,1420,
gold,33,805,882,959,1036,1113,1190,1267,1344,1421,
gold,33,806,883,960,1037,1114,1191,1268,1345,1422,
gold,33,807,884,961,1038,1115,1192,1269,1346,1423,
red,33,808,885,962,1039,1116,1193,1270,1347,1424,
gold,33,809,886,963,1040,1117,1194,1271,1348,1425,
gold,34,1593,1607,1621,1635,1649,1663,1677,1691,1705,
gold,34,1594,1608,1622,1636,1650,1664,1678,1692,1706,
gold,34,353,354,355,356,357,358,359,1467,1468,
gold,34,402,403,404,405,406,407,408,1481,1482,
gold,34,451,452,453,454,455,456,457,1495,1496,
gold,34,500,501,502,503,504,505,506,1509,1510,
gold,34,549,550,551,552,553,554,555,1523,1524,
gold,34,598,599,600,601,602,603,604,1537,1538,
gold,34,647,648,649,650,651,652,653,1551,1552,
gold,34,696,697,698,699,700,701,702,1565,1566,
gold,34,745,746,747,748,749,750,751,1579,1580,
gold,34,810,887,964,1041,1118,1195,1272,1349,1426,
gold,34,811,888,965,1042,1119,1196,1273,1350,1427,
gold,34,812,889,966,1043,1120,1197,1274,1351,1428,
gold,34,813,890,967,1044,1121,1198,1275,1352,1429,
red,34,814,891,968,1045,1122,1199,1276,1353,1430,
gold,34,815,892,969,1046,1123,1200,1277,1354,1431,
gold,34,816,893,970,1047,1124,1201,1278,1355,1432,
gold,34,817,894,971,1048,1125,1202,1279,1356,1433,
gold,34,818,895,972,1049,1126,1203,1280,1357,1434,
gold,34,819,896,973,1050,1127,1204,1281,1358,1435,
gold,34,820,897,974,1051,1128,1205,1282,1359,1436,
gold,35,1595,1609,1623,1637,1651,1665,1679,1693,1707,
gold,35,1596,1610,1624,1638,1652,1666,1680,1694,1708,
gold,35,360,361,362,363,364,365,366,1469,1470,
gold,35,409,410,411,412,413,414,415,1483,1484,
gold,35,458,459,460,461,462,463,464,1497,1498,
gold,35,507,508,509,510,511,512,513,1511,1512,
gold,35,556,557,558,559,560,561,562,1525,1526,
gold,35,605,606,607,608,609,610,611,1539,1540,
gold,35,654,655,656,657,658,659,660,1553,1554,
gold,35,703,704,705,706,707,708,709,1567,1568,
gold,35,752,753,754,755,756,757,758,1581,1582,
gold,35,821,898,975,1052,1129,1206,1283,1360,1437,
gold,35,822,899,976,1053,1130,1207,1284,1361,1438,
gold,35,823,900,977,1054,1131,1208,1285,1362,1439,
gold,35,824,901,978,1055,1132,1209,1286,1363,1440,
gold,35,825,902,979,1056,1133,1210,1287,1364,1441,
gold,35,826,903,980,1057,1134,1211,1288,1365,1442,
gold,35,827,904,981,1058,1135,1212,1289,1366,1443,
red,35,828,905,982,1059,1136,1213,1290,1367,1444,
gold,35,829,906,983,1060,1137,1214,1291,1368,1445,
gold,35,830,907,984,1061,1138,1215,1292,1369,1446,
gold,35,831,908,985,1062,1139,1216,1293,1370,1447,
gold,36,1597,1611,1625,1639,1653,1667,1681,1695,1709,
gold,36,1598,1612,1626,1640,1654,1668,1682,1696,1710,
gold,36,367,368,369,370,371,372,373,1471,1472,
gold,36,416,417,418,419,420,421,422,1485,1486,
gold,36,465,466,467,468,469,470,471,1499,1500,
gold,36,514,515,516,517,518,519,520,1513,1514,
gold,36,563,564,565,566,567,568,569,1527,1528,
gold,36,612,613,614,615,616,617,618,1541,1542,
gold,36,661,662,663,664,665,666,667,1555,1556,
gold,36,710,711,712,713,714,715,716,1569,1570,
gold,36,759,760,761,762,763,764,765,1583,1584,
gold,36,832,909,986,1063,1140,1217,1294,1371,1448,
gold,36,833,910,987,1064,1141,1218,1295,1372,1449,
gold,36,834,911,988,1065,1142,1219,1296,1373,1450,
gold,36,835,912,989,1066,1143,1220,1297,1374,1451,
gold,36,836,913,990,1067,1144,1221,1298,1375,1452,
gold,36,837,914,991,1068,1145,1222,1299,1376,1453,
gold,36,838,915,992,1069,1146,1223,1300,1377,1454,
gold,36,839,916,993,1070,1147,1224,1301,1378,1455,
gold,36,840,917,994,1071,1148,1225,1302,1379,1456,
gold,36,841,918,995,1072,1149,1226,1303,1380,1457,
red,36,842,919,996,1073,1150,1227,1304,1381,1458,
lightskyblue,43,
lightskyblue,44,
lightskyblue,45,
lightskyblue,46,
lightskyblue,42,
lightskyblue,44,
lightskyblue,45,
lightskyblue,46,
lightskyblue,42,
lightskyblue,43,
lightskyblue,45,
lightskyblue,46,
lightskyblue,42,
lightskyblue,43,
lightskyblue,44,
lightskyblue,46,
lightskyblue,42,
lightskyblue,43,
lightskyblue,44,
lightskyblue,45,
lightskyblue,38,
lightskyblue,39,
lightskyblue,40,
lightskyblue,41,
lightskyblue,37,
lightskyblue,39,
lightskyblue,40,
lightskyblue,41,
lightskyblue,37,
lightskyblue,38,
lightskyblue,40,
lightskyblue,41,
lightskyblue,37,
lightskyblue,38,
lightskyblue,39,
lightskyblue,41,
lightskyblue,37,
lightskyblue,38,
lightskyblue,39,
lightskyblue,40,
lightskyblue,71,57,117,120,142,
lightskyblue,71,57,117,122,143,
lightskyblue,71,57,117,124,144,
lightskyblue,71,57,117,126,145,
lightskyblue,71,57,117,128,146,
lightskyblue,71,57,117,130,147,
lightskyblue,71,57,117,48,148,
lightskyblue,79,57,118,119,164,
lightskyblue,79,57,119,122,165,
lightskyblue,79,57,119,124,166,
lightskyblue,79,57,119,126,167,
lightskyblue,79,57,119,128,168,
lightskyblue,79,57,119,130,169,
lightskyblue,79,57,119,48,170,
lightskyblue,87,57,118,121,186,
lightskyblue,87,57,120,121,187,
lightskyblue,87,57,121,124,188,
lightskyblue,87,57,121,126,189,
lightskyblue,87,57,121,128,190,
lightskyblue,87,57,121,130,191,
lightskyblue,87,57,121,48,192,
lightskyblue,93,57,118,123,208,
lightskyblue,93,57,120,123,209,
lightskyblue,93,57,122,123,210,
lightskyblue,93,57,123,126,211,
lightskyblue,93,57,123,128,212,
lightskyblue,93,57,123,130,213,
lightskyblue,93,57,123,48,214,
lightskyblue,99,57,118,125,230,
lightskyblue,99,57,120,125,231,
lightskyblue,99,57,122,125,232,
lightskyblue,99,57,124,125,233,
lightskyblue,99,57,125,128,234,
lightskyblue,99,57,125,130,235,
lightskyblue,99,57,125,48,236,
lightskyblue,105,57,118,127,252,
lightskyblue,105,57,120,127,253,
lightskyblue,105,57,122,127,254,
lightskyblue,105,57,124,127,255,
lightskyblue,105,57,126,127,256,
lightskyblue,105,57,127,130,257,
lightskyblue,105,57,127,48,258,
lightskyblue,111,57,118,129,274,
lightskyblue,111,57,120,129,275,
lightskyblue,111,57,122,129,276,
lightskyblue,111,57,124,129,277,
lightskyblue,111,57,126,129,278,
lightskyblue,111,57,128,129,279,
lightskyblue,111,57,129,48,280,
lightskyblue,72,61,117,120,142,
lightskyblue,72,61,117,122,143,
lightskyblue,72,61,117,124,144,
lightskyblue,72,61,117,126,145,
lightskyblue,72,61,117,128,146,
lightskyblue,72,61,117,130,147,
lightskyblue,72,61,117,52,149,
lightskyblue,80,61,118,119,164,
lightskyblue,80,61,119,122,165,
lightskyblue,80,61,119,124,166,
lightskyblue,80,61,119,126,167,
lightskyblue,80,61,119,128,168,
lightskyblue,80,61,119,130,169,
lightskyblue,80,61,119,52,171,
lightskyblue,88,61,118,121,186,
lightskyblue,88,61,120,121,187,
lightskyblue,88,61,121,124,188,
lightskyblue,88,61,121,126,189,
lightskyblue,88,61,121,128,190,
lightskyblue,88,61,121,130,191,
lightskyblue,88,61,121,52,193,
lightskyblue,94,61,118,123,208,
lightskyblue,94,61,120,123,209,
lightskyblue,94,61,122,123,210,
lightskyblue,94,61,123,126,211,
lightskyblue,94,61,123,128,212,
lightskyblue,94,61,123,130,213,
lightskyblue,94,61,123,52,215,
lightskyblue,100,61,118,125,230,
lightskyblue,100,61,120,125,231,
lightskyblue,100,61,122,125,232,
lightskyblue,100,61,124,125,233,
lightskyblue,100,61,125,128,234,
lightskyblue,100,61,125,130,235,
lightskyblue,100,61,125,52,237,
lightskyblue,106,61,118,127,252,
lightskyblue,106,61,120,127,253,
lightskyblue,106,61,122,127,254,
lightskyblue,106,61,124,127,255,
lightskyblue,106,61,126,127,256,
lightskyblue,106,61,127,130,257,
lightskyblue,106,61,127,52,259,
lightskyblue,112,61,118,129,274,
lightskyblue,112,61,120,129,275,
lightskyblue,112,61,122,129,276,
lightskyblue,112,61,124,129,277,
lightskyblue,112,61,126,129,278,
lightskyblue,112,61,128,129,279,
lightskyblue,112,61,129,52,281,
lightskyblue,73,59,117,120,142,
lightskyblue,73,59,117,122,143,
lightskyblue,73,59,117,124,144,
lightskyblue,73,59,117,126,145,
lightskyblue,73,59,117,128,146,
lightskyblue,73,59,117,130,147,
lightskyblue,73,59,117,50,150,
lightskyblue,81,59,118,119,164,
lightskyblue,81,59,119,122,165,
lightskyblue,81,59,119,124,166,
lightskyblue,81,59,119,126,167,
lightskyblue,81,59,119,128,168,
lightskyblue,81,59,119,130,169,
lightskyblue,81,59,119,50,172,
lightskyblue,89,59,118,121,186,
lightskyblue,89,59,120,121,187,
lightskyblue,89,59,121,124,188,
lightskyblue,89,59,121,126,189,
lightskyblue,89,59,121,128,190,
lightskyblue,89,59,121,130,191,
lightskyblue,89,59,121,50,194,
lightskyblue,95,59,118,123,208,
lightskyblue,95,59,120,123,209,
lightskyblue,95,59,122,123,210,
lightskyblue,95,59,123,126,211,
lightskyblue,95,59,123,128,212,
lightskyblue,95,59,123,130,213,
lightskyblue,95,59,123,50,216,
lightskyblue,101,59,118,125,230,
lightskyblue,101,59,120,125,231,
lightskyblue,101,59,122,125,232,
lightskyblue,101,59,124,125,233,
lightskyblue,101,59,125,128,234,
lightskyblue,101,59,125,130,235,
lightskyblue,101,59,125,50,238,
lightskyblue,107,59,118,127,252,
lightskyblue,107,59,120,127,253,
lightskyblue,107,59,122,127,254,
lightskyblue,107,59,124,127,255,
lightskyblue,107,59,126,127,256,
lightskyblue,107,59,127,130,257,
lightskyblue,107,59,127,50,260,
lightskyblue,113,59,118,129,274,
lightskyblue,113,59,120,129,275,
lightskyblue,113,59,122,129,276,
lightskyblue,113,59,124,129,277,
lightskyblue,113,59,126,129,278,
lightskyblue,113,59,128,129,279,
lightskyblue,113,59,129,50,282,
lightskyblue,74,65,117,120,142,
lightskyblue,74,65,117,122,143,
lightskyblue,74,65,117,124,144,
lightskyblue,74,65,117,126,145,
lightskyblue,74,65,117,128,146,
lightskyblue,74,65,117,130,147,
lightskyblue,74,65,117,54,151,
lightskyblue,82,65,118,119,164,
lightskyblue,82,65,119,122,165,
lightskyblue,82,65,119,124,166,
lightskyblue,82,65,119,126,167,
lightskyblue,82,65,119,128,168,
lightskyblue,82,65,119,130,169,
lightskyblue,82,65,119,54,173,
lightskyblue,90,65,118,121,186,
lightskyblue,90,65,120,121,187,
lightskyblue,90,65,121,124,188,
lightskyblue,90,65,121,126,189,
lightskyblue,90,65,121,128,190,
lightskyblue,90,65,121,130,191,
lightskyblue,90,65,121,54,195,
lightskyblue,96,65,118,123,208,
lightskyblue,96,65,120,123,209,
lightskyblue,96,65,122,123,210,
lightskyblue,96,65,123,126,211,
lightskyblue,96,65,123,128,212,
lightskyblue,96,65,123,130,213,
lightskyblue,96,65,123,54,217,
lightskyblue,102,65,118,125,230,
lightskyblue,102,65,120,125,231,
lightskyblue,102,65,122,125,232,
lightskyblue,102,65,124,125,233,
lightskyblue,102,65,125,128,234,
lightskyblue,102,65,125,130,235,
lightskyblue,102,65,125,54,239,
lightskyblue,108,65,118,127,252,
lightskyblue,108,65,120,127,253,
lightskyblue,108,65,122,127,254,
lightskyblue,108,65,124,127,255,
lightskyblue,108,65,126,127,256,
lightskyblue,108,65,127,130,257,
lightskyblue,108,65,127,54,261,
lightskyblue,114,65,118,129,274,
lightskyblue,114,65,120,129,275,
lightskyblue,114,65,122,129,276,
lightskyblue,114,65,124,129,277,
lightskyblue,114,65,126,129,278,
lightskyblue,114,65,128,129,279,
lightskyblue,114,65,129,54,283,
lightskyblue,75,69,117,120,142,
lightskyblue,75,69,117,122,143,
lightskyblue,75,69,117,124,144,
lightskyblue,75,69,117,126,145,
lightskyblue,75,69,117,128,146,
lightskyblue,75,69,117,130,147,
lightskyblue,75,69,117,56,152,
lightskyblue,83,69,118,119,164,
lightskyblue,83,69,119,122,165,
lightskyblue,83,69,119,124,166,
lightskyblue,83,69,119,126,167,
lightskyblue,83,69,119,128,168,
lightskyblue,83,69,119,130,169,
lightskyblue,83,69,119,56,174,
lightskyblue,91,69,118,121,186,
lightskyblue,91,69,120,121,187,
lightskyblue,91,69,121,124,188,
lightskyblue,91,69,121,126,189,
lightskyblue,91,69,121,128,190,
lightskyblue,91,69,121,130,191,
lightskyblue,91,69,121,56,196,
lightskyblue,97,69,118,123,208,
lightskyblue,97,69,120,123,209,
lightskyblue,97,69,122,123,210,
lightskyblue,97,69,123,126,211,
lightskyblue,97,69,123,128,212,
lightskyblue,97,69,123,130,213,
lightskyblue,97,69,123,56,218,
lightskyblue,103,69,118,125,230,
lightskyblue,103,69,120,125,231,
lightskyblue,103,69,122,125,232,
lightskyblue,103,69,124,125,233,
lightskyblue,103,69,125,128,234,
lightskyblue,103,69,125,130,235,
lightskyblue,103,69,125,56,240,
lightskyblue,109,69,118,127,252,
lightskyblue,109,69,120,127,253,
lightskyblue,109,69,122,127,254,
lightskyblue,109,69,124,127,255,
lightskyblue,109,69,126,127,256,
lightskyblue,109,69,127,130,257,
lightskyblue,109,69,127,56,262,
lightskyblue,115,69,118,129,274,
lightskyblue,115,69,120,129,275,
lightskyblue,115,69,122,129,276,
lightskyblue,115,69,124,129,277,
lightskyblue,115,69,126,129,278,
lightskyblue,115,69,128,129,279,
lightskyblue,115,69,129,56,284,
lightskyblue,74,67,117,120,142,
lightskyblue,74,67,117,122,143,
lightskyblue,74,67,117,124,144,
lightskyblue,74,67,117,126,145,
lightskyblue,74,67,117,128,146,
lightskyblue,74,67,117,130,147,
lightskyblue,74,67,117,54,151,
lightskyblue,82,67,118,119,164,
lightskyblue,82,67,119,122,165,
lightskyblue,82,67,119,124,166,
lightskyblue,82,67,119,126,167,
lightskyblue,82,67,119,128,168,
lightskyblue,82,67,119,130,169,
lightskyblue,82,67,119,54,173,
lightskyblue,90,67,118,121,186,
lightskyblue,90,67,120,121,187,
lightskyblue,90,67,121,124,188,
lightskyblue,90,67,121,126,189,
lightskyblue,90,67,121,128,190,
lightskyblue,90,67,121,130,191,
lightskyblue,90,67,121,54,195,
lightskyblue,96,67,118,123,208,
lightskyblue,96,67,120,123,209,
lightskyblue,96,67,122,123,210,
lightskyblue,96,67,123,126,211,
lightskyblue,96,67,123,128,212,
lightskyblue,96,67,123,130,213,
lightskyblue,96,67,123,54,217,
lightskyblue,102,67,118,125,230,
lightskyblue,102,67,120,125,231,
lightskyblue,102,67,122,125,232,
lightskyblue,102,67,124,125,233,
lightskyblue,102,67,125,128,234,
lightskyblue,102,67,125,130,235,
lightskyblue,102,67,125,54,239,
lightskyblue,108,67,118,127,252,
lightskyblue,108,67,120,127,253,
lightskyblue,108,67,122,127,254,
lightskyblue,108,67,124,127,255,
lightskyblue,108,67,126,127,256,
lightskyblue,108,67,127,130,257,
lightskyblue,108,67,127,54,261,
lightskyblue,114,67,118,129,274,
lightskyblue,114,67,120,129,275,
lightskyblue,114,67,122,129,276,
lightskyblue,114,67,124,129,277,
lightskyblue,114,67,126,129,278,
lightskyblue,114,67,128,129,279,
lightskyblue,114,67,129,54,283,
lightskyblue,75,77,117,120,142,
lightskyblue,75,77,117,122,143,
lightskyblue,75,77,117,124,144,
lightskyblue,75,77,117,126,145,
lightskyblue,75,77,117,128,146,
lightskyblue,75,77,117,130,147,
lightskyblue,75,77,117,56,152,
lightskyblue,83,77,118,119,164,
lightskyblue,83,77,119,122,165,
lightskyblue,83,77,119,124,166,
lightskyblue,83,77,119,126,167,
lightskyblue,83,77,119,128,168,
lightskyblue,83,77,119,130,169,
lightskyblue,83,77,119,56,174,
lightskyblue,91,77,118,121,186,
lightskyblue,91,77,120,121,187,
lightskyblue,91,77,121,124,188,
lightskyblue,91,77,121,126,189,
lightskyblue,91,77,121,128,190,
lightskyblue,91,77,121,130,191,
lightskyblue,91,77,121,56,196,
lightskyblue,97,77,118,123,208,
lightskyblue,97,77,120,123,209,
lightskyblue,97,77,122,123,210,
lightskyblue,97,77,123,126,211,
lightskyblue,97,77,123,128,212,
lightskyblue,97,77,123,130,213,
lightskyblue,97,77,123,56,218,
lightskyblue,103,77,118,125,230,
lightskyblue,103,77,120,125,231,
lightskyblue,103,77,122,125,232,
lightskyblue,103,77,124,125,233,
lightskyblue,103,77,125,128,234,
lightskyblue,103,77,125,130,235,
lightskyblue,103,77,125,56,240,
lightskyblue,109,77,118,127,252,
lightskyblue,109,77,120,127,253,
lightskyblue,109,77,122,127,254,
lightskyblue,109,77,124,127,255,
lightskyblue,109,77,126,127,256,
lightskyblue,109,77,127,130,257,
lightskyblue,109,77,127,56,262,
lightskyblue,115,77,118,129,274,
lightskyblue,115,77,120,129,275,
lightskyblue,115,77,122,129,276,
lightskyblue,115,77,124,129,277,
lightskyblue,115,77,126,129,278,
lightskyblue,115,77,128,129,279,
lightskyblue,115,77,129,56,284,
lightskyblue,72,63,117,120,142,
lightskyblue,72,63,117,122,143,
lightskyblue,72,63,117,124,144,
lightskyblue,72,63,117,126,145,
lightskyblue,72,63,117,128,146,
lightskyblue,72,63,117,130,147,
lightskyblue,72,63,117,52,149,
lightskyblue,80,63,118,119,164,
lightskyblue,80,63,119,122,165,
lightskyblue,80,63,119,124,166,
lightskyblue,80,63,119,126,167,
lightskyblue,80,63,119,128,168,
lightskyblue,80,63,119,130,169,
lightskyblue,80,63,119,52,171,
lightskyblue,88,63,118,121,186,
lightskyblue,88,63,120,121,187,
lightskyblue,88,63,121,124,188,
lightskyblue,88,63,121,126,189,
lightskyblue,88,63,121,128,190,
lightskyblue,88,63,121,130,191,
lightskyblue,88,63,121,52,193,
lightskyblue,94,63,118,123,208,
lightskyblue,94,63,120,123,209,
lightskyblue,94,63,122,123,210,
lightskyblue,94,63,123,126,211,
lightskyblue,94,63,123,128,212,
lightskyblue,94,63,123,130,213,
lightskyblue,94,63,123,52,215,
lightskyblue,100,63,118,125,230,
lightskyblue,100,63,120,125,231,
lightskyblue,100,63,122,125,232,
lightskyblue,100,63,124,125,233,
lightskyblue,100,63,125,128,234,
lightskyblue,100,63,125,130,235,
lightskyblue,100,63,125,52,237,
lightskyblue,106,63,118,127,252,
lightskyblue,106,63,120,127,253,
lightskyblue,106,63,122,127,254,
lightskyblue,106,63,124,127,255,
lightskyblue,106,63,126,127,256,
lightskyblue,106,63,127,130,257,
lightskyblue,106,63,127,52,259,
lightskyblue,112,63,118,129,274,
lightskyblue,112,63,120,129,275,
lightskyblue,112,63,122,129,276,
lightskyblue,112,63,124,129,277,
lightskyblue,112,63,126,129,278,
lightskyblue,112,63,128,129,279,
lightskyblue,112,63,129,52,281,
lightskyblue,75,85,117,120,142,
lightskyblue,75,85,117,122,143,
lightskyblue,75,85,117,124,144,
lightskyblue,75,85,117,126,145,
lightskyblue,75,85,117,128,146,
lightskyblue,75,85,117,130,147,
lightskyblue,75,85,117,56,152,
lightskyblue,83,85,118,119,164,
lightskyblue,83,85,119,122,165,
lightskyblue,83,85,119,124,166,
lightskyblue,83,85,119,126,167,
lightskyblue,83,85,119,128,168,
lightskyblue,83,85,119,130,169,
lightskyblue,83,85,119,56,174,
lightskyblue,91,85,118,121,186,
lightskyblue,91,85,120,121,187,
lightskyblue,91,85,121,124,188,
lightskyblue,91,85,121,126,189,
lightskyblue,91,85,121,128,190,
lightskyblue,91,85,121,130,191,
lightskyblue,91,85,121,56,196,
lightskyblue,97,85,118,123,208,
lightskyblue,97,85,120,123,209,
lightskyblue,97,85,122,123,210,
lightskyblue,97,85,123,126,211,
lightskyblue,97,85,123,128,212,
lightskyblue,97,85,123,130,213,
lightskyblue,97,85,123,56,218,
lightskyblue,103,85,118,125,230,
lightskyblue,103,85,120,125,231,
lightskyblue,103,85,122,125,232,
lightskyblue,103,85,124,125,233,
lightskyblue,103,85,125,128,234,
lightskyblue,103,85,125,130,235,
lightskyblue,103,85,125,56,240,
lightskyblue,109,85,118,127,252,
lightskyblue,109,85,120,127,253,
lightskyblue,109,85,122,127,254,
lightskyblue,109,85,124,127,255,
lightskyblue,109,85,126,127,256,
lightskyblue,109,85,127,130,257,
lightskyblue,109,85,127,56,262,
lightskyblue,115,85,118,129,274,
lightskyblue,115,85,120,129,275,
lightskyblue,115,85,122,129,276,
lightskyblue,115,85,124,129,277,
lightskyblue,115,85,126,129,278,
lightskyblue,115,85,128,129,279,
lightskyblue,115,85,129,56,284,
lightskyblue,76,58,118,119,133,
lightskyblue,76,58,118,121,133,
lightskyblue,76,58,118,123,133,
lightskyblue,76,58,118,125,133,
lightskyblue,76,58,118,127,133,
lightskyblue,76,58,118,129,133,
lightskyblue,76,58,118,47,133,
lightskyblue,76,58,118,51,133,
lightskyblue,76,58,118,49,133,
lightskyblue,76,58,118,53,133,
lightskyblue,76,58,118,55,133,
lightskyblue,84,58,117,120,155,
lightskyblue,84,58,120,121,155,
lightskyblue,84,58,120,123,155,
lightskyblue,84,58,120,125,155,
lightskyblue,84,58,120,127,155,
lightskyblue,84,58,120,129,155,
lightskyblue,84,58,120,47,155,
lightskyblue,84,58,120,51,155,
lightskyblue,84,58,120,49,155,
lightskyblue,84,58,120,53,155,
lightskyblue,84,58,120,55,155,
lightskyblue,92,58,117,122,177,
lightskyblue,92,58,119,122,177,
lightskyblue,92,58,122,123,177,
lightskyblue,92,58,122,125,177,
lightskyblue,92,58,122,127,177,
lightskyblue,92,58,122,129,177,
lightskyblue,92,58,122,47,177,
lightskyblue,92,58,122,51,177,
lightskyblue,92,58,122,49,177,
lightskyblue,92,58,122,53,177,
lightskyblue,92,58,122,55,177,
lightskyblue,98,58,117,124,199,
lightskyblue,98,58,119,124,199,
lightskyblue,98,58,121,124,199,
lightskyblue,98,58,124,125,199,
lightskyblue,98,58,124,127,199,
lightskyblue,98,58,124,129,199,
lightskyblue,98,58,124,47,199,
lightskyblue,98,58,124,51,199,
lightskyblue,98,58,124,49,199,
lightskyblue,98,58,124,53,199,
lightskyblue,98,58,124,55,199,
lightskyblue,104,58,117,126,221,
lightskyblue,104,58,119,126,221,
lightskyblue,104,58,121,126,221,
lightskyblue,104,58,123,126,221,
lightskyblue,104,58,126,127,221,
lightskyblue,104,58,126,129,221,
lightskyblue,104,58,126,47,221,
lightskyblue,104,58,126,51,221,
lightskyblue,104,58,126,49,221,
lightskyblue,104,58,126,53,221,
lightskyblue,104,58,126,55,221,
lightskyblue,110,58,117,128,243,
lightskyblue,110,58,119,128,243,
lightskyblue,110,58,121,128,243,
lightskyblue,110,58,123,128,243,
lightskyblue,110,58,125,128,243,
lightskyblue,110,58,128,129,243,
lightskyblue,110,58,128,47,243,
lightskyblue,110,58,128,51,243,
lightskyblue,110,58,128,49,243,
lightskyblue,110,58,128,53,243,
lightskyblue,110,58,128,55,243,
lightskyblue,116,58,117,130,265,
lightskyblue,116,58,119,130,265,
lightskyblue,116,58,121,130,265,
lightskyblue,116,58,123,130,265,
lightskyblue,116,58,125,130,265,
lightskyblue,116,58,127,130,265,
lightskyblue,116,58,130,47,265,
lightskyblue,116,58,130,51,265,
lightskyblue,116,58,130,49,265,
lightskyblue,116,58,130,53,265,
lightskyblue,116,58,130,55,265,
lightskyblue,76,62,118,119,134,
lightskyblue,76,62,118,121,134,
lightskyblue,76,62,118,123,134,
lightskyblue,76,62,118,125,134,
lightskyblue,76,62,118,127,134,
lightskyblue,76,62,118,129,134,
lightskyblue,76,62,118,47,134,
lightskyblue,76,62,118,51,134,
lightskyblue,76,62,118,49,134,
lightskyblue,76,62,118,53,134,
lightskyblue,76,62,118,55,134,
lightskyblue,84,62,117,120,156,
lightskyblue,84,62,120,121,156,
lightskyblue,84,62,120,123,156,
lightskyblue,84,62,120,125,156,
lightskyblue,84,62,120,127,156,
lightskyblue,84,62,120,129,156,
lightskyblue,84,62,120,47,156,
lightskyblue,84,62,120,51,156,
lightskyblue,84,62,120,49,156,
lightskyblue,84,62,120,53,156,
lightskyblue,84,62,120,55,156,
lightskyblue,92,62,117,122,178,
lightskyblue,92,62,119,122,178,
lightskyblue,92,62,122,123,178,
lightskyblue,92,62,122,125,178,
lightskyblue,92,62,122,127,178,
lightskyblue,92,62,122,129,178,
lightskyblue,92,62,122,47,178,
lightskyblue,92,62,122,51,178,
lightskyblue,92,62,122,49,178,
lightskyblue,92,62,122,53,178,
lightskyblue,92,62,122,55,178,
lightskyblue,98,62,117,124,200,
lightskyblue,98,62,119,124,200,
lightskyblue,98,62,121,124,200,
lightskyblue,98,62,124,125,200,
lightskyblue,98,62,124,127,200,
lightskyblue,98,62,124,129,200,
lightskyblue,98,62,124,47,200,
lightskyblue,98,62,124,51,200,
lightskyblue,98,62,124,49,200,
lightskyblue,98,62,124,53,200,
lightskyblue,98,62,124,55,200,
lightskyblue,104,62,117,126,222,
lightskyblue,104,62,119,126,222,
lightskyblue,104,62,121,126,222,
lightskyblue,104,62,123,126,222,
lightskyblue,104,62,126,127,222,
lightskyblue,104,62,126,129,222,
lightskyblue,104,62,126,47,222,
lightskyblue,104,62,126,51,222,
lightskyblue,104,62,126,49,222,
lightskyblue,104,62,126,53,222,
lightskyblue,104,62,126,55,222,
lightskyblue,110,62,117,128,244,
lightskyblue,110,62,119,128,244,
lightskyblue,110,62,121,128,244,
lightskyblue,110,62,123,128,244,
lightskyblue,110,62,125,128,244,
lightskyblue,110,62,128,129,244,
lightskyblue,110,62,128,47,244,
lightskyblue,110,62,128,51,244,
lightskyblue,110,62,128,49,244,
lightskyblue,110,62,128,53,244,
lightskyblue,110,62,128,55,244,
lightskyblue,116,62,117,130,266,
lightskyblue,116,62,119,130,266,
lightskyblue,116,62,121,130,266,
lightskyblue,116,62,123,130,266,
lightskyblue,116,62,125,130,266,
lightskyblue,116,62,127,130,266,
lightskyblue,116,62,130,47,266,
lightskyblue,116,62,130,51,266,
lightskyblue,116,62,130,49,266,
lightskyblue,116,62,130,53,266,
lightskyblue,116,62,130,55,266,
lightskyblue,76,60,118,119,135,
lightskyblue,76,60,118,121,135,
lightskyblue,76,60,118,123,135,
lightskyblue,76,60,118,125,135,
lightskyblue,76,60,118,127,135,
lightskyblue,76,60,118,129,135,
lightskyblue,76,60,118,47,135,
lightskyblue,76,60,118,51,135,
lightskyblue,76,60,118,49,135,
lightskyblue,76,60,118,53,135,
lightskyblue,76,60,118,55,135,
lightskyblue,84,60,117,120,157,
lightskyblue,84,60,120,121,157,
lightskyblue,84,60,120,123,157,
lightskyblue,84,60,120,125,157,
lightskyblue,84,60,120,127,157,
lightskyblue,84,60,120,129,157,
lightskyblue,84,60,120,47,157,
lightskyblue,84,60,120,51,157,
lightskyblue,84,60,120,49,157,
lightskyblue,84,60,120,53,157,
lightskyblue,84,60,120,55,157,
lightskyblue,92,60,117,122,179,
lightskyblue,92,60,119,122,179,
lightskyblue,92,60,122,123,179,
lightskyblue,92,60,122,125,179,
lightskyblue,92,60,122,127,179,
lightskyblue,92,60,122,129,179,
lightskyblue,92,60,122,47,179,
lightskyblue,92,60,122,51,179,
lightskyblue,92,60,122,49,179,
lightskyblue,92,60,122,53,179,
lightskyblue,92,60,122,55,179,
lightskyblue,98,60,117,124,201,
lightskyblue,98,60,119,124,201,
lightskyblue,98,60,121,124,201,
lightskyblue,98,60,124,125,201,
lightskyblue,98,60,124,127,201,
lightskyblue,98,60,124,129,201,
lightskyblue,98,60,124,47,201,
lightskyblue,98,60,124,51,201,
lightskyblue,98,60,124,49,201,
lightskyblue,98,60,124,53,201,
lightskyblue,98,60,124,55,201,
lightskyblue,104,60,117,126,223,
lightskyblue,104,60,119,126,223,
lightskyblue,104,60,121,126,223,
lightskyblue,104,60,123,126,223,
lightskyblue,104,60,126,127,223,
lightskyblue,104,60,126,129,223,
lightskyblue,104,60,126,47,223,
lightskyblue,104,60,126,51,223,
lightskyblue,104,60,126,49,223,
lightskyblue,104,60,126,53,223,
lightskyblue,104,60,126,55,223,
lightskyblue,110,60,117,128,245,
lightskyblue,110,60,119,128,245,
lightskyblue,110,60,121,128,245,
lightskyblue,110,60,123,128,245,
lightskyblue,110,60,125,128,245,
lightskyblue,110,60,128,129,245,
lightskyblue,110,60,128,47,245,
lightskyblue,110,60,128,51,245,
lightskyblue,110,60,128,49,245,
lightskyblue,110,60,128,53,245,
lightskyblue,110,60,128,55,245,
lightskyblue,116,60,117,130,267,
lightskyblue,116,60,119,130,267,
lightskyblue,116,60,121,130,267,
lightskyblue,116,60,123,130,267,
lightskyblue,116,60,125,130,267,
lightskyblue,116,60,127,130,267,
lightskyblue,116,60,130,47,267,
lightskyblue,116,60,130,51,267,
lightskyblue,116,60,130,49,267,
lightskyblue,116,60,130,53,267,
lightskyblue,116,60,130,55,267,
lightskyblue,76,66,118,119,136,
lightskyblue,76,66,118,121,136,
lightskyblue,76,66,118,123,136,
lightskyblue,76,66,118,125,136,
lightskyblue,76,66,118,127,136,
lightskyblue,76,66,118,129,136,
lightskyblue,76,66,118,47,136,
lightskyblue,76,66,118,51,136,
lightskyblue,76,66,118,49,136,
lightskyblue,76,66,118,53,136,
lightskyblue,76,66,118,55,136,
lightskyblue,84,66,117,120,158,
lightskyblue,84,66,120,121,158,
lightskyblue,84,66,120,123,158,
lightskyblue,84,66,120,125,158,
lightskyblue,84,66,120,127,158,
lightskyblue,84,66,120,129,158,
lightskyblue,84,66,120,47,158,
lightskyblue,84,66,120,51,158,
lightskyblue,84,66,120,49,158,
lightskyblue,84,66,120,53,158,
lightskyblue,84,66,120,55,158,
lightskyblue,92,66,117,122,180,
lightskyblue,92,66,119,122,180,
lightskyblue,92,66,122,123,180,
lightskyblue,92,66,122,125,180,
lightskyblue,92,66,122,127,180,
lightskyblue,92,66,122,129,180,
lightskyblue,92,66,122,47,180,
lightskyblue,92,66,122,51,180,
lightskyblue,92,66,122,49,180,
lightskyblue,92,66,122,53,180,
lightskyblue,92,66,122,55,180,
lightskyblue,98,66,117,124,202,
lightskyblue,98,66,119,124,202,
lightskyblue,98,66,121,124,202,
lightskyblue,98,66,124,125,202,
lightskyblue,98,66,124,127,202,
lightskyblue,98,66,124,129,202,
lightskyblue,98,66,124,47,202,
lightskyblue,98,66,124,51,202,
lightskyblue,98,66,124,49,202,
lightskyblue,98,66,124,53,202,
lightskyblue,98,66,124,55,202,
lightskyblue,104,66,117,126,224,
lightskyblue,104,66,119,126,224,
lightskyblue,104,66,121,126,224,
lightskyblue,104,66,123,126,224,
lightskyblue,104,66,126,127,224,
lightskyblue,104,66,126,129,224,
lightskyblue,104,66,126,47,224,
lightskyblue,104,66,126,51,224,
lightskyblue,104,66,126,49,224,
lightskyblue,104,66,126,53,224,
lightskyblue,104,66,126,55,224,
lightskyblue,110,66,117,128,246,
lightskyblue,110,66,119,128,246,
lightskyblue,110,66,121,128,246,
lightskyblue,110,66,123,128,246,
lightskyblue,110,66,125,128,246,
lightskyblue,110,66,128,129,246,
lightskyblue,110,66,128,47,246,
lightskyblue,110,66,128,51,246,
lightskyblue,110,66,128,49,246,
lightskyblue,110,66,128,53,246,
lightskyblue,110,66,128,55,246,
lightskyblue,116,66,117,130,268,
lightskyblue,116,66,119,130,268,
lightskyblue,116,66,121,130,268,
lightskyblue,116,66,123,130,268,
lightskyblue,116,66,125,130,268,
lightskyblue,116,66,127,130,268,
lightskyblue,116,66,130,47,268,
lightskyblue,116,66,130,51,268,
lightskyblue,116,66,130,49,268,
lightskyblue,116,66,130,53,268,
lightskyblue,116,66,130,55,268,
lightskyblue,76,70,118,119,137,
lightskyblue,76,70,118,121,137,
lightskyblue,76,70,118,123,137,
lightskyblue,76,70,118,125,137,
lightskyblue,76,70,118,127,137,
lightskyblue,76,70,118,129,137,
lightskyblue,76,70,118,47,137,
lightskyblue,76,70,118,51,137,
lightskyblue,76,70,118,49,137,
lightskyblue,76,70,118,53,137,
lightskyblue,76,70,118,55,137,
lightskyblue,84,70,117,120,159,
lightskyblue,84,70,120,121,159,
lightskyblue,84,70,120,123,159,
lightskyblue,84,70,120,125,159,
lightskyblue,84,70,120,127,159,
lightskyblue,84,70,120,129,159,
lightskyblue,84,70,120,47,159,
lightskyblue,84,70,120,51,159,
lightskyblue,84,70,120,49,159,
lightskyblue,84,70,120,53,159,
lightskyblue,84,70,120,55,159,
lightskyblue,92,70,117,122,181,
lightskyblue,92,70,119,122,181,
lightskyblue,92,70,122,123,181,
lightskyblue,92,70,122,125,181,
lightskyblue,92,70,122,127,181,
lightskyblue,92,70,122,129,181,
lightskyblue,92,70,122,47,181,
lightskyblue,92,70,122,51,181,
lightskyblue,92,70,122,49,181,
lightskyblue,92,70,122,53,181,
lightskyblue,92,70,122,55,181,
lightskyblue,98,70,117,124,203,
lightskyblue,98,70,119,124,203,
lightskyblue,98,70,121,124,203,
lightskyblue,98,70,124,125,203,
lightskyblue,98,70,124,127,203,
lightskyblue,98,70,124,129,203,
lightskyblue,98,70,124,47,203,
lightskyblue,98,70,124,51,203,
lightskyblue,98,70,124,49,203,
lightskyblue,98,70,124,53,203,
lightskyblue,98,70,124,55,203,
lightskyblue,104,70,117,126,225,
lightskyblue,104,70,119,126,225,
lightskyblue,104,70,121,126,225,
lightskyblue,104,70,123,126,225,
lightskyblue,104,70,126,127,225,
lightskyblue,104,70,126,129,225,
lightskyblue,104,70,126,47,225,
lightskyblue,104,70,126,51,225,
lightskyblue,104,70,126,49,225,
lightskyblue,104,70,126,53,225,
lightskyblue,104,70,126,55,225,
lightskyblue,110,70,117,128,247,
lightskyblue,110,70,119,128,247,
lightskyblue,110,70,121,128,247,
lightskyblue,110,70,123,128,247,
lightskyblue,110,70,125,128,247,
lightskyblue,110,70,128,129,247,
lightskyblue,110,70,128,47,247,
lightskyblue,110,70,128,51,247,
lightskyblue,110,70,128,49,247,
lightskyblue,110,70,128,53,247,
lightskyblue,110,70,128,55,247,
lightskyblue,116,70,117,130,269,
lightskyblue,116,70,119,130,269,
lightskyblue,116,70,121,130,269,
lightskyblue,116,70,123,130,269,
lightskyblue,116,70,125,130,269,
lightskyblue,116,70,127,130,269,
lightskyblue,116,70,130,47,269,
lightskyblue,116,70,130,51,269,
lightskyblue,116,70,130,49,269,
lightskyblue,116,70,130,53,269,
lightskyblue,116,70,130,55,269,
lightskyblue,76,68,118,119,138,
lightskyblue,76,68,118,121,138,
lightskyblue,76,68,118,123,138,
lightskyblue,76,68,118,125,138,
lightskyblue,76,68,118,127,138,
lightskyblue,76,68,118,129,138,
lightskyblue,76,68,118,47,138,
lightskyblue,76,68,118,51,138,
lightskyblue,76,68,118,49,138,
lightskyblue,76,68,118,53,138,
lightskyblue,76,68,118,55,138,
lightskyblue,84,68,117,120,160,
lightskyblue,84,68,120,121,160,
lightskyblue,84,68,120,123,160,
lightskyblue,84,68,120,125,160,
lightskyblue,84,68,120,127,160,
lightskyblue,84,68,120,129,160,
lightskyblue,84,68,120,47,160,
lightskyblue,84,68,120,51,160,
lightskyblue,84,68,120,49,160,
lightskyblue,84,68,120,53,160,
lightskyblue,84,68,120,55,160,
lightskyblue,92,68,117,122,182,
lightskyblue,92,68,119,122,182,
lightskyblue,92,68,122,123,182,
lightskyblue,92,68,122,125,182,
lightskyblue,92,68,122,127,182,
lightskyblue,92,68,122,129,182,
lightskyblue,92,68,122,47,182,
lightskyblue,92,68,122,51,182,
lightskyblue,92,68,122,49,182,
lightskyblue,92,68,122,53,182,
lightskyblue,92,68,122,55,182,
lightskyblue,98,68,117,124,204,
lightskyblue,98,68,119,124,204,
lightskyblue,98,68,121,124,204,
lightskyblue,98,68,124,125,204,
lightskyblue,98,68,124,127,204,
lightskyblue,98,68,124,129,204,
lightskyblue,98,68,124,47,204,
lightskyblue,98,68,124,51,204,
lightskyblue,98,68,124,49,204,
lightskyblue,98,68,124,53,204,
lightskyblue,98,68,124,55,204,
lightskyblue,104,68,117,126,226,
lightskyblue,104,68,119,126,226,
lightskyblue,104,68,121,126,226,
lightskyblue,104,68,123,126,226,
lightskyblue,104,68,126,127,226,
lightskyblue,104,68,126,129,226,
lightskyblue,104,68,126,47,226,
lightskyblue,104,68,126,51,226,
lightskyblue,104,68,126,49,226,
lightskyblue,104,68,126,53,226,
lightskyblue,104,68,126,55,226,
lightskyblue,110,68,117,128,248,
lightskyblue,110,68,119,128,248,
lightskyblue,110,68,121,128,248,
lightskyblue,110,68,123,128,248,
lightskyblue,110,68,125,128,248,
lightskyblue,110,68,128,129,248,
lightskyblue,110,68,128,47,248,
lightskyblue,110,68,128,51,248,
lightskyblue,110,68,128,49,248,
lightskyblue,110,68,128,53,248,
lightskyblue,110,68,128,55,248,
lightskyblue,116,68,117,130,270,
lightskyblue,116,68,119,130,270,
lightskyblue,116,68,121,130,270,
lightskyblue,116,68,123,130,270,
lightskyblue,116,68,125,130,270,
lightskyblue,116,68,127,130,270,
lightskyblue,116,68,130,47,270,
lightskyblue,116,68,130,51,270,
lightskyblue,116,68,130,49,270,
lightskyblue,116,68,130,53,270,
lightskyblue,116,68,130,55,270,
lightskyblue,76,78,118,119,139,
lightskyblue,76,78,118,121,139,
lightskyblue,76,78,118,123,139,
lightskyblue,76,78,118,125,139,
lightskyblue,76,78,118,127,139,
lightskyblue,76,78,118,129,139,
lightskyblue,76,78,118,47,139,
lightskyblue,76,78,118,51,139,
lightskyblue,76,78,118,49,139,
lightskyblue,76,78,118,53,139,
lightskyblue,76,78,118,55,139,
lightskyblue,84,78,117,120,161,
lightskyblue,84,78,120,121,161,
lightskyblue,84,78,120,123,161,
lightskyblue,84,78,120,125,161,
lightskyblue,84,78,120,127,161,
lightskyblue,84,78,120,129,161,
lightskyblue,84,78,120,47,161,
lightskyblue,84,78,120,51,161,
lightskyblue,84,78,120,49,161,
lightskyblue,84,78,120,53,161,
lightskyblue,84,78,120,55,161,
lightskyblue,92,78,117,122,183,
lightskyblue,92,78,119,122,183,
lightskyblue,92,78,122,123,183,
lightskyblue,92,78,122,125,183,
lightskyblue,92,78,122,127,183,
lightskyblue,92,78,122,129,183,
lightskyblue,92,78,122,47,183,
lightskyblue,92,78,122,51,183,
lightskyblue,92,78,122,49,183,
lightskyblue,92,78,122,53,183,
lightskyblue,92,78,122,55,183,
lightskyblue,98,78,117,124,205,
lightskyblue,98,78,119,124,205,
lightskyblue,98,78,121,124,205,
lightskyblue,98,78,124,125,205,
lightskyblue,98,78,124,127,205,
lightskyblue,98,78,124,129,205,
lightskyblue,98,78,124,47,205,
lightskyblue,98,78,124,51,205,
lightskyblue,98,78,124,49,205,
lightskyblue,98,78,124,53,205,
lightskyblue,98,78,124,55,205,
lightskyblue,104,78,117,126,227,
lightskyblue,104,78,119,126,227,
lightskyblue,104,78,121,126,227,
lightskyblue,104,78,123,126,227,
lightskyblue,104,78,126,127,227,
lightskyblue,104,78,126,129,227,
lightskyblue,104,78,126,47,227,
lightskyblue,104,78,126,51,227,
lightskyblue,104,78,126,49,227,
lightskyblue,104,78,126,53,227,
lightskyblue,104,78,126,55,227,
lightskyblue,110,78,117,128,249,
lightskyblue,110,78,119,128,249,
lightskyblue,110,78,121,128,249,
lightskyblue,110,78,123,128,249,
lightskyblue,110,78,125,128,249,
lightskyblue,110,78,128,129,249,
lightskyblue,110,78,128,47,249,
lightskyblue,110,78,128,51,249,
lightskyblue,110,78,128,49,249,
lightskyblue,110,78,128,53,249,
lightskyblue,110,78,128,55,249,
lightskyblue,116,78,117,130,271,
lightskyblue,116,78,119,130,271,
lightskyblue,116,78,121,130,271,
lightskyblue,116,78,123,130,271,
lightskyblue,116,78,125,130,271,
lightskyblue,116,78,127,130,271,
lightskyblue,116,78,130,47,271,
lightskyblue,116,78,130,51,271,
lightskyblue,116,78,130,49,271,
lightskyblue,116,78,130,53,271,
lightskyblue,116,78,130,55,271,
lightskyblue,76,64,118,119,140,
lightskyblue,76,64,118,121,140,
lightskyblue,76,64,118,123,140,
lightskyblue,76,64,118,125,140,
lightskyblue,76,64,118,127,140,
lightskyblue,76,64,118,129,140,
lightskyblue,76,64,118,47,140,
lightskyblue,76,64,118,51,140,
lightskyblue,76,64,118,49,140,
lightskyblue,76,64,118,53,140,
lightskyblue,76,64,118,55,140,
lightskyblue,84,64,117,120,162,
lightskyblue,84,64,120,121,162,
lightskyblue,84,64,120,123,162,
lightskyblue,84,64,120,125,162,
lightskyblue,84,64,120,127,162,
lightskyblue,84,64,120,129,162,
lightskyblue,84,64,120,47,162,
lightskyblue,84,64,120,51,162,
lightskyblue,84,64,120,49,162,
lightskyblue,84,64,120,53,162,
lightskyblue,84,64,120,55,162,
lightskyblue,92,64,117,122,184,
lightskyblue,92,64,119,122,184,
lightskyblue,92,64,122,123,184,
lightskyblue,92,64,122,125,184,
lightskyblue,92,64,122,127,184,
lightskyblue,92,64,122,129,184,
lightskyblue,92,64,122,47,184,
lightskyblue,92,64,122,51,184,
lightskyblue,92,64,122,49,184,
lightskyblue,92,64,122,53,184,
lightskyblue,92,64,122,55,184,
lightskyblue,98,64,117,124,206,
lightskyblue,98,64,119,124,206,
lightskyblue,98,64,121,124,206,
lightskyblue,98,64,124,125,206,
lightskyblue,98,64,124,127,206,
lightskyblue,98,64,124,129,206,
lightskyblue,98,64,124,47,206,
lightskyblue,98,64,124,51,206,
lightskyblue,98,64,124,49,206,
lightskyblue,98,64,124,53,206,
lightskyblue,98,64,124,55,206,
lightskyblue,104,64,117,126,228,
lightskyblue,104,64,119,126,228,
lightskyblue,104,64,121,126,228,
lightskyblue,104,64,123,126,228,
lightskyblue,104,64,126,127,228,
lightskyblue,104,64,126,129,228,
lightskyblue,104,64,126,47,228,
lightskyblue,104,64,126,51,228,
lightskyblue,104,64,126,49,228,
lightskyblue,104,64,126,53,228,
lightskyblue,104,64,126,55,228,
lightskyblue,110,64,117,128,250,
lightskyblue,110,64,119,128,250,
lightskyblue,110,64,121,128,250,
lightskyblue,110,64,123,128,250,
lightskyblue,110,64,125,128,250,
lightskyblue,110,64,128,129,250,
lightskyblue,110,64,128,47,250,
lightskyblue,110,64,128,51,250,
lightskyblue,110,64,128,49,250,
lightskyblue,110,64,128,53,250,
lightskyblue,110,64,128,55,250,
lightskyblue,116,64,117,130,272,
lightskyblue,116,64,119,130,272,
lightskyblue,116,64,121,130,272,
lightskyblue,116,64,123,130,272,
lightskyblue,116,64,125,130,272,
lightskyblue,116,64,127,130,272,
lightskyblue,116,64,130,47,272,
lightskyblue,116,64,130,51,272,
lightskyblue,116,64,130,49,272,
lightskyblue,116,64,130,53,272,
lightskyblue,116,64,130,55,272,
lightskyblue,76,86,118,119,141,
lightskyblue,76,86,118,121,141,
lightskyblue,76,86,118,123,141,
lightskyblue,76,86,118,125,141,
lightskyblue,76,86,118,127,141,
lightskyblue,76,86,118,129,141,
lightskyblue,76,86,118,47,141,
lightskyblue,76,86,118,51,141,
lightskyblue,76,86,118,49,141,
lightskyblue,76,86,118,53,141,
lightskyblue,76,86,118,55,141,
lightskyblue,84,86,117,120,163,
lightskyblue,84,86,120,121,163,
lightskyblue,84,86,120,123,163,
lightskyblue,84,86,120,125,163,
lightskyblue,84,86,120,127,163,
lightskyblue,84,86,120,129,163,
lightskyblue,84,86,120,47,163,
lightskyblue,84,86,120,51,163,
lightskyblue,84,86,120,49,163,
lightskyblue,84,86,120,53,163,
lightskyblue,84,86,120,55,163,
lightskyblue,92,86,117,122,185,
lightskyblue,92,86,119,122,185,
lightskyblue,92,86,122,123,185,
lightskyblue,92,86,122,125,185,
lightskyblue,92,86,122,127,185,
lightskyblue,92,86,122,129,185,
lightskyblue,92,86,122,47,185,
lightskyblue,92,86,122,51,185,
lightskyblue,92,86,122,49,185,
lightskyblue,92,86,122,53,185,
lightskyblue,92,86,122,55,185,
lightskyblue,98,86,117,124,207,
lightskyblue,98,86,119,124,207,
lightskyblue,98,86,121,124,207,
lightskyblue,98,86,124,125,207,
lightskyblue,98,86,124,127,207,
lightskyblue,98,86,124,129,207,
lightskyblue,98,86,124,47,207,
lightskyblue,98,86,124,51,207,
lightskyblue,98,86,124,49,207,
lightskyblue,98,86,124,53,207,
lightskyblue,98,86,124,55,207,
lightskyblue,104,86,117,126,229,
lightskyblue,104,86,119,126,229,
lightskyblue,104,86,121,126,229,
lightskyblue,104,86,123,126,229,
lightskyblue,104,86,126,127,229,
lightskyblue,104,86,126,129,229,
lightskyblue,104,86,126,47,229,
lightskyblue,104,86,126,51,229,
lightskyblue,104,86,126,49,229,
lightskyblue,104,86,126,53,229,
lightskyblue,104,86,126,55,229,
lightskyblue,110,86,117,128,251,
lightskyblue,110,86,119,128,251,
lightskyblue,110,86,121,128,251,
lightskyblue,110,86,123,128,251,
lightskyblue,110,86,125,128,251,
lightskyblue,110,86,128,129,251,
lightskyblue,110,86,128,47,251,
lightskyblue,110,86,128,51,251,
lightskyblue,110,86,128,49,251,
lightskyblue,110,86,128,53,251,
lightskyblue,110,86,128,55,251,
lightskyblue,116,86,117,130,273,
lightskyblue,116,86,119,130,273,
lightskyblue,116,86,121,130,273,
lightskyblue,116,86,123,130,273,
lightskyblue,116,86,125,130,273,
lightskyblue,116,86,127,130,273,
lightskyblue,116,86,130,47,273,
lightskyblue,116,86,130,51,273,
lightskyblue,116,86,130,49,273,
lightskyblue,116,86,130,53,273,
lightskyblue,116,86,130,55,273,
lightskyblue,57,131,
lightskyblue,57,132,
lightskyblue,57,153,
lightskyblue,57,154,
lightskyblue,57,175,
lightskyblue,57,176,
lightskyblue,57,197,
lightskyblue,57,198,
lightskyblue,57,219,
lightskyblue,57,220,
lightskyblue,57,241,
lightskyblue,57,242,
lightskyblue,57,263,
lightskyblue,57,264,
lightskyblue,61,131,
lightskyblue,61,132,
lightskyblue,61,153,
lightskyblue,61,154,
lightskyblue,61,175,
lightskyblue,61,176,
lightskyblue,61,197,
lightskyblue,61,198,
lightskyblue,61,219,
lightskyblue,61,220,
lightskyblue,61,241,
lightskyblue,61,242,
lightskyblue,61,263,
lightskyblue,61,264,
lightskyblue,59,131,
lightskyblue,59,132,
lightskyblue,59,153,
lightskyblue,59,154,
lightskyblue,59,175,
lightskyblue,59,176,
lightskyblue,59,197,
lightskyblue,59,198,
lightskyblue,59,219,
lightskyblue,59,220,
lightskyblue,59,241,
lightskyblue,59,242,
lightskyblue,59,263,
lightskyblue,59,264,
lightskyblue,65,131,
lightskyblue,65,132,
lightskyblue,65,153,
lightskyblue,65,154,
lightskyblue,65,175,
lightskyblue,65,176,
lightskyblue,65,197,
lightskyblue,65,198,
lightskyblue,65,219,
lightskyblue,65,220,
lightskyblue,65,241,
lightskyblue,65,242,
lightskyblue,65,263,
lightskyblue,65,264,
lightskyblue,69,131,
lightskyblue,69,132,
lightskyblue,69,153,
lightskyblue,69,154,
lightskyblue,69,175,
lightskyblue,69,176,
lightskyblue,69,197,
lightskyblue,69,198,
lightskyblue,69,219,
lightskyblue,69,220,
lightskyblue,69,241,
lightskyblue,69,242,
lightskyblue,69,263,
lightskyblue,69,264,
lightskyblue,67,131,
lightskyblue,67,132,
lightskyblue,67,153,
lightskyblue,67,154,
lightskyblue,67,175,
lightskyblue,67,176,
lightskyblue,67,197,
lightskyblue,67,198,
lightskyblue,67,219,
lightskyblue,67,220,
lightskyblue,67,241,
lightskyblue,67,242,
lightskyblue,67,263,
lightskyblue,67,264,
lightskyblue,77,131,
lightskyblue,77,132,
lightskyblue,77,153,
lightskyblue,77,154,
lightskyblue,77,175,
lightskyblue,77,176,
lightskyblue,77,197,
lightskyblue,77,198,
lightskyblue,77,219,
lightskyblue,77,220,
lightskyblue,77,241,
lightskyblue,77,242,
lightskyblue,77,263,
lightskyblue,77,264,
lightskyblue,63,131,
lightskyblue,63,132,
lightskyblue,63,153,
lightskyblue,63,154,
lightskyblue,63,175,
lightskyblue,63,176,
lightskyblue,63,197,
lightskyblue,63,198,
lightskyblue,63,219,
lightskyblue,63,220,
lightskyblue,63,241,
lightskyblue,63,242,
lightskyblue,63,263,
lightskyblue,63,264,
lightskyblue,85,131,
lightskyblue,85,132,
lightskyblue,85,153,
lightskyblue,85,154,
lightskyblue,85,175,
lightskyblue,85,176,
lightskyblue,85,197,
lightskyblue,85,198,
lightskyblue,85,219,
lightskyblue,85,220,
lightskyblue,85,241,
lightskyblue,85,242,
lightskyblue,85,263,
lightskyblue,85,264,
lightskyblue,58,133,
lightskyblue,58,133,
lightskyblue,58,155,
lightskyblue,58,155,
lightskyblue,58,177,
lightskyblue,58,177,
lightskyblue,58,199,
lightskyblue,58,199,
lightskyblue,58,221,
lightskyblue,58,221,
lightskyblue,58,243,
lightskyblue,58,243,
lightskyblue,58,265,
lightskyblue,58,265,
lightskyblue,62,134,
lightskyblue,62,134,
lightskyblue,62,156,
lightskyblue,62,156,
lightskyblue,62,178,
lightskyblue,62,178,
lightskyblue,62,200,
lightskyblue,62,200,
lightskyblue,62,222,
lightskyblue,62,222,
lightskyblue,62,244,
lightskyblue,62,244,
lightskyblue,62,266,
lightskyblue,62,266,
lightskyblue,60,135,
lightskyblue,60,135,
lightskyblue,60,157,
lightskyblue,60,157,
lightskyblue,60,179,
lightskyblue,60,179,
lightskyblue,60,201,
lightskyblue,60,201,
lightskyblue,60,223,
lightskyblue,60,223,
lightskyblue,60,245,
lightskyblue,60,245,
lightskyblue,60,267,
lightskyblue,60,267,
lightskyblue,66,136,
lightskyblue,66,136,
lightskyblue,66,158,
lightskyblue,66,158,
lightskyblue,66,180,
lightskyblue,66,180,
lightskyblue,66,202,
lightskyblue,66,202,
lightskyblue,66,224,
lightskyblue,66,224,
lightskyblue,66,246,
lightskyblue,66,246,
lightskyblue,66,268,
lightskyblue,66,268,
lightskyblue,70,137,
lightskyblue,70,137,
lightskyblue,70,159,
lightskyblue,70,159,
lightskyblue,70,181,
lightskyblue,70,181,
lightskyblue,70,203,
lightskyblue,70,203,
lightskyblue,70,225,
lightskyblue,70,225,
lightskyblue,70,247,
lightskyblue,70,247,
lightskyblue,70,269,
lightskyblue,70,269,
lightskyblue,68,138,
lightskyblue,68,138,
lightskyblue,68,160,
lightskyblue,68,160,
lightskyblue,68,182,
lightskyblue,68,182,
lightskyblue,68,204,
lightskyblue,68,204,
lightskyblue,68,226,
lightskyblue,68,226,
lightskyblue,68,248,
lightskyblue,68,248,
lightskyblue,68,270,
lightskyblue,68,270,
lightskyblue,78,139,
lightskyblue,78,139,
lightskyblue,78,161,
lightskyblue,78,161,
lightskyblue,78,183,
lightskyblue,78,183,
lightskyblue,78,205,
lightskyblue,78,205,
lightskyblue,78,227,
lightskyblue,78,227,
lightskyblue,78,249,
lightskyblue,78,249,
lightskyblue,78,271,
lightskyblue,78,271,
lightskyblue,64,140,
lightskyblue,64,140,
lightskyblue,64,162,
lightskyblue,64,162,
lightskyblue,64,184,
lightskyblue,64,184,
lightskyblue,64,206,
lightskyblue,64,206,
lightskyblue,64,228,
lightskyblue,64,228,
lightskyblue,64,250,
lightskyblue,64,250,
lightskyblue,64,272,
lightskyblue,64,272,
lightskyblue,86,141,
lightskyblue,86,141,
lightskyblue,86,163,
lightskyblue,86,163,
lightskyblue,86,185,
lightskyblue,86,185,
lightskyblue,86,207,
lightskyblue,86,207,
lightskyblue,86,229,
lightskyblue,86,229,
lightskyblue,86,251,
lightskyblue,86,251,
lightskyblue,86,273,
lightskyblue,86,273,
