green,
green,
green,
green,
green,
green,
green,
green,
green,
green,
green,
green,
green,
green,
green,
green,
green,
green,
green,
green,
green,
green,
green,
green,
green,
green,
green,
green,
green,
green,
green,
green,
green,
green,
green,
green,
green,
green,
green,
green,
green,
gold,0,357,358,359,360,1978,1980,1982,1984,1986,1988,1990,1992,2138,2140,2142,2144,2146,2148,2150,2152,
gold,0,361,362,363,364,1994,1996,1998,2000,2002,2004,2006,2008,2058,2060,2062,2064,2066,2068,2070,2072,2154,2156,2158,2160,2162,2164,2166,2168,2218,2220,2222,2224,2226,2228,2230,2232,
gold,0,365,366,367,368,2010,2012,2014,2016,2018,2020,2022,2024,2074,2076,2078,2080,2082,2084,2086,2088,2170,2172,2174,2176,2178,2180,2182,2184,2234,2236,2238,2240,2242,2244,2246,2248,
gold,0,369,370,371,372,2026,2028,2030,2032,2034,2036,2038,2040,2106,2108,2110,2112,2114,2116,2118,2120,2122,2124,2126,2128,2130,2132,2134,2136,2186,2188,2190,2192,2194,2196,2198,2200,2266,2268,2270,2272,2274,2276,2278,2280,2282,2284,2286,2288,2290,2292,2294,2296,
gold,0,373,374,375,376,2042,2044,2046,2048,2050,2052,2054,2056,2090,2092,2094,2096,2098,2100,2102,2104,2202,2204,2206,2208,2210,2212,2214,2216,2250,2252,2254,2256,2258,2260,2262,2264,
gold,1,337,338,339,340,1977,1979,1981,1983,1985,1987,1989,1991,2137,2139,2141,2143,2145,2147,2149,2151,
gold,1,341,342,343,344,1993,1995,1997,1999,2001,2003,2005,2007,2057,2059,2061,2063,2065,2067,2069,2071,2153,2155,2157,2159,2161,2163,2165,2167,2217,2219,2221,2223,2225,2227,2229,2231,
gold,1,345,346,347,348,2009,2011,2013,2015,2017,2019,2021,2023,2073,2075,2077,2079,2081,2083,2085,2087,2169,2171,2173,2175,2177,2179,2181,2183,2233,2235,2237,2239,2241,2243,2245,2247,
gold,1,349,350,351,352,2025,2027,2029,2031,2033,2035,2037,2039,2105,2107,2109,2111,2113,2115,2117,2119,2121,2123,2125,2127,2129,2131,2133,2135,2185,2187,2189,2191,2193,2195,2197,2199,2265,2267,2269,2271,2273,2275,2277,2279,2281,2283,2285,2287,2289,2291,2293,2295,
gold,1,353,354,355,356,2041,2043,2045,2047,2049,2051,2053,2055,2089,2091,2093,2095,2097,2099,2101,2103,2201,2203,2205,2207,2209,2211,2213,2215,2249,2251,2253,2255,2257,2259,2261,2263,
gold,2,384,392,400,408,416,424,432,440,
gold,2,
gold,3,448,456,464,472,480,488,496,504,704,712,720,728,736,744,752,760,
gold,3,
gold,4,512,520,528,536,544,552,560,568,768,776,784,792,800,808,816,824,
gold,4,
gold,5,640,648,656,664,672,680,688,696,832,840,848,856,864,872,880,888,
gold,5,
gold,6,576,584,592,600,608,616,624,632,896,904,912,920,928,936,944,952,960,968,976,984,992,1000,1008,1016,
gold,6,
gold,7,1017,1018,1019,1020,1021,1022,1023,1024,1025,1026,1027,1028,1029,1030,1031,1032,1033,1034,1035,1036,1037,1038,1039,1040,1041,1042,1043,1044,1045,1046,1047,1048,1049,1050,1051,1052,1053,1054,1055,1056,1057,1058,1059,1060,1061,1062,1063,1064,1065,1066,1067,1068,1069,1070,1071,1072,1073,1074,1075,1076,1077,1078,1079,1080,1081,1082,1083,1084,1085,1086,1087,1088,1089,1090,1091,1092,1093,1094,1095,1096,1097,1098,1099,1100,1101,1102,1103,1104,1105,1106,1107,1108,1109,1110,1111,1112,2137,2138,2139,2140,2141,2142,2143,2144,2145,2146,2147,2148,2149,2150,2151,2152,
gold,7,
gold,8,1113,1114,1115,1116,1117,1118,1119,1120,1121,1122,1123,1124,1125,1126,1127,1128,1129,1130,1131,1132,1133,1134,1135,1136,1137,1138,1139,1140,1141,1142,1143,1144,1145,1146,1147,1148,1149,1150,1151,1152,1153,1154,1155,1156,1157,1158,1159,1160,1161,1162,1163,1164,1165,1166,1167,1168,1169,1170,1171,1172,1173,1174,1175,1176,1177,1178,1179,1180,1181,1182,1183,1184,1185,1186,1187,1188,1189,1190,1191,1192,1193,1194,1195,1196,1197,1198,1199,1200,1201,1202,1203,1204,1205,1206,1207,1208,2153,2154,2155,2156,2157,2158,2159,2160,2161,2162,2163,2164,2165,2166,2167,2168,
gold,8,
gold,9,2137,2153,2169,2185,2201,2217,2233,2249,2265,2281,
gold,9,2138,2154,2170,2186,2202,2218,2234,2250,2266,2282,
gold,9,377,378,379,380,381,382,383,384,1977,1978,
gold,9,441,442,443,444,445,446,447,448,1993,1994,
gold,9,505,506,507,508,509,510,511,512,2009,2010,
gold,9,569,570,571,572,573,574,575,576,2025,2026,
gold,9,633,634,635,636,637,638,639,640,2041,2042,
gold,9,697,698,699,700,701,702,703,704,2057,2058,
gold,9,761,762,763,764,765,766,767,768,2073,2074,
gold,9,825,826,827,828,829,830,831,832,2089,2090,
gold,9,889,890,891,892,893,894,895,896,2105,2106,
gold,9,953,954,955,956,957,958,959,960,2121,2122,
gold,9,1017,1113,1209,1305,1401,1497,1593,1689,1785,1881,
gold,9,1018,1114,1210,1306,1402,1498,1594,1690,1786,1882,
gold,9,1019,1115,1211,1307,1403,1499,1595,1691,1787,1883,
gold,9,1020,1116,1212,1308,1404,1500,1596,1692,1788,1884,
gold,9,1021,1117,1213,1309,1405,1501,1597,1693,1789,1885,
gold,9,1022,1118,1214,1310,1406,1502,1598,1694,1790,1886,
gold,9,1023,1119,1215,1311,1407,1503,1599,1695,1791,1887,
gold,9,1024,1120,1216,1312,1408,1504,1600,1696,1792,1888,
gold,9,1025,1121,1217,1313,1409,1505,1601,1697,1793,1889,
gold,9,1026,1122,1218,1314,1410,1506,1602,1698,1794,1890,
gold,9,1027,1123,1219,1315,1411,1507,1603,1699,1795,1891,
gold,9,1028,1124,1220,1316,1412,1508,1604,1700,1796,1892,
gold,10,385,393,401,409,417,425,433,1017,1018,1019,1020,1021,1022,1023,1024,1025,1026,1027,1028,
gold,10,449,457,465,473,481,489,497,705,713,721,729,737,745,753,1113,1114,1115,1116,1117,1118,1119,1120,1121,1122,1123,1124,1497,1498,1499,1500,1501,1502,1503,1504,1505,1506,1507,1508,
gold,10,513,521,529,537,545,553,561,769,777,785,793,801,809,817,1209,1210,1211,1212,1213,1214,1215,1216,1217,1218,1219,1220,1593,1594,1595,1596,1597,1598,1599,1600,1601,1602,1603,1604,
gold,10,577,585,593,601,609,617,625,897,905,913,921,929,937,945,961,969,977,985,993,1001,1009,1305,1306,1307,1308,1309,1310,1311,1312,1313,1314,1315,1316,1785,1786,1787,1788,1789,1790,1791,1792,1793,1794,1795,1796,1881,1882,1883,1884,1885,1886,1887,1888,1889,1890,1891,1892,
gold,10,641,649,657,665,673,681,689,833,841,849,857,865,873,881,1401,1402,1403,1404,1405,1406,1407,1408,1409,1410,1411,1412,1689,1690,1691,1692,1693,1694,1695,1696,1697,1698,1699,1700,
gold,10,
gold,11,1209,1210,1211,1212,1213,1214,1215,1216,1217,1218,1219,1220,1221,1222,1223,1224,1225,1226,1227,1228,1229,1230,1231,1232,1233,1234,1235,1236,1237,1238,1239,1240,1241,1242,1243,1244,1245,1246,1247,1248,1249,1250,1251,1252,1253,1254,1255,1256,1257,1258,1259,1260,1261,1262,1263,1264,1265,1266,1267,1268,1269,1270,1271,1272,1273,1274,1275,1276,1277,1278,1279,1280,1281,1282,1283,1284,1285,1286,1287,1288,1289,1290,1291,1292,1293,1294,1295,1296,1297,1298,1299,1300,1301,1302,1303,1304,2169,2170,2171,2172,2173,2174,2175,2176,2177,2178,2179,2180,2181,2182,2183,2184,
gold,11,
gold,12,1305,1306,1307,1308,1309,1310,1311,1312,1313,1314,1315,1316,1317,1318,1319,1320,1321,1322,1323,1324,1325,1326,1327,1328,1329,1330,1331,1332,1333,1334,1335,1336,1337,1338,1339,1340,1341,1342,1343,1344,1345,1346,1347,1348,1349,1350,1351,1352,1353,1354,1355,1356,1357,1358,1359,1360,1361,1362,1363,1364,1365,1366,1367,1368,1369,1370,1371,1372,1373,1374,1375,1376,1377,1378,1379,1380,1381,1382,1383,1384,1385,1386,1387,1388,1389,1390,1391,1392,1393,1394,1395,1396,1397,1398,1399,1400,2185,2186,2187,2188,2189,2190,2191,2192,2193,2194,2195,2196,2197,2198,2199,2200,
gold,12,
gold,13,1401,1402,1403,1404,1405,1406,1407,1408,1409,1410,1411,1412,1413,1414,1415,1416,1417,1418,1419,1420,1421,1422,1423,1424,1425,1426,1427,1428,1429,1430,1431,1432,1433,1434,1435,1436,1437,1438,1439,1440,1441,1442,1443,1444,1445,1446,1447,1448,1449,1450,1451,1452,1453,1454,1455,1456,1457,1458,1459,1460,1461,1462,1463,1464,1465,1466,1467,1468,1469,1470,1471,1472,1473,1474,1475,1476,1477,1478,1479,1480,1481,1482,1483,1484,1485,1486,1487,1488,1489,1490,1491,1492,1493,1494,1495,1496,2201,2202,2203,2204,2205,2206,2207,2208,2209,2210,2211,2212,2213,2214,2215,2216,
gold,13,
gold,14,2143,2159,2175,2191,2207,2223,2239,2255,2271,2287,
gold,14,2144,2160,2176,2192,2208,2224,2240,2256,2272,2288,
gold,14,401,402,403,404,405,406,407,408,1983,1984,
gold,14,465,466,467,468,469,470,471,472,1999,2000,
gold,14,529,530,531,532,533,534,535,536,2015,2016,
gold,14,593,594,595,596,597,598,599,600,2031,2032,
gold,14,657,658,659,660,661,662,663,664,2047,2048,
gold,14,721,722,723,724,725,726,727,728,2063,2064,
gold,14,785,786,787,788,789,790,791,792,2079,2080,
gold,14,849,850,851,852,853,854,855,856,2095,2096,
gold,14,913,914,915,916,917,918,919,920,2111,2112,
gold,14,977,978,979,980,981,982,983,984,2127,2128,
gold,14,1053,1149,1245,1341,1437,1533,1629,1725,1821,1917,
gold,14,1054,1150,1246,1342,1438,1534,1630,1726,1822,1918,
gold,14,1055,1151,1247,1343,1439,1535,1631,1727,1823,1919,
gold,14,1056,1152,1248,1344,1440,1536,1632,1728,1824,1920,
gold,14,1057,1153,1249,1345,1441,1537,1633,1729,1825,1921,
gold,14,1058,1154,1250,1346,1442,1538,1634,1730,1826,1922,
gold,14,1059,1155,1251,1347,1443,1539,1635,1731,1827,1923,
gold,14,1060,1156,1252,1348,1444,1540,1636,1732,1828,1924,
gold,14,1061,1157,1253,1349,1445,1541,1637,1733,1829,1925,
gold,14,1062,1158,1254,1350,1446,1542,1638,1734,1830,1926,
gold,14,1063,1159,1255,1351,1447,1543,1639,1735,1831,1927,
gold,14,1064,1160,1256,1352,1448,1544,1640,1736,1832,1928,
gold,15,379,387,395,412,420,428,436,1053,1054,1055,1056,1057,1058,1059,1060,1061,1062,1063,1064,
gold,15,443,451,459,476,484,492,500,699,707,715,732,740,748,756,1149,1150,1151,1152,1153,1154,1155,1156,1157,1158,1159,1160,1533,1534,1535,1536,1537,1538,1539,1540,1541,1542,1543,1544,
gold,15,507,515,523,540,548,556,564,763,771,779,796,804,812,820,1245,1246,1247,1248,1249,1250,1251,1252,1253,1254,1255,1256,1629,1630,1631,1632,1633,1634,1635,1636,1637,1638,1639,1640,
gold,15,571,579,587,604,612,620,628,891,899,907,924,932,940,948,955,963,971,988,996,1004,1012,1341,1342,1343,1344,1345,1346,1347,1348,1349,1350,1351,1352,1821,1822,1823,1824,1825,1826,1827,1828,1829,1830,1831,1832,1917,1918,1919,1920,1921,1922,1923,1924,1925,1926,1927,1928,
gold,15,635,643,651,668,676,684,692,827,835,843,860,868,876,884,1437,1438,1439,1440,1441,1442,1443,1444,1445,1446,1447,1448,1725,1726,1727,1728,1729,1730,1731,1732,1733,1734,1735,1736,
gold,15,
gold,16,1497,1498,1499,1500,1501,1502,1503,1504,1505,1506,1507,1508,1509,1510,1511,1512,1513,1514,1515,1516,1517,1518,1519,1520,1521,1522,1523,1524,1525,1526,1527,1528,1529,1530,1531,1532,1533,1534,1535,1536,1537,1538,1539,1540,1541,1542,1543,1544,1545,1546,1547,1548,1549,1550,1551,1552,1553,1554,1555,1556,1557,1558,1559,1560,1561,1562,1563,1564,1565,1566,1567,1568,1569,1570,1571,1572,1573,1574,1575,1576,1577,1578,1579,1580,1581,1582,1583,1584,1585,1586,1587,1588,1589,1590,1591,1592,2217,2218,2219,2220,2221,2222,2223,2224,2225,2226,2227,2228,2229,2230,2231,2232,
gold,16,
gold,17,1593,1594,1595,1596,1597,1598,1599,1600,1601,1602,1603,1604,1605,1606,1607,1608,1609,1610,1611,1612,1613,1614,1615,1616,1617,1618,1619,1620,1621,1622,1623,1624,1625,1626,1627,1628,1629,1630,1631,1632,1633,1634,1635,1636,1637,1638,1639,1640,1641,1642,1643,1644,1645,1646,1647,1648,1649,1650,1651,1652,1653,1654,1655,1656,1657,1658,1659,1660,1661,1662,1663,1664,1665,1666,1667,1668,1669,1670,1671,1672,1673,1674,1675,1676,1677,1678,1679,1680,1681,1682,1683,1684,1685,1686,1687,1688,2233,2234,2235,2236,2237,2238,2239,2240,2241,2242,2243,2244,2245,2246,2247,2248,
gold,17,
gold,18,2149,2165,2181,2197,2213,2229,2245,2261,2277,2293,
gold,18,2150,2166,2182,2198,2214,2230,2246,2262,2278,2294,
gold,18,425,426,427,428,429,430,431,432,1989,1990,
gold,18,489,490,491,492,493,494,495,496,2005,2006,
gold,18,553,554,555,556,557,558,559,560,2021,2022,
gold,18,617,618,619,620,621,622,623,624,2037,2038,
gold,18,681,682,683,684,685,686,687,688,2053,2054,
gold,18,745,746,747,748,749,750,751,752,2069,2070,
gold,18,809,810,811,812,813,814,815,816,2085,2086,
gold,18,873,874,875,876,877,878,879,880,2101,2102,
gold,18,937,938,939,940,941,942,943,944,2117,2118,
gold,18,1001,1002,1003,1004,1005,1006,1007,1008,2133,2134,
gold,18,1089,1185,1281,1377,1473,1569,1665,1761,1857,1953,
gold,18,1090,1186,1282,1378,1474,1570,1666,1762,1858,1954,
gold,18,1091,1187,1283,1379,1475,1571,1667,1763,1859,1955,
gold,18,1092,1188,1284,1380,1476,1572,1668,1764,1860,1956,
gold,18,1093,1189,1285,1381,1477,1573,1669,1765,1861,1957,
gold,18,1094,1190,1286,1382,1478,1574,1670,1766,1862,1958,
gold,18,1095,1191,1287,1383,1479,1575,1671,1767,1863,1959,
gold,18,1096,1192,1288,1384,1480,1576,1672,1768,1864,1960,
gold,18,1097,1193,1289,1385,1481,1577,1673,1769,1865,1961,
gold,18,1098,1194,1290,1386,1482,1578,1674,1770,1866,1962,
gold,18,1099,1195,1291,1387,1483,1579,1675,1771,1867,1963,
gold,18,1100,1196,1292,1388,1484,1580,1676,1772,1868,1964,
gold,19,382,390,398,406,414,422,439,1089,1090,1091,1092,1093,1094,1095,1096,1097,1098,1099,1100,
gold,19,446,454,462,470,478,486,503,702,710,718,726,734,742,759,1185,1186,1187,1188,1189,1190,1191,1192,1193,1194,1195,1196,1569,1570,1571,1572,1573,1574,1575,1576,1577,1578,1579,1580,
gold,19,510,518,526,534,542,550,567,766,774,782,790,798,806,823,1281,1282,1283,1284,1285,1286,1287,1288,1289,1290,1291,1292,1665,1666,1667,1668,1669,1670,1671,1672,1673,1674,1675,1676,
gold,19,574,582,590,598,606,614,631,894,902,910,918,926,934,951,958,966,974,982,990,998,1015,1377,1378,1379,1380,1381,1382,1383,1384,1385,1386,1387,1388,1857,1858,1859,1860,1861,1862,1863,1864,1865,1866,1867,1868,1953,1954,1955,1956,1957,1958,1959,1960,1961,1962,1963,1964,
gold,19,638,646,654,662,670,678,695,830,838,846,854,862,870,887,1473,1474,1475,1476,1477,1478,1479,1480,1481,1482,1483,1484,1761,1762,1763,1764,1765,1766,1767,1768,1769,1770,1771,1772,
gold,19,
gold,20,1689,1690,1691,1692,1693,1694,1695,1696,1697,1698,1699,1700,1701,1702,1703,1704,1705,1706,1707,1708,1709,1710,1711,1712,1713,1714,1715,1716,1717,1718,1719,1720,1721,1722,1723,1724,1725,1726,1727,1728,1729,1730,1731,1732,1733,1734,1735,1736,1737,1738,1739,1740,1741,1742,1743,1744,1745,1746,1747,1748,1749,1750,1751,1752,1753,1754,1755,1756,1757,1758,1759,1760,1761,1762,1763,1764,1765,1766,1767,1768,1769,1770,1771,1772,1773,1774,1775,1776,1777,1778,1779,1780,1781,1782,1783,1784,2249,2250,2251,2252,2253,2254,2255,2256,2257,2258,2259,2260,2261,2262,2263,2264,
gold,20,
gold,21,1785,1786,1787,1788,1789,1790,1791,1792,1793,1794,1795,1796,1797,1798,1799,1800,1801,1802,1803,1804,1805,1806,1807,1808,1809,1810,1811,1812,1813,1814,1815,1816,1817,1818,1819,1820,1821,1822,1823,1824,1825,1826,1827,1828,1829,1830,1831,1832,1833,1834,1835,1836,1837,1838,1839,1840,1841,1842,1843,1844,1845,1846,1847,1848,1849,1850,1851,1852,1853,1854,1855,1856,1857,1858,1859,1860,1861,1862,1863,1864,1865,1866,1867,1868,1869,1870,1871,1872,1873,1874,1875,1876,1877,1878,1879,1880,2265,2266,2267,2268,2269,2270,2271,2272,2273,2274,2275,2276,2277,2278,2279,2280,
gold,21,
gold,22,385,393,401,409,417,425,433,449,457,465,473,481,489,497,513,521,529,537,545,553,561,577,585,593,601,609,617,625,641,649,657,665,673,681,689,705,713,721,729,737,745,753,769,777,785,793,801,809,817,833,841,849,857,865,873,881,897,905,913,921,929,937,945,961,969,977,985,993,1001,1009,1017,1018,1019,1020,1021,1022,1023,1024,1025,1026,1027,1028,1113,1114,1115,1116,1117,1118,1119,1120,1121,1122,1123,1124,1209,1210,1211,1212,1213,1214,1215,1216,1217,1218,1219,1220,1305,1306,1307,1308,1309,1310,1311,1312,1313,1314,1315,1316,1401,1402,1403,1404,1405,1406,1407,1408,1409,1410,1411,1412,1497,1498,1499,1500,1501,1502,1503,1504,1505,1506,1507,1508,1593,1594,1595,1596,1597,1598,1599,1600,1601,1602,1603,1604,1689,1690,1691,1692,1693,1694,1695,1696,1697,1698,1699,1700,1785,1786,1787,1788,1789,1790,1791,1792,1793,1794,1795,1796,1881,1882,1883,1884,1885,1886,1887,1888,1889,1890,1891,1892,
gold,22,
gold,23,379,387,395,412,420,428,436,443,451,459,476,484,492,500,507,515,523,540,548,556,564,571,579,587,604,612,620,628,635,643,651,668,676,684,692,699,707,715,732,740,748,756,763,771,779,796,804,812,820,827,835,843,860,868,876,884,891,899,907,924,932,940,948,955,963,971,988,996,1004,1012,1053,1054,1055,1056,1057,1058,1059,1060,1061,1062,1063,1064,1149,1150,1151,1152,1153,1154,1155,1156,1157,1158,1159,1160,1245,1246,1247,1248,1249,1250,1251,1252,1253,1254,1255,1256,1341,1342,1343,1344,1345,1346,1347,1348,1349,1350,1351,1352,1437,1438,1439,1440,1441,1442,1443,1444,1445,1446,1447,1448,1533,1534,1535,1536,1537,1538,1539,1540,1541,1542,1543,1544,1629,1630,1631,1632,1633,1634,1635,1636,1637,1638,1639,1640,1725,1726,1727,1728,1729,1730,1731,1732,1733,1734,1735,1736,1821,1822,1823,1824,1825,1826,1827,1828,1829,1830,1831,1832,1917,1918,1919,1920,1921,1922,1923,1924,1925,1926,1927,1928,
gold,23,
gold,24,382,390,398,406,414,422,439,446,454,462,470,478,486,503,510,518,526,534,542,550,567,574,582,590,598,606,614,631,638,646,654,662,670,678,695,702,710,718,726,734,742,759,766,774,782,790,798,806,823,830,838,846,854,862,870,887,894,902,910,918,926,934,951,958,966,974,982,990,998,1015,1089,1090,1091,1092,1093,1094,1095,1096,1097,1098,1099,1100,1185,1186,1187,1188,1189,1190,1191,1192,1193,1194,1195,1196,1281,1282,1283,1284,1285,1286,1287,1288,1289,1290,1291,1292,1377,1378,1379,1380,1381,1382,1383,1384,1385,1386,1387,1388,1473,1474,1475,1476,1477,1478,1479,1480,1481,1482,1483,1484,1569,1570,1571,1572,1573,1574,1575,1576,1577,1578,1579,1580,1665,1666,1667,1668,1669,1670,1671,1672,1673,1674,1675,1676,1761,1762,1763,1764,1765,1766,1767,1768,1769,1770,1771,1772,1857,1858,1859,1860,1861,1862,1863,1864,1865,1866,1867,1868,1953,1954,1955,1956,1957,1958,1959,1960,1961,1962,1963,1964,
gold,24,
gold,25,1881,1882,1883,1884,1885,1886,1887,1888,1889,1890,1891,1892,1893,1894,1895,1896,1897,1898,1899,1900,1901,1902,1903,1904,1905,1906,1907,1908,1909,1910,1911,1912,1913,1914,1915,1916,1917,1918,1919,1920,1921,1922,1923,1924,1925,1926,1927,1928,1929,1930,1931,1932,1933,1934,1935,1936,1937,1938,1939,1940,1941,1942,1943,1944,1945,1946,1947,1948,1949,1950,1951,1952,1953,1954,1955,1956,1957,1958,1959,1960,1961,1962,1963,1964,1965,1966,1967,1968,1969,1970,1971,1972,1973,1974,1975,1976,2281,2282,2283,2284,2285,2286,2287,2288,2289,2290,2291,2292,2293,2294,2295,2296,
gold,25,
gold,26,377,394,402,410,418,426,434,1029,1030,1031,1032,1033,1034,1035,1036,1037,1038,1039,1040,
gold,26,441,458,466,474,482,490,498,697,714,722,730,738,746,754,1125,1126,1127,1128,1129,1130,1131,1132,1133,1134,1135,1136,1509,1510,1511,1512,1513,1514,1515,1516,1517,1518,1519,1520,
gold,26,505,522,530,538,546,554,562,761,778,786,794,802,810,818,1221,1222,1223,1224,1225,1226,1227,1228,1229,1230,1231,1232,1605,1606,1607,1608,1609,1610,1611,1612,1613,1614,1615,1616,
gold,26,569,586,594,602,610,618,626,889,906,914,922,930,938,946,953,970,978,986,994,1002,1010,1317,1318,1319,1320,1321,1322,1323,1324,1325,1326,1327,1328,1797,1798,1799,1800,1801,1802,1803,1804,1805,1806,1807,1808,1893,1894,1895,1896,1897,1898,1899,1900,1901,1902,1903,1904,
gold,26,633,650,658,666,674,682,690,825,842,850,858,866,874,882,1413,1414,1415,1416,1417,1418,1419,1420,1421,1422,1423,1424,1701,1702,1703,1704,1705,1706,1707,1708,1709,1710,1711,1712,
gold,26,
gold,27,378,386,403,411,419,427,435,1041,1042,1043,1044,1045,1046,1047,1048,1049,1050,1051,1052,
gold,27,442,450,467,475,483,491,499,698,706,723,731,739,747,755,1137,1138,1139,1140,1141,1142,1143,1144,1145,1146,1147,1148,1521,1522,1523,1524,1525,1526,1527,1528,1529,1530,1531,1532,
gold,27,506,514,531,539,547,555,563,762,770,787,795,803,811,819,1233,1234,1235,1236,1237,1238,1239,1240,1241,1242,1243,1244,1617,1618,1619,1620,1621,1622,1623,1624,1625,1626,1627,1628,
gold,27,570,578,595,603,611,619,627,890,898,915,923,931,939,947,954,962,979,987,995,1003,1011,1329,1330,1331,1332,1333,1334,1335,1336,1337,1338,1339,1340,1809,1810,1811,1812,1813,1814,1815,1816,1817,1818,1819,1820,1905,1906,1907,1908,1909,1910,1911,1912,1913,1914,1915,1916,
gold,27,634,642,659,667,675,683,691,826,834,851,859,867,875,883,1425,1426,1427,1428,1429,1430,1431,1432,1433,1434,1435,1436,1713,1714,1715,1716,1717,1718,1719,1720,1721,1722,1723,1724,
gold,27,
gold,28,380,388,396,404,421,429,437,1065,1066,1067,1068,1069,1070,1071,1072,1073,1074,1075,1076,
gold,28,444,452,460,468,485,493,501,700,708,716,724,741,749,757,1161,1162,1163,1164,1165,1166,1167,1168,1169,1170,1171,1172,1545,1546,1547,1548,1549,1550,1551,1552,1553,1554,1555,1556,
gold,28,508,516,524,532,549,557,565,764,772,780,788,805,813,821,1257,1258,1259,1260,1261,1262,1263,1264,1265,1266,1267,1268,1641,1642,1643,1644,1645,1646,1647,1648,1649,1650,1651,1652,
gold,28,572,580,588,596,613,621,629,892,900,908,916,933,941,949,956,964,972,980,997,1005,1013,1353,1354,1355,1356,1357,1358,1359,1360,1361,1362,1363,1364,1833,1834,1835,1836,1837,1838,1839,1840,1841,1842,1843,1844,1929,1930,1931,1932,1933,1934,1935,1936,1937,1938,1939,1940,
gold,28,636,644,652,660,677,685,693,828,836,844,852,869,877,885,1449,1450,1451,1452,1453,1454,1455,1456,1457,1458,1459,1460,1737,1738,1739,1740,1741,1742,1743,1744,1745,1746,1747,1748,
gold,28,
gold,29,381,389,397,405,413,430,438,1077,1078,1079,1080,1081,1082,1083,1084,1085,1086,1087,1088,
gold,29,445,453,461,469,477,494,502,701,709,717,725,733,750,758,1173,1174,1175,1176,1177,1178,1179,1180,1181,1182,1183,1184,1557,1558,1559,1560,1561,1562,1563,1564,1565,1566,1567,1568,
gold,29,509,517,525,533,541,558,566,765,773,781,789,797,814,822,1269,1270,1271,1272,1273,1274,1275,1276,1277,1278,1279,1280,1653,1654,1655,1656,1657,1658,1659,1660,1661,1662,1663,1664,
gold,29,573,581,589,597,605,622,630,893,901,909,917,925,942,950,957,965,973,981,989,1006,1014,1365,1366,1367,1368,1369,1370,1371,1372,1373,1374,1375,1376,1845,1846,1847,1848,1849,1850,1851,1852,1853,1854,1855,1856,1941,1942,1943,1944,1945,1946,1947,1948,1949,1950,1951,1952,
gold,29,637,645,653,661,669,686,694,829,837,845,853,861,878,886,1461,1462,1463,1464,1465,1466,1467,1468,1469,1470,1471,1472,1749,1750,1751,1752,1753,1754,1755,1756,1757,1758,1759,1760,
gold,29,
gold,30,383,391,399,407,415,423,431,1101,1102,1103,1104,1105,1106,1107,1108,1109,1110,1111,1112,
gold,30,447,455,463,471,479,487,495,703,711,719,727,735,743,751,1197,1198,1199,1200,1201,1202,1203,1204,1205,1206,1207,1208,1581,1582,1583,1584,1585,1586,1587,1588,1589,1590,1591,1592,
gold,30,511,519,527,535,543,551,559,767,775,783,791,799,807,815,1293,1294,1295,1296,1297,1298,1299,1300,1301,1302,1303,1304,1677,1678,1679,1680,1681,1682,1683,1684,1685,1686,1687,1688,
gold,30,575,583,591,599,607,615,623,895,903,911,919,927,935,943,959,967,975,983,991,999,1007,1389,1390,1391,1392,1393,1394,1395,1396,1397,1398,1399,1400,1869,1870,1871,1872,1873,1874,1875,1876,1877,1878,1879,1880,1965,1966,1967,1968,1969,1970,1971,1972,1973,1974,1975,1976,
gold,30,639,647,655,663,671,679,687,831,839,847,855,863,871,879,1485,1486,1487,1488,1489,1490,1491,1492,1493,1494,1495,1496,1773,1774,1775,1776,1777,1778,1779,1780,1781,1782,1783,1784,
gold,30,
gold,31,377,394,402,410,418,426,434,441,458,466,474,482,490,498,505,522,530,538,546,554,562,569,586,594,602,610,618,626,633,650,658,666,674,682,690,697,714,722,730,738,746,754,761,778,786,794,802,810,818,825,842,850,858,866,874,882,889,906,914,922,930,938,946,953,970,978,986,994,1002,1010,1029,1030,1031,1032,1033,1034,1035,1036,1037,1038,1039,1040,1125,1126,1127,1128,1129,1130,1131,1132,1133,1134,1135,1136,1221,1222,1223,1224,1225,1226,1227,1228,1229,1230,1231,1232,1317,1318,1319,1320,1321,1322,1323,1324,1325,1326,1327,1328,1413,1414,1415,1416,1417,1418,1419,1420,1421,1422,1423,1424,1509,1510,1511,1512,1513,1514,1515,1516,1517,1518,1519,1520,1605,1606,1607,1608,1609,1610,1611,1612,1613,1614,1615,1616,1701,1702,1703,1704,1705,1706,1707,1708,1709,1710,1711,1712,1797,1798,1799,1800,1801,1802,1803,1804,1805,1806,1807,1808,1893,1894,1895,1896,1897,1898,1899,1900,1901,1902,1903,1904,
gold,31,
gold,32,378,386,403,411,419,427,435,442,450,467,475,483,491,499,506,514,531,539,547,555,563,570,578,595,603,611,619,627,634,642,659,667,675,683,691,698,706,723,731,739,747,755,762,770,787,795,803,811,819,826,834,851,859,867,875,883,890,898,915,923,931,939,947,954,962,979,987,995,1003,1011,1041,1042,1043,1044,1045,1046,1047,1048,1049,1050,1051,1052,1137,1138,1139,1140,1141,1142,1143,1144,1145,1146,1147,1148,1233,1234,1235,1236,1237,1238,1239,1240,1241,1242,1243,1244,1329,1330,1331,1332,1333,1334,1335,1336,1337,1338,1339,1340,1425,1426,1427,1428,1429,1430,1431,1432,1433,1434,1435,1436,1521,1522,1523,1524,1525,1526,1527,1528,1529,1530,1531,1532,1617,1618,1619,1620,1621,1622,1623,1624,1625,1626,1627,1628,1713,1714,1715,1716,1717,1718,1719,1720,1721,1722,1723,1724,1809,1810,1811,1812,1813,1814,1815,1816,1817,1818,1819,1820,1905,1906,1907,1908,1909,1910,1911,1912,1913,1914,1915,1916,
gold,32,
gold,33,380,388,396,404,421,429,437,444,452,460,468,485,493,501,508,516,524,532,549,557,565,572,580,588,596,613,621,629,636,644,652,660,677,685,693,700,708,716,724,741,749,757,764,772,780,788,805,813,821,828,836,844,852,869,877,885,892,900,908,916,933,941,949,956,964,972,980,997,1005,1013,1065,1066,1067,1068,1069,1070,1071,1072,1073,1074,1075,1076,1161,1162,1163,1164,1165,1166,1167,1168,1169,1170,1171,1172,1257,1258,1259,1260,1261,1262,1263,1264,1265,1266,1267,1268,1353,1354,1355,1356,1357,1358,1359,1360,1361,1362,1363,1364,1449,1450,1451,1452,1453,1454,1455,1456,1457,1458,1459,1460,1545,1546,1547,1548,1549,1550,1551,1552,1553,1554,1555,1556,1641,1642,1643,1644,1645,1646,1647,1648,1649,1650,1651,1652,1737,1738,1739,1740,1741,1742,1743,1744,1745,1746,1747,1748,1833,1834,1835,1836,1837,1838,1839,1840,1841,1842,1843,1844,1929,1930,1931,1932,1933,1934,1935,1936,1937,1938,1939,1940,
gold,33,
gold,34,381,389,397,405,413,430,438,445,453,461,469,477,494,502,509,517,525,533,541,558,566,573,581,589,597,605,622,630,637,645,653,661,669,686,694,701,709,717,725,733,750,758,765,773,781,789,797,814,822,829,837,845,853,861,878,886,893,901,909,917,925,942,950,957,965,973,981,989,1006,1014,1077,1078,1079,1080,1081,1082,1083,1084,1085,1086,1087,1088,1173,1174,1175,1176,1177,1178,1179,1180,1181,1182,1183,1184,1269,1270,1271,1272,1273,1274,1275,1276,1277,1278,1279,1280,1365,1366,1367,1368,1369,1370,1371,1372,1373,1374,1375,1376,1461,1462,1463,1464,1465,1466,1467,1468,1469,1470,1471,1472,1557,1558,1559,1560,1561,1562,1563,1564,1565,1566,1567,1568,1653,1654,1655,1656,1657,1658,1659,1660,1661,1662,1663,1664,1749,1750,1751,1752,1753,1754,1755,1756,1757,1758,1759,1760,1845,1846,1847,1848,1849,1850,1851,1852,1853,1854,1855,1856,1941,1942,1943,1944,1945,1946,1947,1948,1949,1950,1951,1952,
gold,34,
gold,35,383,391,399,407,415,423,431,447,455,463,471,479,487,495,511,519,527,535,543,551,559,575,583,591,599,607,615,623,639,647,655,663,671,679,687,703,711,719,727,735,743,751,767,775,783,791,799,807,815,831,839,847,855,863,871,879,895,903,911,919,927,935,943,959,967,975,983,991,999,1007,1101,1102,1103,1104,1105,1106,1107,1108,1109,1110,1111,1112,1197,1198,1199,1200,1201,1202,1203,1204,1205,1206,1207,1208,1293,1294,1295,1296,1297,1298,1299,1300,1301,1302,1303,1304,1389,1390,1391,1392,1393,1394,1395,1396,1397,1398,1399,1400,1485,1486,1487,1488,1489,1490,1491,1492,1493,1494,1495,1496,1581,1582,1583,1584,1585,1586,1587,1588,1589,1590,1591,1592,1677,1678,1679,1680,1681,1682,1683,1684,1685,1686,1687,1688,1773,1774,1775,1776,1777,1778,1779,1780,1781,1782,1783,1784,1869,1870,1871,1872,1873,1874,1875,1876,1877,1878,1879,1880,1965,1966,1967,1968,1969,1970,1971,1972,1973,1974,1975,1976,
gold,35,
gold,36,2139,2155,2171,2187,2203,2219,2235,2251,2267,2283,
gold,36,2140,2156,2172,2188,2204,2220,2236,2252,2268,2284,
gold,36,385,386,387,388,389,390,391,392,1979,1980,
gold,36,449,450,451,452,453,454,455,456,1995,1996,
gold,36,513,514,515,516,517,518,519,520,2011,2012,
gold,36,577,578,579,580,581,582,583,584,2027,2028,
gold,36,641,642,643,644,645,646,647,648,2043,2044,
gold,36,705,706,707,708,709,710,711,712,2059,2060,
gold,36,769,770,771,772,773,774,775,776,2075,2076,
gold,36,833,834,835,836,837,838,839,840,2091,2092,
gold,36,897,898,899,900,901,902,903,904,2107,2108,
gold,36,961,962,963,964,965,966,967,968,2123,2124,
gold,36,1029,1125,1221,1317,1413,1509,1605,1701,1797,1893,
gold,36,1030,1126,1222,1318,1414,1510,1606,1702,1798,1894,
gold,36,1031,1127,1223,1319,1415,1511,1607,1703,1799,1895,
gold,36,1032,1128,1224,1320,1416,1512,1608,1704,1800,1896,
gold,36,1033,1129,1225,1321,1417,1513,1609,1705,1801,1897,
gold,36,1034,1130,1226,1322,1418,1514,1610,1706,1802,1898,
gold,36,1035,1131,1227,1323,1419,1515,1611,1707,1803,1899,
gold,36,1036,1132,1228,1324,1420,1516,1612,1708,1804,1900,
red,36,1037,1133,1229,1325,1421,1517,1613,1709,1805,1901,
gold,36,1038,1134,1230,1326,1422,1518,1614,1710,1806,1902,
gold,36,1039,1135,1231,1327,1423,1519,1615,1711,1807,1903,
gold,36,1040,1136,1232,1328,1424,1520,1616,1712,1808,1904,
gold,37,2141,2157,2173,2189,2205,2221,2237,2253,2269,2285,
gold,37,2142,2158,2174,2190,2206,2222,2238,2254,2270,2286,
gold,37,393,394,395,396,397,398,399,400,1981,1982,
gold,37,457,458,459,460,461,462,463,464,1997,1998,
gold,37,521,522,523,524,525,526,527,528,2013,2014,
gold,37,585,586,587,588,589,590,591,592,2029,2030,
gold,37,649,650,651,652,653,654,655,656,2045,2046,
gold,37,713,714,715,716,717,718,719,720,2061,2062,
gold,37,777,778,779,780,781,782,783,784,2077,2078,
gold,37,841,842,843,844,845,846,847,848,2093,2094,
gold,37,905,906,907,908,909,910,911,912,2109,2110,
gold,37,969,970,971,972,973,974,975,976,2125,2126,
gold,37,1041,1137,1233,1329,1425,1521,1617,1713,1809,1905,
gold,37,1042,1138,1234,1330,1426,1522,1618,1714,1810,1906,
gold,37,1043,1139,1235,1331,1427,1523,1619,1715,1811,1907,
gold,37,1044,1140,1236,1332,1428,1524,1620,1716,1812,1908,
gold,37,1045,1141,1237,1333,1429,1525,1621,1717,1813,1909,
gold,37,1046,1142,1238,1334,1430,1526,1622,1718,1814,1910,
gold,37,1047,1143,1239,1335,1431,1527,1623,1719,1815,1911,
gold,37,1048,1144,1240,1336,1432,1528,1624,1720,1816,1912,
gold,37,1049,1145,1241,1337,1433,1529,1625,1721,1817,1913,
gold,37,1050,1146,1242,1338,1434,1530,1626,1722,1818,1914,
gold,37,1051,1147,1243,1339,1435,1531,1627,1723,1819,1915,
red,37,1052,1148,1244,1340,1436,1532,1628,1724,1820,1916,
gold,38,2145,2161,2177,2193,2209,2225,2241,2257,2273,2289,
gold,38,2146,2162,2178,2194,2210,2226,2242,2258,2274,2290,
gold,38,409,410,411,412,413,414,415,416,1985,1986,
gold,38,473,474,475,476,477,478,479,480,2001,2002,
gold,38,537,538,539,540,541,542,543,544,2017,2018,
gold,38,601,602,603,604,605,606,607,608,2033,2034,
gold,38,665,666,667,668,669,670,671,672,2049,2050,
gold,38,729,730,731,732,733,734,735,736,2065,2066,
gold,38,793,794,795,796,797,798,799,800,2081,2082,
gold,38,857,858,859,860,861,862,863,864,2097,2098,
gold,38,921,922,923,924,925,926,927,928,2113,2114,
gold,38,985,986,987,988,989,990,991,992,2129,2130,
gold,38,1065,1161,1257,1353,1449,1545,1641,1737,1833,1929,
gold,38,1066,1162,1258,1354,1450,1546,1642,1738,1834,1930,
gold,38,1067,1163,1259,1355,1451,1547,1643,1739,1835,1931,
gold,38,1068,1164,1260,1356,1452,1548,1644,1740,1836,1932,
gold,38,1069,1165,1261,1357,1453,1549,1645,1741,1837,1933,
gold,38,1070,1166,1262,1358,1454,1550,1646,1742,1838,1934,
gold,38,1071,1167,1263,1359,1455,1551,1647,1743,1839,1935,
red,38,1072,1168,1264,1360,1456,1552,1648,1744,1840,1936,
gold,38,1073,1169,1265,1361,1457,1553,1649,1745,1841,1937,
gold,38,1074,1170,1266,1362,1458,1554,1650,1746,1842,1938,
gold,38,1075,1171,1267,1363,1459,1555,1651,1747,1843,1939,
gold,38,1076,1172,1268,1364,1460,1556,1652,1748,1844,1940,
gold,39,2147,2163,2179,2195,2211,2227,2243,2259,2275,2291,
gold,39,2148,2164,2180,2196,2212,2228,2244,2260,2276,2292,
gold,39,417,418,419,420,421,422,423,424,1987,1988,
gold,39,481,482,483,484,485,486,487,488,2003,2004,
gold,39,545,546,547,548,549,550,551,552,2019,2020,
gold,39,609,610,611,612,613,614,615,616,2035,2036,
gold,39,673,674,675,676,677,678,679,680,2051,2052,
gold,39,737,738,739,740,741,742,743,744,2067,2068,
gold,39,801,802,803,804,805,806,807,808,2083,2084,
gold,39,865,866,867,868,869,870,871,872,2099,2100,
gold,39,929,930,931,932,933,934,935,936,2115,2116,
gold,39,993,994,995,996,997,998,999,1000,2131,2132,
gold,39,1077,1173,1269,1365,1461,1557,1653,1749,1845,1941,
gold,39,1078,1174,1270,1366,1462,1558,1654,1750,1846,1942,
gold,39,1079,1175,1271,1367,1463,1559,1655,1751,1847,1943,
gold,39,1080,1176,1272,1368,1464,1560,1656,1752,1848,1944,
gold,39,1081,1177,1273,1369,1465,1561,1657,1753,1849,1945,
gold,39,1082,1178,1274,1370,1466,1562,1658,1754,1850,1946,
gold,39,1083,1179,1275,1371,1467,1563,1659,1755,1851,1947,
gold,39,1084,1180,1276,1372,1468,1564,1660,1756,1852,1948,
gold,39,1085,1181,1277,1373,1469,1565,1661,1757,1853,1949,
gold,39,1086,1182,1278,1374,1470,1566,1662,1758,1854,1950,
red,39,1087,1183,1279,1375,1471,1567,1663,1759,1855,1951,
gold,39,1088,1184,1280,1376,1472,1568,1664,1760,1856,1952,
gold,40,2151,2167,2183,2199,2215,2231,2247,2263,2279,2295,
gold,40,2152,2168,2184,2200,2216,2232,2248,2264,2280,2296,
gold,40,433,434,435,436,437,438,439,440,1991,1992,
gold,40,497,498,499,500,501,502,503,504,2007,2008,
gold,40,561,562,563,564,565,566,567,568,2023,2024,
gold,40,625,626,627,628,629,630,631,632,2039,2040,
gold,40,689,690,691,692,693,694,695,696,2055,2056,
gold,40,753,754,755,756,757,758,759,760,2071,2072,
gold,40,817,818,819,820,821,822,823,824,2087,2088,
gold,40,881,882,883,884,885,886,887,888,2103,2104,
gold,40,945,946,947,948,949,950,951,952,2119,2120,
gold,40,1009,1010,1011,1012,1013,1014,1015,1016,2135,2136,
gold,40,1101,1197,1293,1389,1485,1581,1677,1773,1869,1965,
gold,40,1102,1198,1294,1390,1486,1582,1678,1774,1870,1966,
gold,40,1103,1199,1295,1391,1487,1583,1679,1775,1871,1967,
gold,40,1104,1200,1296,1392,1488,1584,1680,1776,1872,1968,
gold,40,1105,1201,1297,1393,1489,1585,1681,1777,1873,1969,
gold,40,1106,1202,1298,1394,1490,1586,1682,1778,1874,1970,
gold,40,1107,1203,1299,1395,1491,1587,1683,1779,1875,1971,
gold,40,1108,1204,1300,1396,1492,1588,1684,1780,1876,1972,
gold,40,1109,1205,1301,1397,1493,1589,1685,1781,1877,1973,
red,40,1110,1206,1302,1398,1494,1590,1686,1782,1878,1974,
gold,40,1111,1207,1303,1399,1495,1591,1687,1783,1879,1975,
gold,40,1112,1208,1304,1400,1496,1592,1688,1784,1880,1976,
lightskyblue,47,
lightskyblue,48,
lightskyblue,49,
lightskyblue,50,
lightskyblue,46,
lightskyblue,48,
lightskyblue,49,
lightskyblue,50,
lightskyblue,46,
lightskyblue,47,
lightskyblue,49,
lightskyblue,50,
lightskyblue,46,
lightskyblue,47,
lightskyblue,48,
lightskyblue,50,
lightskyblue,46,
lightskyblue,47,
lightskyblue,48,
lightskyblue,49,
lightskyblue,42,
lightskyblue,43,
lightskyblue,44,
lightskyblue,45,
lightskyblue,41,
lightskyblue,43,
lightskyblue,44,
lightskyblue,45,
lightskyblue,41,
lightskyblue,42,
lightskyblue,44,
lightskyblue,45,
lightskyblue,41,
lightskyblue,42,
lightskyblue,43,
lightskyblue,45,
lightskyblue,41,
lightskyblue,42,
lightskyblue,43,
lightskyblue,44,
lightskyblue,89,61,169,208,77,
lightskyblue,89,61,169,210,78,
lightskyblue,89,61,169,172,79,
lightskyblue,89,61,169,212,80,
lightskyblue,89,61,169,214,81,
lightskyblue,89,61,169,174,82,
lightskyblue,89,61,169,216,83,
lightskyblue,89,61,169,52,84,
lightskyblue,177,61,170,207,229,
lightskyblue,177,61,207,210,230,
lightskyblue,177,61,207,172,231,
lightskyblue,177,61,207,212,232,
lightskyblue,177,61,207,214,233,
lightskyblue,177,61,207,174,234,
lightskyblue,177,61,207,216,235,
lightskyblue,177,61,207,52,236,
lightskyblue,183,61,170,209,253,
lightskyblue,183,61,208,209,254,
lightskyblue,183,61,209,172,255,
lightskyblue,183,61,209,212,256,
lightskyblue,183,61,209,214,257,
lightskyblue,183,61,209,174,258,
lightskyblue,183,61,209,216,259,
lightskyblue,183,61,209,52,260,
lightskyblue,125,61,170,171,113,
lightskyblue,125,61,208,171,114,
lightskyblue,125,61,210,171,115,
lightskyblue,125,61,171,212,116,
lightskyblue,125,61,171,214,117,
lightskyblue,125,61,171,174,118,
lightskyblue,125,61,171,216,119,
lightskyblue,125,61,171,52,120,
lightskyblue,189,61,170,211,277,
lightskyblue,189,61,208,211,278,
lightskyblue,189,61,210,211,279,
lightskyblue,189,61,172,211,280,
lightskyblue,189,61,211,214,281,
lightskyblue,189,61,211,174,282,
lightskyblue,189,61,211,216,283,
lightskyblue,189,61,211,52,284,
lightskyblue,195,61,170,213,301,
lightskyblue,195,61,208,213,302,
lightskyblue,195,61,210,213,303,
lightskyblue,195,61,172,213,304,
lightskyblue,195,61,212,213,305,
lightskyblue,195,61,213,174,306,
lightskyblue,195,61,213,216,307,
lightskyblue,195,61,213,52,308,
lightskyblue,159,61,170,173,147,
lightskyblue,159,61,208,173,148,
lightskyblue,159,61,210,173,149,
lightskyblue,159,61,172,173,150,
lightskyblue,159,61,212,173,151,
lightskyblue,159,61,214,173,152,
lightskyblue,159,61,173,216,153,
lightskyblue,159,61,173,52,154,
lightskyblue,201,61,170,215,325,
lightskyblue,201,61,208,215,326,
lightskyblue,201,61,210,215,327,
lightskyblue,201,61,172,215,328,
lightskyblue,201,61,212,215,329,
lightskyblue,201,61,214,215,330,
lightskyblue,201,61,174,215,331,
lightskyblue,201,61,215,52,332,
lightskyblue,90,63,169,208,77,
lightskyblue,90,63,169,210,78,
lightskyblue,90,63,169,172,79,
lightskyblue,90,63,169,212,80,
lightskyblue,90,63,169,214,81,
lightskyblue,90,63,169,174,82,
lightskyblue,90,63,169,216,83,
lightskyblue,90,63,169,54,85,
lightskyblue,178,63,170,207,229,
lightskyblue,178,63,207,210,230,
lightskyblue,178,63,207,172,231,
lightskyblue,178,63,207,212,232,
lightskyblue,178,63,207,214,233,
lightskyblue,178,63,207,174,234,
lightskyblue,178,63,207,216,235,
lightskyblue,178,63,207,54,237,
lightskyblue,184,63,170,209,253,
lightskyblue,184,63,208,209,254,
lightskyblue,184,63,209,172,255,
lightskyblue,184,63,209,212,256,
lightskyblue,184,63,209,214,257,
lightskyblue,184,63,209,174,258,
lightskyblue,184,63,209,216,259,
lightskyblue,184,63,209,54,261,
lightskyblue,126,63,170,171,113,
lightskyblue,126,63,208,171,114,
lightskyblue,126,63,210,171,115,
lightskyblue,126,63,171,212,116,
lightskyblue,126,63,171,214,117,
lightskyblue,126,63,171,174,118,
lightskyblue,126,63,171,216,119,
lightskyblue,126,63,171,54,121,
lightskyblue,190,63,170,211,277,
lightskyblue,190,63,208,211,278,
lightskyblue,190,63,210,211,279,
lightskyblue,190,63,172,211,280,
lightskyblue,190,63,211,214,281,
lightskyblue,190,63,211,174,282,
lightskyblue,190,63,211,216,283,
lightskyblue,190,63,211,54,285,
lightskyblue,196,63,170,213,301,
lightskyblue,196,63,208,213,302,
lightskyblue,196,63,210,213,303,
lightskyblue,196,63,172,213,304,
lightskyblue,196,63,212,213,305,
lightskyblue,196,63,213,174,306,
lightskyblue,196,63,213,216,307,
lightskyblue,196,63,213,54,309,
lightskyblue,160,63,170,173,147,
lightskyblue,160,63,208,173,148,
lightskyblue,160,63,210,173,149,
lightskyblue,160,63,172,173,150,
lightskyblue,160,63,212,173,151,
lightskyblue,160,63,214,173,152,
lightskyblue,160,63,173,216,153,
lightskyblue,160,63,173,54,155,
lightskyblue,202,63,170,215,325,
lightskyblue,202,63,208,215,326,
lightskyblue,202,63,210,215,327,
lightskyblue,202,63,172,215,328,
lightskyblue,202,63,212,215,329,
lightskyblue,202,63,214,215,330,
lightskyblue,202,63,174,215,331,
lightskyblue,202,63,215,54,333,
lightskyblue,91,95,169,208,77,
lightskyblue,91,95,169,210,78,
lightskyblue,91,95,169,172,79,
lightskyblue,91,95,169,212,80,
lightskyblue,91,95,169,214,81,
lightskyblue,91,95,169,174,82,
lightskyblue,91,95,169,216,83,
lightskyblue,91,95,169,56,86,
lightskyblue,179,95,170,207,229,
lightskyblue,179,95,207,210,230,
lightskyblue,179,95,207,172,231,
lightskyblue,179,95,207,212,232,
lightskyblue,179,95,207,214,233,
lightskyblue,179,95,207,174,234,
lightskyblue,179,95,207,216,235,
lightskyblue,179,95,207,56,238,
lightskyblue,185,95,170,209,253,
lightskyblue,185,95,208,209,254,
lightskyblue,185,95,209,172,255,
lightskyblue,185,95,209,212,256,
lightskyblue,185,95,209,214,257,
lightskyblue,185,95,209,174,258,
lightskyblue,185,95,209,216,259,
lightskyblue,185,95,209,56,262,
lightskyblue,127,95,170,171,113,
lightskyblue,127,95,208,171,114,
lightskyblue,127,95,210,171,115,
lightskyblue,127,95,171,212,116,
lightskyblue,127,95,171,214,117,
lightskyblue,127,95,171,174,118,
lightskyblue,127,95,171,216,119,
lightskyblue,127,95,171,56,122,
lightskyblue,191,95,170,211,277,
lightskyblue,191,95,208,211,278,
lightskyblue,191,95,210,211,279,
lightskyblue,191,95,172,211,280,
lightskyblue,191,95,211,214,281,
lightskyblue,191,95,211,174,282,
lightskyblue,191,95,211,216,283,
lightskyblue,191,95,211,56,286,
lightskyblue,197,95,170,213,301,
lightskyblue,197,95,208,213,302,
lightskyblue,197,95,210,213,303,
lightskyblue,197,95,172,213,304,
lightskyblue,197,95,212,213,305,
lightskyblue,197,95,213,174,306,
lightskyblue,197,95,213,216,307,
lightskyblue,197,95,213,56,310,
lightskyblue,161,95,170,173,147,
lightskyblue,161,95,208,173,148,
lightskyblue,161,95,210,173,149,
lightskyblue,161,95,172,173,150,
lightskyblue,161,95,212,173,151,
lightskyblue,161,95,214,173,152,
lightskyblue,161,95,173,216,153,
lightskyblue,161,95,173,56,156,
lightskyblue,203,95,170,215,325,
lightskyblue,203,95,208,215,326,
lightskyblue,203,95,210,215,327,
lightskyblue,203,95,172,215,328,
lightskyblue,203,95,212,215,329,
lightskyblue,203,95,214,215,330,
lightskyblue,203,95,174,215,331,
lightskyblue,203,95,215,56,334,
lightskyblue,92,97,169,208,77,
lightskyblue,92,97,169,210,78,
lightskyblue,92,97,169,172,79,
lightskyblue,92,97,169,212,80,
lightskyblue,92,97,169,214,81,
lightskyblue,92,97,169,174,82,
lightskyblue,92,97,169,216,83,
lightskyblue,92,97,169,60,87,
lightskyblue,180,97,170,207,229,
lightskyblue,180,97,207,210,230,
lightskyblue,180,97,207,172,231,
lightskyblue,180,97,207,212,232,
lightskyblue,180,97,207,214,233,
lightskyblue,180,97,207,174,234,
lightskyblue,180,97,207,216,235,
lightskyblue,180,97,207,60,239,
lightskyblue,186,97,170,209,253,
lightskyblue,186,97,208,209,254,
lightskyblue,186,97,209,172,255,
lightskyblue,186,97,209,212,256,
lightskyblue,186,97,209,214,257,
lightskyblue,186,97,209,174,258,
lightskyblue,186,97,209,216,259,
lightskyblue,186,97,209,60,263,
lightskyblue,128,97,170,171,113,
lightskyblue,128,97,208,171,114,
lightskyblue,128,97,210,171,115,
lightskyblue,128,97,171,212,116,
lightskyblue,128,97,171,214,117,
lightskyblue,128,97,171,174,118,
lightskyblue,128,97,171,216,119,
lightskyblue,128,97,171,60,123,
lightskyblue,192,97,170,211,277,
lightskyblue,192,97,208,211,278,
lightskyblue,192,97,210,211,279,
lightskyblue,192,97,172,211,280,
lightskyblue,192,97,211,214,281,
lightskyblue,192,97,211,174,282,
lightskyblue,192,97,211,216,283,
lightskyblue,192,97,211,60,287,
lightskyblue,198,97,170,213,301,
lightskyblue,198,97,208,213,302,
lightskyblue,198,97,210,213,303,
lightskyblue,198,97,172,213,304,
lightskyblue,198,97,212,213,305,
lightskyblue,198,97,213,174,306,
lightskyblue,198,97,213,216,307,
lightskyblue,198,97,213,60,311,
lightskyblue,162,97,170,173,147,
lightskyblue,162,97,208,173,148,
lightskyblue,162,97,210,173,149,
lightskyblue,162,97,172,173,150,
lightskyblue,162,97,212,173,151,
lightskyblue,162,97,214,173,152,
lightskyblue,162,97,173,216,153,
lightskyblue,162,97,173,60,157,
lightskyblue,204,97,170,215,325,
lightskyblue,204,97,208,215,326,
lightskyblue,204,97,210,215,327,
lightskyblue,204,97,172,215,328,
lightskyblue,204,97,212,215,329,
lightskyblue,204,97,214,215,330,
lightskyblue,204,97,174,215,331,
lightskyblue,204,97,215,60,335,
lightskyblue,93,99,169,208,77,
lightskyblue,93,99,169,210,78,
lightskyblue,93,99,169,172,79,
lightskyblue,93,99,169,212,80,
lightskyblue,93,99,169,214,81,
lightskyblue,93,99,169,174,82,
lightskyblue,93,99,169,216,83,
lightskyblue,93,99,169,58,88,
lightskyblue,181,99,170,207,229,
lightskyblue,181,99,207,210,230,
lightskyblue,181,99,207,172,231,
lightskyblue,181,99,207,212,232,
lightskyblue,181,99,207,214,233,
lightskyblue,181,99,207,174,234,
lightskyblue,181,99,207,216,235,
lightskyblue,181,99,207,58,240,
lightskyblue,187,99,170,209,253,
lightskyblue,187,99,208,209,254,
lightskyblue,187,99,209,172,255,
lightskyblue,187,99,209,212,256,
lightskyblue,187,99,209,214,257,
lightskyblue,187,99,209,174,258,
lightskyblue,187,99,209,216,259,
lightskyblue,187,99,209,58,264,
lightskyblue,129,99,170,171,113,
lightskyblue,129,99,208,171,114,
lightskyblue,129,99,210,171,115,
lightskyblue,129,99,171,212,116,
lightskyblue,129,99,171,214,117,
lightskyblue,129,99,171,174,118,
lightskyblue,129,99,171,216,119,
lightskyblue,129,99,171,58,124,
lightskyblue,193,99,170,211,277,
lightskyblue,193,99,208,211,278,
lightskyblue,193,99,210,211,279,
lightskyblue,193,99,172,211,280,
lightskyblue,193,99,211,214,281,
lightskyblue,193,99,211,174,282,
lightskyblue,193,99,211,216,283,
lightskyblue,193,99,211,58,288,
lightskyblue,199,99,170,213,301,
lightskyblue,199,99,208,213,302,
lightskyblue,199,99,210,213,303,
lightskyblue,199,99,172,213,304,
lightskyblue,199,99,212,213,305,
lightskyblue,199,99,213,174,306,
lightskyblue,199,99,213,216,307,
lightskyblue,199,99,213,58,312,
lightskyblue,163,99,170,173,147,
lightskyblue,163,99,208,173,148,
lightskyblue,163,99,210,173,149,
lightskyblue,163,99,172,173,150,
lightskyblue,163,99,212,173,151,
lightskyblue,163,99,214,173,152,
lightskyblue,163,99,173,216,153,
lightskyblue,163,99,173,58,158,
lightskyblue,205,99,170,215,325,
lightskyblue,205,99,208,215,326,
lightskyblue,205,99,210,215,327,
lightskyblue,205,99,172,215,328,
lightskyblue,205,99,212,215,329,
lightskyblue,205,99,214,215,330,
lightskyblue,205,99,174,215,331,
lightskyblue,205,99,215,58,336,
lightskyblue,90,131,169,208,77,
lightskyblue,90,131,169,210,78,
lightskyblue,90,131,169,172,79,
lightskyblue,90,131,169,212,80,
lightskyblue,90,131,169,214,81,
lightskyblue,90,131,169,174,82,
lightskyblue,90,131,169,216,83,
lightskyblue,90,131,169,54,85,
lightskyblue,178,131,170,207,229,
lightskyblue,178,131,207,210,230,
lightskyblue,178,131,207,172,231,
lightskyblue,178,131,207,212,232,
lightskyblue,178,131,207,214,233,
lightskyblue,178,131,207,174,234,
lightskyblue,178,131,207,216,235,
lightskyblue,178,131,207,54,237,
lightskyblue,184,131,170,209,253,
lightskyblue,184,131,208,209,254,
lightskyblue,184,131,209,172,255,
lightskyblue,184,131,209,212,256,
lightskyblue,184,131,209,214,257,
lightskyblue,184,131,209,174,258,
lightskyblue,184,131,209,216,259,
lightskyblue,184,131,209,54,261,
lightskyblue,126,131,170,171,113,
lightskyblue,126,131,208,171,114,
lightskyblue,126,131,210,171,115,
lightskyblue,126,131,171,212,116,
lightskyblue,126,131,171,214,117,
lightskyblue,126,131,171,174,118,
lightskyblue,126,131,171,216,119,
lightskyblue,126,131,171,54,121,
lightskyblue,190,131,170,211,277,
lightskyblue,190,131,208,211,278,
lightskyblue,190,131,210,211,279,
lightskyblue,190,131,172,211,280,
lightskyblue,190,131,211,214,281,
lightskyblue,190,131,211,174,282,
lightskyblue,190,131,211,216,283,
lightskyblue,190,131,211,54,285,
lightskyblue,196,131,170,213,301,
lightskyblue,196,131,208,213,302,
lightskyblue,196,131,210,213,303,
lightskyblue,196,131,172,213,304,
lightskyblue,196,131,212,213,305,
lightskyblue,196,131,213,174,306,
lightskyblue,196,131,213,216,307,
lightskyblue,196,131,213,54,309,
lightskyblue,160,131,170,173,147,
lightskyblue,160,131,208,173,148,
lightskyblue,160,131,210,173,149,
lightskyblue,160,131,172,173,150,
lightskyblue,160,131,212,173,151,
lightskyblue,160,131,214,173,152,
lightskyblue,160,131,173,216,153,
lightskyblue,160,131,173,54,155,
lightskyblue,202,131,170,215,325,
lightskyblue,202,131,208,215,326,
lightskyblue,202,131,210,215,327,
lightskyblue,202,131,172,215,328,
lightskyblue,202,131,212,215,329,
lightskyblue,202,131,214,215,330,
lightskyblue,202,131,174,215,331,
lightskyblue,202,131,215,54,333,
lightskyblue,91,133,169,208,77,
lightskyblue,91,133,169,210,78,
lightskyblue,91,133,169,172,79,
lightskyblue,91,133,169,212,80,
lightskyblue,91,133,169,214,81,
lightskyblue,91,133,169,174,82,
lightskyblue,91,133,169,216,83,
lightskyblue,91,133,169,56,86,
lightskyblue,179,133,170,207,229,
lightskyblue,179,133,207,210,230,
lightskyblue,179,133,207,172,231,
lightskyblue,179,133,207,212,232,
lightskyblue,179,133,207,214,233,
lightskyblue,179,133,207,174,234,
lightskyblue,179,133,207,216,235,
lightskyblue,179,133,207,56,238,
lightskyblue,185,133,170,209,253,
lightskyblue,185,133,208,209,254,
lightskyblue,185,133,209,172,255,
lightskyblue,185,133,209,212,256,
lightskyblue,185,133,209,214,257,
lightskyblue,185,133,209,174,258,
lightskyblue,185,133,209,216,259,
lightskyblue,185,133,209,56,262,
lightskyblue,127,133,170,171,113,
lightskyblue,127,133,208,171,114,
lightskyblue,127,133,210,171,115,
lightskyblue,127,133,171,212,116,
lightskyblue,127,133,171,214,117,
lightskyblue,127,133,171,174,118,
lightskyblue,127,133,171,216,119,
lightskyblue,127,133,171,56,122,
lightskyblue,191,133,170,211,277,
lightskyblue,191,133,208,211,278,
lightskyblue,191,133,210,211,279,
lightskyblue,191,133,172,211,280,
lightskyblue,191,133,211,214,281,
lightskyblue,191,133,211,174,282,
lightskyblue,191,133,211,216,283,
lightskyblue,191,133,211,56,286,
lightskyblue,197,133,170,213,301,
lightskyblue,197,133,208,213,302,
lightskyblue,197,133,210,213,303,
lightskyblue,197,133,172,213,304,
lightskyblue,197,133,212,213,305,
lightskyblue,197,133,213,174,306,
lightskyblue,197,133,213,216,307,
lightskyblue,197,133,213,56,310,
lightskyblue,161,133,170,173,147,
lightskyblue,161,133,208,173,148,
lightskyblue,161,133,210,173,149,
lightskyblue,161,133,172,173,150,
lightskyblue,161,133,212,173,151,
lightskyblue,161,133,214,173,152,
lightskyblue,161,133,173,216,153,
lightskyblue,161,133,173,56,156,
lightskyblue,203,133,170,215,325,
lightskyblue,203,133,208,215,326,
lightskyblue,203,133,210,215,327,
lightskyblue,203,133,172,215,328,
lightskyblue,203,133,212,215,329,
lightskyblue,203,133,214,215,330,
lightskyblue,203,133,174,215,331,
lightskyblue,203,133,215,56,334,
lightskyblue,93,165,169,208,77,
lightskyblue,93,165,169,210,78,
lightskyblue,93,165,169,172,79,
lightskyblue,93,165,169,212,80,
lightskyblue,93,165,169,214,81,
lightskyblue,93,165,169,174,82,
lightskyblue,93,165,169,216,83,
lightskyblue,93,165,169,58,88,
lightskyblue,181,165,170,207,229,
lightskyblue,181,165,207,210,230,
lightskyblue,181,165,207,172,231,
lightskyblue,181,165,207,212,232,
lightskyblue,181,165,207,214,233,
lightskyblue,181,165,207,174,234,
lightskyblue,181,165,207,216,235,
lightskyblue,181,165,207,58,240,
lightskyblue,187,165,170,209,253,
lightskyblue,187,165,208,209,254,
lightskyblue,187,165,209,172,255,
lightskyblue,187,165,209,212,256,
lightskyblue,187,165,209,214,257,
lightskyblue,187,165,209,174,258,
lightskyblue,187,165,209,216,259,
lightskyblue,187,165,209,58,264,
lightskyblue,129,165,170,171,113,
lightskyblue,129,165,208,171,114,
lightskyblue,129,165,210,171,115,
lightskyblue,129,165,171,212,116,
lightskyblue,129,165,171,214,117,
lightskyblue,129,165,171,174,118,
lightskyblue,129,165,171,216,119,
lightskyblue,129,165,171,58,124,
lightskyblue,193,165,170,211,277,
lightskyblue,193,165,208,211,278,
lightskyblue,193,165,210,211,279,
lightskyblue,193,165,172,211,280,
lightskyblue,193,165,211,214,281,
lightskyblue,193,165,211,174,282,
lightskyblue,193,165,211,216,283,
lightskyblue,193,165,211,58,288,
lightskyblue,199,165,170,213,301,
lightskyblue,199,165,208,213,302,
lightskyblue,199,165,210,213,303,
lightskyblue,199,165,172,213,304,
lightskyblue,199,165,212,213,305,
lightskyblue,199,165,213,174,306,
lightskyblue,199,165,213,216,307,
lightskyblue,199,165,213,58,312,
lightskyblue,163,165,170,173,147,
lightskyblue,163,165,208,173,148,
lightskyblue,163,165,210,173,149,
lightskyblue,163,165,172,173,150,
lightskyblue,163,165,212,173,151,
lightskyblue,163,165,214,173,152,
lightskyblue,163,165,173,216,153,
lightskyblue,163,165,173,58,158,
lightskyblue,205,165,170,215,325,
lightskyblue,205,165,208,215,326,
lightskyblue,205,165,210,215,327,
lightskyblue,205,165,172,215,328,
lightskyblue,205,165,212,215,329,
lightskyblue,205,165,214,215,330,
lightskyblue,205,165,174,215,331,
lightskyblue,205,165,215,58,336,
lightskyblue,92,167,169,208,77,
lightskyblue,92,167,169,210,78,
lightskyblue,92,167,169,172,79,
lightskyblue,92,167,169,212,80,
lightskyblue,92,167,169,214,81,
lightskyblue,92,167,169,174,82,
lightskyblue,92,167,169,216,83,
lightskyblue,92,167,169,60,87,
lightskyblue,180,167,170,207,229,
lightskyblue,180,167,207,210,230,
lightskyblue,180,167,207,172,231,
lightskyblue,180,167,207,212,232,
lightskyblue,180,167,207,214,233,
lightskyblue,180,167,207,174,234,
lightskyblue,180,167,207,216,235,
lightskyblue,180,167,207,60,239,
lightskyblue,186,167,170,209,253,
lightskyblue,186,167,208,209,254,
lightskyblue,186,167,209,172,255,
lightskyblue,186,167,209,212,256,
lightskyblue,186,167,209,214,257,
lightskyblue,186,167,209,174,258,
lightskyblue,186,167,209,216,259,
lightskyblue,186,167,209,60,263,
lightskyblue,128,167,170,171,113,
lightskyblue,128,167,208,171,114,
lightskyblue,128,167,210,171,115,
lightskyblue,128,167,171,212,116,
lightskyblue,128,167,171,214,117,
lightskyblue,128,167,171,174,118,
lightskyblue,128,167,171,216,119,
lightskyblue,128,167,171,60,123,
lightskyblue,192,167,170,211,277,
lightskyblue,192,167,208,211,278,
lightskyblue,192,167,210,211,279,
lightskyblue,192,167,172,211,280,
lightskyblue,192,167,211,214,281,
lightskyblue,192,167,211,174,282,
lightskyblue,192,167,211,216,283,
lightskyblue,192,167,211,60,287,
lightskyblue,198,167,170,213,301,
lightskyblue,198,167,208,213,302,
lightskyblue,198,167,210,213,303,
lightskyblue,198,167,172,213,304,
lightskyblue,198,167,212,213,305,
lightskyblue,198,167,213,174,306,
lightskyblue,198,167,213,216,307,
lightskyblue,198,167,213,60,311,
lightskyblue,162,167,170,173,147,
lightskyblue,162,167,208,173,148,
lightskyblue,162,167,210,173,149,
lightskyblue,162,167,172,173,150,
lightskyblue,162,167,212,173,151,
lightskyblue,162,167,214,173,152,
lightskyblue,162,167,173,216,153,
lightskyblue,162,167,173,60,157,
lightskyblue,204,167,170,215,325,
lightskyblue,204,167,208,215,326,
lightskyblue,204,167,210,215,327,
lightskyblue,204,167,172,215,328,
lightskyblue,204,167,212,215,329,
lightskyblue,204,167,214,215,330,
lightskyblue,204,167,174,215,331,
lightskyblue,204,167,215,60,335,
lightskyblue,92,175,169,208,77,
lightskyblue,92,175,169,210,78,
lightskyblue,92,175,169,172,79,
lightskyblue,92,175,169,212,80,
lightskyblue,92,175,169,214,81,
lightskyblue,92,175,169,174,82,
lightskyblue,92,175,169,216,83,
lightskyblue,92,175,169,60,87,
lightskyblue,180,175,170,207,229,
lightskyblue,180,175,207,210,230,
lightskyblue,180,175,207,172,231,
lightskyblue,180,175,207,212,232,
lightskyblue,180,175,207,214,233,
lightskyblue,180,175,207,174,234,
lightskyblue,180,175,207,216,235,
lightskyblue,180,175,207,60,239,
lightskyblue,186,175,170,209,253,
lightskyblue,186,175,208,209,254,
lightskyblue,186,175,209,172,255,
lightskyblue,186,175,209,212,256,
lightskyblue,186,175,209,214,257,
lightskyblue,186,175,209,174,258,
lightskyblue,186,175,209,216,259,
lightskyblue,186,175,209,60,263,
lightskyblue,128,175,170,171,113,
lightskyblue,128,175,208,171,114,
lightskyblue,128,175,210,171,115,
lightskyblue,128,175,171,212,116,
lightskyblue,128,175,171,214,117,
lightskyblue,128,175,171,174,118,
lightskyblue,128,175,171,216,119,
lightskyblue,128,175,171,60,123,
lightskyblue,192,175,170,211,277,
lightskyblue,192,175,208,211,278,
lightskyblue,192,175,210,211,279,
lightskyblue,192,175,172,211,280,
lightskyblue,192,175,211,214,281,
lightskyblue,192,175,211,174,282,
lightskyblue,192,175,211,216,283,
lightskyblue,192,175,211,60,287,
lightskyblue,198,175,170,213,301,
lightskyblue,198,175,208,213,302,
lightskyblue,198,175,210,213,303,
lightskyblue,198,175,172,213,304,
lightskyblue,198,175,212,213,305,
lightskyblue,198,175,213,174,306,
lightskyblue,198,175,213,216,307,
lightskyblue,198,175,213,60,311,
lightskyblue,162,175,170,173,147,
lightskyblue,162,175,208,173,148,
lightskyblue,162,175,210,173,149,
lightskyblue,162,175,172,173,150,
lightskyblue,162,175,212,173,151,
lightskyblue,162,175,214,173,152,
lightskyblue,162,175,173,216,153,
lightskyblue,162,175,173,60,157,
lightskyblue,204,175,170,215,325,
lightskyblue,204,175,208,215,326,
lightskyblue,204,175,210,215,327,
lightskyblue,204,175,172,215,328,
lightskyblue,204,175,212,215,329,
lightskyblue,204,175,214,215,330,
lightskyblue,204,175,174,215,331,
lightskyblue,204,175,215,60,335,
lightskyblue,94,62,170,207,67,
lightskyblue,94,62,170,209,67,
lightskyblue,94,62,170,171,67,
lightskyblue,94,62,170,211,67,
lightskyblue,94,62,170,213,67,
lightskyblue,94,62,170,173,67,
lightskyblue,94,62,170,215,67,
lightskyblue,94,62,170,51,67,
lightskyblue,94,62,170,53,67,
lightskyblue,94,62,170,55,67,
lightskyblue,94,62,170,59,67,
lightskyblue,94,62,170,57,67,
lightskyblue,182,62,169,208,219,
lightskyblue,182,62,208,209,219,
lightskyblue,182,62,208,171,219,
lightskyblue,182,62,208,211,219,
lightskyblue,182,62,208,213,219,
lightskyblue,182,62,208,173,219,
lightskyblue,182,62,208,215,219,
lightskyblue,182,62,208,51,219,
lightskyblue,182,62,208,53,219,
lightskyblue,182,62,208,55,219,
lightskyblue,182,62,208,59,219,
lightskyblue,182,62,208,57,219,
lightskyblue,188,62,169,210,243,
lightskyblue,188,62,207,210,243,
lightskyblue,188,62,210,171,243,
lightskyblue,188,62,210,211,243,
lightskyblue,188,62,210,213,243,
lightskyblue,188,62,210,173,243,
lightskyblue,188,62,210,215,243,
lightskyblue,188,62,210,51,243,
lightskyblue,188,62,210,53,243,
lightskyblue,188,62,210,55,243,
lightskyblue,188,62,210,59,243,
lightskyblue,188,62,210,57,243,
lightskyblue,130,62,169,172,103,
lightskyblue,130,62,207,172,103,
lightskyblue,130,62,209,172,103,
lightskyblue,130,62,172,211,103,
lightskyblue,130,62,172,213,103,
lightskyblue,130,62,172,173,103,
lightskyblue,130,62,172,215,103,
lightskyblue,130,62,172,51,103,
lightskyblue,130,62,172,53,103,
lightskyblue,130,62,172,55,103,
lightskyblue,130,62,172,59,103,
lightskyblue,130,62,172,57,103,
lightskyblue,194,62,169,212,267,
lightskyblue,194,62,207,212,267,
lightskyblue,194,62,209,212,267,
lightskyblue,194,62,171,212,267,
lightskyblue,194,62,212,213,267,
lightskyblue,194,62,212,173,267,
lightskyblue,194,62,212,215,267,
lightskyblue,194,62,212,51,267,
lightskyblue,194,62,212,53,267,
lightskyblue,194,62,212,55,267,
lightskyblue,194,62,212,59,267,
lightskyblue,194,62,212,57,267,
lightskyblue,200,62,169,214,291,
lightskyblue,200,62,207,214,291,
lightskyblue,200,62,209,214,291,
lightskyblue,200,62,171,214,291,
lightskyblue,200,62,211,214,291,
lightskyblue,200,62,214,173,291,
lightskyblue,200,62,214,215,291,
lightskyblue,200,62,214,51,291,
lightskyblue,200,62,214,53,291,
lightskyblue,200,62,214,55,291,
lightskyblue,200,62,214,59,291,
lightskyblue,200,62,214,57,291,
lightskyblue,164,62,169,174,137,
lightskyblue,164,62,207,174,137,
lightskyblue,164,62,209,174,137,
lightskyblue,164,62,171,174,137,
lightskyblue,164,62,211,174,137,
lightskyblue,164,62,213,174,137,
lightskyblue,164,62,174,215,137,
lightskyblue,164,62,174,51,137,
lightskyblue,164,62,174,53,137,
lightskyblue,164,62,174,55,137,
lightskyblue,164,62,174,59,137,
lightskyblue,164,62,174,57,137,
lightskyblue,206,62,169,216,315,
lightskyblue,206,62,207,216,315,
lightskyblue,206,62,209,216,315,
lightskyblue,206,62,171,216,315,
lightskyblue,206,62,211,216,315,
lightskyblue,206,62,213,216,315,
lightskyblue,206,62,173,216,315,
lightskyblue,206,62,216,51,315,
lightskyblue,206,62,216,53,315,
lightskyblue,206,62,216,55,315,
lightskyblue,206,62,216,59,315,
lightskyblue,206,62,216,57,315,
lightskyblue,94,64,170,207,68,
lightskyblue,94,64,170,209,68,
lightskyblue,94,64,170,171,68,
lightskyblue,94,64,170,211,68,
lightskyblue,94,64,170,213,68,
lightskyblue,94,64,170,173,68,
lightskyblue,94,64,170,215,68,
lightskyblue,94,64,170,51,68,
lightskyblue,94,64,170,53,68,
lightskyblue,94,64,170,55,68,
lightskyblue,94,64,170,59,68,
lightskyblue,94,64,170,57,68,
lightskyblue,182,64,169,208,220,
lightskyblue,182,64,208,209,220,
lightskyblue,182,64,208,171,220,
lightskyblue,182,64,208,211,220,
lightskyblue,182,64,208,213,220,
lightskyblue,182,64,208,173,220,
lightskyblue,182,64,208,215,220,
lightskyblue,182,64,208,51,220,
lightskyblue,182,64,208,53,220,
lightskyblue,182,64,208,55,220,
lightskyblue,182,64,208,59,220,
lightskyblue,182,64,208,57,220,
lightskyblue,188,64,169,210,244,
lightskyblue,188,64,207,210,244,
lightskyblue,188,64,210,171,244,
lightskyblue,188,64,210,211,244,
lightskyblue,188,64,210,213,244,
lightskyblue,188,64,210,173,244,
lightskyblue,188,64,210,215,244,
lightskyblue,188,64,210,51,244,
lightskyblue,188,64,210,53,244,
lightskyblue,188,64,210,55,244,
lightskyblue,188,64,210,59,244,
lightskyblue,188,64,210,57,244,
lightskyblue,130,64,169,172,104,
lightskyblue,130,64,207,172,104,
lightskyblue,130,64,209,172,104,
lightskyblue,130,64,172,211,104,
lightskyblue,130,64,172,213,104,
lightskyblue,130,64,172,173,104,
lightskyblue,130,64,172,215,104,
lightskyblue,130,64,172,51,104,
lightskyblue,130,64,172,53,104,
lightskyblue,130,64,172,55,104,
lightskyblue,130,64,172,59,104,
lightskyblue,130,64,172,57,104,
lightskyblue,194,64,169,212,268,
lightskyblue,194,64,207,212,268,
lightskyblue,194,64,209,212,268,
lightskyblue,194,64,171,212,268,
lightskyblue,194,64,212,213,268,
lightskyblue,194,64,212,173,268,
lightskyblue,194,64,212,215,268,
lightskyblue,194,64,212,51,268,
lightskyblue,194,64,212,53,268,
lightskyblue,194,64,212,55,268,
lightskyblue,194,64,212,59,268,
lightskyblue,194,64,212,57,268,
lightskyblue,200,64,169,214,292,
lightskyblue,200,64,207,214,292,
lightskyblue,200,64,209,214,292,
lightskyblue,200,64,171,214,292,
lightskyblue,200,64,211,214,292,
lightskyblue,200,64,214,173,292,
lightskyblue,200,64,214,215,292,
lightskyblue,200,64,214,51,292,
lightskyblue,200,64,214,53,292,
lightskyblue,200,64,214,55,292,
lightskyblue,200,64,214,59,292,
lightskyblue,200,64,214,57,292,
lightskyblue,164,64,169,174,138,
lightskyblue,164,64,207,174,138,
lightskyblue,164,64,209,174,138,
lightskyblue,164,64,171,174,138,
lightskyblue,164,64,211,174,138,
lightskyblue,164,64,213,174,138,
lightskyblue,164,64,174,215,138,
lightskyblue,164,64,174,51,138,
lightskyblue,164,64,174,53,138,
lightskyblue,164,64,174,55,138,
lightskyblue,164,64,174,59,138,
lightskyblue,164,64,174,57,138,
lightskyblue,206,64,169,216,316,
lightskyblue,206,64,207,216,316,
lightskyblue,206,64,209,216,316,
lightskyblue,206,64,171,216,316,
lightskyblue,206,64,211,216,316,
lightskyblue,206,64,213,216,316,
lightskyblue,206,64,173,216,316,
lightskyblue,206,64,216,51,316,
lightskyblue,206,64,216,53,316,
lightskyblue,206,64,216,55,316,
lightskyblue,206,64,216,59,316,
lightskyblue,206,64,216,57,316,
lightskyblue,94,96,170,207,69,
lightskyblue,94,96,170,209,69,
lightskyblue,94,96,170,171,69,
lightskyblue,94,96,170,211,69,
lightskyblue,94,96,170,213,69,
lightskyblue,94,96,170,173,69,
lightskyblue,94,96,170,215,69,
lightskyblue,94,96,170,51,69,
lightskyblue,94,96,170,53,69,
lightskyblue,94,96,170,55,69,
lightskyblue,94,96,170,59,69,
lightskyblue,94,96,170,57,69,
lightskyblue,182,96,169,208,221,
lightskyblue,182,96,208,209,221,
lightskyblue,182,96,208,171,221,
lightskyblue,182,96,208,211,221,
lightskyblue,182,96,208,213,221,
lightskyblue,182,96,208,173,221,
lightskyblue,182,96,208,215,221,
lightskyblue,182,96,208,51,221,
lightskyblue,182,96,208,53,221,
lightskyblue,182,96,208,55,221,
lightskyblue,182,96,208,59,221,
lightskyblue,182,96,208,57,221,
lightskyblue,188,96,169,210,245,
lightskyblue,188,96,207,210,245,
lightskyblue,188,96,210,171,245,
lightskyblue,188,96,210,211,245,
lightskyblue,188,96,210,213,245,
lightskyblue,188,96,210,173,245,
lightskyblue,188,96,210,215,245,
lightskyblue,188,96,210,51,245,
lightskyblue,188,96,210,53,245,
lightskyblue,188,96,210,55,245,
lightskyblue,188,96,210,59,245,
lightskyblue,188,96,210,57,245,
lightskyblue,130,96,169,172,105,
lightskyblue,130,96,207,172,105,
lightskyblue,130,96,209,172,105,
lightskyblue,130,96,172,211,105,
lightskyblue,130,96,172,213,105,
lightskyblue,130,96,172,173,105,
lightskyblue,130,96,172,215,105,
lightskyblue,130,96,172,51,105,
lightskyblue,130,96,172,53,105,
lightskyblue,130,96,172,55,105,
lightskyblue,130,96,172,59,105,
lightskyblue,130,96,172,57,105,
lightskyblue,194,96,169,212,269,
lightskyblue,194,96,207,212,269,
lightskyblue,194,96,209,212,269,
lightskyblue,194,96,171,212,269,
lightskyblue,194,96,212,213,269,
lightskyblue,194,96,212,173,269,
lightskyblue,194,96,212,215,269,
lightskyblue,194,96,212,51,269,
lightskyblue,194,96,212,53,269,
lightskyblue,194,96,212,55,269,
lightskyblue,194,96,212,59,269,
lightskyblue,194,96,212,57,269,
lightskyblue,200,96,169,214,293,
lightskyblue,200,96,207,214,293,
lightskyblue,200,96,209,214,293,
lightskyblue,200,96,171,214,293,
lightskyblue,200,96,211,214,293,
lightskyblue,200,96,214,173,293,
lightskyblue,200,96,214,215,293,
lightskyblue,200,96,214,51,293,
lightskyblue,200,96,214,53,293,
lightskyblue,200,96,214,55,293,
lightskyblue,200,96,214,59,293,
lightskyblue,200,96,214,57,293,
lightskyblue,164,96,169,174,139,
lightskyblue,164,96,207,174,139,
lightskyblue,164,96,209,174,139,
lightskyblue,164,96,171,174,139,
lightskyblue,164,96,211,174,139,
lightskyblue,164,96,213,174,139,
lightskyblue,164,96,174,215,139,
lightskyblue,164,96,174,51,139,
lightskyblue,164,96,174,53,139,
lightskyblue,164,96,174,55,139,
lightskyblue,164,96,174,59,139,
lightskyblue,164,96,174,57,139,
lightskyblue,206,96,169,216,317,
lightskyblue,206,96,207,216,317,
lightskyblue,206,96,209,216,317,
lightskyblue,206,96,171,216,317,
lightskyblue,206,96,211,216,317,
lightskyblue,206,96,213,216,317,
lightskyblue,206,96,173,216,317,
lightskyblue,206,96,216,51,317,
lightskyblue,206,96,216,53,317,
lightskyblue,206,96,216,55,317,
lightskyblue,206,96,216,59,317,
lightskyblue,206,96,216,57,317,
lightskyblue,94,98,170,207,70,
lightskyblue,94,98,170,209,70,
lightskyblue,94,98,170,171,70,
lightskyblue,94,98,170,211,70,
lightskyblue,94,98,170,213,70,
lightskyblue,94,98,170,173,70,
lightskyblue,94,98,170,215,70,
lightskyblue,94,98,170,51,70,
lightskyblue,94,98,170,53,70,
lightskyblue,94,98,170,55,70,
lightskyblue,94,98,170,59,70,
lightskyblue,94,98,170,57,70,
lightskyblue,182,98,169,208,222,
lightskyblue,182,98,208,209,222,
lightskyblue,182,98,208,171,222,
lightskyblue,182,98,208,211,222,
lightskyblue,182,98,208,213,222,
lightskyblue,182,98,208,173,222,
lightskyblue,182,98,208,215,222,
lightskyblue,182,98,208,51,222,
lightskyblue,182,98,208,53,222,
lightskyblue,182,98,208,55,222,
lightskyblue,182,98,208,59,222,
lightskyblue,182,98,208,57,222,
lightskyblue,188,98,169,210,246,
lightskyblue,188,98,207,210,246,
lightskyblue,188,98,210,171,246,
lightskyblue,188,98,210,211,246,
lightskyblue,188,98,210,213,246,
lightskyblue,188,98,210,173,246,
lightskyblue,188,98,210,215,246,
lightskyblue,188,98,210,51,246,
lightskyblue,188,98,210,53,246,
lightskyblue,188,98,210,55,246,
lightskyblue,188,98,210,59,246,
lightskyblue,188,98,210,57,246,
lightskyblue,130,98,169,172,106,
lightskyblue,130,98,207,172,106,
lightskyblue,130,98,209,172,106,
lightskyblue,130,98,172,211,106,
lightskyblue,130,98,172,213,106,
lightskyblue,130,98,172,173,106,
lightskyblue,130,98,172,215,106,
lightskyblue,130,98,172,51,106,
lightskyblue,130,98,172,53,106,
lightskyblue,130,98,172,55,106,
lightskyblue,130,98,172,59,106,
lightskyblue,130,98,172,57,106,
lightskyblue,194,98,169,212,270,
lightskyblue,194,98,207,212,270,
lightskyblue,194,98,209,212,270,
lightskyblue,194,98,171,212,270,
lightskyblue,194,98,212,213,270,
lightskyblue,194,98,212,173,270,
lightskyblue,194,98,212,215,270,
lightskyblue,194,98,212,51,270,
lightskyblue,194,98,212,53,270,
lightskyblue,194,98,212,55,270,
lightskyblue,194,98,212,59,270,
lightskyblue,194,98,212,57,270,
lightskyblue,200,98,169,214,294,
lightskyblue,200,98,207,214,294,
lightskyblue,200,98,209,214,294,
lightskyblue,200,98,171,214,294,
lightskyblue,200,98,211,214,294,
lightskyblue,200,98,214,173,294,
lightskyblue,200,98,214,215,294,
lightskyblue,200,98,214,51,294,
lightskyblue,200,98,214,53,294,
lightskyblue,200,98,214,55,294,
lightskyblue,200,98,214,59,294,
lightskyblue,200,98,214,57,294,
lightskyblue,164,98,169,174,140,
lightskyblue,164,98,207,174,140,
lightskyblue,164,98,209,174,140,
lightskyblue,164,98,171,174,140,
lightskyblue,164,98,211,174,140,
lightskyblue,164,98,213,174,140,
lightskyblue,164,98,174,215,140,
lightskyblue,164,98,174,51,140,
lightskyblue,164,98,174,53,140,
lightskyblue,164,98,174,55,140,
lightskyblue,164,98,174,59,140,
lightskyblue,164,98,174,57,140,
lightskyblue,206,98,169,216,318,
lightskyblue,206,98,207,216,318,
lightskyblue,206,98,209,216,318,
lightskyblue,206,98,171,216,318,
lightskyblue,206,98,211,216,318,
lightskyblue,206,98,213,216,318,
lightskyblue,206,98,173,216,318,
lightskyblue,206,98,216,51,318,
lightskyblue,206,98,216,53,318,
lightskyblue,206,98,216,55,318,
lightskyblue,206,98,216,59,318,
lightskyblue,206,98,216,57,318,
lightskyblue,94,100,170,207,71,
lightskyblue,94,100,170,209,71,
lightskyblue,94,100,170,171,71,
lightskyblue,94,100,170,211,71,
lightskyblue,94,100,170,213,71,
lightskyblue,94,100,170,173,71,
lightskyblue,94,100,170,215,71,
lightskyblue,94,100,170,51,71,
lightskyblue,94,100,170,53,71,
lightskyblue,94,100,170,55,71,
lightskyblue,94,100,170,59,71,
lightskyblue,94,100,170,57,71,
lightskyblue,182,100,169,208,223,
lightskyblue,182,100,208,209,223,
lightskyblue,182,100,208,171,223,
lightskyblue,182,100,208,211,223,
lightskyblue,182,100,208,213,223,
lightskyblue,182,100,208,173,223,
lightskyblue,182,100,208,215,223,
lightskyblue,182,100,208,51,223,
lightskyblue,182,100,208,53,223,
lightskyblue,182,100,208,55,223,
lightskyblue,182,100,208,59,223,
lightskyblue,182,100,208,57,223,
lightskyblue,188,100,169,210,247,
lightskyblue,188,100,207,210,247,
lightskyblue,188,100,210,171,247,
lightskyblue,188,100,210,211,247,
lightskyblue,188,100,210,213,247,
lightskyblue,188,100,210,173,247,
lightskyblue,188,100,210,215,247,
lightskyblue,188,100,210,51,247,
lightskyblue,188,100,210,53,247,
lightskyblue,188,100,210,55,247,
lightskyblue,188,100,210,59,247,
lightskyblue,188,100,210,57,247,
lightskyblue,130,100,169,172,107,
lightskyblue,130,100,207,172,107,
lightskyblue,130,100,209,172,107,
lightskyblue,130,100,172,211,107,
lightskyblue,130,100,172,213,107,
lightskyblue,130,100,172,173,107,
lightskyblue,130,100,172,215,107,
lightskyblue,130,100,172,51,107,
lightskyblue,130,100,172,53,107,
lightskyblue,130,100,172,55,107,
lightskyblue,130,100,172,59,107,
lightskyblue,130,100,172,57,107,
lightskyblue,194,100,169,212,271,
lightskyblue,194,100,207,212,271,
lightskyblue,194,100,209,212,271,
lightskyblue,194,100,171,212,271,
lightskyblue,194,100,212,213,271,
lightskyblue,194,100,212,173,271,
lightskyblue,194,100,212,215,271,
lightskyblue,194,100,212,51,271,
lightskyblue,194,100,212,53,271,
lightskyblue,194,100,212,55,271,
lightskyblue,194,100,212,59,271,
lightskyblue,194,100,212,57,271,
lightskyblue,200,100,169,214,295,
lightskyblue,200,100,207,214,295,
lightskyblue,200,100,209,214,295,
lightskyblue,200,100,171,214,295,
lightskyblue,200,100,211,214,295,
lightskyblue,200,100,214,173,295,
lightskyblue,200,100,214,215,295,
lightskyblue,200,100,214,51,295,
lightskyblue,200,100,214,53,295,
lightskyblue,200,100,214,55,295,
lightskyblue,200,100,214,59,295,
lightskyblue,200,100,214,57,295,
lightskyblue,164,100,169,174,141,
lightskyblue,164,100,207,174,141,
lightskyblue,164,100,209,174,141,
lightskyblue,164,100,171,174,141,
lightskyblue,164,100,211,174,141,
lightskyblue,164,100,213,174,141,
lightskyblue,164,100,174,215,141,
lightskyblue,164,100,174,51,141,
lightskyblue,164,100,174,53,141,
lightskyblue,164,100,174,55,141,
lightskyblue,164,100,174,59,141,
lightskyblue,164,100,174,57,141,
lightskyblue,206,100,169,216,319,
lightskyblue,206,100,207,216,319,
lightskyblue,206,100,209,216,319,
lightskyblue,206,100,171,216,319,
lightskyblue,206,100,211,216,319,
lightskyblue,206,100,213,216,319,
lightskyblue,206,100,173,216,319,
lightskyblue,206,100,216,51,319,
lightskyblue,206,100,216,53,319,
lightskyblue,206,100,216,55,319,
lightskyblue,206,100,216,59,319,
lightskyblue,206,100,216,57,319,
lightskyblue,94,132,170,207,72,
lightskyblue,94,132,170,209,72,
lightskyblue,94,132,170,171,72,
lightskyblue,94,132,170,211,72,
lightskyblue,94,132,170,213,72,
lightskyblue,94,132,170,173,72,
lightskyblue,94,132,170,215,72,
lightskyblue,94,132,170,51,72,
lightskyblue,94,132,170,53,72,
lightskyblue,94,132,170,55,72,
lightskyblue,94,132,170,59,72,
lightskyblue,94,132,170,57,72,
lightskyblue,182,132,169,208,224,
lightskyblue,182,132,208,209,224,
lightskyblue,182,132,208,171,224,
lightskyblue,182,132,208,211,224,
lightskyblue,182,132,208,213,224,
lightskyblue,182,132,208,173,224,
lightskyblue,182,132,208,215,224,
lightskyblue,182,132,208,51,224,
lightskyblue,182,132,208,53,224,
lightskyblue,182,132,208,55,224,
lightskyblue,182,132,208,59,224,
lightskyblue,182,132,208,57,224,
lightskyblue,188,132,169,210,248,
lightskyblue,188,132,207,210,248,
lightskyblue,188,132,210,171,248,
lightskyblue,188,132,210,211,248,
lightskyblue,188,132,210,213,248,
lightskyblue,188,132,210,173,248,
lightskyblue,188,132,210,215,248,
lightskyblue,188,132,210,51,248,
lightskyblue,188,132,210,53,248,
lightskyblue,188,132,210,55,248,
lightskyblue,188,132,210,59,248,
lightskyblue,188,132,210,57,248,
lightskyblue,130,132,169,172,108,
lightskyblue,130,132,207,172,108,
lightskyblue,130,132,209,172,108,
lightskyblue,130,132,172,211,108,
lightskyblue,130,132,172,213,108,
lightskyblue,130,132,172,173,108,
lightskyblue,130,132,172,215,108,
lightskyblue,130,132,172,51,108,
lightskyblue,130,132,172,53,108,
lightskyblue,130,132,172,55,108,
lightskyblue,130,132,172,59,108,
lightskyblue,130,132,172,57,108,
lightskyblue,194,132,169,212,272,
lightskyblue,194,132,207,212,272,
lightskyblue,194,132,209,212,272,
lightskyblue,194,132,171,212,272,
lightskyblue,194,132,212,213,272,
lightskyblue,194,132,212,173,272,
lightskyblue,194,132,212,215,272,
lightskyblue,194,132,212,51,272,
lightskyblue,194,132,212,53,272,
lightskyblue,194,132,212,55,272,
lightskyblue,194,132,212,59,272,
lightskyblue,194,132,212,57,272,
lightskyblue,200,132,169,214,296,
lightskyblue,200,132,207,214,296,
lightskyblue,200,132,209,214,296,
lightskyblue,200,132,171,214,296,
lightskyblue,200,132,211,214,296,
lightskyblue,200,132,214,173,296,
lightskyblue,200,132,214,215,296,
lightskyblue,200,132,214,51,296,
lightskyblue,200,132,214,53,296,
lightskyblue,200,132,214,55,296,
lightskyblue,200,132,214,59,296,
lightskyblue,200,132,214,57,296,
lightskyblue,164,132,169,174,142,
lightskyblue,164,132,207,174,142,
lightskyblue,164,132,209,174,142,
lightskyblue,164,132,171,174,142,
lightskyblue,164,132,211,174,142,
lightskyblue,164,132,213,174,142,
lightskyblue,164,132,174,215,142,
lightskyblue,164,132,174,51,142,
lightskyblue,164,132,174,53,142,
lightskyblue,164,132,174,55,142,
lightskyblue,164,132,174,59,142,
lightskyblue,164,132,174,57,142,
lightskyblue,206,132,169,216,320,
lightskyblue,206,132,207,216,320,
lightskyblue,206,132,209,216,320,
lightskyblue,206,132,171,216,320,
lightskyblue,206,132,211,216,320,
lightskyblue,206,132,213,216,320,
lightskyblue,206,132,173,216,320,
lightskyblue,206,132,216,51,320,
lightskyblue,206,132,216,53,320,
lightskyblue,206,132,216,55,320,
lightskyblue,206,132,216,59,320,
lightskyblue,206,132,216,57,320,
lightskyblue,94,134,170,207,73,
lightskyblue,94,134,170,209,73,
lightskyblue,94,134,170,171,73,
lightskyblue,94,134,170,211,73,
lightskyblue,94,134,170,213,73,
lightskyblue,94,134,170,173,73,
lightskyblue,94,134,170,215,73,
lightskyblue,94,134,170,51,73,
lightskyblue,94,134,170,53,73,
lightskyblue,94,134,170,55,73,
lightskyblue,94,134,170,59,73,
lightskyblue,94,134,170,57,73,
lightskyblue,182,134,169,208,225,
lightskyblue,182,134,208,209,225,
lightskyblue,182,134,208,171,225,
lightskyblue,182,134,208,211,225,
lightskyblue,182,134,208,213,225,
lightskyblue,182,134,208,173,225,
lightskyblue,182,134,208,215,225,
lightskyblue,182,134,208,51,225,
lightskyblue,182,134,208,53,225,
lightskyblue,182,134,208,55,225,
lightskyblue,182,134,208,59,225,
lightskyblue,182,134,208,57,225,
lightskyblue,188,134,169,210,249,
lightskyblue,188,134,207,210,249,
lightskyblue,188,134,210,171,249,
lightskyblue,188,134,210,211,249,
lightskyblue,188,134,210,213,249,
lightskyblue,188,134,210,173,249,
lightskyblue,188,134,210,215,249,
lightskyblue,188,134,210,51,249,
lightskyblue,188,134,210,53,249,
lightskyblue,188,134,210,55,249,
lightskyblue,188,134,210,59,249,
lightskyblue,188,134,210,57,249,
lightskyblue,130,134,169,172,109,
lightskyblue,130,134,207,172,109,
lightskyblue,130,134,209,172,109,
lightskyblue,130,134,172,211,109,
lightskyblue,130,134,172,213,109,
lightskyblue,130,134,172,173,109,
lightskyblue,130,134,172,215,109,
lightskyblue,130,134,172,51,109,
lightskyblue,130,134,172,53,109,
lightskyblue,130,134,172,55,109,
lightskyblue,130,134,172,59,109,
lightskyblue,130,134,172,57,109,
lightskyblue,194,134,169,212,273,
lightskyblue,194,134,207,212,273,
lightskyblue,194,134,209,212,273,
lightskyblue,194,134,171,212,273,
lightskyblue,194,134,212,213,273,
lightskyblue,194,134,212,173,273,
lightskyblue,194,134,212,215,273,
lightskyblue,194,134,212,51,273,
lightskyblue,194,134,212,53,273,
lightskyblue,194,134,212,55,273,
lightskyblue,194,134,212,59,273,
lightskyblue,194,134,212,57,273,
lightskyblue,200,134,169,214,297,
lightskyblue,200,134,207,214,297,
lightskyblue,200,134,209,214,297,
lightskyblue,200,134,171,214,297,
lightskyblue,200,134,211,214,297,
lightskyblue,200,134,214,173,297,
lightskyblue,200,134,214,215,297,
lightskyblue,200,134,214,51,297,
lightskyblue,200,134,214,53,297,
lightskyblue,200,134,214,55,297,
lightskyblue,200,134,214,59,297,
lightskyblue,200,134,214,57,297,
lightskyblue,164,134,169,174,143,
lightskyblue,164,134,207,174,143,
lightskyblue,164,134,209,174,143,
lightskyblue,164,134,171,174,143,
lightskyblue,164,134,211,174,143,
lightskyblue,164,134,213,174,143,
lightskyblue,164,134,174,215,143,
lightskyblue,164,134,174,51,143,
lightskyblue,164,134,174,53,143,
lightskyblue,164,134,174,55,143,
lightskyblue,164,134,174,59,143,
lightskyblue,164,134,174,57,143,
lightskyblue,206,134,169,216,321,
lightskyblue,206,134,207,216,321,
lightskyblue,206,134,209,216,321,
lightskyblue,206,134,171,216,321,
lightskyblue,206,134,211,216,321,
lightskyblue,206,134,213,216,321,
lightskyblue,206,134,173,216,321,
lightskyblue,206,134,216,51,321,
lightskyblue,206,134,216,53,321,
lightskyblue,206,134,216,55,321,
lightskyblue,206,134,216,59,321,
lightskyblue,206,134,216,57,321,
lightskyblue,94,166,170,207,74,
lightskyblue,94,166,170,209,74,
lightskyblue,94,166,170,171,74,
lightskyblue,94,166,170,211,74,
lightskyblue,94,166,170,213,74,
lightskyblue,94,166,170,173,74,
lightskyblue,94,166,170,215,74,
lightskyblue,94,166,170,51,74,
lightskyblue,94,166,170,53,74,
lightskyblue,94,166,170,55,74,
lightskyblue,94,166,170,59,74,
lightskyblue,94,166,170,57,74,
lightskyblue,182,166,169,208,226,
lightskyblue,182,166,208,209,226,
lightskyblue,182,166,208,171,226,
lightskyblue,182,166,208,211,226,
lightskyblue,182,166,208,213,226,
lightskyblue,182,166,208,173,226,
lightskyblue,182,166,208,215,226,
lightskyblue,182,166,208,51,226,
lightskyblue,182,166,208,53,226,
lightskyblue,182,166,208,55,226,
lightskyblue,182,166,208,59,226,
lightskyblue,182,166,208,57,226,
lightskyblue,188,166,169,210,250,
lightskyblue,188,166,207,210,250,
lightskyblue,188,166,210,171,250,
lightskyblue,188,166,210,211,250,
lightskyblue,188,166,210,213,250,
lightskyblue,188,166,210,173,250,
lightskyblue,188,166,210,215,250,
lightskyblue,188,166,210,51,250,
lightskyblue,188,166,210,53,250,
lightskyblue,188,166,210,55,250,
lightskyblue,188,166,210,59,250,
lightskyblue,188,166,210,57,250,
lightskyblue,130,166,169,172,110,
lightskyblue,130,166,207,172,110,
lightskyblue,130,166,209,172,110,
lightskyblue,130,166,172,211,110,
lightskyblue,130,166,172,213,110,
lightskyblue,130,166,172,173,110,
lightskyblue,130,166,172,215,110,
lightskyblue,130,166,172,51,110,
lightskyblue,130,166,172,53,110,
lightskyblue,130,166,172,55,110,
lightskyblue,130,166,172,59,110,
lightskyblue,130,166,172,57,110,
lightskyblue,194,166,169,212,274,
lightskyblue,194,166,207,212,274,
lightskyblue,194,166,209,212,274,
lightskyblue,194,166,171,212,274,
lightskyblue,194,166,212,213,274,
lightskyblue,194,166,212,173,274,
lightskyblue,194,166,212,215,274,
lightskyblue,194,166,212,51,274,
lightskyblue,194,166,212,53,274,
lightskyblue,194,166,212,55,274,
lightskyblue,194,166,212,59,274,
lightskyblue,194,166,212,57,274,
lightskyblue,200,166,169,214,298,
lightskyblue,200,166,207,214,298,
lightskyblue,200,166,209,214,298,
lightskyblue,200,166,171,214,298,
lightskyblue,200,166,211,214,298,
lightskyblue,200,166,214,173,298,
lightskyblue,200,166,214,215,298,
lightskyblue,200,166,214,51,298,
lightskyblue,200,166,214,53,298,
lightskyblue,200,166,214,55,298,
lightskyblue,200,166,214,59,298,
lightskyblue,200,166,214,57,298,
lightskyblue,164,166,169,174,144,
lightskyblue,164,166,207,174,144,
lightskyblue,164,166,209,174,144,
lightskyblue,164,166,171,174,144,
lightskyblue,164,166,211,174,144,
lightskyblue,164,166,213,174,144,
lightskyblue,164,166,174,215,144,
lightskyblue,164,166,174,51,144,
lightskyblue,164,166,174,53,144,
lightskyblue,164,166,174,55,144,
lightskyblue,164,166,174,59,144,
lightskyblue,164,166,174,57,144,
lightskyblue,206,166,169,216,322,
lightskyblue,206,166,207,216,322,
lightskyblue,206,166,209,216,322,
lightskyblue,206,166,171,216,322,
lightskyblue,206,166,211,216,322,
lightskyblue,206,166,213,216,322,
lightskyblue,206,166,173,216,322,
lightskyblue,206,166,216,51,322,
lightskyblue,206,166,216,53,322,
lightskyblue,206,166,216,55,322,
lightskyblue,206,166,216,59,322,
lightskyblue,206,166,216,57,322,
lightskyblue,94,168,170,207,75,
lightskyblue,94,168,170,209,75,
lightskyblue,94,168,170,171,75,
lightskyblue,94,168,170,211,75,
lightskyblue,94,168,170,213,75,
lightskyblue,94,168,170,173,75,
lightskyblue,94,168,170,215,75,
lightskyblue,94,168,170,51,75,
lightskyblue,94,168,170,53,75,
lightskyblue,94,168,170,55,75,
lightskyblue,94,168,170,59,75,
lightskyblue,94,168,170,57,75,
lightskyblue,182,168,169,208,227,
lightskyblue,182,168,208,209,227,
lightskyblue,182,168,208,171,227,
lightskyblue,182,168,208,211,227,
lightskyblue,182,168,208,213,227,
lightskyblue,182,168,208,173,227,
lightskyblue,182,168,208,215,227,
lightskyblue,182,168,208,51,227,
lightskyblue,182,168,208,53,227,
lightskyblue,182,168,208,55,227,
lightskyblue,182,168,208,59,227,
lightskyblue,182,168,208,57,227,
lightskyblue,188,168,169,210,251,
lightskyblue,188,168,207,210,251,
lightskyblue,188,168,210,171,251,
lightskyblue,188,168,210,211,251,
lightskyblue,188,168,210,213,251,
lightskyblue,188,168,210,173,251,
lightskyblue,188,168,210,215,251,
lightskyblue,188,168,210,51,251,
lightskyblue,188,168,210,53,251,
lightskyblue,188,168,210,55,251,
lightskyblue,188,168,210,59,251,
lightskyblue,188,168,210,57,251,
lightskyblue,130,168,169,172,111,
lightskyblue,130,168,207,172,111,
lightskyblue,130,168,209,172,111,
lightskyblue,130,168,172,211,111,
lightskyblue,130,168,172,213,111,
lightskyblue,130,168,172,173,111,
lightskyblue,130,168,172,215,111,
lightskyblue,130,168,172,51,111,
lightskyblue,130,168,172,53,111,
lightskyblue,130,168,172,55,111,
lightskyblue,130,168,172,59,111,
lightskyblue,130,168,172,57,111,
lightskyblue,194,168,169,212,275,
lightskyblue,194,168,207,212,275,
lightskyblue,194,168,209,212,275,
lightskyblue,194,168,171,212,275,
lightskyblue,194,168,212,213,275,
lightskyblue,194,168,212,173,275,
lightskyblue,194,168,212,215,275,
lightskyblue,194,168,212,51,275,
lightskyblue,194,168,212,53,275,
lightskyblue,194,168,212,55,275,
lightskyblue,194,168,212,59,275,
lightskyblue,194,168,212,57,275,
lightskyblue,200,168,169,214,299,
lightskyblue,200,168,207,214,299,
lightskyblue,200,168,209,214,299,
lightskyblue,200,168,171,214,299,
lightskyblue,200,168,211,214,299,
lightskyblue,200,168,214,173,299,
lightskyblue,200,168,214,215,299,
lightskyblue,200,168,214,51,299,
lightskyblue,200,168,214,53,299,
lightskyblue,200,168,214,55,299,
lightskyblue,200,168,214,59,299,
lightskyblue,200,168,214,57,299,
lightskyblue,164,168,169,174,145,
lightskyblue,164,168,207,174,145,
lightskyblue,164,168,209,174,145,
lightskyblue,164,168,171,174,145,
lightskyblue,164,168,211,174,145,
lightskyblue,164,168,213,174,145,
lightskyblue,164,168,174,215,145,
lightskyblue,164,168,174,51,145,
lightskyblue,164,168,174,53,145,
lightskyblue,164,168,174,55,145,
lightskyblue,164,168,174,59,145,
lightskyblue,164,168,174,57,145,
lightskyblue,206,168,169,216,323,
lightskyblue,206,168,207,216,323,
lightskyblue,206,168,209,216,323,
lightskyblue,206,168,171,216,323,
lightskyblue,206,168,211,216,323,
lightskyblue,206,168,213,216,323,
lightskyblue,206,168,173,216,323,
lightskyblue,206,168,216,51,323,
lightskyblue,206,168,216,53,323,
lightskyblue,206,168,216,55,323,
lightskyblue,206,168,216,59,323,
lightskyblue,206,168,216,57,323,
lightskyblue,94,176,170,207,76,
lightskyblue,94,176,170,209,76,
lightskyblue,94,176,170,171,76,
lightskyblue,94,176,170,211,76,
lightskyblue,94,176,170,213,76,
lightskyblue,94,176,170,173,76,
lightskyblue,94,176,170,215,76,
lightskyblue,94,176,170,51,76,
lightskyblue,94,176,170,53,76,
lightskyblue,94,176,170,55,76,
lightskyblue,94,176,170,59,76,
lightskyblue,94,176,170,57,76,
lightskyblue,182,176,169,208,228,
lightskyblue,182,176,208,209,228,
lightskyblue,182,176,208,171,228,
lightskyblue,182,176,208,211,228,
lightskyblue,182,176,208,213,228,
lightskyblue,182,176,208,173,228,
lightskyblue,182,176,208,215,228,
lightskyblue,182,176,208,51,228,
lightskyblue,182,176,208,53,228,
lightskyblue,182,176,208,55,228,
lightskyblue,182,176,208,59,228,
lightskyblue,182,176,208,57,228,
lightskyblue,188,176,169,210,252,
lightskyblue,188,176,207,210,252,
lightskyblue,188,176,210,171,252,
lightskyblue,188,176,210,211,252,
lightskyblue,188,176,210,213,252,
lightskyblue,188,176,210,173,252,
lightskyblue,188,176,210,215,252,
lightskyblue,188,176,210,51,252,
lightskyblue,188,176,210,53,252,
lightskyblue,188,176,210,55,252,
lightskyblue,188,176,210,59,252,
lightskyblue,188,176,210,57,252,
lightskyblue,130,176,169,172,112,
lightskyblue,130,176,207,172,112,
lightskyblue,130,176,209,172,112,
lightskyblue,130,176,172,211,112,
lightskyblue,130,176,172,213,112,
lightskyblue,130,176,172,173,112,
lightskyblue,130,176,172,215,112,
lightskyblue,130,176,172,51,112,
lightskyblue,130,176,172,53,112,
lightskyblue,130,176,172,55,112,
lightskyblue,130,176,172,59,112,
lightskyblue,130,176,172,57,112,
lightskyblue,194,176,169,212,276,
lightskyblue,194,176,207,212,276,
lightskyblue,194,176,209,212,276,
lightskyblue,194,176,171,212,276,
lightskyblue,194,176,212,213,276,
lightskyblue,194,176,212,173,276,
lightskyblue,194,176,212,215,276,
lightskyblue,194,176,212,51,276,
lightskyblue,194,176,212,53,276,
lightskyblue,194,176,212,55,276,
lightskyblue,194,176,212,59,276,
lightskyblue,194,176,212,57,276,
lightskyblue,200,176,169,214,300,
lightskyblue,200,176,207,214,300,
lightskyblue,200,176,209,214,300,
lightskyblue,200,176,171,214,300,
lightskyblue,200,176,211,214,300,
lightskyblue,200,176,214,173,300,
lightskyblue,200,176,214,215,300,
lightskyblue,200,176,214,51,300,
lightskyblue,200,176,214,53,300,
lightskyblue,200,176,214,55,300,
lightskyblue,200,176,214,59,300,
lightskyblue,200,176,214,57,300,
lightskyblue,164,176,169,174,146,
lightskyblue,164,176,207,174,146,
lightskyblue,164,176,209,174,146,
lightskyblue,164,176,171,174,146,
lightskyblue,164,176,211,174,146,
lightskyblue,164,176,213,174,146,
lightskyblue,164,176,174,215,146,
lightskyblue,164,176,174,51,146,
lightskyblue,164,176,174,53,146,
lightskyblue,164,176,174,55,146,
lightskyblue,164,176,174,59,146,
lightskyblue,164,176,174,57,146,
lightskyblue,206,176,169,216,324,
lightskyblue,206,176,207,216,324,
lightskyblue,206,176,209,216,324,
lightskyblue,206,176,171,216,324,
lightskyblue,206,176,211,216,324,
lightskyblue,206,176,213,216,324,
lightskyblue,206,176,173,216,324,
lightskyblue,206,176,216,51,324,
lightskyblue,206,176,216,53,324,
lightskyblue,206,176,216,55,324,
lightskyblue,206,176,216,59,324,
lightskyblue,206,176,216,57,324,
lightskyblue,61,65,
lightskyblue,61,66,
lightskyblue,61,217,
lightskyblue,61,218,
lightskyblue,61,241,
lightskyblue,61,242,
lightskyblue,61,101,
lightskyblue,61,102,
lightskyblue,61,265,
lightskyblue,61,266,
lightskyblue,61,289,
lightskyblue,61,290,
lightskyblue,61,135,
lightskyblue,61,136,
lightskyblue,61,313,
lightskyblue,61,314,
lightskyblue,63,65,
lightskyblue,63,66,
lightskyblue,63,217,
lightskyblue,63,218,
lightskyblue,63,241,
lightskyblue,63,242,
lightskyblue,63,101,
lightskyblue,63,102,
lightskyblue,63,265,
lightskyblue,63,266,
lightskyblue,63,289,
lightskyblue,63,290,
lightskyblue,63,135,
lightskyblue,63,136,
lightskyblue,63,313,
lightskyblue,63,314,
lightskyblue,95,65,
lightskyblue,95,66,
lightskyblue,95,217,
lightskyblue,95,218,
lightskyblue,95,241,
lightskyblue,95,242,
lightskyblue,95,101,
lightskyblue,95,102,
lightskyblue,95,265,
lightskyblue,95,266,
lightskyblue,95,289,
lightskyblue,95,290,
lightskyblue,95,135,
lightskyblue,95,136,
lightskyblue,95,313,
lightskyblue,95,314,
lightskyblue,97,65,
lightskyblue,97,66,
lightskyblue,97,217,
lightskyblue,97,218,
lightskyblue,97,241,
lightskyblue,97,242,
lightskyblue,97,101,
lightskyblue,97,102,
lightskyblue,97,265,
lightskyblue,97,266,
lightskyblue,97,289,
lightskyblue,97,290,
lightskyblue,97,135,
lightskyblue,97,136,
lightskyblue,97,313,
lightskyblue,97,314,
lightskyblue,99,65,
lightskyblue,99,66,
lightskyblue,99,217,
lightskyblue,99,218,
lightskyblue,99,241,
lightskyblue,99,242,
lightskyblue,99,101,
lightskyblue,99,102,
lightskyblue,99,265,
lightskyblue,99,266,
lightskyblue,99,289,
lightskyblue,99,290,
lightskyblue,99,135,
lightskyblue,99,136,
lightskyblue,99,313,
lightskyblue,99,314,
lightskyblue,131,65,
lightskyblue,131,66,
lightskyblue,131,217,
lightskyblue,131,218,
lightskyblue,131,241,
lightskyblue,131,242,
lightskyblue,131,101,
lightskyblue,131,102,
lightskyblue,131,265,
lightskyblue,131,266,
lightskyblue,131,289,
lightskyblue,131,290,
lightskyblue,131,135,
lightskyblue,131,136,
lightskyblue,131,313,
lightskyblue,131,314,
lightskyblue,133,65,
lightskyblue,133,66,
lightskyblue,133,217,
lightskyblue,133,218,
lightskyblue,133,241,
lightskyblue,133,242,
lightskyblue,133,101,
lightskyblue,133,102,
lightskyblue,133,265,
lightskyblue,133,266,
lightskyblue,133,289,
lightskyblue,133,290,
lightskyblue,133,135,
lightskyblue,133,136,
lightskyblue,133,313,
lightskyblue,133,314,
lightskyblue,165,65,
lightskyblue,165,66,
lightskyblue,165,217,
lightskyblue,165,218,
lightskyblue,165,241,
lightskyblue,165,242,
lightskyblue,165,101,
lightskyblue,165,102,
lightskyblue,165,265,
lightskyblue,165,266,
lightskyblue,165,289,
lightskyblue,165,290,
lightskyblue,165,135,
lightskyblue,165,136,
lightskyblue,165,313,
lightskyblue,165,314,
lightskyblue,167,65,
lightskyblue,167,66,
lightskyblue,167,217,
lightskyblue,167,218,
lightskyblue,167,241,
lightskyblue,167,242,
lightskyblue,167,101,
lightskyblue,167,102,
lightskyblue,167,265,
lightskyblue,167,266,
lightskyblue,167,289,
lightskyblue,167,290,
lightskyblue,167,135,
lightskyblue,167,136,
lightskyblue,167,313,
lightskyblue,167,314,
lightskyblue,175,65,
lightskyblue,175,66,
lightskyblue,175,217,
lightskyblue,175,218,
lightskyblue,175,241,
lightskyblue,175,242,
lightskyblue,175,101,
lightskyblue,175,102,
lightskyblue,175,265,
lightskyblue,175,266,
lightskyblue,175,289,
lightskyblue,175,290,
lightskyblue,175,135,
lightskyblue,175,136,
lightskyblue,175,313,
lightskyblue,175,314,
lightskyblue,62,67,
lightskyblue,62,67,
lightskyblue,62,219,
lightskyblue,62,219,
lightskyblue,62,243,
lightskyblue,62,243,
lightskyblue,62,103,
lightskyblue,62,103,
lightskyblue,62,267,
lightskyblue,62,267,
lightskyblue,62,291,
lightskyblue,62,291,
lightskyblue,62,137,
lightskyblue,62,137,
lightskyblue,62,315,
lightskyblue,62,315,
lightskyblue,64,68,
lightskyblue,64,68,
lightskyblue,64,220,
lightskyblue,64,220,
lightskyblue,64,244,
lightskyblue,64,244,
lightskyblue,64,104,
lightskyblue,64,104,
lightskyblue,64,268,
lightskyblue,64,268,
lightskyblue,64,292,
lightskyblue,64,292,
lightskyblue,64,138,
lightskyblue,64,138,
lightskyblue,64,316,
lightskyblue,64,316,
lightskyblue,96,69,
lightskyblue,96,69,
lightskyblue,96,221,
lightskyblue,96,221,
lightskyblue,96,245,
lightskyblue,96,245,
lightskyblue,96,105,
lightskyblue,96,105,
lightskyblue,96,269,
lightskyblue,96,269,
lightskyblue,96,293,
lightskyblue,96,293,
lightskyblue,96,139,
lightskyblue,96,139,
lightskyblue,96,317,
lightskyblue,96,317,
lightskyblue,98,70,
lightskyblue,98,70,
lightskyblue,98,222,
lightskyblue,98,222,
lightskyblue,98,246,
lightskyblue,98,246,
lightskyblue,98,106,
lightskyblue,98,106,
lightskyblue,98,270,
lightskyblue,98,270,
lightskyblue,98,294,
lightskyblue,98,294,
lightskyblue,98,140,
lightskyblue,98,140,
lightskyblue,98,318,
lightskyblue,98,318,
lightskyblue,100,71,
lightskyblue,100,71,
lightskyblue,100,223,
lightskyblue,100,223,
lightskyblue,100,247,
lightskyblue,100,247,
lightskyblue,100,107,
lightskyblue,100,107,
lightskyblue,100,271,
lightskyblue,100,271,
lightskyblue,100,295,
lightskyblue,100,295,
lightskyblue,100,141,
lightskyblue,100,141,
lightskyblue,100,319,
lightskyblue,100,319,
lightskyblue,132,72,
lightskyblue,132,72,
lightskyblue,132,224,
lightskyblue,132,224,
lightskyblue,132,248,
lightskyblue,132,248,
lightskyblue,132,108,
lightskyblue,132,108,
lightskyblue,132,272,
lightskyblue,132,272,
lightskyblue,132,296,
lightskyblue,132,296,
lightskyblue,132,142,
lightskyblue,132,142,
lightskyblue,132,320,
lightskyblue,132,320,
lightskyblue,134,73,
lightskyblue,134,73,
lightskyblue,134,225,
lightskyblue,134,225,
lightskyblue,134,249,
lightskyblue,134,249,
lightskyblue,134,109,
lightskyblue,134,109,
lightskyblue,134,273,
lightskyblue,134,273,
lightskyblue,134,297,
lightskyblue,134,297,
lightskyblue,134,143,
lightskyblue,134,143,
lightskyblue,134,321,
lightskyblue,134,321,
lightskyblue,166,74,
lightskyblue,166,74,
lightskyblue,166,226,
lightskyblue,166,226,
lightskyblue,166,250,
lightskyblue,166,250,
lightskyblue,166,110,
lightskyblue,166,110,
lightskyblue,166,274,
lightskyblue,166,274,
lightskyblue,166,298,
lightskyblue,166,298,
lightskyblue,166,144,
lightskyblue,166,144,
lightskyblue,166,322,
lightskyblue,166,322,
lightskyblue,168,75,
lightskyblue,168,75,
lightskyblue,168,227,
lightskyblue,168,227,
lightskyblue,168,251,
lightskyblue,168,251,
lightskyblue,168,111,
lightskyblue,168,111,
lightskyblue,168,275,
lightskyblue,168,275,
lightskyblue,168,299,
lightskyblue,168,299,
lightskyblue,168,145,
lightskyblue,168,145,
lightskyblue,168,323,
lightskyblue,168,323,
lightskyblue,176,76,
lightskyblue,176,76,
lightskyblue,176,228,
lightskyblue,176,228,
lightskyblue,176,252,
lightskyblue,176,252,
lightskyblue,176,112,
lightskyblue,176,112,
lightskyblue,176,276,
lightskyblue,176,276,
lightskyblue,176,300,
lightskyblue,176,300,
lightskyblue,176,146,
lightskyblue,176,146,
lightskyblue,176,324,
lightskyblue,176,324,
