green,
green,
green,
green,
green,
green,
green,
green,
green,
green,
green,
green,
green,
green,
green,
green,
green,
green,
green,
green,
green,
green,
green,
green,
green,
green,
green,
green,
green,
green,
green,
green,
green,
green,
green,
green,
green,
green,
green,
gold,0,341,342,343,344,1352,1354,1356,1358,1360,1362,1364,1366,1368,1442,1444,1446,1448,1450,1452,1454,1456,1458,
gold,0,345,346,347,348,1370,1372,1374,1376,1378,1380,1382,1384,1386,1460,1462,1464,1466,1468,1470,1472,1474,1476,
gold,0,349,350,351,352,1388,1390,1392,1394,1396,1398,1400,1402,1404,1478,1480,1482,1484,1486,1488,1490,1492,1494,
gold,0,353,354,355,356,1406,1408,1410,1412,1414,1416,1418,1420,1422,1496,1498,1500,1502,1504,1506,1508,1510,1512,
gold,0,357,358,359,360,1424,1426,1428,1430,1432,1434,1436,1438,1440,1514,1516,1518,1520,1522,1524,1526,1528,1530,
gold,1,321,322,323,324,1351,1353,1355,1357,1359,1361,1363,1365,1367,1441,1443,1445,1447,1449,1451,1453,1455,1457,
gold,1,325,326,327,328,1369,1371,1373,1375,1377,1379,1381,1383,1385,1459,1461,1463,1465,1467,1469,1471,1473,1475,
gold,1,329,330,331,332,1387,1389,1391,1393,1395,1397,1399,1401,1403,1477,1479,1481,1483,1485,1487,1489,1491,1493,
gold,1,333,334,335,336,1405,1407,1409,1411,1413,1415,1417,1419,1421,1495,1497,1499,1501,1503,1505,1507,1509,1511,
gold,1,337,338,339,340,1423,1425,1427,1429,1431,1433,1435,1437,1439,1513,1515,1517,1519,1521,1523,1525,1527,1529,
gold,2,369,378,387,396,405,414,423,432,441,
gold,2,
gold,3,450,459,468,477,486,495,504,513,522,
gold,3,
gold,4,531,540,549,558,567,576,585,594,603,
gold,4,
gold,5,612,621,630,639,648,657,666,675,684,
gold,5,
gold,6,693,702,711,720,729,738,747,756,765,
gold,6,
gold,7,1441,1459,1477,1495,1513,
gold,7,1442,1460,1478,1496,1514,
gold,7,361,362,363,364,365,366,367,368,369,1351,1352,
gold,7,442,443,444,445,446,447,448,449,450,1369,1370,
gold,7,523,524,525,526,527,528,529,530,531,1387,1388,
gold,7,604,605,606,607,608,609,610,611,612,1405,1406,
gold,7,685,686,687,688,689,690,691,692,693,1423,1424,
gold,7,766,883,1000,1117,1234,
gold,7,767,884,1001,1118,1235,
gold,7,768,885,1002,1119,1236,
gold,7,769,886,1003,1120,1237,
gold,7,770,887,1004,1121,1238,
gold,7,771,888,1005,1122,1239,
gold,7,772,889,1006,1123,1240,
gold,7,773,890,1007,1124,1241,
gold,7,774,891,1008,1125,1242,
gold,7,775,892,1009,1126,1243,
gold,7,776,893,1010,1127,1244,
gold,7,777,894,1011,1128,1245,
gold,7,778,895,1012,1129,1246,
gold,8,370,379,388,397,406,415,424,433,766,767,768,769,770,771,772,773,774,775,776,777,778,
gold,8,451,460,469,478,487,496,505,514,883,884,885,886,887,888,889,890,891,892,893,894,895,
gold,8,532,541,550,559,568,577,586,595,1000,1001,1002,1003,1004,1005,1006,1007,1008,1009,1010,1011,1012,
gold,8,613,622,631,640,649,658,667,676,1117,1118,1119,1120,1121,1122,1123,1124,1125,1126,1127,1128,1129,
gold,8,694,703,712,721,730,739,748,757,1234,1235,1236,1237,1238,1239,1240,1241,1242,1243,1244,1245,1246,
gold,8,
gold,9,1449,1467,1485,1503,1521,
gold,9,1450,1468,1486,1504,1522,
gold,9,397,398,399,400,401,402,403,404,405,1359,1360,
gold,9,478,479,480,481,482,483,484,485,486,1377,1378,
gold,9,559,560,561,562,563,564,565,566,567,1395,1396,
gold,9,640,641,642,643,644,645,646,647,648,1413,1414,
gold,9,721,722,723,724,725,726,727,728,729,1431,1432,
gold,9,818,935,1052,1169,1286,
gold,9,819,936,1053,1170,1287,
gold,9,820,937,1054,1171,1288,
gold,9,821,938,1055,1172,1289,
gold,9,822,939,1056,1173,1290,
gold,9,823,940,1057,1174,1291,
gold,9,824,941,1058,1175,1292,
gold,9,825,942,1059,1176,1293,
gold,9,826,943,1060,1177,1294,
gold,9,827,944,1061,1178,1295,
gold,9,828,945,1062,1179,1296,
gold,9,829,946,1063,1180,1297,
gold,9,830,947,1064,1181,1298,
gold,10,364,373,382,391,410,419,428,437,818,819,820,821,822,823,824,825,826,827,828,829,830,
gold,10,445,454,463,472,491,500,509,518,935,936,937,938,939,940,941,942,943,944,945,946,947,
gold,10,526,535,544,553,572,581,590,599,1052,1053,1054,1055,1056,1057,1058,1059,1060,1061,1062,1063,1064,
gold,10,607,616,625,634,653,662,671,680,1169,1170,1171,1172,1173,1174,1175,1176,1177,1178,1179,1180,1181,
gold,10,688,697,706,715,734,743,752,761,1286,1287,1288,1289,1290,1291,1292,1293,1294,1295,1296,1297,1298,
gold,10,
gold,11,361,380,389,398,407,416,425,434,779,780,781,782,783,784,785,786,787,788,789,790,791,
gold,11,442,461,470,479,488,497,506,515,896,897,898,899,900,901,902,903,904,905,906,907,908,
gold,11,523,542,551,560,569,578,587,596,1013,1014,1015,1016,1017,1018,1019,1020,1021,1022,1023,1024,1025,
gold,11,604,623,632,641,650,659,668,677,1130,1131,1132,1133,1134,1135,1136,1137,1138,1139,1140,1141,1142,
gold,11,685,704,713,722,731,740,749,758,1247,1248,1249,1250,1251,1252,1253,1254,1255,1256,1257,1258,1259,
gold,11,
gold,12,362,371,390,399,408,417,426,435,792,793,794,795,796,797,798,799,800,801,802,803,804,
gold,12,443,452,471,480,489,498,507,516,909,910,911,912,913,914,915,916,917,918,919,920,921,
gold,12,524,533,552,561,570,579,588,597,1026,1027,1028,1029,1030,1031,1032,1033,1034,1035,1036,1037,1038,
gold,12,605,614,633,642,651,660,669,678,1143,1144,1145,1146,1147,1148,1149,1150,1151,1152,1153,1154,1155,
gold,12,686,695,714,723,732,741,750,759,1260,1261,1262,1263,1264,1265,1266,1267,1268,1269,1270,1271,1272,
gold,12,
gold,13,363,372,381,400,409,418,427,436,805,806,807,808,809,810,811,812,813,814,815,816,817,
gold,13,444,453,462,481,490,499,508,517,922,923,924,925,926,927,928,929,930,931,932,933,934,
gold,13,525,534,543,562,571,580,589,598,1039,1040,1041,1042,1043,1044,1045,1046,1047,1048,1049,1050,1051,
gold,13,606,615,624,643,652,661,670,679,1156,1157,1158,1159,1160,1161,1162,1163,1164,1165,1166,1167,1168,
gold,13,687,696,705,724,733,742,751,760,1273,1274,1275,1276,1277,1278,1279,1280,1281,1282,1283,1284,1285,
gold,13,
gold,14,365,374,383,392,401,420,429,438,831,832,833,834,835,836,837,838,839,840,841,842,843,
gold,14,446,455,464,473,482,501,510,519,948,949,950,951,952,953,954,955,956,957,958,959,960,
gold,14,527,536,545,554,563,582,591,600,1065,1066,1067,1068,1069,1070,1071,1072,1073,1074,1075,1076,1077,
gold,14,608,617,626,635,644,663,672,681,1182,1183,1184,1185,1186,1187,1188,1189,1190,1191,1192,1193,1194,
gold,14,689,698,707,716,725,744,753,762,1299,1300,1301,1302,1303,1304,1305,1306,1307,1308,1309,1310,1311,
gold,14,
gold,15,370,379,388,397,406,415,424,433,451,460,469,478,487,496,505,514,532,541,550,559,568,577,586,595,613,622,631,640,649,658,667,676,694,703,712,721,730,739,748,757,766,767,768,769,770,771,772,773,774,775,776,777,778,883,884,885,886,887,888,889,890,891,892,893,894,895,1000,1001,1002,1003,1004,1005,1006,1007,1008,1009,1010,1011,1012,1117,1118,1119,1120,1121,1122,1123,1124,1125,1126,1127,1128,1129,1234,1235,1236,1237,1238,1239,1240,1241,1242,1243,1244,1245,1246,
gold,15,
gold,16,364,373,382,391,410,419,428,437,445,454,463,472,491,500,509,518,526,535,544,553,572,581,590,599,607,616,625,634,653,662,671,680,688,697,706,715,734,743,752,761,818,819,820,821,822,823,824,825,826,827,828,829,830,935,936,937,938,939,940,941,942,943,944,945,946,947,1052,1053,1054,1055,1056,1057,1058,1059,1060,1061,1062,1063,1064,1169,1170,1171,1172,1173,1174,1175,1176,1177,1178,1179,1180,1181,1286,1287,1288,1289,1290,1291,1292,1293,1294,1295,1296,1297,1298,
gold,16,
gold,17,366,375,384,393,402,411,430,439,844,845,846,847,848,849,850,851,852,853,854,855,856,
gold,17,447,456,465,474,483,492,511,520,961,962,963,964,965,966,967,968,969,970,971,972,973,
gold,17,528,537,546,555,564,573,592,601,1078,1079,1080,1081,1082,1083,1084,1085,1086,1087,1088,1089,1090,
gold,17,609,618,627,636,645,654,673,682,1195,1196,1197,1198,1199,1200,1201,1202,1203,1204,1205,1206,1207,
gold,17,690,699,708,717,726,735,754,763,1312,1313,1314,1315,1316,1317,1318,1319,1320,1321,1322,1323,1324,
gold,17,
gold,18,367,376,385,394,403,412,421,440,857,858,859,860,861,862,863,864,865,866,867,868,869,
gold,18,448,457,466,475,484,493,502,521,974,975,976,977,978,979,980,981,982,983,984,985,986,
gold,18,529,538,547,556,565,574,583,602,1091,1092,1093,1094,1095,1096,1097,1098,1099,1100,1101,1102,1103,
gold,18,610,619,628,637,646,655,664,683,1208,1209,1210,1211,1212,1213,1214,1215,1216,1217,1218,1219,1220,
gold,18,691,700,709,718,727,736,745,764,1325,1326,1327,1328,1329,1330,1331,1332,1333,1334,1335,1336,1337,
gold,18,
gold,19,368,377,386,395,404,413,422,431,870,871,872,873,874,875,876,877,878,879,880,881,882,
gold,19,449,458,467,476,485,494,503,512,987,988,989,990,991,992,993,994,995,996,997,998,999,
gold,19,530,539,548,557,566,575,584,593,1104,1105,1106,1107,1108,1109,1110,1111,1112,1113,1114,1115,1116,
gold,19,611,620,629,638,647,656,665,674,1221,1222,1223,1224,1225,1226,1227,1228,1229,1230,1231,1232,1233,
gold,19,692,701,710,719,728,737,746,755,1338,1339,1340,1341,1342,1343,1344,1345,1346,1347,1348,1349,1350,
gold,19,
gold,20,766,767,768,769,770,771,772,773,774,775,776,777,778,779,780,781,782,783,784,785,786,787,788,789,790,791,792,793,794,795,796,797,798,799,800,801,802,803,804,805,806,807,808,809,810,811,812,813,814,815,816,817,818,819,820,821,822,823,824,825,826,827,828,829,830,831,832,833,834,835,836,837,838,839,840,841,842,843,844,845,846,847,848,849,850,851,852,853,854,855,856,857,858,859,860,861,862,863,864,865,866,867,868,869,870,871,872,873,874,875,876,877,878,879,880,881,882,1441,1442,1443,1444,1445,1446,1447,1448,1449,1450,1451,1452,1453,1454,1455,1456,1457,1458,
gold,20,
gold,21,361,380,389,398,407,416,425,434,442,461,470,479,488,497,506,515,523,542,551,560,569,578,587,596,604,623,632,641,650,659,668,677,685,704,713,722,731,740,749,758,779,780,781,782,783,784,785,786,787,788,789,790,791,896,897,898,899,900,901,902,903,904,905,906,907,908,1013,1014,1015,1016,1017,1018,1019,1020,1021,1022,1023,1024,1025,1130,1131,1132,1133,1134,1135,1136,1137,1138,1139,1140,1141,1142,1247,1248,1249,1250,1251,1252,1253,1254,1255,1256,1257,1258,1259,
gold,21,
gold,22,362,371,390,399,408,417,426,435,443,452,471,480,489,498,507,516,524,533,552,561,570,579,588,597,605,614,633,642,651,660,669,678,686,695,714,723,732,741,750,759,792,793,794,795,796,797,798,799,800,801,802,803,804,909,910,911,912,913,914,915,916,917,918,919,920,921,1026,1027,1028,1029,1030,1031,1032,1033,1034,1035,1036,1037,1038,1143,1144,1145,1146,1147,1148,1149,1150,1151,1152,1153,1154,1155,1260,1261,1262,1263,1264,1265,1266,1267,1268,1269,1270,1271,1272,
gold,22,
gold,23,883,884,885,886,887,888,889,890,891,892,893,894,895,896,897,898,899,900,901,902,903,904,905,906,907,908,909,910,911,912,913,914,915,916,917,918,919,920,921,922,923,924,925,926,927,928,929,930,931,932,933,934,935,936,937,938,939,940,941,942,943,944,945,946,947,948,949,950,951,952,953,954,955,956,957,958,959,960,961,962,963,964,965,966,967,968,969,970,971,972,973,974,975,976,977,978,979,980,981,982,983,984,985,986,987,988,989,990,991,992,993,994,995,996,997,998,999,1459,1460,1461,1462,1463,1464,1465,1466,1467,1468,1469,1470,1471,1472,1473,1474,1475,1476,
gold,23,
gold,24,363,372,381,400,409,418,427,436,444,453,462,481,490,499,508,517,525,534,543,562,571,580,589,598,606,615,624,643,652,661,670,679,687,696,705,724,733,742,751,760,805,806,807,808,809,810,811,812,813,814,815,816,817,922,923,924,925,926,927,928,929,930,931,932,933,934,1039,1040,1041,1042,1043,1044,1045,1046,1047,1048,1049,1050,1051,1156,1157,1158,1159,1160,1161,1162,1163,1164,1165,1166,1167,1168,1273,1274,1275,1276,1277,1278,1279,1280,1281,1282,1283,1284,1285,
gold,24,
gold,25,365,374,383,392,401,420,429,438,446,455,464,473,482,501,510,519,527,536,545,554,563,582,591,600,608,617,626,635,644,663,672,681,689,698,707,716,725,744,753,762,831,832,833,834,835,836,837,838,839,840,841,842,843,948,949,950,951,952,953,954,955,956,957,958,959,960,1065,1066,1067,1068,1069,1070,1071,1072,1073,1074,1075,1076,1077,1182,1183,1184,1185,1186,1187,1188,1189,1190,1191,1192,1193,1194,1299,1300,1301,1302,1303,1304,1305,1306,1307,1308,1309,1310,1311,
gold,25,
gold,26,1000,1001,1002,1003,1004,1005,1006,1007,1008,1009,1010,1011,1012,1013,1014,1015,1016,1017,1018,1019,1020,1021,1022,1023,1024,1025,1026,1027,1028,1029,1030,1031,1032,1033,1034,1035,1036,1037,1038,1039,1040,1041,1042,1043,1044,1045,1046,1047,1048,1049,1050,1051,1052,1053,1054,1055,1056,1057,1058,1059,1060,1061,1062,1063,1064,1065,1066,1067,1068,1069,1070,1071,1072,1073,1074,1075,1076,1077,1078,1079,1080,1081,1082,1083,1084,1085,1086,1087,1088,1089,1090,1091,1092,1093,1094,1095,1096,1097,1098,1099,1100,1101,1102,1103,1104,1105,1106,1107,1108,1109,1110,1111,1112,1113,1114,1115,1116,1477,1478,1479,1480,1481,1482,1483,1484,1485,1486,1487,1488,1489,1490,1491,1492,1493,1494,
gold,26,
gold,27,366,375,384,393,402,411,430,439,447,456,465,474,483,492,511,520,528,537,546,555,564,573,592,601,609,618,627,636,645,654,673,682,690,699,708,717,726,735,754,763,844,845,846,847,848,849,850,851,852,853,854,855,856,961,962,963,964,965,966,967,968,969,970,971,972,973,1078,1079,1080,1081,1082,1083,1084,1085,1086,1087,1088,1089,1090,1195,1196,1197,1198,1199,1200,1201,1202,1203,1204,1205,1206,1207,1312,1313,1314,1315,1316,1317,1318,1319,1320,1321,1322,1323,1324,
gold,27,
gold,28,367,376,385,394,403,412,421,440,448,457,466,475,484,493,502,521,529,538,547,556,565,574,583,602,610,619,628,637,646,655,664,683,691,700,709,718,727,736,745,764,857,858,859,860,861,862,863,864,865,866,867,868,869,974,975,976,977,978,979,980,981,982,983,984,985,986,1091,1092,1093,1094,1095,1096,1097,1098,1099,1100,1101,1102,1103,1208,1209,1210,1211,1212,1213,1214,1215,1216,1217,1218,1219,1220,1325,1326,1327,1328,1329,1330,1331,1332,1333,1334,1335,1336,1337,
gold,28,
gold,29,1117,1118,1119,1120,1121,1122,1123,1124,1125,1126,1127,1128,1129,1130,1131,1132,1133,1134,1135,1136,1137,1138,1139,1140,1141,1142,1143,1144,1145,1146,1147,1148,1149,1150,1151,1152,1153,1154,1155,1156,1157,1158,1159,1160,1161,1162,1163,1164,1165,1166,1167,1168,1169,1170,1171,1172,1173,1174,1175,1176,1177,1178,1179,1180,1181,1182,1183,1184,1185,1186,1187,1188,1189,1190,1191,1192,1193,1194,1195,1196,1197,1198,1199,1200,1201,1202,1203,1204,1205,1206,1207,1208,1209,1210,1211,1212,1213,1214,1215,1216,1217,1218,1219,1220,1221,1222,1223,1224,1225,1226,1227,1228,1229,1230,1231,1232,1233,1495,1496,1497,1498,1499,1500,1501,1502,1503,1504,1505,1506,1507,1508,1509,1510,1511,1512,
gold,29,
gold,30,368,377,386,395,404,413,422,431,449,458,467,476,485,494,503,512,530,539,548,557,566,575,584,593,611,620,629,638,647,656,665,674,692,701,710,719,728,737,746,755,870,871,872,873,874,875,876,877,878,879,880,881,882,987,988,989,990,991,992,993,994,995,996,997,998,999,1104,1105,1106,1107,1108,1109,1110,1111,1112,1113,1114,1115,1116,1221,1222,1223,1224,1225,1226,1227,1228,1229,1230,1231,1232,1233,1338,1339,1340,1341,1342,1343,1344,1345,1346,1347,1348,1349,1350,
gold,30,
gold,31,1234,1235,1236,1237,1238,1239,1240,1241,1242,1243,1244,1245,1246,1247,1248,1249,1250,1251,1252,1253,1254,1255,1256,1257,1258,1259,1260,1261,1262,1263,1264,1265,1266,1267,1268,1269,1270,1271,1272,1273,1274,1275,1276,1277,1278,1279,1280,1281,1282,1283,1284,1285,1286,1287,1288,1289,1290,1291,1292,1293,1294,1295,1296,1297,1298,1299,1300,1301,1302,1303,1304,1305,1306,1307,1308,1309,1310,1311,1312,1313,1314,1315,1316,1317,1318,1319,1320,1321,1322,1323,1324,1325,1326,1327,1328,1329,1330,1331,1332,1333,1334,1335,1336,1337,1338,1339,1340,1341,1342,1343,1344,1345,1346,1347,1348,1349,1350,1513,1514,1515,1516,1517,1518,1519,1520,1521,1522,1523,1524,1525,1526,1527,1528,1529,1530,
gold,31,
gold,32,1443,1461,1479,1497,1515,
gold,32,1444,1462,1480,1498,1516,
gold,32,370,371,372,373,374,375,376,377,378,1353,1354,
gold,32,451,452,453,454,455,456,457,458,459,1371,1372,
gold,32,532,533,534,535,536,537,538,539,540,1389,1390,
gold,32,613,614,615,616,617,618,619,620,621,1407,1408,
gold,32,694,695,696,697,698,699,700,701,702,1425,1426,
gold,32,779,896,1013,1130,1247,
gold,32,780,897,1014,1131,1248,
gold,32,781,898,1015,1132,1249,
gold,32,782,899,1016,1133,1250,
gold,32,783,900,1017,1134,1251,
gold,32,784,901,1018,1135,1252,
gold,32,785,902,1019,1136,1253,
gold,32,786,903,1020,1137,1254,
gold,32,787,904,1021,1138,1255,
gold,32,788,905,1022,1139,1256,
gold,32,789,906,1023,1140,1257,
gold,32,790,907,1024,1141,1258,
red,32,791,908,1025,1142,1259,
gold,33,1445,1463,1481,1499,1517,
gold,33,1446,1464,1482,1500,1518,
gold,33,379,380,381,382,383,384,385,386,387,1355,1356,
gold,33,460,461,462,463,464,465,466,467,468,1373,1374,
gold,33,541,542,543,544,545,546,547,548,549,1391,1392,
gold,33,622,623,624,625,626,627,628,629,630,1409,1410,
gold,33,703,704,705,706,707,708,709,710,711,1427,1428,
gold,33,792,909,1026,1143,1260,
gold,33,793,910,1027,1144,1261,
gold,33,794,911,1028,1145,1262,
gold,33,795,912,1029,1146,1263,
gold,33,796,913,1030,1147,1264,
gold,33,797,914,1031,1148,1265,
gold,33,798,915,1032,1149,1266,
gold,33,799,916,1033,1150,1267,
gold,33,800,917,1034,1151,1268,
red,33,801,918,1035,1152,1269,
gold,33,802,919,1036,1153,1270,
gold,33,803,920,1037,1154,1271,
gold,33,804,921,1038,1155,1272,
gold,34,1447,1465,1483,1501,1519,
gold,34,1448,1466,1484,1502,1520,
gold,34,388,389,390,391,392,393,394,395,396,1357,1358,
gold,34,469,470,471,472,473,474,475,476,477,1375,1376,
gold,34,550,551,552,553,554,555,556,557,558,1393,1394,
gold,34,631,632,633,634,635,636,637,638,639,1411,1412,
gold,34,712,713,714,715,716,717,718,719,720,1429,1430,
gold,34,805,922,1039,1156,1273,
gold,34,806,923,1040,1157,1274,
gold,34,807,924,1041,1158,1275,
gold,34,808,925,1042,1159,1276,
gold,34,809,926,1043,1160,1277,
gold,34,810,927,1044,1161,1278,
gold,34,811,928,1045,1162,1279,
gold,34,812,929,1046,1163,1280,
gold,34,813,930,1047,1164,1281,
gold,34,814,931,1048,1165,1282,
red,34,815,932,1049,1166,1283,
gold,34,816,933,1050,1167,1284,
gold,34,817,934,1051,1168,1285,
gold,35,1451,1469,1487,1505,1523,
gold,35,1452,1470,1488,1506,1524,
gold,35,406,407,408,409,410,411,412,413,414,1361,1362,
gold,35,487,488,489,490,491,492,493,494,495,1379,1380,
gold,35,568,569,570,571,572,573,574,575,576,1397,1398,
gold,35,649,650,651,652,653,654,655,656,657,1415,1416,
gold,35,730,731,732,733,734,735,736,737,738,1433,1434,
gold,35,831,948,1065,1182,1299,
gold,35,832,949,1066,1183,1300,
gold,35,833,950,1067,1184,1301,
gold,35,834,951,1068,1185,1302,
gold,35,835,952,1069,1186,1303,
gold,35,836,953,1070,1187,1304,
gold,35,837,954,1071,1188,1305,
gold,35,838,955,1072,1189,1306,
red,35,839,956,1073,1190,1307,
gold,35,840,957,1074,1191,1308,
gold,35,841,958,1075,1192,1309,
gold,35,842,959,1076,1193,1310,
gold,35,843,960,1077,1194,1311,
gold,36,1453,1471,1489,1507,1525,
gold,36,1454,1472,1490,1508,1526,
gold,36,415,416,417,418,419,420,421,422,423,1363,1364,
gold,36,496,497,498,499,500,501,502,503,504,1381,1382,
gold,36,577,578,579,580,581,582,583,584,585,1399,1400,
gold,36,658,659,660,661,662,663,664,665,666,1417,1418,
gold,36,739,740,741,742,743,744,745,746,747,1435,1436,
gold,36,844,961,1078,1195,1312,
gold,36,845,962,1079,1196,1313,
gold,36,846,963,1080,1197,1314,
red,36,847,964,1081,1198,1315,
gold,36,848,965,1082,1199,1316,
gold,36,849,966,1083,1200,1317,
gold,36,850,967,1084,1201,1318,
gold,36,851,968,1085,1202,1319,
gold,36,852,969,1086,1203,1320,
gold,36,853,970,1087,1204,1321,
gold,36,854,971,1088,1205,1322,
gold,36,855,972,1089,1206,1323,
gold,36,856,973,1090,1207,1324,
gold,37,1455,1473,1491,1509,1527,
gold,37,1456,1474,1492,1510,1528,
gold,37,424,425,426,427,428,429,430,431,432,1365,1366,
gold,37,505,506,507,508,509,510,511,512,513,1383,1384,
gold,37,586,587,588,589,590,591,592,593,594,1401,1402,
gold,37,667,668,669,670,671,672,673,674,675,1419,1420,
gold,37,748,749,750,751,752,753,754,755,756,1437,1438,
gold,37,857,974,1091,1208,1325,
gold,37,858,975,1092,1209,1326,
red,37,859,976,1093,1210,1327,
gold,37,860,977,1094,1211,1328,
gold,37,861,978,1095,1212,1329,
gold,37,862,979,1096,1213,1330,
gold,37,863,980,1097,1214,1331,
gold,37,864,981,1098,1215,1332,
gold,37,865,982,1099,1216,1333,
gold,37,866,983,1100,1217,1334,
gold,37,867,984,1101,1218,1335,
gold,37,868,985,1102,1219,1336,
gold,37,869,986,1103,1220,1337,
gold,38,1457,1475,1493,1511,1529,
gold,38,1458,1476,1494,1512,1530,
gold,38,433,434,435,436,437,438,439,440,441,1367,1368,
gold,38,514,515,516,517,518,519,520,521,522,1385,1386,
gold,38,595,596,597,598,599,600,601,602,603,1403,1404,
gold,38,676,677,678,679,680,681,682,683,684,1421,1422,
gold,38,757,758,759,760,761,762,763,764,765,1439,1440,
gold,38,870,987,1104,1221,1338,
gold,38,871,988,1105,1222,1339,
gold,38,872,989,1106,1223,1340,
gold,38,873,990,1107,1224,1341,
gold,38,874,991,1108,1225,1342,
gold,38,875,992,1109,1226,1343,
red,38,876,993,1110,1227,1344,
gold,38,877,994,1111,1228,1345,
gold,38,878,995,1112,1229,1346,
gold,38,879,996,1113,1230,1347,
gold,38,880,997,1114,1231,1348,
gold,38,881,998,1115,1232,1349,
gold,38,882,999,1116,1233,1350,
lightskyblue,45,
lightskyblue,46,
lightskyblue,47,
lightskyblue,48,
lightskyblue,44,
lightskyblue,46,
lightskyblue,47,
lightskyblue,48,
lightskyblue,44,
lightskyblue,45,
lightskyblue,47,
lightskyblue,48,
lightskyblue,44,
lightskyblue,45,
lightskyblue,46,
lightskyblue,48,
lightskyblue,44,
lightskyblue,45,
lightskyblue,46,
lightskyblue,47,
lightskyblue,40,
lightskyblue,41,
lightskyblue,42,
lightskyblue,43,
lightskyblue,39,
lightskyblue,41,
lightskyblue,42,
lightskyblue,43,
lightskyblue,39,
lightskyblue,40,
lightskyblue,42,
lightskyblue,43,
lightskyblue,39,
lightskyblue,40,
lightskyblue,41,
lightskyblue,43,
lightskyblue,39,
lightskyblue,40,
lightskyblue,41,
lightskyblue,42,
lightskyblue,79,157,135,160,66,
lightskyblue,79,157,135,162,67,
lightskyblue,79,157,135,166,68,
lightskyblue,79,157,135,138,69,
lightskyblue,79,157,135,168,70,
lightskyblue,79,157,135,172,71,
lightskyblue,79,157,135,174,72,
lightskyblue,79,157,135,178,73,
lightskyblue,79,157,135,50,74,
lightskyblue,111,157,136,159,188,
lightskyblue,111,157,159,162,189,
lightskyblue,111,157,159,166,190,
lightskyblue,111,157,159,138,191,
lightskyblue,111,157,159,168,192,
lightskyblue,111,157,159,172,193,
lightskyblue,111,157,159,174,194,
lightskyblue,111,157,159,178,195,
lightskyblue,111,157,159,50,196,
lightskyblue,117,157,136,161,208,
lightskyblue,117,157,160,161,209,
lightskyblue,117,157,161,166,210,
lightskyblue,117,157,161,138,211,
lightskyblue,117,157,161,168,212,
lightskyblue,117,157,161,172,213,
lightskyblue,117,157,161,174,214,
lightskyblue,117,157,161,178,215,
lightskyblue,117,157,161,50,216,
lightskyblue,123,157,136,165,228,
lightskyblue,123,157,160,165,229,
lightskyblue,123,157,162,165,230,
lightskyblue,123,157,165,138,231,
lightskyblue,123,157,165,168,232,
lightskyblue,123,157,165,172,233,
lightskyblue,123,157,165,174,234,
lightskyblue,123,157,165,178,235,
lightskyblue,123,157,165,50,236,
lightskyblue,105,157,136,137,92,
lightskyblue,105,157,160,137,93,
lightskyblue,105,157,162,137,94,
lightskyblue,105,157,166,137,95,
lightskyblue,105,157,137,168,96,
lightskyblue,105,157,137,172,97,
lightskyblue,105,157,137,174,98,
lightskyblue,105,157,137,178,99,
lightskyblue,105,157,137,50,100,
lightskyblue,129,157,136,167,248,
lightskyblue,129,157,160,167,249,
lightskyblue,129,157,162,167,250,
lightskyblue,129,157,166,167,251,
lightskyblue,129,157,138,167,252,
lightskyblue,129,157,167,172,253,
lightskyblue,129,157,167,174,254,
lightskyblue,129,157,167,178,255,
lightskyblue,129,157,167,50,256,
lightskyblue,139,157,136,171,268,
lightskyblue,139,157,160,171,269,
lightskyblue,139,157,162,171,270,
lightskyblue,139,157,166,171,271,
lightskyblue,139,157,138,171,272,
lightskyblue,139,157,168,171,273,
lightskyblue,139,157,171,174,274,
lightskyblue,139,157,171,178,275,
lightskyblue,139,157,171,50,276,
lightskyblue,145,157,136,173,288,
lightskyblue,145,157,160,173,289,
lightskyblue,145,157,162,173,290,
lightskyblue,145,157,166,173,291,
lightskyblue,145,157,138,173,292,
lightskyblue,145,157,168,173,293,
lightskyblue,145,157,172,173,294,
lightskyblue,145,157,173,178,295,
lightskyblue,145,157,173,50,296,
lightskyblue,151,157,136,177,308,
lightskyblue,151,157,160,177,309,
lightskyblue,151,157,162,177,310,
lightskyblue,151,157,166,177,311,
lightskyblue,151,157,138,177,312,
lightskyblue,151,157,168,177,313,
lightskyblue,151,157,172,177,314,
lightskyblue,151,157,174,177,315,
lightskyblue,151,157,177,50,316,
lightskyblue,80,163,135,160,66,
lightskyblue,80,163,135,162,67,
lightskyblue,80,163,135,166,68,
lightskyblue,80,163,135,138,69,
lightskyblue,80,163,135,168,70,
lightskyblue,80,163,135,172,71,
lightskyblue,80,163,135,174,72,
lightskyblue,80,163,135,178,73,
lightskyblue,80,163,135,52,75,
lightskyblue,112,163,136,159,188,
lightskyblue,112,163,159,162,189,
lightskyblue,112,163,159,166,190,
lightskyblue,112,163,159,138,191,
lightskyblue,112,163,159,168,192,
lightskyblue,112,163,159,172,193,
lightskyblue,112,163,159,174,194,
lightskyblue,112,163,159,178,195,
lightskyblue,112,163,159,52,197,
lightskyblue,118,163,136,161,208,
lightskyblue,118,163,160,161,209,
lightskyblue,118,163,161,166,210,
lightskyblue,118,163,161,138,211,
lightskyblue,118,163,161,168,212,
lightskyblue,118,163,161,172,213,
lightskyblue,118,163,161,174,214,
lightskyblue,118,163,161,178,215,
lightskyblue,118,163,161,52,217,
lightskyblue,124,163,136,165,228,
lightskyblue,124,163,160,165,229,
lightskyblue,124,163,162,165,230,
lightskyblue,124,163,165,138,231,
lightskyblue,124,163,165,168,232,
lightskyblue,124,163,165,172,233,
lightskyblue,124,163,165,174,234,
lightskyblue,124,163,165,178,235,
lightskyblue,124,163,165,52,237,
lightskyblue,106,163,136,137,92,
lightskyblue,106,163,160,137,93,
lightskyblue,106,163,162,137,94,
lightskyblue,106,163,166,137,95,
lightskyblue,106,163,137,168,96,
lightskyblue,106,163,137,172,97,
lightskyblue,106,163,137,174,98,
lightskyblue,106,163,137,178,99,
lightskyblue,106,163,137,52,101,
lightskyblue,130,163,136,167,248,
lightskyblue,130,163,160,167,249,
lightskyblue,130,163,162,167,250,
lightskyblue,130,163,166,167,251,
lightskyblue,130,163,138,167,252,
lightskyblue,130,163,167,172,253,
lightskyblue,130,163,167,174,254,
lightskyblue,130,163,167,178,255,
lightskyblue,130,163,167,52,257,
lightskyblue,140,163,136,171,268,
lightskyblue,140,163,160,171,269,
lightskyblue,140,163,162,171,270,
lightskyblue,140,163,166,171,271,
lightskyblue,140,163,138,171,272,
lightskyblue,140,163,168,171,273,
lightskyblue,140,163,171,174,274,
lightskyblue,140,163,171,178,275,
lightskyblue,140,163,171,52,277,
lightskyblue,146,163,136,173,288,
lightskyblue,146,163,160,173,289,
lightskyblue,146,163,162,173,290,
lightskyblue,146,163,166,173,291,
lightskyblue,146,163,138,173,292,
lightskyblue,146,163,168,173,293,
lightskyblue,146,163,172,173,294,
lightskyblue,146,163,173,178,295,
lightskyblue,146,163,173,52,297,
lightskyblue,152,163,136,177,308,
lightskyblue,152,163,160,177,309,
lightskyblue,152,163,162,177,310,
lightskyblue,152,163,166,177,311,
lightskyblue,152,163,138,177,312,
lightskyblue,152,163,168,177,313,
lightskyblue,152,163,172,177,314,
lightskyblue,152,163,174,177,315,
lightskyblue,152,163,177,52,317,
lightskyblue,81,169,135,160,66,
lightskyblue,81,169,135,162,67,
lightskyblue,81,169,135,166,68,
lightskyblue,81,169,135,138,69,
lightskyblue,81,169,135,168,70,
lightskyblue,81,169,135,172,71,
lightskyblue,81,169,135,174,72,
lightskyblue,81,169,135,178,73,
lightskyblue,81,169,135,54,76,
lightskyblue,113,169,136,159,188,
lightskyblue,113,169,159,162,189,
lightskyblue,113,169,159,166,190,
lightskyblue,113,169,159,138,191,
lightskyblue,113,169,159,168,192,
lightskyblue,113,169,159,172,193,
lightskyblue,113,169,159,174,194,
lightskyblue,113,169,159,178,195,
lightskyblue,113,169,159,54,198,
lightskyblue,119,169,136,161,208,
lightskyblue,119,169,160,161,209,
lightskyblue,119,169,161,166,210,
lightskyblue,119,169,161,138,211,
lightskyblue,119,169,161,168,212,
lightskyblue,119,169,161,172,213,
lightskyblue,119,169,161,174,214,
lightskyblue,119,169,161,178,215,
lightskyblue,119,169,161,54,218,
lightskyblue,125,169,136,165,228,
lightskyblue,125,169,160,165,229,
lightskyblue,125,169,162,165,230,
lightskyblue,125,169,165,138,231,
lightskyblue,125,169,165,168,232,
lightskyblue,125,169,165,172,233,
lightskyblue,125,169,165,174,234,
lightskyblue,125,169,165,178,235,
lightskyblue,125,169,165,54,238,
lightskyblue,107,169,136,137,92,
lightskyblue,107,169,160,137,93,
lightskyblue,107,169,162,137,94,
lightskyblue,107,169,166,137,95,
lightskyblue,107,169,137,168,96,
lightskyblue,107,169,137,172,97,
lightskyblue,107,169,137,174,98,
lightskyblue,107,169,137,178,99,
lightskyblue,107,169,137,54,102,
lightskyblue,131,169,136,167,248,
lightskyblue,131,169,160,167,249,
lightskyblue,131,169,162,167,250,
lightskyblue,131,169,166,167,251,
lightskyblue,131,169,138,167,252,
lightskyblue,131,169,167,172,253,
lightskyblue,131,169,167,174,254,
lightskyblue,131,169,167,178,255,
lightskyblue,131,169,167,54,258,
lightskyblue,141,169,136,171,268,
lightskyblue,141,169,160,171,269,
lightskyblue,141,169,162,171,270,
lightskyblue,141,169,166,171,271,
lightskyblue,141,169,138,171,272,
lightskyblue,141,169,168,171,273,
lightskyblue,141,169,171,174,274,
lightskyblue,141,169,171,178,275,
lightskyblue,141,169,171,54,278,
lightskyblue,147,169,136,173,288,
lightskyblue,147,169,160,173,289,
lightskyblue,147,169,162,173,290,
lightskyblue,147,169,166,173,291,
lightskyblue,147,169,138,173,292,
lightskyblue,147,169,168,173,293,
lightskyblue,147,169,172,173,294,
lightskyblue,147,169,173,178,295,
lightskyblue,147,169,173,54,298,
lightskyblue,153,169,136,177,308,
lightskyblue,153,169,160,177,309,
lightskyblue,153,169,162,177,310,
lightskyblue,153,169,166,177,311,
lightskyblue,153,169,138,177,312,
lightskyblue,153,169,168,177,313,
lightskyblue,153,169,172,177,314,
lightskyblue,153,169,174,177,315,
lightskyblue,153,169,177,54,318,
lightskyblue,82,175,135,160,66,
lightskyblue,82,175,135,162,67,
lightskyblue,82,175,135,166,68,
lightskyblue,82,175,135,138,69,
lightskyblue,82,175,135,168,70,
lightskyblue,82,175,135,172,71,
lightskyblue,82,175,135,174,72,
lightskyblue,82,175,135,178,73,
lightskyblue,82,175,135,56,77,
lightskyblue,114,175,136,159,188,
lightskyblue,114,175,159,162,189,
lightskyblue,114,175,159,166,190,
lightskyblue,114,175,159,138,191,
lightskyblue,114,175,159,168,192,
lightskyblue,114,175,159,172,193,
lightskyblue,114,175,159,174,194,
lightskyblue,114,175,159,178,195,
lightskyblue,114,175,159,56,199,
lightskyblue,120,175,136,161,208,
lightskyblue,120,175,160,161,209,
lightskyblue,120,175,161,166,210,
lightskyblue,120,175,161,138,211,
lightskyblue,120,175,161,168,212,
lightskyblue,120,175,161,172,213,
lightskyblue,120,175,161,174,214,
lightskyblue,120,175,161,178,215,
lightskyblue,120,175,161,56,219,
lightskyblue,126,175,136,165,228,
lightskyblue,126,175,160,165,229,
lightskyblue,126,175,162,165,230,
lightskyblue,126,175,165,138,231,
lightskyblue,126,175,165,168,232,
lightskyblue,126,175,165,172,233,
lightskyblue,126,175,165,174,234,
lightskyblue,126,175,165,178,235,
lightskyblue,126,175,165,56,239,
lightskyblue,108,175,136,137,92,
lightskyblue,108,175,160,137,93,
lightskyblue,108,175,162,137,94,
lightskyblue,108,175,166,137,95,
lightskyblue,108,175,137,168,96,
lightskyblue,108,175,137,172,97,
lightskyblue,108,175,137,174,98,
lightskyblue,108,175,137,178,99,
lightskyblue,108,175,137,56,103,
lightskyblue,132,175,136,167,248,
lightskyblue,132,175,160,167,249,
lightskyblue,132,175,162,167,250,
lightskyblue,132,175,166,167,251,
lightskyblue,132,175,138,167,252,
lightskyblue,132,175,167,172,253,
lightskyblue,132,175,167,174,254,
lightskyblue,132,175,167,178,255,
lightskyblue,132,175,167,56,259,
lightskyblue,142,175,136,171,268,
lightskyblue,142,175,160,171,269,
lightskyblue,142,175,162,171,270,
lightskyblue,142,175,166,171,271,
lightskyblue,142,175,138,171,272,
lightskyblue,142,175,168,171,273,
lightskyblue,142,175,171,174,274,
lightskyblue,142,175,171,178,275,
lightskyblue,142,175,171,56,279,
lightskyblue,148,175,136,173,288,
lightskyblue,148,175,160,173,289,
lightskyblue,148,175,162,173,290,
lightskyblue,148,175,166,173,291,
lightskyblue,148,175,138,173,292,
lightskyblue,148,175,168,173,293,
lightskyblue,148,175,172,173,294,
lightskyblue,148,175,173,178,295,
lightskyblue,148,175,173,56,299,
lightskyblue,154,175,136,177,308,
lightskyblue,154,175,160,177,309,
lightskyblue,154,175,162,177,310,
lightskyblue,154,175,166,177,311,
lightskyblue,154,175,138,177,312,
lightskyblue,154,175,168,177,313,
lightskyblue,154,175,172,177,314,
lightskyblue,154,175,174,177,315,
lightskyblue,154,175,177,56,319,
lightskyblue,83,179,135,160,66,
lightskyblue,83,179,135,162,67,
lightskyblue,83,179,135,166,68,
lightskyblue,83,179,135,138,69,
lightskyblue,83,179,135,168,70,
lightskyblue,83,179,135,172,71,
lightskyblue,83,179,135,174,72,
lightskyblue,83,179,135,178,73,
lightskyblue,83,179,135,58,78,
lightskyblue,115,179,136,159,188,
lightskyblue,115,179,159,162,189,
lightskyblue,115,179,159,166,190,
lightskyblue,115,179,159,138,191,
lightskyblue,115,179,159,168,192,
lightskyblue,115,179,159,172,193,
lightskyblue,115,179,159,174,194,
lightskyblue,115,179,159,178,195,
lightskyblue,115,179,159,58,200,
lightskyblue,121,179,136,161,208,
lightskyblue,121,179,160,161,209,
lightskyblue,121,179,161,166,210,
lightskyblue,121,179,161,138,211,
lightskyblue,121,179,161,168,212,
lightskyblue,121,179,161,172,213,
lightskyblue,121,179,161,174,214,
lightskyblue,121,179,161,178,215,
lightskyblue,121,179,161,58,220,
lightskyblue,127,179,136,165,228,
lightskyblue,127,179,160,165,229,
lightskyblue,127,179,162,165,230,
lightskyblue,127,179,165,138,231,
lightskyblue,127,179,165,168,232,
lightskyblue,127,179,165,172,233,
lightskyblue,127,179,165,174,234,
lightskyblue,127,179,165,178,235,
lightskyblue,127,179,165,58,240,
lightskyblue,109,179,136,137,92,
lightskyblue,109,179,160,137,93,
lightskyblue,109,179,162,137,94,
lightskyblue,109,179,166,137,95,
lightskyblue,109,179,137,168,96,
lightskyblue,109,179,137,172,97,
lightskyblue,109,179,137,174,98,
lightskyblue,109,179,137,178,99,
lightskyblue,109,179,137,58,104,
lightskyblue,133,179,136,167,248,
lightskyblue,133,179,160,167,249,
lightskyblue,133,179,162,167,250,
lightskyblue,133,179,166,167,251,
lightskyblue,133,179,138,167,252,
lightskyblue,133,179,167,172,253,
lightskyblue,133,179,167,174,254,
lightskyblue,133,179,167,178,255,
lightskyblue,133,179,167,58,260,
lightskyblue,143,179,136,171,268,
lightskyblue,143,179,160,171,269,
lightskyblue,143,179,162,171,270,
lightskyblue,143,179,166,171,271,
lightskyblue,143,179,138,171,272,
lightskyblue,143,179,168,171,273,
lightskyblue,143,179,171,174,274,
lightskyblue,143,179,171,178,275,
lightskyblue,143,179,171,58,280,
lightskyblue,149,179,136,173,288,
lightskyblue,149,179,160,173,289,
lightskyblue,149,179,162,173,290,
lightskyblue,149,179,166,173,291,
lightskyblue,149,179,138,173,292,
lightskyblue,149,179,168,173,293,
lightskyblue,149,179,172,173,294,
lightskyblue,149,179,173,178,295,
lightskyblue,149,179,173,58,300,
lightskyblue,155,179,136,177,308,
lightskyblue,155,179,160,177,309,
lightskyblue,155,179,162,177,310,
lightskyblue,155,179,166,177,311,
lightskyblue,155,179,138,177,312,
lightskyblue,155,179,168,177,313,
lightskyblue,155,179,172,177,314,
lightskyblue,155,179,174,177,315,
lightskyblue,155,179,177,58,320,
lightskyblue,84,158,136,159,61,
lightskyblue,84,158,136,161,61,
lightskyblue,84,158,136,165,61,
lightskyblue,84,158,136,137,61,
lightskyblue,84,158,136,167,61,
lightskyblue,84,158,136,171,61,
lightskyblue,84,158,136,173,61,
lightskyblue,84,158,136,177,61,
lightskyblue,84,158,136,49,61,
lightskyblue,84,158,136,51,61,
lightskyblue,84,158,136,53,61,
lightskyblue,84,158,136,55,61,
lightskyblue,84,158,136,57,61,
lightskyblue,116,158,135,160,183,
lightskyblue,116,158,160,161,183,
lightskyblue,116,158,160,165,183,
lightskyblue,116,158,160,137,183,
lightskyblue,116,158,160,167,183,
lightskyblue,116,158,160,171,183,
lightskyblue,116,158,160,173,183,
lightskyblue,116,158,160,177,183,
lightskyblue,116,158,160,49,183,
lightskyblue,116,158,160,51,183,
lightskyblue,116,158,160,53,183,
lightskyblue,116,158,160,55,183,
lightskyblue,116,158,160,57,183,
lightskyblue,122,158,135,162,203,
lightskyblue,122,158,159,162,203,
lightskyblue,122,158,162,165,203,
lightskyblue,122,158,162,137,203,
lightskyblue,122,158,162,167,203,
lightskyblue,122,158,162,171,203,
lightskyblue,122,158,162,173,203,
lightskyblue,122,158,162,177,203,
lightskyblue,122,158,162,49,203,
lightskyblue,122,158,162,51,203,
lightskyblue,122,158,162,53,203,
lightskyblue,122,158,162,55,203,
lightskyblue,122,158,162,57,203,
lightskyblue,128,158,135,166,223,
lightskyblue,128,158,159,166,223,
lightskyblue,128,158,161,166,223,
lightskyblue,128,158,166,137,223,
lightskyblue,128,158,166,167,223,
lightskyblue,128,158,166,171,223,
lightskyblue,128,158,166,173,223,
lightskyblue,128,158,166,177,223,
lightskyblue,128,158,166,49,223,
lightskyblue,128,158,166,51,223,
lightskyblue,128,158,166,53,223,
lightskyblue,128,158,166,55,223,
lightskyblue,128,158,166,57,223,
lightskyblue,110,158,135,138,87,
lightskyblue,110,158,159,138,87,
lightskyblue,110,158,161,138,87,
lightskyblue,110,158,165,138,87,
lightskyblue,110,158,138,167,87,
lightskyblue,110,158,138,171,87,
lightskyblue,110,158,138,173,87,
lightskyblue,110,158,138,177,87,
lightskyblue,110,158,138,49,87,
lightskyblue,110,158,138,51,87,
lightskyblue,110,158,138,53,87,
lightskyblue,110,158,138,55,87,
lightskyblue,110,158,138,57,87,
lightskyblue,134,158,135,168,243,
lightskyblue,134,158,159,168,243,
lightskyblue,134,158,161,168,243,
lightskyblue,134,158,165,168,243,
lightskyblue,134,158,137,168,243,
lightskyblue,134,158,168,171,243,
lightskyblue,134,158,168,173,243,
lightskyblue,134,158,168,177,243,
lightskyblue,134,158,168,49,243,
lightskyblue,134,158,168,51,243,
lightskyblue,134,158,168,53,243,
lightskyblue,134,158,168,55,243,
lightskyblue,134,158,168,57,243,
lightskyblue,144,158,135,172,263,
lightskyblue,144,158,159,172,263,
lightskyblue,144,158,161,172,263,
lightskyblue,144,158,165,172,263,
lightskyblue,144,158,137,172,263,
lightskyblue,144,158,167,172,263,
lightskyblue,144,158,172,173,263,
lightskyblue,144,158,172,177,263,
lightskyblue,144,158,172,49,263,
lightskyblue,144,158,172,51,263,
lightskyblue,144,158,172,53,263,
lightskyblue,144,158,172,55,263,
lightskyblue,144,158,172,57,263,
lightskyblue,150,158,135,174,283,
lightskyblue,150,158,159,174,283,
lightskyblue,150,158,161,174,283,
lightskyblue,150,158,165,174,283,
lightskyblue,150,158,137,174,283,
lightskyblue,150,158,167,174,283,
lightskyblue,150,158,171,174,283,
lightskyblue,150,158,174,177,283,
lightskyblue,150,158,174,49,283,
lightskyblue,150,158,174,51,283,
lightskyblue,150,158,174,53,283,
lightskyblue,150,158,174,55,283,
lightskyblue,150,158,174,57,283,
lightskyblue,156,158,135,178,303,
lightskyblue,156,158,159,178,303,
lightskyblue,156,158,161,178,303,
lightskyblue,156,158,165,178,303,
lightskyblue,156,158,137,178,303,
lightskyblue,156,158,167,178,303,
lightskyblue,156,158,171,178,303,
lightskyblue,156,158,173,178,303,
lightskyblue,156,158,178,49,303,
lightskyblue,156,158,178,51,303,
lightskyblue,156,158,178,53,303,
lightskyblue,156,158,178,55,303,
lightskyblue,156,158,178,57,303,
lightskyblue,84,164,136,159,62,
lightskyblue,84,164,136,161,62,
lightskyblue,84,164,136,165,62,
lightskyblue,84,164,136,137,62,
lightskyblue,84,164,136,167,62,
lightskyblue,84,164,136,171,62,
lightskyblue,84,164,136,173,62,
lightskyblue,84,164,136,177,62,
lightskyblue,84,164,136,49,62,
lightskyblue,84,164,136,51,62,
lightskyblue,84,164,136,53,62,
lightskyblue,84,164,136,55,62,
lightskyblue,84,164,136,57,62,
lightskyblue,116,164,135,160,184,
lightskyblue,116,164,160,161,184,
lightskyblue,116,164,160,165,184,
lightskyblue,116,164,160,137,184,
lightskyblue,116,164,160,167,184,
lightskyblue,116,164,160,171,184,
lightskyblue,116,164,160,173,184,
lightskyblue,116,164,160,177,184,
lightskyblue,116,164,160,49,184,
lightskyblue,116,164,160,51,184,
lightskyblue,116,164,160,53,184,
lightskyblue,116,164,160,55,184,
lightskyblue,116,164,160,57,184,
lightskyblue,122,164,135,162,204,
lightskyblue,122,164,159,162,204,
lightskyblue,122,164,162,165,204,
lightskyblue,122,164,162,137,204,
lightskyblue,122,164,162,167,204,
lightskyblue,122,164,162,171,204,
lightskyblue,122,164,162,173,204,
lightskyblue,122,164,162,177,204,
lightskyblue,122,164,162,49,204,
lightskyblue,122,164,162,51,204,
lightskyblue,122,164,162,53,204,
lightskyblue,122,164,162,55,204,
lightskyblue,122,164,162,57,204,
lightskyblue,128,164,135,166,224,
lightskyblue,128,164,159,166,224,
lightskyblue,128,164,161,166,224,
lightskyblue,128,164,166,137,224,
lightskyblue,128,164,166,167,224,
lightskyblue,128,164,166,171,224,
lightskyblue,128,164,166,173,224,
lightskyblue,128,164,166,177,224,
lightskyblue,128,164,166,49,224,
lightskyblue,128,164,166,51,224,
lightskyblue,128,164,166,53,224,
lightskyblue,128,164,166,55,224,
lightskyblue,128,164,166,57,224,
lightskyblue,110,164,135,138,88,
lightskyblue,110,164,159,138,88,
lightskyblue,110,164,161,138,88,
lightskyblue,110,164,165,138,88,
lightskyblue,110,164,138,167,88,
lightskyblue,110,164,138,171,88,
lightskyblue,110,164,138,173,88,
lightskyblue,110,164,138,177,88,
lightskyblue,110,164,138,49,88,
lightskyblue,110,164,138,51,88,
lightskyblue,110,164,138,53,88,
lightskyblue,110,164,138,55,88,
lightskyblue,110,164,138,57,88,
lightskyblue,134,164,135,168,244,
lightskyblue,134,164,159,168,244,
lightskyblue,134,164,161,168,244,
lightskyblue,134,164,165,168,244,
lightskyblue,134,164,137,168,244,
lightskyblue,134,164,168,171,244,
lightskyblue,134,164,168,173,244,
lightskyblue,134,164,168,177,244,
lightskyblue,134,164,168,49,244,
lightskyblue,134,164,168,51,244,
lightskyblue,134,164,168,53,244,
lightskyblue,134,164,168,55,244,
lightskyblue,134,164,168,57,244,
lightskyblue,144,164,135,172,264,
lightskyblue,144,164,159,172,264,
lightskyblue,144,164,161,172,264,
lightskyblue,144,164,165,172,264,
lightskyblue,144,164,137,172,264,
lightskyblue,144,164,167,172,264,
lightskyblue,144,164,172,173,264,
lightskyblue,144,164,172,177,264,
lightskyblue,144,164,172,49,264,
lightskyblue,144,164,172,51,264,
lightskyblue,144,164,172,53,264,
lightskyblue,144,164,172,55,264,
lightskyblue,144,164,172,57,264,
lightskyblue,150,164,135,174,284,
lightskyblue,150,164,159,174,284,
lightskyblue,150,164,161,174,284,
lightskyblue,150,164,165,174,284,
lightskyblue,150,164,137,174,284,
lightskyblue,150,164,167,174,284,
lightskyblue,150,164,171,174,284,
lightskyblue,150,164,174,177,284,
lightskyblue,150,164,174,49,284,
lightskyblue,150,164,174,51,284,
lightskyblue,150,164,174,53,284,
lightskyblue,150,164,174,55,284,
lightskyblue,150,164,174,57,284,
lightskyblue,156,164,135,178,304,
lightskyblue,156,164,159,178,304,
lightskyblue,156,164,161,178,304,
lightskyblue,156,164,165,178,304,
lightskyblue,156,164,137,178,304,
lightskyblue,156,164,167,178,304,
lightskyblue,156,164,171,178,304,
lightskyblue,156,164,173,178,304,
lightskyblue,156,164,178,49,304,
lightskyblue,156,164,178,51,304,
lightskyblue,156,164,178,53,304,
lightskyblue,156,164,178,55,304,
lightskyblue,156,164,178,57,304,
lightskyblue,84,170,136,159,63,
lightskyblue,84,170,136,161,63,
lightskyblue,84,170,136,165,63,
lightskyblue,84,170,136,137,63,
lightskyblue,84,170,136,167,63,
lightskyblue,84,170,136,171,63,
lightskyblue,84,170,136,173,63,
lightskyblue,84,170,136,177,63,
lightskyblue,84,170,136,49,63,
lightskyblue,84,170,136,51,63,
lightskyblue,84,170,136,53,63,
lightskyblue,84,170,136,55,63,
lightskyblue,84,170,136,57,63,
lightskyblue,116,170,135,160,185,
lightskyblue,116,170,160,161,185,
lightskyblue,116,170,160,165,185,
lightskyblue,116,170,160,137,185,
lightskyblue,116,170,160,167,185,
lightskyblue,116,170,160,171,185,
lightskyblue,116,170,160,173,185,
lightskyblue,116,170,160,177,185,
lightskyblue,116,170,160,49,185,
lightskyblue,116,170,160,51,185,
lightskyblue,116,170,160,53,185,
lightskyblue,116,170,160,55,185,
lightskyblue,116,170,160,57,185,
lightskyblue,122,170,135,162,205,
lightskyblue,122,170,159,162,205,
lightskyblue,122,170,162,165,205,
lightskyblue,122,170,162,137,205,
lightskyblue,122,170,162,167,205,
lightskyblue,122,170,162,171,205,
lightskyblue,122,170,162,173,205,
lightskyblue,122,170,162,177,205,
lightskyblue,122,170,162,49,205,
lightskyblue,122,170,162,51,205,
lightskyblue,122,170,162,53,205,
lightskyblue,122,170,162,55,205,
lightskyblue,122,170,162,57,205,
lightskyblue,128,170,135,166,225,
lightskyblue,128,170,159,166,225,
lightskyblue,128,170,161,166,225,
lightskyblue,128,170,166,137,225,
lightskyblue,128,170,166,167,225,
lightskyblue,128,170,166,171,225,
lightskyblue,128,170,166,173,225,
lightskyblue,128,170,166,177,225,
lightskyblue,128,170,166,49,225,
lightskyblue,128,170,166,51,225,
lightskyblue,128,170,166,53,225,
lightskyblue,128,170,166,55,225,
lightskyblue,128,170,166,57,225,
lightskyblue,110,170,135,138,89,
lightskyblue,110,170,159,138,89,
lightskyblue,110,170,161,138,89,
lightskyblue,110,170,165,138,89,
lightskyblue,110,170,138,167,89,
lightskyblue,110,170,138,171,89,
lightskyblue,110,170,138,173,89,
lightskyblue,110,170,138,177,89,
lightskyblue,110,170,138,49,89,
lightskyblue,110,170,138,51,89,
lightskyblue,110,170,138,53,89,
lightskyblue,110,170,138,55,89,
lightskyblue,110,170,138,57,89,
lightskyblue,134,170,135,168,245,
lightskyblue,134,170,159,168,245,
lightskyblue,134,170,161,168,245,
lightskyblue,134,170,165,168,245,
lightskyblue,134,170,137,168,245,
lightskyblue,134,170,168,171,245,
lightskyblue,134,170,168,173,245,
lightskyblue,134,170,168,177,245,
lightskyblue,134,170,168,49,245,
lightskyblue,134,170,168,51,245,
lightskyblue,134,170,168,53,245,
lightskyblue,134,170,168,55,245,
lightskyblue,134,170,168,57,245,
lightskyblue,144,170,135,172,265,
lightskyblue,144,170,159,172,265,
lightskyblue,144,170,161,172,265,
lightskyblue,144,170,165,172,265,
lightskyblue,144,170,137,172,265,
lightskyblue,144,170,167,172,265,
lightskyblue,144,170,172,173,265,
lightskyblue,144,170,172,177,265,
lightskyblue,144,170,172,49,265,
lightskyblue,144,170,172,51,265,
lightskyblue,144,170,172,53,265,
lightskyblue,144,170,172,55,265,
lightskyblue,144,170,172,57,265,
lightskyblue,150,170,135,174,285,
lightskyblue,150,170,159,174,285,
lightskyblue,150,170,161,174,285,
lightskyblue,150,170,165,174,285,
lightskyblue,150,170,137,174,285,
lightskyblue,150,170,167,174,285,
lightskyblue,150,170,171,174,285,
lightskyblue,150,170,174,177,285,
lightskyblue,150,170,174,49,285,
lightskyblue,150,170,174,51,285,
lightskyblue,150,170,174,53,285,
lightskyblue,150,170,174,55,285,
lightskyblue,150,170,174,57,285,
lightskyblue,156,170,135,178,305,
lightskyblue,156,170,159,178,305,
lightskyblue,156,170,161,178,305,
lightskyblue,156,170,165,178,305,
lightskyblue,156,170,137,178,305,
lightskyblue,156,170,167,178,305,
lightskyblue,156,170,171,178,305,
lightskyblue,156,170,173,178,305,
lightskyblue,156,170,178,49,305,
lightskyblue,156,170,178,51,305,
lightskyblue,156,170,178,53,305,
lightskyblue,156,170,178,55,305,
lightskyblue,156,170,178,57,305,
lightskyblue,84,176,136,159,64,
lightskyblue,84,176,136,161,64,
lightskyblue,84,176,136,165,64,
lightskyblue,84,176,136,137,64,
lightskyblue,84,176,136,167,64,
lightskyblue,84,176,136,171,64,
lightskyblue,84,176,136,173,64,
lightskyblue,84,176,136,177,64,
lightskyblue,84,176,136,49,64,
lightskyblue,84,176,136,51,64,
lightskyblue,84,176,136,53,64,
lightskyblue,84,176,136,55,64,
lightskyblue,84,176,136,57,64,
lightskyblue,116,176,135,160,186,
lightskyblue,116,176,160,161,186,
lightskyblue,116,176,160,165,186,
lightskyblue,116,176,160,137,186,
lightskyblue,116,176,160,167,186,
lightskyblue,116,176,160,171,186,
lightskyblue,116,176,160,173,186,
lightskyblue,116,176,160,177,186,
lightskyblue,116,176,160,49,186,
lightskyblue,116,176,160,51,186,
lightskyblue,116,176,160,53,186,
lightskyblue,116,176,160,55,186,
lightskyblue,116,176,160,57,186,
lightskyblue,122,176,135,162,206,
lightskyblue,122,176,159,162,206,
lightskyblue,122,176,162,165,206,
lightskyblue,122,176,162,137,206,
lightskyblue,122,176,162,167,206,
lightskyblue,122,176,162,171,206,
lightskyblue,122,176,162,173,206,
lightskyblue,122,176,162,177,206,
lightskyblue,122,176,162,49,206,
lightskyblue,122,176,162,51,206,
lightskyblue,122,176,162,53,206,
lightskyblue,122,176,162,55,206,
lightskyblue,122,176,162,57,206,
lightskyblue,128,176,135,166,226,
lightskyblue,128,176,159,166,226,
lightskyblue,128,176,161,166,226,
lightskyblue,128,176,166,137,226,
lightskyblue,128,176,166,167,226,
lightskyblue,128,176,166,171,226,
lightskyblue,128,176,166,173,226,
lightskyblue,128,176,166,177,226,
lightskyblue,128,176,166,49,226,
lightskyblue,128,176,166,51,226,
lightskyblue,128,176,166,53,226,
lightskyblue,128,176,166,55,226,
lightskyblue,128,176,166,57,226,
lightskyblue,110,176,135,138,90,
lightskyblue,110,176,159,138,90,
lightskyblue,110,176,161,138,90,
lightskyblue,110,176,165,138,90,
lightskyblue,110,176,138,167,90,
lightskyblue,110,176,138,171,90,
lightskyblue,110,176,138,173,90,
lightskyblue,110,176,138,177,90,
lightskyblue,110,176,138,49,90,
lightskyblue,110,176,138,51,90,
lightskyblue,110,176,138,53,90,
lightskyblue,110,176,138,55,90,
lightskyblue,110,176,138,57,90,
lightskyblue,134,176,135,168,246,
lightskyblue,134,176,159,168,246,
lightskyblue,134,176,161,168,246,
lightskyblue,134,176,165,168,246,
lightskyblue,134,176,137,168,246,
lightskyblue,134,176,168,171,246,
lightskyblue,134,176,168,173,246,
lightskyblue,134,176,168,177,246,
lightskyblue,134,176,168,49,246,
lightskyblue,134,176,168,51,246,
lightskyblue,134,176,168,53,246,
lightskyblue,134,176,168,55,246,
lightskyblue,134,176,168,57,246,
lightskyblue,144,176,135,172,266,
lightskyblue,144,176,159,172,266,
lightskyblue,144,176,161,172,266,
lightskyblue,144,176,165,172,266,
lightskyblue,144,176,137,172,266,
lightskyblue,144,176,167,172,266,
lightskyblue,144,176,172,173,266,
lightskyblue,144,176,172,177,266,
lightskyblue,144,176,172,49,266,
lightskyblue,144,176,172,51,266,
lightskyblue,144,176,172,53,266,
lightskyblue,144,176,172,55,266,
lightskyblue,144,176,172,57,266,
lightskyblue,150,176,135,174,286,
lightskyblue,150,176,159,174,286,
lightskyblue,150,176,161,174,286,
lightskyblue,150,176,165,174,286,
lightskyblue,150,176,137,174,286,
lightskyblue,150,176,167,174,286,
lightskyblue,150,176,171,174,286,
lightskyblue,150,176,174,177,286,
lightskyblue,150,176,174,49,286,
lightskyblue,150,176,174,51,286,
lightskyblue,150,176,174,53,286,
lightskyblue,150,176,174,55,286,
lightskyblue,150,176,174,57,286,
lightskyblue,156,176,135,178,306,
lightskyblue,156,176,159,178,306,
lightskyblue,156,176,161,178,306,
lightskyblue,156,176,165,178,306,
lightskyblue,156,176,137,178,306,
lightskyblue,156,176,167,178,306,
lightskyblue,156,176,171,178,306,
lightskyblue,156,176,173,178,306,
lightskyblue,156,176,178,49,306,
lightskyblue,156,176,178,51,306,
lightskyblue,156,176,178,53,306,
lightskyblue,156,176,178,55,306,
lightskyblue,156,176,178,57,306,
lightskyblue,84,180,136,159,65,
lightskyblue,84,180,136,161,65,
lightskyblue,84,180,136,165,65,
lightskyblue,84,180,136,137,65,
lightskyblue,84,180,136,167,65,
lightskyblue,84,180,136,171,65,
lightskyblue,84,180,136,173,65,
lightskyblue,84,180,136,177,65,
lightskyblue,84,180,136,49,65,
lightskyblue,84,180,136,51,65,
lightskyblue,84,180,136,53,65,
lightskyblue,84,180,136,55,65,
lightskyblue,84,180,136,57,65,
lightskyblue,116,180,135,160,187,
lightskyblue,116,180,160,161,187,
lightskyblue,116,180,160,165,187,
lightskyblue,116,180,160,137,187,
lightskyblue,116,180,160,167,187,
lightskyblue,116,180,160,171,187,
lightskyblue,116,180,160,173,187,
lightskyblue,116,180,160,177,187,
lightskyblue,116,180,160,49,187,
lightskyblue,116,180,160,51,187,
lightskyblue,116,180,160,53,187,
lightskyblue,116,180,160,55,187,
lightskyblue,116,180,160,57,187,
lightskyblue,122,180,135,162,207,
lightskyblue,122,180,159,162,207,
lightskyblue,122,180,162,165,207,
lightskyblue,122,180,162,137,207,
lightskyblue,122,180,162,167,207,
lightskyblue,122,180,162,171,207,
lightskyblue,122,180,162,173,207,
lightskyblue,122,180,162,177,207,
lightskyblue,122,180,162,49,207,
lightskyblue,122,180,162,51,207,
lightskyblue,122,180,162,53,207,
lightskyblue,122,180,162,55,207,
lightskyblue,122,180,162,57,207,
lightskyblue,128,180,135,166,227,
lightskyblue,128,180,159,166,227,
lightskyblue,128,180,161,166,227,
lightskyblue,128,180,166,137,227,
lightskyblue,128,180,166,167,227,
lightskyblue,128,180,166,171,227,
lightskyblue,128,180,166,173,227,
lightskyblue,128,180,166,177,227,
lightskyblue,128,180,166,49,227,
lightskyblue,128,180,166,51,227,
lightskyblue,128,180,166,53,227,
lightskyblue,128,180,166,55,227,
lightskyblue,128,180,166,57,227,
lightskyblue,110,180,135,138,91,
lightskyblue,110,180,159,138,91,
lightskyblue,110,180,161,138,91,
lightskyblue,110,180,165,138,91,
lightskyblue,110,180,138,167,91,
lightskyblue,110,180,138,171,91,
lightskyblue,110,180,138,173,91,
lightskyblue,110,180,138,177,91,
lightskyblue,110,180,138,49,91,
lightskyblue,110,180,138,51,91,
lightskyblue,110,180,138,53,91,
lightskyblue,110,180,138,55,91,
lightskyblue,110,180,138,57,91,
lightskyblue,134,180,135,168,247,
lightskyblue,134,180,159,168,247,
lightskyblue,134,180,161,168,247,
lightskyblue,134,180,165,168,247,
lightskyblue,134,180,137,168,247,
lightskyblue,134,180,168,171,247,
lightskyblue,134,180,168,173,247,
lightskyblue,134,180,168,177,247,
lightskyblue,134,180,168,49,247,
lightskyblue,134,180,168,51,247,
lightskyblue,134,180,168,53,247,
lightskyblue,134,180,168,55,247,
lightskyblue,134,180,168,57,247,
lightskyblue,144,180,135,172,267,
lightskyblue,144,180,159,172,267,
lightskyblue,144,180,161,172,267,
lightskyblue,144,180,165,172,267,
lightskyblue,144,180,137,172,267,
lightskyblue,144,180,167,172,267,
lightskyblue,144,180,172,173,267,
lightskyblue,144,180,172,177,267,
lightskyblue,144,180,172,49,267,
lightskyblue,144,180,172,51,267,
lightskyblue,144,180,172,53,267,
lightskyblue,144,180,172,55,267,
lightskyblue,144,180,172,57,267,
lightskyblue,150,180,135,174,287,
lightskyblue,150,180,159,174,287,
lightskyblue,150,180,161,174,287,
lightskyblue,150,180,165,174,287,
lightskyblue,150,180,137,174,287,
lightskyblue,150,180,167,174,287,
lightskyblue,150,180,171,174,287,
lightskyblue,150,180,174,177,287,
lightskyblue,150,180,174,49,287,
lightskyblue,150,180,174,51,287,
lightskyblue,150,180,174,53,287,
lightskyblue,150,180,174,55,287,
lightskyblue,150,180,174,57,287,
lightskyblue,156,180,135,178,307,
lightskyblue,156,180,159,178,307,
lightskyblue,156,180,161,178,307,
lightskyblue,156,180,165,178,307,
lightskyblue,156,180,137,178,307,
lightskyblue,156,180,167,178,307,
lightskyblue,156,180,171,178,307,
lightskyblue,156,180,173,178,307,
lightskyblue,156,180,178,49,307,
lightskyblue,156,180,178,51,307,
lightskyblue,156,180,178,53,307,
lightskyblue,156,180,178,55,307,
lightskyblue,156,180,178,57,307,
lightskyblue,157,59,
lightskyblue,157,60,
lightskyblue,157,181,
lightskyblue,157,182,
lightskyblue,157,201,
lightskyblue,157,202,
lightskyblue,157,221,
lightskyblue,157,222,
lightskyblue,157,85,
lightskyblue,157,86,
lightskyblue,157,241,
lightskyblue,157,242,
lightskyblue,157,261,
lightskyblue,157,262,
lightskyblue,157,281,
lightskyblue,157,282,
lightskyblue,157,301,
lightskyblue,157,302,
lightskyblue,163,59,
lightskyblue,163,60,
lightskyblue,163,181,
lightskyblue,163,182,
lightskyblue,163,201,
lightskyblue,163,202,
lightskyblue,163,221,
lightskyblue,163,222,
lightskyblue,163,85,
lightskyblue,163,86,
lightskyblue,163,241,
lightskyblue,163,242,
lightskyblue,163,261,
lightskyblue,163,262,
lightskyblue,163,281,
lightskyblue,163,282,
lightskyblue,163,301,
lightskyblue,163,302,
lightskyblue,169,59,
lightskyblue,169,60,
lightskyblue,169,181,
lightskyblue,169,182,
lightskyblue,169,201,
lightskyblue,169,202,
lightskyblue,169,221,
lightskyblue,169,222,
lightskyblue,169,85,
lightskyblue,169,86,
lightskyblue,169,241,
lightskyblue,169,242,
lightskyblue,169,261,
lightskyblue,169,262,
lightskyblue,169,281,
lightskyblue,169,282,
lightskyblue,169,301,
lightskyblue,169,302,
lightskyblue,175,59,
lightskyblue,175,60,
lightskyblue,175,181,
lightskyblue,175,182,
lightskyblue,175,201,
lightskyblue,175,202,
lightskyblue,175,221,
lightskyblue,175,222,
lightskyblue,175,85,
lightskyblue,175,86,
lightskyblue,175,241,
lightskyblue,175,242,
lightskyblue,175,261,
lightskyblue,175,262,
lightskyblue,175,281,
lightskyblue,175,282,
lightskyblue,175,301,
lightskyblue,175,302,
lightskyblue,179,59,
lightskyblue,179,60,
lightskyblue,179,181,
lightskyblue,179,182,
lightskyblue,179,201,
lightskyblue,179,202,
lightskyblue,179,221,
lightskyblue,179,222,
lightskyblue,179,85,
lightskyblue,179,86,
lightskyblue,179,241,
lightskyblue,179,242,
lightskyblue,179,261,
lightskyblue,179,262,
lightskyblue,179,281,
lightskyblue,179,282,
lightskyblue,179,301,
lightskyblue,179,302,
lightskyblue,158,61,
lightskyblue,158,61,
lightskyblue,158,183,
lightskyblue,158,183,
lightskyblue,158,203,
lightskyblue,158,203,
lightskyblue,158,223,
lightskyblue,158,223,
lightskyblue,158,87,
lightskyblue,158,87,
lightskyblue,158,243,
lightskyblue,158,243,
lightskyblue,158,263,
lightskyblue,158,263,
lightskyblue,158,283,
lightskyblue,158,283,
lightskyblue,158,303,
lightskyblue,158,303,
lightskyblue,164,62,
lightskyblue,164,62,
lightskyblue,164,184,
lightskyblue,164,184,
lightskyblue,164,204,
lightskyblue,164,204,
lightskyblue,164,224,
lightskyblue,164,224,
lightskyblue,164,88,
lightskyblue,164,88,
lightskyblue,164,244,
lightskyblue,164,244,
lightskyblue,164,264,
lightskyblue,164,264,
lightskyblue,164,284,
lightskyblue,164,284,
lightskyblue,164,304,
lightskyblue,164,304,
lightskyblue,170,63,
lightskyblue,170,63,
lightskyblue,170,185,
lightskyblue,170,185,
lightskyblue,170,205,
lightskyblue,170,205,
lightskyblue,170,225,
lightskyblue,170,225,
lightskyblue,170,89,
lightskyblue,170,89,
lightskyblue,170,245,
lightskyblue,170,245,
lightskyblue,170,265,
lightskyblue,170,265,
lightskyblue,170,285,
lightskyblue,170,285,
lightskyblue,170,305,
lightskyblue,170,305,
lightskyblue,176,64,
lightskyblue,176,64,
lightskyblue,176,186,
lightskyblue,176,186,
lightskyblue,176,206,
lightskyblue,176,206,
lightskyblue,176,226,
lightskyblue,176,226,
lightskyblue,176,90,
lightskyblue,176,90,
lightskyblue,176,246,
lightskyblue,176,246,
lightskyblue,176,266,
lightskyblue,176,266,
lightskyblue,176,286,
lightskyblue,176,286,
lightskyblue,176,306,
lightskyblue,176,306,
lightskyblue,180,65,
lightskyblue,180,65,
lightskyblue,180,187,
lightskyblue,180,187,
lightskyblue,180,207,
lightskyblue,180,207,
lightskyblue,180,227,
lightskyblue,180,227,
lightskyblue,180,91,
lightskyblue,180,91,
lightskyblue,180,247,
lightskyblue,180,247,
lightskyblue,180,267,
lightskyblue,180,267,
lightskyblue,180,287,
lightskyblue,180,287,
lightskyblue,180,307,
lightskyblue,180,307,
