green,
green,
green,
green,
green,
green,
green,
green,
green,
green,
green,
green,
green,
green,
green,
green,
green,
green,
green,
green,
green,
green,
green,
green,
green,
green,
green,
green,
green,
green,
green,
green,
green,
green,
green,
green,
green,
green,
green,
green,
gold,0,353,354,355,356,1562,1564,1566,1568,1570,1572,1574,1576,1578,1670,1672,1674,1676,1678,1680,1682,1684,1686,
gold,0,357,358,359,360,1580,1582,1584,1586,1588,1590,1592,1594,1596,1652,1654,1656,1658,1660,1662,1664,1666,1668,1688,1690,1692,1694,1696,1698,1700,1702,1704,1760,1762,1764,1766,1768,1770,1772,1774,1776,
gold,0,361,362,363,364,1598,1600,1602,1604,1606,1608,1610,1612,1614,1706,1708,1710,1712,1714,1716,1718,1720,1722,
gold,0,365,366,367,368,1616,1618,1620,1622,1624,1626,1628,1630,1632,1724,1726,1728,1730,1732,1734,1736,1738,1740,
gold,0,369,370,371,372,1634,1636,1638,1640,1642,1644,1646,1648,1650,1742,1744,1746,1748,1750,1752,1754,1756,1758,
gold,1,333,334,335,336,1561,1563,1565,1567,1569,1571,1573,1575,1577,1669,1671,1673,1675,1677,1679,1681,1683,1685,
gold,1,337,338,339,340,1579,1581,1583,1585,1587,1589,1591,1593,1595,1651,1653,1655,1657,1659,1661,1663,1665,1667,1687,1689,1691,1693,1695,1697,1699,1701,1703,1759,1761,1763,1765,1767,1769,1771,1773,1775,
gold,1,341,342,343,344,1597,1599,1601,1603,1605,1607,1609,1611,1613,1705,1707,1709,1711,1713,1715,1717,1719,1721,
gold,1,345,346,347,348,1615,1617,1619,1621,1623,1625,1627,1629,1631,1723,1725,1727,1729,1731,1733,1735,1737,1739,
gold,1,349,350,351,352,1633,1635,1637,1639,1641,1643,1645,1647,1649,1741,1743,1745,1747,1749,1751,1753,1755,1757,
gold,2,381,390,399,408,417,426,435,444,453,
gold,2,
gold,3,543,552,561,570,579,588,597,606,615,
gold,3,
gold,4,624,633,642,651,660,669,678,687,696,
gold,4,
gold,5,705,714,723,732,741,750,759,768,777,
gold,5,
gold,6,462,471,480,489,498,507,516,525,534,786,795,804,813,822,831,840,849,858,
gold,6,
gold,7,1669,1687,1705,1723,1741,1759,
gold,7,1670,1688,1706,1724,1742,1760,
gold,7,373,374,375,376,377,378,379,380,381,1561,1562,
gold,7,454,455,456,457,458,459,460,461,462,1579,1580,
gold,7,535,536,537,538,539,540,541,542,543,1597,1598,
gold,7,616,617,618,619,620,621,622,623,624,1615,1616,
gold,7,697,698,699,700,701,702,703,704,705,1633,1634,
gold,7,778,779,780,781,782,783,784,785,786,1651,1652,
gold,7,859,976,1093,1210,1327,1444,
gold,7,860,977,1094,1211,1328,1445,
gold,7,861,978,1095,1212,1329,1446,
gold,7,862,979,1096,1213,1330,1447,
gold,7,863,980,1097,1214,1331,1448,
gold,7,864,981,1098,1215,1332,1449,
gold,7,865,982,1099,1216,1333,1450,
gold,7,866,983,1100,1217,1334,1451,
gold,7,867,984,1101,1218,1335,1452,
gold,7,868,985,1102,1219,1336,1453,
gold,7,869,986,1103,1220,1337,1454,
gold,7,870,987,1104,1221,1338,1455,
gold,7,871,988,1105,1222,1339,1456,
gold,8,382,391,400,409,418,427,436,445,859,860,861,862,863,864,865,866,867,868,869,870,871,
gold,8,463,472,481,490,499,508,517,526,787,796,805,814,823,832,841,850,976,977,978,979,980,981,982,983,984,985,986,987,988,1444,1445,1446,1447,1448,1449,1450,1451,1452,1453,1454,1455,1456,
gold,8,544,553,562,571,580,589,598,607,1093,1094,1095,1096,1097,1098,1099,1100,1101,1102,1103,1104,1105,
gold,8,625,634,643,652,661,670,679,688,1210,1211,1212,1213,1214,1215,1216,1217,1218,1219,1220,1221,1222,
gold,8,706,715,724,733,742,751,760,769,1327,1328,1329,1330,1331,1332,1333,1334,1335,1336,1337,1338,1339,
gold,8,
gold,9,1677,1695,1713,1731,1749,1767,
gold,9,1678,1696,1714,1732,1750,1768,
gold,9,409,410,411,412,413,414,415,416,417,1569,1570,
gold,9,490,491,492,493,494,495,496,497,498,1587,1588,
gold,9,571,572,573,574,575,576,577,578,579,1605,1606,
gold,9,652,653,654,655,656,657,658,659,660,1623,1624,
gold,9,733,734,735,736,737,738,739,740,741,1641,1642,
gold,9,814,815,816,817,818,819,820,821,822,1659,1660,
gold,9,911,1028,1145,1262,1379,1496,
gold,9,912,1029,1146,1263,1380,1497,
gold,9,913,1030,1147,1264,1381,1498,
gold,9,914,1031,1148,1265,1382,1499,
gold,9,915,1032,1149,1266,1383,1500,
gold,9,916,1033,1150,1267,1384,1501,
gold,9,917,1034,1151,1268,1385,1502,
gold,9,918,1035,1152,1269,1386,1503,
gold,9,919,1036,1153,1270,1387,1504,
gold,9,920,1037,1154,1271,1388,1505,
gold,9,921,1038,1155,1272,1389,1506,
gold,9,922,1039,1156,1273,1390,1507,
gold,9,923,1040,1157,1274,1391,1508,
gold,10,376,385,394,403,422,431,440,449,911,912,913,914,915,916,917,918,919,920,921,922,923,
gold,10,457,466,475,484,503,512,521,530,781,790,799,808,827,836,845,854,1028,1029,1030,1031,1032,1033,1034,1035,1036,1037,1038,1039,1040,1496,1497,1498,1499,1500,1501,1502,1503,1504,1505,1506,1507,1508,
gold,10,538,547,556,565,584,593,602,611,1145,1146,1147,1148,1149,1150,1151,1152,1153,1154,1155,1156,1157,
gold,10,619,628,637,646,665,674,683,692,1262,1263,1264,1265,1266,1267,1268,1269,1270,1271,1272,1273,1274,
gold,10,700,709,718,727,746,755,764,773,1379,1380,1381,1382,1383,1384,1385,1386,1387,1388,1389,1390,1391,
gold,10,
gold,11,373,392,401,410,419,428,437,446,872,873,874,875,876,877,878,879,880,881,882,883,884,
gold,11,454,473,482,491,500,509,518,527,778,797,806,815,824,833,842,851,989,990,991,992,993,994,995,996,997,998,999,1000,1001,1457,1458,1459,1460,1461,1462,1463,1464,1465,1466,1467,1468,1469,
gold,11,535,554,563,572,581,590,599,608,1106,1107,1108,1109,1110,1111,1112,1113,1114,1115,1116,1117,1118,
gold,11,616,635,644,653,662,671,680,689,1223,1224,1225,1226,1227,1228,1229,1230,1231,1232,1233,1234,1235,
gold,11,697,716,725,734,743,752,761,770,1340,1341,1342,1343,1344,1345,1346,1347,1348,1349,1350,1351,1352,
gold,11,
gold,12,374,383,402,411,420,429,438,447,885,886,887,888,889,890,891,892,893,894,895,896,897,
gold,12,455,464,483,492,501,510,519,528,779,788,807,816,825,834,843,852,1002,1003,1004,1005,1006,1007,1008,1009,1010,1011,1012,1013,1014,1470,1471,1472,1473,1474,1475,1476,1477,1478,1479,1480,1481,1482,
gold,12,536,545,564,573,582,591,600,609,1119,1120,1121,1122,1123,1124,1125,1126,1127,1128,1129,1130,1131,
gold,12,617,626,645,654,663,672,681,690,1236,1237,1238,1239,1240,1241,1242,1243,1244,1245,1246,1247,1248,
gold,12,698,707,726,735,744,753,762,771,1353,1354,1355,1356,1357,1358,1359,1360,1361,1362,1363,1364,1365,
gold,12,
gold,13,375,384,393,412,421,430,439,448,898,899,900,901,902,903,904,905,906,907,908,909,910,
gold,13,456,465,474,493,502,511,520,529,780,789,798,817,826,835,844,853,1015,1016,1017,1018,1019,1020,1021,1022,1023,1024,1025,1026,1027,1483,1484,1485,1486,1487,1488,1489,1490,1491,1492,1493,1494,1495,
gold,13,537,546,555,574,583,592,601,610,1132,1133,1134,1135,1136,1137,1138,1139,1140,1141,1142,1143,1144,
gold,13,618,627,636,655,664,673,682,691,1249,1250,1251,1252,1253,1254,1255,1256,1257,1258,1259,1260,1261,
gold,13,699,708,717,736,745,754,763,772,1366,1367,1368,1369,1370,1371,1372,1373,1374,1375,1376,1377,1378,
gold,13,
gold,14,377,386,395,404,413,432,441,450,924,925,926,927,928,929,930,931,932,933,934,935,936,
gold,14,458,467,476,485,494,513,522,531,782,791,800,809,818,837,846,855,1041,1042,1043,1044,1045,1046,1047,1048,1049,1050,1051,1052,1053,1509,1510,1511,1512,1513,1514,1515,1516,1517,1518,1519,1520,1521,
gold,14,539,548,557,566,575,594,603,612,1158,1159,1160,1161,1162,1163,1164,1165,1166,1167,1168,1169,1170,
gold,14,620,629,638,647,656,675,684,693,1275,1276,1277,1278,1279,1280,1281,1282,1283,1284,1285,1286,1287,
gold,14,701,710,719,728,737,756,765,774,1392,1393,1394,1395,1396,1397,1398,1399,1400,1401,1402,1403,1404,
gold,14,
gold,15,382,391,400,409,418,427,436,445,463,472,481,490,499,508,517,526,544,553,562,571,580,589,598,607,625,634,643,652,661,670,679,688,706,715,724,733,742,751,760,769,787,796,805,814,823,832,841,850,859,860,861,862,863,864,865,866,867,868,869,870,871,976,977,978,979,980,981,982,983,984,985,986,987,988,1093,1094,1095,1096,1097,1098,1099,1100,1101,1102,1103,1104,1105,1210,1211,1212,1213,1214,1215,1216,1217,1218,1219,1220,1221,1222,1327,1328,1329,1330,1331,1332,1333,1334,1335,1336,1337,1338,1339,1444,1445,1446,1447,1448,1449,1450,1451,1452,1453,1454,1455,1456,
gold,15,
gold,16,376,385,394,403,422,431,440,449,457,466,475,484,503,512,521,530,538,547,556,565,584,593,602,611,619,628,637,646,665,674,683,692,700,709,718,727,746,755,764,773,781,790,799,808,827,836,845,854,911,912,913,914,915,916,917,918,919,920,921,922,923,1028,1029,1030,1031,1032,1033,1034,1035,1036,1037,1038,1039,1040,1145,1146,1147,1148,1149,1150,1151,1152,1153,1154,1155,1156,1157,1262,1263,1264,1265,1266,1267,1268,1269,1270,1271,1272,1273,1274,1379,1380,1381,1382,1383,1384,1385,1386,1387,1388,1389,1390,1391,1496,1497,1498,1499,1500,1501,1502,1503,1504,1505,1506,1507,1508,
gold,16,
gold,17,378,387,396,405,414,423,442,451,937,938,939,940,941,942,943,944,945,946,947,948,949,
gold,17,459,468,477,486,495,504,523,532,783,792,801,810,819,828,847,856,1054,1055,1056,1057,1058,1059,1060,1061,1062,1063,1064,1065,1066,1522,1523,1524,1525,1526,1527,1528,1529,1530,1531,1532,1533,1534,
gold,17,540,549,558,567,576,585,604,613,1171,1172,1173,1174,1175,1176,1177,1178,1179,1180,1181,1182,1183,
gold,17,621,630,639,648,657,666,685,694,1288,1289,1290,1291,1292,1293,1294,1295,1296,1297,1298,1299,1300,
gold,17,702,711,720,729,738,747,766,775,1405,1406,1407,1408,1409,1410,1411,1412,1413,1414,1415,1416,1417,
gold,17,
gold,18,379,388,397,406,415,424,433,452,950,951,952,953,954,955,956,957,958,959,960,961,962,
gold,18,460,469,478,487,496,505,514,533,784,793,802,811,820,829,838,857,1067,1068,1069,1070,1071,1072,1073,1074,1075,1076,1077,1078,1079,1535,1536,1537,1538,1539,1540,1541,1542,1543,1544,1545,1546,1547,
gold,18,541,550,559,568,577,586,595,614,1184,1185,1186,1187,1188,1189,1190,1191,1192,1193,1194,1195,1196,
gold,18,622,631,640,649,658,667,676,695,1301,1302,1303,1304,1305,1306,1307,1308,1309,1310,1311,1312,1313,
gold,18,703,712,721,730,739,748,757,776,1418,1419,1420,1421,1422,1423,1424,1425,1426,1427,1428,1429,1430,
gold,18,
gold,19,380,389,398,407,416,425,434,443,963,964,965,966,967,968,969,970,971,972,973,974,975,
gold,19,461,470,479,488,497,506,515,524,785,794,803,812,821,830,839,848,1080,1081,1082,1083,1084,1085,1086,1087,1088,1089,1090,1091,1092,1548,1549,1550,1551,1552,1553,1554,1555,1556,1557,1558,1559,1560,
gold,19,542,551,560,569,578,587,596,605,1197,1198,1199,1200,1201,1202,1203,1204,1205,1206,1207,1208,1209,
gold,19,623,632,641,650,659,668,677,686,1314,1315,1316,1317,1318,1319,1320,1321,1322,1323,1324,1325,1326,
gold,19,704,713,722,731,740,749,758,767,1431,1432,1433,1434,1435,1436,1437,1438,1439,1440,1441,1442,1443,
gold,19,
gold,20,859,860,861,862,863,864,865,866,867,868,869,870,871,872,873,874,875,876,877,878,879,880,881,882,883,884,885,886,887,888,889,890,891,892,893,894,895,896,897,898,899,900,901,902,903,904,905,906,907,908,909,910,911,912,913,914,915,916,917,918,919,920,921,922,923,924,925,926,927,928,929,930,931,932,933,934,935,936,937,938,939,940,941,942,943,944,945,946,947,948,949,950,951,952,953,954,955,956,957,958,959,960,961,962,963,964,965,966,967,968,969,970,971,972,973,974,975,1669,1670,1671,1672,1673,1674,1675,1676,1677,1678,1679,1680,1681,1682,1683,1684,1685,1686,
gold,20,
gold,21,976,977,978,979,980,981,982,983,984,985,986,987,988,989,990,991,992,993,994,995,996,997,998,999,1000,1001,1002,1003,1004,1005,1006,1007,1008,1009,1010,1011,1012,1013,1014,1015,1016,1017,1018,1019,1020,1021,1022,1023,1024,1025,1026,1027,1028,1029,1030,1031,1032,1033,1034,1035,1036,1037,1038,1039,1040,1041,1042,1043,1044,1045,1046,1047,1048,1049,1050,1051,1052,1053,1054,1055,1056,1057,1058,1059,1060,1061,1062,1063,1064,1065,1066,1067,1068,1069,1070,1071,1072,1073,1074,1075,1076,1077,1078,1079,1080,1081,1082,1083,1084,1085,1086,1087,1088,1089,1090,1091,1092,1687,1688,1689,1690,1691,1692,1693,1694,1695,1696,1697,1698,1699,1700,1701,1702,1703,1704,
gold,21,
gold,22,1093,1094,1095,1096,1097,1098,1099,1100,1101,1102,1103,1104,1105,1106,1107,1108,1109,1110,1111,1112,1113,1114,1115,1116,1117,1118,1119,1120,1121,1122,1123,1124,1125,1126,1127,1128,1129,1130,1131,1132,1133,1134,1135,1136,1137,1138,1139,1140,1141,1142,1143,1144,1145,1146,1147,1148,1149,1150,1151,1152,1153,1154,1155,1156,1157,1158,1159,1160,1161,1162,1163,1164,1165,1166,1167,1168,1169,1170,1171,1172,1173,1174,1175,1176,1177,1178,1179,1180,1181,1182,1183,1184,1185,1186,1187,1188,1189,1190,1191,1192,1193,1194,1195,1196,1197,1198,1199,1200,1201,1202,1203,1204,1205,1206,1207,1208,1209,1705,1706,1707,1708,1709,1710,1711,1712,1713,1714,1715,1716,1717,1718,1719,1720,1721,1722,
gold,22,
gold,23,1210,1211,1212,1213,1214,1215,1216,1217,1218,1219,1220,1221,1222,1223,1224,1225,1226,1227,1228,1229,1230,1231,1232,1233,1234,1235,1236,1237,1238,1239,1240,1241,1242,1243,1244,1245,1246,1247,1248,1249,1250,1251,1252,1253,1254,1255,1256,1257,1258,1259,1260,1261,1262,1263,1264,1265,1266,1267,1268,1269,1270,1271,1272,1273,1274,1275,1276,1277,1278,1279,1280,1281,1282,1283,1284,1285,1286,1287,1288,1289,1290,1291,1292,1293,1294,1295,1296,1297,1298,1299,1300,1301,1302,1303,1304,1305,1306,1307,1308,1309,1310,1311,1312,1313,1314,1315,1316,1317,1318,1319,1320,1321,1322,1323,1324,1325,1326,1723,1724,1725,1726,1727,1728,1729,1730,1731,1732,1733,1734,1735,1736,1737,1738,1739,1740,
gold,23,
gold,24,373,392,401,410,419,428,437,446,454,473,482,491,500,509,518,527,535,554,563,572,581,590,599,608,616,635,644,653,662,671,680,689,697,716,725,734,743,752,761,770,778,797,806,815,824,833,842,851,872,873,874,875,876,877,878,879,880,881,882,883,884,989,990,991,992,993,994,995,996,997,998,999,1000,1001,1106,1107,1108,1109,1110,1111,1112,1113,1114,1115,1116,1117,1118,1223,1224,1225,1226,1227,1228,1229,1230,1231,1232,1233,1234,1235,1340,1341,1342,1343,1344,1345,1346,1347,1348,1349,1350,1351,1352,1457,1458,1459,1460,1461,1462,1463,1464,1465,1466,1467,1468,1469,
gold,24,
gold,25,374,383,402,411,420,429,438,447,455,464,483,492,501,510,519,528,536,545,564,573,582,591,600,609,617,626,645,654,663,672,681,690,698,707,726,735,744,753,762,771,779,788,807,816,825,834,843,852,885,886,887,888,889,890,891,892,893,894,895,896,897,1002,1003,1004,1005,1006,1007,1008,1009,1010,1011,1012,1013,1014,1119,1120,1121,1122,1123,1124,1125,1126,1127,1128,1129,1130,1131,1236,1237,1238,1239,1240,1241,1242,1243,1244,1245,1246,1247,1248,1353,1354,1355,1356,1357,1358,1359,1360,1361,1362,1363,1364,1365,1470,1471,1472,1473,1474,1475,1476,1477,1478,1479,1480,1481,1482,
gold,25,
gold,26,1327,1328,1329,1330,1331,1332,1333,1334,1335,1336,1337,1338,1339,1340,1341,1342,1343,1344,1345,1346,1347,1348,1349,1350,1351,1352,1353,1354,1355,1356,1357,1358,1359,1360,1361,1362,1363,1364,1365,1366,1367,1368,1369,1370,1371,1372,1373,1374,1375,1376,1377,1378,1379,1380,1381,1382,1383,1384,1385,1386,1387,1388,1389,1390,1391,1392,1393,1394,1395,1396,1397,1398,1399,1400,1401,1402,1403,1404,1405,1406,1407,1408,1409,1410,1411,1412,1413,1414,1415,1416,1417,1418,1419,1420,1421,1422,1423,1424,1425,1426,1427,1428,1429,1430,1431,1432,1433,1434,1435,1436,1437,1438,1439,1440,1441,1442,1443,1741,1742,1743,1744,1745,1746,1747,1748,1749,1750,1751,1752,1753,1754,1755,1756,1757,1758,
gold,26,
gold,27,375,384,393,412,421,430,439,448,456,465,474,493,502,511,520,529,537,546,555,574,583,592,601,610,618,627,636,655,664,673,682,691,699,708,717,736,745,754,763,772,780,789,798,817,826,835,844,853,898,899,900,901,902,903,904,905,906,907,908,909,910,1015,1016,1017,1018,1019,1020,1021,1022,1023,1024,1025,1026,1027,1132,1133,1134,1135,1136,1137,1138,1139,1140,1141,1142,1143,1144,1249,1250,1251,1252,1253,1254,1255,1256,1257,1258,1259,1260,1261,1366,1367,1368,1369,1370,1371,1372,1373,1374,1375,1376,1377,1378,1483,1484,1485,1486,1487,1488,1489,1490,1491,1492,1493,1494,1495,
gold,27,
gold,28,377,386,395,404,413,432,441,450,458,467,476,485,494,513,522,531,539,548,557,566,575,594,603,612,620,629,638,647,656,675,684,693,701,710,719,728,737,756,765,774,782,791,800,809,818,837,846,855,924,925,926,927,928,929,930,931,932,933,934,935,936,1041,1042,1043,1044,1045,1046,1047,1048,1049,1050,1051,1052,1053,1158,1159,1160,1161,1162,1163,1164,1165,1166,1167,1168,1169,1170,1275,1276,1277,1278,1279,1280,1281,1282,1283,1284,1285,1286,1287,1392,1393,1394,1395,1396,1397,1398,1399,1400,1401,1402,1403,1404,1509,1510,1511,1512,1513,1514,1515,1516,1517,1518,1519,1520,1521,
gold,28,
gold,29,1444,1445,1446,1447,1448,1449,1450,1451,1452,1453,1454,1455,1456,1457,1458,1459,1460,1461,1462,1463,1464,1465,1466,1467,1468,1469,1470,1471,1472,1473,1474,1475,1476,1477,1478,1479,1480,1481,1482,1483,1484,1485,1486,1487,1488,1489,1490,1491,1492,1493,1494,1495,1496,1497,1498,1499,1500,1501,1502,1503,1504,1505,1506,1507,1508,1509,1510,1511,1512,1513,1514,1515,1516,1517,1518,1519,1520,1521,1522,1523,1524,1525,1526,1527,1528,1529,1530,1531,1532,1533,1534,1535,1536,1537,1538,1539,1540,1541,1542,1543,1544,1545,1546,1547,1548,1549,1550,1551,1552,1553,1554,1555,1556,1557,1558,1559,1560,1759,1760,1761,1762,1763,1764,1765,1766,1767,1768,1769,1770,1771,1772,1773,1774,1775,1776,
gold,29,
gold,30,378,387,396,405,414,423,442,451,459,468,477,486,495,504,523,532,540,549,558,567,576,585,604,613,621,630,639,648,657,666,685,694,702,711,720,729,738,747,766,775,783,792,801,810,819,828,847,856,937,938,939,940,941,942,943,944,945,946,947,948,949,1054,1055,1056,1057,1058,1059,1060,1061,1062,1063,1064,1065,1066,1171,1172,1173,1174,1175,1176,1177,1178,1179,1180,1181,1182,1183,1288,1289,1290,1291,1292,1293,1294,1295,1296,1297,1298,1299,1300,1405,1406,1407,1408,1409,1410,1411,1412,1413,1414,1415,1416,1417,1522,1523,1524,1525,1526,1527,1528,1529,1530,1531,1532,1533,1534,
gold,30,
gold,31,379,388,397,406,415,424,433,452,460,469,478,487,496,505,514,533,541,550,559,568,577,586,595,614,622,631,640,649,658,667,676,695,703,712,721,730,739,748,757,776,784,793,802,811,820,829,838,857,950,951,952,953,954,955,956,957,958,959,960,961,962,1067,1068,1069,1070,1071,1072,1073,1074,1075,1076,1077,1078,1079,1184,1185,1186,1187,1188,1189,1190,1191,1192,1193,1194,1195,1196,1301,1302,1303,1304,1305,1306,1307,1308,1309,1310,1311,1312,1313,1418,1419,1420,1421,1422,1423,1424,1425,1426,1427,1428,1429,1430,1535,1536,1537,1538,1539,1540,1541,1542,1543,1544,1545,1546,1547,
gold,31,
gold,32,380,389,398,407,416,425,434,443,461,470,479,488,497,506,515,524,542,551,560,569,578,587,596,605,623,632,641,650,659,668,677,686,704,713,722,731,740,749,758,767,785,794,803,812,821,830,839,848,963,964,965,966,967,968,969,970,971,972,973,974,975,1080,1081,1082,1083,1084,1085,1086,1087,1088,1089,1090,1091,1092,1197,1198,1199,1200,1201,1202,1203,1204,1205,1206,1207,1208,1209,1314,1315,1316,1317,1318,1319,1320,1321,1322,1323,1324,1325,1326,1431,1432,1433,1434,1435,1436,1437,1438,1439,1440,1441,1442,1443,1548,1549,1550,1551,1552,1553,1554,1555,1556,1557,1558,1559,1560,
gold,32,
gold,33,1671,1689,1707,1725,1743,1761,
gold,33,1672,1690,1708,1726,1744,1762,
gold,33,382,383,384,385,386,387,388,389,390,1563,1564,
gold,33,463,464,465,466,467,468,469,470,471,1581,1582,
gold,33,544,545,546,547,548,549,550,551,552,1599,1600,
gold,33,625,626,627,628,629,630,631,632,633,1617,1618,
gold,33,706,707,708,709,710,711,712,713,714,1635,1636,
gold,33,787,788,789,790,791,792,793,794,795,1653,1654,
gold,33,872,989,1106,1223,1340,1457,
gold,33,873,990,1107,1224,1341,1458,
gold,33,874,991,1108,1225,1342,1459,
gold,33,875,992,1109,1226,1343,1460,
gold,33,876,993,1110,1227,1344,1461,
gold,33,877,994,1111,1228,1345,1462,
gold,33,878,995,1112,1229,1346,1463,
gold,33,879,996,1113,1230,1347,1464,
gold,33,880,997,1114,1231,1348,1465,
gold,33,881,998,1115,1232,1349,1466,
gold,33,882,999,1116,1233,1350,1467,
gold,33,883,1000,1117,1234,1351,1468,
red,33,884,1001,1118,1235,1352,1469,
gold,34,1673,1691,1709,1727,1745,1763,
gold,34,1674,1692,1710,1728,1746,1764,
gold,34,391,392,393,394,395,396,397,398,399,1565,1566,
gold,34,472,473,474,475,476,477,478,479,480,1583,1584,
gold,34,553,554,555,556,557,558,559,560,561,1601,1602,
gold,34,634,635,636,637,638,639,640,641,642,1619,1620,
gold,34,715,716,717,718,719,720,721,722,723,1637,1638,
gold,34,796,797,798,799,800,801,802,803,804,1655,1656,
gold,34,885,1002,1119,1236,1353,1470,
gold,34,886,1003,1120,1237,1354,1471,
gold,34,887,1004,1121,1238,1355,1472,
gold,34,888,1005,1122,1239,1356,1473,
gold,34,889,1006,1123,1240,1357,1474,
gold,34,890,1007,1124,1241,1358,1475,
gold,34,891,1008,1125,1242,1359,1476,
gold,34,892,1009,1126,1243,1360,1477,
gold,34,893,1010,1127,1244,1361,1478,
red,34,894,1011,1128,1245,1362,1479,
gold,34,895,1012,1129,1246,1363,1480,
gold,34,896,1013,1130,1247,1364,1481,
gold,34,897,1014,1131,1248,1365,1482,
gold,35,1675,1693,1711,1729,1747,1765,
gold,35,1676,1694,1712,1730,1748,1766,
gold,35,400,401,402,403,404,405,406,407,408,1567,1568,
gold,35,481,482,483,484,485,486,487,488,489,1585,1586,
gold,35,562,563,564,565,566,567,568,569,570,1603,1604,
gold,35,643,644,645,646,647,648,649,650,651,1621,1622,
gold,35,724,725,726,727,728,729,730,731,732,1639,1640,
gold,35,805,806,807,808,809,810,811,812,813,1657,1658,
gold,35,898,1015,1132,1249,1366,1483,
red,35,899,1016,1133,1250,1367,1484,
gold,35,900,1017,1134,1251,1368,1485,
gold,35,901,1018,1135,1252,1369,1486,
gold,35,902,1019,1136,1253,1370,1487,
gold,35,903,1020,1137,1254,1371,1488,
gold,35,904,1021,1138,1255,1372,1489,
gold,35,905,1022,1139,1256,1373,1490,
gold,35,906,1023,1140,1257,1374,1491,
gold,35,907,1024,1141,1258,1375,1492,
gold,35,908,1025,1142,1259,1376,1493,
gold,35,909,1026,1143,1260,1377,1494,
gold,35,910,1027,1144,1261,1378,1495,
gold,36,1679,1697,1715,1733,1751,1769,
gold,36,1680,1698,1716,1734,1752,1770,
gold,36,418,419,420,421,422,423,424,425,426,1571,1572,
gold,36,499,500,501,502,503,504,505,506,507,1589,1590,
gold,36,580,581,582,583,584,585,586,587,588,1607,1608,
gold,36,661,662,663,664,665,666,667,668,669,1625,1626,
gold,36,742,743,744,745,746,747,748,749,750,1643,1644,
gold,36,823,824,825,826,827,828,829,830,831,1661,1662,
gold,36,924,1041,1158,1275,1392,1509,
gold,36,925,1042,1159,1276,1393,1510,
red,36,926,1043,1160,1277,1394,1511,
gold,36,927,1044,1161,1278,1395,1512,
gold,36,928,1045,1162,1279,1396,1513,
gold,36,929,1046,1163,1280,1397,1514,
gold,36,930,1047,1164,1281,1398,1515,
gold,36,931,1048,1165,1282,1399,1516,
gold,36,932,1049,1166,1283,1400,1517,
gold,36,933,1050,1167,1284,1401,1518,
gold,36,934,1051,1168,1285,1402,1519,
gold,36,935,1052,1169,1286,1403,1520,
gold,36,936,1053,1170,1287,1404,1521,
gold,37,1681,1699,1717,1735,1753,1771,
gold,37,1682,1700,1718,1736,1754,1772,
gold,37,427,428,429,430,431,432,433,434,435,1573,1574,
gold,37,508,509,510,511,512,513,514,515,516,1591,1592,
gold,37,589,590,591,592,593,594,595,596,597,1609,1610,
gold,37,670,671,672,673,674,675,676,677,678,1627,1628,
gold,37,751,752,753,754,755,756,757,758,759,1645,1646,
gold,37,832,833,834,835,836,837,838,839,840,1663,1664,
gold,37,937,1054,1171,1288,1405,1522,
gold,37,938,1055,1172,1289,1406,1523,
gold,37,939,1056,1173,1290,1407,1524,
gold,37,940,1057,1174,1291,1408,1525,
gold,37,941,1058,1175,1292,1409,1526,
gold,37,942,1059,1176,1293,1410,1527,
gold,37,943,1060,1177,1294,1411,1528,
gold,37,944,1061,1178,1295,1412,1529,
gold,37,945,1062,1179,1296,1413,1530,
gold,37,946,1063,1180,1297,1414,1531,
red,37,947,1064,1181,1298,1415,1532,
gold,37,948,1065,1182,1299,1416,1533,
gold,37,949,1066,1183,1300,1417,1534,
gold,38,1683,1701,1719,1737,1755,1773,
gold,38,1684,1702,1720,1738,1756,1774,
gold,38,436,437,438,439,440,441,442,443,444,1575,1576,
gold,38,517,518,519,520,521,522,523,524,525,1593,1594,
gold,38,598,599,600,601,602,603,604,605,606,1611,1612,
gold,38,679,680,681,682,683,684,685,686,687,1629,1630,
gold,38,760,761,762,763,764,765,766,767,768,1647,1648,
gold,38,841,842,843,844,845,846,847,848,849,1665,1666,
gold,38,950,1067,1184,1301,1418,1535,
gold,38,951,1068,1185,1302,1419,1536,
gold,38,952,1069,1186,1303,1420,1537,
gold,38,953,1070,1187,1304,1421,1538,
gold,38,954,1071,1188,1305,1422,1539,
red,38,955,1072,1189,1306,1423,1540,
gold,38,956,1073,1190,1307,1424,1541,
gold,38,957,1074,1191,1308,1425,1542,
gold,38,958,1075,1192,1309,1426,1543,
gold,38,959,1076,1193,1310,1427,1544,
gold,38,960,1077,1194,1311,1428,1545,
gold,38,961,1078,1195,1312,1429,1546,
gold,38,962,1079,1196,1313,1430,1547,
gold,39,1685,1703,1721,1739,1757,1775,
gold,39,1686,1704,1722,1740,1758,1776,
gold,39,445,446,447,448,449,450,451,452,453,1577,1578,
gold,39,526,527,528,529,530,531,532,533,534,1595,1596,
gold,39,607,608,609,610,611,612,613,614,615,1613,1614,
gold,39,688,689,690,691,692,693,694,695,696,1631,1632,
gold,39,769,770,771,772,773,774,775,776,777,1649,1650,
gold,39,850,851,852,853,854,855,856,857,858,1667,1668,
gold,39,963,1080,1197,1314,1431,1548,
gold,39,964,1081,1198,1315,1432,1549,
gold,39,965,1082,1199,1316,1433,1550,
red,39,966,1083,1200,1317,1434,1551,
gold,39,967,1084,1201,1318,1435,1552,
gold,39,968,1085,1202,1319,1436,1553,
gold,39,969,1086,1203,1320,1437,1554,
gold,39,970,1087,1204,1321,1438,1555,
gold,39,971,1088,1205,1322,1439,1556,
gold,39,972,1089,1206,1323,1440,1557,
gold,39,973,1090,1207,1324,1441,1558,
gold,39,974,1091,1208,1325,1442,1559,
gold,39,975,1092,1209,1326,1443,1560,
lightskyblue,46,
lightskyblue,47,
lightskyblue,48,
lightskyblue,49,
lightskyblue,45,
lightskyblue,47,
lightskyblue,48,
lightskyblue,49,
lightskyblue,45,
lightskyblue,46,
lightskyblue,48,
lightskyblue,49,
lightskyblue,45,
lightskyblue,46,
lightskyblue,47,
lightskyblue,49,
lightskyblue,45,
lightskyblue,46,
lightskyblue,47,
lightskyblue,48,
lightskyblue,41,
lightskyblue,42,
lightskyblue,43,
lightskyblue,44,
lightskyblue,40,
lightskyblue,42,
lightskyblue,43,
lightskyblue,44,
lightskyblue,40,
lightskyblue,41,
lightskyblue,43,
lightskyblue,44,
lightskyblue,40,
lightskyblue,41,
lightskyblue,42,
lightskyblue,44,
lightskyblue,40,
lightskyblue,41,
lightskyblue,42,
lightskyblue,43,
lightskyblue,81,160,138,169,68,
lightskyblue,81,160,138,171,69,
lightskyblue,81,160,138,175,70,
lightskyblue,81,160,138,141,71,
lightskyblue,81,160,138,177,72,
lightskyblue,81,160,138,181,73,
lightskyblue,81,160,138,183,74,
lightskyblue,81,160,138,185,75,
lightskyblue,81,160,138,51,76,
lightskyblue,114,160,139,168,194,
lightskyblue,114,160,168,171,195,
lightskyblue,114,160,168,175,196,
lightskyblue,114,160,168,141,197,
lightskyblue,114,160,168,177,198,
lightskyblue,114,160,168,181,199,
lightskyblue,114,160,168,183,200,
lightskyblue,114,160,168,185,201,
lightskyblue,114,160,168,51,202,
lightskyblue,120,160,139,170,215,
lightskyblue,120,160,169,170,216,
lightskyblue,120,160,170,175,217,
lightskyblue,120,160,170,141,218,
lightskyblue,120,160,170,177,219,
lightskyblue,120,160,170,181,220,
lightskyblue,120,160,170,183,221,
lightskyblue,120,160,170,185,222,
lightskyblue,120,160,170,51,223,
lightskyblue,126,160,139,174,236,
lightskyblue,126,160,169,174,237,
lightskyblue,126,160,171,174,238,
lightskyblue,126,160,174,141,239,
lightskyblue,126,160,174,177,240,
lightskyblue,126,160,174,181,241,
lightskyblue,126,160,174,183,242,
lightskyblue,126,160,174,185,243,
lightskyblue,126,160,174,51,244,
lightskyblue,108,160,139,140,95,
lightskyblue,108,160,169,140,96,
lightskyblue,108,160,171,140,97,
lightskyblue,108,160,175,140,98,
lightskyblue,108,160,140,177,99,
lightskyblue,108,160,140,181,100,
lightskyblue,108,160,140,183,101,
lightskyblue,108,160,140,185,102,
lightskyblue,108,160,140,51,103,
lightskyblue,132,160,139,176,257,
lightskyblue,132,160,169,176,258,
lightskyblue,132,160,171,176,259,
lightskyblue,132,160,175,176,260,
lightskyblue,132,160,141,176,261,
lightskyblue,132,160,176,181,262,
lightskyblue,132,160,176,183,263,
lightskyblue,132,160,176,185,264,
lightskyblue,132,160,176,51,265,
lightskyblue,142,160,139,180,278,
lightskyblue,142,160,169,180,279,
lightskyblue,142,160,171,180,280,
lightskyblue,142,160,175,180,281,
lightskyblue,142,160,141,180,282,
lightskyblue,142,160,177,180,283,
lightskyblue,142,160,180,183,284,
lightskyblue,142,160,180,185,285,
lightskyblue,142,160,180,51,286,
lightskyblue,148,160,139,182,299,
lightskyblue,148,160,169,182,300,
lightskyblue,148,160,171,182,301,
lightskyblue,148,160,175,182,302,
lightskyblue,148,160,141,182,303,
lightskyblue,148,160,177,182,304,
lightskyblue,148,160,181,182,305,
lightskyblue,148,160,182,185,306,
lightskyblue,148,160,182,51,307,
lightskyblue,154,160,139,184,320,
lightskyblue,154,160,169,184,321,
lightskyblue,154,160,171,184,322,
lightskyblue,154,160,175,184,323,
lightskyblue,154,160,141,184,324,
lightskyblue,154,160,177,184,325,
lightskyblue,154,160,181,184,326,
lightskyblue,154,160,183,184,327,
lightskyblue,154,160,184,51,328,
lightskyblue,82,162,138,169,68,
lightskyblue,82,162,138,171,69,
lightskyblue,82,162,138,175,70,
lightskyblue,82,162,138,141,71,
lightskyblue,82,162,138,177,72,
lightskyblue,82,162,138,181,73,
lightskyblue,82,162,138,183,74,
lightskyblue,82,162,138,185,75,
lightskyblue,82,162,138,59,77,
lightskyblue,115,162,139,168,194,
lightskyblue,115,162,168,171,195,
lightskyblue,115,162,168,175,196,
lightskyblue,115,162,168,141,197,
lightskyblue,115,162,168,177,198,
lightskyblue,115,162,168,181,199,
lightskyblue,115,162,168,183,200,
lightskyblue,115,162,168,185,201,
lightskyblue,115,162,168,59,203,
lightskyblue,121,162,139,170,215,
lightskyblue,121,162,169,170,216,
lightskyblue,121,162,170,175,217,
lightskyblue,121,162,170,141,218,
lightskyblue,121,162,170,177,219,
lightskyblue,121,162,170,181,220,
lightskyblue,121,162,170,183,221,
lightskyblue,121,162,170,185,222,
lightskyblue,121,162,170,59,224,
lightskyblue,127,162,139,174,236,
lightskyblue,127,162,169,174,237,
lightskyblue,127,162,171,174,238,
lightskyblue,127,162,174,141,239,
lightskyblue,127,162,174,177,240,
lightskyblue,127,162,174,181,241,
lightskyblue,127,162,174,183,242,
lightskyblue,127,162,174,185,243,
lightskyblue,127,162,174,59,245,
lightskyblue,109,162,139,140,95,
lightskyblue,109,162,169,140,96,
lightskyblue,109,162,171,140,97,
lightskyblue,109,162,175,140,98,
lightskyblue,109,162,140,177,99,
lightskyblue,109,162,140,181,100,
lightskyblue,109,162,140,183,101,
lightskyblue,109,162,140,185,102,
lightskyblue,109,162,140,59,104,
lightskyblue,133,162,139,176,257,
lightskyblue,133,162,169,176,258,
lightskyblue,133,162,171,176,259,
lightskyblue,133,162,175,176,260,
lightskyblue,133,162,141,176,261,
lightskyblue,133,162,176,181,262,
lightskyblue,133,162,176,183,263,
lightskyblue,133,162,176,185,264,
lightskyblue,133,162,176,59,266,
lightskyblue,143,162,139,180,278,
lightskyblue,143,162,169,180,279,
lightskyblue,143,162,171,180,280,
lightskyblue,143,162,175,180,281,
lightskyblue,143,162,141,180,282,
lightskyblue,143,162,177,180,283,
lightskyblue,143,162,180,183,284,
lightskyblue,143,162,180,185,285,
lightskyblue,143,162,180,59,287,
lightskyblue,149,162,139,182,299,
lightskyblue,149,162,169,182,300,
lightskyblue,149,162,171,182,301,
lightskyblue,149,162,175,182,302,
lightskyblue,149,162,141,182,303,
lightskyblue,149,162,177,182,304,
lightskyblue,149,162,181,182,305,
lightskyblue,149,162,182,185,306,
lightskyblue,149,162,182,59,308,
lightskyblue,155,162,139,184,320,
lightskyblue,155,162,169,184,321,
lightskyblue,155,162,171,184,322,
lightskyblue,155,162,175,184,323,
lightskyblue,155,162,141,184,324,
lightskyblue,155,162,177,184,325,
lightskyblue,155,162,181,184,326,
lightskyblue,155,162,183,184,327,
lightskyblue,155,162,184,59,329,
lightskyblue,83,164,138,169,68,
lightskyblue,83,164,138,171,69,
lightskyblue,83,164,138,175,70,
lightskyblue,83,164,138,141,71,
lightskyblue,83,164,138,177,72,
lightskyblue,83,164,138,181,73,
lightskyblue,83,164,138,183,74,
lightskyblue,83,164,138,185,75,
lightskyblue,83,164,138,53,78,
lightskyblue,116,164,139,168,194,
lightskyblue,116,164,168,171,195,
lightskyblue,116,164,168,175,196,
lightskyblue,116,164,168,141,197,
lightskyblue,116,164,168,177,198,
lightskyblue,116,164,168,181,199,
lightskyblue,116,164,168,183,200,
lightskyblue,116,164,168,185,201,
lightskyblue,116,164,168,53,204,
lightskyblue,122,164,139,170,215,
lightskyblue,122,164,169,170,216,
lightskyblue,122,164,170,175,217,
lightskyblue,122,164,170,141,218,
lightskyblue,122,164,170,177,219,
lightskyblue,122,164,170,181,220,
lightskyblue,122,164,170,183,221,
lightskyblue,122,164,170,185,222,
lightskyblue,122,164,170,53,225,
lightskyblue,128,164,139,174,236,
lightskyblue,128,164,169,174,237,
lightskyblue,128,164,171,174,238,
lightskyblue,128,164,174,141,239,
lightskyblue,128,164,174,177,240,
lightskyblue,128,164,174,181,241,
lightskyblue,128,164,174,183,242,
lightskyblue,128,164,174,185,243,
lightskyblue,128,164,174,53,246,
lightskyblue,110,164,139,140,95,
lightskyblue,110,164,169,140,96,
lightskyblue,110,164,171,140,97,
lightskyblue,110,164,175,140,98,
lightskyblue,110,164,140,177,99,
lightskyblue,110,164,140,181,100,
lightskyblue,110,164,140,183,101,
lightskyblue,110,164,140,185,102,
lightskyblue,110,164,140,53,105,
lightskyblue,134,164,139,176,257,
lightskyblue,134,164,169,176,258,
lightskyblue,134,164,171,176,259,
lightskyblue,134,164,175,176,260,
lightskyblue,134,164,141,176,261,
lightskyblue,134,164,176,181,262,
lightskyblue,134,164,176,183,263,
lightskyblue,134,164,176,185,264,
lightskyblue,134,164,176,53,267,
lightskyblue,144,164,139,180,278,
lightskyblue,144,164,169,180,279,
lightskyblue,144,164,171,180,280,
lightskyblue,144,164,175,180,281,
lightskyblue,144,164,141,180,282,
lightskyblue,144,164,177,180,283,
lightskyblue,144,164,180,183,284,
lightskyblue,144,164,180,185,285,
lightskyblue,144,164,180,53,288,
lightskyblue,150,164,139,182,299,
lightskyblue,150,164,169,182,300,
lightskyblue,150,164,171,182,301,
lightskyblue,150,164,175,182,302,
lightskyblue,150,164,141,182,303,
lightskyblue,150,164,177,182,304,
lightskyblue,150,164,181,182,305,
lightskyblue,150,164,182,185,306,
lightskyblue,150,164,182,53,309,
lightskyblue,156,164,139,184,320,
lightskyblue,156,164,169,184,321,
lightskyblue,156,164,171,184,322,
lightskyblue,156,164,175,184,323,
lightskyblue,156,164,141,184,324,
lightskyblue,156,164,177,184,325,
lightskyblue,156,164,181,184,326,
lightskyblue,156,164,183,184,327,
lightskyblue,156,164,184,53,330,
lightskyblue,84,166,138,169,68,
lightskyblue,84,166,138,171,69,
lightskyblue,84,166,138,175,70,
lightskyblue,84,166,138,141,71,
lightskyblue,84,166,138,177,72,
lightskyblue,84,166,138,181,73,
lightskyblue,84,166,138,183,74,
lightskyblue,84,166,138,185,75,
lightskyblue,84,166,138,55,79,
lightskyblue,117,166,139,168,194,
lightskyblue,117,166,168,171,195,
lightskyblue,117,166,168,175,196,
lightskyblue,117,166,168,141,197,
lightskyblue,117,166,168,177,198,
lightskyblue,117,166,168,181,199,
lightskyblue,117,166,168,183,200,
lightskyblue,117,166,168,185,201,
lightskyblue,117,166,168,55,205,
lightskyblue,123,166,139,170,215,
lightskyblue,123,166,169,170,216,
lightskyblue,123,166,170,175,217,
lightskyblue,123,166,170,141,218,
lightskyblue,123,166,170,177,219,
lightskyblue,123,166,170,181,220,
lightskyblue,123,166,170,183,221,
lightskyblue,123,166,170,185,222,
lightskyblue,123,166,170,55,226,
lightskyblue,129,166,139,174,236,
lightskyblue,129,166,169,174,237,
lightskyblue,129,166,171,174,238,
lightskyblue,129,166,174,141,239,
lightskyblue,129,166,174,177,240,
lightskyblue,129,166,174,181,241,
lightskyblue,129,166,174,183,242,
lightskyblue,129,166,174,185,243,
lightskyblue,129,166,174,55,247,
lightskyblue,111,166,139,140,95,
lightskyblue,111,166,169,140,96,
lightskyblue,111,166,171,140,97,
lightskyblue,111,166,175,140,98,
lightskyblue,111,166,140,177,99,
lightskyblue,111,166,140,181,100,
lightskyblue,111,166,140,183,101,
lightskyblue,111,166,140,185,102,
lightskyblue,111,166,140,55,106,
lightskyblue,135,166,139,176,257,
lightskyblue,135,166,169,176,258,
lightskyblue,135,166,171,176,259,
lightskyblue,135,166,175,176,260,
lightskyblue,135,166,141,176,261,
lightskyblue,135,166,176,181,262,
lightskyblue,135,166,176,183,263,
lightskyblue,135,166,176,185,264,
lightskyblue,135,166,176,55,268,
lightskyblue,145,166,139,180,278,
lightskyblue,145,166,169,180,279,
lightskyblue,145,166,171,180,280,
lightskyblue,145,166,175,180,281,
lightskyblue,145,166,141,180,282,
lightskyblue,145,166,177,180,283,
lightskyblue,145,166,180,183,284,
lightskyblue,145,166,180,185,285,
lightskyblue,145,166,180,55,289,
lightskyblue,151,166,139,182,299,
lightskyblue,151,166,169,182,300,
lightskyblue,151,166,171,182,301,
lightskyblue,151,166,175,182,302,
lightskyblue,151,166,141,182,303,
lightskyblue,151,166,177,182,304,
lightskyblue,151,166,181,182,305,
lightskyblue,151,166,182,185,306,
lightskyblue,151,166,182,55,310,
lightskyblue,157,166,139,184,320,
lightskyblue,157,166,169,184,321,
lightskyblue,157,166,171,184,322,
lightskyblue,157,166,175,184,323,
lightskyblue,157,166,141,184,324,
lightskyblue,157,166,177,184,325,
lightskyblue,157,166,181,184,326,
lightskyblue,157,166,183,184,327,
lightskyblue,157,166,184,55,331,
lightskyblue,85,172,138,169,68,
lightskyblue,85,172,138,171,69,
lightskyblue,85,172,138,175,70,
lightskyblue,85,172,138,141,71,
lightskyblue,85,172,138,177,72,
lightskyblue,85,172,138,181,73,
lightskyblue,85,172,138,183,74,
lightskyblue,85,172,138,185,75,
lightskyblue,85,172,138,57,80,
lightskyblue,118,172,139,168,194,
lightskyblue,118,172,168,171,195,
lightskyblue,118,172,168,175,196,
lightskyblue,118,172,168,141,197,
lightskyblue,118,172,168,177,198,
lightskyblue,118,172,168,181,199,
lightskyblue,118,172,168,183,200,
lightskyblue,118,172,168,185,201,
lightskyblue,118,172,168,57,206,
lightskyblue,124,172,139,170,215,
lightskyblue,124,172,169,170,216,
lightskyblue,124,172,170,175,217,
lightskyblue,124,172,170,141,218,
lightskyblue,124,172,170,177,219,
lightskyblue,124,172,170,181,220,
lightskyblue,124,172,170,183,221,
lightskyblue,124,172,170,185,222,
lightskyblue,124,172,170,57,227,
lightskyblue,130,172,139,174,236,
lightskyblue,130,172,169,174,237,
lightskyblue,130,172,171,174,238,
lightskyblue,130,172,174,141,239,
lightskyblue,130,172,174,177,240,
lightskyblue,130,172,174,181,241,
lightskyblue,130,172,174,183,242,
lightskyblue,130,172,174,185,243,
lightskyblue,130,172,174,57,248,
lightskyblue,112,172,139,140,95,
lightskyblue,112,172,169,140,96,
lightskyblue,112,172,171,140,97,
lightskyblue,112,172,175,140,98,
lightskyblue,112,172,140,177,99,
lightskyblue,112,172,140,181,100,
lightskyblue,112,172,140,183,101,
lightskyblue,112,172,140,185,102,
lightskyblue,112,172,140,57,107,
lightskyblue,136,172,139,176,257,
lightskyblue,136,172,169,176,258,
lightskyblue,136,172,171,176,259,
lightskyblue,136,172,175,176,260,
lightskyblue,136,172,141,176,261,
lightskyblue,136,172,176,181,262,
lightskyblue,136,172,176,183,263,
lightskyblue,136,172,176,185,264,
lightskyblue,136,172,176,57,269,
lightskyblue,146,172,139,180,278,
lightskyblue,146,172,169,180,279,
lightskyblue,146,172,171,180,280,
lightskyblue,146,172,175,180,281,
lightskyblue,146,172,141,180,282,
lightskyblue,146,172,177,180,283,
lightskyblue,146,172,180,183,284,
lightskyblue,146,172,180,185,285,
lightskyblue,146,172,180,57,290,
lightskyblue,152,172,139,182,299,
lightskyblue,152,172,169,182,300,
lightskyblue,152,172,171,182,301,
lightskyblue,152,172,175,182,302,
lightskyblue,152,172,141,182,303,
lightskyblue,152,172,177,182,304,
lightskyblue,152,172,181,182,305,
lightskyblue,152,172,182,185,306,
lightskyblue,152,172,182,57,311,
lightskyblue,158,172,139,184,320,
lightskyblue,158,172,169,184,321,
lightskyblue,158,172,171,184,322,
lightskyblue,158,172,175,184,323,
lightskyblue,158,172,141,184,324,
lightskyblue,158,172,177,184,325,
lightskyblue,158,172,181,184,326,
lightskyblue,158,172,183,184,327,
lightskyblue,158,172,184,57,332,
lightskyblue,82,178,138,169,68,
lightskyblue,82,178,138,171,69,
lightskyblue,82,178,138,175,70,
lightskyblue,82,178,138,141,71,
lightskyblue,82,178,138,177,72,
lightskyblue,82,178,138,181,73,
lightskyblue,82,178,138,183,74,
lightskyblue,82,178,138,185,75,
lightskyblue,82,178,138,59,77,
lightskyblue,115,178,139,168,194,
lightskyblue,115,178,168,171,195,
lightskyblue,115,178,168,175,196,
lightskyblue,115,178,168,141,197,
lightskyblue,115,178,168,177,198,
lightskyblue,115,178,168,181,199,
lightskyblue,115,178,168,183,200,
lightskyblue,115,178,168,185,201,
lightskyblue,115,178,168,59,203,
lightskyblue,121,178,139,170,215,
lightskyblue,121,178,169,170,216,
lightskyblue,121,178,170,175,217,
lightskyblue,121,178,170,141,218,
lightskyblue,121,178,170,177,219,
lightskyblue,121,178,170,181,220,
lightskyblue,121,178,170,183,221,
lightskyblue,121,178,170,185,222,
lightskyblue,121,178,170,59,224,
lightskyblue,127,178,139,174,236,
lightskyblue,127,178,169,174,237,
lightskyblue,127,178,171,174,238,
lightskyblue,127,178,174,141,239,
lightskyblue,127,178,174,177,240,
lightskyblue,127,178,174,181,241,
lightskyblue,127,178,174,183,242,
lightskyblue,127,178,174,185,243,
lightskyblue,127,178,174,59,245,
lightskyblue,109,178,139,140,95,
lightskyblue,109,178,169,140,96,
lightskyblue,109,178,171,140,97,
lightskyblue,109,178,175,140,98,
lightskyblue,109,178,140,177,99,
lightskyblue,109,178,140,181,100,
lightskyblue,109,178,140,183,101,
lightskyblue,109,178,140,185,102,
lightskyblue,109,178,140,59,104,
lightskyblue,133,178,139,176,257,
lightskyblue,133,178,169,176,258,
lightskyblue,133,178,171,176,259,
lightskyblue,133,178,175,176,260,
lightskyblue,133,178,141,176,261,
lightskyblue,133,178,176,181,262,
lightskyblue,133,178,176,183,263,
lightskyblue,133,178,176,185,264,
lightskyblue,133,178,176,59,266,
lightskyblue,143,178,139,180,278,
lightskyblue,143,178,169,180,279,
lightskyblue,143,178,171,180,280,
lightskyblue,143,178,175,180,281,
lightskyblue,143,178,141,180,282,
lightskyblue,143,178,177,180,283,
lightskyblue,143,178,180,183,284,
lightskyblue,143,178,180,185,285,
lightskyblue,143,178,180,59,287,
lightskyblue,149,178,139,182,299,
lightskyblue,149,178,169,182,300,
lightskyblue,149,178,171,182,301,
lightskyblue,149,178,175,182,302,
lightskyblue,149,178,141,182,303,
lightskyblue,149,178,177,182,304,
lightskyblue,149,178,181,182,305,
lightskyblue,149,178,182,185,306,
lightskyblue,149,178,182,59,308,
lightskyblue,155,178,139,184,320,
lightskyblue,155,178,169,184,321,
lightskyblue,155,178,171,184,322,
lightskyblue,155,178,175,184,323,
lightskyblue,155,178,141,184,324,
lightskyblue,155,178,177,184,325,
lightskyblue,155,178,181,184,326,
lightskyblue,155,178,183,184,327,
lightskyblue,155,178,184,59,329,
lightskyblue,86,161,139,168,62,
lightskyblue,86,161,139,170,62,
lightskyblue,86,161,139,174,62,
lightskyblue,86,161,139,140,62,
lightskyblue,86,161,139,176,62,
lightskyblue,86,161,139,180,62,
lightskyblue,86,161,139,182,62,
lightskyblue,86,161,139,184,62,
lightskyblue,86,161,139,50,62,
lightskyblue,86,161,139,58,62,
lightskyblue,86,161,139,52,62,
lightskyblue,86,161,139,54,62,
lightskyblue,86,161,139,56,62,
lightskyblue,119,161,138,169,188,
lightskyblue,119,161,169,170,188,
lightskyblue,119,161,169,174,188,
lightskyblue,119,161,169,140,188,
lightskyblue,119,161,169,176,188,
lightskyblue,119,161,169,180,188,
lightskyblue,119,161,169,182,188,
lightskyblue,119,161,169,184,188,
lightskyblue,119,161,169,50,188,
lightskyblue,119,161,169,58,188,
lightskyblue,119,161,169,52,188,
lightskyblue,119,161,169,54,188,
lightskyblue,119,161,169,56,188,
lightskyblue,125,161,138,171,209,
lightskyblue,125,161,168,171,209,
lightskyblue,125,161,171,174,209,
lightskyblue,125,161,171,140,209,
lightskyblue,125,161,171,176,209,
lightskyblue,125,161,171,180,209,
lightskyblue,125,161,171,182,209,
lightskyblue,125,161,171,184,209,
lightskyblue,125,161,171,50,209,
lightskyblue,125,161,171,58,209,
lightskyblue,125,161,171,52,209,
lightskyblue,125,161,171,54,209,
lightskyblue,125,161,171,56,209,
lightskyblue,131,161,138,175,230,
lightskyblue,131,161,168,175,230,
lightskyblue,131,161,170,175,230,
lightskyblue,131,161,175,140,230,
lightskyblue,131,161,175,176,230,
lightskyblue,131,161,175,180,230,
lightskyblue,131,161,175,182,230,
lightskyblue,131,161,175,184,230,
lightskyblue,131,161,175,50,230,
lightskyblue,131,161,175,58,230,
lightskyblue,131,161,175,52,230,
lightskyblue,131,161,175,54,230,
lightskyblue,131,161,175,56,230,
lightskyblue,113,161,138,141,89,
lightskyblue,113,161,168,141,89,
lightskyblue,113,161,170,141,89,
lightskyblue,113,161,174,141,89,
lightskyblue,113,161,141,176,89,
lightskyblue,113,161,141,180,89,
lightskyblue,113,161,141,182,89,
lightskyblue,113,161,141,184,89,
lightskyblue,113,161,141,50,89,
lightskyblue,113,161,141,58,89,
lightskyblue,113,161,141,52,89,
lightskyblue,113,161,141,54,89,
lightskyblue,113,161,141,56,89,
lightskyblue,137,161,138,177,251,
lightskyblue,137,161,168,177,251,
lightskyblue,137,161,170,177,251,
lightskyblue,137,161,174,177,251,
lightskyblue,137,161,140,177,251,
lightskyblue,137,161,177,180,251,
lightskyblue,137,161,177,182,251,
lightskyblue,137,161,177,184,251,
lightskyblue,137,161,177,50,251,
lightskyblue,137,161,177,58,251,
lightskyblue,137,161,177,52,251,
lightskyblue,137,161,177,54,251,
lightskyblue,137,161,177,56,251,
lightskyblue,147,161,138,181,272,
lightskyblue,147,161,168,181,272,
lightskyblue,147,161,170,181,272,
lightskyblue,147,161,174,181,272,
lightskyblue,147,161,140,181,272,
lightskyblue,147,161,176,181,272,
lightskyblue,147,161,181,182,272,
lightskyblue,147,161,181,184,272,
lightskyblue,147,161,181,50,272,
lightskyblue,147,161,181,58,272,
lightskyblue,147,161,181,52,272,
lightskyblue,147,161,181,54,272,
lightskyblue,147,161,181,56,272,
lightskyblue,153,161,138,183,293,
lightskyblue,153,161,168,183,293,
lightskyblue,153,161,170,183,293,
lightskyblue,153,161,174,183,293,
lightskyblue,153,161,140,183,293,
lightskyblue,153,161,176,183,293,
lightskyblue,153,161,180,183,293,
lightskyblue,153,161,183,184,293,
lightskyblue,153,161,183,50,293,
lightskyblue,153,161,183,58,293,
lightskyblue,153,161,183,52,293,
lightskyblue,153,161,183,54,293,
lightskyblue,153,161,183,56,293,
lightskyblue,159,161,138,185,314,
lightskyblue,159,161,168,185,314,
lightskyblue,159,161,170,185,314,
lightskyblue,159,161,174,185,314,
lightskyblue,159,161,140,185,314,
lightskyblue,159,161,176,185,314,
lightskyblue,159,161,180,185,314,
lightskyblue,159,161,182,185,314,
lightskyblue,159,161,185,50,314,
lightskyblue,159,161,185,58,314,
lightskyblue,159,161,185,52,314,
lightskyblue,159,161,185,54,314,
lightskyblue,159,161,185,56,314,
lightskyblue,86,163,139,168,63,
lightskyblue,86,163,139,170,63,
lightskyblue,86,163,139,174,63,
lightskyblue,86,163,139,140,63,
lightskyblue,86,163,139,176,63,
lightskyblue,86,163,139,180,63,
lightskyblue,86,163,139,182,63,
lightskyblue,86,163,139,184,63,
lightskyblue,86,163,139,50,63,
lightskyblue,86,163,139,58,63,
lightskyblue,86,163,139,52,63,
lightskyblue,86,163,139,54,63,
lightskyblue,86,163,139,56,63,
lightskyblue,119,163,138,169,189,
lightskyblue,119,163,169,170,189,
lightskyblue,119,163,169,174,189,
lightskyblue,119,163,169,140,189,
lightskyblue,119,163,169,176,189,
lightskyblue,119,163,169,180,189,
lightskyblue,119,163,169,182,189,
lightskyblue,119,163,169,184,189,
lightskyblue,119,163,169,50,189,
lightskyblue,119,163,169,58,189,
lightskyblue,119,163,169,52,189,
lightskyblue,119,163,169,54,189,
lightskyblue,119,163,169,56,189,
lightskyblue,125,163,138,171,210,
lightskyblue,125,163,168,171,210,
lightskyblue,125,163,171,174,210,
lightskyblue,125,163,171,140,210,
lightskyblue,125,163,171,176,210,
lightskyblue,125,163,171,180,210,
lightskyblue,125,163,171,182,210,
lightskyblue,125,163,171,184,210,
lightskyblue,125,163,171,50,210,
lightskyblue,125,163,171,58,210,
lightskyblue,125,163,171,52,210,
lightskyblue,125,163,171,54,210,
lightskyblue,125,163,171,56,210,
lightskyblue,131,163,138,175,231,
lightskyblue,131,163,168,175,231,
lightskyblue,131,163,170,175,231,
lightskyblue,131,163,175,140,231,
lightskyblue,131,163,175,176,231,
lightskyblue,131,163,175,180,231,
lightskyblue,131,163,175,182,231,
lightskyblue,131,163,175,184,231,
lightskyblue,131,163,175,50,231,
lightskyblue,131,163,175,58,231,
lightskyblue,131,163,175,52,231,
lightskyblue,131,163,175,54,231,
lightskyblue,131,163,175,56,231,
lightskyblue,113,163,138,141,90,
lightskyblue,113,163,168,141,90,
lightskyblue,113,163,170,141,90,
lightskyblue,113,163,174,141,90,
lightskyblue,113,163,141,176,90,
lightskyblue,113,163,141,180,90,
lightskyblue,113,163,141,182,90,
lightskyblue,113,163,141,184,90,
lightskyblue,113,163,141,50,90,
lightskyblue,113,163,141,58,90,
lightskyblue,113,163,141,52,90,
lightskyblue,113,163,141,54,90,
lightskyblue,113,163,141,56,90,
lightskyblue,137,163,138,177,252,
lightskyblue,137,163,168,177,252,
lightskyblue,137,163,170,177,252,
lightskyblue,137,163,174,177,252,
lightskyblue,137,163,140,177,252,
lightskyblue,137,163,177,180,252,
lightskyblue,137,163,177,182,252,
lightskyblue,137,163,177,184,252,
lightskyblue,137,163,177,50,252,
lightskyblue,137,163,177,58,252,
lightskyblue,137,163,177,52,252,
lightskyblue,137,163,177,54,252,
lightskyblue,137,163,177,56,252,
lightskyblue,147,163,138,181,273,
lightskyblue,147,163,168,181,273,
lightskyblue,147,163,170,181,273,
lightskyblue,147,163,174,181,273,
lightskyblue,147,163,140,181,273,
lightskyblue,147,163,176,181,273,
lightskyblue,147,163,181,182,273,
lightskyblue,147,163,181,184,273,
lightskyblue,147,163,181,50,273,
lightskyblue,147,163,181,58,273,
lightskyblue,147,163,181,52,273,
lightskyblue,147,163,181,54,273,
lightskyblue,147,163,181,56,273,
lightskyblue,153,163,138,183,294,
lightskyblue,153,163,168,183,294,
lightskyblue,153,163,170,183,294,
lightskyblue,153,163,174,183,294,
lightskyblue,153,163,140,183,294,
lightskyblue,153,163,176,183,294,
lightskyblue,153,163,180,183,294,
lightskyblue,153,163,183,184,294,
lightskyblue,153,163,183,50,294,
lightskyblue,153,163,183,58,294,
lightskyblue,153,163,183,52,294,
lightskyblue,153,163,183,54,294,
lightskyblue,153,163,183,56,294,
lightskyblue,159,163,138,185,315,
lightskyblue,159,163,168,185,315,
lightskyblue,159,163,170,185,315,
lightskyblue,159,163,174,185,315,
lightskyblue,159,163,140,185,315,
lightskyblue,159,163,176,185,315,
lightskyblue,159,163,180,185,315,
lightskyblue,159,163,182,185,315,
lightskyblue,159,163,185,50,315,
lightskyblue,159,163,185,58,315,
lightskyblue,159,163,185,52,315,
lightskyblue,159,163,185,54,315,
lightskyblue,159,163,185,56,315,
lightskyblue,86,165,139,168,64,
lightskyblue,86,165,139,170,64,
lightskyblue,86,165,139,174,64,
lightskyblue,86,165,139,140,64,
lightskyblue,86,165,139,176,64,
lightskyblue,86,165,139,180,64,
lightskyblue,86,165,139,182,64,
lightskyblue,86,165,139,184,64,
lightskyblue,86,165,139,50,64,
lightskyblue,86,165,139,58,64,
lightskyblue,86,165,139,52,64,
lightskyblue,86,165,139,54,64,
lightskyblue,86,165,139,56,64,
lightskyblue,119,165,138,169,190,
lightskyblue,119,165,169,170,190,
lightskyblue,119,165,169,174,190,
lightskyblue,119,165,169,140,190,
lightskyblue,119,165,169,176,190,
lightskyblue,119,165,169,180,190,
lightskyblue,119,165,169,182,190,
lightskyblue,119,165,169,184,190,
lightskyblue,119,165,169,50,190,
lightskyblue,119,165,169,58,190,
lightskyblue,119,165,169,52,190,
lightskyblue,119,165,169,54,190,
lightskyblue,119,165,169,56,190,
lightskyblue,125,165,138,171,211,
lightskyblue,125,165,168,171,211,
lightskyblue,125,165,171,174,211,
lightskyblue,125,165,171,140,211,
lightskyblue,125,165,171,176,211,
lightskyblue,125,165,171,180,211,
lightskyblue,125,165,171,182,211,
lightskyblue,125,165,171,184,211,
lightskyblue,125,165,171,50,211,
lightskyblue,125,165,171,58,211,
lightskyblue,125,165,171,52,211,
lightskyblue,125,165,171,54,211,
lightskyblue,125,165,171,56,211,
lightskyblue,131,165,138,175,232,
lightskyblue,131,165,168,175,232,
lightskyblue,131,165,170,175,232,
lightskyblue,131,165,175,140,232,
lightskyblue,131,165,175,176,232,
lightskyblue,131,165,175,180,232,
lightskyblue,131,165,175,182,232,
lightskyblue,131,165,175,184,232,
lightskyblue,131,165,175,50,232,
lightskyblue,131,165,175,58,232,
lightskyblue,131,165,175,52,232,
lightskyblue,131,165,175,54,232,
lightskyblue,131,165,175,56,232,
lightskyblue,113,165,138,141,91,
lightskyblue,113,165,168,141,91,
lightskyblue,113,165,170,141,91,
lightskyblue,113,165,174,141,91,
lightskyblue,113,165,141,176,91,
lightskyblue,113,165,141,180,91,
lightskyblue,113,165,141,182,91,
lightskyblue,113,165,141,184,91,
lightskyblue,113,165,141,50,91,
lightskyblue,113,165,141,58,91,
lightskyblue,113,165,141,52,91,
lightskyblue,113,165,141,54,91,
lightskyblue,113,165,141,56,91,
lightskyblue,137,165,138,177,253,
lightskyblue,137,165,168,177,253,
lightskyblue,137,165,170,177,253,
lightskyblue,137,165,174,177,253,
lightskyblue,137,165,140,177,253,
lightskyblue,137,165,177,180,253,
lightskyblue,137,165,177,182,253,
lightskyblue,137,165,177,184,253,
lightskyblue,137,165,177,50,253,
lightskyblue,137,165,177,58,253,
lightskyblue,137,165,177,52,253,
lightskyblue,137,165,177,54,253,
lightskyblue,137,165,177,56,253,
lightskyblue,147,165,138,181,274,
lightskyblue,147,165,168,181,274,
lightskyblue,147,165,170,181,274,
lightskyblue,147,165,174,181,274,
lightskyblue,147,165,140,181,274,
lightskyblue,147,165,176,181,274,
lightskyblue,147,165,181,182,274,
lightskyblue,147,165,181,184,274,
lightskyblue,147,165,181,50,274,
lightskyblue,147,165,181,58,274,
lightskyblue,147,165,181,52,274,
lightskyblue,147,165,181,54,274,
lightskyblue,147,165,181,56,274,
lightskyblue,153,165,138,183,295,
lightskyblue,153,165,168,183,295,
lightskyblue,153,165,170,183,295,
lightskyblue,153,165,174,183,295,
lightskyblue,153,165,140,183,295,
lightskyblue,153,165,176,183,295,
lightskyblue,153,165,180,183,295,
lightskyblue,153,165,183,184,295,
lightskyblue,153,165,183,50,295,
lightskyblue,153,165,183,58,295,
lightskyblue,153,165,183,52,295,
lightskyblue,153,165,183,54,295,
lightskyblue,153,165,183,56,295,
lightskyblue,159,165,138,185,316,
lightskyblue,159,165,168,185,316,
lightskyblue,159,165,170,185,316,
lightskyblue,159,165,174,185,316,
lightskyblue,159,165,140,185,316,
lightskyblue,159,165,176,185,316,
lightskyblue,159,165,180,185,316,
lightskyblue,159,165,182,185,316,
lightskyblue,159,165,185,50,316,
lightskyblue,159,165,185,58,316,
lightskyblue,159,165,185,52,316,
lightskyblue,159,165,185,54,316,
lightskyblue,159,165,185,56,316,
lightskyblue,86,167,139,168,65,
lightskyblue,86,167,139,170,65,
lightskyblue,86,167,139,174,65,
lightskyblue,86,167,139,140,65,
lightskyblue,86,167,139,176,65,
lightskyblue,86,167,139,180,65,
lightskyblue,86,167,139,182,65,
lightskyblue,86,167,139,184,65,
lightskyblue,86,167,139,50,65,
lightskyblue,86,167,139,58,65,
lightskyblue,86,167,139,52,65,
lightskyblue,86,167,139,54,65,
lightskyblue,86,167,139,56,65,
lightskyblue,119,167,138,169,191,
lightskyblue,119,167,169,170,191,
lightskyblue,119,167,169,174,191,
lightskyblue,119,167,169,140,191,
lightskyblue,119,167,169,176,191,
lightskyblue,119,167,169,180,191,
lightskyblue,119,167,169,182,191,
lightskyblue,119,167,169,184,191,
lightskyblue,119,167,169,50,191,
lightskyblue,119,167,169,58,191,
lightskyblue,119,167,169,52,191,
lightskyblue,119,167,169,54,191,
lightskyblue,119,167,169,56,191,
lightskyblue,125,167,138,171,212,
lightskyblue,125,167,168,171,212,
lightskyblue,125,167,171,174,212,
lightskyblue,125,167,171,140,212,
lightskyblue,125,167,171,176,212,
lightskyblue,125,167,171,180,212,
lightskyblue,125,167,171,182,212,
lightskyblue,125,167,171,184,212,
lightskyblue,125,167,171,50,212,
lightskyblue,125,167,171,58,212,
lightskyblue,125,167,171,52,212,
lightskyblue,125,167,171,54,212,
lightskyblue,125,167,171,56,212,
lightskyblue,131,167,138,175,233,
lightskyblue,131,167,168,175,233,
lightskyblue,131,167,170,175,233,
lightskyblue,131,167,175,140,233,
lightskyblue,131,167,175,176,233,
lightskyblue,131,167,175,180,233,
lightskyblue,131,167,175,182,233,
lightskyblue,131,167,175,184,233,
lightskyblue,131,167,175,50,233,
lightskyblue,131,167,175,58,233,
lightskyblue,131,167,175,52,233,
lightskyblue,131,167,175,54,233,
lightskyblue,131,167,175,56,233,
lightskyblue,113,167,138,141,92,
lightskyblue,113,167,168,141,92,
lightskyblue,113,167,170,141,92,
lightskyblue,113,167,174,141,92,
lightskyblue,113,167,141,176,92,
lightskyblue,113,167,141,180,92,
lightskyblue,113,167,141,182,92,
lightskyblue,113,167,141,184,92,
lightskyblue,113,167,141,50,92,
lightskyblue,113,167,141,58,92,
lightskyblue,113,167,141,52,92,
lightskyblue,113,167,141,54,92,
lightskyblue,113,167,141,56,92,
lightskyblue,137,167,138,177,254,
lightskyblue,137,167,168,177,254,
lightskyblue,137,167,170,177,254,
lightskyblue,137,167,174,177,254,
lightskyblue,137,167,140,177,254,
lightskyblue,137,167,177,180,254,
lightskyblue,137,167,177,182,254,
lightskyblue,137,167,177,184,254,
lightskyblue,137,167,177,50,254,
lightskyblue,137,167,177,58,254,
lightskyblue,137,167,177,52,254,
lightskyblue,137,167,177,54,254,
lightskyblue,137,167,177,56,254,
lightskyblue,147,167,138,181,275,
lightskyblue,147,167,168,181,275,
lightskyblue,147,167,170,181,275,
lightskyblue,147,167,174,181,275,
lightskyblue,147,167,140,181,275,
lightskyblue,147,167,176,181,275,
lightskyblue,147,167,181,182,275,
lightskyblue,147,167,181,184,275,
lightskyblue,147,167,181,50,275,
lightskyblue,147,167,181,58,275,
lightskyblue,147,167,181,52,275,
lightskyblue,147,167,181,54,275,
lightskyblue,147,167,181,56,275,
lightskyblue,153,167,138,183,296,
lightskyblue,153,167,168,183,296,
lightskyblue,153,167,170,183,296,
lightskyblue,153,167,174,183,296,
lightskyblue,153,167,140,183,296,
lightskyblue,153,167,176,183,296,
lightskyblue,153,167,180,183,296,
lightskyblue,153,167,183,184,296,
lightskyblue,153,167,183,50,296,
lightskyblue,153,167,183,58,296,
lightskyblue,153,167,183,52,296,
lightskyblue,153,167,183,54,296,
lightskyblue,153,167,183,56,296,
lightskyblue,159,167,138,185,317,
lightskyblue,159,167,168,185,317,
lightskyblue,159,167,170,185,317,
lightskyblue,159,167,174,185,317,
lightskyblue,159,167,140,185,317,
lightskyblue,159,167,176,185,317,
lightskyblue,159,167,180,185,317,
lightskyblue,159,167,182,185,317,
lightskyblue,159,167,185,50,317,
lightskyblue,159,167,185,58,317,
lightskyblue,159,167,185,52,317,
lightskyblue,159,167,185,54,317,
lightskyblue,159,167,185,56,317,
lightskyblue,86,173,139,168,66,
lightskyblue,86,173,139,170,66,
lightskyblue,86,173,139,174,66,
lightskyblue,86,173,139,140,66,
lightskyblue,86,173,139,176,66,
lightskyblue,86,173,139,180,66,
lightskyblue,86,173,139,182,66,
lightskyblue,86,173,139,184,66,
lightskyblue,86,173,139,50,66,
lightskyblue,86,173,139,58,66,
lightskyblue,86,173,139,52,66,
lightskyblue,86,173,139,54,66,
lightskyblue,86,173,139,56,66,
lightskyblue,119,173,138,169,192,
lightskyblue,119,173,169,170,192,
lightskyblue,119,173,169,174,192,
lightskyblue,119,173,169,140,192,
lightskyblue,119,173,169,176,192,
lightskyblue,119,173,169,180,192,
lightskyblue,119,173,169,182,192,
lightskyblue,119,173,169,184,192,
lightskyblue,119,173,169,50,192,
lightskyblue,119,173,169,58,192,
lightskyblue,119,173,169,52,192,
lightskyblue,119,173,169,54,192,
lightskyblue,119,173,169,56,192,
lightskyblue,125,173,138,171,213,
lightskyblue,125,173,168,171,213,
lightskyblue,125,173,171,174,213,
lightskyblue,125,173,171,140,213,
lightskyblue,125,173,171,176,213,
lightskyblue,125,173,171,180,213,
lightskyblue,125,173,171,182,213,
lightskyblue,125,173,171,184,213,
lightskyblue,125,173,171,50,213,
lightskyblue,125,173,171,58,213,
lightskyblue,125,173,171,52,213,
lightskyblue,125,173,171,54,213,
lightskyblue,125,173,171,56,213,
lightskyblue,131,173,138,175,234,
lightskyblue,131,173,168,175,234,
lightskyblue,131,173,170,175,234,
lightskyblue,131,173,175,140,234,
lightskyblue,131,173,175,176,234,
lightskyblue,131,173,175,180,234,
lightskyblue,131,173,175,182,234,
lightskyblue,131,173,175,184,234,
lightskyblue,131,173,175,50,234,
lightskyblue,131,173,175,58,234,
lightskyblue,131,173,175,52,234,
lightskyblue,131,173,175,54,234,
lightskyblue,131,173,175,56,234,
lightskyblue,113,173,138,141,93,
lightskyblue,113,173,168,141,93,
lightskyblue,113,173,170,141,93,
lightskyblue,113,173,174,141,93,
lightskyblue,113,173,141,176,93,
lightskyblue,113,173,141,180,93,
lightskyblue,113,173,141,182,93,
lightskyblue,113,173,141,184,93,
lightskyblue,113,173,141,50,93,
lightskyblue,113,173,141,58,93,
lightskyblue,113,173,141,52,93,
lightskyblue,113,173,141,54,93,
lightskyblue,113,173,141,56,93,
lightskyblue,137,173,138,177,255,
lightskyblue,137,173,168,177,255,
lightskyblue,137,173,170,177,255,
lightskyblue,137,173,174,177,255,
lightskyblue,137,173,140,177,255,
lightskyblue,137,173,177,180,255,
lightskyblue,137,173,177,182,255,
lightskyblue,137,173,177,184,255,
lightskyblue,137,173,177,50,255,
lightskyblue,137,173,177,58,255,
lightskyblue,137,173,177,52,255,
lightskyblue,137,173,177,54,255,
lightskyblue,137,173,177,56,255,
lightskyblue,147,173,138,181,276,
lightskyblue,147,173,168,181,276,
lightskyblue,147,173,170,181,276,
lightskyblue,147,173,174,181,276,
lightskyblue,147,173,140,181,276,
lightskyblue,147,173,176,181,276,
lightskyblue,147,173,181,182,276,
lightskyblue,147,173,181,184,276,
lightskyblue,147,173,181,50,276,
lightskyblue,147,173,181,58,276,
lightskyblue,147,173,181,52,276,
lightskyblue,147,173,181,54,276,
lightskyblue,147,173,181,56,276,
lightskyblue,153,173,138,183,297,
lightskyblue,153,173,168,183,297,
lightskyblue,153,173,170,183,297,
lightskyblue,153,173,174,183,297,
lightskyblue,153,173,140,183,297,
lightskyblue,153,173,176,183,297,
lightskyblue,153,173,180,183,297,
lightskyblue,153,173,183,184,297,
lightskyblue,153,173,183,50,297,
lightskyblue,153,173,183,58,297,
lightskyblue,153,173,183,52,297,
lightskyblue,153,173,183,54,297,
lightskyblue,153,173,183,56,297,
lightskyblue,159,173,138,185,318,
lightskyblue,159,173,168,185,318,
lightskyblue,159,173,170,185,318,
lightskyblue,159,173,174,185,318,
lightskyblue,159,173,140,185,318,
lightskyblue,159,173,176,185,318,
lightskyblue,159,173,180,185,318,
lightskyblue,159,173,182,185,318,
lightskyblue,159,173,185,50,318,
lightskyblue,159,173,185,58,318,
lightskyblue,159,173,185,52,318,
lightskyblue,159,173,185,54,318,
lightskyblue,159,173,185,56,318,
lightskyblue,86,179,139,168,67,
lightskyblue,86,179,139,170,67,
lightskyblue,86,179,139,174,67,
lightskyblue,86,179,139,140,67,
lightskyblue,86,179,139,176,67,
lightskyblue,86,179,139,180,67,
lightskyblue,86,179,139,182,67,
lightskyblue,86,179,139,184,67,
lightskyblue,86,179,139,50,67,
lightskyblue,86,179,139,58,67,
lightskyblue,86,179,139,52,67,
lightskyblue,86,179,139,54,67,
lightskyblue,86,179,139,56,67,
lightskyblue,119,179,138,169,193,
lightskyblue,119,179,169,170,193,
lightskyblue,119,179,169,174,193,
lightskyblue,119,179,169,140,193,
lightskyblue,119,179,169,176,193,
lightskyblue,119,179,169,180,193,
lightskyblue,119,179,169,182,193,
lightskyblue,119,179,169,184,193,
lightskyblue,119,179,169,50,193,
lightskyblue,119,179,169,58,193,
lightskyblue,119,179,169,52,193,
lightskyblue,119,179,169,54,193,
lightskyblue,119,179,169,56,193,
lightskyblue,125,179,138,171,214,
lightskyblue,125,179,168,171,214,
lightskyblue,125,179,171,174,214,
lightskyblue,125,179,171,140,214,
lightskyblue,125,179,171,176,214,
lightskyblue,125,179,171,180,214,
lightskyblue,125,179,171,182,214,
lightskyblue,125,179,171,184,214,
lightskyblue,125,179,171,50,214,
lightskyblue,125,179,171,58,214,
lightskyblue,125,179,171,52,214,
lightskyblue,125,179,171,54,214,
lightskyblue,125,179,171,56,214,
lightskyblue,131,179,138,175,235,
lightskyblue,131,179,168,175,235,
lightskyblue,131,179,170,175,235,
lightskyblue,131,179,175,140,235,
lightskyblue,131,179,175,176,235,
lightskyblue,131,179,175,180,235,
lightskyblue,131,179,175,182,235,
lightskyblue,131,179,175,184,235,
lightskyblue,131,179,175,50,235,
lightskyblue,131,179,175,58,235,
lightskyblue,131,179,175,52,235,
lightskyblue,131,179,175,54,235,
lightskyblue,131,179,175,56,235,
lightskyblue,113,179,138,141,94,
lightskyblue,113,179,168,141,94,
lightskyblue,113,179,170,141,94,
lightskyblue,113,179,174,141,94,
lightskyblue,113,179,141,176,94,
lightskyblue,113,179,141,180,94,
lightskyblue,113,179,141,182,94,
lightskyblue,113,179,141,184,94,
lightskyblue,113,179,141,50,94,
lightskyblue,113,179,141,58,94,
lightskyblue,113,179,141,52,94,
lightskyblue,113,179,141,54,94,
lightskyblue,113,179,141,56,94,
lightskyblue,137,179,138,177,256,
lightskyblue,137,179,168,177,256,
lightskyblue,137,179,170,177,256,
lightskyblue,137,179,174,177,256,
lightskyblue,137,179,140,177,256,
lightskyblue,137,179,177,180,256,
lightskyblue,137,179,177,182,256,
lightskyblue,137,179,177,184,256,
lightskyblue,137,179,177,50,256,
lightskyblue,137,179,177,58,256,
lightskyblue,137,179,177,52,256,
lightskyblue,137,179,177,54,256,
lightskyblue,137,179,177,56,256,
lightskyblue,147,179,138,181,277,
lightskyblue,147,179,168,181,277,
lightskyblue,147,179,170,181,277,
lightskyblue,147,179,174,181,277,
lightskyblue,147,179,140,181,277,
lightskyblue,147,179,176,181,277,
lightskyblue,147,179,181,182,277,
lightskyblue,147,179,181,184,277,
lightskyblue,147,179,181,50,277,
lightskyblue,147,179,181,58,277,
lightskyblue,147,179,181,52,277,
lightskyblue,147,179,181,54,277,
lightskyblue,147,179,181,56,277,
lightskyblue,153,179,138,183,298,
lightskyblue,153,179,168,183,298,
lightskyblue,153,179,170,183,298,
lightskyblue,153,179,174,183,298,
lightskyblue,153,179,140,183,298,
lightskyblue,153,179,176,183,298,
lightskyblue,153,179,180,183,298,
lightskyblue,153,179,183,184,298,
lightskyblue,153,179,183,50,298,
lightskyblue,153,179,183,58,298,
lightskyblue,153,179,183,52,298,
lightskyblue,153,179,183,54,298,
lightskyblue,153,179,183,56,298,
lightskyblue,159,179,138,185,319,
lightskyblue,159,179,168,185,319,
lightskyblue,159,179,170,185,319,
lightskyblue,159,179,174,185,319,
lightskyblue,159,179,140,185,319,
lightskyblue,159,179,176,185,319,
lightskyblue,159,179,180,185,319,
lightskyblue,159,179,182,185,319,
lightskyblue,159,179,185,50,319,
lightskyblue,159,179,185,58,319,
lightskyblue,159,179,185,52,319,
lightskyblue,159,179,185,54,319,
lightskyblue,159,179,185,56,319,
lightskyblue,160,60,
lightskyblue,160,61,
lightskyblue,160,186,
lightskyblue,160,187,
lightskyblue,160,207,
lightskyblue,160,208,
lightskyblue,160,228,
lightskyblue,160,229,
lightskyblue,160,87,
lightskyblue,160,88,
lightskyblue,160,249,
lightskyblue,160,250,
lightskyblue,160,270,
lightskyblue,160,271,
lightskyblue,160,291,
lightskyblue,160,292,
lightskyblue,160,312,
lightskyblue,160,313,
lightskyblue,162,60,
lightskyblue,162,61,
lightskyblue,162,186,
lightskyblue,162,187,
lightskyblue,162,207,
lightskyblue,162,208,
lightskyblue,162,228,
lightskyblue,162,229,
lightskyblue,162,87,
lightskyblue,162,88,
lightskyblue,162,249,
lightskyblue,162,250,
lightskyblue,162,270,
lightskyblue,162,271,
lightskyblue,162,291,
lightskyblue,162,292,
lightskyblue,162,312,
lightskyblue,162,313,
lightskyblue,164,60,
lightskyblue,164,61,
lightskyblue,164,186,
lightskyblue,164,187,
lightskyblue,164,207,
lightskyblue,164,208,
lightskyblue,164,228,
lightskyblue,164,229,
lightskyblue,164,87,
lightskyblue,164,88,
lightskyblue,164,249,
lightskyblue,164,250,
lightskyblue,164,270,
lightskyblue,164,271,
lightskyblue,164,291,
lightskyblue,164,292,
lightskyblue,164,312,
lightskyblue,164,313,
lightskyblue,166,60,
lightskyblue,166,61,
lightskyblue,166,186,
lightskyblue,166,187,
lightskyblue,166,207,
lightskyblue,166,208,
lightskyblue,166,228,
lightskyblue,166,229,
lightskyblue,166,87,
lightskyblue,166,88,
lightskyblue,166,249,
lightskyblue,166,250,
lightskyblue,166,270,
lightskyblue,166,271,
lightskyblue,166,291,
lightskyblue,166,292,
lightskyblue,166,312,
lightskyblue,166,313,
lightskyblue,172,60,
lightskyblue,172,61,
lightskyblue,172,186,
lightskyblue,172,187,
lightskyblue,172,207,
lightskyblue,172,208,
lightskyblue,172,228,
lightskyblue,172,229,
lightskyblue,172,87,
lightskyblue,172,88,
lightskyblue,172,249,
lightskyblue,172,250,
lightskyblue,172,270,
lightskyblue,172,271,
lightskyblue,172,291,
lightskyblue,172,292,
lightskyblue,172,312,
lightskyblue,172,313,
lightskyblue,178,60,
lightskyblue,178,61,
lightskyblue,178,186,
lightskyblue,178,187,
lightskyblue,178,207,
lightskyblue,178,208,
lightskyblue,178,228,
lightskyblue,178,229,
lightskyblue,178,87,
lightskyblue,178,88,
lightskyblue,178,249,
lightskyblue,178,250,
lightskyblue,178,270,
lightskyblue,178,271,
lightskyblue,178,291,
lightskyblue,178,292,
lightskyblue,178,312,
lightskyblue,178,313,
lightskyblue,161,62,
lightskyblue,161,62,
lightskyblue,161,188,
lightskyblue,161,188,
lightskyblue,161,209,
lightskyblue,161,209,
lightskyblue,161,230,
lightskyblue,161,230,
lightskyblue,161,89,
lightskyblue,161,89,
lightskyblue,161,251,
lightskyblue,161,251,
lightskyblue,161,272,
lightskyblue,161,272,
lightskyblue,161,293,
lightskyblue,161,293,
lightskyblue,161,314,
lightskyblue,161,314,
lightskyblue,163,63,
lightskyblue,163,63,
lightskyblue,163,189,
lightskyblue,163,189,
lightskyblue,163,210,
lightskyblue,163,210,
lightskyblue,163,231,
lightskyblue,163,231,
lightskyblue,163,90,
lightskyblue,163,90,
lightskyblue,163,252,
lightskyblue,163,252,
lightskyblue,163,273,
lightskyblue,163,273,
lightskyblue,163,294,
lightskyblue,163,294,
lightskyblue,163,315,
lightskyblue,163,315,
lightskyblue,165,64,
lightskyblue,165,64,
lightskyblue,165,190,
lightskyblue,165,190,
lightskyblue,165,211,
lightskyblue,165,211,
lightskyblue,165,232,
lightskyblue,165,232,
lightskyblue,165,91,
lightskyblue,165,91,
lightskyblue,165,253,
lightskyblue,165,253,
lightskyblue,165,274,
lightskyblue,165,274,
lightskyblue,165,295,
lightskyblue,165,295,
lightskyblue,165,316,
lightskyblue,165,316,
lightskyblue,167,65,
lightskyblue,167,65,
lightskyblue,167,191,
lightskyblue,167,191,
lightskyblue,167,212,
lightskyblue,167,212,
lightskyblue,167,233,
lightskyblue,167,233,
lightskyblue,167,92,
lightskyblue,167,92,
lightskyblue,167,254,
lightskyblue,167,254,
lightskyblue,167,275,
lightskyblue,167,275,
lightskyblue,167,296,
lightskyblue,167,296,
lightskyblue,167,317,
lightskyblue,167,317,
lightskyblue,173,66,
lightskyblue,173,66,
lightskyblue,173,192,
lightskyblue,173,192,
lightskyblue,173,213,
lightskyblue,173,213,
lightskyblue,173,234,
lightskyblue,173,234,
lightskyblue,173,93,
lightskyblue,173,93,
lightskyblue,173,255,
lightskyblue,173,255,
lightskyblue,173,276,
lightskyblue,173,276,
lightskyblue,173,297,
lightskyblue,173,297,
lightskyblue,173,318,
lightskyblue,173,318,
lightskyblue,179,67,
lightskyblue,179,67,
lightskyblue,179,193,
lightskyblue,179,193,
lightskyblue,179,214,
lightskyblue,179,214,
lightskyblue,179,235,
lightskyblue,179,235,
lightskyblue,179,94,
lightskyblue,179,94,
lightskyblue,179,256,
lightskyblue,179,256,
lightskyblue,179,277,
lightskyblue,179,277,
lightskyblue,179,298,
lightskyblue,179,298,
lightskyblue,179,319,
lightskyblue,179,319,
