green,
green,
green,
green,
green,
green,
green,
green,
green,
green,
green,
green,
green,
green,
green,
green,
green,
green,
green,
green,
green,
green,
green,
green,
green,
green,
green,
green,
green,
green,
green,
green,
green,
green,
green,
green,
green,
green,
green,
green,
green,
gold,0,365,366,367,368,1772,1774,1776,1778,1780,1782,1784,1786,1788,1898,1900,1902,1904,1906,1908,1910,1912,1914,
gold,0,369,370,371,372,1790,1792,1794,1796,1798,1800,1802,1804,1806,1916,1918,1920,1922,1924,1926,1928,1930,1932,
gold,0,373,374,375,376,1808,1810,1812,1814,1816,1818,1820,1822,1824,1934,1936,1938,1940,1942,1944,1946,1948,1950,
gold,0,377,378,379,380,1826,1828,1830,1832,1834,1836,1838,1840,1842,1862,1864,1866,1868,1870,1872,1874,1876,1878,1952,1954,1956,1958,1960,1962,1964,1966,1968,1988,1990,1992,1994,1996,1998,2000,2002,2004,
gold,0,381,382,383,384,1844,1846,1848,1850,1852,1854,1856,1858,1860,1880,1882,1884,1886,1888,1890,1892,1894,1896,1970,1972,1974,1976,1978,1980,1982,1984,1986,2006,2008,2010,2012,2014,2016,2018,2020,2022,
gold,1,345,346,347,348,1771,1773,1775,1777,1779,1781,1783,1785,1787,1897,1899,1901,1903,1905,1907,1909,1911,1913,
gold,1,349,350,351,352,1789,1791,1793,1795,1797,1799,1801,1803,1805,1915,1917,1919,1921,1923,1925,1927,1929,1931,
gold,1,353,354,355,356,1807,1809,1811,1813,1815,1817,1819,1821,1823,1933,1935,1937,1939,1941,1943,1945,1947,1949,
gold,1,357,358,359,360,1825,1827,1829,1831,1833,1835,1837,1839,1841,1861,1863,1865,1867,1869,1871,1873,1875,1877,1951,1953,1955,1957,1959,1961,1963,1965,1967,1987,1989,1991,1993,1995,1997,1999,2001,2003,
gold,1,361,362,363,364,1843,1845,1847,1849,1851,1853,1855,1857,1859,1879,1881,1883,1885,1887,1889,1891,1893,1895,1969,1971,1973,1975,1977,1979,1981,1983,1985,2005,2007,2009,2011,2013,2015,2017,2019,2021,
gold,2,393,402,411,420,429,438,447,456,465,
gold,2,
gold,3,474,483,492,501,510,519,528,537,546,
gold,3,
gold,4,555,564,573,582,591,600,609,618,627,
gold,4,
gold,5,636,645,654,663,672,681,690,699,708,798,807,816,825,834,843,852,861,870,
gold,5,
gold,6,717,726,735,744,753,762,771,780,789,879,888,897,906,915,924,933,942,951,
gold,6,
gold,7,394,403,412,421,430,439,448,457,952,953,954,955,956,957,958,959,960,961,962,963,964,
gold,7,475,484,493,502,511,520,529,538,1069,1070,1071,1072,1073,1074,1075,1076,1077,1078,1079,1080,1081,
gold,7,556,565,574,583,592,601,610,619,1186,1187,1188,1189,1190,1191,1192,1193,1194,1195,1196,1197,1198,
gold,7,637,646,655,664,673,682,691,700,799,808,817,826,835,844,853,862,1303,1304,1305,1306,1307,1308,1309,1310,1311,1312,1313,1314,1315,1537,1538,1539,1540,1541,1542,1543,1544,1545,1546,1547,1548,1549,
gold,7,718,727,736,745,754,763,772,781,880,889,898,907,916,925,934,943,1420,1421,1422,1423,1424,1425,1426,1427,1428,1429,1430,1431,1432,1654,1655,1656,1657,1658,1659,1660,1661,1662,1663,1664,1665,1666,
gold,7,
gold,8,385,404,413,422,431,440,449,458,965,966,967,968,969,970,971,972,973,974,975,976,977,
gold,8,466,485,494,503,512,521,530,539,1082,1083,1084,1085,1086,1087,1088,1089,1090,1091,1092,1093,1094,
gold,8,547,566,575,584,593,602,611,620,1199,1200,1201,1202,1203,1204,1205,1206,1207,1208,1209,1210,1211,
gold,8,628,647,656,665,674,683,692,701,790,809,818,827,836,845,854,863,1316,1317,1318,1319,1320,1321,1322,1323,1324,1325,1326,1327,1328,1550,1551,1552,1553,1554,1555,1556,1557,1558,1559,1560,1561,1562,
gold,8,709,728,737,746,755,764,773,782,871,890,899,908,917,926,935,944,1433,1434,1435,1436,1437,1438,1439,1440,1441,1442,1443,1444,1445,1667,1668,1669,1670,1671,1672,1673,1674,1675,1676,1677,1678,1679,
gold,8,
gold,9,386,395,414,423,432,441,450,459,978,979,980,981,982,983,984,985,986,987,988,989,990,
gold,9,467,476,495,504,513,522,531,540,1095,1096,1097,1098,1099,1100,1101,1102,1103,1104,1105,1106,1107,
gold,9,548,557,576,585,594,603,612,621,1212,1213,1214,1215,1216,1217,1218,1219,1220,1221,1222,1223,1224,
gold,9,629,638,657,666,675,684,693,702,791,800,819,828,837,846,855,864,1329,1330,1331,1332,1333,1334,1335,1336,1337,1338,1339,1340,1341,1563,1564,1565,1566,1567,1568,1569,1570,1571,1572,1573,1574,1575,
gold,9,710,719,738,747,756,765,774,783,872,881,900,909,918,927,936,945,1446,1447,1448,1449,1450,1451,1452,1453,1454,1455,1456,1457,1458,1680,1681,1682,1683,1684,1685,1686,1687,1688,1689,1690,1691,1692,
gold,9,
gold,10,387,396,405,424,433,442,451,460,991,992,993,994,995,996,997,998,999,1000,1001,1002,1003,
gold,10,468,477,486,505,514,523,532,541,1108,1109,1110,1111,1112,1113,1114,1115,1116,1117,1118,1119,1120,
gold,10,549,558,567,586,595,604,613,622,1225,1226,1227,1228,1229,1230,1231,1232,1233,1234,1235,1236,1237,
gold,10,630,639,648,667,676,685,694,703,792,801,810,829,838,847,856,865,1342,1343,1344,1345,1346,1347,1348,1349,1350,1351,1352,1353,1354,1576,1577,1578,1579,1580,1581,1582,1583,1584,1585,1586,1587,1588,
gold,10,711,720,729,748,757,766,775,784,873,882,891,910,919,928,937,946,1459,1460,1461,1462,1463,1464,1465,1466,1467,1468,1469,1470,1471,1693,1694,1695,1696,1697,1698,1699,1700,1701,1702,1703,1704,1705,
gold,10,
gold,11,388,397,406,415,434,443,452,461,1004,1005,1006,1007,1008,1009,1010,1011,1012,1013,1014,1015,1016,
gold,11,469,478,487,496,515,524,533,542,1121,1122,1123,1124,1125,1126,1127,1128,1129,1130,1131,1132,1133,
gold,11,550,559,568,577,596,605,614,623,1238,1239,1240,1241,1242,1243,1244,1245,1246,1247,1248,1249,1250,
gold,11,631,640,649,658,677,686,695,704,793,802,811,820,839,848,857,866,1355,1356,1357,1358,1359,1360,1361,1362,1363,1364,1365,1366,1367,1589,1590,1591,1592,1593,1594,1595,1596,1597,1598,1599,1600,1601,
gold,11,712,721,730,739,758,767,776,785,874,883,892,901,920,929,938,947,1472,1473,1474,1475,1476,1477,1478,1479,1480,1481,1482,1483,1484,1706,1707,1708,1709,1710,1711,1712,1713,1714,1715,1716,1717,1718,
gold,11,
gold,12,389,398,407,416,425,444,453,462,1017,1018,1019,1020,1021,1022,1023,1024,1025,1026,1027,1028,1029,
gold,12,470,479,488,497,506,525,534,543,1134,1135,1136,1137,1138,1139,1140,1141,1142,1143,1144,1145,1146,
gold,12,551,560,569,578,587,606,615,624,1251,1252,1253,1254,1255,1256,1257,1258,1259,1260,1261,1262,1263,
gold,12,632,641,650,659,668,687,696,705,794,803,812,821,830,849,858,867,1368,1369,1370,1371,1372,1373,1374,1375,1376,1377,1378,1379,1380,1602,1603,1604,1605,1606,1607,1608,1609,1610,1611,1612,1613,1614,
gold,12,713,722,731,740,749,768,777,786,875,884,893,902,911,930,939,948,1485,1486,1487,1488,1489,1490,1491,1492,1493,1494,1495,1496,1497,1719,1720,1721,1722,1723,1724,1725,1726,1727,1728,1729,1730,1731,
gold,12,
gold,13,390,399,408,417,426,435,454,463,1030,1031,1032,1033,1034,1035,1036,1037,1038,1039,1040,1041,1042,
gold,13,471,480,489,498,507,516,535,544,1147,1148,1149,1150,1151,1152,1153,1154,1155,1156,1157,1158,1159,
gold,13,552,561,570,579,588,597,616,625,1264,1265,1266,1267,1268,1269,1270,1271,1272,1273,1274,1275,1276,
gold,13,633,642,651,660,669,678,697,706,795,804,813,822,831,840,859,868,1381,1382,1383,1384,1385,1386,1387,1388,1389,1390,1391,1392,1393,1615,1616,1617,1618,1619,1620,1621,1622,1623,1624,1625,1626,1627,
gold,13,714,723,732,741,750,759,778,787,876,885,894,903,912,921,940,949,1498,1499,1500,1501,1502,1503,1504,1505,1506,1507,1508,1509,1510,1732,1733,1734,1735,1736,1737,1738,1739,1740,1741,1742,1743,1744,
gold,13,
gold,14,391,400,409,418,427,436,445,464,1043,1044,1045,1046,1047,1048,1049,1050,1051,1052,1053,1054,1055,
gold,14,472,481,490,499,508,517,526,545,1160,1161,1162,1163,1164,1165,1166,1167,1168,1169,1170,1171,1172,
gold,14,553,562,571,580,589,598,607,626,1277,1278,1279,1280,1281,1282,1283,1284,1285,1286,1287,1288,1289,
gold,14,634,643,652,661,670,679,688,707,796,805,814,823,832,841,850,869,1394,1395,1396,1397,1398,1399,1400,1401,1402,1403,1404,1405,1406,1628,1629,1630,1631,1632,1633,1634,1635,1636,1637,1638,1639,1640,
gold,14,715,724,733,742,751,760,769,788,877,886,895,904,913,922,931,950,1511,1512,1513,1514,1515,1516,1517,1518,1519,1520,1521,1522,1523,1745,1746,1747,1748,1749,1750,1751,1752,1753,1754,1755,1756,1757,
gold,14,
gold,15,392,401,410,419,428,437,446,455,1056,1057,1058,1059,1060,1061,1062,1063,1064,1065,1066,1067,1068,
gold,15,473,482,491,500,509,518,527,536,1173,1174,1175,1176,1177,1178,1179,1180,1181,1182,1183,1184,1185,
gold,15,554,563,572,581,590,599,608,617,1290,1291,1292,1293,1294,1295,1296,1297,1298,1299,1300,1301,1302,
gold,15,635,644,653,662,671,680,689,698,797,806,815,824,833,842,851,860,1407,1408,1409,1410,1411,1412,1413,1414,1415,1416,1417,1418,1419,1641,1642,1643,1644,1645,1646,1647,1648,1649,1650,1651,1652,1653,
gold,15,716,725,734,743,752,761,770,779,878,887,896,905,914,923,932,941,1524,1525,1526,1527,1528,1529,1530,1531,1532,1533,1534,1535,1536,1758,1759,1760,1761,1762,1763,1764,1765,1766,1767,1768,1769,1770,
gold,15,
gold,16,952,953,954,955,956,957,958,959,960,961,962,963,964,965,966,967,968,969,970,971,972,973,974,975,976,977,978,979,980,981,982,983,984,985,986,987,988,989,990,991,992,993,994,995,996,997,998,999,1000,1001,1002,1003,1004,1005,1006,1007,1008,1009,1010,1011,1012,1013,1014,1015,1016,1017,1018,1019,1020,1021,1022,1023,1024,1025,1026,1027,1028,1029,1030,1031,1032,1033,1034,1035,1036,1037,1038,1039,1040,1041,1042,1043,1044,1045,1046,1047,1048,1049,1050,1051,1052,1053,1054,1055,1056,1057,1058,1059,1060,1061,1062,1063,1064,1065,1066,1067,1068,1897,1898,1899,1900,1901,1902,1903,1904,1905,1906,1907,1908,1909,1910,1911,1912,1913,1914,
gold,16,
gold,17,1069,1070,1071,1072,1073,1074,1075,1076,1077,1078,1079,1080,1081,1082,1083,1084,1085,1086,1087,1088,1089,1090,1091,1092,1093,1094,1095,1096,1097,1098,1099,1100,1101,1102,1103,1104,1105,1106,1107,1108,1109,1110,1111,1112,1113,1114,1115,1116,1117,1118,1119,1120,1121,1122,1123,1124,1125,1126,1127,1128,1129,1130,1131,1132,1133,1134,1135,1136,1137,1138,1139,1140,1141,1142,1143,1144,1145,1146,1147,1148,1149,1150,1151,1152,1153,1154,1155,1156,1157,1158,1159,1160,1161,1162,1163,1164,1165,1166,1167,1168,1169,1170,1171,1172,1173,1174,1175,1176,1177,1178,1179,1180,1181,1182,1183,1184,1185,1915,1916,1917,1918,1919,1920,1921,1922,1923,1924,1925,1926,1927,1928,1929,1930,1931,1932,
gold,17,
gold,18,1186,1187,1188,1189,1190,1191,1192,1193,1194,1195,1196,1197,1198,1199,1200,1201,1202,1203,1204,1205,1206,1207,1208,1209,1210,1211,1212,1213,1214,1215,1216,1217,1218,1219,1220,1221,1222,1223,1224,1225,1226,1227,1228,1229,1230,1231,1232,1233,1234,1235,1236,1237,1238,1239,1240,1241,1242,1243,1244,1245,1246,1247,1248,1249,1250,1251,1252,1253,1254,1255,1256,1257,1258,1259,1260,1261,1262,1263,1264,1265,1266,1267,1268,1269,1270,1271,1272,1273,1274,1275,1276,1277,1278,1279,1280,1281,1282,1283,1284,1285,1286,1287,1288,1289,1290,1291,1292,1293,1294,1295,1296,1297,1298,1299,1300,1301,1302,1933,1934,1935,1936,1937,1938,1939,1940,1941,1942,1943,1944,1945,1946,1947,1948,1949,1950,
gold,18,
gold,19,1303,1304,1305,1306,1307,1308,1309,1310,1311,1312,1313,1314,1315,1316,1317,1318,1319,1320,1321,1322,1323,1324,1325,1326,1327,1328,1329,1330,1331,1332,1333,1334,1335,1336,1337,1338,1339,1340,1341,1342,1343,1344,1345,1346,1347,1348,1349,1350,1351,1352,1353,1354,1355,1356,1357,1358,1359,1360,1361,1362,1363,1364,1365,1366,1367,1368,1369,1370,1371,1372,1373,1374,1375,1376,1377,1378,1379,1380,1381,1382,1383,1384,1385,1386,1387,1388,1389,1390,1391,1392,1393,1394,1395,1396,1397,1398,1399,1400,1401,1402,1403,1404,1405,1406,1407,1408,1409,1410,1411,1412,1413,1414,1415,1416,1417,1418,1419,1951,1952,1953,1954,1955,1956,1957,1958,1959,1960,1961,1962,1963,1964,1965,1966,1967,1968,
gold,19,
gold,20,1420,1421,1422,1423,1424,1425,1426,1427,1428,1429,1430,1431,1432,1433,1434,1435,1436,1437,1438,1439,1440,1441,1442,1443,1444,1445,1446,1447,1448,1449,1450,1451,1452,1453,1454,1455,1456,1457,1458,1459,1460,1461,1462,1463,1464,1465,1466,1467,1468,1469,1470,1471,1472,1473,1474,1475,1476,1477,1478,1479,1480,1481,1482,1483,1484,1485,1486,1487,1488,1489,1490,1491,1492,1493,1494,1495,1496,1497,1498,1499,1500,1501,1502,1503,1504,1505,1506,1507,1508,1509,1510,1511,1512,1513,1514,1515,1516,1517,1518,1519,1520,1521,1522,1523,1524,1525,1526,1527,1528,1529,1530,1531,1532,1533,1534,1535,1536,1969,1970,1971,1972,1973,1974,1975,1976,1977,1978,1979,1980,1981,1982,1983,1984,1985,1986,
gold,20,
gold,21,394,403,412,421,430,439,448,457,475,484,493,502,511,520,529,538,556,565,574,583,592,601,610,619,637,646,655,664,673,682,691,700,718,727,736,745,754,763,772,781,799,808,817,826,835,844,853,862,880,889,898,907,916,925,934,943,952,953,954,955,956,957,958,959,960,961,962,963,964,1069,1070,1071,1072,1073,1074,1075,1076,1077,1078,1079,1080,1081,1186,1187,1188,1189,1190,1191,1192,1193,1194,1195,1196,1197,1198,1303,1304,1305,1306,1307,1308,1309,1310,1311,1312,1313,1314,1315,1420,1421,1422,1423,1424,1425,1426,1427,1428,1429,1430,1431,1432,1537,1538,1539,1540,1541,1542,1543,1544,1545,1546,1547,1548,1549,1654,1655,1656,1657,1658,1659,1660,1661,1662,1663,1664,1665,1666,
gold,21,
gold,22,1537,1538,1539,1540,1541,1542,1543,1544,1545,1546,1547,1548,1549,1550,1551,1552,1553,1554,1555,1556,1557,1558,1559,1560,1561,1562,1563,1564,1565,1566,1567,1568,1569,1570,1571,1572,1573,1574,1575,1576,1577,1578,1579,1580,1581,1582,1583,1584,1585,1586,1587,1588,1589,1590,1591,1592,1593,1594,1595,1596,1597,1598,1599,1600,1601,1602,1603,1604,1605,1606,1607,1608,1609,1610,1611,1612,1613,1614,1615,1616,1617,1618,1619,1620,1621,1622,1623,1624,1625,1626,1627,1628,1629,1630,1631,1632,1633,1634,1635,1636,1637,1638,1639,1640,1641,1642,1643,1644,1645,1646,1647,1648,1649,1650,1651,1652,1653,1987,1988,1989,1990,1991,1992,1993,1994,1995,1996,1997,1998,1999,2000,2001,2002,2003,2004,
gold,22,
gold,23,385,404,413,422,431,440,449,458,466,485,494,503,512,521,530,539,547,566,575,584,593,602,611,620,628,647,656,665,674,683,692,701,709,728,737,746,755,764,773,782,790,809,818,827,836,845,854,863,871,890,899,908,917,926,935,944,965,966,967,968,969,970,971,972,973,974,975,976,977,1082,1083,1084,1085,1086,1087,1088,1089,1090,1091,1092,1093,1094,1199,1200,1201,1202,1203,1204,1205,1206,1207,1208,1209,1210,1211,1316,1317,1318,1319,1320,1321,1322,1323,1324,1325,1326,1327,1328,1433,1434,1435,1436,1437,1438,1439,1440,1441,1442,1443,1444,1445,1550,1551,1552,1553,1554,1555,1556,1557,1558,1559,1560,1561,1562,1667,1668,1669,1670,1671,1672,1673,1674,1675,1676,1677,1678,1679,
gold,23,
gold,24,386,395,414,423,432,441,450,459,467,476,495,504,513,522,531,540,548,557,576,585,594,603,612,621,629,638,657,666,675,684,693,702,710,719,738,747,756,765,774,783,791,800,819,828,837,846,855,864,872,881,900,909,918,927,936,945,978,979,980,981,982,983,984,985,986,987,988,989,990,1095,1096,1097,1098,1099,1100,1101,1102,1103,1104,1105,1106,1107,1212,1213,1214,1215,1216,1217,1218,1219,1220,1221,1222,1223,1224,1329,1330,1331,1332,1333,1334,1335,1336,1337,1338,1339,1340,1341,1446,1447,1448,1449,1450,1451,1452,1453,1454,1455,1456,1457,1458,1563,1564,1565,1566,1567,1568,1569,1570,1571,1572,1573,1574,1575,1680,1681,1682,1683,1684,1685,1686,1687,1688,1689,1690,1691,1692,
gold,24,
gold,25,387,396,405,424,433,442,451,460,468,477,486,505,514,523,532,541,549,558,567,586,595,604,613,622,630,639,648,667,676,685,694,703,711,720,729,748,757,766,775,784,792,801,810,829,838,847,856,865,873,882,891,910,919,928,937,946,991,992,993,994,995,996,997,998,999,1000,1001,1002,1003,1108,1109,1110,1111,1112,1113,1114,1115,1116,1117,1118,1119,1120,1225,1226,1227,1228,1229,1230,1231,1232,1233,1234,1235,1236,1237,1342,1343,1344,1345,1346,1347,1348,1349,1350,1351,1352,1353,1354,1459,1460,1461,1462,1463,1464,1465,1466,1467,1468,1469,1470,1471,1576,1577,1578,1579,1580,1581,1582,1583,1584,1585,1586,1587,1588,1693,1694,1695,1696,1697,1698,1699,1700,1701,1702,1703,1704,1705,
gold,25,
gold,26,1654,1655,1656,1657,1658,1659,1660,1661,1662,1663,1664,1665,1666,1667,1668,1669,1670,1671,1672,1673,1674,1675,1676,1677,1678,1679,1680,1681,1682,1683,1684,1685,1686,1687,1688,1689,1690,1691,1692,1693,1694,1695,1696,1697,1698,1699,1700,1701,1702,1703,1704,1705,1706,1707,1708,1709,1710,1711,1712,1713,1714,1715,1716,1717,1718,1719,1720,1721,1722,1723,1724,1725,1726,1727,1728,1729,1730,1731,1732,1733,1734,1735,1736,1737,1738,1739,1740,1741,1742,1743,1744,1745,1746,1747,1748,1749,1750,1751,1752,1753,1754,1755,1756,1757,1758,1759,1760,1761,1762,1763,1764,1765,1766,1767,1768,1769,1770,2005,2006,2007,2008,2009,2010,2011,2012,2013,2014,2015,2016,2017,2018,2019,2020,2021,2022,
gold,26,
gold,27,388,397,406,415,434,443,452,461,469,478,487,496,515,524,533,542,550,559,568,577,596,605,614,623,631,640,649,658,677,686,695,704,712,721,730,739,758,767,776,785,793,802,811,820,839,848,857,866,874,883,892,901,920,929,938,947,1004,1005,1006,1007,1008,1009,1010,1011,1012,1013,1014,1015,1016,1121,1122,1123,1124,1125,1126,1127,1128,1129,1130,1131,1132,1133,1238,1239,1240,1241,1242,1243,1244,1245,1246,1247,1248,1249,1250,1355,1356,1357,1358,1359,1360,1361,1362,1363,1364,1365,1366,1367,1472,1473,1474,1475,1476,1477,1478,1479,1480,1481,1482,1483,1484,1589,1590,1591,1592,1593,1594,1595,1596,1597,1598,1599,1600,1601,1706,1707,1708,1709,1710,1711,1712,1713,1714,1715,1716,1717,1718,
gold,27,
gold,28,389,398,407,416,425,444,453,462,470,479,488,497,506,525,534,543,551,560,569,578,587,606,615,624,632,641,650,659,668,687,696,705,713,722,731,740,749,768,777,786,794,803,812,821,830,849,858,867,875,884,893,902,911,930,939,948,1017,1018,1019,1020,1021,1022,1023,1024,1025,1026,1027,1028,1029,1134,1135,1136,1137,1138,1139,1140,1141,1142,1143,1144,1145,1146,1251,1252,1253,1254,1255,1256,1257,1258,1259,1260,1261,1262,1263,1368,1369,1370,1371,1372,1373,1374,1375,1376,1377,1378,1379,1380,1485,1486,1487,1488,1489,1490,1491,1492,1493,1494,1495,1496,1497,1602,1603,1604,1605,1606,1607,1608,1609,1610,1611,1612,1613,1614,1719,1720,1721,1722,1723,1724,1725,1726,1727,1728,1729,1730,1731,
gold,28,
gold,29,390,399,408,417,426,435,454,463,471,480,489,498,507,516,535,544,552,561,570,579,588,597,616,625,633,642,651,660,669,678,697,706,714,723,732,741,750,759,778,787,795,804,813,822,831,840,859,868,876,885,894,903,912,921,940,949,1030,1031,1032,1033,1034,1035,1036,1037,1038,1039,1040,1041,1042,1147,1148,1149,1150,1151,1152,1153,1154,1155,1156,1157,1158,1159,1264,1265,1266,1267,1268,1269,1270,1271,1272,1273,1274,1275,1276,1381,1382,1383,1384,1385,1386,1387,1388,1389,1390,1391,1392,1393,1498,1499,1500,1501,1502,1503,1504,1505,1506,1507,1508,1509,1510,1615,1616,1617,1618,1619,1620,1621,1622,1623,1624,1625,1626,1627,1732,1733,1734,1735,1736,1737,1738,1739,1740,1741,1742,1743,1744,
gold,29,
gold,30,391,400,409,418,427,436,445,464,472,481,490,499,508,517,526,545,553,562,571,580,589,598,607,626,634,643,652,661,670,679,688,707,715,724,733,742,751,760,769,788,796,805,814,823,832,841,850,869,877,886,895,904,913,922,931,950,1043,1044,1045,1046,1047,1048,1049,1050,1051,1052,1053,1054,1055,1160,1161,1162,1163,1164,1165,1166,1167,1168,1169,1170,1171,1172,1277,1278,1279,1280,1281,1282,1283,1284,1285,1286,1287,1288,1289,1394,1395,1396,1397,1398,1399,1400,1401,1402,1403,1404,1405,1406,1511,1512,1513,1514,1515,1516,1517,1518,1519,1520,1521,1522,1523,1628,1629,1630,1631,1632,1633,1634,1635,1636,1637,1638,1639,1640,1745,1746,1747,1748,1749,1750,1751,1752,1753,1754,1755,1756,1757,
gold,30,
gold,31,392,401,410,419,428,437,446,455,473,482,491,500,509,518,527,536,554,563,572,581,590,599,608,617,635,644,653,662,671,680,689,698,716,725,734,743,752,761,770,779,797,806,815,824,833,842,851,860,878,887,896,905,914,923,932,941,1056,1057,1058,1059,1060,1061,1062,1063,1064,1065,1066,1067,1068,1173,1174,1175,1176,1177,1178,1179,1180,1181,1182,1183,1184,1185,1290,1291,1292,1293,1294,1295,1296,1297,1298,1299,1300,1301,1302,1407,1408,1409,1410,1411,1412,1413,1414,1415,1416,1417,1418,1419,1524,1525,1526,1527,1528,1529,1530,1531,1532,1533,1534,1535,1536,1641,1642,1643,1644,1645,1646,1647,1648,1649,1650,1651,1652,1653,1758,1759,1760,1761,1762,1763,1764,1765,1766,1767,1768,1769,1770,
gold,31,
gold,32,1897,1915,1933,1951,1969,1987,2005,
gold,32,1898,1916,1934,1952,1970,1988,2006,
gold,32,385,386,387,388,389,390,391,392,393,1771,1772,
gold,32,466,467,468,469,470,471,472,473,474,1789,1790,
gold,32,547,548,549,550,551,552,553,554,555,1807,1808,
gold,32,628,629,630,631,632,633,634,635,636,1825,1826,
gold,32,709,710,711,712,713,714,715,716,717,1843,1844,
gold,32,790,791,792,793,794,795,796,797,798,1861,1862,
gold,32,871,872,873,874,875,876,877,878,879,1879,1880,
gold,32,952,1069,1186,1303,1420,1537,1654,
gold,32,953,1070,1187,1304,1421,1538,1655,
gold,32,954,1071,1188,1305,1422,1539,1656,
gold,32,955,1072,1189,1306,1423,1540,1657,
gold,32,956,1073,1190,1307,1424,1541,1658,
gold,32,957,1074,1191,1308,1425,1542,1659,
gold,32,958,1075,1192,1309,1426,1543,1660,
gold,32,959,1076,1193,1310,1427,1544,1661,
gold,32,960,1077,1194,1311,1428,1545,1662,
gold,32,961,1078,1195,1312,1429,1546,1663,
red,32,962,1079,1196,1313,1430,1547,1664,
gold,32,963,1080,1197,1314,1431,1548,1665,
gold,32,964,1081,1198,1315,1432,1549,1666,
gold,33,1899,1917,1935,1953,1971,1989,2007,
gold,33,1900,1918,1936,1954,1972,1990,2008,
gold,33,394,395,396,397,398,399,400,401,402,1773,1774,
gold,33,475,476,477,478,479,480,481,482,483,1791,1792,
gold,33,556,557,558,559,560,561,562,563,564,1809,1810,
gold,33,637,638,639,640,641,642,643,644,645,1827,1828,
gold,33,718,719,720,721,722,723,724,725,726,1845,1846,
gold,33,799,800,801,802,803,804,805,806,807,1863,1864,
gold,33,880,881,882,883,884,885,886,887,888,1881,1882,
red,33,965,1082,1199,1316,1433,1550,1667,
gold,33,966,1083,1200,1317,1434,1551,1668,
gold,33,967,1084,1201,1318,1435,1552,1669,
gold,33,968,1085,1202,1319,1436,1553,1670,
gold,33,969,1086,1203,1320,1437,1554,1671,
gold,33,970,1087,1204,1321,1438,1555,1672,
gold,33,971,1088,1205,1322,1439,1556,1673,
gold,33,972,1089,1206,1323,1440,1557,1674,
gold,33,973,1090,1207,1324,1441,1558,1675,
gold,33,974,1091,1208,1325,1442,1559,1676,
gold,33,975,1092,1209,1326,1443,1560,1677,
gold,33,976,1093,1210,1327,1444,1561,1678,
gold,33,977,1094,1211,1328,1445,1562,1679,
gold,34,1901,1919,1937,1955,1973,1991,2009,
gold,34,1902,1920,1938,1956,1974,1992,2010,
gold,34,403,404,405,406,407,408,409,410,411,1775,1776,
gold,34,484,485,486,487,488,489,490,491,492,1793,1794,
gold,34,565,566,567,568,569,570,571,572,573,1811,1812,
gold,34,646,647,648,649,650,651,652,653,654,1829,1830,
gold,34,727,728,729,730,731,732,733,734,735,1847,1848,
gold,34,808,809,810,811,812,813,814,815,816,1865,1866,
gold,34,889,890,891,892,893,894,895,896,897,1883,1884,
gold,34,978,1095,1212,1329,1446,1563,1680,
gold,34,979,1096,1213,1330,1447,1564,1681,
gold,34,980,1097,1214,1331,1448,1565,1682,
gold,34,981,1098,1215,1332,1449,1566,1683,
red,34,982,1099,1216,1333,1450,1567,1684,
gold,34,983,1100,1217,1334,1451,1568,1685,
gold,34,984,1101,1218,1335,1452,1569,1686,
gold,34,985,1102,1219,1336,1453,1570,1687,
gold,34,986,1103,1220,1337,1454,1571,1688,
gold,34,987,1104,1221,1338,1455,1572,1689,
gold,34,988,1105,1222,1339,1456,1573,1690,
gold,34,989,1106,1223,1340,1457,1574,1691,
gold,34,990,1107,1224,1341,1458,1575,1692,
gold,35,1903,1921,1939,1957,1975,1993,2011,
gold,35,1904,1922,1940,1958,1976,1994,2012,
gold,35,412,413,414,415,416,417,418,419,420,1777,1778,
gold,35,493,494,495,496,497,498,499,500,501,1795,1796,
gold,35,574,575,576,577,578,579,580,581,582,1813,1814,
gold,35,655,656,657,658,659,660,661,662,663,1831,1832,
gold,35,736,737,738,739,740,741,742,743,744,1849,1850,
gold,35,817,818,819,820,821,822,823,824,825,1867,1868,
gold,35,898,899,900,901,902,903,904,905,906,1885,1886,
gold,35,991,1108,1225,1342,1459,1576,1693,
gold,35,992,1109,1226,1343,1460,1577,1694,
gold,35,993,1110,1227,1344,1461,1578,1695,
red,35,994,1111,1228,1345,1462,1579,1696,
gold,35,995,1112,1229,1346,1463,1580,1697,
gold,35,996,1113,1230,1347,1464,1581,1698,
gold,35,997,1114,1231,1348,1465,1582,1699,
gold,35,998,1115,1232,1349,1466,1583,1700,
gold,35,999,1116,1233,1350,1467,1584,1701,
gold,35,1000,1117,1234,1351,1468,1585,1702,
gold,35,1001,1118,1235,1352,1469,1586,1703,
gold,35,1002,1119,1236,1353,1470,1587,1704,
gold,35,1003,1120,1237,1354,1471,1588,1705,
gold,36,1905,1923,1941,1959,1977,1995,2013,
gold,36,1906,1924,1942,1960,1978,1996,2014,
gold,36,421,422,423,424,425,426,427,428,429,1779,1780,
gold,36,502,503,504,505,506,507,508,509,510,1797,1798,
gold,36,583,584,585,586,587,588,589,590,591,1815,1816,
gold,36,664,665,666,667,668,669,670,671,672,1833,1834,
gold,36,745,746,747,748,749,750,751,752,753,1851,1852,
gold,36,826,827,828,829,830,831,832,833,834,1869,1870,
gold,36,907,908,909,910,911,912,913,914,915,1887,1888,
gold,36,1004,1121,1238,1355,1472,1589,1706,
gold,36,1005,1122,1239,1356,1473,1590,1707,
gold,36,1006,1123,1240,1357,1474,1591,1708,
gold,36,1007,1124,1241,1358,1475,1592,1709,
gold,36,1008,1125,1242,1359,1476,1593,1710,
gold,36,1009,1126,1243,1360,1477,1594,1711,
gold,36,1010,1127,1244,1361,1478,1595,1712,
gold,36,1011,1128,1245,1362,1479,1596,1713,
gold,36,1012,1129,1246,1363,1480,1597,1714,
gold,36,1013,1130,1247,1364,1481,1598,1715,
gold,36,1014,1131,1248,1365,1482,1599,1716,
red,36,1015,1132,1249,1366,1483,1600,1717,
gold,36,1016,1133,1250,1367,1484,1601,1718,
gold,37,1907,1925,1943,1961,1979,1997,2015,
gold,37,1908,1926,1944,1962,1980,1998,2016,
gold,37,430,431,432,433,434,435,436,437,438,1781,1782,
gold,37,511,512,513,514,515,516,517,518,519,1799,1800,
gold,37,592,593,594,595,596,597,598,599,600,1817,1818,
gold,37,673,674,675,676,677,678,679,680,681,1835,1836,
gold,37,754,755,756,757,758,759,760,761,762,1853,1854,
gold,37,835,836,837,838,839,840,841,842,843,1871,1872,
gold,37,916,917,918,919,920,921,922,923,924,1889,1890,
gold,37,1017,1134,1251,1368,1485,1602,1719,
gold,37,1018,1135,1252,1369,1486,1603,1720,
gold,37,1019,1136,1253,1370,1487,1604,1721,
gold,37,1020,1137,1254,1371,1488,1605,1722,
gold,37,1021,1138,1255,1372,1489,1606,1723,
red,37,1022,1139,1256,1373,1490,1607,1724,
gold,37,1023,1140,1257,1374,1491,1608,1725,
gold,37,1024,1141,1258,1375,1492,1609,1726,
gold,37,1025,1142,1259,1376,1493,1610,1727,
gold,37,1026,1143,1260,1377,1494,1611,1728,
gold,37,1027,1144,1261,1378,1495,1612,1729,
gold,37,1028,1145,1262,1379,1496,1613,1730,
gold,37,1029,1146,1263,1380,1497,1614,1731,
gold,38,1909,1927,1945,1963,1981,1999,2017,
gold,38,1910,1928,1946,1964,1982,2000,2018,
gold,38,439,440,441,442,443,444,445,446,447,1783,1784,
gold,38,520,521,522,523,524,525,526,527,528,1801,1802,
gold,38,601,602,603,604,605,606,607,608,609,1819,1820,
gold,38,682,683,684,685,686,687,688,689,690,1837,1838,
gold,38,763,764,765,766,767,768,769,770,771,1855,1856,
gold,38,844,845,846,847,848,849,850,851,852,1873,1874,
gold,38,925,926,927,928,929,930,931,932,933,1891,1892,
gold,38,1030,1147,1264,1381,1498,1615,1732,
gold,38,1031,1148,1265,1382,1499,1616,1733,
gold,38,1032,1149,1266,1383,1500,1617,1734,
gold,38,1033,1150,1267,1384,1501,1618,1735,
gold,38,1034,1151,1268,1385,1502,1619,1736,
gold,38,1035,1152,1269,1386,1503,1620,1737,
gold,38,1036,1153,1270,1387,1504,1621,1738,
gold,38,1037,1154,1271,1388,1505,1622,1739,
gold,38,1038,1155,1272,1389,1506,1623,1740,
red,38,1039,1156,1273,1390,1507,1624,1741,
gold,38,1040,1157,1274,1391,1508,1625,1742,
gold,38,1041,1158,1275,1392,1509,1626,1743,
gold,38,1042,1159,1276,1393,1510,1627,1744,
gold,39,1911,1929,1947,1965,1983,2001,2019,
gold,39,1912,1930,1948,1966,1984,2002,2020,
gold,39,448,449,450,451,452,453,454,455,456,1785,1786,
gold,39,529,530,531,532,533,534,535,536,537,1803,1804,
gold,39,610,611,612,613,614,615,616,617,618,1821,1822,
gold,39,691,692,693,694,695,696,697,698,699,1839,1840,
gold,39,772,773,774,775,776,777,778,779,780,1857,1858,
gold,39,853,854,855,856,857,858,859,860,861,1875,1876,
gold,39,934,935,936,937,938,939,940,941,942,1893,1894,
gold,39,1043,1160,1277,1394,1511,1628,1745,
gold,39,1044,1161,1278,1395,1512,1629,1746,
gold,39,1045,1162,1279,1396,1513,1630,1747,
gold,39,1046,1163,1280,1397,1514,1631,1748,
gold,39,1047,1164,1281,1398,1515,1632,1749,
gold,39,1048,1165,1282,1399,1516,1633,1750,
gold,39,1049,1166,1283,1400,1517,1634,1751,
red,39,1050,1167,1284,1401,1518,1635,1752,
gold,39,1051,1168,1285,1402,1519,1636,1753,
gold,39,1052,1169,1286,1403,1520,1637,1754,
gold,39,1053,1170,1287,1404,1521,1638,1755,
gold,39,1054,1171,1288,1405,1522,1639,1756,
gold,39,1055,1172,1289,1406,1523,1640,1757,
gold,40,1913,1931,1949,1967,1985,2003,2021,
gold,40,1914,1932,1950,1968,1986,2004,2022,
gold,40,457,458,459,460,461,462,463,464,465,1787,1788,
gold,40,538,539,540,541,542,543,544,545,546,1805,1806,
gold,40,619,620,621,622,623,624,625,626,627,1823,1824,
gold,40,700,701,702,703,704,705,706,707,708,1841,1842,
gold,40,781,782,783,784,785,786,787,788,789,1859,1860,
gold,40,862,863,864,865,866,867,868,869,870,1877,1878,
gold,40,943,944,945,946,947,948,949,950,951,1895,1896,
gold,40,1056,1173,1290,1407,1524,1641,1758,
gold,40,1057,1174,1291,1408,1525,1642,1759,
gold,40,1058,1175,1292,1409,1526,1643,1760,
gold,40,1059,1176,1293,1410,1527,1644,1761,
gold,40,1060,1177,1294,1411,1528,1645,1762,
gold,40,1061,1178,1295,1412,1529,1646,1763,
gold,40,1062,1179,1296,1413,1530,1647,1764,
gold,40,1063,1180,1297,1414,1531,1648,1765,
gold,40,1064,1181,1298,1415,1532,1649,1766,
gold,40,1065,1182,1299,1416,1533,1650,1767,
gold,40,1066,1183,1300,1417,1534,1651,1768,
gold,40,1067,1184,1301,1418,1535,1652,1769,
red,40,1068,1185,1302,1419,1536,1653,1770,
lightskyblue,47,
lightskyblue,48,
lightskyblue,49,
lightskyblue,50,
lightskyblue,46,
lightskyblue,48,
lightskyblue,49,
lightskyblue,50,
lightskyblue,46,
lightskyblue,47,
lightskyblue,49,
lightskyblue,50,
lightskyblue,46,
lightskyblue,47,
lightskyblue,48,
lightskyblue,50,
lightskyblue,46,
lightskyblue,47,
lightskyblue,48,
lightskyblue,49,
lightskyblue,42,
lightskyblue,43,
lightskyblue,44,
lightskyblue,45,
lightskyblue,41,
lightskyblue,43,
lightskyblue,44,
lightskyblue,45,
lightskyblue,41,
lightskyblue,42,
lightskyblue,44,
lightskyblue,45,
lightskyblue,41,
lightskyblue,42,
lightskyblue,43,
lightskyblue,45,
lightskyblue,41,
lightskyblue,42,
lightskyblue,43,
lightskyblue,44,
lightskyblue,61,115,125,130,156,
lightskyblue,61,115,125,132,157,
lightskyblue,61,115,125,134,158,
lightskyblue,61,115,125,138,159,
lightskyblue,61,115,125,140,160,
lightskyblue,61,115,125,142,161,
lightskyblue,61,115,125,144,162,
lightskyblue,61,115,125,146,163,
lightskyblue,61,115,125,52,164,
lightskyblue,67,115,126,129,178,
lightskyblue,67,115,129,132,179,
lightskyblue,67,115,129,134,180,
lightskyblue,67,115,129,138,181,
lightskyblue,67,115,129,140,182,
lightskyblue,67,115,129,142,183,
lightskyblue,67,115,129,144,184,
lightskyblue,67,115,129,146,185,
lightskyblue,67,115,129,52,186,
lightskyblue,73,115,126,131,200,
lightskyblue,73,115,130,131,201,
lightskyblue,73,115,131,134,202,
lightskyblue,73,115,131,138,203,
lightskyblue,73,115,131,140,204,
lightskyblue,73,115,131,142,205,
lightskyblue,73,115,131,144,206,
lightskyblue,73,115,131,146,207,
lightskyblue,73,115,131,52,208,
lightskyblue,79,115,126,133,222,
lightskyblue,79,115,130,133,223,
lightskyblue,79,115,132,133,224,
lightskyblue,79,115,133,138,225,
lightskyblue,79,115,133,140,226,
lightskyblue,79,115,133,142,227,
lightskyblue,79,115,133,144,228,
lightskyblue,79,115,133,146,229,
lightskyblue,79,115,133,52,230,
lightskyblue,85,115,126,137,244,
lightskyblue,85,115,130,137,245,
lightskyblue,85,115,132,137,246,
lightskyblue,85,115,134,137,247,
lightskyblue,85,115,137,140,248,
lightskyblue,85,115,137,142,249,
lightskyblue,85,115,137,144,250,
lightskyblue,85,115,137,146,251,
lightskyblue,85,115,137,52,252,
lightskyblue,91,115,126,139,266,
lightskyblue,91,115,130,139,267,
lightskyblue,91,115,132,139,268,
lightskyblue,91,115,134,139,269,
lightskyblue,91,115,138,139,270,
lightskyblue,91,115,139,142,271,
lightskyblue,91,115,139,144,272,
lightskyblue,91,115,139,146,273,
lightskyblue,91,115,139,52,274,
lightskyblue,97,115,126,141,288,
lightskyblue,97,115,130,141,289,
lightskyblue,97,115,132,141,290,
lightskyblue,97,115,134,141,291,
lightskyblue,97,115,138,141,292,
lightskyblue,97,115,140,141,293,
lightskyblue,97,115,141,144,294,
lightskyblue,97,115,141,146,295,
lightskyblue,97,115,141,52,296,
lightskyblue,103,115,126,143,310,
lightskyblue,103,115,130,143,311,
lightskyblue,103,115,132,143,312,
lightskyblue,103,115,134,143,313,
lightskyblue,103,115,138,143,314,
lightskyblue,103,115,140,143,315,
lightskyblue,103,115,142,143,316,
lightskyblue,103,115,143,146,317,
lightskyblue,103,115,143,52,318,
lightskyblue,109,115,126,145,332,
lightskyblue,109,115,130,145,333,
lightskyblue,109,115,132,145,334,
lightskyblue,109,115,134,145,335,
lightskyblue,109,115,138,145,336,
lightskyblue,109,115,140,145,337,
lightskyblue,109,115,142,145,338,
lightskyblue,109,115,144,145,339,
lightskyblue,109,115,145,52,340,
lightskyblue,62,117,125,130,156,
lightskyblue,62,117,125,132,157,
lightskyblue,62,117,125,134,158,
lightskyblue,62,117,125,138,159,
lightskyblue,62,117,125,140,160,
lightskyblue,62,117,125,142,161,
lightskyblue,62,117,125,144,162,
lightskyblue,62,117,125,146,163,
lightskyblue,62,117,125,54,165,
lightskyblue,68,117,126,129,178,
lightskyblue,68,117,129,132,179,
lightskyblue,68,117,129,134,180,
lightskyblue,68,117,129,138,181,
lightskyblue,68,117,129,140,182,
lightskyblue,68,117,129,142,183,
lightskyblue,68,117,129,144,184,
lightskyblue,68,117,129,146,185,
lightskyblue,68,117,129,54,187,
lightskyblue,74,117,126,131,200,
lightskyblue,74,117,130,131,201,
lightskyblue,74,117,131,134,202,
lightskyblue,74,117,131,138,203,
lightskyblue,74,117,131,140,204,
lightskyblue,74,117,131,142,205,
lightskyblue,74,117,131,144,206,
lightskyblue,74,117,131,146,207,
lightskyblue,74,117,131,54,209,
lightskyblue,80,117,126,133,222,
lightskyblue,80,117,130,133,223,
lightskyblue,80,117,132,133,224,
lightskyblue,80,117,133,138,225,
lightskyblue,80,117,133,140,226,
lightskyblue,80,117,133,142,227,
lightskyblue,80,117,133,144,228,
lightskyblue,80,117,133,146,229,
lightskyblue,80,117,133,54,231,
lightskyblue,86,117,126,137,244,
lightskyblue,86,117,130,137,245,
lightskyblue,86,117,132,137,246,
lightskyblue,86,117,134,137,247,
lightskyblue,86,117,137,140,248,
lightskyblue,86,117,137,142,249,
lightskyblue,86,117,137,144,250,
lightskyblue,86,117,137,146,251,
lightskyblue,86,117,137,54,253,
lightskyblue,92,117,126,139,266,
lightskyblue,92,117,130,139,267,
lightskyblue,92,117,132,139,268,
lightskyblue,92,117,134,139,269,
lightskyblue,92,117,138,139,270,
lightskyblue,92,117,139,142,271,
lightskyblue,92,117,139,144,272,
lightskyblue,92,117,139,146,273,
lightskyblue,92,117,139,54,275,
lightskyblue,98,117,126,141,288,
lightskyblue,98,117,130,141,289,
lightskyblue,98,117,132,141,290,
lightskyblue,98,117,134,141,291,
lightskyblue,98,117,138,141,292,
lightskyblue,98,117,140,141,293,
lightskyblue,98,117,141,144,294,
lightskyblue,98,117,141,146,295,
lightskyblue,98,117,141,54,297,
lightskyblue,104,117,126,143,310,
lightskyblue,104,117,130,143,311,
lightskyblue,104,117,132,143,312,
lightskyblue,104,117,134,143,313,
lightskyblue,104,117,138,143,314,
lightskyblue,104,117,140,143,315,
lightskyblue,104,117,142,143,316,
lightskyblue,104,117,143,146,317,
lightskyblue,104,117,143,54,319,
lightskyblue,110,117,126,145,332,
lightskyblue,110,117,130,145,333,
lightskyblue,110,117,132,145,334,
lightskyblue,110,117,134,145,335,
lightskyblue,110,117,138,145,336,
lightskyblue,110,117,140,145,337,
lightskyblue,110,117,142,145,338,
lightskyblue,110,117,144,145,339,
lightskyblue,110,117,145,54,341,
lightskyblue,63,119,125,130,156,
lightskyblue,63,119,125,132,157,
lightskyblue,63,119,125,134,158,
lightskyblue,63,119,125,138,159,
lightskyblue,63,119,125,140,160,
lightskyblue,63,119,125,142,161,
lightskyblue,63,119,125,144,162,
lightskyblue,63,119,125,146,163,
lightskyblue,63,119,125,56,166,
lightskyblue,69,119,126,129,178,
lightskyblue,69,119,129,132,179,
lightskyblue,69,119,129,134,180,
lightskyblue,69,119,129,138,181,
lightskyblue,69,119,129,140,182,
lightskyblue,69,119,129,142,183,
lightskyblue,69,119,129,144,184,
lightskyblue,69,119,129,146,185,
lightskyblue,69,119,129,56,188,
lightskyblue,75,119,126,131,200,
lightskyblue,75,119,130,131,201,
lightskyblue,75,119,131,134,202,
lightskyblue,75,119,131,138,203,
lightskyblue,75,119,131,140,204,
lightskyblue,75,119,131,142,205,
lightskyblue,75,119,131,144,206,
lightskyblue,75,119,131,146,207,
lightskyblue,75,119,131,56,210,
lightskyblue,81,119,126,133,222,
lightskyblue,81,119,130,133,223,
lightskyblue,81,119,132,133,224,
lightskyblue,81,119,133,138,225,
lightskyblue,81,119,133,140,226,
lightskyblue,81,119,133,142,227,
lightskyblue,81,119,133,144,228,
lightskyblue,81,119,133,146,229,
lightskyblue,81,119,133,56,232,
lightskyblue,87,119,126,137,244,
lightskyblue,87,119,130,137,245,
lightskyblue,87,119,132,137,246,
lightskyblue,87,119,134,137,247,
lightskyblue,87,119,137,140,248,
lightskyblue,87,119,137,142,249,
lightskyblue,87,119,137,144,250,
lightskyblue,87,119,137,146,251,
lightskyblue,87,119,137,56,254,
lightskyblue,93,119,126,139,266,
lightskyblue,93,119,130,139,267,
lightskyblue,93,119,132,139,268,
lightskyblue,93,119,134,139,269,
lightskyblue,93,119,138,139,270,
lightskyblue,93,119,139,142,271,
lightskyblue,93,119,139,144,272,
lightskyblue,93,119,139,146,273,
lightskyblue,93,119,139,56,276,
lightskyblue,99,119,126,141,288,
lightskyblue,99,119,130,141,289,
lightskyblue,99,119,132,141,290,
lightskyblue,99,119,134,141,291,
lightskyblue,99,119,138,141,292,
lightskyblue,99,119,140,141,293,
lightskyblue,99,119,141,144,294,
lightskyblue,99,119,141,146,295,
lightskyblue,99,119,141,56,298,
lightskyblue,105,119,126,143,310,
lightskyblue,105,119,130,143,311,
lightskyblue,105,119,132,143,312,
lightskyblue,105,119,134,143,313,
lightskyblue,105,119,138,143,314,
lightskyblue,105,119,140,143,315,
lightskyblue,105,119,142,143,316,
lightskyblue,105,119,143,146,317,
lightskyblue,105,119,143,56,320,
lightskyblue,111,119,126,145,332,
lightskyblue,111,119,130,145,333,
lightskyblue,111,119,132,145,334,
lightskyblue,111,119,134,145,335,
lightskyblue,111,119,138,145,336,
lightskyblue,111,119,140,145,337,
lightskyblue,111,119,142,145,338,
lightskyblue,111,119,144,145,339,
lightskyblue,111,119,145,56,342,
lightskyblue,64,121,125,130,156,
lightskyblue,64,121,125,132,157,
lightskyblue,64,121,125,134,158,
lightskyblue,64,121,125,138,159,
lightskyblue,64,121,125,140,160,
lightskyblue,64,121,125,142,161,
lightskyblue,64,121,125,144,162,
lightskyblue,64,121,125,146,163,
lightskyblue,64,121,125,58,167,
lightskyblue,70,121,126,129,178,
lightskyblue,70,121,129,132,179,
lightskyblue,70,121,129,134,180,
lightskyblue,70,121,129,138,181,
lightskyblue,70,121,129,140,182,
lightskyblue,70,121,129,142,183,
lightskyblue,70,121,129,144,184,
lightskyblue,70,121,129,146,185,
lightskyblue,70,121,129,58,189,
lightskyblue,76,121,126,131,200,
lightskyblue,76,121,130,131,201,
lightskyblue,76,121,131,134,202,
lightskyblue,76,121,131,138,203,
lightskyblue,76,121,131,140,204,
lightskyblue,76,121,131,142,205,
lightskyblue,76,121,131,144,206,
lightskyblue,76,121,131,146,207,
lightskyblue,76,121,131,58,211,
lightskyblue,82,121,126,133,222,
lightskyblue,82,121,130,133,223,
lightskyblue,82,121,132,133,224,
lightskyblue,82,121,133,138,225,
lightskyblue,82,121,133,140,226,
lightskyblue,82,121,133,142,227,
lightskyblue,82,121,133,144,228,
lightskyblue,82,121,133,146,229,
lightskyblue,82,121,133,58,233,
lightskyblue,88,121,126,137,244,
lightskyblue,88,121,130,137,245,
lightskyblue,88,121,132,137,246,
lightskyblue,88,121,134,137,247,
lightskyblue,88,121,137,140,248,
lightskyblue,88,121,137,142,249,
lightskyblue,88,121,137,144,250,
lightskyblue,88,121,137,146,251,
lightskyblue,88,121,137,58,255,
lightskyblue,94,121,126,139,266,
lightskyblue,94,121,130,139,267,
lightskyblue,94,121,132,139,268,
lightskyblue,94,121,134,139,269,
lightskyblue,94,121,138,139,270,
lightskyblue,94,121,139,142,271,
lightskyblue,94,121,139,144,272,
lightskyblue,94,121,139,146,273,
lightskyblue,94,121,139,58,277,
lightskyblue,100,121,126,141,288,
lightskyblue,100,121,130,141,289,
lightskyblue,100,121,132,141,290,
lightskyblue,100,121,134,141,291,
lightskyblue,100,121,138,141,292,
lightskyblue,100,121,140,141,293,
lightskyblue,100,121,141,144,294,
lightskyblue,100,121,141,146,295,
lightskyblue,100,121,141,58,299,
lightskyblue,106,121,126,143,310,
lightskyblue,106,121,130,143,311,
lightskyblue,106,121,132,143,312,
lightskyblue,106,121,134,143,313,
lightskyblue,106,121,138,143,314,
lightskyblue,106,121,140,143,315,
lightskyblue,106,121,142,143,316,
lightskyblue,106,121,143,146,317,
lightskyblue,106,121,143,58,321,
lightskyblue,112,121,126,145,332,
lightskyblue,112,121,130,145,333,
lightskyblue,112,121,132,145,334,
lightskyblue,112,121,134,145,335,
lightskyblue,112,121,138,145,336,
lightskyblue,112,121,140,145,337,
lightskyblue,112,121,142,145,338,
lightskyblue,112,121,144,145,339,
lightskyblue,112,121,145,58,343,
lightskyblue,65,123,125,130,156,
lightskyblue,65,123,125,132,157,
lightskyblue,65,123,125,134,158,
lightskyblue,65,123,125,138,159,
lightskyblue,65,123,125,140,160,
lightskyblue,65,123,125,142,161,
lightskyblue,65,123,125,144,162,
lightskyblue,65,123,125,146,163,
lightskyblue,65,123,125,60,168,
lightskyblue,71,123,126,129,178,
lightskyblue,71,123,129,132,179,
lightskyblue,71,123,129,134,180,
lightskyblue,71,123,129,138,181,
lightskyblue,71,123,129,140,182,
lightskyblue,71,123,129,142,183,
lightskyblue,71,123,129,144,184,
lightskyblue,71,123,129,146,185,
lightskyblue,71,123,129,60,190,
lightskyblue,77,123,126,131,200,
lightskyblue,77,123,130,131,201,
lightskyblue,77,123,131,134,202,
lightskyblue,77,123,131,138,203,
lightskyblue,77,123,131,140,204,
lightskyblue,77,123,131,142,205,
lightskyblue,77,123,131,144,206,
lightskyblue,77,123,131,146,207,
lightskyblue,77,123,131,60,212,
lightskyblue,83,123,126,133,222,
lightskyblue,83,123,130,133,223,
lightskyblue,83,123,132,133,224,
lightskyblue,83,123,133,138,225,
lightskyblue,83,123,133,140,226,
lightskyblue,83,123,133,142,227,
lightskyblue,83,123,133,144,228,
lightskyblue,83,123,133,146,229,
lightskyblue,83,123,133,60,234,
lightskyblue,89,123,126,137,244,
lightskyblue,89,123,130,137,245,
lightskyblue,89,123,132,137,246,
lightskyblue,89,123,134,137,247,
lightskyblue,89,123,137,140,248,
lightskyblue,89,123,137,142,249,
lightskyblue,89,123,137,144,250,
lightskyblue,89,123,137,146,251,
lightskyblue,89,123,137,60,256,
lightskyblue,95,123,126,139,266,
lightskyblue,95,123,130,139,267,
lightskyblue,95,123,132,139,268,
lightskyblue,95,123,134,139,269,
lightskyblue,95,123,138,139,270,
lightskyblue,95,123,139,142,271,
lightskyblue,95,123,139,144,272,
lightskyblue,95,123,139,146,273,
lightskyblue,95,123,139,60,278,
lightskyblue,101,123,126,141,288,
lightskyblue,101,123,130,141,289,
lightskyblue,101,123,132,141,290,
lightskyblue,101,123,134,141,291,
lightskyblue,101,123,138,141,292,
lightskyblue,101,123,140,141,293,
lightskyblue,101,123,141,144,294,
lightskyblue,101,123,141,146,295,
lightskyblue,101,123,141,60,300,
lightskyblue,107,123,126,143,310,
lightskyblue,107,123,130,143,311,
lightskyblue,107,123,132,143,312,
lightskyblue,107,123,134,143,313,
lightskyblue,107,123,138,143,314,
lightskyblue,107,123,140,143,315,
lightskyblue,107,123,142,143,316,
lightskyblue,107,123,143,146,317,
lightskyblue,107,123,143,60,322,
lightskyblue,113,123,126,145,332,
lightskyblue,113,123,130,145,333,
lightskyblue,113,123,132,145,334,
lightskyblue,113,123,134,145,335,
lightskyblue,113,123,138,145,336,
lightskyblue,113,123,140,145,337,
lightskyblue,113,123,142,145,338,
lightskyblue,113,123,144,145,339,
lightskyblue,113,123,145,60,344,
lightskyblue,64,127,125,130,156,
lightskyblue,64,127,125,132,157,
lightskyblue,64,127,125,134,158,
lightskyblue,64,127,125,138,159,
lightskyblue,64,127,125,140,160,
lightskyblue,64,127,125,142,161,
lightskyblue,64,127,125,144,162,
lightskyblue,64,127,125,146,163,
lightskyblue,64,127,125,58,167,
lightskyblue,70,127,126,129,178,
lightskyblue,70,127,129,132,179,
lightskyblue,70,127,129,134,180,
lightskyblue,70,127,129,138,181,
lightskyblue,70,127,129,140,182,
lightskyblue,70,127,129,142,183,
lightskyblue,70,127,129,144,184,
lightskyblue,70,127,129,146,185,
lightskyblue,70,127,129,58,189,
lightskyblue,76,127,126,131,200,
lightskyblue,76,127,130,131,201,
lightskyblue,76,127,131,134,202,
lightskyblue,76,127,131,138,203,
lightskyblue,76,127,131,140,204,
lightskyblue,76,127,131,142,205,
lightskyblue,76,127,131,144,206,
lightskyblue,76,127,131,146,207,
lightskyblue,76,127,131,58,211,
lightskyblue,82,127,126,133,222,
lightskyblue,82,127,130,133,223,
lightskyblue,82,127,132,133,224,
lightskyblue,82,127,133,138,225,
lightskyblue,82,127,133,140,226,
lightskyblue,82,127,133,142,227,
lightskyblue,82,127,133,144,228,
lightskyblue,82,127,133,146,229,
lightskyblue,82,127,133,58,233,
lightskyblue,88,127,126,137,244,
lightskyblue,88,127,130,137,245,
lightskyblue,88,127,132,137,246,
lightskyblue,88,127,134,137,247,
lightskyblue,88,127,137,140,248,
lightskyblue,88,127,137,142,249,
lightskyblue,88,127,137,144,250,
lightskyblue,88,127,137,146,251,
lightskyblue,88,127,137,58,255,
lightskyblue,94,127,126,139,266,
lightskyblue,94,127,130,139,267,
lightskyblue,94,127,132,139,268,
lightskyblue,94,127,134,139,269,
lightskyblue,94,127,138,139,270,
lightskyblue,94,127,139,142,271,
lightskyblue,94,127,139,144,272,
lightskyblue,94,127,139,146,273,
lightskyblue,94,127,139,58,277,
lightskyblue,100,127,126,141,288,
lightskyblue,100,127,130,141,289,
lightskyblue,100,127,132,141,290,
lightskyblue,100,127,134,141,291,
lightskyblue,100,127,138,141,292,
lightskyblue,100,127,140,141,293,
lightskyblue,100,127,141,144,294,
lightskyblue,100,127,141,146,295,
lightskyblue,100,127,141,58,299,
lightskyblue,106,127,126,143,310,
lightskyblue,106,127,130,143,311,
lightskyblue,106,127,132,143,312,
lightskyblue,106,127,134,143,313,
lightskyblue,106,127,138,143,314,
lightskyblue,106,127,140,143,315,
lightskyblue,106,127,142,143,316,
lightskyblue,106,127,143,146,317,
lightskyblue,106,127,143,58,321,
lightskyblue,112,127,126,145,332,
lightskyblue,112,127,130,145,333,
lightskyblue,112,127,132,145,334,
lightskyblue,112,127,134,145,335,
lightskyblue,112,127,138,145,336,
lightskyblue,112,127,140,145,337,
lightskyblue,112,127,142,145,338,
lightskyblue,112,127,144,145,339,
lightskyblue,112,127,145,58,343,
lightskyblue,65,135,125,130,156,
lightskyblue,65,135,125,132,157,
lightskyblue,65,135,125,134,158,
lightskyblue,65,135,125,138,159,
lightskyblue,65,135,125,140,160,
lightskyblue,65,135,125,142,161,
lightskyblue,65,135,125,144,162,
lightskyblue,65,135,125,146,163,
lightskyblue,65,135,125,60,168,
lightskyblue,71,135,126,129,178,
lightskyblue,71,135,129,132,179,
lightskyblue,71,135,129,134,180,
lightskyblue,71,135,129,138,181,
lightskyblue,71,135,129,140,182,
lightskyblue,71,135,129,142,183,
lightskyblue,71,135,129,144,184,
lightskyblue,71,135,129,146,185,
lightskyblue,71,135,129,60,190,
lightskyblue,77,135,126,131,200,
lightskyblue,77,135,130,131,201,
lightskyblue,77,135,131,134,202,
lightskyblue,77,135,131,138,203,
lightskyblue,77,135,131,140,204,
lightskyblue,77,135,131,142,205,
lightskyblue,77,135,131,144,206,
lightskyblue,77,135,131,146,207,
lightskyblue,77,135,131,60,212,
lightskyblue,83,135,126,133,222,
lightskyblue,83,135,130,133,223,
lightskyblue,83,135,132,133,224,
lightskyblue,83,135,133,138,225,
lightskyblue,83,135,133,140,226,
lightskyblue,83,135,133,142,227,
lightskyblue,83,135,133,144,228,
lightskyblue,83,135,133,146,229,
lightskyblue,83,135,133,60,234,
lightskyblue,89,135,126,137,244,
lightskyblue,89,135,130,137,245,
lightskyblue,89,135,132,137,246,
lightskyblue,89,135,134,137,247,
lightskyblue,89,135,137,140,248,
lightskyblue,89,135,137,142,249,
lightskyblue,89,135,137,144,250,
lightskyblue,89,135,137,146,251,
lightskyblue,89,135,137,60,256,
lightskyblue,95,135,126,139,266,
lightskyblue,95,135,130,139,267,
lightskyblue,95,135,132,139,268,
lightskyblue,95,135,134,139,269,
lightskyblue,95,135,138,139,270,
lightskyblue,95,135,139,142,271,
lightskyblue,95,135,139,144,272,
lightskyblue,95,135,139,146,273,
lightskyblue,95,135,139,60,278,
lightskyblue,101,135,126,141,288,
lightskyblue,101,135,130,141,289,
lightskyblue,101,135,132,141,290,
lightskyblue,101,135,134,141,291,
lightskyblue,101,135,138,141,292,
lightskyblue,101,135,140,141,293,
lightskyblue,101,135,141,144,294,
lightskyblue,101,135,141,146,295,
lightskyblue,101,135,141,60,300,
lightskyblue,107,135,126,143,310,
lightskyblue,107,135,130,143,311,
lightskyblue,107,135,132,143,312,
lightskyblue,107,135,134,143,313,
lightskyblue,107,135,138,143,314,
lightskyblue,107,135,140,143,315,
lightskyblue,107,135,142,143,316,
lightskyblue,107,135,143,146,317,
lightskyblue,107,135,143,60,322,
lightskyblue,113,135,126,145,332,
lightskyblue,113,135,130,145,333,
lightskyblue,113,135,132,145,334,
lightskyblue,113,135,134,145,335,
lightskyblue,113,135,138,145,336,
lightskyblue,113,135,140,145,337,
lightskyblue,113,135,142,145,338,
lightskyblue,113,135,144,145,339,
lightskyblue,113,135,145,60,344,
lightskyblue,66,116,126,129,149,
lightskyblue,66,116,126,131,149,
lightskyblue,66,116,126,133,149,
lightskyblue,66,116,126,137,149,
lightskyblue,66,116,126,139,149,
lightskyblue,66,116,126,141,149,
lightskyblue,66,116,126,143,149,
lightskyblue,66,116,126,145,149,
lightskyblue,66,116,126,51,149,
lightskyblue,66,116,126,53,149,
lightskyblue,66,116,126,55,149,
lightskyblue,66,116,126,57,149,
lightskyblue,66,116,126,59,149,
lightskyblue,72,116,125,130,171,
lightskyblue,72,116,130,131,171,
lightskyblue,72,116,130,133,171,
lightskyblue,72,116,130,137,171,
lightskyblue,72,116,130,139,171,
lightskyblue,72,116,130,141,171,
lightskyblue,72,116,130,143,171,
lightskyblue,72,116,130,145,171,
lightskyblue,72,116,130,51,171,
lightskyblue,72,116,130,53,171,
lightskyblue,72,116,130,55,171,
lightskyblue,72,116,130,57,171,
lightskyblue,72,116,130,59,171,
lightskyblue,78,116,125,132,193,
lightskyblue,78,116,129,132,193,
lightskyblue,78,116,132,133,193,
lightskyblue,78,116,132,137,193,
lightskyblue,78,116,132,139,193,
lightskyblue,78,116,132,141,193,
lightskyblue,78,116,132,143,193,
lightskyblue,78,116,132,145,193,
lightskyblue,78,116,132,51,193,
lightskyblue,78,116,132,53,193,
lightskyblue,78,116,132,55,193,
lightskyblue,78,116,132,57,193,
lightskyblue,78,116,132,59,193,
lightskyblue,84,116,125,134,215,
lightskyblue,84,116,129,134,215,
lightskyblue,84,116,131,134,215,
lightskyblue,84,116,134,137,215,
lightskyblue,84,116,134,139,215,
lightskyblue,84,116,134,141,215,
lightskyblue,84,116,134,143,215,
lightskyblue,84,116,134,145,215,
lightskyblue,84,116,134,51,215,
lightskyblue,84,116,134,53,215,
lightskyblue,84,116,134,55,215,
lightskyblue,84,116,134,57,215,
lightskyblue,84,116,134,59,215,
lightskyblue,90,116,125,138,237,
lightskyblue,90,116,129,138,237,
lightskyblue,90,116,131,138,237,
lightskyblue,90,116,133,138,237,
lightskyblue,90,116,138,139,237,
lightskyblue,90,116,138,141,237,
lightskyblue,90,116,138,143,237,
lightskyblue,90,116,138,145,237,
lightskyblue,90,116,138,51,237,
lightskyblue,90,116,138,53,237,
lightskyblue,90,116,138,55,237,
lightskyblue,90,116,138,57,237,
lightskyblue,90,116,138,59,237,
lightskyblue,96,116,125,140,259,
lightskyblue,96,116,129,140,259,
lightskyblue,96,116,131,140,259,
lightskyblue,96,116,133,140,259,
lightskyblue,96,116,137,140,259,
lightskyblue,96,116,140,141,259,
lightskyblue,96,116,140,143,259,
lightskyblue,96,116,140,145,259,
lightskyblue,96,116,140,51,259,
lightskyblue,96,116,140,53,259,
lightskyblue,96,116,140,55,259,
lightskyblue,96,116,140,57,259,
lightskyblue,96,116,140,59,259,
lightskyblue,102,116,125,142,281,
lightskyblue,102,116,129,142,281,
lightskyblue,102,116,131,142,281,
lightskyblue,102,116,133,142,281,
lightskyblue,102,116,137,142,281,
lightskyblue,102,116,139,142,281,
lightskyblue,102,116,142,143,281,
lightskyblue,102,116,142,145,281,
lightskyblue,102,116,142,51,281,
lightskyblue,102,116,142,53,281,
lightskyblue,102,116,142,55,281,
lightskyblue,102,116,142,57,281,
lightskyblue,102,116,142,59,281,
lightskyblue,108,116,125,144,303,
lightskyblue,108,116,129,144,303,
lightskyblue,108,116,131,144,303,
lightskyblue,108,116,133,144,303,
lightskyblue,108,116,137,144,303,
lightskyblue,108,116,139,144,303,
lightskyblue,108,116,141,144,303,
lightskyblue,108,116,144,145,303,
lightskyblue,108,116,144,51,303,
lightskyblue,108,116,144,53,303,
lightskyblue,108,116,144,55,303,
lightskyblue,108,116,144,57,303,
lightskyblue,108,116,144,59,303,
lightskyblue,114,116,125,146,325,
lightskyblue,114,116,129,146,325,
lightskyblue,114,116,131,146,325,
lightskyblue,114,116,133,146,325,
lightskyblue,114,116,137,146,325,
lightskyblue,114,116,139,146,325,
lightskyblue,114,116,141,146,325,
lightskyblue,114,116,143,146,325,
lightskyblue,114,116,146,51,325,
lightskyblue,114,116,146,53,325,
lightskyblue,114,116,146,55,325,
lightskyblue,114,116,146,57,325,
lightskyblue,114,116,146,59,325,
lightskyblue,66,118,126,129,150,
lightskyblue,66,118,126,131,150,
lightskyblue,66,118,126,133,150,
lightskyblue,66,118,126,137,150,
lightskyblue,66,118,126,139,150,
lightskyblue,66,118,126,141,150,
lightskyblue,66,118,126,143,150,
lightskyblue,66,118,126,145,150,
lightskyblue,66,118,126,51,150,
lightskyblue,66,118,126,53,150,
lightskyblue,66,118,126,55,150,
lightskyblue,66,118,126,57,150,
lightskyblue,66,118,126,59,150,
lightskyblue,72,118,125,130,172,
lightskyblue,72,118,130,131,172,
lightskyblue,72,118,130,133,172,
lightskyblue,72,118,130,137,172,
lightskyblue,72,118,130,139,172,
lightskyblue,72,118,130,141,172,
lightskyblue,72,118,130,143,172,
lightskyblue,72,118,130,145,172,
lightskyblue,72,118,130,51,172,
lightskyblue,72,118,130,53,172,
lightskyblue,72,118,130,55,172,
lightskyblue,72,118,130,57,172,
lightskyblue,72,118,130,59,172,
lightskyblue,78,118,125,132,194,
lightskyblue,78,118,129,132,194,
lightskyblue,78,118,132,133,194,
lightskyblue,78,118,132,137,194,
lightskyblue,78,118,132,139,194,
lightskyblue,78,118,132,141,194,
lightskyblue,78,118,132,143,194,
lightskyblue,78,118,132,145,194,
lightskyblue,78,118,132,51,194,
lightskyblue,78,118,132,53,194,
lightskyblue,78,118,132,55,194,
lightskyblue,78,118,132,57,194,
lightskyblue,78,118,132,59,194,
lightskyblue,84,118,125,134,216,
lightskyblue,84,118,129,134,216,
lightskyblue,84,118,131,134,216,
lightskyblue,84,118,134,137,216,
lightskyblue,84,118,134,139,216,
lightskyblue,84,118,134,141,216,
lightskyblue,84,118,134,143,216,
lightskyblue,84,118,134,145,216,
lightskyblue,84,118,134,51,216,
lightskyblue,84,118,134,53,216,
lightskyblue,84,118,134,55,216,
lightskyblue,84,118,134,57,216,
lightskyblue,84,118,134,59,216,
lightskyblue,90,118,125,138,238,
lightskyblue,90,118,129,138,238,
lightskyblue,90,118,131,138,238,
lightskyblue,90,118,133,138,238,
lightskyblue,90,118,138,139,238,
lightskyblue,90,118,138,141,238,
lightskyblue,90,118,138,143,238,
lightskyblue,90,118,138,145,238,
lightskyblue,90,118,138,51,238,
lightskyblue,90,118,138,53,238,
lightskyblue,90,118,138,55,238,
lightskyblue,90,118,138,57,238,
lightskyblue,90,118,138,59,238,
lightskyblue,96,118,125,140,260,
lightskyblue,96,118,129,140,260,
lightskyblue,96,118,131,140,260,
lightskyblue,96,118,133,140,260,
lightskyblue,96,118,137,140,260,
lightskyblue,96,118,140,141,260,
lightskyblue,96,118,140,143,260,
lightskyblue,96,118,140,145,260,
lightskyblue,96,118,140,51,260,
lightskyblue,96,118,140,53,260,
lightskyblue,96,118,140,55,260,
lightskyblue,96,118,140,57,260,
lightskyblue,96,118,140,59,260,
lightskyblue,102,118,125,142,282,
lightskyblue,102,118,129,142,282,
lightskyblue,102,118,131,142,282,
lightskyblue,102,118,133,142,282,
lightskyblue,102,118,137,142,282,
lightskyblue,102,118,139,142,282,
lightskyblue,102,118,142,143,282,
lightskyblue,102,118,142,145,282,
lightskyblue,102,118,142,51,282,
lightskyblue,102,118,142,53,282,
lightskyblue,102,118,142,55,282,
lightskyblue,102,118,142,57,282,
lightskyblue,102,118,142,59,282,
lightskyblue,108,118,125,144,304,
lightskyblue,108,118,129,144,304,
lightskyblue,108,118,131,144,304,
lightskyblue,108,118,133,144,304,
lightskyblue,108,118,137,144,304,
lightskyblue,108,118,139,144,304,
lightskyblue,108,118,141,144,304,
lightskyblue,108,118,144,145,304,
lightskyblue,108,118,144,51,304,
lightskyblue,108,118,144,53,304,
lightskyblue,108,118,144,55,304,
lightskyblue,108,118,144,57,304,
lightskyblue,108,118,144,59,304,
lightskyblue,114,118,125,146,326,
lightskyblue,114,118,129,146,326,
lightskyblue,114,118,131,146,326,
lightskyblue,114,118,133,146,326,
lightskyblue,114,118,137,146,326,
lightskyblue,114,118,139,146,326,
lightskyblue,114,118,141,146,326,
lightskyblue,114,118,143,146,326,
lightskyblue,114,118,146,51,326,
lightskyblue,114,118,146,53,326,
lightskyblue,114,118,146,55,326,
lightskyblue,114,118,146,57,326,
lightskyblue,114,118,146,59,326,
lightskyblue,66,120,126,129,151,
lightskyblue,66,120,126,131,151,
lightskyblue,66,120,126,133,151,
lightskyblue,66,120,126,137,151,
lightskyblue,66,120,126,139,151,
lightskyblue,66,120,126,141,151,
lightskyblue,66,120,126,143,151,
lightskyblue,66,120,126,145,151,
lightskyblue,66,120,126,51,151,
lightskyblue,66,120,126,53,151,
lightskyblue,66,120,126,55,151,
lightskyblue,66,120,126,57,151,
lightskyblue,66,120,126,59,151,
lightskyblue,72,120,125,130,173,
lightskyblue,72,120,130,131,173,
lightskyblue,72,120,130,133,173,
lightskyblue,72,120,130,137,173,
lightskyblue,72,120,130,139,173,
lightskyblue,72,120,130,141,173,
lightskyblue,72,120,130,143,173,
lightskyblue,72,120,130,145,173,
lightskyblue,72,120,130,51,173,
lightskyblue,72,120,130,53,173,
lightskyblue,72,120,130,55,173,
lightskyblue,72,120,130,57,173,
lightskyblue,72,120,130,59,173,
lightskyblue,78,120,125,132,195,
lightskyblue,78,120,129,132,195,
lightskyblue,78,120,132,133,195,
lightskyblue,78,120,132,137,195,
lightskyblue,78,120,132,139,195,
lightskyblue,78,120,132,141,195,
lightskyblue,78,120,132,143,195,
lightskyblue,78,120,132,145,195,
lightskyblue,78,120,132,51,195,
lightskyblue,78,120,132,53,195,
lightskyblue,78,120,132,55,195,
lightskyblue,78,120,132,57,195,
lightskyblue,78,120,132,59,195,
lightskyblue,84,120,125,134,217,
lightskyblue,84,120,129,134,217,
lightskyblue,84,120,131,134,217,
lightskyblue,84,120,134,137,217,
lightskyblue,84,120,134,139,217,
lightskyblue,84,120,134,141,217,
lightskyblue,84,120,134,143,217,
lightskyblue,84,120,134,145,217,
lightskyblue,84,120,134,51,217,
lightskyblue,84,120,134,53,217,
lightskyblue,84,120,134,55,217,
lightskyblue,84,120,134,57,217,
lightskyblue,84,120,134,59,217,
lightskyblue,90,120,125,138,239,
lightskyblue,90,120,129,138,239,
lightskyblue,90,120,131,138,239,
lightskyblue,90,120,133,138,239,
lightskyblue,90,120,138,139,239,
lightskyblue,90,120,138,141,239,
lightskyblue,90,120,138,143,239,
lightskyblue,90,120,138,145,239,
lightskyblue,90,120,138,51,239,
lightskyblue,90,120,138,53,239,
lightskyblue,90,120,138,55,239,
lightskyblue,90,120,138,57,239,
lightskyblue,90,120,138,59,239,
lightskyblue,96,120,125,140,261,
lightskyblue,96,120,129,140,261,
lightskyblue,96,120,131,140,261,
lightskyblue,96,120,133,140,261,
lightskyblue,96,120,137,140,261,
lightskyblue,96,120,140,141,261,
lightskyblue,96,120,140,143,261,
lightskyblue,96,120,140,145,261,
lightskyblue,96,120,140,51,261,
lightskyblue,96,120,140,53,261,
lightskyblue,96,120,140,55,261,
lightskyblue,96,120,140,57,261,
lightskyblue,96,120,140,59,261,
lightskyblue,102,120,125,142,283,
lightskyblue,102,120,129,142,283,
lightskyblue,102,120,131,142,283,
lightskyblue,102,120,133,142,283,
lightskyblue,102,120,137,142,283,
lightskyblue,102,120,139,142,283,
lightskyblue,102,120,142,143,283,
lightskyblue,102,120,142,145,283,
lightskyblue,102,120,142,51,283,
lightskyblue,102,120,142,53,283,
lightskyblue,102,120,142,55,283,
lightskyblue,102,120,142,57,283,
lightskyblue,102,120,142,59,283,
lightskyblue,108,120,125,144,305,
lightskyblue,108,120,129,144,305,
lightskyblue,108,120,131,144,305,
lightskyblue,108,120,133,144,305,
lightskyblue,108,120,137,144,305,
lightskyblue,108,120,139,144,305,
lightskyblue,108,120,141,144,305,
lightskyblue,108,120,144,145,305,
lightskyblue,108,120,144,51,305,
lightskyblue,108,120,144,53,305,
lightskyblue,108,120,144,55,305,
lightskyblue,108,120,144,57,305,
lightskyblue,108,120,144,59,305,
lightskyblue,114,120,125,146,327,
lightskyblue,114,120,129,146,327,
lightskyblue,114,120,131,146,327,
lightskyblue,114,120,133,146,327,
lightskyblue,114,120,137,146,327,
lightskyblue,114,120,139,146,327,
lightskyblue,114,120,141,146,327,
lightskyblue,114,120,143,146,327,
lightskyblue,114,120,146,51,327,
lightskyblue,114,120,146,53,327,
lightskyblue,114,120,146,55,327,
lightskyblue,114,120,146,57,327,
lightskyblue,114,120,146,59,327,
lightskyblue,66,122,126,129,152,
lightskyblue,66,122,126,131,152,
lightskyblue,66,122,126,133,152,
lightskyblue,66,122,126,137,152,
lightskyblue,66,122,126,139,152,
lightskyblue,66,122,126,141,152,
lightskyblue,66,122,126,143,152,
lightskyblue,66,122,126,145,152,
lightskyblue,66,122,126,51,152,
lightskyblue,66,122,126,53,152,
lightskyblue,66,122,126,55,152,
lightskyblue,66,122,126,57,152,
lightskyblue,66,122,126,59,152,
lightskyblue,72,122,125,130,174,
lightskyblue,72,122,130,131,174,
lightskyblue,72,122,130,133,174,
lightskyblue,72,122,130,137,174,
lightskyblue,72,122,130,139,174,
lightskyblue,72,122,130,141,174,
lightskyblue,72,122,130,143,174,
lightskyblue,72,122,130,145,174,
lightskyblue,72,122,130,51,174,
lightskyblue,72,122,130,53,174,
lightskyblue,72,122,130,55,174,
lightskyblue,72,122,130,57,174,
lightskyblue,72,122,130,59,174,
lightskyblue,78,122,125,132,196,
lightskyblue,78,122,129,132,196,
lightskyblue,78,122,132,133,196,
lightskyblue,78,122,132,137,196,
lightskyblue,78,122,132,139,196,
lightskyblue,78,122,132,141,196,
lightskyblue,78,122,132,143,196,
lightskyblue,78,122,132,145,196,
lightskyblue,78,122,132,51,196,
lightskyblue,78,122,132,53,196,
lightskyblue,78,122,132,55,196,
lightskyblue,78,122,132,57,196,
lightskyblue,78,122,132,59,196,
lightskyblue,84,122,125,134,218,
lightskyblue,84,122,129,134,218,
lightskyblue,84,122,131,134,218,
lightskyblue,84,122,134,137,218,
lightskyblue,84,122,134,139,218,
lightskyblue,84,122,134,141,218,
lightskyblue,84,122,134,143,218,
lightskyblue,84,122,134,145,218,
lightskyblue,84,122,134,51,218,
lightskyblue,84,122,134,53,218,
lightskyblue,84,122,134,55,218,
lightskyblue,84,122,134,57,218,
lightskyblue,84,122,134,59,218,
lightskyblue,90,122,125,138,240,
lightskyblue,90,122,129,138,240,
lightskyblue,90,122,131,138,240,
lightskyblue,90,122,133,138,240,
lightskyblue,90,122,138,139,240,
lightskyblue,90,122,138,141,240,
lightskyblue,90,122,138,143,240,
lightskyblue,90,122,138,145,240,
lightskyblue,90,122,138,51,240,
lightskyblue,90,122,138,53,240,
lightskyblue,90,122,138,55,240,
lightskyblue,90,122,138,57,240,
lightskyblue,90,122,138,59,240,
lightskyblue,96,122,125,140,262,
lightskyblue,96,122,129,140,262,
lightskyblue,96,122,131,140,262,
lightskyblue,96,122,133,140,262,
lightskyblue,96,122,137,140,262,
lightskyblue,96,122,140,141,262,
lightskyblue,96,122,140,143,262,
lightskyblue,96,122,140,145,262,
lightskyblue,96,122,140,51,262,
lightskyblue,96,122,140,53,262,
lightskyblue,96,122,140,55,262,
lightskyblue,96,122,140,57,262,
lightskyblue,96,122,140,59,262,
lightskyblue,102,122,125,142,284,
lightskyblue,102,122,129,142,284,
lightskyblue,102,122,131,142,284,
lightskyblue,102,122,133,142,284,
lightskyblue,102,122,137,142,284,
lightskyblue,102,122,139,142,284,
lightskyblue,102,122,142,143,284,
lightskyblue,102,122,142,145,284,
lightskyblue,102,122,142,51,284,
lightskyblue,102,122,142,53,284,
lightskyblue,102,122,142,55,284,
lightskyblue,102,122,142,57,284,
lightskyblue,102,122,142,59,284,
lightskyblue,108,122,125,144,306,
lightskyblue,108,122,129,144,306,
lightskyblue,108,122,131,144,306,
lightskyblue,108,122,133,144,306,
lightskyblue,108,122,137,144,306,
lightskyblue,108,122,139,144,306,
lightskyblue,108,122,141,144,306,
lightskyblue,108,122,144,145,306,
lightskyblue,108,122,144,51,306,
lightskyblue,108,122,144,53,306,
lightskyblue,108,122,144,55,306,
lightskyblue,108,122,144,57,306,
lightskyblue,108,122,144,59,306,
lightskyblue,114,122,125,146,328,
lightskyblue,114,122,129,146,328,
lightskyblue,114,122,131,146,328,
lightskyblue,114,122,133,146,328,
lightskyblue,114,122,137,146,328,
lightskyblue,114,122,139,146,328,
lightskyblue,114,122,141,146,328,
lightskyblue,114,122,143,146,328,
lightskyblue,114,122,146,51,328,
lightskyblue,114,122,146,53,328,
lightskyblue,114,122,146,55,328,
lightskyblue,114,122,146,57,328,
lightskyblue,114,122,146,59,328,
lightskyblue,66,124,126,129,153,
lightskyblue,66,124,126,131,153,
lightskyblue,66,124,126,133,153,
lightskyblue,66,124,126,137,153,
lightskyblue,66,124,126,139,153,
lightskyblue,66,124,126,141,153,
lightskyblue,66,124,126,143,153,
lightskyblue,66,124,126,145,153,
lightskyblue,66,124,126,51,153,
lightskyblue,66,124,126,53,153,
lightskyblue,66,124,126,55,153,
lightskyblue,66,124,126,57,153,
lightskyblue,66,124,126,59,153,
lightskyblue,72,124,125,130,175,
lightskyblue,72,124,130,131,175,
lightskyblue,72,124,130,133,175,
lightskyblue,72,124,130,137,175,
lightskyblue,72,124,130,139,175,
lightskyblue,72,124,130,141,175,
lightskyblue,72,124,130,143,175,
lightskyblue,72,124,130,145,175,
lightskyblue,72,124,130,51,175,
lightskyblue,72,124,130,53,175,
lightskyblue,72,124,130,55,175,
lightskyblue,72,124,130,57,175,
lightskyblue,72,124,130,59,175,
lightskyblue,78,124,125,132,197,
lightskyblue,78,124,129,132,197,
lightskyblue,78,124,132,133,197,
lightskyblue,78,124,132,137,197,
lightskyblue,78,124,132,139,197,
lightskyblue,78,124,132,141,197,
lightskyblue,78,124,132,143,197,
lightskyblue,78,124,132,145,197,
lightskyblue,78,124,132,51,197,
lightskyblue,78,124,132,53,197,
lightskyblue,78,124,132,55,197,
lightskyblue,78,124,132,57,197,
lightskyblue,78,124,132,59,197,
lightskyblue,84,124,125,134,219,
lightskyblue,84,124,129,134,219,
lightskyblue,84,124,131,134,219,
lightskyblue,84,124,134,137,219,
lightskyblue,84,124,134,139,219,
lightskyblue,84,124,134,141,219,
lightskyblue,84,124,134,143,219,
lightskyblue,84,124,134,145,219,
lightskyblue,84,124,134,51,219,
lightskyblue,84,124,134,53,219,
lightskyblue,84,124,134,55,219,
lightskyblue,84,124,134,57,219,
lightskyblue,84,124,134,59,219,
lightskyblue,90,124,125,138,241,
lightskyblue,90,124,129,138,241,
lightskyblue,90,124,131,138,241,
lightskyblue,90,124,133,138,241,
lightskyblue,90,124,138,139,241,
lightskyblue,90,124,138,141,241,
lightskyblue,90,124,138,143,241,
lightskyblue,90,124,138,145,241,
lightskyblue,90,124,138,51,241,
lightskyblue,90,124,138,53,241,
lightskyblue,90,124,138,55,241,
lightskyblue,90,124,138,57,241,
lightskyblue,90,124,138,59,241,
lightskyblue,96,124,125,140,263,
lightskyblue,96,124,129,140,263,
lightskyblue,96,124,131,140,263,
lightskyblue,96,124,133,140,263,
lightskyblue,96,124,137,140,263,
lightskyblue,96,124,140,141,263,
lightskyblue,96,124,140,143,263,
lightskyblue,96,124,140,145,263,
lightskyblue,96,124,140,51,263,
lightskyblue,96,124,140,53,263,
lightskyblue,96,124,140,55,263,
lightskyblue,96,124,140,57,263,
lightskyblue,96,124,140,59,263,
lightskyblue,102,124,125,142,285,
lightskyblue,102,124,129,142,285,
lightskyblue,102,124,131,142,285,
lightskyblue,102,124,133,142,285,
lightskyblue,102,124,137,142,285,
lightskyblue,102,124,139,142,285,
lightskyblue,102,124,142,143,285,
lightskyblue,102,124,142,145,285,
lightskyblue,102,124,142,51,285,
lightskyblue,102,124,142,53,285,
lightskyblue,102,124,142,55,285,
lightskyblue,102,124,142,57,285,
lightskyblue,102,124,142,59,285,
lightskyblue,108,124,125,144,307,
lightskyblue,108,124,129,144,307,
lightskyblue,108,124,131,144,307,
lightskyblue,108,124,133,144,307,
lightskyblue,108,124,137,144,307,
lightskyblue,108,124,139,144,307,
lightskyblue,108,124,141,144,307,
lightskyblue,108,124,144,145,307,
lightskyblue,108,124,144,51,307,
lightskyblue,108,124,144,53,307,
lightskyblue,108,124,144,55,307,
lightskyblue,108,124,144,57,307,
lightskyblue,108,124,144,59,307,
lightskyblue,114,124,125,146,329,
lightskyblue,114,124,129,146,329,
lightskyblue,114,124,131,146,329,
lightskyblue,114,124,133,146,329,
lightskyblue,114,124,137,146,329,
lightskyblue,114,124,139,146,329,
lightskyblue,114,124,141,146,329,
lightskyblue,114,124,143,146,329,
lightskyblue,114,124,146,51,329,
lightskyblue,114,124,146,53,329,
lightskyblue,114,124,146,55,329,
lightskyblue,114,124,146,57,329,
lightskyblue,114,124,146,59,329,
lightskyblue,66,128,126,129,154,
lightskyblue,66,128,126,131,154,
lightskyblue,66,128,126,133,154,
lightskyblue,66,128,126,137,154,
lightskyblue,66,128,126,139,154,
lightskyblue,66,128,126,141,154,
lightskyblue,66,128,126,143,154,
lightskyblue,66,128,126,145,154,
lightskyblue,66,128,126,51,154,
lightskyblue,66,128,126,53,154,
lightskyblue,66,128,126,55,154,
lightskyblue,66,128,126,57,154,
lightskyblue,66,128,126,59,154,
lightskyblue,72,128,125,130,176,
lightskyblue,72,128,130,131,176,
lightskyblue,72,128,130,133,176,
lightskyblue,72,128,130,137,176,
lightskyblue,72,128,130,139,176,
lightskyblue,72,128,130,141,176,
lightskyblue,72,128,130,143,176,
lightskyblue,72,128,130,145,176,
lightskyblue,72,128,130,51,176,
lightskyblue,72,128,130,53,176,
lightskyblue,72,128,130,55,176,
lightskyblue,72,128,130,57,176,
lightskyblue,72,128,130,59,176,
lightskyblue,78,128,125,132,198,
lightskyblue,78,128,129,132,198,
lightskyblue,78,128,132,133,198,
lightskyblue,78,128,132,137,198,
lightskyblue,78,128,132,139,198,
lightskyblue,78,128,132,141,198,
lightskyblue,78,128,132,143,198,
lightskyblue,78,128,132,145,198,
lightskyblue,78,128,132,51,198,
lightskyblue,78,128,132,53,198,
lightskyblue,78,128,132,55,198,
lightskyblue,78,128,132,57,198,
lightskyblue,78,128,132,59,198,
lightskyblue,84,128,125,134,220,
lightskyblue,84,128,129,134,220,
lightskyblue,84,128,131,134,220,
lightskyblue,84,128,134,137,220,
lightskyblue,84,128,134,139,220,
lightskyblue,84,128,134,141,220,
lightskyblue,84,128,134,143,220,
lightskyblue,84,128,134,145,220,
lightskyblue,84,128,134,51,220,
lightskyblue,84,128,134,53,220,
lightskyblue,84,128,134,55,220,
lightskyblue,84,128,134,57,220,
lightskyblue,84,128,134,59,220,
lightskyblue,90,128,125,138,242,
lightskyblue,90,128,129,138,242,
lightskyblue,90,128,131,138,242,
lightskyblue,90,128,133,138,242,
lightskyblue,90,128,138,139,242,
lightskyblue,90,128,138,141,242,
lightskyblue,90,128,138,143,242,
lightskyblue,90,128,138,145,242,
lightskyblue,90,128,138,51,242,
lightskyblue,90,128,138,53,242,
lightskyblue,90,128,138,55,242,
lightskyblue,90,128,138,57,242,
lightskyblue,90,128,138,59,242,
lightskyblue,96,128,125,140,264,
lightskyblue,96,128,129,140,264,
lightskyblue,96,128,131,140,264,
lightskyblue,96,128,133,140,264,
lightskyblue,96,128,137,140,264,
lightskyblue,96,128,140,141,264,
lightskyblue,96,128,140,143,264,
lightskyblue,96,128,140,145,264,
lightskyblue,96,128,140,51,264,
lightskyblue,96,128,140,53,264,
lightskyblue,96,128,140,55,264,
lightskyblue,96,128,140,57,264,
lightskyblue,96,128,140,59,264,
lightskyblue,102,128,125,142,286,
lightskyblue,102,128,129,142,286,
lightskyblue,102,128,131,142,286,
lightskyblue,102,128,133,142,286,
lightskyblue,102,128,137,142,286,
lightskyblue,102,128,139,142,286,
lightskyblue,102,128,142,143,286,
lightskyblue,102,128,142,145,286,
lightskyblue,102,128,142,51,286,
lightskyblue,102,128,142,53,286,
lightskyblue,102,128,142,55,286,
lightskyblue,102,128,142,57,286,
lightskyblue,102,128,142,59,286,
lightskyblue,108,128,125,144,308,
lightskyblue,108,128,129,144,308,
lightskyblue,108,128,131,144,308,
lightskyblue,108,128,133,144,308,
lightskyblue,108,128,137,144,308,
lightskyblue,108,128,139,144,308,
lightskyblue,108,128,141,144,308,
lightskyblue,108,128,144,145,308,
lightskyblue,108,128,144,51,308,
lightskyblue,108,128,144,53,308,
lightskyblue,108,128,144,55,308,
lightskyblue,108,128,144,57,308,
lightskyblue,108,128,144,59,308,
lightskyblue,114,128,125,146,330,
lightskyblue,114,128,129,146,330,
lightskyblue,114,128,131,146,330,
lightskyblue,114,128,133,146,330,
lightskyblue,114,128,137,146,330,
lightskyblue,114,128,139,146,330,
lightskyblue,114,128,141,146,330,
lightskyblue,114,128,143,146,330,
lightskyblue,114,128,146,51,330,
lightskyblue,114,128,146,53,330,
lightskyblue,114,128,146,55,330,
lightskyblue,114,128,146,57,330,
lightskyblue,114,128,146,59,330,
lightskyblue,66,136,126,129,155,
lightskyblue,66,136,126,131,155,
lightskyblue,66,136,126,133,155,
lightskyblue,66,136,126,137,155,
lightskyblue,66,136,126,139,155,
lightskyblue,66,136,126,141,155,
lightskyblue,66,136,126,143,155,
lightskyblue,66,136,126,145,155,
lightskyblue,66,136,126,51,155,
lightskyblue,66,136,126,53,155,
lightskyblue,66,136,126,55,155,
lightskyblue,66,136,126,57,155,
lightskyblue,66,136,126,59,155,
lightskyblue,72,136,125,130,177,
lightskyblue,72,136,130,131,177,
lightskyblue,72,136,130,133,177,
lightskyblue,72,136,130,137,177,
lightskyblue,72,136,130,139,177,
lightskyblue,72,136,130,141,177,
lightskyblue,72,136,130,143,177,
lightskyblue,72,136,130,145,177,
lightskyblue,72,136,130,51,177,
lightskyblue,72,136,130,53,177,
lightskyblue,72,136,130,55,177,
lightskyblue,72,136,130,57,177,
lightskyblue,72,136,130,59,177,
lightskyblue,78,136,125,132,199,
lightskyblue,78,136,129,132,199,
lightskyblue,78,136,132,133,199,
lightskyblue,78,136,132,137,199,
lightskyblue,78,136,132,139,199,
lightskyblue,78,136,132,141,199,
lightskyblue,78,136,132,143,199,
lightskyblue,78,136,132,145,199,
lightskyblue,78,136,132,51,199,
lightskyblue,78,136,132,53,199,
lightskyblue,78,136,132,55,199,
lightskyblue,78,136,132,57,199,
lightskyblue,78,136,132,59,199,
lightskyblue,84,136,125,134,221,
lightskyblue,84,136,129,134,221,
lightskyblue,84,136,131,134,221,
lightskyblue,84,136,134,137,221,
lightskyblue,84,136,134,139,221,
lightskyblue,84,136,134,141,221,
lightskyblue,84,136,134,143,221,
lightskyblue,84,136,134,145,221,
lightskyblue,84,136,134,51,221,
lightskyblue,84,136,134,53,221,
lightskyblue,84,136,134,55,221,
lightskyblue,84,136,134,57,221,
lightskyblue,84,136,134,59,221,
lightskyblue,90,136,125,138,243,
lightskyblue,90,136,129,138,243,
lightskyblue,90,136,131,138,243,
lightskyblue,90,136,133,138,243,
lightskyblue,90,136,138,139,243,
lightskyblue,90,136,138,141,243,
lightskyblue,90,136,138,143,243,
lightskyblue,90,136,138,145,243,
lightskyblue,90,136,138,51,243,
lightskyblue,90,136,138,53,243,
lightskyblue,90,136,138,55,243,
lightskyblue,90,136,138,57,243,
lightskyblue,90,136,138,59,243,
lightskyblue,96,136,125,140,265,
lightskyblue,96,136,129,140,265,
lightskyblue,96,136,131,140,265,
lightskyblue,96,136,133,140,265,
lightskyblue,96,136,137,140,265,
lightskyblue,96,136,140,141,265,
lightskyblue,96,136,140,143,265,
lightskyblue,96,136,140,145,265,
lightskyblue,96,136,140,51,265,
lightskyblue,96,136,140,53,265,
lightskyblue,96,136,140,55,265,
lightskyblue,96,136,140,57,265,
lightskyblue,96,136,140,59,265,
lightskyblue,102,136,125,142,287,
lightskyblue,102,136,129,142,287,
lightskyblue,102,136,131,142,287,
lightskyblue,102,136,133,142,287,
lightskyblue,102,136,137,142,287,
lightskyblue,102,136,139,142,287,
lightskyblue,102,136,142,143,287,
lightskyblue,102,136,142,145,287,
lightskyblue,102,136,142,51,287,
lightskyblue,102,136,142,53,287,
lightskyblue,102,136,142,55,287,
lightskyblue,102,136,142,57,287,
lightskyblue,102,136,142,59,287,
lightskyblue,108,136,125,144,309,
lightskyblue,108,136,129,144,309,
lightskyblue,108,136,131,144,309,
lightskyblue,108,136,133,144,309,
lightskyblue,108,136,137,144,309,
lightskyblue,108,136,139,144,309,
lightskyblue,108,136,141,144,309,
lightskyblue,108,136,144,145,309,
lightskyblue,108,136,144,51,309,
lightskyblue,108,136,144,53,309,
lightskyblue,108,136,144,55,309,
lightskyblue,108,136,144,57,309,
lightskyblue,108,136,144,59,309,
lightskyblue,114,136,125,146,331,
lightskyblue,114,136,129,146,331,
lightskyblue,114,136,131,146,331,
lightskyblue,114,136,133,146,331,
lightskyblue,114,136,137,146,331,
lightskyblue,114,136,139,146,331,
lightskyblue,114,136,141,146,331,
lightskyblue,114,136,143,146,331,
lightskyblue,114,136,146,51,331,
lightskyblue,114,136,146,53,331,
lightskyblue,114,136,146,55,331,
lightskyblue,114,136,146,57,331,
lightskyblue,114,136,146,59,331,
lightskyblue,115,147,
lightskyblue,115,148,
lightskyblue,115,169,
lightskyblue,115,170,
lightskyblue,115,191,
lightskyblue,115,192,
lightskyblue,115,213,
lightskyblue,115,214,
lightskyblue,115,235,
lightskyblue,115,236,
lightskyblue,115,257,
lightskyblue,115,258,
lightskyblue,115,279,
lightskyblue,115,280,
lightskyblue,115,301,
lightskyblue,115,302,
lightskyblue,115,323,
lightskyblue,115,324,
lightskyblue,117,147,
lightskyblue,117,148,
lightskyblue,117,169,
lightskyblue,117,170,
lightskyblue,117,191,
lightskyblue,117,192,
lightskyblue,117,213,
lightskyblue,117,214,
lightskyblue,117,235,
lightskyblue,117,236,
lightskyblue,117,257,
lightskyblue,117,258,
lightskyblue,117,279,
lightskyblue,117,280,
lightskyblue,117,301,
lightskyblue,117,302,
lightskyblue,117,323,
lightskyblue,117,324,
lightskyblue,119,147,
lightskyblue,119,148,
lightskyblue,119,169,
lightskyblue,119,170,
lightskyblue,119,191,
lightskyblue,119,192,
lightskyblue,119,213,
lightskyblue,119,214,
lightskyblue,119,235,
lightskyblue,119,236,
lightskyblue,119,257,
lightskyblue,119,258,
lightskyblue,119,279,
lightskyblue,119,280,
lightskyblue,119,301,
lightskyblue,119,302,
lightskyblue,119,323,
lightskyblue,119,324,
lightskyblue,121,147,
lightskyblue,121,148,
lightskyblue,121,169,
lightskyblue,121,170,
lightskyblue,121,191,
lightskyblue,121,192,
lightskyblue,121,213,
lightskyblue,121,214,
lightskyblue,121,235,
lightskyblue,121,236,
lightskyblue,121,257,
lightskyblue,121,258,
lightskyblue,121,279,
lightskyblue,121,280,
lightskyblue,121,301,
lightskyblue,121,302,
lightskyblue,121,323,
lightskyblue,121,324,
lightskyblue,123,147,
lightskyblue,123,148,
lightskyblue,123,169,
lightskyblue,123,170,
lightskyblue,123,191,
lightskyblue,123,192,
lightskyblue,123,213,
lightskyblue,123,214,
lightskyblue,123,235,
lightskyblue,123,236,
lightskyblue,123,257,
lightskyblue,123,258,
lightskyblue,123,279,
lightskyblue,123,280,
lightskyblue,123,301,
lightskyblue,123,302,
lightskyblue,123,323,
lightskyblue,123,324,
lightskyblue,127,147,
lightskyblue,127,148,
lightskyblue,127,169,
lightskyblue,127,170,
lightskyblue,127,191,
lightskyblue,127,192,
lightskyblue,127,213,
lightskyblue,127,214,
lightskyblue,127,235,
lightskyblue,127,236,
lightskyblue,127,257,
lightskyblue,127,258,
lightskyblue,127,279,
lightskyblue,127,280,
lightskyblue,127,301,
lightskyblue,127,302,
lightskyblue,127,323,
lightskyblue,127,324,
lightskyblue,135,147,
lightskyblue,135,148,
lightskyblue,135,169,
lightskyblue,135,170,
lightskyblue,135,191,
lightskyblue,135,192,
lightskyblue,135,213,
lightskyblue,135,214,
lightskyblue,135,235,
lightskyblue,135,236,
lightskyblue,135,257,
lightskyblue,135,258,
lightskyblue,135,279,
lightskyblue,135,280,
lightskyblue,135,301,
lightskyblue,135,302,
lightskyblue,135,323,
lightskyblue,135,324,
lightskyblue,116,149,
lightskyblue,116,149,
lightskyblue,116,171,
lightskyblue,116,171,
lightskyblue,116,193,
lightskyblue,116,193,
lightskyblue,116,215,
lightskyblue,116,215,
lightskyblue,116,237,
lightskyblue,116,237,
lightskyblue,116,259,
lightskyblue,116,259,
lightskyblue,116,281,
lightskyblue,116,281,
lightskyblue,116,303,
lightskyblue,116,303,
lightskyblue,116,325,
lightskyblue,116,325,
lightskyblue,118,150,
lightskyblue,118,150,
lightskyblue,118,172,
lightskyblue,118,172,
lightskyblue,118,194,
lightskyblue,118,194,
lightskyblue,118,216,
lightskyblue,118,216,
lightskyblue,118,238,
lightskyblue,118,238,
lightskyblue,118,260,
lightskyblue,118,260,
lightskyblue,118,282,
lightskyblue,118,282,
lightskyblue,118,304,
lightskyblue,118,304,
lightskyblue,118,326,
lightskyblue,118,326,
lightskyblue,120,151,
lightskyblue,120,151,
lightskyblue,120,173,
lightskyblue,120,173,
lightskyblue,120,195,
lightskyblue,120,195,
lightskyblue,120,217,
lightskyblue,120,217,
lightskyblue,120,239,
lightskyblue,120,239,
lightskyblue,120,261,
lightskyblue,120,261,
lightskyblue,120,283,
lightskyblue,120,283,
lightskyblue,120,305,
lightskyblue,120,305,
lightskyblue,120,327,
lightskyblue,120,327,
lightskyblue,122,152,
lightskyblue,122,152,
lightskyblue,122,174,
lightskyblue,122,174,
lightskyblue,122,196,
lightskyblue,122,196,
lightskyblue,122,218,
lightskyblue,122,218,
lightskyblue,122,240,
lightskyblue,122,240,
lightskyblue,122,262,
lightskyblue,122,262,
lightskyblue,122,284,
lightskyblue,122,284,
lightskyblue,122,306,
lightskyblue,122,306,
lightskyblue,122,328,
lightskyblue,122,328,
lightskyblue,124,153,
lightskyblue,124,153,
lightskyblue,124,175,
lightskyblue,124,175,
lightskyblue,124,197,
lightskyblue,124,197,
lightskyblue,124,219,
lightskyblue,124,219,
lightskyblue,124,241,
lightskyblue,124,241,
lightskyblue,124,263,
lightskyblue,124,263,
lightskyblue,124,285,
lightskyblue,124,285,
lightskyblue,124,307,
lightskyblue,124,307,
lightskyblue,124,329,
lightskyblue,124,329,
lightskyblue,128,154,
lightskyblue,128,154,
lightskyblue,128,176,
lightskyblue,128,176,
lightskyblue,128,198,
lightskyblue,128,198,
lightskyblue,128,220,
lightskyblue,128,220,
lightskyblue,128,242,
lightskyblue,128,242,
lightskyblue,128,264,
lightskyblue,128,264,
lightskyblue,128,286,
lightskyblue,128,286,
lightskyblue,128,308,
lightskyblue,128,308,
lightskyblue,128,330,
lightskyblue,128,330,
lightskyblue,136,155,
lightskyblue,136,155,
lightskyblue,136,177,
lightskyblue,136,177,
lightskyblue,136,199,
lightskyblue,136,199,
lightskyblue,136,221,
lightskyblue,136,221,
lightskyblue,136,243,
lightskyblue,136,243,
lightskyblue,136,265,
lightskyblue,136,265,
lightskyblue,136,287,
lightskyblue,136,287,
lightskyblue,136,309,
lightskyblue,136,309,
lightskyblue,136,331,
lightskyblue,136,331,
