green,
green,
green,
green,
green,
green,
green,
green,
green,
green,
green,
green,
green,
green,
green,
green,
green,
green,
green,
green,
green,
green,
green,
green,
green,
green,
green,
green,
green,
green,
green,
green,
green,
green,
green,
green,
green,
green,
green,
green,
green,
green,
green,
green,
green,
green,
green,
green,
gold,0,470,471,472,473,2171,2173,2175,2177,2179,2181,2183,2185,2187,2189,2191,2193,2291,2293,2295,2297,2299,2301,2303,2305,2307,2309,2311,2313,
gold,0,474,475,476,477,2195,2197,2199,2201,2203,2205,2207,2209,2211,2213,2215,2217,2315,2317,2319,2321,2323,2325,2327,2329,2331,2333,2335,2337,
gold,0,478,479,480,481,2219,2221,2223,2225,2227,2229,2231,2233,2235,2237,2239,2241,2339,2341,2343,2345,2347,2349,2351,2353,2355,2357,2359,2361,
gold,0,482,483,484,485,2243,2245,2247,2249,2251,2253,2255,2257,2259,2261,2263,2265,2363,2365,2367,2369,2371,2373,2375,2377,2379,2381,2383,2385,
gold,0,486,487,488,489,2267,2269,2271,2273,2275,2277,2279,2281,2283,2285,2287,2289,2387,2389,2391,2393,2395,2397,2399,2401,2403,2405,2407,2409,
gold,1,450,451,452,453,2170,2172,2174,2176,2178,2180,2182,2184,2186,2188,2190,2192,2290,2292,2294,2296,2298,2300,2302,2304,2306,2308,2310,2312,
gold,1,454,455,456,457,2194,2196,2198,2200,2202,2204,2206,2208,2210,2212,2214,2216,2314,2316,2318,2320,2322,2324,2326,2328,2330,2332,2334,2336,
gold,1,458,459,460,461,2218,2220,2222,2224,2226,2228,2230,2232,2234,2236,2238,2240,2338,2340,2342,2344,2346,2348,2350,2352,2354,2356,2358,2360,
gold,1,462,463,464,465,2242,2244,2246,2248,2250,2252,2254,2256,2258,2260,2262,2264,2362,2364,2366,2368,2370,2372,2374,2376,2378,2380,2382,2384,
gold,1,466,467,468,469,2266,2268,2270,2272,2274,2276,2278,2280,2282,2284,2286,2288,2386,2388,2390,2392,2394,2396,2398,2400,2402,2404,2406,2408,
gold,2,501,513,525,537,549,561,573,585,597,609,621,633,
gold,2,
gold,3,645,657,669,681,693,705,717,729,741,753,765,777,
gold,3,
gold,4,789,801,813,825,837,849,861,873,885,897,909,921,
gold,4,
gold,5,933,945,957,969,981,993,1005,1017,1029,1041,1053,1065,
gold,5,
gold,6,1077,1089,1101,1113,1125,1137,1149,1161,1173,1185,1197,1209,
gold,6,
gold,7,2290,2314,2338,2362,2386,
gold,7,2291,2315,2339,2363,2387,
gold,7,490,491,492,493,494,495,496,497,498,499,500,501,2170,2171,
gold,7,634,635,636,637,638,639,640,641,642,643,644,645,2194,2195,
gold,7,778,779,780,781,782,783,784,785,786,787,788,789,2218,2219,
gold,7,922,923,924,925,926,927,928,929,930,931,932,933,2242,2243,
gold,7,1066,1067,1068,1069,1070,1071,1072,1073,1074,1075,1076,1077,2266,2267,
gold,7,1210,1402,1594,1786,1978,
gold,7,1211,1403,1595,1787,1979,
gold,7,1212,1404,1596,1788,1980,
gold,7,1213,1405,1597,1789,1981,
gold,7,1214,1406,1598,1790,1982,
gold,7,1215,1407,1599,1791,1983,
gold,7,1216,1408,1600,1792,1984,
gold,7,1217,1409,1601,1793,1985,
gold,7,1218,1410,1602,1794,1986,
gold,7,1219,1411,1603,1795,1987,
gold,7,1220,1412,1604,1796,1988,
gold,7,1221,1413,1605,1797,1989,
gold,7,1222,1414,1606,1798,1990,
gold,7,1223,1415,1607,1799,1991,
gold,7,1224,1416,1608,1800,1992,
gold,7,1225,1417,1609,1801,1993,
gold,8,502,514,526,538,550,562,574,586,598,610,622,1210,1211,1212,1213,1214,1215,1216,1217,1218,1219,1220,1221,1222,1223,1224,1225,
gold,8,646,658,670,682,694,706,718,730,742,754,766,1402,1403,1404,1405,1406,1407,1408,1409,1410,1411,1412,1413,1414,1415,1416,1417,
gold,8,790,802,814,826,838,850,862,874,886,898,910,1594,1595,1596,1597,1598,1599,1600,1601,1602,1603,1604,1605,1606,1607,1608,1609,
gold,8,934,946,958,970,982,994,1006,1018,1030,1042,1054,1786,1787,1788,1789,1790,1791,1792,1793,1794,1795,1796,1797,1798,1799,1800,1801,
gold,8,1078,1090,1102,1114,1126,1138,1150,1162,1174,1186,1198,1978,1979,1980,1981,1982,1983,1984,1985,1986,1987,1988,1989,1990,1991,1992,1993,
gold,8,
gold,9,2292,2316,2340,2364,2388,
gold,9,2293,2317,2341,2365,2389,
gold,9,502,503,504,505,506,507,508,509,510,511,512,513,2172,2173,
gold,9,646,647,648,649,650,651,652,653,654,655,656,657,2196,2197,
gold,9,790,791,792,793,794,795,796,797,798,799,800,801,2220,2221,
gold,9,934,935,936,937,938,939,940,941,942,943,944,945,2244,2245,
gold,9,1078,1079,1080,1081,1082,1083,1084,1085,1086,1087,1088,1089,2268,2269,
gold,9,1226,1418,1610,1802,1994,
gold,9,1227,1419,1611,1803,1995,
gold,9,1228,1420,1612,1804,1996,
gold,9,1229,1421,1613,1805,1997,
gold,9,1230,1422,1614,1806,1998,
gold,9,1231,1423,1615,1807,1999,
gold,9,1232,1424,1616,1808,2000,
gold,9,1233,1425,1617,1809,2001,
gold,9,1234,1426,1618,1810,2002,
gold,9,1235,1427,1619,1811,2003,
gold,9,1236,1428,1620,1812,2004,
gold,9,1237,1429,1621,1813,2005,
gold,9,1238,1430,1622,1814,2006,
gold,9,1239,1431,1623,1815,2007,
gold,9,1240,1432,1624,1816,2008,
gold,9,1241,1433,1625,1817,2009,
gold,10,490,515,527,539,551,563,575,587,599,611,623,1226,1227,1228,1229,1230,1231,1232,1233,1234,1235,1236,1237,1238,1239,1240,1241,
gold,10,634,659,671,683,695,707,719,731,743,755,767,1418,1419,1420,1421,1422,1423,1424,1425,1426,1427,1428,1429,1430,1431,1432,1433,
gold,10,778,803,815,827,839,851,863,875,887,899,911,1610,1611,1612,1613,1614,1615,1616,1617,1618,1619,1620,1621,1622,1623,1624,1625,
gold,10,922,947,959,971,983,995,1007,1019,1031,1043,1055,1802,1803,1804,1805,1806,1807,1808,1809,1810,1811,1812,1813,1814,1815,1816,1817,
gold,10,1066,1091,1103,1115,1127,1139,1151,1163,1175,1187,1199,1994,1995,1996,1997,1998,1999,2000,2001,2002,2003,2004,2005,2006,2007,2008,2009,
gold,10,
gold,11,491,503,528,540,552,564,576,588,600,612,624,1242,1243,1244,1245,1246,1247,1248,1249,1250,1251,1252,1253,1254,1255,1256,1257,
gold,11,635,647,672,684,696,708,720,732,744,756,768,1434,1435,1436,1437,1438,1439,1440,1441,1442,1443,1444,1445,1446,1447,1448,1449,
gold,11,779,791,816,828,840,852,864,876,888,900,912,1626,1627,1628,1629,1630,1631,1632,1633,1634,1635,1636,1637,1638,1639,1640,1641,
gold,11,923,935,960,972,984,996,1008,1020,1032,1044,1056,1818,1819,1820,1821,1822,1823,1824,1825,1826,1827,1828,1829,1830,1831,1832,1833,
gold,11,1067,1079,1104,1116,1128,1140,1152,1164,1176,1188,1200,2010,2011,2012,2013,2014,2015,2016,2017,2018,2019,2020,2021,2022,2023,2024,2025,
gold,11,
gold,12,492,504,516,541,553,565,577,589,601,613,625,1258,1259,1260,1261,1262,1263,1264,1265,1266,1267,1268,1269,1270,1271,1272,1273,
gold,12,636,648,660,685,697,709,721,733,745,757,769,1450,1451,1452,1453,1454,1455,1456,1457,1458,1459,1460,1461,1462,1463,1464,1465,
gold,12,780,792,804,829,841,853,865,877,889,901,913,1642,1643,1644,1645,1646,1647,1648,1649,1650,1651,1652,1653,1654,1655,1656,1657,
gold,12,924,936,948,973,985,997,1009,1021,1033,1045,1057,1834,1835,1836,1837,1838,1839,1840,1841,1842,1843,1844,1845,1846,1847,1848,1849,
gold,12,1068,1080,1092,1117,1129,1141,1153,1165,1177,1189,1201,2026,2027,2028,2029,2030,2031,2032,2033,2034,2035,2036,2037,2038,2039,2040,2041,
gold,12,
gold,13,493,505,517,529,554,566,578,590,602,614,626,1274,1275,1276,1277,1278,1279,1280,1281,1282,1283,1284,1285,1286,1287,1288,1289,
gold,13,637,649,661,673,698,710,722,734,746,758,770,1466,1467,1468,1469,1470,1471,1472,1473,1474,1475,1476,1477,1478,1479,1480,1481,
gold,13,781,793,805,817,842,854,866,878,890,902,914,1658,1659,1660,1661,1662,1663,1664,1665,1666,1667,1668,1669,1670,1671,1672,1673,
gold,13,925,937,949,961,986,998,1010,1022,1034,1046,1058,1850,1851,1852,1853,1854,1855,1856,1857,1858,1859,1860,1861,1862,1863,1864,1865,
gold,13,1069,1081,1093,1105,1130,1142,1154,1166,1178,1190,1202,2042,2043,2044,2045,2046,2047,2048,2049,2050,2051,2052,2053,2054,2055,2056,2057,
gold,13,
gold,14,494,506,518,530,542,567,579,591,603,615,627,1290,1291,1292,1293,1294,1295,1296,1297,1298,1299,1300,1301,1302,1303,1304,1305,
gold,14,638,650,662,674,686,711,723,735,747,759,771,1482,1483,1484,1485,1486,1487,1488,1489,1490,1491,1492,1493,1494,1495,1496,1497,
gold,14,782,794,806,818,830,855,867,879,891,903,915,1674,1675,1676,1677,1678,1679,1680,1681,1682,1683,1684,1685,1686,1687,1688,1689,
gold,14,926,938,950,962,974,999,1011,1023,1035,1047,1059,1866,1867,1868,1869,1870,1871,1872,1873,1874,1875,1876,1877,1878,1879,1880,1881,
gold,14,1070,1082,1094,1106,1118,1143,1155,1167,1179,1191,1203,2058,2059,2060,2061,2062,2063,2064,2065,2066,2067,2068,2069,2070,2071,2072,2073,
gold,14,
gold,15,495,507,519,531,543,555,580,592,604,616,628,1306,1307,1308,1309,1310,1311,1312,1313,1314,1315,1316,1317,1318,1319,1320,1321,
gold,15,639,651,663,675,687,699,724,736,748,760,772,1498,1499,1500,1501,1502,1503,1504,1505,1506,1507,1508,1509,1510,1511,1512,1513,
gold,15,783,795,807,819,831,843,868,880,892,904,916,1690,1691,1692,1693,1694,1695,1696,1697,1698,1699,1700,1701,1702,1703,1704,1705,
gold,15,927,939,951,963,975,987,1012,1024,1036,1048,1060,1882,1883,1884,1885,1886,1887,1888,1889,1890,1891,1892,1893,1894,1895,1896,1897,
gold,15,1071,1083,1095,1107,1119,1131,1156,1168,1180,1192,1204,2074,2075,2076,2077,2078,2079,2080,2081,2082,2083,2084,2085,2086,2087,2088,2089,
gold,15,
gold,16,496,508,520,532,544,556,568,593,605,617,629,1322,1323,1324,1325,1326,1327,1328,1329,1330,1331,1332,1333,1334,1335,1336,1337,
gold,16,640,652,664,676,688,700,712,737,749,761,773,1514,1515,1516,1517,1518,1519,1520,1521,1522,1523,1524,1525,1526,1527,1528,1529,
gold,16,784,796,808,820,832,844,856,881,893,905,917,1706,1707,1708,1709,1710,1711,1712,1713,1714,1715,1716,1717,1718,1719,1720,1721,
gold,16,928,940,952,964,976,988,1000,1025,1037,1049,1061,1898,1899,1900,1901,1902,1903,1904,1905,1906,1907,1908,1909,1910,1911,1912,1913,
gold,16,1072,1084,1096,1108,1120,1132,1144,1169,1181,1193,1205,2090,2091,2092,2093,2094,2095,2096,2097,2098,2099,2100,2101,2102,2103,2104,2105,
gold,16,
gold,17,497,509,521,533,545,557,569,581,606,618,630,1338,1339,1340,1341,1342,1343,1344,1345,1346,1347,1348,1349,1350,1351,1352,1353,
gold,17,641,653,665,677,689,701,713,725,750,762,774,1530,1531,1532,1533,1534,1535,1536,1537,1538,1539,1540,1541,1542,1543,1544,1545,
gold,17,785,797,809,821,833,845,857,869,894,906,918,1722,1723,1724,1725,1726,1727,1728,1729,1730,1731,1732,1733,1734,1735,1736,1737,
gold,17,929,941,953,965,977,989,1001,1013,1038,1050,1062,1914,1915,1916,1917,1918,1919,1920,1921,1922,1923,1924,1925,1926,1927,1928,1929,
gold,17,1073,1085,1097,1109,1121,1133,1145,1157,1182,1194,1206,2106,2107,2108,2109,2110,2111,2112,2113,2114,2115,2116,2117,2118,2119,2120,2121,
gold,17,
gold,18,498,510,522,534,546,558,570,582,594,619,631,1354,1355,1356,1357,1358,1359,1360,1361,1362,1363,1364,1365,1366,1367,1368,1369,
gold,18,642,654,666,678,690,702,714,726,738,763,775,1546,1547,1548,1549,1550,1551,1552,1553,1554,1555,1556,1557,1558,1559,1560,1561,
gold,18,786,798,810,822,834,846,858,870,882,907,919,1738,1739,1740,1741,1742,1743,1744,1745,1746,1747,1748,1749,1750,1751,1752,1753,
gold,18,930,942,954,966,978,990,1002,1014,1026,1051,1063,1930,1931,1932,1933,1934,1935,1936,1937,1938,1939,1940,1941,1942,1943,1944,1945,
gold,18,1074,1086,1098,1110,1122,1134,1146,1158,1170,1195,1207,2122,2123,2124,2125,2126,2127,2128,2129,2130,2131,2132,2133,2134,2135,2136,2137,
gold,18,
gold,19,499,511,523,535,547,559,571,583,595,607,632,1370,1371,1372,1373,1374,1375,1376,1377,1378,1379,1380,1381,1382,1383,1384,1385,
gold,19,643,655,667,679,691,703,715,727,739,751,776,1562,1563,1564,1565,1566,1567,1568,1569,1570,1571,1572,1573,1574,1575,1576,1577,
gold,19,787,799,811,823,835,847,859,871,883,895,920,1754,1755,1756,1757,1758,1759,1760,1761,1762,1763,1764,1765,1766,1767,1768,1769,
gold,19,931,943,955,967,979,991,1003,1015,1027,1039,1064,1946,1947,1948,1949,1950,1951,1952,1953,1954,1955,1956,1957,1958,1959,1960,1961,
gold,19,1075,1087,1099,1111,1123,1135,1147,1159,1171,1183,1208,2138,2139,2140,2141,2142,2143,2144,2145,2146,2147,2148,2149,2150,2151,2152,2153,
gold,19,
gold,20,500,512,524,536,548,560,572,584,596,608,620,1386,1387,1388,1389,1390,1391,1392,1393,1394,1395,1396,1397,1398,1399,1400,1401,
gold,20,644,656,668,680,692,704,716,728,740,752,764,1578,1579,1580,1581,1582,1583,1584,1585,1586,1587,1588,1589,1590,1591,1592,1593,
gold,20,788,800,812,824,836,848,860,872,884,896,908,1770,1771,1772,1773,1774,1775,1776,1777,1778,1779,1780,1781,1782,1783,1784,1785,
gold,20,932,944,956,968,980,992,1004,1016,1028,1040,1052,1962,1963,1964,1965,1966,1967,1968,1969,1970,1971,1972,1973,1974,1975,1976,1977,
gold,20,1076,1088,1100,1112,1124,1136,1148,1160,1172,1184,1196,2154,2155,2156,2157,2158,2159,2160,2161,2162,2163,2164,2165,2166,2167,2168,2169,
gold,20,
gold,21,502,514,526,538,550,562,574,586,598,610,622,646,658,670,682,694,706,718,730,742,754,766,790,802,814,826,838,850,862,874,886,898,910,934,946,958,970,982,994,1006,1018,1030,1042,1054,1078,1090,1102,1114,1126,1138,1150,1162,1174,1186,1198,1210,1211,1212,1213,1214,1215,1216,1217,1218,1219,1220,1221,1222,1223,1224,1225,1402,1403,1404,1405,1406,1407,1408,1409,1410,1411,1412,1413,1414,1415,1416,1417,1594,1595,1596,1597,1598,1599,1600,1601,1602,1603,1604,1605,1606,1607,1608,1609,1786,1787,1788,1789,1790,1791,1792,1793,1794,1795,1796,1797,1798,1799,1800,1801,1978,1979,1980,1981,1982,1983,1984,1985,1986,1987,1988,1989,1990,1991,1992,1993,
gold,21,
gold,22,490,515,527,539,551,563,575,587,599,611,623,634,659,671,683,695,707,719,731,743,755,767,778,803,815,827,839,851,863,875,887,899,911,922,947,959,971,983,995,1007,1019,1031,1043,1055,1066,1091,1103,1115,1127,1139,1151,1163,1175,1187,1199,1226,1227,1228,1229,1230,1231,1232,1233,1234,1235,1236,1237,1238,1239,1240,1241,1418,1419,1420,1421,1422,1423,1424,1425,1426,1427,1428,1429,1430,1431,1432,1433,1610,1611,1612,1613,1614,1615,1616,1617,1618,1619,1620,1621,1622,1623,1624,1625,1802,1803,1804,1805,1806,1807,1808,1809,1810,1811,1812,1813,1814,1815,1816,1817,1994,1995,1996,1997,1998,1999,2000,2001,2002,2003,2004,2005,2006,2007,2008,2009,
gold,22,
gold,23,491,503,528,540,552,564,576,588,600,612,624,635,647,672,684,696,708,720,732,744,756,768,779,791,816,828,840,852,864,876,888,900,912,923,935,960,972,984,996,1008,1020,1032,1044,1056,1067,1079,1104,1116,1128,1140,1152,1164,1176,1188,1200,1242,1243,1244,1245,1246,1247,1248,1249,1250,1251,1252,1253,1254,1255,1256,1257,1434,1435,1436,1437,1438,1439,1440,1441,1442,1443,1444,1445,1446,1447,1448,1449,1626,1627,1628,1629,1630,1631,1632,1633,1634,1635,1636,1637,1638,1639,1640,1641,1818,1819,1820,1821,1822,1823,1824,1825,1826,1827,1828,1829,1830,1831,1832,1833,2010,2011,2012,2013,2014,2015,2016,2017,2018,2019,2020,2021,2022,2023,2024,2025,
gold,23,
gold,24,492,504,516,541,553,565,577,589,601,613,625,636,648,660,685,697,709,721,733,745,757,769,780,792,804,829,841,853,865,877,889,901,913,924,936,948,973,985,997,1009,1021,1033,1045,1057,1068,1080,1092,1117,1129,1141,1153,1165,1177,1189,1201,1258,1259,1260,1261,1262,1263,1264,1265,1266,1267,1268,1269,1270,1271,1272,1273,1450,1451,1452,1453,1454,1455,1456,1457,1458,1459,1460,1461,1462,1463,1464,1465,1642,1643,1644,1645,1646,1647,1648,1649,1650,1651,1652,1653,1654,1655,1656,1657,1834,1835,1836,1837,1838,1839,1840,1841,1842,1843,1844,1845,1846,1847,1848,1849,2026,2027,2028,2029,2030,2031,2032,2033,2034,2035,2036,2037,2038,2039,2040,2041,
gold,24,
gold,25,493,505,517,529,554,566,578,590,602,614,626,637,649,661,673,698,710,722,734,746,758,770,781,793,805,817,842,854,866,878,890,902,914,925,937,949,961,986,998,1010,1022,1034,1046,1058,1069,1081,1093,1105,1130,1142,1154,1166,1178,1190,1202,1274,1275,1276,1277,1278,1279,1280,1281,1282,1283,1284,1285,1286,1287,1288,1289,1466,1467,1468,1469,1470,1471,1472,1473,1474,1475,1476,1477,1478,1479,1480,1481,1658,1659,1660,1661,1662,1663,1664,1665,1666,1667,1668,1669,1670,1671,1672,1673,1850,1851,1852,1853,1854,1855,1856,1857,1858,1859,1860,1861,1862,1863,1864,1865,2042,2043,2044,2045,2046,2047,2048,2049,2050,2051,2052,2053,2054,2055,2056,2057,
gold,25,
gold,26,494,506,518,530,542,567,579,591,603,615,627,638,650,662,674,686,711,723,735,747,759,771,782,794,806,818,830,855,867,879,891,903,915,926,938,950,962,974,999,1011,1023,1035,1047,1059,1070,1082,1094,1106,1118,1143,1155,1167,1179,1191,1203,1290,1291,1292,1293,1294,1295,1296,1297,1298,1299,1300,1301,1302,1303,1304,1305,1482,1483,1484,1485,1486,1487,1488,1489,1490,1491,1492,1493,1494,1495,1496,1497,1674,1675,1676,1677,1678,1679,1680,1681,1682,1683,1684,1685,1686,1687,1688,1689,1866,1867,1868,1869,1870,1871,1872,1873,1874,1875,1876,1877,1878,1879,1880,1881,2058,2059,2060,2061,2062,2063,2064,2065,2066,2067,2068,2069,2070,2071,2072,2073,
gold,26,
gold,27,495,507,519,531,543,555,580,592,604,616,628,639,651,663,675,687,699,724,736,748,760,772,783,795,807,819,831,843,868,880,892,904,916,927,939,951,963,975,987,1012,1024,1036,1048,1060,1071,1083,1095,1107,1119,1131,1156,1168,1180,1192,1204,1306,1307,1308,1309,1310,1311,1312,1313,1314,1315,1316,1317,1318,1319,1320,1321,1498,1499,1500,1501,1502,1503,1504,1505,1506,1507,1508,1509,1510,1511,1512,1513,1690,1691,1692,1693,1694,1695,1696,1697,1698,1699,1700,1701,1702,1703,1704,1705,1882,1883,1884,1885,1886,1887,1888,1889,1890,1891,1892,1893,1894,1895,1896,1897,2074,2075,2076,2077,2078,2079,2080,2081,2082,2083,2084,2085,2086,2087,2088,2089,
gold,27,
gold,28,496,508,520,532,544,556,568,593,605,617,629,640,652,664,676,688,700,712,737,749,761,773,784,796,808,820,832,844,856,881,893,905,917,928,940,952,964,976,988,1000,1025,1037,1049,1061,1072,1084,1096,1108,1120,1132,1144,1169,1181,1193,1205,1322,1323,1324,1325,1326,1327,1328,1329,1330,1331,1332,1333,1334,1335,1336,1337,1514,1515,1516,1517,1518,1519,1520,1521,1522,1523,1524,1525,1526,1527,1528,1529,1706,1707,1708,1709,1710,1711,1712,1713,1714,1715,1716,1717,1718,1719,1720,1721,1898,1899,1900,1901,1902,1903,1904,1905,1906,1907,1908,1909,1910,1911,1912,1913,2090,2091,2092,2093,2094,2095,2096,2097,2098,2099,2100,2101,2102,2103,2104,2105,
gold,28,
gold,29,497,509,521,533,545,557,569,581,606,618,630,641,653,665,677,689,701,713,725,750,762,774,785,797,809,821,833,845,857,869,894,906,918,929,941,953,965,977,989,1001,1013,1038,1050,1062,1073,1085,1097,1109,1121,1133,1145,1157,1182,1194,1206,1338,1339,1340,1341,1342,1343,1344,1345,1346,1347,1348,1349,1350,1351,1352,1353,1530,1531,1532,1533,1534,1535,1536,1537,1538,1539,1540,1541,1542,1543,1544,1545,1722,1723,1724,1725,1726,1727,1728,1729,1730,1731,1732,1733,1734,1735,1736,1737,1914,1915,1916,1917,1918,1919,1920,1921,1922,1923,1924,1925,1926,1927,1928,1929,2106,2107,2108,2109,2110,2111,2112,2113,2114,2115,2116,2117,2118,2119,2120,2121,
gold,29,
gold,30,498,510,522,534,546,558,570,582,594,619,631,642,654,666,678,690,702,714,726,738,763,775,786,798,810,822,834,846,858,870,882,907,919,930,942,954,966,978,990,1002,1014,1026,1051,1063,1074,1086,1098,1110,1122,1134,1146,1158,1170,1195,1207,1354,1355,1356,1357,1358,1359,1360,1361,1362,1363,1364,1365,1366,1367,1368,1369,1546,1547,1548,1549,1550,1551,1552,1553,1554,1555,1556,1557,1558,1559,1560,1561,1738,1739,1740,1741,1742,1743,1744,1745,1746,1747,1748,1749,1750,1751,1752,1753,1930,1931,1932,1933,1934,1935,1936,1937,1938,1939,1940,1941,1942,1943,1944,1945,2122,2123,2124,2125,2126,2127,2128,2129,2130,2131,2132,2133,2134,2135,2136,2137,
gold,30,
gold,31,1210,1211,1212,1213,1214,1215,1216,1217,1218,1219,1220,1221,1222,1223,1224,1225,1226,1227,1228,1229,1230,1231,1232,1233,1234,1235,1236,1237,1238,1239,1240,1241,1242,1243,1244,1245,1246,1247,1248,1249,1250,1251,1252,1253,1254,1255,1256,1257,1258,1259,1260,1261,1262,1263,1264,1265,1266,1267,1268,1269,1270,1271,1272,1273,1274,1275,1276,1277,1278,1279,1280,1281,1282,1283,1284,1285,1286,1287,1288,1289,1290,1291,1292,1293,1294,1295,1296,1297,1298,1299,1300,1301,1302,1303,1304,1305,1306,1307,1308,1309,1310,1311,1312,1313,1314,1315,1316,1317,1318,1319,1320,1321,1322,1323,1324,1325,1326,1327,1328,1329,1330,1331,1332,1333,1334,1335,1336,1337,1338,1339,1340,1341,1342,1343,1344,1345,1346,1347,1348,1349,1350,1351,1352,1353,1354,1355,1356,1357,1358,1359,1360,1361,1362,1363,1364,1365,1366,1367,1368,1369,1370,1371,1372,1373,1374,1375,1376,1377,1378,1379,1380,1381,1382,1383,1384,1385,1386,1387,1388,1389,1390,1391,1392,1393,1394,1395,1396,1397,1398,1399,1400,1401,2290,2291,2292,2293,2294,2295,2296,2297,2298,2299,2300,2301,2302,2303,2304,2305,2306,2307,2308,2309,2310,2311,2312,2313,
gold,31,
gold,32,499,511,523,535,547,559,571,583,595,607,632,643,655,667,679,691,703,715,727,739,751,776,787,799,811,823,835,847,859,871,883,895,920,931,943,955,967,979,991,1003,1015,1027,1039,1064,1075,1087,1099,1111,1123,1135,1147,1159,1171,1183,1208,1370,1371,1372,1373,1374,1375,1376,1377,1378,1379,1380,1381,1382,1383,1384,1385,1562,1563,1564,1565,1566,1567,1568,1569,1570,1571,1572,1573,1574,1575,1576,1577,1754,1755,1756,1757,1758,1759,1760,1761,1762,1763,1764,1765,1766,1767,1768,1769,1946,1947,1948,1949,1950,1951,1952,1953,1954,1955,1956,1957,1958,1959,1960,1961,2138,2139,2140,2141,2142,2143,2144,2145,2146,2147,2148,2149,2150,2151,2152,2153,
gold,32,
gold,33,500,512,524,536,548,560,572,584,596,608,620,644,656,668,680,692,704,716,728,740,752,764,788,800,812,824,836,848,860,872,884,896,908,932,944,956,968,980,992,1004,1016,1028,1040,1052,1076,1088,1100,1112,1124,1136,1148,1160,1172,1184,1196,1386,1387,1388,1389,1390,1391,1392,1393,1394,1395,1396,1397,1398,1399,1400,1401,1578,1579,1580,1581,1582,1583,1584,1585,1586,1587,1588,1589,1590,1591,1592,1593,1770,1771,1772,1773,1774,1775,1776,1777,1778,1779,1780,1781,1782,1783,1784,1785,1962,1963,1964,1965,1966,1967,1968,1969,1970,1971,1972,1973,1974,1975,1976,1977,2154,2155,2156,2157,2158,2159,2160,2161,2162,2163,2164,2165,2166,2167,2168,2169,
gold,33,
gold,34,1402,1403,1404,1405,1406,1407,1408,1409,1410,1411,1412,1413,1414,1415,1416,1417,1418,1419,1420,1421,1422,1423,1424,1425,1426,1427,1428,1429,1430,1431,1432,1433,1434,1435,1436,1437,1438,1439,1440,1441,1442,1443,1444,1445,1446,1447,1448,1449,1450,1451,1452,1453,1454,1455,1456,1457,1458,1459,1460,1461,1462,1463,1464,1465,1466,1467,1468,1469,1470,1471,1472,1473,1474,1475,1476,1477,1478,1479,1480,1481,1482,1483,1484,1485,1486,1487,1488,1489,1490,1491,1492,1493,1494,1495,1496,1497,1498,1499,1500,1501,1502,1503,1504,1505,1506,1507,1508,1509,1510,1511,1512,1513,1514,1515,1516,1517,1518,1519,1520,1521,1522,1523,1524,1525,1526,1527,1528,1529,1530,1531,1532,1533,1534,1535,1536,1537,1538,1539,1540,1541,1542,1543,1544,1545,1546,1547,1548,1549,1550,1551,1552,1553,1554,1555,1556,1557,1558,1559,1560,1561,1562,1563,1564,1565,1566,1567,1568,1569,1570,1571,1572,1573,1574,1575,1576,1577,1578,1579,1580,1581,1582,1583,1584,1585,1586,1587,1588,1589,1590,1591,1592,1593,2314,2315,2316,2317,2318,2319,2320,2321,2322,2323,2324,2325,2326,2327,2328,2329,2330,2331,2332,2333,2334,2335,2336,2337,
gold,34,
gold,35,1594,1595,1596,1597,1598,1599,1600,1601,1602,1603,1604,1605,1606,1607,1608,1609,1610,1611,1612,1613,1614,1615,1616,1617,1618,1619,1620,1621,1622,1623,1624,1625,1626,1627,1628,1629,1630,1631,1632,1633,1634,1635,1636,1637,1638,1639,1640,1641,1642,1643,1644,1645,1646,1647,1648,1649,1650,1651,1652,1653,1654,1655,1656,1657,1658,1659,1660,1661,1662,1663,1664,1665,1666,1667,1668,1669,1670,1671,1672,1673,1674,1675,1676,1677,1678,1679,1680,1681,1682,1683,1684,1685,1686,1687,1688,1689,1690,1691,1692,1693,1694,1695,1696,1697,1698,1699,1700,1701,1702,1703,1704,1705,1706,1707,1708,1709,1710,1711,1712,1713,1714,1715,1716,1717,1718,1719,1720,1721,1722,1723,1724,1725,1726,1727,1728,1729,1730,1731,1732,1733,1734,1735,1736,1737,1738,1739,1740,1741,1742,1743,1744,1745,1746,1747,1748,1749,1750,1751,1752,1753,1754,1755,1756,1757,1758,1759,1760,1761,1762,1763,1764,1765,1766,1767,1768,1769,1770,1771,1772,1773,1774,1775,1776,1777,1778,1779,1780,1781,1782,1783,1784,1785,2338,2339,2340,2341,2342,2343,2344,2345,2346,2347,2348,2349,2350,2351,2352,2353,2354,2355,2356,2357,2358,2359,2360,2361,
gold,35,
gold,36,1786,1787,1788,1789,1790,1791,1792,1793,1794,1795,1796,1797,1798,1799,1800,1801,1802,1803,1804,1805,1806,1807,1808,1809,1810,1811,1812,1813,1814,1815,1816,1817,1818,1819,1820,1821,1822,1823,1824,1825,1826,1827,1828,1829,1830,1831,1832,1833,1834,1835,1836,1837,1838,1839,1840,1841,1842,1843,1844,1845,1846,1847,1848,1849,1850,1851,1852,1853,1854,1855,1856,1857,1858,1859,1860,1861,1862,1863,1864,1865,1866,1867,1868,1869,1870,1871,1872,1873,1874,1875,1876,1877,1878,1879,1880,1881,1882,1883,1884,1885,1886,1887,1888,1889,1890,1891,1892,1893,1894,1895,1896,1897,1898,1899,1900,1901,1902,1903,1904,1905,1906,1907,1908,1909,1910,1911,1912,1913,1914,1915,1916,1917,1918,1919,1920,1921,1922,1923,1924,1925,1926,1927,1928,1929,1930,1931,1932,1933,1934,1935,1936,1937,1938,1939,1940,1941,1942,1943,1944,1945,1946,1947,1948,1949,1950,1951,1952,1953,1954,1955,1956,1957,1958,1959,1960,1961,1962,1963,1964,1965,1966,1967,1968,1969,1970,1971,1972,1973,1974,1975,1976,1977,2362,2363,2364,2365,2366,2367,2368,2369,2370,2371,2372,2373,2374,2375,2376,2377,2378,2379,2380,2381,2382,2383,2384,2385,
gold,36,
gold,37,1978,1979,1980,1981,1982,1983,1984,1985,1986,1987,1988,1989,1990,1991,1992,1993,1994,1995,1996,1997,1998,1999,2000,2001,2002,2003,2004,2005,2006,2007,2008,2009,2010,2011,2012,2013,2014,2015,2016,2017,2018,2019,2020,2021,2022,2023,2024,2025,2026,2027,2028,2029,2030,2031,2032,2033,2034,2035,2036,2037,2038,2039,2040,2041,2042,2043,2044,2045,2046,2047,2048,2049,2050,2051,2052,2053,2054,2055,2056,2057,2058,2059,2060,2061,2062,2063,2064,2065,2066,2067,2068,2069,2070,2071,2072,2073,2074,2075,2076,2077,2078,2079,2080,2081,2082,2083,2084,2085,2086,2087,2088,2089,2090,2091,2092,2093,2094,2095,2096,2097,2098,2099,2100,2101,2102,2103,2104,2105,2106,2107,2108,2109,2110,2111,2112,2113,2114,2115,2116,2117,2118,2119,2120,2121,2122,2123,2124,2125,2126,2127,2128,2129,2130,2131,2132,2133,2134,2135,2136,2137,2138,2139,2140,2141,2142,2143,2144,2145,2146,2147,2148,2149,2150,2151,2152,2153,2154,2155,2156,2157,2158,2159,2160,2161,2162,2163,2164,2165,2166,2167,2168,2169,2386,2387,2388,2389,2390,2391,2392,2393,2394,2395,2396,2397,2398,2399,2400,2401,2402,2403,2404,2405,2406,2407,2408,2409,
gold,37,
gold,38,2294,2318,2342,2366,2390,
gold,38,2295,2319,2343,2367,2391,
gold,38,514,515,516,517,518,519,520,521,522,523,524,525,2174,2175,
gold,38,658,659,660,661,662,663,664,665,666,667,668,669,2198,2199,
gold,38,802,803,804,805,806,807,808,809,810,811,812,813,2222,2223,
gold,38,946,947,948,949,950,951,952,953,954,955,956,957,2246,2247,
gold,38,1090,1091,1092,1093,1094,1095,1096,1097,1098,1099,1100,1101,2270,2271,
gold,38,1242,1434,1626,1818,2010,
gold,38,1243,1435,1627,1819,2011,
gold,38,1244,1436,1628,1820,2012,
gold,38,1245,1437,1629,1821,2013,
gold,38,1246,1438,1630,1822,2014,
gold,38,1247,1439,1631,1823,2015,
red,38,1248,1440,1632,1824,2016,
gold,38,1249,1441,1633,1825,2017,
gold,38,1250,1442,1634,1826,2018,
gold,38,1251,1443,1635,1827,2019,
gold,38,1252,1444,1636,1828,2020,
gold,38,1253,1445,1637,1829,2021,
gold,38,1254,1446,1638,1830,2022,
gold,38,1255,1447,1639,1831,2023,
gold,38,1256,1448,1640,1832,2024,
gold,38,1257,1449,1641,1833,2025,
gold,39,2296,2320,2344,2368,2392,
gold,39,2297,2321,2345,2369,2393,
gold,39,526,527,528,529,530,531,532,533,534,535,536,537,2176,2177,
gold,39,670,671,672,673,674,675,676,677,678,679,680,681,2200,2201,
gold,39,814,815,816,817,818,819,820,821,822,823,824,825,2224,2225,
gold,39,958,959,960,961,962,963,964,965,966,967,968,969,2248,2249,
gold,39,1102,1103,1104,1105,1106,1107,1108,1109,1110,1111,1112,1113,2272,2273,
gold,39,1258,1450,1642,1834,2026,
gold,39,1259,1451,1643,1835,2027,
gold,39,1260,1452,1644,1836,2028,
gold,39,1261,1453,1645,1837,2029,
gold,39,1262,1454,1646,1838,2030,
gold,39,1263,1455,1647,1839,2031,
gold,39,1264,1456,1648,1840,2032,
gold,39,1265,1457,1649,1841,2033,
gold,39,1266,1458,1650,1842,2034,
gold,39,1267,1459,1651,1843,2035,
gold,39,1268,1460,1652,1844,2036,
gold,39,1269,1461,1653,1845,2037,
gold,39,1270,1462,1654,1846,2038,
gold,39,1271,1463,1655,1847,2039,
red,39,1272,1464,1656,1848,2040,
gold,39,1273,1465,1657,1849,2041,
gold,40,2298,2322,2346,2370,2394,
gold,40,2299,2323,2347,2371,2395,
gold,40,538,539,540,541,542,543,544,545,546,547,548,549,2178,2179,
gold,40,682,683,684,685,686,687,688,689,690,691,692,693,2202,2203,
gold,40,826,827,828,829,830,831,832,833,834,835,836,837,2226,2227,
gold,40,970,971,972,973,974,975,976,977,978,979,980,981,2250,2251,
gold,40,1114,1115,1116,1117,1118,1119,1120,1121,1122,1123,1124,1125,2274,2275,
gold,40,1274,1466,1658,1850,2042,
gold,40,1275,1467,1659,1851,2043,
red,40,1276,1468,1660,1852,2044,
gold,40,1277,1469,1661,1853,2045,
gold,40,1278,1470,1662,1854,2046,
gold,40,1279,1471,1663,1855,2047,
gold,40,1280,1472,1664,1856,2048,
gold,40,1281,1473,1665,1857,2049,
gold,40,1282,1474,1666,1858,2050,
gold,40,1283,1475,1667,1859,2051,
gold,40,1284,1476,1668,1860,2052,
gold,40,1285,1477,1669,1861,2053,
gold,40,1286,1478,1670,1862,2054,
gold,40,1287,1479,1671,1863,2055,
gold,40,1288,1480,1672,1864,2056,
gold,40,1289,1481,1673,1865,2057,
gold,41,2300,2324,2348,2372,2396,
gold,41,2301,2325,2349,2373,2397,
gold,41,550,551,552,553,554,555,556,557,558,559,560,561,2180,2181,
gold,41,694,695,696,697,698,699,700,701,702,703,704,705,2204,2205,
gold,41,838,839,840,841,842,843,844,845,846,847,848,849,2228,2229,
gold,41,982,983,984,985,986,987,988,989,990,991,992,993,2252,2253,
gold,41,1126,1127,1128,1129,1130,1131,1132,1133,1134,1135,1136,1137,2276,2277,
gold,41,1290,1482,1674,1866,2058,
gold,41,1291,1483,1675,1867,2059,
gold,41,1292,1484,1676,1868,2060,
red,41,1293,1485,1677,1869,2061,
gold,41,1294,1486,1678,1870,2062,
gold,41,1295,1487,1679,1871,2063,
gold,41,1296,1488,1680,1872,2064,
gold,41,1297,1489,1681,1873,2065,
gold,41,1298,1490,1682,1874,2066,
gold,41,1299,1491,1683,1875,2067,
gold,41,1300,1492,1684,1876,2068,
gold,41,1301,1493,1685,1877,2069,
gold,41,1302,1494,1686,1878,2070,
gold,41,1303,1495,1687,1879,2071,
gold,41,1304,1496,1688,1880,2072,
gold,41,1305,1497,1689,1881,2073,
gold,42,2302,2326,2350,2374,2398,
gold,42,2303,2327,2351,2375,2399,
gold,42,562,563,564,565,566,567,568,569,570,571,572,573,2182,2183,
gold,42,706,707,708,709,710,711,712,713,714,715,716,717,2206,2207,
gold,42,850,851,852,853,854,855,856,857,858,859,860,861,2230,2231,
gold,42,994,995,996,997,998,999,1000,1001,1002,1003,1004,1005,2254,2255,
gold,42,1138,1139,1140,1141,1142,1143,1144,1145,1146,1147,1148,1149,2278,2279,
gold,42,1306,1498,1690,1882,2074,
gold,42,1307,1499,1691,1883,2075,
gold,42,1308,1500,1692,1884,2076,
gold,42,1309,1501,1693,1885,2077,
gold,42,1310,1502,1694,1886,2078,
red,42,1311,1503,1695,1887,2079,
gold,42,1312,1504,1696,1888,2080,
gold,42,1313,1505,1697,1889,2081,
gold,42,1314,1506,1698,1890,2082,
gold,42,1315,1507,1699,1891,2083,
gold,42,1316,1508,1700,1892,2084,
gold,42,1317,1509,1701,1893,2085,
gold,42,1318,1510,1702,1894,2086,
gold,42,1319,1511,1703,1895,2087,
gold,42,1320,1512,1704,1896,2088,
gold,42,1321,1513,1705,1897,2089,
gold,43,2304,2328,2352,2376,2400,
gold,43,2305,2329,2353,2377,2401,
gold,43,574,575,576,577,578,579,580,581,582,583,584,585,2184,2185,
gold,43,718,719,720,721,722,723,724,725,726,727,728,729,2208,2209,
gold,43,862,863,864,865,866,867,868,869,870,871,872,873,2232,2233,
gold,43,1006,1007,1008,1009,1010,1011,1012,1013,1014,1015,1016,1017,2256,2257,
gold,43,1150,1151,1152,1153,1154,1155,1156,1157,1158,1159,1160,1161,2280,2281,
gold,43,1322,1514,1706,1898,2090,
gold,43,1323,1515,1707,1899,2091,
gold,43,1324,1516,1708,1900,2092,
gold,43,1325,1517,1709,1901,2093,
gold,43,1326,1518,1710,1902,2094,
gold,43,1327,1519,1711,1903,2095,
gold,43,1328,1520,1712,1904,2096,
gold,43,1329,1521,1713,1905,2097,
gold,43,1330,1522,1714,1906,2098,
gold,43,1331,1523,1715,1907,2099,
gold,43,1332,1524,1716,1908,2100,
gold,43,1333,1525,1717,1909,2101,
gold,43,1334,1526,1718,1910,2102,
gold,43,1335,1527,1719,1911,2103,
gold,43,1336,1528,1720,1912,2104,
red,43,1337,1529,1721,1913,2105,
gold,44,2306,2330,2354,2378,2402,
gold,44,2307,2331,2355,2379,2403,
gold,44,586,587,588,589,590,591,592,593,594,595,596,597,2186,2187,
gold,44,730,731,732,733,734,735,736,737,738,739,740,741,2210,2211,
gold,44,874,875,876,877,878,879,880,881,882,883,884,885,2234,2235,
gold,44,1018,1019,1020,1021,1022,1023,1024,1025,1026,1027,1028,1029,2258,2259,
gold,44,1162,1163,1164,1165,1166,1167,1168,1169,1170,1171,1172,1173,2282,2283,
gold,44,1338,1530,1722,1914,2106,
gold,44,1339,1531,1723,1915,2107,
gold,44,1340,1532,1724,1916,2108,
gold,44,1341,1533,1725,1917,2109,
gold,44,1342,1534,1726,1918,2110,
gold,44,1343,1535,1727,1919,2111,
gold,44,1344,1536,1728,1920,2112,
gold,44,1345,1537,1729,1921,2113,
gold,44,1346,1538,1730,1922,2114,
gold,44,1347,1539,1731,1923,2115,
gold,44,1348,1540,1732,1924,2116,
red,44,1349,1541,1733,1925,2117,
gold,44,1350,1542,1734,1926,2118,
gold,44,1351,1543,1735,1927,2119,
gold,44,1352,1544,1736,1928,2120,
gold,44,1353,1545,1737,1929,2121,
gold,45,2308,2332,2356,2380,2404,
gold,45,2309,2333,2357,2381,2405,
gold,45,598,599,600,601,602,603,604,605,606,607,608,609,2188,2189,
gold,45,742,743,744,745,746,747,748,749,750,751,752,753,2212,2213,
gold,45,886,887,888,889,890,891,892,893,894,895,896,897,2236,2237,
gold,45,1030,1031,1032,1033,1034,1035,1036,1037,1038,1039,1040,1041,2260,2261,
gold,45,1174,1175,1176,1177,1178,1179,1180,1181,1182,1183,1184,1185,2284,2285,
gold,45,1354,1546,1738,1930,2122,
gold,45,1355,1547,1739,1931,2123,
gold,45,1356,1548,1740,1932,2124,
gold,45,1357,1549,1741,1933,2125,
gold,45,1358,1550,1742,1934,2126,
gold,45,1359,1551,1743,1935,2127,
gold,45,1360,1552,1744,1936,2128,
gold,45,1361,1553,1745,1937,2129,
gold,45,1362,1554,1746,1938,2130,
gold,45,1363,1555,1747,1939,2131,
gold,45,1364,1556,1748,1940,2132,
gold,45,1365,1557,1749,1941,2133,
red,45,1366,1558,1750,1942,2134,
gold,45,1367,1559,1751,1943,2135,
gold,45,1368,1560,1752,1944,2136,
gold,45,1369,1561,1753,1945,2137,
gold,46,2310,2334,2358,2382,2406,
gold,46,2311,2335,2359,2383,2407,
gold,46,610,611,612,613,614,615,616,617,618,619,620,621,2190,2191,
gold,46,754,755,756,757,758,759,760,761,762,763,764,765,2214,2215,
gold,46,898,899,900,901,902,903,904,905,906,907,908,909,2238,2239,
gold,46,1042,1043,1044,1045,1046,1047,1048,1049,1050,1051,1052,1053,2262,2263,
gold,46,1186,1187,1188,1189,1190,1191,1192,1193,1194,1195,1196,1197,2286,2287,
gold,46,1370,1562,1754,1946,2138,
gold,46,1371,1563,1755,1947,2139,
gold,46,1372,1564,1756,1948,2140,
gold,46,1373,1565,1757,1949,2141,
gold,46,1374,1566,1758,1950,2142,
gold,46,1375,1567,1759,1951,2143,
gold,46,1376,1568,1760,1952,2144,
gold,46,1377,1569,1761,1953,2145,
red,46,1378,1570,1762,1954,2146,
gold,46,1379,1571,1763,1955,2147,
gold,46,1380,1572,1764,1956,2148,
gold,46,1381,1573,1765,1957,2149,
gold,46,1382,1574,1766,1958,2150,
gold,46,1383,1575,1767,1959,2151,
gold,46,1384,1576,1768,1960,2152,
gold,46,1385,1577,1769,1961,2153,
gold,47,2312,2336,2360,2384,2408,
gold,47,2313,2337,2361,2385,2409,
gold,47,622,623,624,625,626,627,628,629,630,631,632,633,2192,2193,
gold,47,766,767,768,769,770,771,772,773,774,775,776,777,2216,2217,
gold,47,910,911,912,913,914,915,916,917,918,919,920,921,2240,2241,
gold,47,1054,1055,1056,1057,1058,1059,1060,1061,1062,1063,1064,1065,2264,2265,
gold,47,1198,1199,1200,1201,1202,1203,1204,1205,1206,1207,1208,1209,2288,2289,
gold,47,1386,1578,1770,1962,2154,
gold,47,1387,1579,1771,1963,2155,
gold,47,1388,1580,1772,1964,2156,
gold,47,1389,1581,1773,1965,2157,
gold,47,1390,1582,1774,1966,2158,
gold,47,1391,1583,1775,1967,2159,
red,47,1392,1584,1776,1968,2160,
gold,47,1393,1585,1777,1969,2161,
gold,47,1394,1586,1778,1970,2162,
gold,47,1395,1587,1779,1971,2163,
gold,47,1396,1588,1780,1972,2164,
gold,47,1397,1589,1781,1973,2165,
gold,47,1398,1590,1782,1974,2166,
gold,47,1399,1591,1783,1975,2167,
gold,47,1400,1592,1784,1976,2168,
gold,47,1401,1593,1785,1977,2169,
lightskyblue,54,
lightskyblue,55,
lightskyblue,56,
lightskyblue,57,
lightskyblue,53,
lightskyblue,55,
lightskyblue,56,
lightskyblue,57,
lightskyblue,53,
lightskyblue,54,
lightskyblue,56,
lightskyblue,57,
lightskyblue,53,
lightskyblue,54,
lightskyblue,55,
lightskyblue,57,
lightskyblue,53,
lightskyblue,54,
lightskyblue,55,
lightskyblue,56,
lightskyblue,49,
lightskyblue,50,
lightskyblue,51,
lightskyblue,52,
lightskyblue,48,
lightskyblue,50,
lightskyblue,51,
lightskyblue,52,
lightskyblue,48,
lightskyblue,49,
lightskyblue,51,
lightskyblue,52,
lightskyblue,48,
lightskyblue,49,
lightskyblue,50,
lightskyblue,52,
lightskyblue,48,
lightskyblue,49,
lightskyblue,50,
lightskyblue,51,
lightskyblue,91,206,186,189,75,
lightskyblue,91,206,186,191,76,
lightskyblue,91,206,186,193,77,
lightskyblue,91,206,186,195,78,
lightskyblue,91,206,186,197,79,
lightskyblue,91,206,186,199,80,
lightskyblue,91,206,186,201,81,
lightskyblue,91,206,186,203,82,
lightskyblue,91,206,186,205,83,
lightskyblue,91,206,186,209,84,
lightskyblue,91,206,186,211,85,
lightskyblue,91,206,186,59,86,
lightskyblue,120,206,187,188,104,
lightskyblue,120,206,188,191,105,
lightskyblue,120,206,188,193,106,
lightskyblue,120,206,188,195,107,
lightskyblue,120,206,188,197,108,
lightskyblue,120,206,188,199,109,
lightskyblue,120,206,188,201,110,
lightskyblue,120,206,188,203,111,
lightskyblue,120,206,188,205,112,
lightskyblue,120,206,188,209,113,
lightskyblue,120,206,188,211,114,
lightskyblue,120,206,188,59,115,
lightskyblue,126,206,187,190,227,
lightskyblue,126,206,189,190,228,
lightskyblue,126,206,190,193,229,
lightskyblue,126,206,190,195,230,
lightskyblue,126,206,190,197,231,
lightskyblue,126,206,190,199,232,
lightskyblue,126,206,190,201,233,
lightskyblue,126,206,190,203,234,
lightskyblue,126,206,190,205,235,
lightskyblue,126,206,190,209,236,
lightskyblue,126,206,190,211,237,
lightskyblue,126,206,190,59,238,
lightskyblue,132,206,187,192,250,
lightskyblue,132,206,189,192,251,
lightskyblue,132,206,191,192,252,
lightskyblue,132,206,192,195,253,
lightskyblue,132,206,192,197,254,
lightskyblue,132,206,192,199,255,
lightskyblue,132,206,192,201,256,
lightskyblue,132,206,192,203,257,
lightskyblue,132,206,192,205,258,
lightskyblue,132,206,192,209,259,
lightskyblue,132,206,192,211,260,
lightskyblue,132,206,192,59,261,
lightskyblue,138,206,187,194,273,
lightskyblue,138,206,189,194,274,
lightskyblue,138,206,191,194,275,
lightskyblue,138,206,193,194,276,
lightskyblue,138,206,194,197,277,
lightskyblue,138,206,194,199,278,
lightskyblue,138,206,194,201,279,
lightskyblue,138,206,194,203,280,
lightskyblue,138,206,194,205,281,
lightskyblue,138,206,194,209,282,
lightskyblue,138,206,194,211,283,
lightskyblue,138,206,194,59,284,
lightskyblue,144,206,187,196,296,
lightskyblue,144,206,189,196,297,
lightskyblue,144,206,191,196,298,
lightskyblue,144,206,193,196,299,
lightskyblue,144,206,195,196,300,
lightskyblue,144,206,196,199,301,
lightskyblue,144,206,196,201,302,
lightskyblue,144,206,196,203,303,
lightskyblue,144,206,196,205,304,
lightskyblue,144,206,196,209,305,
lightskyblue,144,206,196,211,306,
lightskyblue,144,206,196,59,307,
lightskyblue,150,206,187,198,319,
lightskyblue,150,206,189,198,320,
lightskyblue,150,206,191,198,321,
lightskyblue,150,206,193,198,322,
lightskyblue,150,206,195,198,323,
lightskyblue,150,206,197,198,324,
lightskyblue,150,206,198,201,325,
lightskyblue,150,206,198,203,326,
lightskyblue,150,206,198,205,327,
lightskyblue,150,206,198,209,328,
lightskyblue,150,206,198,211,329,
lightskyblue,150,206,198,59,330,
lightskyblue,156,206,187,200,342,
lightskyblue,156,206,189,200,343,
lightskyblue,156,206,191,200,344,
lightskyblue,156,206,193,200,345,
lightskyblue,156,206,195,200,346,
lightskyblue,156,206,197,200,347,
lightskyblue,156,206,199,200,348,
lightskyblue,156,206,200,203,349,
lightskyblue,156,206,200,205,350,
lightskyblue,156,206,200,209,351,
lightskyblue,156,206,200,211,352,
lightskyblue,156,206,200,59,353,
lightskyblue,162,206,187,202,365,
lightskyblue,162,206,189,202,366,
lightskyblue,162,206,191,202,367,
lightskyblue,162,206,193,202,368,
lightskyblue,162,206,195,202,369,
lightskyblue,162,206,197,202,370,
lightskyblue,162,206,199,202,371,
lightskyblue,162,206,201,202,372,
lightskyblue,162,206,202,205,373,
lightskyblue,162,206,202,209,374,
lightskyblue,162,206,202,211,375,
lightskyblue,162,206,202,59,376,
lightskyblue,168,206,187,204,388,
lightskyblue,168,206,189,204,389,
lightskyblue,168,206,191,204,390,
lightskyblue,168,206,193,204,391,
lightskyblue,168,206,195,204,392,
lightskyblue,168,206,197,204,393,
lightskyblue,168,206,199,204,394,
lightskyblue,168,206,201,204,395,
lightskyblue,168,206,203,204,396,
lightskyblue,168,206,204,209,397,
lightskyblue,168,206,204,211,398,
lightskyblue,168,206,204,59,399,
lightskyblue,174,206,187,208,411,
lightskyblue,174,206,189,208,412,
lightskyblue,174,206,191,208,413,
lightskyblue,174,206,193,208,414,
lightskyblue,174,206,195,208,415,
lightskyblue,174,206,197,208,416,
lightskyblue,174,206,199,208,417,
lightskyblue,174,206,201,208,418,
lightskyblue,174,206,203,208,419,
lightskyblue,174,206,205,208,420,
lightskyblue,174,206,208,211,421,
lightskyblue,174,206,208,59,422,
lightskyblue,180,206,187,210,434,
lightskyblue,180,206,189,210,435,
lightskyblue,180,206,191,210,436,
lightskyblue,180,206,193,210,437,
lightskyblue,180,206,195,210,438,
lightskyblue,180,206,197,210,439,
lightskyblue,180,206,199,210,440,
lightskyblue,180,206,201,210,441,
lightskyblue,180,206,203,210,442,
lightskyblue,180,206,205,210,443,
lightskyblue,180,206,209,210,444,
lightskyblue,180,206,210,59,445,
lightskyblue,92,212,186,189,75,
lightskyblue,92,212,186,191,76,
lightskyblue,92,212,186,193,77,
lightskyblue,92,212,186,195,78,
lightskyblue,92,212,186,197,79,
lightskyblue,92,212,186,199,80,
lightskyblue,92,212,186,201,81,
lightskyblue,92,212,186,203,82,
lightskyblue,92,212,186,205,83,
lightskyblue,92,212,186,209,84,
lightskyblue,92,212,186,211,85,
lightskyblue,92,212,186,61,87,
lightskyblue,121,212,187,188,104,
lightskyblue,121,212,188,191,105,
lightskyblue,121,212,188,193,106,
lightskyblue,121,212,188,195,107,
lightskyblue,121,212,188,197,108,
lightskyblue,121,212,188,199,109,
lightskyblue,121,212,188,201,110,
lightskyblue,121,212,188,203,111,
lightskyblue,121,212,188,205,112,
lightskyblue,121,212,188,209,113,
lightskyblue,121,212,188,211,114,
lightskyblue,121,212,188,61,116,
lightskyblue,127,212,187,190,227,
lightskyblue,127,212,189,190,228,
lightskyblue,127,212,190,193,229,
lightskyblue,127,212,190,195,230,
lightskyblue,127,212,190,197,231,
lightskyblue,127,212,190,199,232,
lightskyblue,127,212,190,201,233,
lightskyblue,127,212,190,203,234,
lightskyblue,127,212,190,205,235,
lightskyblue,127,212,190,209,236,
lightskyblue,127,212,190,211,237,
lightskyblue,127,212,190,61,239,
lightskyblue,133,212,187,192,250,
lightskyblue,133,212,189,192,251,
lightskyblue,133,212,191,192,252,
lightskyblue,133,212,192,195,253,
lightskyblue,133,212,192,197,254,
lightskyblue,133,212,192,199,255,
lightskyblue,133,212,192,201,256,
lightskyblue,133,212,192,203,257,
lightskyblue,133,212,192,205,258,
lightskyblue,133,212,192,209,259,
lightskyblue,133,212,192,211,260,
lightskyblue,133,212,192,61,262,
lightskyblue,139,212,187,194,273,
lightskyblue,139,212,189,194,274,
lightskyblue,139,212,191,194,275,
lightskyblue,139,212,193,194,276,
lightskyblue,139,212,194,197,277,
lightskyblue,139,212,194,199,278,
lightskyblue,139,212,194,201,279,
lightskyblue,139,212,194,203,280,
lightskyblue,139,212,194,205,281,
lightskyblue,139,212,194,209,282,
lightskyblue,139,212,194,211,283,
lightskyblue,139,212,194,61,285,
lightskyblue,145,212,187,196,296,
lightskyblue,145,212,189,196,297,
lightskyblue,145,212,191,196,298,
lightskyblue,145,212,193,196,299,
lightskyblue,145,212,195,196,300,
lightskyblue,145,212,196,199,301,
lightskyblue,145,212,196,201,302,
lightskyblue,145,212,196,203,303,
lightskyblue,145,212,196,205,304,
lightskyblue,145,212,196,209,305,
lightskyblue,145,212,196,211,306,
lightskyblue,145,212,196,61,308,
lightskyblue,151,212,187,198,319,
lightskyblue,151,212,189,198,320,
lightskyblue,151,212,191,198,321,
lightskyblue,151,212,193,198,322,
lightskyblue,151,212,195,198,323,
lightskyblue,151,212,197,198,324,
lightskyblue,151,212,198,201,325,
lightskyblue,151,212,198,203,326,
lightskyblue,151,212,198,205,327,
lightskyblue,151,212,198,209,328,
lightskyblue,151,212,198,211,329,
lightskyblue,151,212,198,61,331,
lightskyblue,157,212,187,200,342,
lightskyblue,157,212,189,200,343,
lightskyblue,157,212,191,200,344,
lightskyblue,157,212,193,200,345,
lightskyblue,157,212,195,200,346,
lightskyblue,157,212,197,200,347,
lightskyblue,157,212,199,200,348,
lightskyblue,157,212,200,203,349,
lightskyblue,157,212,200,205,350,
lightskyblue,157,212,200,209,351,
lightskyblue,157,212,200,211,352,
lightskyblue,157,212,200,61,354,
lightskyblue,163,212,187,202,365,
lightskyblue,163,212,189,202,366,
lightskyblue,163,212,191,202,367,
lightskyblue,163,212,193,202,368,
lightskyblue,163,212,195,202,369,
lightskyblue,163,212,197,202,370,
lightskyblue,163,212,199,202,371,
lightskyblue,163,212,201,202,372,
lightskyblue,163,212,202,205,373,
lightskyblue,163,212,202,209,374,
lightskyblue,163,212,202,211,375,
lightskyblue,163,212,202,61,377,
lightskyblue,169,212,187,204,388,
lightskyblue,169,212,189,204,389,
lightskyblue,169,212,191,204,390,
lightskyblue,169,212,193,204,391,
lightskyblue,169,212,195,204,392,
lightskyblue,169,212,197,204,393,
lightskyblue,169,212,199,204,394,
lightskyblue,169,212,201,204,395,
lightskyblue,169,212,203,204,396,
lightskyblue,169,212,204,209,397,
lightskyblue,169,212,204,211,398,
lightskyblue,169,212,204,61,400,
lightskyblue,175,212,187,208,411,
lightskyblue,175,212,189,208,412,
lightskyblue,175,212,191,208,413,
lightskyblue,175,212,193,208,414,
lightskyblue,175,212,195,208,415,
lightskyblue,175,212,197,208,416,
lightskyblue,175,212,199,208,417,
lightskyblue,175,212,201,208,418,
lightskyblue,175,212,203,208,419,
lightskyblue,175,212,205,208,420,
lightskyblue,175,212,208,211,421,
lightskyblue,175,212,208,61,423,
lightskyblue,181,212,187,210,434,
lightskyblue,181,212,189,210,435,
lightskyblue,181,212,191,210,436,
lightskyblue,181,212,193,210,437,
lightskyblue,181,212,195,210,438,
lightskyblue,181,212,197,210,439,
lightskyblue,181,212,199,210,440,
lightskyblue,181,212,201,210,441,
lightskyblue,181,212,203,210,442,
lightskyblue,181,212,205,210,443,
lightskyblue,181,212,209,210,444,
lightskyblue,181,212,210,61,446,
lightskyblue,93,214,186,189,75,
lightskyblue,93,214,186,191,76,
lightskyblue,93,214,186,193,77,
lightskyblue,93,214,186,195,78,
lightskyblue,93,214,186,197,79,
lightskyblue,93,214,186,199,80,
lightskyblue,93,214,186,201,81,
lightskyblue,93,214,186,203,82,
lightskyblue,93,214,186,205,83,
lightskyblue,93,214,186,209,84,
lightskyblue,93,214,186,211,85,
lightskyblue,93,214,186,63,88,
lightskyblue,122,214,187,188,104,
lightskyblue,122,214,188,191,105,
lightskyblue,122,214,188,193,106,
lightskyblue,122,214,188,195,107,
lightskyblue,122,214,188,197,108,
lightskyblue,122,214,188,199,109,
lightskyblue,122,214,188,201,110,
lightskyblue,122,214,188,203,111,
lightskyblue,122,214,188,205,112,
lightskyblue,122,214,188,209,113,
lightskyblue,122,214,188,211,114,
lightskyblue,122,214,188,63,117,
lightskyblue,128,214,187,190,227,
lightskyblue,128,214,189,190,228,
lightskyblue,128,214,190,193,229,
lightskyblue,128,214,190,195,230,
lightskyblue,128,214,190,197,231,
lightskyblue,128,214,190,199,232,
lightskyblue,128,214,190,201,233,
lightskyblue,128,214,190,203,234,
lightskyblue,128,214,190,205,235,
lightskyblue,128,214,190,209,236,
lightskyblue,128,214,190,211,237,
lightskyblue,128,214,190,63,240,
lightskyblue,134,214,187,192,250,
lightskyblue,134,214,189,192,251,
lightskyblue,134,214,191,192,252,
lightskyblue,134,214,192,195,253,
lightskyblue,134,214,192,197,254,
lightskyblue,134,214,192,199,255,
lightskyblue,134,214,192,201,256,
lightskyblue,134,214,192,203,257,
lightskyblue,134,214,192,205,258,
lightskyblue,134,214,192,209,259,
lightskyblue,134,214,192,211,260,
lightskyblue,134,214,192,63,263,
lightskyblue,140,214,187,194,273,
lightskyblue,140,214,189,194,274,
lightskyblue,140,214,191,194,275,
lightskyblue,140,214,193,194,276,
lightskyblue,140,214,194,197,277,
lightskyblue,140,214,194,199,278,
lightskyblue,140,214,194,201,279,
lightskyblue,140,214,194,203,280,
lightskyblue,140,214,194,205,281,
lightskyblue,140,214,194,209,282,
lightskyblue,140,214,194,211,283,
lightskyblue,140,214,194,63,286,
lightskyblue,146,214,187,196,296,
lightskyblue,146,214,189,196,297,
lightskyblue,146,214,191,196,298,
lightskyblue,146,214,193,196,299,
lightskyblue,146,214,195,196,300,
lightskyblue,146,214,196,199,301,
lightskyblue,146,214,196,201,302,
lightskyblue,146,214,196,203,303,
lightskyblue,146,214,196,205,304,
lightskyblue,146,214,196,209,305,
lightskyblue,146,214,196,211,306,
lightskyblue,146,214,196,63,309,
lightskyblue,152,214,187,198,319,
lightskyblue,152,214,189,198,320,
lightskyblue,152,214,191,198,321,
lightskyblue,152,214,193,198,322,
lightskyblue,152,214,195,198,323,
lightskyblue,152,214,197,198,324,
lightskyblue,152,214,198,201,325,
lightskyblue,152,214,198,203,326,
lightskyblue,152,214,198,205,327,
lightskyblue,152,214,198,209,328,
lightskyblue,152,214,198,211,329,
lightskyblue,152,214,198,63,332,
lightskyblue,158,214,187,200,342,
lightskyblue,158,214,189,200,343,
lightskyblue,158,214,191,200,344,
lightskyblue,158,214,193,200,345,
lightskyblue,158,214,195,200,346,
lightskyblue,158,214,197,200,347,
lightskyblue,158,214,199,200,348,
lightskyblue,158,214,200,203,349,
lightskyblue,158,214,200,205,350,
lightskyblue,158,214,200,209,351,
lightskyblue,158,214,200,211,352,
lightskyblue,158,214,200,63,355,
lightskyblue,164,214,187,202,365,
lightskyblue,164,214,189,202,366,
lightskyblue,164,214,191,202,367,
lightskyblue,164,214,193,202,368,
lightskyblue,164,214,195,202,369,
lightskyblue,164,214,197,202,370,
lightskyblue,164,214,199,202,371,
lightskyblue,164,214,201,202,372,
lightskyblue,164,214,202,205,373,
lightskyblue,164,214,202,209,374,
lightskyblue,164,214,202,211,375,
lightskyblue,164,214,202,63,378,
lightskyblue,170,214,187,204,388,
lightskyblue,170,214,189,204,389,
lightskyblue,170,214,191,204,390,
lightskyblue,170,214,193,204,391,
lightskyblue,170,214,195,204,392,
lightskyblue,170,214,197,204,393,
lightskyblue,170,214,199,204,394,
lightskyblue,170,214,201,204,395,
lightskyblue,170,214,203,204,396,
lightskyblue,170,214,204,209,397,
lightskyblue,170,214,204,211,398,
lightskyblue,170,214,204,63,401,
lightskyblue,176,214,187,208,411,
lightskyblue,176,214,189,208,412,
lightskyblue,176,214,191,208,413,
lightskyblue,176,214,193,208,414,
lightskyblue,176,214,195,208,415,
lightskyblue,176,214,197,208,416,
lightskyblue,176,214,199,208,417,
lightskyblue,176,214,201,208,418,
lightskyblue,176,214,203,208,419,
lightskyblue,176,214,205,208,420,
lightskyblue,176,214,208,211,421,
lightskyblue,176,214,208,63,424,
lightskyblue,182,214,187,210,434,
lightskyblue,182,214,189,210,435,
lightskyblue,182,214,191,210,436,
lightskyblue,182,214,193,210,437,
lightskyblue,182,214,195,210,438,
lightskyblue,182,214,197,210,439,
lightskyblue,182,214,199,210,440,
lightskyblue,182,214,201,210,441,
lightskyblue,182,214,203,210,442,
lightskyblue,182,214,205,210,443,
lightskyblue,182,214,209,210,444,
lightskyblue,182,214,210,63,447,
lightskyblue,94,216,186,189,75,
lightskyblue,94,216,186,191,76,
lightskyblue,94,216,186,193,77,
lightskyblue,94,216,186,195,78,
lightskyblue,94,216,186,197,79,
lightskyblue,94,216,186,199,80,
lightskyblue,94,216,186,201,81,
lightskyblue,94,216,186,203,82,
lightskyblue,94,216,186,205,83,
lightskyblue,94,216,186,209,84,
lightskyblue,94,216,186,211,85,
lightskyblue,94,216,186,65,89,
lightskyblue,123,216,187,188,104,
lightskyblue,123,216,188,191,105,
lightskyblue,123,216,188,193,106,
lightskyblue,123,216,188,195,107,
lightskyblue,123,216,188,197,108,
lightskyblue,123,216,188,199,109,
lightskyblue,123,216,188,201,110,
lightskyblue,123,216,188,203,111,
lightskyblue,123,216,188,205,112,
lightskyblue,123,216,188,209,113,
lightskyblue,123,216,188,211,114,
lightskyblue,123,216,188,65,118,
lightskyblue,129,216,187,190,227,
lightskyblue,129,216,189,190,228,
lightskyblue,129,216,190,193,229,
lightskyblue,129,216,190,195,230,
lightskyblue,129,216,190,197,231,
lightskyblue,129,216,190,199,232,
lightskyblue,129,216,190,201,233,
lightskyblue,129,216,190,203,234,
lightskyblue,129,216,190,205,235,
lightskyblue,129,216,190,209,236,
lightskyblue,129,216,190,211,237,
lightskyblue,129,216,190,65,241,
lightskyblue,135,216,187,192,250,
lightskyblue,135,216,189,192,251,
lightskyblue,135,216,191,192,252,
lightskyblue,135,216,192,195,253,
lightskyblue,135,216,192,197,254,
lightskyblue,135,216,192,199,255,
lightskyblue,135,216,192,201,256,
lightskyblue,135,216,192,203,257,
lightskyblue,135,216,192,205,258,
lightskyblue,135,216,192,209,259,
lightskyblue,135,216,192,211,260,
lightskyblue,135,216,192,65,264,
lightskyblue,141,216,187,194,273,
lightskyblue,141,216,189,194,274,
lightskyblue,141,216,191,194,275,
lightskyblue,141,216,193,194,276,
lightskyblue,141,216,194,197,277,
lightskyblue,141,216,194,199,278,
lightskyblue,141,216,194,201,279,
lightskyblue,141,216,194,203,280,
lightskyblue,141,216,194,205,281,
lightskyblue,141,216,194,209,282,
lightskyblue,141,216,194,211,283,
lightskyblue,141,216,194,65,287,
lightskyblue,147,216,187,196,296,
lightskyblue,147,216,189,196,297,
lightskyblue,147,216,191,196,298,
lightskyblue,147,216,193,196,299,
lightskyblue,147,216,195,196,300,
lightskyblue,147,216,196,199,301,
lightskyblue,147,216,196,201,302,
lightskyblue,147,216,196,203,303,
lightskyblue,147,216,196,205,304,
lightskyblue,147,216,196,209,305,
lightskyblue,147,216,196,211,306,
lightskyblue,147,216,196,65,310,
lightskyblue,153,216,187,198,319,
lightskyblue,153,216,189,198,320,
lightskyblue,153,216,191,198,321,
lightskyblue,153,216,193,198,322,
lightskyblue,153,216,195,198,323,
lightskyblue,153,216,197,198,324,
lightskyblue,153,216,198,201,325,
lightskyblue,153,216,198,203,326,
lightskyblue,153,216,198,205,327,
lightskyblue,153,216,198,209,328,
lightskyblue,153,216,198,211,329,
lightskyblue,153,216,198,65,333,
lightskyblue,159,216,187,200,342,
lightskyblue,159,216,189,200,343,
lightskyblue,159,216,191,200,344,
lightskyblue,159,216,193,200,345,
lightskyblue,159,216,195,200,346,
lightskyblue,159,216,197,200,347,
lightskyblue,159,216,199,200,348,
lightskyblue,159,216,200,203,349,
lightskyblue,159,216,200,205,350,
lightskyblue,159,216,200,209,351,
lightskyblue,159,216,200,211,352,
lightskyblue,159,216,200,65,356,
lightskyblue,165,216,187,202,365,
lightskyblue,165,216,189,202,366,
lightskyblue,165,216,191,202,367,
lightskyblue,165,216,193,202,368,
lightskyblue,165,216,195,202,369,
lightskyblue,165,216,197,202,370,
lightskyblue,165,216,199,202,371,
lightskyblue,165,216,201,202,372,
lightskyblue,165,216,202,205,373,
lightskyblue,165,216,202,209,374,
lightskyblue,165,216,202,211,375,
lightskyblue,165,216,202,65,379,
lightskyblue,171,216,187,204,388,
lightskyblue,171,216,189,204,389,
lightskyblue,171,216,191,204,390,
lightskyblue,171,216,193,204,391,
lightskyblue,171,216,195,204,392,
lightskyblue,171,216,197,204,393,
lightskyblue,171,216,199,204,394,
lightskyblue,171,216,201,204,395,
lightskyblue,171,216,203,204,396,
lightskyblue,171,216,204,209,397,
lightskyblue,171,216,204,211,398,
lightskyblue,171,216,204,65,402,
lightskyblue,177,216,187,208,411,
lightskyblue,177,216,189,208,412,
lightskyblue,177,216,191,208,413,
lightskyblue,177,216,193,208,414,
lightskyblue,177,216,195,208,415,
lightskyblue,177,216,197,208,416,
lightskyblue,177,216,199,208,417,
lightskyblue,177,216,201,208,418,
lightskyblue,177,216,203,208,419,
lightskyblue,177,216,205,208,420,
lightskyblue,177,216,208,211,421,
lightskyblue,177,216,208,65,425,
lightskyblue,183,216,187,210,434,
lightskyblue,183,216,189,210,435,
lightskyblue,183,216,191,210,436,
lightskyblue,183,216,193,210,437,
lightskyblue,183,216,195,210,438,
lightskyblue,183,216,197,210,439,
lightskyblue,183,216,199,210,440,
lightskyblue,183,216,201,210,441,
lightskyblue,183,216,203,210,442,
lightskyblue,183,216,205,210,443,
lightskyblue,183,216,209,210,444,
lightskyblue,183,216,210,65,448,
lightskyblue,95,218,186,189,75,
lightskyblue,95,218,186,191,76,
lightskyblue,95,218,186,193,77,
lightskyblue,95,218,186,195,78,
lightskyblue,95,218,186,197,79,
lightskyblue,95,218,186,199,80,
lightskyblue,95,218,186,201,81,
lightskyblue,95,218,186,203,82,
lightskyblue,95,218,186,205,83,
lightskyblue,95,218,186,209,84,
lightskyblue,95,218,186,211,85,
lightskyblue,95,218,186,67,90,
lightskyblue,124,218,187,188,104,
lightskyblue,124,218,188,191,105,
lightskyblue,124,218,188,193,106,
lightskyblue,124,218,188,195,107,
lightskyblue,124,218,188,197,108,
lightskyblue,124,218,188,199,109,
lightskyblue,124,218,188,201,110,
lightskyblue,124,218,188,203,111,
lightskyblue,124,218,188,205,112,
lightskyblue,124,218,188,209,113,
lightskyblue,124,218,188,211,114,
lightskyblue,124,218,188,67,119,
lightskyblue,130,218,187,190,227,
lightskyblue,130,218,189,190,228,
lightskyblue,130,218,190,193,229,
lightskyblue,130,218,190,195,230,
lightskyblue,130,218,190,197,231,
lightskyblue,130,218,190,199,232,
lightskyblue,130,218,190,201,233,
lightskyblue,130,218,190,203,234,
lightskyblue,130,218,190,205,235,
lightskyblue,130,218,190,209,236,
lightskyblue,130,218,190,211,237,
lightskyblue,130,218,190,67,242,
lightskyblue,136,218,187,192,250,
lightskyblue,136,218,189,192,251,
lightskyblue,136,218,191,192,252,
lightskyblue,136,218,192,195,253,
lightskyblue,136,218,192,197,254,
lightskyblue,136,218,192,199,255,
lightskyblue,136,218,192,201,256,
lightskyblue,136,218,192,203,257,
lightskyblue,136,218,192,205,258,
lightskyblue,136,218,192,209,259,
lightskyblue,136,218,192,211,260,
lightskyblue,136,218,192,67,265,
lightskyblue,142,218,187,194,273,
lightskyblue,142,218,189,194,274,
lightskyblue,142,218,191,194,275,
lightskyblue,142,218,193,194,276,
lightskyblue,142,218,194,197,277,
lightskyblue,142,218,194,199,278,
lightskyblue,142,218,194,201,279,
lightskyblue,142,218,194,203,280,
lightskyblue,142,218,194,205,281,
lightskyblue,142,218,194,209,282,
lightskyblue,142,218,194,211,283,
lightskyblue,142,218,194,67,288,
lightskyblue,148,218,187,196,296,
lightskyblue,148,218,189,196,297,
lightskyblue,148,218,191,196,298,
lightskyblue,148,218,193,196,299,
lightskyblue,148,218,195,196,300,
lightskyblue,148,218,196,199,301,
lightskyblue,148,218,196,201,302,
lightskyblue,148,218,196,203,303,
lightskyblue,148,218,196,205,304,
lightskyblue,148,218,196,209,305,
lightskyblue,148,218,196,211,306,
lightskyblue,148,218,196,67,311,
lightskyblue,154,218,187,198,319,
lightskyblue,154,218,189,198,320,
lightskyblue,154,218,191,198,321,
lightskyblue,154,218,193,198,322,
lightskyblue,154,218,195,198,323,
lightskyblue,154,218,197,198,324,
lightskyblue,154,218,198,201,325,
lightskyblue,154,218,198,203,326,
lightskyblue,154,218,198,205,327,
lightskyblue,154,218,198,209,328,
lightskyblue,154,218,198,211,329,
lightskyblue,154,218,198,67,334,
lightskyblue,160,218,187,200,342,
lightskyblue,160,218,189,200,343,
lightskyblue,160,218,191,200,344,
lightskyblue,160,218,193,200,345,
lightskyblue,160,218,195,200,346,
lightskyblue,160,218,197,200,347,
lightskyblue,160,218,199,200,348,
lightskyblue,160,218,200,203,349,
lightskyblue,160,218,200,205,350,
lightskyblue,160,218,200,209,351,
lightskyblue,160,218,200,211,352,
lightskyblue,160,218,200,67,357,
lightskyblue,166,218,187,202,365,
lightskyblue,166,218,189,202,366,
lightskyblue,166,218,191,202,367,
lightskyblue,166,218,193,202,368,
lightskyblue,166,218,195,202,369,
lightskyblue,166,218,197,202,370,
lightskyblue,166,218,199,202,371,
lightskyblue,166,218,201,202,372,
lightskyblue,166,218,202,205,373,
lightskyblue,166,218,202,209,374,
lightskyblue,166,218,202,211,375,
lightskyblue,166,218,202,67,380,
lightskyblue,172,218,187,204,388,
lightskyblue,172,218,189,204,389,
lightskyblue,172,218,191,204,390,
lightskyblue,172,218,193,204,391,
lightskyblue,172,218,195,204,392,
lightskyblue,172,218,197,204,393,
lightskyblue,172,218,199,204,394,
lightskyblue,172,218,201,204,395,
lightskyblue,172,218,203,204,396,
lightskyblue,172,218,204,209,397,
lightskyblue,172,218,204,211,398,
lightskyblue,172,218,204,67,403,
lightskyblue,178,218,187,208,411,
lightskyblue,178,218,189,208,412,
lightskyblue,178,218,191,208,413,
lightskyblue,178,218,193,208,414,
lightskyblue,178,218,195,208,415,
lightskyblue,178,218,197,208,416,
lightskyblue,178,218,199,208,417,
lightskyblue,178,218,201,208,418,
lightskyblue,178,218,203,208,419,
lightskyblue,178,218,205,208,420,
lightskyblue,178,218,208,211,421,
lightskyblue,178,218,208,67,426,
lightskyblue,184,218,187,210,434,
lightskyblue,184,218,189,210,435,
lightskyblue,184,218,191,210,436,
lightskyblue,184,218,193,210,437,
lightskyblue,184,218,195,210,438,
lightskyblue,184,218,197,210,439,
lightskyblue,184,218,199,210,440,
lightskyblue,184,218,201,210,441,
lightskyblue,184,218,203,210,442,
lightskyblue,184,218,205,210,443,
lightskyblue,184,218,209,210,444,
lightskyblue,184,218,210,67,449,
lightskyblue,96,207,187,188,70,
lightskyblue,96,207,187,190,70,
lightskyblue,96,207,187,192,70,
lightskyblue,96,207,187,194,70,
lightskyblue,96,207,187,196,70,
lightskyblue,96,207,187,198,70,
lightskyblue,96,207,187,200,70,
lightskyblue,96,207,187,202,70,
lightskyblue,96,207,187,204,70,
lightskyblue,96,207,187,208,70,
lightskyblue,96,207,187,210,70,
lightskyblue,96,207,187,58,70,
lightskyblue,96,207,187,60,70,
lightskyblue,96,207,187,62,70,
lightskyblue,96,207,187,64,70,
lightskyblue,96,207,187,66,70,
lightskyblue,125,207,186,189,99,
lightskyblue,125,207,189,190,99,
lightskyblue,125,207,189,192,99,
lightskyblue,125,207,189,194,99,
lightskyblue,125,207,189,196,99,
lightskyblue,125,207,189,198,99,
lightskyblue,125,207,189,200,99,
lightskyblue,125,207,189,202,99,
lightskyblue,125,207,189,204,99,
lightskyblue,125,207,189,208,99,
lightskyblue,125,207,189,210,99,
lightskyblue,125,207,189,58,99,
lightskyblue,125,207,189,60,99,
lightskyblue,125,207,189,62,99,
lightskyblue,125,207,189,64,99,
lightskyblue,125,207,189,66,99,
lightskyblue,131,207,186,191,222,
lightskyblue,131,207,188,191,222,
lightskyblue,131,207,191,192,222,
lightskyblue,131,207,191,194,222,
lightskyblue,131,207,191,196,222,
lightskyblue,131,207,191,198,222,
lightskyblue,131,207,191,200,222,
lightskyblue,131,207,191,202,222,
lightskyblue,131,207,191,204,222,
lightskyblue,131,207,191,208,222,
lightskyblue,131,207,191,210,222,
lightskyblue,131,207,191,58,222,
lightskyblue,131,207,191,60,222,
lightskyblue,131,207,191,62,222,
lightskyblue,131,207,191,64,222,
lightskyblue,131,207,191,66,222,
lightskyblue,137,207,186,193,245,
lightskyblue,137,207,188,193,245,
lightskyblue,137,207,190,193,245,
lightskyblue,137,207,193,194,245,
lightskyblue,137,207,193,196,245,
lightskyblue,137,207,193,198,245,
lightskyblue,137,207,193,200,245,
lightskyblue,137,207,193,202,245,
lightskyblue,137,207,193,204,245,
lightskyblue,137,207,193,208,245,
lightskyblue,137,207,193,210,245,
lightskyblue,137,207,193,58,245,
lightskyblue,137,207,193,60,245,
lightskyblue,137,207,193,62,245,
lightskyblue,137,207,193,64,245,
lightskyblue,137,207,193,66,245,
lightskyblue,143,207,186,195,268,
lightskyblue,143,207,188,195,268,
lightskyblue,143,207,190,195,268,
lightskyblue,143,207,192,195,268,
lightskyblue,143,207,195,196,268,
lightskyblue,143,207,195,198,268,
lightskyblue,143,207,195,200,268,
lightskyblue,143,207,195,202,268,
lightskyblue,143,207,195,204,268,
lightskyblue,143,207,195,208,268,
lightskyblue,143,207,195,210,268,
lightskyblue,143,207,195,58,268,
lightskyblue,143,207,195,60,268,
lightskyblue,143,207,195,62,268,
lightskyblue,143,207,195,64,268,
lightskyblue,143,207,195,66,268,
lightskyblue,149,207,186,197,291,
lightskyblue,149,207,188,197,291,
lightskyblue,149,207,190,197,291,
lightskyblue,149,207,192,197,291,
lightskyblue,149,207,194,197,291,
lightskyblue,149,207,197,198,291,
lightskyblue,149,207,197,200,291,
lightskyblue,149,207,197,202,291,
lightskyblue,149,207,197,204,291,
lightskyblue,149,207,197,208,291,
lightskyblue,149,207,197,210,291,
lightskyblue,149,207,197,58,291,
lightskyblue,149,207,197,60,291,
lightskyblue,149,207,197,62,291,
lightskyblue,149,207,197,64,291,
lightskyblue,149,207,197,66,291,
lightskyblue,155,207,186,199,314,
lightskyblue,155,207,188,199,314,
lightskyblue,155,207,190,199,314,
lightskyblue,155,207,192,199,314,
lightskyblue,155,207,194,199,314,
lightskyblue,155,207,196,199,314,
lightskyblue,155,207,199,200,314,
lightskyblue,155,207,199,202,314,
lightskyblue,155,207,199,204,314,
lightskyblue,155,207,199,208,314,
lightskyblue,155,207,199,210,314,
lightskyblue,155,207,199,58,314,
lightskyblue,155,207,199,60,314,
lightskyblue,155,207,199,62,314,
lightskyblue,155,207,199,64,314,
lightskyblue,155,207,199,66,314,
lightskyblue,161,207,186,201,337,
lightskyblue,161,207,188,201,337,
lightskyblue,161,207,190,201,337,
lightskyblue,161,207,192,201,337,
lightskyblue,161,207,194,201,337,
lightskyblue,161,207,196,201,337,
lightskyblue,161,207,198,201,337,
lightskyblue,161,207,201,202,337,
lightskyblue,161,207,201,204,337,
lightskyblue,161,207,201,208,337,
lightskyblue,161,207,201,210,337,
lightskyblue,161,207,201,58,337,
lightskyblue,161,207,201,60,337,
lightskyblue,161,207,201,62,337,
lightskyblue,161,207,201,64,337,
lightskyblue,161,207,201,66,337,
lightskyblue,167,207,186,203,360,
lightskyblue,167,207,188,203,360,
lightskyblue,167,207,190,203,360,
lightskyblue,167,207,192,203,360,
lightskyblue,167,207,194,203,360,
lightskyblue,167,207,196,203,360,
lightskyblue,167,207,198,203,360,
lightskyblue,167,207,200,203,360,
lightskyblue,167,207,203,204,360,
lightskyblue,167,207,203,208,360,
lightskyblue,167,207,203,210,360,
lightskyblue,167,207,203,58,360,
lightskyblue,167,207,203,60,360,
lightskyblue,167,207,203,62,360,
lightskyblue,167,207,203,64,360,
lightskyblue,167,207,203,66,360,
lightskyblue,173,207,186,205,383,
lightskyblue,173,207,188,205,383,
lightskyblue,173,207,190,205,383,
lightskyblue,173,207,192,205,383,
lightskyblue,173,207,194,205,383,
lightskyblue,173,207,196,205,383,
lightskyblue,173,207,198,205,383,
lightskyblue,173,207,200,205,383,
lightskyblue,173,207,202,205,383,
lightskyblue,173,207,205,208,383,
lightskyblue,173,207,205,210,383,
lightskyblue,173,207,205,58,383,
lightskyblue,173,207,205,60,383,
lightskyblue,173,207,205,62,383,
lightskyblue,173,207,205,64,383,
lightskyblue,173,207,205,66,383,
lightskyblue,179,207,186,209,406,
lightskyblue,179,207,188,209,406,
lightskyblue,179,207,190,209,406,
lightskyblue,179,207,192,209,406,
lightskyblue,179,207,194,209,406,
lightskyblue,179,207,196,209,406,
lightskyblue,179,207,198,209,406,
lightskyblue,179,207,200,209,406,
lightskyblue,179,207,202,209,406,
lightskyblue,179,207,204,209,406,
lightskyblue,179,207,209,210,406,
lightskyblue,179,207,209,58,406,
lightskyblue,179,207,209,60,406,
lightskyblue,179,207,209,62,406,
lightskyblue,179,207,209,64,406,
lightskyblue,179,207,209,66,406,
lightskyblue,185,207,186,211,429,
lightskyblue,185,207,188,211,429,
lightskyblue,185,207,190,211,429,
lightskyblue,185,207,192,211,429,
lightskyblue,185,207,194,211,429,
lightskyblue,185,207,196,211,429,
lightskyblue,185,207,198,211,429,
lightskyblue,185,207,200,211,429,
lightskyblue,185,207,202,211,429,
lightskyblue,185,207,204,211,429,
lightskyblue,185,207,208,211,429,
lightskyblue,185,207,211,58,429,
lightskyblue,185,207,211,60,429,
lightskyblue,185,207,211,62,429,
lightskyblue,185,207,211,64,429,
lightskyblue,185,207,211,66,429,
lightskyblue,96,213,187,188,71,
lightskyblue,96,213,187,190,71,
lightskyblue,96,213,187,192,71,
lightskyblue,96,213,187,194,71,
lightskyblue,96,213,187,196,71,
lightskyblue,96,213,187,198,71,
lightskyblue,96,213,187,200,71,
lightskyblue,96,213,187,202,71,
lightskyblue,96,213,187,204,71,
lightskyblue,96,213,187,208,71,
lightskyblue,96,213,187,210,71,
lightskyblue,96,213,187,58,71,
lightskyblue,96,213,187,60,71,
lightskyblue,96,213,187,62,71,
lightskyblue,96,213,187,64,71,
lightskyblue,96,213,187,66,71,
lightskyblue,125,213,186,189,100,
lightskyblue,125,213,189,190,100,
lightskyblue,125,213,189,192,100,
lightskyblue,125,213,189,194,100,
lightskyblue,125,213,189,196,100,
lightskyblue,125,213,189,198,100,
lightskyblue,125,213,189,200,100,
lightskyblue,125,213,189,202,100,
lightskyblue,125,213,189,204,100,
lightskyblue,125,213,189,208,100,
lightskyblue,125,213,189,210,100,
lightskyblue,125,213,189,58,100,
lightskyblue,125,213,189,60,100,
lightskyblue,125,213,189,62,100,
lightskyblue,125,213,189,64,100,
lightskyblue,125,213,189,66,100,
lightskyblue,131,213,186,191,223,
lightskyblue,131,213,188,191,223,
lightskyblue,131,213,191,192,223,
lightskyblue,131,213,191,194,223,
lightskyblue,131,213,191,196,223,
lightskyblue,131,213,191,198,223,
lightskyblue,131,213,191,200,223,
lightskyblue,131,213,191,202,223,
lightskyblue,131,213,191,204,223,
lightskyblue,131,213,191,208,223,
lightskyblue,131,213,191,210,223,
lightskyblue,131,213,191,58,223,
lightskyblue,131,213,191,60,223,
lightskyblue,131,213,191,62,223,
lightskyblue,131,213,191,64,223,
lightskyblue,131,213,191,66,223,
lightskyblue,137,213,186,193,246,
lightskyblue,137,213,188,193,246,
lightskyblue,137,213,190,193,246,
lightskyblue,137,213,193,194,246,
lightskyblue,137,213,193,196,246,
lightskyblue,137,213,193,198,246,
lightskyblue,137,213,193,200,246,
lightskyblue,137,213,193,202,246,
lightskyblue,137,213,193,204,246,
lightskyblue,137,213,193,208,246,
lightskyblue,137,213,193,210,246,
lightskyblue,137,213,193,58,246,
lightskyblue,137,213,193,60,246,
lightskyblue,137,213,193,62,246,
lightskyblue,137,213,193,64,246,
lightskyblue,137,213,193,66,246,
lightskyblue,143,213,186,195,269,
lightskyblue,143,213,188,195,269,
lightskyblue,143,213,190,195,269,
lightskyblue,143,213,192,195,269,
lightskyblue,143,213,195,196,269,
lightskyblue,143,213,195,198,269,
lightskyblue,143,213,195,200,269,
lightskyblue,143,213,195,202,269,
lightskyblue,143,213,195,204,269,
lightskyblue,143,213,195,208,269,
lightskyblue,143,213,195,210,269,
lightskyblue,143,213,195,58,269,
lightskyblue,143,213,195,60,269,
lightskyblue,143,213,195,62,269,
lightskyblue,143,213,195,64,269,
lightskyblue,143,213,195,66,269,
lightskyblue,149,213,186,197,292,
lightskyblue,149,213,188,197,292,
lightskyblue,149,213,190,197,292,
lightskyblue,149,213,192,197,292,
lightskyblue,149,213,194,197,292,
lightskyblue,149,213,197,198,292,
lightskyblue,149,213,197,200,292,
lightskyblue,149,213,197,202,292,
lightskyblue,149,213,197,204,292,
lightskyblue,149,213,197,208,292,
lightskyblue,149,213,197,210,292,
lightskyblue,149,213,197,58,292,
lightskyblue,149,213,197,60,292,
lightskyblue,149,213,197,62,292,
lightskyblue,149,213,197,64,292,
lightskyblue,149,213,197,66,292,
lightskyblue,155,213,186,199,315,
lightskyblue,155,213,188,199,315,
lightskyblue,155,213,190,199,315,
lightskyblue,155,213,192,199,315,
lightskyblue,155,213,194,199,315,
lightskyblue,155,213,196,199,315,
lightskyblue,155,213,199,200,315,
lightskyblue,155,213,199,202,315,
lightskyblue,155,213,199,204,315,
lightskyblue,155,213,199,208,315,
lightskyblue,155,213,199,210,315,
lightskyblue,155,213,199,58,315,
lightskyblue,155,213,199,60,315,
lightskyblue,155,213,199,62,315,
lightskyblue,155,213,199,64,315,
lightskyblue,155,213,199,66,315,
lightskyblue,161,213,186,201,338,
lightskyblue,161,213,188,201,338,
lightskyblue,161,213,190,201,338,
lightskyblue,161,213,192,201,338,
lightskyblue,161,213,194,201,338,
lightskyblue,161,213,196,201,338,
lightskyblue,161,213,198,201,338,
lightskyblue,161,213,201,202,338,
lightskyblue,161,213,201,204,338,
lightskyblue,161,213,201,208,338,
lightskyblue,161,213,201,210,338,
lightskyblue,161,213,201,58,338,
lightskyblue,161,213,201,60,338,
lightskyblue,161,213,201,62,338,
lightskyblue,161,213,201,64,338,
lightskyblue,161,213,201,66,338,
lightskyblue,167,213,186,203,361,
lightskyblue,167,213,188,203,361,
lightskyblue,167,213,190,203,361,
lightskyblue,167,213,192,203,361,
lightskyblue,167,213,194,203,361,
lightskyblue,167,213,196,203,361,
lightskyblue,167,213,198,203,361,
lightskyblue,167,213,200,203,361,
lightskyblue,167,213,203,204,361,
lightskyblue,167,213,203,208,361,
lightskyblue,167,213,203,210,361,
lightskyblue,167,213,203,58,361,
lightskyblue,167,213,203,60,361,
lightskyblue,167,213,203,62,361,
lightskyblue,167,213,203,64,361,
lightskyblue,167,213,203,66,361,
lightskyblue,173,213,186,205,384,
lightskyblue,173,213,188,205,384,
lightskyblue,173,213,190,205,384,
lightskyblue,173,213,192,205,384,
lightskyblue,173,213,194,205,384,
lightskyblue,173,213,196,205,384,
lightskyblue,173,213,198,205,384,
lightskyblue,173,213,200,205,384,
lightskyblue,173,213,202,205,384,
lightskyblue,173,213,205,208,384,
lightskyblue,173,213,205,210,384,
lightskyblue,173,213,205,58,384,
lightskyblue,173,213,205,60,384,
lightskyblue,173,213,205,62,384,
lightskyblue,173,213,205,64,384,
lightskyblue,173,213,205,66,384,
lightskyblue,179,213,186,209,407,
lightskyblue,179,213,188,209,407,
lightskyblue,179,213,190,209,407,
lightskyblue,179,213,192,209,407,
lightskyblue,179,213,194,209,407,
lightskyblue,179,213,196,209,407,
lightskyblue,179,213,198,209,407,
lightskyblue,179,213,200,209,407,
lightskyblue,179,213,202,209,407,
lightskyblue,179,213,204,209,407,
lightskyblue,179,213,209,210,407,
lightskyblue,179,213,209,58,407,
lightskyblue,179,213,209,60,407,
lightskyblue,179,213,209,62,407,
lightskyblue,179,213,209,64,407,
lightskyblue,179,213,209,66,407,
lightskyblue,185,213,186,211,430,
lightskyblue,185,213,188,211,430,
lightskyblue,185,213,190,211,430,
lightskyblue,185,213,192,211,430,
lightskyblue,185,213,194,211,430,
lightskyblue,185,213,196,211,430,
lightskyblue,185,213,198,211,430,
lightskyblue,185,213,200,211,430,
lightskyblue,185,213,202,211,430,
lightskyblue,185,213,204,211,430,
lightskyblue,185,213,208,211,430,
lightskyblue,185,213,211,58,430,
lightskyblue,185,213,211,60,430,
lightskyblue,185,213,211,62,430,
lightskyblue,185,213,211,64,430,
lightskyblue,185,213,211,66,430,
lightskyblue,96,215,187,188,72,
lightskyblue,96,215,187,190,72,
lightskyblue,96,215,187,192,72,
lightskyblue,96,215,187,194,72,
lightskyblue,96,215,187,196,72,
lightskyblue,96,215,187,198,72,
lightskyblue,96,215,187,200,72,
lightskyblue,96,215,187,202,72,
lightskyblue,96,215,187,204,72,
lightskyblue,96,215,187,208,72,
lightskyblue,96,215,187,210,72,
lightskyblue,96,215,187,58,72,
lightskyblue,96,215,187,60,72,
lightskyblue,96,215,187,62,72,
lightskyblue,96,215,187,64,72,
lightskyblue,96,215,187,66,72,
lightskyblue,125,215,186,189,101,
lightskyblue,125,215,189,190,101,
lightskyblue,125,215,189,192,101,
lightskyblue,125,215,189,194,101,
lightskyblue,125,215,189,196,101,
lightskyblue,125,215,189,198,101,
lightskyblue,125,215,189,200,101,
lightskyblue,125,215,189,202,101,
lightskyblue,125,215,189,204,101,
lightskyblue,125,215,189,208,101,
lightskyblue,125,215,189,210,101,
lightskyblue,125,215,189,58,101,
lightskyblue,125,215,189,60,101,
lightskyblue,125,215,189,62,101,
lightskyblue,125,215,189,64,101,
lightskyblue,125,215,189,66,101,
lightskyblue,131,215,186,191,224,
lightskyblue,131,215,188,191,224,
lightskyblue,131,215,191,192,224,
lightskyblue,131,215,191,194,224,
lightskyblue,131,215,191,196,224,
lightskyblue,131,215,191,198,224,
lightskyblue,131,215,191,200,224,
lightskyblue,131,215,191,202,224,
lightskyblue,131,215,191,204,224,
lightskyblue,131,215,191,208,224,
lightskyblue,131,215,191,210,224,
lightskyblue,131,215,191,58,224,
lightskyblue,131,215,191,60,224,
lightskyblue,131,215,191,62,224,
lightskyblue,131,215,191,64,224,
lightskyblue,131,215,191,66,224,
lightskyblue,137,215,186,193,247,
lightskyblue,137,215,188,193,247,
lightskyblue,137,215,190,193,247,
lightskyblue,137,215,193,194,247,
lightskyblue,137,215,193,196,247,
lightskyblue,137,215,193,198,247,
lightskyblue,137,215,193,200,247,
lightskyblue,137,215,193,202,247,
lightskyblue,137,215,193,204,247,
lightskyblue,137,215,193,208,247,
lightskyblue,137,215,193,210,247,
lightskyblue,137,215,193,58,247,
lightskyblue,137,215,193,60,247,
lightskyblue,137,215,193,62,247,
lightskyblue,137,215,193,64,247,
lightskyblue,137,215,193,66,247,
lightskyblue,143,215,186,195,270,
lightskyblue,143,215,188,195,270,
lightskyblue,143,215,190,195,270,
lightskyblue,143,215,192,195,270,
lightskyblue,143,215,195,196,270,
lightskyblue,143,215,195,198,270,
lightskyblue,143,215,195,200,270,
lightskyblue,143,215,195,202,270,
lightskyblue,143,215,195,204,270,
lightskyblue,143,215,195,208,270,
lightskyblue,143,215,195,210,270,
lightskyblue,143,215,195,58,270,
lightskyblue,143,215,195,60,270,
lightskyblue,143,215,195,62,270,
lightskyblue,143,215,195,64,270,
lightskyblue,143,215,195,66,270,
lightskyblue,149,215,186,197,293,
lightskyblue,149,215,188,197,293,
lightskyblue,149,215,190,197,293,
lightskyblue,149,215,192,197,293,
lightskyblue,149,215,194,197,293,
lightskyblue,149,215,197,198,293,
lightskyblue,149,215,197,200,293,
lightskyblue,149,215,197,202,293,
lightskyblue,149,215,197,204,293,
lightskyblue,149,215,197,208,293,
lightskyblue,149,215,197,210,293,
lightskyblue,149,215,197,58,293,
lightskyblue,149,215,197,60,293,
lightskyblue,149,215,197,62,293,
lightskyblue,149,215,197,64,293,
lightskyblue,149,215,197,66,293,
lightskyblue,155,215,186,199,316,
lightskyblue,155,215,188,199,316,
lightskyblue,155,215,190,199,316,
lightskyblue,155,215,192,199,316,
lightskyblue,155,215,194,199,316,
lightskyblue,155,215,196,199,316,
lightskyblue,155,215,199,200,316,
lightskyblue,155,215,199,202,316,
lightskyblue,155,215,199,204,316,
lightskyblue,155,215,199,208,316,
lightskyblue,155,215,199,210,316,
lightskyblue,155,215,199,58,316,
lightskyblue,155,215,199,60,316,
lightskyblue,155,215,199,62,316,
lightskyblue,155,215,199,64,316,
lightskyblue,155,215,199,66,316,
lightskyblue,161,215,186,201,339,
lightskyblue,161,215,188,201,339,
lightskyblue,161,215,190,201,339,
lightskyblue,161,215,192,201,339,
lightskyblue,161,215,194,201,339,
lightskyblue,161,215,196,201,339,
lightskyblue,161,215,198,201,339,
lightskyblue,161,215,201,202,339,
lightskyblue,161,215,201,204,339,
lightskyblue,161,215,201,208,339,
lightskyblue,161,215,201,210,339,
lightskyblue,161,215,201,58,339,
lightskyblue,161,215,201,60,339,
lightskyblue,161,215,201,62,339,
lightskyblue,161,215,201,64,339,
lightskyblue,161,215,201,66,339,
lightskyblue,167,215,186,203,362,
lightskyblue,167,215,188,203,362,
lightskyblue,167,215,190,203,362,
lightskyblue,167,215,192,203,362,
lightskyblue,167,215,194,203,362,
lightskyblue,167,215,196,203,362,
lightskyblue,167,215,198,203,362,
lightskyblue,167,215,200,203,362,
lightskyblue,167,215,203,204,362,
lightskyblue,167,215,203,208,362,
lightskyblue,167,215,203,210,362,
lightskyblue,167,215,203,58,362,
lightskyblue,167,215,203,60,362,
lightskyblue,167,215,203,62,362,
lightskyblue,167,215,203,64,362,
lightskyblue,167,215,203,66,362,
lightskyblue,173,215,186,205,385,
lightskyblue,173,215,188,205,385,
lightskyblue,173,215,190,205,385,
lightskyblue,173,215,192,205,385,
lightskyblue,173,215,194,205,385,
lightskyblue,173,215,196,205,385,
lightskyblue,173,215,198,205,385,
lightskyblue,173,215,200,205,385,
lightskyblue,173,215,202,205,385,
lightskyblue,173,215,205,208,385,
lightskyblue,173,215,205,210,385,
lightskyblue,173,215,205,58,385,
lightskyblue,173,215,205,60,385,
lightskyblue,173,215,205,62,385,
lightskyblue,173,215,205,64,385,
lightskyblue,173,215,205,66,385,
lightskyblue,179,215,186,209,408,
lightskyblue,179,215,188,209,408,
lightskyblue,179,215,190,209,408,
lightskyblue,179,215,192,209,408,
lightskyblue,179,215,194,209,408,
lightskyblue,179,215,196,209,408,
lightskyblue,179,215,198,209,408,
lightskyblue,179,215,200,209,408,
lightskyblue,179,215,202,209,408,
lightskyblue,179,215,204,209,408,
lightskyblue,179,215,209,210,408,
lightskyblue,179,215,209,58,408,
lightskyblue,179,215,209,60,408,
lightskyblue,179,215,209,62,408,
lightskyblue,179,215,209,64,408,
lightskyblue,179,215,209,66,408,
lightskyblue,185,215,186,211,431,
lightskyblue,185,215,188,211,431,
lightskyblue,185,215,190,211,431,
lightskyblue,185,215,192,211,431,
lightskyblue,185,215,194,211,431,
lightskyblue,185,215,196,211,431,
lightskyblue,185,215,198,211,431,
lightskyblue,185,215,200,211,431,
lightskyblue,185,215,202,211,431,
lightskyblue,185,215,204,211,431,
lightskyblue,185,215,208,211,431,
lightskyblue,185,215,211,58,431,
lightskyblue,185,215,211,60,431,
lightskyblue,185,215,211,62,431,
lightskyblue,185,215,211,64,431,
lightskyblue,185,215,211,66,431,
lightskyblue,96,217,187,188,73,
lightskyblue,96,217,187,190,73,
lightskyblue,96,217,187,192,73,
lightskyblue,96,217,187,194,73,
lightskyblue,96,217,187,196,73,
lightskyblue,96,217,187,198,73,
lightskyblue,96,217,187,200,73,
lightskyblue,96,217,187,202,73,
lightskyblue,96,217,187,204,73,
lightskyblue,96,217,187,208,73,
lightskyblue,96,217,187,210,73,
lightskyblue,96,217,187,58,73,
lightskyblue,96,217,187,60,73,
lightskyblue,96,217,187,62,73,
lightskyblue,96,217,187,64,73,
lightskyblue,96,217,187,66,73,
lightskyblue,125,217,186,189,102,
lightskyblue,125,217,189,190,102,
lightskyblue,125,217,189,192,102,
lightskyblue,125,217,189,194,102,
lightskyblue,125,217,189,196,102,
lightskyblue,125,217,189,198,102,
lightskyblue,125,217,189,200,102,
lightskyblue,125,217,189,202,102,
lightskyblue,125,217,189,204,102,
lightskyblue,125,217,189,208,102,
lightskyblue,125,217,189,210,102,
lightskyblue,125,217,189,58,102,
lightskyblue,125,217,189,60,102,
lightskyblue,125,217,189,62,102,
lightskyblue,125,217,189,64,102,
lightskyblue,125,217,189,66,102,
lightskyblue,131,217,186,191,225,
lightskyblue,131,217,188,191,225,
lightskyblue,131,217,191,192,225,
lightskyblue,131,217,191,194,225,
lightskyblue,131,217,191,196,225,
lightskyblue,131,217,191,198,225,
lightskyblue,131,217,191,200,225,
lightskyblue,131,217,191,202,225,
lightskyblue,131,217,191,204,225,
lightskyblue,131,217,191,208,225,
lightskyblue,131,217,191,210,225,
lightskyblue,131,217,191,58,225,
lightskyblue,131,217,191,60,225,
lightskyblue,131,217,191,62,225,
lightskyblue,131,217,191,64,225,
lightskyblue,131,217,191,66,225,
lightskyblue,137,217,186,193,248,
lightskyblue,137,217,188,193,248,
lightskyblue,137,217,190,193,248,
lightskyblue,137,217,193,194,248,
lightskyblue,137,217,193,196,248,
lightskyblue,137,217,193,198,248,
lightskyblue,137,217,193,200,248,
lightskyblue,137,217,193,202,248,
lightskyblue,137,217,193,204,248,
lightskyblue,137,217,193,208,248,
lightskyblue,137,217,193,210,248,
lightskyblue,137,217,193,58,248,
lightskyblue,137,217,193,60,248,
lightskyblue,137,217,193,62,248,
lightskyblue,137,217,193,64,248,
lightskyblue,137,217,193,66,248,
lightskyblue,143,217,186,195,271,
lightskyblue,143,217,188,195,271,
lightskyblue,143,217,190,195,271,
lightskyblue,143,217,192,195,271,
lightskyblue,143,217,195,196,271,
lightskyblue,143,217,195,198,271,
lightskyblue,143,217,195,200,271,
lightskyblue,143,217,195,202,271,
lightskyblue,143,217,195,204,271,
lightskyblue,143,217,195,208,271,
lightskyblue,143,217,195,210,271,
lightskyblue,143,217,195,58,271,
lightskyblue,143,217,195,60,271,
lightskyblue,143,217,195,62,271,
lightskyblue,143,217,195,64,271,
lightskyblue,143,217,195,66,271,
lightskyblue,149,217,186,197,294,
lightskyblue,149,217,188,197,294,
lightskyblue,149,217,190,197,294,
lightskyblue,149,217,192,197,294,
lightskyblue,149,217,194,197,294,
lightskyblue,149,217,197,198,294,
lightskyblue,149,217,197,200,294,
lightskyblue,149,217,197,202,294,
lightskyblue,149,217,197,204,294,
lightskyblue,149,217,197,208,294,
lightskyblue,149,217,197,210,294,
lightskyblue,149,217,197,58,294,
lightskyblue,149,217,197,60,294,
lightskyblue,149,217,197,62,294,
lightskyblue,149,217,197,64,294,
lightskyblue,149,217,197,66,294,
lightskyblue,155,217,186,199,317,
lightskyblue,155,217,188,199,317,
lightskyblue,155,217,190,199,317,
lightskyblue,155,217,192,199,317,
lightskyblue,155,217,194,199,317,
lightskyblue,155,217,196,199,317,
lightskyblue,155,217,199,200,317,
lightskyblue,155,217,199,202,317,
lightskyblue,155,217,199,204,317,
lightskyblue,155,217,199,208,317,
lightskyblue,155,217,199,210,317,
lightskyblue,155,217,199,58,317,
lightskyblue,155,217,199,60,317,
lightskyblue,155,217,199,62,317,
lightskyblue,155,217,199,64,317,
lightskyblue,155,217,199,66,317,
lightskyblue,161,217,186,201,340,
lightskyblue,161,217,188,201,340,
lightskyblue,161,217,190,201,340,
lightskyblue,161,217,192,201,340,
lightskyblue,161,217,194,201,340,
lightskyblue,161,217,196,201,340,
lightskyblue,161,217,198,201,340,
lightskyblue,161,217,201,202,340,
lightskyblue,161,217,201,204,340,
lightskyblue,161,217,201,208,340,
lightskyblue,161,217,201,210,340,
lightskyblue,161,217,201,58,340,
lightskyblue,161,217,201,60,340,
lightskyblue,161,217,201,62,340,
lightskyblue,161,217,201,64,340,
lightskyblue,161,217,201,66,340,
lightskyblue,167,217,186,203,363,
lightskyblue,167,217,188,203,363,
lightskyblue,167,217,190,203,363,
lightskyblue,167,217,192,203,363,
lightskyblue,167,217,194,203,363,
lightskyblue,167,217,196,203,363,
lightskyblue,167,217,198,203,363,
lightskyblue,167,217,200,203,363,
lightskyblue,167,217,203,204,363,
lightskyblue,167,217,203,208,363,
lightskyblue,167,217,203,210,363,
lightskyblue,167,217,203,58,363,
lightskyblue,167,217,203,60,363,
lightskyblue,167,217,203,62,363,
lightskyblue,167,217,203,64,363,
lightskyblue,167,217,203,66,363,
lightskyblue,173,217,186,205,386,
lightskyblue,173,217,188,205,386,
lightskyblue,173,217,190,205,386,
lightskyblue,173,217,192,205,386,
lightskyblue,173,217,194,205,386,
lightskyblue,173,217,196,205,386,
lightskyblue,173,217,198,205,386,
lightskyblue,173,217,200,205,386,
lightskyblue,173,217,202,205,386,
lightskyblue,173,217,205,208,386,
lightskyblue,173,217,205,210,386,
lightskyblue,173,217,205,58,386,
lightskyblue,173,217,205,60,386,
lightskyblue,173,217,205,62,386,
lightskyblue,173,217,205,64,386,
lightskyblue,173,217,205,66,386,
lightskyblue,179,217,186,209,409,
lightskyblue,179,217,188,209,409,
lightskyblue,179,217,190,209,409,
lightskyblue,179,217,192,209,409,
lightskyblue,179,217,194,209,409,
lightskyblue,179,217,196,209,409,
lightskyblue,179,217,198,209,409,
lightskyblue,179,217,200,209,409,
lightskyblue,179,217,202,209,409,
lightskyblue,179,217,204,209,409,
lightskyblue,179,217,209,210,409,
lightskyblue,179,217,209,58,409,
lightskyblue,179,217,209,60,409,
lightskyblue,179,217,209,62,409,
lightskyblue,179,217,209,64,409,
lightskyblue,179,217,209,66,409,
lightskyblue,185,217,186,211,432,
lightskyblue,185,217,188,211,432,
lightskyblue,185,217,190,211,432,
lightskyblue,185,217,192,211,432,
lightskyblue,185,217,194,211,432,
lightskyblue,185,217,196,211,432,
lightskyblue,185,217,198,211,432,
lightskyblue,185,217,200,211,432,
lightskyblue,185,217,202,211,432,
lightskyblue,185,217,204,211,432,
lightskyblue,185,217,208,211,432,
lightskyblue,185,217,211,58,432,
lightskyblue,185,217,211,60,432,
lightskyblue,185,217,211,62,432,
lightskyblue,185,217,211,64,432,
lightskyblue,185,217,211,66,432,
lightskyblue,96,219,187,188,74,
lightskyblue,96,219,187,190,74,
lightskyblue,96,219,187,192,74,
lightskyblue,96,219,187,194,74,
lightskyblue,96,219,187,196,74,
lightskyblue,96,219,187,198,74,
lightskyblue,96,219,187,200,74,
lightskyblue,96,219,187,202,74,
lightskyblue,96,219,187,204,74,
lightskyblue,96,219,187,208,74,
lightskyblue,96,219,187,210,74,
lightskyblue,96,219,187,58,74,
lightskyblue,96,219,187,60,74,
lightskyblue,96,219,187,62,74,
lightskyblue,96,219,187,64,74,
lightskyblue,96,219,187,66,74,
lightskyblue,125,219,186,189,103,
lightskyblue,125,219,189,190,103,
lightskyblue,125,219,189,192,103,
lightskyblue,125,219,189,194,103,
lightskyblue,125,219,189,196,103,
lightskyblue,125,219,189,198,103,
lightskyblue,125,219,189,200,103,
lightskyblue,125,219,189,202,103,
lightskyblue,125,219,189,204,103,
lightskyblue,125,219,189,208,103,
lightskyblue,125,219,189,210,103,
lightskyblue,125,219,189,58,103,
lightskyblue,125,219,189,60,103,
lightskyblue,125,219,189,62,103,
lightskyblue,125,219,189,64,103,
lightskyblue,125,219,189,66,103,
lightskyblue,131,219,186,191,226,
lightskyblue,131,219,188,191,226,
lightskyblue,131,219,191,192,226,
lightskyblue,131,219,191,194,226,
lightskyblue,131,219,191,196,226,
lightskyblue,131,219,191,198,226,
lightskyblue,131,219,191,200,226,
lightskyblue,131,219,191,202,226,
lightskyblue,131,219,191,204,226,
lightskyblue,131,219,191,208,226,
lightskyblue,131,219,191,210,226,
lightskyblue,131,219,191,58,226,
lightskyblue,131,219,191,60,226,
lightskyblue,131,219,191,62,226,
lightskyblue,131,219,191,64,226,
lightskyblue,131,219,191,66,226,
lightskyblue,137,219,186,193,249,
lightskyblue,137,219,188,193,249,
lightskyblue,137,219,190,193,249,
lightskyblue,137,219,193,194,249,
lightskyblue,137,219,193,196,249,
lightskyblue,137,219,193,198,249,
lightskyblue,137,219,193,200,249,
lightskyblue,137,219,193,202,249,
lightskyblue,137,219,193,204,249,
lightskyblue,137,219,193,208,249,
lightskyblue,137,219,193,210,249,
lightskyblue,137,219,193,58,249,
lightskyblue,137,219,193,60,249,
lightskyblue,137,219,193,62,249,
lightskyblue,137,219,193,64,249,
lightskyblue,137,219,193,66,249,
lightskyblue,143,219,186,195,272,
lightskyblue,143,219,188,195,272,
lightskyblue,143,219,190,195,272,
lightskyblue,143,219,192,195,272,
lightskyblue,143,219,195,196,272,
lightskyblue,143,219,195,198,272,
lightskyblue,143,219,195,200,272,
lightskyblue,143,219,195,202,272,
lightskyblue,143,219,195,204,272,
lightskyblue,143,219,195,208,272,
lightskyblue,143,219,195,210,272,
lightskyblue,143,219,195,58,272,
lightskyblue,143,219,195,60,272,
lightskyblue,143,219,195,62,272,
lightskyblue,143,219,195,64,272,
lightskyblue,143,219,195,66,272,
lightskyblue,149,219,186,197,295,
lightskyblue,149,219,188,197,295,
lightskyblue,149,219,190,197,295,
lightskyblue,149,219,192,197,295,
lightskyblue,149,219,194,197,295,
lightskyblue,149,219,197,198,295,
lightskyblue,149,219,197,200,295,
lightskyblue,149,219,197,202,295,
lightskyblue,149,219,197,204,295,
lightskyblue,149,219,197,208,295,
lightskyblue,149,219,197,210,295,
lightskyblue,149,219,197,58,295,
lightskyblue,149,219,197,60,295,
lightskyblue,149,219,197,62,295,
lightskyblue,149,219,197,64,295,
lightskyblue,149,219,197,66,295,
lightskyblue,155,219,186,199,318,
lightskyblue,155,219,188,199,318,
lightskyblue,155,219,190,199,318,
lightskyblue,155,219,192,199,318,
lightskyblue,155,219,194,199,318,
lightskyblue,155,219,196,199,318,
lightskyblue,155,219,199,200,318,
lightskyblue,155,219,199,202,318,
lightskyblue,155,219,199,204,318,
lightskyblue,155,219,199,208,318,
lightskyblue,155,219,199,210,318,
lightskyblue,155,219,199,58,318,
lightskyblue,155,219,199,60,318,
lightskyblue,155,219,199,62,318,
lightskyblue,155,219,199,64,318,
lightskyblue,155,219,199,66,318,
lightskyblue,161,219,186,201,341,
lightskyblue,161,219,188,201,341,
lightskyblue,161,219,190,201,341,
lightskyblue,161,219,192,201,341,
lightskyblue,161,219,194,201,341,
lightskyblue,161,219,196,201,341,
lightskyblue,161,219,198,201,341,
lightskyblue,161,219,201,202,341,
lightskyblue,161,219,201,204,341,
lightskyblue,161,219,201,208,341,
lightskyblue,161,219,201,210,341,
lightskyblue,161,219,201,58,341,
lightskyblue,161,219,201,60,341,
lightskyblue,161,219,201,62,341,
lightskyblue,161,219,201,64,341,
lightskyblue,161,219,201,66,341,
lightskyblue,167,219,186,203,364,
lightskyblue,167,219,188,203,364,
lightskyblue,167,219,190,203,364,
lightskyblue,167,219,192,203,364,
lightskyblue,167,219,194,203,364,
lightskyblue,167,219,196,203,364,
lightskyblue,167,219,198,203,364,
lightskyblue,167,219,200,203,364,
lightskyblue,167,219,203,204,364,
lightskyblue,167,219,203,208,364,
lightskyblue,167,219,203,210,364,
lightskyblue,167,219,203,58,364,
lightskyblue,167,219,203,60,364,
lightskyblue,167,219,203,62,364,
lightskyblue,167,219,203,64,364,
lightskyblue,167,219,203,66,364,
lightskyblue,173,219,186,205,387,
lightskyblue,173,219,188,205,387,
lightskyblue,173,219,190,205,387,
lightskyblue,173,219,192,205,387,
lightskyblue,173,219,194,205,387,
lightskyblue,173,219,196,205,387,
lightskyblue,173,219,198,205,387,
lightskyblue,173,219,200,205,387,
lightskyblue,173,219,202,205,387,
lightskyblue,173,219,205,208,387,
lightskyblue,173,219,205,210,387,
lightskyblue,173,219,205,58,387,
lightskyblue,173,219,205,60,387,
lightskyblue,173,219,205,62,387,
lightskyblue,173,219,205,64,387,
lightskyblue,173,219,205,66,387,
lightskyblue,179,219,186,209,410,
lightskyblue,179,219,188,209,410,
lightskyblue,179,219,190,209,410,
lightskyblue,179,219,192,209,410,
lightskyblue,179,219,194,209,410,
lightskyblue,179,219,196,209,410,
lightskyblue,179,219,198,209,410,
lightskyblue,179,219,200,209,410,
lightskyblue,179,219,202,209,410,
lightskyblue,179,219,204,209,410,
lightskyblue,179,219,209,210,410,
lightskyblue,179,219,209,58,410,
lightskyblue,179,219,209,60,410,
lightskyblue,179,219,209,62,410,
lightskyblue,179,219,209,64,410,
lightskyblue,179,219,209,66,410,
lightskyblue,185,219,186,211,433,
lightskyblue,185,219,188,211,433,
lightskyblue,185,219,190,211,433,
lightskyblue,185,219,192,211,433,
lightskyblue,185,219,194,211,433,
lightskyblue,185,219,196,211,433,
lightskyblue,185,219,198,211,433,
lightskyblue,185,219,200,211,433,
lightskyblue,185,219,202,211,433,
lightskyblue,185,219,204,211,433,
lightskyblue,185,219,208,211,433,
lightskyblue,185,219,211,58,433,
lightskyblue,185,219,211,60,433,
lightskyblue,185,219,211,62,433,
lightskyblue,185,219,211,64,433,
lightskyblue,185,219,211,66,433,
lightskyblue,206,68,
lightskyblue,206,69,
lightskyblue,206,97,
lightskyblue,206,98,
lightskyblue,206,220,
lightskyblue,206,221,
lightskyblue,206,243,
lightskyblue,206,244,
lightskyblue,206,266,
lightskyblue,206,267,
lightskyblue,206,289,
lightskyblue,206,290,
lightskyblue,206,312,
lightskyblue,206,313,
lightskyblue,206,335,
lightskyblue,206,336,
lightskyblue,206,358,
lightskyblue,206,359,
lightskyblue,206,381,
lightskyblue,206,382,
lightskyblue,206,404,
lightskyblue,206,405,
lightskyblue,206,427,
lightskyblue,206,428,
lightskyblue,212,68,
lightskyblue,212,69,
lightskyblue,212,97,
lightskyblue,212,98,
lightskyblue,212,220,
lightskyblue,212,221,
lightskyblue,212,243,
lightskyblue,212,244,
lightskyblue,212,266,
lightskyblue,212,267,
lightskyblue,212,289,
lightskyblue,212,290,
lightskyblue,212,312,
lightskyblue,212,313,
lightskyblue,212,335,
lightskyblue,212,336,
lightskyblue,212,358,
lightskyblue,212,359,
lightskyblue,212,381,
lightskyblue,212,382,
lightskyblue,212,404,
lightskyblue,212,405,
lightskyblue,212,427,
lightskyblue,212,428,
lightskyblue,214,68,
lightskyblue,214,69,
lightskyblue,214,97,
lightskyblue,214,98,
lightskyblue,214,220,
lightskyblue,214,221,
lightskyblue,214,243,
lightskyblue,214,244,
lightskyblue,214,266,
lightskyblue,214,267,
lightskyblue,214,289,
lightskyblue,214,290,
lightskyblue,214,312,
lightskyblue,214,313,
lightskyblue,214,335,
lightskyblue,214,336,
lightskyblue,214,358,
lightskyblue,214,359,
lightskyblue,214,381,
lightskyblue,214,382,
lightskyblue,214,404,
lightskyblue,214,405,
lightskyblue,214,427,
lightskyblue,214,428,
lightskyblue,216,68,
lightskyblue,216,69,
lightskyblue,216,97,
lightskyblue,216,98,
lightskyblue,216,220,
lightskyblue,216,221,
lightskyblue,216,243,
lightskyblue,216,244,
lightskyblue,216,266,
lightskyblue,216,267,
lightskyblue,216,289,
lightskyblue,216,290,
lightskyblue,216,312,
lightskyblue,216,313,
lightskyblue,216,335,
lightskyblue,216,336,
lightskyblue,216,358,
lightskyblue,216,359,
lightskyblue,216,381,
lightskyblue,216,382,
lightskyblue,216,404,
lightskyblue,216,405,
lightskyblue,216,427,
lightskyblue,216,428,
lightskyblue,218,68,
lightskyblue,218,69,
lightskyblue,218,97,
lightskyblue,218,98,
lightskyblue,218,220,
lightskyblue,218,221,
lightskyblue,218,243,
lightskyblue,218,244,
lightskyblue,218,266,
lightskyblue,218,267,
lightskyblue,218,289,
lightskyblue,218,290,
lightskyblue,218,312,
lightskyblue,218,313,
lightskyblue,218,335,
lightskyblue,218,336,
lightskyblue,218,358,
lightskyblue,218,359,
lightskyblue,218,381,
lightskyblue,218,382,
lightskyblue,218,404,
lightskyblue,218,405,
lightskyblue,218,427,
lightskyblue,218,428,
lightskyblue,207,70,
lightskyblue,207,70,
lightskyblue,207,99,
lightskyblue,207,99,
lightskyblue,207,222,
lightskyblue,207,222,
lightskyblue,207,245,
lightskyblue,207,245,
lightskyblue,207,268,
lightskyblue,207,268,
lightskyblue,207,291,
lightskyblue,207,291,
lightskyblue,207,314,
lightskyblue,207,314,
lightskyblue,207,337,
lightskyblue,207,337,
lightskyblue,207,360,
lightskyblue,207,360,
lightskyblue,207,383,
lightskyblue,207,383,
lightskyblue,207,406,
lightskyblue,207,406,
lightskyblue,207,429,
lightskyblue,207,429,
lightskyblue,213,71,
lightskyblue,213,71,
lightskyblue,213,100,
lightskyblue,213,100,
lightskyblue,213,223,
lightskyblue,213,223,
lightskyblue,213,246,
lightskyblue,213,246,
lightskyblue,213,269,
lightskyblue,213,269,
lightskyblue,213,292,
lightskyblue,213,292,
lightskyblue,213,315,
lightskyblue,213,315,
lightskyblue,213,338,
lightskyblue,213,338,
lightskyblue,213,361,
lightskyblue,213,361,
lightskyblue,213,384,
lightskyblue,213,384,
lightskyblue,213,407,
lightskyblue,213,407,
lightskyblue,213,430,
lightskyblue,213,430,
lightskyblue,215,72,
lightskyblue,215,72,
lightskyblue,215,101,
lightskyblue,215,101,
lightskyblue,215,224,
lightskyblue,215,224,
lightskyblue,215,247,
lightskyblue,215,247,
lightskyblue,215,270,
lightskyblue,215,270,
lightskyblue,215,293,
lightskyblue,215,293,
lightskyblue,215,316,
lightskyblue,215,316,
lightskyblue,215,339,
lightskyblue,215,339,
lightskyblue,215,362,
lightskyblue,215,362,
lightskyblue,215,385,
lightskyblue,215,385,
lightskyblue,215,408,
lightskyblue,215,408,
lightskyblue,215,431,
lightskyblue,215,431,
lightskyblue,217,73,
lightskyblue,217,73,
lightskyblue,217,102,
lightskyblue,217,102,
lightskyblue,217,225,
lightskyblue,217,225,
lightskyblue,217,248,
lightskyblue,217,248,
lightskyblue,217,271,
lightskyblue,217,271,
lightskyblue,217,294,
lightskyblue,217,294,
lightskyblue,217,317,
lightskyblue,217,317,
lightskyblue,217,340,
lightskyblue,217,340,
lightskyblue,217,363,
lightskyblue,217,363,
lightskyblue,217,386,
lightskyblue,217,386,
lightskyblue,217,409,
lightskyblue,217,409,
lightskyblue,217,432,
lightskyblue,217,432,
lightskyblue,219,74,
lightskyblue,219,74,
lightskyblue,219,103,
lightskyblue,219,103,
lightskyblue,219,226,
lightskyblue,219,226,
lightskyblue,219,249,
lightskyblue,219,249,
lightskyblue,219,272,
lightskyblue,219,272,
lightskyblue,219,295,
lightskyblue,219,295,
lightskyblue,219,318,
lightskyblue,219,318,
lightskyblue,219,341,
lightskyblue,219,341,
lightskyblue,219,364,
lightskyblue,219,364,
lightskyblue,219,387,
lightskyblue,219,387,
lightskyblue,219,410,
lightskyblue,219,410,
lightskyblue,219,433,
lightskyblue,219,433,
