green,
green,
green,
green,
green,
green,
green,
green,
green,
green,
green,
green,
green,
green,
green,
green,
green,
green,
green,
green,
green,
green,
green,
green,
green,
green,
green,
green,
green,
gold,0,230,231,232,233,234,711,713,715,717,719,771,773,775,777,779,
gold,0,235,236,237,238,239,721,723,725,727,729,781,783,785,787,789,
gold,0,240,241,242,243,244,731,733,735,737,739,791,793,795,797,799,
gold,0,245,246,247,248,249,741,743,745,747,749,801,803,805,807,809,
gold,0,250,251,252,253,254,751,753,755,757,759,811,813,815,817,819,
gold,0,255,256,257,258,259,761,763,765,767,769,821,823,825,827,829,
gold,1,200,201,202,203,204,710,712,714,716,718,770,772,774,776,778,
gold,1,205,206,207,208,209,720,722,724,726,728,780,782,784,786,788,
gold,1,210,211,212,213,214,730,732,734,736,738,790,792,794,796,798,
gold,1,215,216,217,218,219,740,742,744,746,748,800,802,804,806,808,
gold,1,220,221,222,223,224,750,752,754,756,758,810,812,814,816,818,
gold,1,225,226,227,228,229,760,762,764,766,768,820,822,824,826,828,
gold,2,264,269,274,279,284,
gold,2,
gold,3,289,294,299,304,309,
gold,3,
gold,4,314,319,324,329,334,
gold,4,
gold,5,339,344,349,354,359,
gold,5,
gold,6,364,369,374,379,384,
gold,6,
gold,7,389,394,399,404,409,
gold,7,
gold,8,410,411,412,413,414,415,416,417,418,419,420,421,422,423,424,425,426,427,428,429,430,431,432,433,434,435,436,437,438,439,440,441,442,443,444,445,446,447,448,449,450,451,452,453,454,455,456,457,458,459,770,771,772,773,774,775,776,777,778,779,
gold,8,
gold,9,770,780,790,800,810,820,
gold,9,771,781,791,801,811,821,
gold,9,260,261,262,263,264,710,711,
gold,9,285,286,287,288,289,720,721,
gold,9,310,311,312,313,314,730,731,
gold,9,335,336,337,338,339,740,741,
gold,9,360,361,362,363,364,750,751,
gold,9,385,386,387,388,389,760,761,
gold,9,410,460,510,560,610,660,
gold,9,411,461,511,561,611,661,
gold,9,412,462,512,562,612,662,
gold,9,413,463,513,563,613,663,
gold,9,414,464,514,564,614,664,
gold,9,415,465,515,565,615,665,
gold,9,416,466,516,566,616,666,
gold,9,417,467,517,567,617,667,
gold,9,418,468,518,568,618,668,
gold,9,419,469,519,569,619,669,
gold,10,265,270,275,280,410,411,412,413,414,415,416,417,418,419,
gold,10,290,295,300,305,460,461,462,463,464,465,466,467,468,469,
gold,10,315,320,325,330,510,511,512,513,514,515,516,517,518,519,
gold,10,340,345,350,355,560,561,562,563,564,565,566,567,568,569,
gold,10,365,370,375,380,610,611,612,613,614,615,616,617,618,619,
gold,10,390,395,400,405,660,661,662,663,664,665,666,667,668,669,
gold,10,
gold,11,460,461,462,463,464,465,466,467,468,469,470,471,472,473,474,475,476,477,478,479,480,481,482,483,484,485,486,487,488,489,490,491,492,493,494,495,496,497,498,499,500,501,502,503,504,505,506,507,508,509,780,781,782,783,784,785,786,787,788,789,
gold,11,
gold,12,265,270,275,280,290,295,300,305,315,320,325,330,340,345,350,355,365,370,375,380,390,395,400,405,410,411,412,413,414,415,416,417,418,419,460,461,462,463,464,465,466,467,468,469,510,511,512,513,514,515,516,517,518,519,560,561,562,563,564,565,566,567,568,569,610,611,612,613,614,615,616,617,618,619,660,661,662,663,664,665,666,667,668,669,
gold,12,
gold,13,510,511,512,513,514,515,516,517,518,519,520,521,522,523,524,525,526,527,528,529,530,531,532,533,534,535,536,537,538,539,540,541,542,543,544,545,546,547,548,549,550,551,552,553,554,555,556,557,558,559,790,791,792,793,794,795,796,797,798,799,
gold,13,
gold,14,560,561,562,563,564,565,566,567,568,569,570,571,572,573,574,575,576,577,578,579,580,581,582,583,584,585,586,587,588,589,590,591,592,593,594,595,596,597,598,599,600,601,602,603,604,605,606,607,608,609,800,801,802,803,804,805,806,807,808,809,
gold,14,
gold,15,774,784,794,804,814,824,
gold,15,775,785,795,805,815,825,
gold,15,270,271,272,273,274,714,715,
gold,15,295,296,297,298,299,724,725,
gold,15,320,321,322,323,324,734,735,
gold,15,345,346,347,348,349,744,745,
gold,15,370,371,372,373,374,754,755,
gold,15,395,396,397,398,399,764,765,
gold,15,430,480,530,580,630,680,
gold,15,431,481,531,581,631,681,
gold,15,432,482,532,582,632,682,
gold,15,433,483,533,583,633,683,
gold,15,434,484,534,584,634,684,
gold,15,435,485,535,585,635,685,
gold,15,436,486,536,586,636,686,
gold,15,437,487,537,587,637,687,
gold,15,438,488,538,588,638,688,
gold,15,439,489,539,589,639,689,
gold,16,261,266,277,282,430,431,432,433,434,435,436,437,438,439,
gold,16,286,291,302,307,480,481,482,483,484,485,486,487,488,489,
gold,16,311,316,327,332,530,531,532,533,534,535,536,537,538,539,
gold,16,336,341,352,357,580,581,582,583,584,585,586,587,588,589,
gold,16,361,366,377,382,630,631,632,633,634,635,636,637,638,639,
gold,16,386,391,402,407,680,681,682,683,684,685,686,687,688,689,
gold,16,
gold,17,261,266,277,282,286,291,302,307,311,316,327,332,336,341,352,357,361,366,377,382,386,391,402,407,430,431,432,433,434,435,436,437,438,439,480,481,482,483,484,485,486,487,488,489,530,531,532,533,534,535,536,537,538,539,580,581,582,583,584,585,586,587,588,589,630,631,632,633,634,635,636,637,638,639,680,681,682,683,684,685,686,687,688,689,
gold,17,
gold,18,610,611,612,613,614,615,616,617,618,619,620,621,622,623,624,625,626,627,628,629,630,631,632,633,634,635,636,637,638,639,640,641,642,643,644,645,646,647,648,649,650,651,652,653,654,655,656,657,658,659,810,811,812,813,814,815,816,817,818,819,
gold,18,
gold,19,660,661,662,663,664,665,666,667,668,669,670,671,672,673,674,675,676,677,678,679,680,681,682,683,684,685,686,687,688,689,690,691,692,693,694,695,696,697,698,699,700,701,702,703,704,705,706,707,708,709,820,821,822,823,824,825,826,827,828,829,
gold,19,
gold,20,260,271,276,281,420,421,422,423,424,425,426,427,428,429,
gold,20,285,296,301,306,470,471,472,473,474,475,476,477,478,479,
gold,20,310,321,326,331,520,521,522,523,524,525,526,527,528,529,
gold,20,335,346,351,356,570,571,572,573,574,575,576,577,578,579,
gold,20,360,371,376,381,620,621,622,623,624,625,626,627,628,629,
gold,20,385,396,401,406,670,671,672,673,674,675,676,677,678,679,
gold,20,
gold,21,260,271,276,281,285,296,301,306,310,321,326,331,335,346,351,356,360,371,376,381,385,396,401,406,420,421,422,423,424,425,426,427,428,429,470,471,472,473,474,475,476,477,478,479,520,521,522,523,524,525,526,527,528,529,570,571,572,573,574,575,576,577,578,579,620,621,622,623,624,625,626,627,628,629,670,671,672,673,674,675,676,677,678,679,
gold,21,
gold,22,262,267,272,283,440,441,442,443,444,445,446,447,448,449,
gold,22,287,292,297,308,490,491,492,493,494,495,496,497,498,499,
gold,22,312,317,322,333,540,541,542,543,544,545,546,547,548,549,
gold,22,337,342,347,358,590,591,592,593,594,595,596,597,598,599,
gold,22,362,367,372,383,640,641,642,643,644,645,646,647,648,649,
gold,22,387,392,397,408,690,691,692,693,694,695,696,697,698,699,
gold,22,
gold,23,262,267,272,283,287,292,297,308,312,317,322,333,337,342,347,358,362,367,372,383,387,392,397,408,440,441,442,443,444,445,446,447,448,449,490,491,492,493,494,495,496,497,498,499,540,541,542,543,544,545,546,547,548,549,590,591,592,593,594,595,596,597,598,599,640,641,642,643,644,645,646,647,648,649,690,691,692,693,694,695,696,697,698,699,
gold,23,
gold,24,263,268,273,278,450,451,452,453,454,455,456,457,458,459,
gold,24,288,293,298,303,500,501,502,503,504,505,506,507,508,509,
gold,24,313,318,323,328,550,551,552,553,554,555,556,557,558,559,
gold,24,338,343,348,353,600,601,602,603,604,605,606,607,608,609,
gold,24,363,368,373,378,650,651,652,653,654,655,656,657,658,659,
gold,24,388,393,398,403,700,701,702,703,704,705,706,707,708,709,
gold,24,
gold,25,263,268,273,278,288,293,298,303,313,318,323,328,338,343,348,353,363,368,373,378,388,393,398,403,450,451,452,453,454,455,456,457,458,459,500,501,502,503,504,505,506,507,508,509,550,551,552,553,554,555,556,557,558,559,600,601,602,603,604,605,606,607,608,609,650,651,652,653,654,655,656,657,658,659,700,701,702,703,704,705,706,707,708,709,
gold,25,
gold,26,772,782,792,802,812,822,
gold,26,773,783,793,803,813,823,
gold,26,265,266,267,268,269,712,713,
gold,26,290,291,292,293,294,722,723,
gold,26,315,316,317,318,319,732,733,
gold,26,340,341,342,343,344,742,743,
gold,26,365,366,367,368,369,752,753,
gold,26,390,391,392,393,394,762,763,
gold,26,420,470,520,570,620,670,
gold,26,421,471,521,571,621,671,
gold,26,422,472,522,572,622,672,
gold,26,423,473,523,573,623,673,
gold,26,424,474,524,574,624,674,
gold,26,425,475,525,575,625,675,
red,26,426,476,526,576,626,676,
gold,26,427,477,527,577,627,677,
gold,26,428,478,528,578,628,678,
gold,26,429,479,529,579,629,679,
gold,27,776,786,796,806,816,826,
gold,27,777,787,797,807,817,827,
gold,27,275,276,277,278,279,716,717,
gold,27,300,301,302,303,304,726,727,
gold,27,325,326,327,328,329,736,737,
gold,27,350,351,352,353,354,746,747,
gold,27,375,376,377,378,379,756,757,
gold,27,400,401,402,403,404,766,767,
gold,27,440,490,540,590,640,690,
gold,27,441,491,541,591,641,691,
gold,27,442,492,542,592,642,692,
gold,27,443,493,543,593,643,693,
red,27,444,494,544,594,644,694,
gold,27,445,495,545,595,645,695,
gold,27,446,496,546,596,646,696,
gold,27,447,497,547,597,647,697,
gold,27,448,498,548,598,648,698,
gold,27,449,499,549,599,649,699,
gold,28,778,788,798,808,818,828,
gold,28,779,789,799,809,819,829,
gold,28,280,281,282,283,284,718,719,
gold,28,305,306,307,308,309,728,729,
gold,28,330,331,332,333,334,738,739,
gold,28,355,356,357,358,359,748,749,
gold,28,380,381,382,383,384,758,759,
gold,28,405,406,407,408,409,768,769,
gold,28,450,500,550,600,650,700,
gold,28,451,501,551,601,651,701,
gold,28,452,502,552,602,652,702,
gold,28,453,503,553,603,653,703,
gold,28,454,504,554,604,654,704,
gold,28,455,505,555,605,655,705,
gold,28,456,506,556,606,656,706,
red,28,457,507,557,607,657,707,
gold,28,458,508,558,608,658,708,
gold,28,459,509,559,609,659,709,
lightskyblue,36,
lightskyblue,37,
lightskyblue,38,
lightskyblue,39,
lightskyblue,40,
lightskyblue,35,
lightskyblue,37,
lightskyblue,38,
lightskyblue,39,
lightskyblue,40,
lightskyblue,35,
lightskyblue,36,
lightskyblue,38,
lightskyblue,39,
lightskyblue,40,
lightskyblue,35,
lightskyblue,36,
lightskyblue,37,
lightskyblue,39,
lightskyblue,40,
lightskyblue,35,
lightskyblue,36,
lightskyblue,37,
lightskyblue,38,
lightskyblue,40,
lightskyblue,35,
lightskyblue,36,
lightskyblue,37,
lightskyblue,38,
lightskyblue,39,
lightskyblue,30,
lightskyblue,31,
lightskyblue,32,
lightskyblue,33,
lightskyblue,34,
lightskyblue,29,
lightskyblue,31,
lightskyblue,32,
lightskyblue,33,
lightskyblue,34,
lightskyblue,29,
lightskyblue,30,
lightskyblue,32,
lightskyblue,33,
lightskyblue,34,
lightskyblue,29,
lightskyblue,30,
lightskyblue,31,
lightskyblue,33,
lightskyblue,34,
lightskyblue,29,
lightskyblue,30,
lightskyblue,31,
lightskyblue,32,
lightskyblue,34,
lightskyblue,29,
lightskyblue,30,
lightskyblue,31,
lightskyblue,32,
lightskyblue,33,
lightskyblue,73,53,82,127,63,
lightskyblue,73,53,82,114,64,
lightskyblue,73,53,82,136,65,
lightskyblue,73,53,82,145,66,
lightskyblue,73,53,82,42,67,
lightskyblue,119,53,83,126,154,
lightskyblue,119,53,126,114,155,
lightskyblue,119,53,126,136,156,
lightskyblue,119,53,126,145,157,
lightskyblue,119,53,126,42,158,
lightskyblue,106,53,83,113,96,
lightskyblue,106,53,127,113,97,
lightskyblue,106,53,113,136,98,
lightskyblue,106,53,113,145,99,
lightskyblue,106,53,113,42,100,
lightskyblue,128,53,83,135,172,
lightskyblue,128,53,127,135,173,
lightskyblue,128,53,114,135,174,
lightskyblue,128,53,135,145,175,
lightskyblue,128,53,135,42,176,
lightskyblue,137,53,83,144,190,
lightskyblue,137,53,127,144,191,
lightskyblue,137,53,114,144,192,
lightskyblue,137,53,136,144,193,
lightskyblue,137,53,144,42,194,
lightskyblue,74,80,82,127,63,
lightskyblue,74,80,82,114,64,
lightskyblue,74,80,82,136,65,
lightskyblue,74,80,82,145,66,
lightskyblue,74,80,82,44,68,
lightskyblue,120,80,83,126,154,
lightskyblue,120,80,126,114,155,
lightskyblue,120,80,126,136,156,
lightskyblue,120,80,126,145,157,
lightskyblue,120,80,126,44,159,
lightskyblue,107,80,83,113,96,
lightskyblue,107,80,127,113,97,
lightskyblue,107,80,113,136,98,
lightskyblue,107,80,113,145,99,
lightskyblue,107,80,113,44,101,
lightskyblue,129,80,83,135,172,
lightskyblue,129,80,127,135,173,
lightskyblue,129,80,114,135,174,
lightskyblue,129,80,135,145,175,
lightskyblue,129,80,135,44,177,
lightskyblue,138,80,83,144,190,
lightskyblue,138,80,127,144,191,
lightskyblue,138,80,114,144,192,
lightskyblue,138,80,136,144,193,
lightskyblue,138,80,144,44,195,
lightskyblue,75,84,82,127,63,
lightskyblue,75,84,82,114,64,
lightskyblue,75,84,82,136,65,
lightskyblue,75,84,82,145,66,
lightskyblue,75,84,82,46,69,
lightskyblue,121,84,83,126,154,
lightskyblue,121,84,126,114,155,
lightskyblue,121,84,126,136,156,
lightskyblue,121,84,126,145,157,
lightskyblue,121,84,126,46,160,
lightskyblue,108,84,83,113,96,
lightskyblue,108,84,127,113,97,
lightskyblue,108,84,113,136,98,
lightskyblue,108,84,113,145,99,
lightskyblue,108,84,113,46,102,
lightskyblue,130,84,83,135,172,
lightskyblue,130,84,127,135,173,
lightskyblue,130,84,114,135,174,
lightskyblue,130,84,135,145,175,
lightskyblue,130,84,135,46,178,
lightskyblue,139,84,83,144,190,
lightskyblue,139,84,127,144,191,
lightskyblue,139,84,114,144,192,
lightskyblue,139,84,136,144,193,
lightskyblue,139,84,144,46,196,
lightskyblue,76,86,82,127,63,
lightskyblue,76,86,82,114,64,
lightskyblue,76,86,82,136,65,
lightskyblue,76,86,82,145,66,
lightskyblue,76,86,82,48,70,
lightskyblue,122,86,83,126,154,
lightskyblue,122,86,126,114,155,
lightskyblue,122,86,126,136,156,
lightskyblue,122,86,126,145,157,
lightskyblue,122,86,126,48,161,
lightskyblue,109,86,83,113,96,
lightskyblue,109,86,127,113,97,
lightskyblue,109,86,113,136,98,
lightskyblue,109,86,113,145,99,
lightskyblue,109,86,113,48,103,
lightskyblue,131,86,83,135,172,
lightskyblue,131,86,127,135,173,
lightskyblue,131,86,114,135,174,
lightskyblue,131,86,135,145,175,
lightskyblue,131,86,135,48,179,
lightskyblue,140,86,83,144,190,
lightskyblue,140,86,127,144,191,
lightskyblue,140,86,114,144,192,
lightskyblue,140,86,136,144,193,
lightskyblue,140,86,144,48,197,
lightskyblue,77,115,82,127,63,
lightskyblue,77,115,82,114,64,
lightskyblue,77,115,82,136,65,
lightskyblue,77,115,82,145,66,
lightskyblue,77,115,82,50,71,
lightskyblue,123,115,83,126,154,
lightskyblue,123,115,126,114,155,
lightskyblue,123,115,126,136,156,
lightskyblue,123,115,126,145,157,
lightskyblue,123,115,126,50,162,
lightskyblue,110,115,83,113,96,
lightskyblue,110,115,127,113,97,
lightskyblue,110,115,113,136,98,
lightskyblue,110,115,113,145,99,
lightskyblue,110,115,113,50,104,
lightskyblue,132,115,83,135,172,
lightskyblue,132,115,127,135,173,
lightskyblue,132,115,114,135,174,
lightskyblue,132,115,135,145,175,
lightskyblue,132,115,135,50,180,
lightskyblue,141,115,83,144,190,
lightskyblue,141,115,127,144,191,
lightskyblue,141,115,114,144,192,
lightskyblue,141,115,136,144,193,
lightskyblue,141,115,144,50,198,
lightskyblue,78,117,82,127,63,
lightskyblue,78,117,82,114,64,
lightskyblue,78,117,82,136,65,
lightskyblue,78,117,82,145,66,
lightskyblue,78,117,82,52,72,
lightskyblue,124,117,83,126,154,
lightskyblue,124,117,126,114,155,
lightskyblue,124,117,126,136,156,
lightskyblue,124,117,126,145,157,
lightskyblue,124,117,126,52,163,
lightskyblue,111,117,83,113,96,
lightskyblue,111,117,127,113,97,
lightskyblue,111,117,113,136,98,
lightskyblue,111,117,113,145,99,
lightskyblue,111,117,113,52,105,
lightskyblue,133,117,83,135,172,
lightskyblue,133,117,127,135,173,
lightskyblue,133,117,114,135,174,
lightskyblue,133,117,135,145,175,
lightskyblue,133,117,135,52,181,
lightskyblue,142,117,83,144,190,
lightskyblue,142,117,127,144,191,
lightskyblue,142,117,114,144,192,
lightskyblue,142,117,136,144,193,
lightskyblue,142,117,144,52,199,
lightskyblue,79,54,83,126,57,
lightskyblue,79,54,83,113,57,
lightskyblue,79,54,83,135,57,
lightskyblue,79,54,83,144,57,
lightskyblue,79,54,83,41,57,
lightskyblue,79,54,83,43,57,
lightskyblue,79,54,83,45,57,
lightskyblue,79,54,83,47,57,
lightskyblue,79,54,83,49,57,
lightskyblue,79,54,83,51,57,
lightskyblue,125,54,82,127,148,
lightskyblue,125,54,127,113,148,
lightskyblue,125,54,127,135,148,
lightskyblue,125,54,127,144,148,
lightskyblue,125,54,127,41,148,
lightskyblue,125,54,127,43,148,
lightskyblue,125,54,127,45,148,
lightskyblue,125,54,127,47,148,
lightskyblue,125,54,127,49,148,
lightskyblue,125,54,127,51,148,
lightskyblue,112,54,82,114,90,
lightskyblue,112,54,126,114,90,
lightskyblue,112,54,114,135,90,
lightskyblue,112,54,114,144,90,
lightskyblue,112,54,114,41,90,
lightskyblue,112,54,114,43,90,
lightskyblue,112,54,114,45,90,
lightskyblue,112,54,114,47,90,
lightskyblue,112,54,114,49,90,
lightskyblue,112,54,114,51,90,
lightskyblue,134,54,82,136,166,
lightskyblue,134,54,126,136,166,
lightskyblue,134,54,113,136,166,
lightskyblue,134,54,136,144,166,
lightskyblue,134,54,136,41,166,
lightskyblue,134,54,136,43,166,
lightskyblue,134,54,136,45,166,
lightskyblue,134,54,136,47,166,
lightskyblue,134,54,136,49,166,
lightskyblue,134,54,136,51,166,
lightskyblue,143,54,82,145,184,
lightskyblue,143,54,126,145,184,
lightskyblue,143,54,113,145,184,
lightskyblue,143,54,135,145,184,
lightskyblue,143,54,145,41,184,
lightskyblue,143,54,145,43,184,
lightskyblue,143,54,145,45,184,
lightskyblue,143,54,145,47,184,
lightskyblue,143,54,145,49,184,
lightskyblue,143,54,145,51,184,
lightskyblue,79,81,83,126,58,
lightskyblue,79,81,83,113,58,
lightskyblue,79,81,83,135,58,
lightskyblue,79,81,83,144,58,
lightskyblue,79,81,83,41,58,
lightskyblue,79,81,83,43,58,
lightskyblue,79,81,83,45,58,
lightskyblue,79,81,83,47,58,
lightskyblue,79,81,83,49,58,
lightskyblue,79,81,83,51,58,
lightskyblue,125,81,82,127,149,
lightskyblue,125,81,127,113,149,
lightskyblue,125,81,127,135,149,
lightskyblue,125,81,127,144,149,
lightskyblue,125,81,127,41,149,
lightskyblue,125,81,127,43,149,
lightskyblue,125,81,127,45,149,
lightskyblue,125,81,127,47,149,
lightskyblue,125,81,127,49,149,
lightskyblue,125,81,127,51,149,
lightskyblue,112,81,82,114,91,
lightskyblue,112,81,126,114,91,
lightskyblue,112,81,114,135,91,
lightskyblue,112,81,114,144,91,
lightskyblue,112,81,114,41,91,
lightskyblue,112,81,114,43,91,
lightskyblue,112,81,114,45,91,
lightskyblue,112,81,114,47,91,
lightskyblue,112,81,114,49,91,
lightskyblue,112,81,114,51,91,
lightskyblue,134,81,82,136,167,
lightskyblue,134,81,126,136,167,
lightskyblue,134,81,113,136,167,
lightskyblue,134,81,136,144,167,
lightskyblue,134,81,136,41,167,
lightskyblue,134,81,136,43,167,
lightskyblue,134,81,136,45,167,
lightskyblue,134,81,136,47,167,
lightskyblue,134,81,136,49,167,
lightskyblue,134,81,136,51,167,
lightskyblue,143,81,82,145,185,
lightskyblue,143,81,126,145,185,
lightskyblue,143,81,113,145,185,
lightskyblue,143,81,135,145,185,
lightskyblue,143,81,145,41,185,
lightskyblue,143,81,145,43,185,
lightskyblue,143,81,145,45,185,
lightskyblue,143,81,145,47,185,
lightskyblue,143,81,145,49,185,
lightskyblue,143,81,145,51,185,
lightskyblue,79,85,83,126,59,
lightskyblue,79,85,83,113,59,
lightskyblue,79,85,83,135,59,
lightskyblue,79,85,83,144,59,
lightskyblue,79,85,83,41,59,
lightskyblue,79,85,83,43,59,
lightskyblue,79,85,83,45,59,
lightskyblue,79,85,83,47,59,
lightskyblue,79,85,83,49,59,
lightskyblue,79,85,83,51,59,
lightskyblue,125,85,82,127,150,
lightskyblue,125,85,127,113,150,
lightskyblue,125,85,127,135,150,
lightskyblue,125,85,127,144,150,
lightskyblue,125,85,127,41,150,
lightskyblue,125,85,127,43,150,
lightskyblue,125,85,127,45,150,
lightskyblue,125,85,127,47,150,
lightskyblue,125,85,127,49,150,
lightskyblue,125,85,127,51,150,
lightskyblue,112,85,82,114,92,
lightskyblue,112,85,126,114,92,
lightskyblue,112,85,114,135,92,
lightskyblue,112,85,114,144,92,
lightskyblue,112,85,114,41,92,
lightskyblue,112,85,114,43,92,
lightskyblue,112,85,114,45,92,
lightskyblue,112,85,114,47,92,
lightskyblue,112,85,114,49,92,
lightskyblue,112,85,114,51,92,
lightskyblue,134,85,82,136,168,
lightskyblue,134,85,126,136,168,
lightskyblue,134,85,113,136,168,
lightskyblue,134,85,136,144,168,
lightskyblue,134,85,136,41,168,
lightskyblue,134,85,136,43,168,
lightskyblue,134,85,136,45,168,
lightskyblue,134,85,136,47,168,
lightskyblue,134,85,136,49,168,
lightskyblue,134,85,136,51,168,
lightskyblue,143,85,82,145,186,
lightskyblue,143,85,126,145,186,
lightskyblue,143,85,113,145,186,
lightskyblue,143,85,135,145,186,
lightskyblue,143,85,145,41,186,
lightskyblue,143,85,145,43,186,
lightskyblue,143,85,145,45,186,
lightskyblue,143,85,145,47,186,
lightskyblue,143,85,145,49,186,
lightskyblue,143,85,145,51,186,
lightskyblue,79,87,83,126,60,
lightskyblue,79,87,83,113,60,
lightskyblue,79,87,83,135,60,
lightskyblue,79,87,83,144,60,
lightskyblue,79,87,83,41,60,
lightskyblue,79,87,83,43,60,
lightskyblue,79,87,83,45,60,
lightskyblue,79,87,83,47,60,
lightskyblue,79,87,83,49,60,
lightskyblue,79,87,83,51,60,
lightskyblue,125,87,82,127,151,
lightskyblue,125,87,127,113,151,
lightskyblue,125,87,127,135,151,
lightskyblue,125,87,127,144,151,
lightskyblue,125,87,127,41,151,
lightskyblue,125,87,127,43,151,
lightskyblue,125,87,127,45,151,
lightskyblue,125,87,127,47,151,
lightskyblue,125,87,127,49,151,
lightskyblue,125,87,127,51,151,
lightskyblue,112,87,82,114,93,
lightskyblue,112,87,126,114,93,
lightskyblue,112,87,114,135,93,
lightskyblue,112,87,114,144,93,
lightskyblue,112,87,114,41,93,
lightskyblue,112,87,114,43,93,
lightskyblue,112,87,114,45,93,
lightskyblue,112,87,114,47,93,
lightskyblue,112,87,114,49,93,
lightskyblue,112,87,114,51,93,
lightskyblue,134,87,82,136,169,
lightskyblue,134,87,126,136,169,
lightskyblue,134,87,113,136,169,
lightskyblue,134,87,136,144,169,
lightskyblue,134,87,136,41,169,
lightskyblue,134,87,136,43,169,
lightskyblue,134,87,136,45,169,
lightskyblue,134,87,136,47,169,
lightskyblue,134,87,136,49,169,
lightskyblue,134,87,136,51,169,
lightskyblue,143,87,82,145,187,
lightskyblue,143,87,126,145,187,
lightskyblue,143,87,113,145,187,
lightskyblue,143,87,135,145,187,
lightskyblue,143,87,145,41,187,
lightskyblue,143,87,145,43,187,
lightskyblue,143,87,145,45,187,
lightskyblue,143,87,145,47,187,
lightskyblue,143,87,145,49,187,
lightskyblue,143,87,145,51,187,
lightskyblue,79,116,83,126,61,
lightskyblue,79,116,83,113,61,
lightskyblue,79,116,83,135,61,
lightskyblue,79,116,83,144,61,
lightskyblue,79,116,83,41,61,
lightskyblue,79,116,83,43,61,
lightskyblue,79,116,83,45,61,
lightskyblue,79,116,83,47,61,
lightskyblue,79,116,83,49,61,
lightskyblue,79,116,83,51,61,
lightskyblue,125,116,82,127,152,
lightskyblue,125,116,127,113,152,
lightskyblue,125,116,127,135,152,
lightskyblue,125,116,127,144,152,
lightskyblue,125,116,127,41,152,
lightskyblue,125,116,127,43,152,
lightskyblue,125,116,127,45,152,
lightskyblue,125,116,127,47,152,
lightskyblue,125,116,127,49,152,
lightskyblue,125,116,127,51,152,
lightskyblue,112,116,82,114,94,
lightskyblue,112,116,126,114,94,
lightskyblue,112,116,114,135,94,
lightskyblue,112,116,114,144,94,
lightskyblue,112,116,114,41,94,
lightskyblue,112,116,114,43,94,
lightskyblue,112,116,114,45,94,
lightskyblue,112,116,114,47,94,
lightskyblue,112,116,114,49,94,
lightskyblue,112,116,114,51,94,
lightskyblue,134,116,82,136,170,
lightskyblue,134,116,126,136,170,
lightskyblue,134,116,113,136,170,
lightskyblue,134,116,136,144,170,
lightskyblue,134,116,136,41,170,
lightskyblue,134,116,136,43,170,
lightskyblue,134,116,136,45,170,
lightskyblue,134,116,136,47,170,
lightskyblue,134,116,136,49,170,
lightskyblue,134,116,136,51,170,
lightskyblue,143,116,82,145,188,
lightskyblue,143,116,126,145,188,
lightskyblue,143,116,113,145,188,
lightskyblue,143,116,135,145,188,
lightskyblue,143,116,145,41,188,
lightskyblue,143,116,145,43,188,
lightskyblue,143,116,145,45,188,
lightskyblue,143,116,145,47,188,
lightskyblue,143,116,145,49,188,
lightskyblue,143,116,145,51,188,
lightskyblue,79,118,83,126,62,
lightskyblue,79,118,83,113,62,
lightskyblue,79,118,83,135,62,
lightskyblue,79,118,83,144,62,
lightskyblue,79,118,83,41,62,
lightskyblue,79,118,83,43,62,
lightskyblue,79,118,83,45,62,
lightskyblue,79,118,83,47,62,
lightskyblue,79,118,83,49,62,
lightskyblue,79,118,83,51,62,
lightskyblue,125,118,82,127,153,
lightskyblue,125,118,127,113,153,
lightskyblue,125,118,127,135,153,
lightskyblue,125,118,127,144,153,
lightskyblue,125,118,127,41,153,
lightskyblue,125,118,127,43,153,
lightskyblue,125,118,127,45,153,
lightskyblue,125,118,127,47,153,
lightskyblue,125,118,127,49,153,
lightskyblue,125,118,127,51,153,
lightskyblue,112,118,82,114,95,
lightskyblue,112,118,126,114,95,
lightskyblue,112,118,114,135,95,
lightskyblue,112,118,114,144,95,
lightskyblue,112,118,114,41,95,
lightskyblue,112,118,114,43,95,
lightskyblue,112,118,114,45,95,
lightskyblue,112,118,114,47,95,
lightskyblue,112,118,114,49,95,
lightskyblue,112,118,114,51,95,
lightskyblue,134,118,82,136,171,
lightskyblue,134,118,126,136,171,
lightskyblue,134,118,113,136,171,
lightskyblue,134,118,136,144,171,
lightskyblue,134,118,136,41,171,
lightskyblue,134,118,136,43,171,
lightskyblue,134,118,136,45,171,
lightskyblue,134,118,136,47,171,
lightskyblue,134,118,136,49,171,
lightskyblue,134,118,136,51,171,
lightskyblue,143,118,82,145,189,
lightskyblue,143,118,126,145,189,
lightskyblue,143,118,113,145,189,
lightskyblue,143,118,135,145,189,
lightskyblue,143,118,145,41,189,
lightskyblue,143,118,145,43,189,
lightskyblue,143,118,145,45,189,
lightskyblue,143,118,145,47,189,
lightskyblue,143,118,145,49,189,
lightskyblue,143,118,145,51,189,
lightskyblue,53,55,
lightskyblue,53,56,
lightskyblue,53,146,
lightskyblue,53,147,
lightskyblue,53,88,
lightskyblue,53,89,
lightskyblue,53,164,
lightskyblue,53,165,
lightskyblue,53,182,
lightskyblue,53,183,
lightskyblue,80,55,
lightskyblue,80,56,
lightskyblue,80,146,
lightskyblue,80,147,
lightskyblue,80,88,
lightskyblue,80,89,
lightskyblue,80,164,
lightskyblue,80,165,
lightskyblue,80,182,
lightskyblue,80,183,
lightskyblue,84,55,
lightskyblue,84,56,
lightskyblue,84,146,
lightskyblue,84,147,
lightskyblue,84,88,
lightskyblue,84,89,
lightskyblue,84,164,
lightskyblue,84,165,
lightskyblue,84,182,
lightskyblue,84,183,
lightskyblue,86,55,
lightskyblue,86,56,
lightskyblue,86,146,
lightskyblue,86,147,
lightskyblue,86,88,
lightskyblue,86,89,
lightskyblue,86,164,
lightskyblue,86,165,
lightskyblue,86,182,
lightskyblue,86,183,
lightskyblue,115,55,
lightskyblue,115,56,
lightskyblue,115,146,
lightskyblue,115,147,
lightskyblue,115,88,
lightskyblue,115,89,
lightskyblue,115,164,
lightskyblue,115,165,
lightskyblue,115,182,
lightskyblue,115,183,
lightskyblue,117,55,
lightskyblue,117,56,
lightskyblue,117,146,
lightskyblue,117,147,
lightskyblue,117,88,
lightskyblue,117,89,
lightskyblue,117,164,
lightskyblue,117,165,
lightskyblue,117,182,
lightskyblue,117,183,
lightskyblue,54,57,
lightskyblue,54,57,
lightskyblue,54,148,
lightskyblue,54,148,
lightskyblue,54,90,
lightskyblue,54,90,
lightskyblue,54,166,
lightskyblue,54,166,
lightskyblue,54,184,
lightskyblue,54,184,
lightskyblue,81,58,
lightskyblue,81,58,
lightskyblue,81,149,
lightskyblue,81,149,
lightskyblue,81,91,
lightskyblue,81,91,
lightskyblue,81,167,
lightskyblue,81,167,
lightskyblue,81,185,
lightskyblue,81,185,
lightskyblue,85,59,
lightskyblue,85,59,
lightskyblue,85,150,
lightskyblue,85,150,
lightskyblue,85,92,
lightskyblue,85,92,
lightskyblue,85,168,
lightskyblue,85,168,
lightskyblue,85,186,
lightskyblue,85,186,
lightskyblue,87,60,
lightskyblue,87,60,
lightskyblue,87,151,
lightskyblue,87,151,
lightskyblue,87,93,
lightskyblue,87,93,
lightskyblue,87,169,
lightskyblue,87,169,
lightskyblue,87,187,
lightskyblue,87,187,
lightskyblue,116,61,
lightskyblue,116,61,
lightskyblue,116,152,
lightskyblue,116,152,
lightskyblue,116,94,
lightskyblue,116,94,
lightskyblue,116,170,
lightskyblue,116,170,
lightskyblue,116,188,
lightskyblue,116,188,
lightskyblue,118,62,
lightskyblue,118,62,
lightskyblue,118,153,
lightskyblue,118,153,
lightskyblue,118,95,
lightskyblue,118,95,
lightskyblue,118,171,
lightskyblue,118,171,
lightskyblue,118,189,
lightskyblue,118,189,
