green,
green,
green,
green,
green,
green,
green,
green,
green,
green,
green,
green,
green,
green,
green,
green,
green,
green,
green,
green,
green,
green,
green,
green,
green,
green,
green,
green,
green,
green,
green,
green,
green,
green,
green,
green,
green,
green,
green,
green,
green,
gold,0,386,387,388,389,390,1659,1661,1663,1665,1667,1669,1671,1673,1675,1767,1769,1771,1773,1775,1777,1779,1781,1783,
gold,0,391,392,393,394,395,1677,1679,1681,1683,1685,1687,1689,1691,1693,1785,1787,1789,1791,1793,1795,1797,1799,1801,
gold,0,396,397,398,399,400,1695,1697,1699,1701,1703,1705,1707,1709,1711,1803,1805,1807,1809,1811,1813,1815,1817,1819,
gold,0,401,402,403,404,405,1713,1715,1717,1719,1721,1723,1725,1727,1729,1821,1823,1825,1827,1829,1831,1833,1835,1837,
gold,0,406,407,408,409,410,1731,1733,1735,1737,1739,1741,1743,1745,1747,1839,1841,1843,1845,1847,1849,1851,1853,1855,
gold,0,411,412,413,414,415,1749,1751,1753,1755,1757,1759,1761,1763,1765,1857,1859,1861,1863,1865,1867,1869,1871,1873,
gold,1,356,357,358,359,360,1658,1660,1662,1664,1666,1668,1670,1672,1674,1766,1768,1770,1772,1774,1776,1778,1780,1782,
gold,1,361,362,363,364,365,1676,1678,1680,1682,1684,1686,1688,1690,1692,1784,1786,1788,1790,1792,1794,1796,1798,1800,
gold,1,366,367,368,369,370,1694,1696,1698,1700,1702,1704,1706,1708,1710,1802,1804,1806,1808,1810,1812,1814,1816,1818,
gold,1,371,372,373,374,375,1712,1714,1716,1718,1720,1722,1724,1726,1728,1820,1822,1824,1826,1828,1830,1832,1834,1836,
gold,1,376,377,378,379,380,1730,1732,1734,1736,1738,1740,1742,1744,1746,1838,1840,1842,1844,1846,1848,1850,1852,1854,
gold,1,381,382,383,384,385,1748,1750,1752,1754,1756,1758,1760,1762,1764,1856,1858,1860,1862,1864,1866,1868,1870,1872,
gold,2,424,433,442,451,460,469,478,487,496,
gold,2,
gold,3,505,514,523,532,541,550,559,568,577,
gold,3,
gold,4,586,595,604,613,622,631,640,649,658,
gold,4,
gold,5,667,676,685,694,703,712,721,730,739,
gold,5,
gold,6,748,757,766,775,784,793,802,811,820,
gold,6,
gold,7,829,838,847,856,865,874,883,892,901,
gold,7,
gold,8,1766,1784,1802,1820,1838,1856,
gold,8,1767,1785,1803,1821,1839,1857,
gold,8,416,417,418,419,420,421,422,423,424,1658,1659,
gold,8,497,498,499,500,501,502,503,504,505,1676,1677,
gold,8,578,579,580,581,582,583,584,585,586,1694,1695,
gold,8,659,660,661,662,663,664,665,666,667,1712,1713,
gold,8,740,741,742,743,744,745,746,747,748,1730,1731,
gold,8,821,822,823,824,825,826,827,828,829,1748,1749,
gold,8,902,1028,1154,1280,1406,1532,
gold,8,903,1029,1155,1281,1407,1533,
gold,8,904,1030,1156,1282,1408,1534,
gold,8,905,1031,1157,1283,1409,1535,
gold,8,906,1032,1158,1284,1410,1536,
gold,8,907,1033,1159,1285,1411,1537,
gold,8,908,1034,1160,1286,1412,1538,
gold,8,909,1035,1161,1287,1413,1539,
gold,8,910,1036,1162,1288,1414,1540,
gold,8,911,1037,1163,1289,1415,1541,
gold,8,912,1038,1164,1290,1416,1542,
gold,8,913,1039,1165,1291,1417,1543,
gold,8,914,1040,1166,1292,1418,1544,
gold,8,915,1041,1167,1293,1419,1545,
gold,9,425,434,443,452,461,470,479,488,902,903,904,905,906,907,908,909,910,911,912,913,914,915,
gold,9,506,515,524,533,542,551,560,569,1028,1029,1030,1031,1032,1033,1034,1035,1036,1037,1038,1039,1040,1041,
gold,9,587,596,605,614,623,632,641,650,1154,1155,1156,1157,1158,1159,1160,1161,1162,1163,1164,1165,1166,1167,
gold,9,668,677,686,695,704,713,722,731,1280,1281,1282,1283,1284,1285,1286,1287,1288,1289,1290,1291,1292,1293,
gold,9,749,758,767,776,785,794,803,812,1406,1407,1408,1409,1410,1411,1412,1413,1414,1415,1416,1417,1418,1419,
gold,9,830,839,848,857,866,875,884,893,1532,1533,1534,1535,1536,1537,1538,1539,1540,1541,1542,1543,1544,1545,
gold,9,
gold,10,416,435,444,453,462,471,480,489,916,917,918,919,920,921,922,923,924,925,926,927,928,929,
gold,10,497,516,525,534,543,552,561,570,1042,1043,1044,1045,1046,1047,1048,1049,1050,1051,1052,1053,1054,1055,
gold,10,578,597,606,615,624,633,642,651,1168,1169,1170,1171,1172,1173,1174,1175,1176,1177,1178,1179,1180,1181,
gold,10,659,678,687,696,705,714,723,732,1294,1295,1296,1297,1298,1299,1300,1301,1302,1303,1304,1305,1306,1307,
gold,10,740,759,768,777,786,795,804,813,1420,1421,1422,1423,1424,1425,1426,1427,1428,1429,1430,1431,1432,1433,
gold,10,821,840,849,858,867,876,885,894,1546,1547,1548,1549,1550,1551,1552,1553,1554,1555,1556,1557,1558,1559,
gold,10,
gold,11,417,426,445,454,463,472,481,490,930,931,932,933,934,935,936,937,938,939,940,941,942,943,
gold,11,498,507,526,535,544,553,562,571,1056,1057,1058,1059,1060,1061,1062,1063,1064,1065,1066,1067,1068,1069,
gold,11,579,588,607,616,625,634,643,652,1182,1183,1184,1185,1186,1187,1188,1189,1190,1191,1192,1193,1194,1195,
gold,11,660,669,688,697,706,715,724,733,1308,1309,1310,1311,1312,1313,1314,1315,1316,1317,1318,1319,1320,1321,
gold,11,741,750,769,778,787,796,805,814,1434,1435,1436,1437,1438,1439,1440,1441,1442,1443,1444,1445,1446,1447,
gold,11,822,831,850,859,868,877,886,895,1560,1561,1562,1563,1564,1565,1566,1567,1568,1569,1570,1571,1572,1573,
gold,11,
gold,12,418,427,436,455,464,473,482,491,944,945,946,947,948,949,950,951,952,953,954,955,956,957,
gold,12,499,508,517,536,545,554,563,572,1070,1071,1072,1073,1074,1075,1076,1077,1078,1079,1080,1081,1082,1083,
gold,12,580,589,598,617,626,635,644,653,1196,1197,1198,1199,1200,1201,1202,1203,1204,1205,1206,1207,1208,1209,
gold,12,661,670,679,698,707,716,725,734,1322,1323,1324,1325,1326,1327,1328,1329,1330,1331,1332,1333,1334,1335,
gold,12,742,751,760,779,788,797,806,815,1448,1449,1450,1451,1452,1453,1454,1455,1456,1457,1458,1459,1460,1461,
gold,12,823,832,841,860,869,878,887,896,1574,1575,1576,1577,1578,1579,1580,1581,1582,1583,1584,1585,1586,1587,
gold,12,
gold,13,419,428,437,446,465,474,483,492,958,959,960,961,962,963,964,965,966,967,968,969,970,971,
gold,13,500,509,518,527,546,555,564,573,1084,1085,1086,1087,1088,1089,1090,1091,1092,1093,1094,1095,1096,1097,
gold,13,581,590,599,608,627,636,645,654,1210,1211,1212,1213,1214,1215,1216,1217,1218,1219,1220,1221,1222,1223,
gold,13,662,671,680,689,708,717,726,735,1336,1337,1338,1339,1340,1341,1342,1343,1344,1345,1346,1347,1348,1349,
gold,13,743,752,761,770,789,798,807,816,1462,1463,1464,1465,1466,1467,1468,1469,1470,1471,1472,1473,1474,1475,
gold,13,824,833,842,851,870,879,888,897,1588,1589,1590,1591,1592,1593,1594,1595,1596,1597,1598,1599,1600,1601,
gold,13,
gold,14,420,429,438,447,456,475,484,493,972,973,974,975,976,977,978,979,980,981,982,983,984,985,
gold,14,501,510,519,528,537,556,565,574,1098,1099,1100,1101,1102,1103,1104,1105,1106,1107,1108,1109,1110,1111,
gold,14,582,591,600,609,618,637,646,655,1224,1225,1226,1227,1228,1229,1230,1231,1232,1233,1234,1235,1236,1237,
gold,14,663,672,681,690,699,718,727,736,1350,1351,1352,1353,1354,1355,1356,1357,1358,1359,1360,1361,1362,1363,
gold,14,744,753,762,771,780,799,808,817,1476,1477,1478,1479,1480,1481,1482,1483,1484,1485,1486,1487,1488,1489,
gold,14,825,834,843,852,861,880,889,898,1602,1603,1604,1605,1606,1607,1608,1609,1610,1611,1612,1613,1614,1615,
gold,14,
gold,15,425,434,443,452,461,470,479,488,506,515,524,533,542,551,560,569,587,596,605,614,623,632,641,650,668,677,686,695,704,713,722,731,749,758,767,776,785,794,803,812,830,839,848,857,866,875,884,893,902,903,904,905,906,907,908,909,910,911,912,913,914,915,1028,1029,1030,1031,1032,1033,1034,1035,1036,1037,1038,1039,1040,1041,1154,1155,1156,1157,1158,1159,1160,1161,1162,1163,1164,1165,1166,1167,1280,1281,1282,1283,1284,1285,1286,1287,1288,1289,1290,1291,1292,1293,1406,1407,1408,1409,1410,1411,1412,1413,1414,1415,1416,1417,1418,1419,1532,1533,1534,1535,1536,1537,1538,1539,1540,1541,1542,1543,1544,1545,
gold,15,
gold,16,421,430,439,448,457,466,485,494,986,987,988,989,990,991,992,993,994,995,996,997,998,999,
gold,16,502,511,520,529,538,547,566,575,1112,1113,1114,1115,1116,1117,1118,1119,1120,1121,1122,1123,1124,1125,
gold,16,583,592,601,610,619,628,647,656,1238,1239,1240,1241,1242,1243,1244,1245,1246,1247,1248,1249,1250,1251,
gold,16,664,673,682,691,700,709,728,737,1364,1365,1366,1367,1368,1369,1370,1371,1372,1373,1374,1375,1376,1377,
gold,16,745,754,763,772,781,790,809,818,1490,1491,1492,1493,1494,1495,1496,1497,1498,1499,1500,1501,1502,1503,
gold,16,826,835,844,853,862,871,890,899,1616,1617,1618,1619,1620,1621,1622,1623,1624,1625,1626,1627,1628,1629,
gold,16,
gold,17,422,431,440,449,458,467,476,495,1000,1001,1002,1003,1004,1005,1006,1007,1008,1009,1010,1011,1012,1013,
gold,17,503,512,521,530,539,548,557,576,1126,1127,1128,1129,1130,1131,1132,1133,1134,1135,1136,1137,1138,1139,
gold,17,584,593,602,611,620,629,638,657,1252,1253,1254,1255,1256,1257,1258,1259,1260,1261,1262,1263,1264,1265,
gold,17,665,674,683,692,701,710,719,738,1378,1379,1380,1381,1382,1383,1384,1385,1386,1387,1388,1389,1390,1391,
gold,17,746,755,764,773,782,791,800,819,1504,1505,1506,1507,1508,1509,1510,1511,1512,1513,1514,1515,1516,1517,
gold,17,827,836,845,854,863,872,881,900,1630,1631,1632,1633,1634,1635,1636,1637,1638,1639,1640,1641,1642,1643,
gold,17,
gold,18,423,432,441,450,459,468,477,486,1014,1015,1016,1017,1018,1019,1020,1021,1022,1023,1024,1025,1026,1027,
gold,18,504,513,522,531,540,549,558,567,1140,1141,1142,1143,1144,1145,1146,1147,1148,1149,1150,1151,1152,1153,
gold,18,585,594,603,612,621,630,639,648,1266,1267,1268,1269,1270,1271,1272,1273,1274,1275,1276,1277,1278,1279,
gold,18,666,675,684,693,702,711,720,729,1392,1393,1394,1395,1396,1397,1398,1399,1400,1401,1402,1403,1404,1405,
gold,18,747,756,765,774,783,792,801,810,1518,1519,1520,1521,1522,1523,1524,1525,1526,1527,1528,1529,1530,1531,
gold,18,828,837,846,855,864,873,882,891,1644,1645,1646,1647,1648,1649,1650,1651,1652,1653,1654,1655,1656,1657,
gold,18,
gold,19,902,903,904,905,906,907,908,909,910,911,912,913,914,915,916,917,918,919,920,921,922,923,924,925,926,927,928,929,930,931,932,933,934,935,936,937,938,939,940,941,942,943,944,945,946,947,948,949,950,951,952,953,954,955,956,957,958,959,960,961,962,963,964,965,966,967,968,969,970,971,972,973,974,975,976,977,978,979,980,981,982,983,984,985,986,987,988,989,990,991,992,993,994,995,996,997,998,999,1000,1001,1002,1003,1004,1005,1006,1007,1008,1009,1010,1011,1012,1013,1014,1015,1016,1017,1018,1019,1020,1021,1022,1023,1024,1025,1026,1027,1766,1767,1768,1769,1770,1771,1772,1773,1774,1775,1776,1777,1778,1779,1780,1781,1782,1783,
gold,19,
gold,20,1028,1029,1030,1031,1032,1033,1034,1035,1036,1037,1038,1039,1040,1041,1042,1043,1044,1045,1046,1047,1048,1049,1050,1051,1052,1053,1054,1055,1056,1057,1058,1059,1060,1061,1062,1063,1064,1065,1066,1067,1068,1069,1070,1071,1072,1073,1074,1075,1076,1077,1078,1079,1080,1081,1082,1083,1084,1085,1086,1087,1088,1089,1090,1091,1092,1093,1094,1095,1096,1097,1098,1099,1100,1101,1102,1103,1104,1105,1106,1107,1108,1109,1110,1111,1112,1113,1114,1115,1116,1117,1118,1119,1120,1121,1122,1123,1124,1125,1126,1127,1128,1129,1130,1131,1132,1133,1134,1135,1136,1137,1138,1139,1140,1141,1142,1143,1144,1145,1146,1147,1148,1149,1150,1151,1152,1153,1784,1785,1786,1787,1788,1789,1790,1791,1792,1793,1794,1795,1796,1797,1798,1799,1800,1801,
gold,20,
gold,21,1154,1155,1156,1157,1158,1159,1160,1161,1162,1163,1164,1165,1166,1167,1168,1169,1170,1171,1172,1173,1174,1175,1176,1177,1178,1179,1180,1181,1182,1183,1184,1185,1186,1187,1188,1189,1190,1191,1192,1193,1194,1195,1196,1197,1198,1199,1200,1201,1202,1203,1204,1205,1206,1207,1208,1209,1210,1211,1212,1213,1214,1215,1216,1217,1218,1219,1220,1221,1222,1223,1224,1225,1226,1227,1228,1229,1230,1231,1232,1233,1234,1235,1236,1237,1238,1239,1240,1241,1242,1243,1244,1245,1246,1247,1248,1249,1250,1251,1252,1253,1254,1255,1256,1257,1258,1259,1260,1261,1262,1263,1264,1265,1266,1267,1268,1269,1270,1271,1272,1273,1274,1275,1276,1277,1278,1279,1802,1803,1804,1805,1806,1807,1808,1809,1810,1811,1812,1813,1814,1815,1816,1817,1818,1819,
gold,21,
gold,22,416,435,444,453,462,471,480,489,497,516,525,534,543,552,561,570,578,597,606,615,624,633,642,651,659,678,687,696,705,714,723,732,740,759,768,777,786,795,804,813,821,840,849,858,867,876,885,894,916,917,918,919,920,921,922,923,924,925,926,927,928,929,1042,1043,1044,1045,1046,1047,1048,1049,1050,1051,1052,1053,1054,1055,1168,1169,1170,1171,1172,1173,1174,1175,1176,1177,1178,1179,1180,1181,1294,1295,1296,1297,1298,1299,1300,1301,1302,1303,1304,1305,1306,1307,1420,1421,1422,1423,1424,1425,1426,1427,1428,1429,1430,1431,1432,1433,1546,1547,1548,1549,1550,1551,1552,1553,1554,1555,1556,1557,1558,1559,
gold,22,
gold,23,417,426,445,454,463,472,481,490,498,507,526,535,544,553,562,571,579,588,607,616,625,634,643,652,660,669,688,697,706,715,724,733,741,750,769,778,787,796,805,814,822,831,850,859,868,877,886,895,930,931,932,933,934,935,936,937,938,939,940,941,942,943,1056,1057,1058,1059,1060,1061,1062,1063,1064,1065,1066,1067,1068,1069,1182,1183,1184,1185,1186,1187,1188,1189,1190,1191,1192,1193,1194,1195,1308,1309,1310,1311,1312,1313,1314,1315,1316,1317,1318,1319,1320,1321,1434,1435,1436,1437,1438,1439,1440,1441,1442,1443,1444,1445,1446,1447,1560,1561,1562,1563,1564,1565,1566,1567,1568,1569,1570,1571,1572,1573,
gold,23,
gold,24,1280,1281,1282,1283,1284,1285,1286,1287,1288,1289,1290,1291,1292,1293,1294,1295,1296,1297,1298,1299,1300,1301,1302,1303,1304,1305,1306,1307,1308,1309,1310,1311,1312,1313,1314,1315,1316,1317,1318,1319,1320,1321,1322,1323,1324,1325,1326,1327,1328,1329,1330,1331,1332,1333,1334,1335,1336,1337,1338,1339,1340,1341,1342,1343,1344,1345,1346,1347,1348,1349,1350,1351,1352,1353,1354,1355,1356,1357,1358,1359,1360,1361,1362,1363,1364,1365,1366,1367,1368,1369,1370,1371,1372,1373,1374,1375,1376,1377,1378,1379,1380,1381,1382,1383,1384,1385,1386,1387,1388,1389,1390,1391,1392,1393,1394,1395,1396,1397,1398,1399,1400,1401,1402,1403,1404,1405,1820,1821,1822,1823,1824,1825,1826,1827,1828,1829,1830,1831,1832,1833,1834,1835,1836,1837,
gold,24,
gold,25,418,427,436,455,464,473,482,491,499,508,517,536,545,554,563,572,580,589,598,617,626,635,644,653,661,670,679,698,707,716,725,734,742,751,760,779,788,797,806,815,823,832,841,860,869,878,887,896,944,945,946,947,948,949,950,951,952,953,954,955,956,957,1070,1071,1072,1073,1074,1075,1076,1077,1078,1079,1080,1081,1082,1083,1196,1197,1198,1199,1200,1201,1202,1203,1204,1205,1206,1207,1208,1209,1322,1323,1324,1325,1326,1327,1328,1329,1330,1331,1332,1333,1334,1335,1448,1449,1450,1451,1452,1453,1454,1455,1456,1457,1458,1459,1460,1461,1574,1575,1576,1577,1578,1579,1580,1581,1582,1583,1584,1585,1586,1587,
gold,25,
gold,26,419,428,437,446,465,474,483,492,500,509,518,527,546,555,564,573,581,590,599,608,627,636,645,654,662,671,680,689,708,717,726,735,743,752,761,770,789,798,807,816,824,833,842,851,870,879,888,897,958,959,960,961,962,963,964,965,966,967,968,969,970,971,1084,1085,1086,1087,1088,1089,1090,1091,1092,1093,1094,1095,1096,1097,1210,1211,1212,1213,1214,1215,1216,1217,1218,1219,1220,1221,1222,1223,1336,1337,1338,1339,1340,1341,1342,1343,1344,1345,1346,1347,1348,1349,1462,1463,1464,1465,1466,1467,1468,1469,1470,1471,1472,1473,1474,1475,1588,1589,1590,1591,1592,1593,1594,1595,1596,1597,1598,1599,1600,1601,
gold,26,
gold,27,420,429,438,447,456,475,484,493,501,510,519,528,537,556,565,574,582,591,600,609,618,637,646,655,663,672,681,690,699,718,727,736,744,753,762,771,780,799,808,817,825,834,843,852,861,880,889,898,972,973,974,975,976,977,978,979,980,981,982,983,984,985,1098,1099,1100,1101,1102,1103,1104,1105,1106,1107,1108,1109,1110,1111,1224,1225,1226,1227,1228,1229,1230,1231,1232,1233,1234,1235,1236,1237,1350,1351,1352,1353,1354,1355,1356,1357,1358,1359,1360,1361,1362,1363,1476,1477,1478,1479,1480,1481,1482,1483,1484,1485,1486,1487,1488,1489,1602,1603,1604,1605,1606,1607,1608,1609,1610,1611,1612,1613,1614,1615,
gold,27,
gold,28,1406,1407,1408,1409,1410,1411,1412,1413,1414,1415,1416,1417,1418,1419,1420,1421,1422,1423,1424,1425,1426,1427,1428,1429,1430,1431,1432,1433,1434,1435,1436,1437,1438,1439,1440,1441,1442,1443,1444,1445,1446,1447,1448,1449,1450,1451,1452,1453,1454,1455,1456,1457,1458,1459,1460,1461,1462,1463,1464,1465,1466,1467,1468,1469,1470,1471,1472,1473,1474,1475,1476,1477,1478,1479,1480,1481,1482,1483,1484,1485,1486,1487,1488,1489,1490,1491,1492,1493,1494,1495,1496,1497,1498,1499,1500,1501,1502,1503,1504,1505,1506,1507,1508,1509,1510,1511,1512,1513,1514,1515,1516,1517,1518,1519,1520,1521,1522,1523,1524,1525,1526,1527,1528,1529,1530,1531,1838,1839,1840,1841,1842,1843,1844,1845,1846,1847,1848,1849,1850,1851,1852,1853,1854,1855,
gold,28,
gold,29,421,430,439,448,457,466,485,494,502,511,520,529,538,547,566,575,583,592,601,610,619,628,647,656,664,673,682,691,700,709,728,737,745,754,763,772,781,790,809,818,826,835,844,853,862,871,890,899,986,987,988,989,990,991,992,993,994,995,996,997,998,999,1112,1113,1114,1115,1116,1117,1118,1119,1120,1121,1122,1123,1124,1125,1238,1239,1240,1241,1242,1243,1244,1245,1246,1247,1248,1249,1250,1251,1364,1365,1366,1367,1368,1369,1370,1371,1372,1373,1374,1375,1376,1377,1490,1491,1492,1493,1494,1495,1496,1497,1498,1499,1500,1501,1502,1503,1616,1617,1618,1619,1620,1621,1622,1623,1624,1625,1626,1627,1628,1629,
gold,29,
gold,30,422,431,440,449,458,467,476,495,503,512,521,530,539,548,557,576,584,593,602,611,620,629,638,657,665,674,683,692,701,710,719,738,746,755,764,773,782,791,800,819,827,836,845,854,863,872,881,900,1000,1001,1002,1003,1004,1005,1006,1007,1008,1009,1010,1011,1012,1013,1126,1127,1128,1129,1130,1131,1132,1133,1134,1135,1136,1137,1138,1139,1252,1253,1254,1255,1256,1257,1258,1259,1260,1261,1262,1263,1264,1265,1378,1379,1380,1381,1382,1383,1384,1385,1386,1387,1388,1389,1390,1391,1504,1505,1506,1507,1508,1509,1510,1511,1512,1513,1514,1515,1516,1517,1630,1631,1632,1633,1634,1635,1636,1637,1638,1639,1640,1641,1642,1643,
gold,30,
gold,31,1532,1533,1534,1535,1536,1537,1538,1539,1540,1541,1542,1543,1544,1545,1546,1547,1548,1549,1550,1551,1552,1553,1554,1555,1556,1557,1558,1559,1560,1561,1562,1563,1564,1565,1566,1567,1568,1569,1570,1571,1572,1573,1574,1575,1576,1577,1578,1579,1580,1581,1582,1583,1584,1585,1586,1587,1588,1589,1590,1591,1592,1593,1594,1595,1596,1597,1598,1599,1600,1601,1602,1603,1604,1605,1606,1607,1608,1609,1610,1611,1612,1613,1614,1615,1616,1617,1618,1619,1620,1621,1622,1623,1624,1625,1626,1627,1628,1629,1630,1631,1632,1633,1634,1635,1636,1637,1638,1639,1640,1641,1642,1643,1644,1645,1646,1647,1648,1649,1650,1651,1652,1653,1654,1655,1656,1657,1856,1857,1858,1859,1860,1861,1862,1863,1864,1865,1866,1867,1868,1869,1870,1871,1872,1873,
gold,31,
gold,32,423,432,441,450,459,468,477,486,504,513,522,531,540,549,558,567,585,594,603,612,621,630,639,648,666,675,684,693,702,711,720,729,747,756,765,774,783,792,801,810,828,837,846,855,864,873,882,891,1014,1015,1016,1017,1018,1019,1020,1021,1022,1023,1024,1025,1026,1027,1140,1141,1142,1143,1144,1145,1146,1147,1148,1149,1150,1151,1152,1153,1266,1267,1268,1269,1270,1271,1272,1273,1274,1275,1276,1277,1278,1279,1392,1393,1394,1395,1396,1397,1398,1399,1400,1401,1402,1403,1404,1405,1518,1519,1520,1521,1522,1523,1524,1525,1526,1527,1528,1529,1530,1531,1644,1645,1646,1647,1648,1649,1650,1651,1652,1653,1654,1655,1656,1657,
gold,32,
gold,33,1768,1786,1804,1822,1840,1858,
gold,33,1769,1787,1805,1823,1841,1859,
gold,33,425,426,427,428,429,430,431,432,433,1660,1661,
gold,33,506,507,508,509,510,511,512,513,514,1678,1679,
gold,33,587,588,589,590,591,592,593,594,595,1696,1697,
gold,33,668,669,670,671,672,673,674,675,676,1714,1715,
gold,33,749,750,751,752,753,754,755,756,757,1732,1733,
gold,33,830,831,832,833,834,835,836,837,838,1750,1751,
gold,33,916,1042,1168,1294,1420,1546,
gold,33,917,1043,1169,1295,1421,1547,
gold,33,918,1044,1170,1296,1422,1548,
gold,33,919,1045,1171,1297,1423,1549,
gold,33,920,1046,1172,1298,1424,1550,
gold,33,921,1047,1173,1299,1425,1551,
gold,33,922,1048,1174,1300,1426,1552,
gold,33,923,1049,1175,1301,1427,1553,
gold,33,924,1050,1176,1302,1428,1554,
red,33,925,1051,1177,1303,1429,1555,
gold,33,926,1052,1178,1304,1430,1556,
gold,33,927,1053,1179,1305,1431,1557,
gold,33,928,1054,1180,1306,1432,1558,
gold,33,929,1055,1181,1307,1433,1559,
gold,34,1770,1788,1806,1824,1842,1860,
gold,34,1771,1789,1807,1825,1843,1861,
gold,34,434,435,436,437,438,439,440,441,442,1662,1663,
gold,34,515,516,517,518,519,520,521,522,523,1680,1681,
gold,34,596,597,598,599,600,601,602,603,604,1698,1699,
gold,34,677,678,679,680,681,682,683,684,685,1716,1717,
gold,34,758,759,760,761,762,763,764,765,766,1734,1735,
gold,34,839,840,841,842,843,844,845,846,847,1752,1753,
gold,34,930,1056,1182,1308,1434,1560,
gold,34,931,1057,1183,1309,1435,1561,
gold,34,932,1058,1184,1310,1436,1562,
gold,34,933,1059,1185,1311,1437,1563,
gold,34,934,1060,1186,1312,1438,1564,
gold,34,935,1061,1187,1313,1439,1565,
gold,34,936,1062,1188,1314,1440,1566,
gold,34,937,1063,1189,1315,1441,1567,
gold,34,938,1064,1190,1316,1442,1568,
gold,34,939,1065,1191,1317,1443,1569,
gold,34,940,1066,1192,1318,1444,1570,
gold,34,941,1067,1193,1319,1445,1571,
red,34,942,1068,1194,1320,1446,1572,
gold,34,943,1069,1195,1321,1447,1573,
gold,35,1772,1790,1808,1826,1844,1862,
gold,35,1773,1791,1809,1827,1845,1863,
gold,35,443,444,445,446,447,448,449,450,451,1664,1665,
gold,35,524,525,526,527,528,529,530,531,532,1682,1683,
gold,35,605,606,607,608,609,610,611,612,613,1700,1701,
gold,35,686,687,688,689,690,691,692,693,694,1718,1719,
gold,35,767,768,769,770,771,772,773,774,775,1736,1737,
gold,35,848,849,850,851,852,853,854,855,856,1754,1755,
gold,35,944,1070,1196,1322,1448,1574,
gold,35,945,1071,1197,1323,1449,1575,
gold,35,946,1072,1198,1324,1450,1576,
gold,35,947,1073,1199,1325,1451,1577,
gold,35,948,1074,1200,1326,1452,1578,
gold,35,949,1075,1201,1327,1453,1579,
gold,35,950,1076,1202,1328,1454,1580,
red,35,951,1077,1203,1329,1455,1581,
gold,35,952,1078,1204,1330,1456,1582,
gold,35,953,1079,1205,1331,1457,1583,
gold,35,954,1080,1206,1332,1458,1584,
gold,35,955,1081,1207,1333,1459,1585,
gold,35,956,1082,1208,1334,1460,1586,
gold,35,957,1083,1209,1335,1461,1587,
gold,36,1774,1792,1810,1828,1846,1864,
gold,36,1775,1793,1811,1829,1847,1865,
gold,36,452,453,454,455,456,457,458,459,460,1666,1667,
gold,36,533,534,535,536,537,538,539,540,541,1684,1685,
gold,36,614,615,616,617,618,619,620,621,622,1702,1703,
gold,36,695,696,697,698,699,700,701,702,703,1720,1721,
gold,36,776,777,778,779,780,781,782,783,784,1738,1739,
gold,36,857,858,859,860,861,862,863,864,865,1756,1757,
gold,36,958,1084,1210,1336,1462,1588,
gold,36,959,1085,1211,1337,1463,1589,
gold,36,960,1086,1212,1338,1464,1590,
gold,36,961,1087,1213,1339,1465,1591,
red,36,962,1088,1214,1340,1466,1592,
gold,36,963,1089,1215,1341,1467,1593,
gold,36,964,1090,1216,1342,1468,1594,
gold,36,965,1091,1217,1343,1469,1595,
gold,36,966,1092,1218,1344,1470,1596,
gold,36,967,1093,1219,1345,1471,1597,
gold,36,968,1094,1220,1346,1472,1598,
gold,36,969,1095,1221,1347,1473,1599,
gold,36,970,1096,1222,1348,1474,1600,
gold,36,971,1097,1223,1349,1475,1601,
gold,37,1776,1794,1812,1830,1848,1866,
gold,37,1777,1795,1813,1831,1849,1867,
gold,37,461,462,463,464,465,466,467,468,469,1668,1669,
gold,37,542,543,544,545,546,547,548,549,550,1686,1687,
gold,37,623,624,625,626,627,628,629,630,631,1704,1705,
gold,37,704,705,706,707,708,709,710,711,712,1722,1723,
gold,37,785,786,787,788,789,790,791,792,793,1740,1741,
gold,37,866,867,868,869,870,871,872,873,874,1758,1759,
gold,37,972,1098,1224,1350,1476,1602,
gold,37,973,1099,1225,1351,1477,1603,
gold,37,974,1100,1226,1352,1478,1604,
gold,37,975,1101,1227,1353,1479,1605,
gold,37,976,1102,1228,1354,1480,1606,
gold,37,977,1103,1229,1355,1481,1607,
gold,37,978,1104,1230,1356,1482,1608,
gold,37,979,1105,1231,1357,1483,1609,
red,37,980,1106,1232,1358,1484,1610,
gold,37,981,1107,1233,1359,1485,1611,
gold,37,982,1108,1234,1360,1486,1612,
gold,37,983,1109,1235,1361,1487,1613,
gold,37,984,1110,1236,1362,1488,1614,
gold,37,985,1111,1237,1363,1489,1615,
gold,38,1778,1796,1814,1832,1850,1868,
gold,38,1779,1797,1815,1833,1851,1869,
gold,38,470,471,472,473,474,475,476,477,478,1670,1671,
gold,38,551,552,553,554,555,556,557,558,559,1688,1689,
gold,38,632,633,634,635,636,637,638,639,640,1706,1707,
gold,38,713,714,715,716,717,718,719,720,721,1724,1725,
gold,38,794,795,796,797,798,799,800,801,802,1742,1743,
gold,38,875,876,877,878,879,880,881,882,883,1760,1761,
gold,38,986,1112,1238,1364,1490,1616,
gold,38,987,1113,1239,1365,1491,1617,
gold,38,988,1114,1240,1366,1492,1618,
red,38,989,1115,1241,1367,1493,1619,
gold,38,990,1116,1242,1368,1494,1620,
gold,38,991,1117,1243,1369,1495,1621,
gold,38,992,1118,1244,1370,1496,1622,
gold,38,993,1119,1245,1371,1497,1623,
gold,38,994,1120,1246,1372,1498,1624,
gold,38,995,1121,1247,1373,1499,1625,
gold,38,996,1122,1248,1374,1500,1626,
gold,38,997,1123,1249,1375,1501,1627,
gold,38,998,1124,1250,1376,1502,1628,
gold,38,999,1125,1251,1377,1503,1629,
gold,39,1780,1798,1816,1834,1852,1870,
gold,39,1781,1799,1817,1835,1853,1871,
gold,39,479,480,481,482,483,484,485,486,487,1672,1673,
gold,39,560,561,562,563,564,565,566,567,568,1690,1691,
gold,39,641,642,643,644,645,646,647,648,649,1708,1709,
gold,39,722,723,724,725,726,727,728,729,730,1726,1727,
gold,39,803,804,805,806,807,808,809,810,811,1744,1745,
gold,39,884,885,886,887,888,889,890,891,892,1762,1763,
gold,39,1000,1126,1252,1378,1504,1630,
gold,39,1001,1127,1253,1379,1505,1631,
gold,39,1002,1128,1254,1380,1506,1632,
gold,39,1003,1129,1255,1381,1507,1633,
gold,39,1004,1130,1256,1382,1508,1634,
gold,39,1005,1131,1257,1383,1509,1635,
gold,39,1006,1132,1258,1384,1510,1636,
gold,39,1007,1133,1259,1385,1511,1637,
gold,39,1008,1134,1260,1386,1512,1638,
gold,39,1009,1135,1261,1387,1513,1639,
red,39,1010,1136,1262,1388,1514,1640,
gold,39,1011,1137,1263,1389,1515,1641,
gold,39,1012,1138,1264,1390,1516,1642,
gold,39,1013,1139,1265,1391,1517,1643,
gold,40,1782,1800,1818,1836,1854,1872,
gold,40,1783,1801,1819,1837,1855,1873,
gold,40,488,489,490,491,492,493,494,495,496,1674,1675,
gold,40,569,570,571,572,573,574,575,576,577,1692,1693,
gold,40,650,651,652,653,654,655,656,657,658,1710,1711,
gold,40,731,732,733,734,735,736,737,738,739,1728,1729,
gold,40,812,813,814,815,816,817,818,819,820,1746,1747,
gold,40,893,894,895,896,897,898,899,900,901,1764,1765,
gold,40,1014,1140,1266,1392,1518,1644,
gold,40,1015,1141,1267,1393,1519,1645,
gold,40,1016,1142,1268,1394,1520,1646,
gold,40,1017,1143,1269,1395,1521,1647,
gold,40,1018,1144,1270,1396,1522,1648,
gold,40,1019,1145,1271,1397,1523,1649,
gold,40,1020,1146,1272,1398,1524,1650,
gold,40,1021,1147,1273,1399,1525,1651,
gold,40,1022,1148,1274,1400,1526,1652,
gold,40,1023,1149,1275,1401,1527,1653,
gold,40,1024,1150,1276,1402,1528,1654,
gold,40,1025,1151,1277,1403,1529,1655,
gold,40,1026,1152,1278,1404,1530,1656,
red,40,1027,1153,1279,1405,1531,1657,
lightskyblue,48,
lightskyblue,49,
lightskyblue,50,
lightskyblue,51,
lightskyblue,52,
lightskyblue,47,
lightskyblue,49,
lightskyblue,50,
lightskyblue,51,
lightskyblue,52,
lightskyblue,47,
lightskyblue,48,
lightskyblue,50,
lightskyblue,51,
lightskyblue,52,
lightskyblue,47,
lightskyblue,48,
lightskyblue,49,
lightskyblue,51,
lightskyblue,52,
lightskyblue,47,
lightskyblue,48,
lightskyblue,49,
lightskyblue,50,
lightskyblue,52,
lightskyblue,47,
lightskyblue,48,
lightskyblue,49,
lightskyblue,50,
lightskyblue,51,
lightskyblue,42,
lightskyblue,43,
lightskyblue,44,
lightskyblue,45,
lightskyblue,46,
lightskyblue,41,
lightskyblue,43,
lightskyblue,44,
lightskyblue,45,
lightskyblue,46,
lightskyblue,41,
lightskyblue,42,
lightskyblue,44,
lightskyblue,45,
lightskyblue,46,
lightskyblue,41,
lightskyblue,42,
lightskyblue,43,
lightskyblue,45,
lightskyblue,46,
lightskyblue,41,
lightskyblue,42,
lightskyblue,43,
lightskyblue,44,
lightskyblue,46,
lightskyblue,41,
lightskyblue,42,
lightskyblue,43,
lightskyblue,44,
lightskyblue,45,
lightskyblue,87,152,129,159,73,
lightskyblue,87,152,129,161,74,
lightskyblue,87,152,129,165,75,
lightskyblue,87,152,129,167,76,
lightskyblue,87,152,129,169,77,
lightskyblue,87,152,129,173,78,
lightskyblue,87,152,129,175,79,
lightskyblue,87,152,129,179,80,
lightskyblue,87,152,129,54,81,
lightskyblue,94,152,130,158,188,
lightskyblue,94,152,158,161,189,
lightskyblue,94,152,158,165,190,
lightskyblue,94,152,158,167,191,
lightskyblue,94,152,158,169,192,
lightskyblue,94,152,158,173,193,
lightskyblue,94,152,158,175,194,
lightskyblue,94,152,158,179,195,
lightskyblue,94,152,158,54,196,
lightskyblue,101,152,130,160,210,
lightskyblue,101,152,159,160,211,
lightskyblue,101,152,160,165,212,
lightskyblue,101,152,160,167,213,
lightskyblue,101,152,160,169,214,
lightskyblue,101,152,160,173,215,
lightskyblue,101,152,160,175,216,
lightskyblue,101,152,160,179,217,
lightskyblue,101,152,160,54,218,
lightskyblue,108,152,130,164,232,
lightskyblue,108,152,159,164,233,
lightskyblue,108,152,161,164,234,
lightskyblue,108,152,164,167,235,
lightskyblue,108,152,164,169,236,
lightskyblue,108,152,164,173,237,
lightskyblue,108,152,164,175,238,
lightskyblue,108,152,164,179,239,
lightskyblue,108,152,164,54,240,
lightskyblue,115,152,130,166,254,
lightskyblue,115,152,159,166,255,
lightskyblue,115,152,161,166,256,
lightskyblue,115,152,165,166,257,
lightskyblue,115,152,166,169,258,
lightskyblue,115,152,166,173,259,
lightskyblue,115,152,166,175,260,
lightskyblue,115,152,166,179,261,
lightskyblue,115,152,166,54,262,
lightskyblue,122,152,130,168,276,
lightskyblue,122,152,159,168,277,
lightskyblue,122,152,161,168,278,
lightskyblue,122,152,165,168,279,
lightskyblue,122,152,167,168,280,
lightskyblue,122,152,168,173,281,
lightskyblue,122,152,168,175,282,
lightskyblue,122,152,168,179,283,
lightskyblue,122,152,168,54,284,
lightskyblue,131,152,130,172,298,
lightskyblue,131,152,159,172,299,
lightskyblue,131,152,161,172,300,
lightskyblue,131,152,165,172,301,
lightskyblue,131,152,167,172,302,
lightskyblue,131,152,169,172,303,
lightskyblue,131,152,172,175,304,
lightskyblue,131,152,172,179,305,
lightskyblue,131,152,172,54,306,
lightskyblue,138,152,130,174,320,
lightskyblue,138,152,159,174,321,
lightskyblue,138,152,161,174,322,
lightskyblue,138,152,165,174,323,
lightskyblue,138,152,167,174,324,
lightskyblue,138,152,169,174,325,
lightskyblue,138,152,173,174,326,
lightskyblue,138,152,174,179,327,
lightskyblue,138,152,174,54,328,
lightskyblue,145,152,130,178,342,
lightskyblue,145,152,159,178,343,
lightskyblue,145,152,161,178,344,
lightskyblue,145,152,165,178,345,
lightskyblue,145,152,167,178,346,
lightskyblue,145,152,169,178,347,
lightskyblue,145,152,173,178,348,
lightskyblue,145,152,175,178,349,
lightskyblue,145,152,178,54,350,
lightskyblue,88,154,129,159,73,
lightskyblue,88,154,129,161,74,
lightskyblue,88,154,129,165,75,
lightskyblue,88,154,129,167,76,
lightskyblue,88,154,129,169,77,
lightskyblue,88,154,129,173,78,
lightskyblue,88,154,129,175,79,
lightskyblue,88,154,129,179,80,
lightskyblue,88,154,129,56,82,
lightskyblue,95,154,130,158,188,
lightskyblue,95,154,158,161,189,
lightskyblue,95,154,158,165,190,
lightskyblue,95,154,158,167,191,
lightskyblue,95,154,158,169,192,
lightskyblue,95,154,158,173,193,
lightskyblue,95,154,158,175,194,
lightskyblue,95,154,158,179,195,
lightskyblue,95,154,158,56,197,
lightskyblue,102,154,130,160,210,
lightskyblue,102,154,159,160,211,
lightskyblue,102,154,160,165,212,
lightskyblue,102,154,160,167,213,
lightskyblue,102,154,160,169,214,
lightskyblue,102,154,160,173,215,
lightskyblue,102,154,160,175,216,
lightskyblue,102,154,160,179,217,
lightskyblue,102,154,160,56,219,
lightskyblue,109,154,130,164,232,
lightskyblue,109,154,159,164,233,
lightskyblue,109,154,161,164,234,
lightskyblue,109,154,164,167,235,
lightskyblue,109,154,164,169,236,
lightskyblue,109,154,164,173,237,
lightskyblue,109,154,164,175,238,
lightskyblue,109,154,164,179,239,
lightskyblue,109,154,164,56,241,
lightskyblue,116,154,130,166,254,
lightskyblue,116,154,159,166,255,
lightskyblue,116,154,161,166,256,
lightskyblue,116,154,165,166,257,
lightskyblue,116,154,166,169,258,
lightskyblue,116,154,166,173,259,
lightskyblue,116,154,166,175,260,
lightskyblue,116,154,166,179,261,
lightskyblue,116,154,166,56,263,
lightskyblue,123,154,130,168,276,
lightskyblue,123,154,159,168,277,
lightskyblue,123,154,161,168,278,
lightskyblue,123,154,165,168,279,
lightskyblue,123,154,167,168,280,
lightskyblue,123,154,168,173,281,
lightskyblue,123,154,168,175,282,
lightskyblue,123,154,168,179,283,
lightskyblue,123,154,168,56,285,
lightskyblue,132,154,130,172,298,
lightskyblue,132,154,159,172,299,
lightskyblue,132,154,161,172,300,
lightskyblue,132,154,165,172,301,
lightskyblue,132,154,167,172,302,
lightskyblue,132,154,169,172,303,
lightskyblue,132,154,172,175,304,
lightskyblue,132,154,172,179,305,
lightskyblue,132,154,172,56,307,
lightskyblue,139,154,130,174,320,
lightskyblue,139,154,159,174,321,
lightskyblue,139,154,161,174,322,
lightskyblue,139,154,165,174,323,
lightskyblue,139,154,167,174,324,
lightskyblue,139,154,169,174,325,
lightskyblue,139,154,173,174,326,
lightskyblue,139,154,174,179,327,
lightskyblue,139,154,174,56,329,
lightskyblue,146,154,130,178,342,
lightskyblue,146,154,159,178,343,
lightskyblue,146,154,161,178,344,
lightskyblue,146,154,165,178,345,
lightskyblue,146,154,167,178,346,
lightskyblue,146,154,169,178,347,
lightskyblue,146,154,173,178,348,
lightskyblue,146,154,175,178,349,
lightskyblue,146,154,178,56,351,
lightskyblue,89,156,129,159,73,
lightskyblue,89,156,129,161,74,
lightskyblue,89,156,129,165,75,
lightskyblue,89,156,129,167,76,
lightskyblue,89,156,129,169,77,
lightskyblue,89,156,129,173,78,
lightskyblue,89,156,129,175,79,
lightskyblue,89,156,129,179,80,
lightskyblue,89,156,129,58,83,
lightskyblue,96,156,130,158,188,
lightskyblue,96,156,158,161,189,
lightskyblue,96,156,158,165,190,
lightskyblue,96,156,158,167,191,
lightskyblue,96,156,158,169,192,
lightskyblue,96,156,158,173,193,
lightskyblue,96,156,158,175,194,
lightskyblue,96,156,158,179,195,
lightskyblue,96,156,158,58,198,
lightskyblue,103,156,130,160,210,
lightskyblue,103,156,159,160,211,
lightskyblue,103,156,160,165,212,
lightskyblue,103,156,160,167,213,
lightskyblue,103,156,160,169,214,
lightskyblue,103,156,160,173,215,
lightskyblue,103,156,160,175,216,
lightskyblue,103,156,160,179,217,
lightskyblue,103,156,160,58,220,
lightskyblue,110,156,130,164,232,
lightskyblue,110,156,159,164,233,
lightskyblue,110,156,161,164,234,
lightskyblue,110,156,164,167,235,
lightskyblue,110,156,164,169,236,
lightskyblue,110,156,164,173,237,
lightskyblue,110,156,164,175,238,
lightskyblue,110,156,164,179,239,
lightskyblue,110,156,164,58,242,
lightskyblue,117,156,130,166,254,
lightskyblue,117,156,159,166,255,
lightskyblue,117,156,161,166,256,
lightskyblue,117,156,165,166,257,
lightskyblue,117,156,166,169,258,
lightskyblue,117,156,166,173,259,
lightskyblue,117,156,166,175,260,
lightskyblue,117,156,166,179,261,
lightskyblue,117,156,166,58,264,
lightskyblue,124,156,130,168,276,
lightskyblue,124,156,159,168,277,
lightskyblue,124,156,161,168,278,
lightskyblue,124,156,165,168,279,
lightskyblue,124,156,167,168,280,
lightskyblue,124,156,168,173,281,
lightskyblue,124,156,168,175,282,
lightskyblue,124,156,168,179,283,
lightskyblue,124,156,168,58,286,
lightskyblue,133,156,130,172,298,
lightskyblue,133,156,159,172,299,
lightskyblue,133,156,161,172,300,
lightskyblue,133,156,165,172,301,
lightskyblue,133,156,167,172,302,
lightskyblue,133,156,169,172,303,
lightskyblue,133,156,172,175,304,
lightskyblue,133,156,172,179,305,
lightskyblue,133,156,172,58,308,
lightskyblue,140,156,130,174,320,
lightskyblue,140,156,159,174,321,
lightskyblue,140,156,161,174,322,
lightskyblue,140,156,165,174,323,
lightskyblue,140,156,167,174,324,
lightskyblue,140,156,169,174,325,
lightskyblue,140,156,173,174,326,
lightskyblue,140,156,174,179,327,
lightskyblue,140,156,174,58,330,
lightskyblue,147,156,130,178,342,
lightskyblue,147,156,159,178,343,
lightskyblue,147,156,161,178,344,
lightskyblue,147,156,165,178,345,
lightskyblue,147,156,167,178,346,
lightskyblue,147,156,169,178,347,
lightskyblue,147,156,173,178,348,
lightskyblue,147,156,175,178,349,
lightskyblue,147,156,178,58,352,
lightskyblue,90,162,129,159,73,
lightskyblue,90,162,129,161,74,
lightskyblue,90,162,129,165,75,
lightskyblue,90,162,129,167,76,
lightskyblue,90,162,129,169,77,
lightskyblue,90,162,129,173,78,
lightskyblue,90,162,129,175,79,
lightskyblue,90,162,129,179,80,
lightskyblue,90,162,129,60,84,
lightskyblue,97,162,130,158,188,
lightskyblue,97,162,158,161,189,
lightskyblue,97,162,158,165,190,
lightskyblue,97,162,158,167,191,
lightskyblue,97,162,158,169,192,
lightskyblue,97,162,158,173,193,
lightskyblue,97,162,158,175,194,
lightskyblue,97,162,158,179,195,
lightskyblue,97,162,158,60,199,
lightskyblue,104,162,130,160,210,
lightskyblue,104,162,159,160,211,
lightskyblue,104,162,160,165,212,
lightskyblue,104,162,160,167,213,
lightskyblue,104,162,160,169,214,
lightskyblue,104,162,160,173,215,
lightskyblue,104,162,160,175,216,
lightskyblue,104,162,160,179,217,
lightskyblue,104,162,160,60,221,
lightskyblue,111,162,130,164,232,
lightskyblue,111,162,159,164,233,
lightskyblue,111,162,161,164,234,
lightskyblue,111,162,164,167,235,
lightskyblue,111,162,164,169,236,
lightskyblue,111,162,164,173,237,
lightskyblue,111,162,164,175,238,
lightskyblue,111,162,164,179,239,
lightskyblue,111,162,164,60,243,
lightskyblue,118,162,130,166,254,
lightskyblue,118,162,159,166,255,
lightskyblue,118,162,161,166,256,
lightskyblue,118,162,165,166,257,
lightskyblue,118,162,166,169,258,
lightskyblue,118,162,166,173,259,
lightskyblue,118,162,166,175,260,
lightskyblue,118,162,166,179,261,
lightskyblue,118,162,166,60,265,
lightskyblue,125,162,130,168,276,
lightskyblue,125,162,159,168,277,
lightskyblue,125,162,161,168,278,
lightskyblue,125,162,165,168,279,
lightskyblue,125,162,167,168,280,
lightskyblue,125,162,168,173,281,
lightskyblue,125,162,168,175,282,
lightskyblue,125,162,168,179,283,
lightskyblue,125,162,168,60,287,
lightskyblue,134,162,130,172,298,
lightskyblue,134,162,159,172,299,
lightskyblue,134,162,161,172,300,
lightskyblue,134,162,165,172,301,
lightskyblue,134,162,167,172,302,
lightskyblue,134,162,169,172,303,
lightskyblue,134,162,172,175,304,
lightskyblue,134,162,172,179,305,
lightskyblue,134,162,172,60,309,
lightskyblue,141,162,130,174,320,
lightskyblue,141,162,159,174,321,
lightskyblue,141,162,161,174,322,
lightskyblue,141,162,165,174,323,
lightskyblue,141,162,167,174,324,
lightskyblue,141,162,169,174,325,
lightskyblue,141,162,173,174,326,
lightskyblue,141,162,174,179,327,
lightskyblue,141,162,174,60,331,
lightskyblue,148,162,130,178,342,
lightskyblue,148,162,159,178,343,
lightskyblue,148,162,161,178,344,
lightskyblue,148,162,165,178,345,
lightskyblue,148,162,167,178,346,
lightskyblue,148,162,169,178,347,
lightskyblue,148,162,173,178,348,
lightskyblue,148,162,175,178,349,
lightskyblue,148,162,178,60,353,
lightskyblue,91,170,129,159,73,
lightskyblue,91,170,129,161,74,
lightskyblue,91,170,129,165,75,
lightskyblue,91,170,129,167,76,
lightskyblue,91,170,129,169,77,
lightskyblue,91,170,129,173,78,
lightskyblue,91,170,129,175,79,
lightskyblue,91,170,129,179,80,
lightskyblue,91,170,129,62,85,
lightskyblue,98,170,130,158,188,
lightskyblue,98,170,158,161,189,
lightskyblue,98,170,158,165,190,
lightskyblue,98,170,158,167,191,
lightskyblue,98,170,158,169,192,
lightskyblue,98,170,158,173,193,
lightskyblue,98,170,158,175,194,
lightskyblue,98,170,158,179,195,
lightskyblue,98,170,158,62,200,
lightskyblue,105,170,130,160,210,
lightskyblue,105,170,159,160,211,
lightskyblue,105,170,160,165,212,
lightskyblue,105,170,160,167,213,
lightskyblue,105,170,160,169,214,
lightskyblue,105,170,160,173,215,
lightskyblue,105,170,160,175,216,
lightskyblue,105,170,160,179,217,
lightskyblue,105,170,160,62,222,
lightskyblue,112,170,130,164,232,
lightskyblue,112,170,159,164,233,
lightskyblue,112,170,161,164,234,
lightskyblue,112,170,164,167,235,
lightskyblue,112,170,164,169,236,
lightskyblue,112,170,164,173,237,
lightskyblue,112,170,164,175,238,
lightskyblue,112,170,164,179,239,
lightskyblue,112,170,164,62,244,
lightskyblue,119,170,130,166,254,
lightskyblue,119,170,159,166,255,
lightskyblue,119,170,161,166,256,
lightskyblue,119,170,165,166,257,
lightskyblue,119,170,166,169,258,
lightskyblue,119,170,166,173,259,
lightskyblue,119,170,166,175,260,
lightskyblue,119,170,166,179,261,
lightskyblue,119,170,166,62,266,
lightskyblue,126,170,130,168,276,
lightskyblue,126,170,159,168,277,
lightskyblue,126,170,161,168,278,
lightskyblue,126,170,165,168,279,
lightskyblue,126,170,167,168,280,
lightskyblue,126,170,168,173,281,
lightskyblue,126,170,168,175,282,
lightskyblue,126,170,168,179,283,
lightskyblue,126,170,168,62,288,
lightskyblue,135,170,130,172,298,
lightskyblue,135,170,159,172,299,
lightskyblue,135,170,161,172,300,
lightskyblue,135,170,165,172,301,
lightskyblue,135,170,167,172,302,
lightskyblue,135,170,169,172,303,
lightskyblue,135,170,172,175,304,
lightskyblue,135,170,172,179,305,
lightskyblue,135,170,172,62,310,
lightskyblue,142,170,130,174,320,
lightskyblue,142,170,159,174,321,
lightskyblue,142,170,161,174,322,
lightskyblue,142,170,165,174,323,
lightskyblue,142,170,167,174,324,
lightskyblue,142,170,169,174,325,
lightskyblue,142,170,173,174,326,
lightskyblue,142,170,174,179,327,
lightskyblue,142,170,174,62,332,
lightskyblue,149,170,130,178,342,
lightskyblue,149,170,159,178,343,
lightskyblue,149,170,161,178,344,
lightskyblue,149,170,165,178,345,
lightskyblue,149,170,167,178,346,
lightskyblue,149,170,169,178,347,
lightskyblue,149,170,173,178,348,
lightskyblue,149,170,175,178,349,
lightskyblue,149,170,178,62,354,
lightskyblue,92,176,129,159,73,
lightskyblue,92,176,129,161,74,
lightskyblue,92,176,129,165,75,
lightskyblue,92,176,129,167,76,
lightskyblue,92,176,129,169,77,
lightskyblue,92,176,129,173,78,
lightskyblue,92,176,129,175,79,
lightskyblue,92,176,129,179,80,
lightskyblue,92,176,129,64,86,
lightskyblue,99,176,130,158,188,
lightskyblue,99,176,158,161,189,
lightskyblue,99,176,158,165,190,
lightskyblue,99,176,158,167,191,
lightskyblue,99,176,158,169,192,
lightskyblue,99,176,158,173,193,
lightskyblue,99,176,158,175,194,
lightskyblue,99,176,158,179,195,
lightskyblue,99,176,158,64,201,
lightskyblue,106,176,130,160,210,
lightskyblue,106,176,159,160,211,
lightskyblue,106,176,160,165,212,
lightskyblue,106,176,160,167,213,
lightskyblue,106,176,160,169,214,
lightskyblue,106,176,160,173,215,
lightskyblue,106,176,160,175,216,
lightskyblue,106,176,160,179,217,
lightskyblue,106,176,160,64,223,
lightskyblue,113,176,130,164,232,
lightskyblue,113,176,159,164,233,
lightskyblue,113,176,161,164,234,
lightskyblue,113,176,164,167,235,
lightskyblue,113,176,164,169,236,
lightskyblue,113,176,164,173,237,
lightskyblue,113,176,164,175,238,
lightskyblue,113,176,164,179,239,
lightskyblue,113,176,164,64,245,
lightskyblue,120,176,130,166,254,
lightskyblue,120,176,159,166,255,
lightskyblue,120,176,161,166,256,
lightskyblue,120,176,165,166,257,
lightskyblue,120,176,166,169,258,
lightskyblue,120,176,166,173,259,
lightskyblue,120,176,166,175,260,
lightskyblue,120,176,166,179,261,
lightskyblue,120,176,166,64,267,
lightskyblue,127,176,130,168,276,
lightskyblue,127,176,159,168,277,
lightskyblue,127,176,161,168,278,
lightskyblue,127,176,165,168,279,
lightskyblue,127,176,167,168,280,
lightskyblue,127,176,168,173,281,
lightskyblue,127,176,168,175,282,
lightskyblue,127,176,168,179,283,
lightskyblue,127,176,168,64,289,
lightskyblue,136,176,130,172,298,
lightskyblue,136,176,159,172,299,
lightskyblue,136,176,161,172,300,
lightskyblue,136,176,165,172,301,
lightskyblue,136,176,167,172,302,
lightskyblue,136,176,169,172,303,
lightskyblue,136,176,172,175,304,
lightskyblue,136,176,172,179,305,
lightskyblue,136,176,172,64,311,
lightskyblue,143,176,130,174,320,
lightskyblue,143,176,159,174,321,
lightskyblue,143,176,161,174,322,
lightskyblue,143,176,165,174,323,
lightskyblue,143,176,167,174,324,
lightskyblue,143,176,169,174,325,
lightskyblue,143,176,173,174,326,
lightskyblue,143,176,174,179,327,
lightskyblue,143,176,174,64,333,
lightskyblue,150,176,130,178,342,
lightskyblue,150,176,159,178,343,
lightskyblue,150,176,161,178,344,
lightskyblue,150,176,165,178,345,
lightskyblue,150,176,167,178,346,
lightskyblue,150,176,169,178,347,
lightskyblue,150,176,173,178,348,
lightskyblue,150,176,175,178,349,
lightskyblue,150,176,178,64,355,
lightskyblue,93,153,130,158,67,
lightskyblue,93,153,130,160,67,
lightskyblue,93,153,130,164,67,
lightskyblue,93,153,130,166,67,
lightskyblue,93,153,130,168,67,
lightskyblue,93,153,130,172,67,
lightskyblue,93,153,130,174,67,
lightskyblue,93,153,130,178,67,
lightskyblue,93,153,130,53,67,
lightskyblue,93,153,130,55,67,
lightskyblue,93,153,130,57,67,
lightskyblue,93,153,130,59,67,
lightskyblue,93,153,130,61,67,
lightskyblue,93,153,130,63,67,
lightskyblue,100,153,129,159,182,
lightskyblue,100,153,159,160,182,
lightskyblue,100,153,159,164,182,
lightskyblue,100,153,159,166,182,
lightskyblue,100,153,159,168,182,
lightskyblue,100,153,159,172,182,
lightskyblue,100,153,159,174,182,
lightskyblue,100,153,159,178,182,
lightskyblue,100,153,159,53,182,
lightskyblue,100,153,159,55,182,
lightskyblue,100,153,159,57,182,
lightskyblue,100,153,159,59,182,
lightskyblue,100,153,159,61,182,
lightskyblue,100,153,159,63,182,
lightskyblue,107,153,129,161,204,
lightskyblue,107,153,158,161,204,
lightskyblue,107,153,161,164,204,
lightskyblue,107,153,161,166,204,
lightskyblue,107,153,161,168,204,
lightskyblue,107,153,161,172,204,
lightskyblue,107,153,161,174,204,
lightskyblue,107,153,161,178,204,
lightskyblue,107,153,161,53,204,
lightskyblue,107,153,161,55,204,
lightskyblue,107,153,161,57,204,
lightskyblue,107,153,161,59,204,
lightskyblue,107,153,161,61,204,
lightskyblue,107,153,161,63,204,
lightskyblue,114,153,129,165,226,
lightskyblue,114,153,158,165,226,
lightskyblue,114,153,160,165,226,
lightskyblue,114,153,165,166,226,
lightskyblue,114,153,165,168,226,
lightskyblue,114,153,165,172,226,
lightskyblue,114,153,165,174,226,
lightskyblue,114,153,165,178,226,
lightskyblue,114,153,165,53,226,
lightskyblue,114,153,165,55,226,
lightskyblue,114,153,165,57,226,
lightskyblue,114,153,165,59,226,
lightskyblue,114,153,165,61,226,
lightskyblue,114,153,165,63,226,
lightskyblue,121,153,129,167,248,
lightskyblue,121,153,158,167,248,
lightskyblue,121,153,160,167,248,
lightskyblue,121,153,164,167,248,
lightskyblue,121,153,167,168,248,
lightskyblue,121,153,167,172,248,
lightskyblue,121,153,167,174,248,
lightskyblue,121,153,167,178,248,
lightskyblue,121,153,167,53,248,
lightskyblue,121,153,167,55,248,
lightskyblue,121,153,167,57,248,
lightskyblue,121,153,167,59,248,
lightskyblue,121,153,167,61,248,
lightskyblue,121,153,167,63,248,
lightskyblue,128,153,129,169,270,
lightskyblue,128,153,158,169,270,
lightskyblue,128,153,160,169,270,
lightskyblue,128,153,164,169,270,
lightskyblue,128,153,166,169,270,
lightskyblue,128,153,169,172,270,
lightskyblue,128,153,169,174,270,
lightskyblue,128,153,169,178,270,
lightskyblue,128,153,169,53,270,
lightskyblue,128,153,169,55,270,
lightskyblue,128,153,169,57,270,
lightskyblue,128,153,169,59,270,
lightskyblue,128,153,169,61,270,
lightskyblue,128,153,169,63,270,
lightskyblue,137,153,129,173,292,
lightskyblue,137,153,158,173,292,
lightskyblue,137,153,160,173,292,
lightskyblue,137,153,164,173,292,
lightskyblue,137,153,166,173,292,
lightskyblue,137,153,168,173,292,
lightskyblue,137,153,173,174,292,
lightskyblue,137,153,173,178,292,
lightskyblue,137,153,173,53,292,
lightskyblue,137,153,173,55,292,
lightskyblue,137,153,173,57,292,
lightskyblue,137,153,173,59,292,
lightskyblue,137,153,173,61,292,
lightskyblue,137,153,173,63,292,
lightskyblue,144,153,129,175,314,
lightskyblue,144,153,158,175,314,
lightskyblue,144,153,160,175,314,
lightskyblue,144,153,164,175,314,
lightskyblue,144,153,166,175,314,
lightskyblue,144,153,168,175,314,
lightskyblue,144,153,172,175,314,
lightskyblue,144,153,175,178,314,
lightskyblue,144,153,175,53,314,
lightskyblue,144,153,175,55,314,
lightskyblue,144,153,175,57,314,
lightskyblue,144,153,175,59,314,
lightskyblue,144,153,175,61,314,
lightskyblue,144,153,175,63,314,
lightskyblue,151,153,129,179,336,
lightskyblue,151,153,158,179,336,
lightskyblue,151,153,160,179,336,
lightskyblue,151,153,164,179,336,
lightskyblue,151,153,166,179,336,
lightskyblue,151,153,168,179,336,
lightskyblue,151,153,172,179,336,
lightskyblue,151,153,174,179,336,
lightskyblue,151,153,179,53,336,
lightskyblue,151,153,179,55,336,
lightskyblue,151,153,179,57,336,
lightskyblue,151,153,179,59,336,
lightskyblue,151,153,179,61,336,
lightskyblue,151,153,179,63,336,
lightskyblue,93,155,130,158,68,
lightskyblue,93,155,130,160,68,
lightskyblue,93,155,130,164,68,
lightskyblue,93,155,130,166,68,
lightskyblue,93,155,130,168,68,
lightskyblue,93,155,130,172,68,
lightskyblue,93,155,130,174,68,
lightskyblue,93,155,130,178,68,
lightskyblue,93,155,130,53,68,
lightskyblue,93,155,130,55,68,
lightskyblue,93,155,130,57,68,
lightskyblue,93,155,130,59,68,
lightskyblue,93,155,130,61,68,
lightskyblue,93,155,130,63,68,
lightskyblue,100,155,129,159,183,
lightskyblue,100,155,159,160,183,
lightskyblue,100,155,159,164,183,
lightskyblue,100,155,159,166,183,
lightskyblue,100,155,159,168,183,
lightskyblue,100,155,159,172,183,
lightskyblue,100,155,159,174,183,
lightskyblue,100,155,159,178,183,
lightskyblue,100,155,159,53,183,
lightskyblue,100,155,159,55,183,
lightskyblue,100,155,159,57,183,
lightskyblue,100,155,159,59,183,
lightskyblue,100,155,159,61,183,
lightskyblue,100,155,159,63,183,
lightskyblue,107,155,129,161,205,
lightskyblue,107,155,158,161,205,
lightskyblue,107,155,161,164,205,
lightskyblue,107,155,161,166,205,
lightskyblue,107,155,161,168,205,
lightskyblue,107,155,161,172,205,
lightskyblue,107,155,161,174,205,
lightskyblue,107,155,161,178,205,
lightskyblue,107,155,161,53,205,
lightskyblue,107,155,161,55,205,
lightskyblue,107,155,161,57,205,
lightskyblue,107,155,161,59,205,
lightskyblue,107,155,161,61,205,
lightskyblue,107,155,161,63,205,
lightskyblue,114,155,129,165,227,
lightskyblue,114,155,158,165,227,
lightskyblue,114,155,160,165,227,
lightskyblue,114,155,165,166,227,
lightskyblue,114,155,165,168,227,
lightskyblue,114,155,165,172,227,
lightskyblue,114,155,165,174,227,
lightskyblue,114,155,165,178,227,
lightskyblue,114,155,165,53,227,
lightskyblue,114,155,165,55,227,
lightskyblue,114,155,165,57,227,
lightskyblue,114,155,165,59,227,
lightskyblue,114,155,165,61,227,
lightskyblue,114,155,165,63,227,
lightskyblue,121,155,129,167,249,
lightskyblue,121,155,158,167,249,
lightskyblue,121,155,160,167,249,
lightskyblue,121,155,164,167,249,
lightskyblue,121,155,167,168,249,
lightskyblue,121,155,167,172,249,
lightskyblue,121,155,167,174,249,
lightskyblue,121,155,167,178,249,
lightskyblue,121,155,167,53,249,
lightskyblue,121,155,167,55,249,
lightskyblue,121,155,167,57,249,
lightskyblue,121,155,167,59,249,
lightskyblue,121,155,167,61,249,
lightskyblue,121,155,167,63,249,
lightskyblue,128,155,129,169,271,
lightskyblue,128,155,158,169,271,
lightskyblue,128,155,160,169,271,
lightskyblue,128,155,164,169,271,
lightskyblue,128,155,166,169,271,
lightskyblue,128,155,169,172,271,
lightskyblue,128,155,169,174,271,
lightskyblue,128,155,169,178,271,
lightskyblue,128,155,169,53,271,
lightskyblue,128,155,169,55,271,
lightskyblue,128,155,169,57,271,
lightskyblue,128,155,169,59,271,
lightskyblue,128,155,169,61,271,
lightskyblue,128,155,169,63,271,
lightskyblue,137,155,129,173,293,
lightskyblue,137,155,158,173,293,
lightskyblue,137,155,160,173,293,
lightskyblue,137,155,164,173,293,
lightskyblue,137,155,166,173,293,
lightskyblue,137,155,168,173,293,
lightskyblue,137,155,173,174,293,
lightskyblue,137,155,173,178,293,
lightskyblue,137,155,173,53,293,
lightskyblue,137,155,173,55,293,
lightskyblue,137,155,173,57,293,
lightskyblue,137,155,173,59,293,
lightskyblue,137,155,173,61,293,
lightskyblue,137,155,173,63,293,
lightskyblue,144,155,129,175,315,
lightskyblue,144,155,158,175,315,
lightskyblue,144,155,160,175,315,
lightskyblue,144,155,164,175,315,
lightskyblue,144,155,166,175,315,
lightskyblue,144,155,168,175,315,
lightskyblue,144,155,172,175,315,
lightskyblue,144,155,175,178,315,
lightskyblue,144,155,175,53,315,
lightskyblue,144,155,175,55,315,
lightskyblue,144,155,175,57,315,
lightskyblue,144,155,175,59,315,
lightskyblue,144,155,175,61,315,
lightskyblue,144,155,175,63,315,
lightskyblue,151,155,129,179,337,
lightskyblue,151,155,158,179,337,
lightskyblue,151,155,160,179,337,
lightskyblue,151,155,164,179,337,
lightskyblue,151,155,166,179,337,
lightskyblue,151,155,168,179,337,
lightskyblue,151,155,172,179,337,
lightskyblue,151,155,174,179,337,
lightskyblue,151,155,179,53,337,
lightskyblue,151,155,179,55,337,
lightskyblue,151,155,179,57,337,
lightskyblue,151,155,179,59,337,
lightskyblue,151,155,179,61,337,
lightskyblue,151,155,179,63,337,
lightskyblue,93,157,130,158,69,
lightskyblue,93,157,130,160,69,
lightskyblue,93,157,130,164,69,
lightskyblue,93,157,130,166,69,
lightskyblue,93,157,130,168,69,
lightskyblue,93,157,130,172,69,
lightskyblue,93,157,130,174,69,
lightskyblue,93,157,130,178,69,
lightskyblue,93,157,130,53,69,
lightskyblue,93,157,130,55,69,
lightskyblue,93,157,130,57,69,
lightskyblue,93,157,130,59,69,
lightskyblue,93,157,130,61,69,
lightskyblue,93,157,130,63,69,
lightskyblue,100,157,129,159,184,
lightskyblue,100,157,159,160,184,
lightskyblue,100,157,159,164,184,
lightskyblue,100,157,159,166,184,
lightskyblue,100,157,159,168,184,
lightskyblue,100,157,159,172,184,
lightskyblue,100,157,159,174,184,
lightskyblue,100,157,159,178,184,
lightskyblue,100,157,159,53,184,
lightskyblue,100,157,159,55,184,
lightskyblue,100,157,159,57,184,
lightskyblue,100,157,159,59,184,
lightskyblue,100,157,159,61,184,
lightskyblue,100,157,159,63,184,
lightskyblue,107,157,129,161,206,
lightskyblue,107,157,158,161,206,
lightskyblue,107,157,161,164,206,
lightskyblue,107,157,161,166,206,
lightskyblue,107,157,161,168,206,
lightskyblue,107,157,161,172,206,
lightskyblue,107,157,161,174,206,
lightskyblue,107,157,161,178,206,
lightskyblue,107,157,161,53,206,
lightskyblue,107,157,161,55,206,
lightskyblue,107,157,161,57,206,
lightskyblue,107,157,161,59,206,
lightskyblue,107,157,161,61,206,
lightskyblue,107,157,161,63,206,
lightskyblue,114,157,129,165,228,
lightskyblue,114,157,158,165,228,
lightskyblue,114,157,160,165,228,
lightskyblue,114,157,165,166,228,
lightskyblue,114,157,165,168,228,
lightskyblue,114,157,165,172,228,
lightskyblue,114,157,165,174,228,
lightskyblue,114,157,165,178,228,
lightskyblue,114,157,165,53,228,
lightskyblue,114,157,165,55,228,
lightskyblue,114,157,165,57,228,
lightskyblue,114,157,165,59,228,
lightskyblue,114,157,165,61,228,
lightskyblue,114,157,165,63,228,
lightskyblue,121,157,129,167,250,
lightskyblue,121,157,158,167,250,
lightskyblue,121,157,160,167,250,
lightskyblue,121,157,164,167,250,
lightskyblue,121,157,167,168,250,
lightskyblue,121,157,167,172,250,
lightskyblue,121,157,167,174,250,
lightskyblue,121,157,167,178,250,
lightskyblue,121,157,167,53,250,
lightskyblue,121,157,167,55,250,
lightskyblue,121,157,167,57,250,
lightskyblue,121,157,167,59,250,
lightskyblue,121,157,167,61,250,
lightskyblue,121,157,167,63,250,
lightskyblue,128,157,129,169,272,
lightskyblue,128,157,158,169,272,
lightskyblue,128,157,160,169,272,
lightskyblue,128,157,164,169,272,
lightskyblue,128,157,166,169,272,
lightskyblue,128,157,169,172,272,
lightskyblue,128,157,169,174,272,
lightskyblue,128,157,169,178,272,
lightskyblue,128,157,169,53,272,
lightskyblue,128,157,169,55,272,
lightskyblue,128,157,169,57,272,
lightskyblue,128,157,169,59,272,
lightskyblue,128,157,169,61,272,
lightskyblue,128,157,169,63,272,
lightskyblue,137,157,129,173,294,
lightskyblue,137,157,158,173,294,
lightskyblue,137,157,160,173,294,
lightskyblue,137,157,164,173,294,
lightskyblue,137,157,166,173,294,
lightskyblue,137,157,168,173,294,
lightskyblue,137,157,173,174,294,
lightskyblue,137,157,173,178,294,
lightskyblue,137,157,173,53,294,
lightskyblue,137,157,173,55,294,
lightskyblue,137,157,173,57,294,
lightskyblue,137,157,173,59,294,
lightskyblue,137,157,173,61,294,
lightskyblue,137,157,173,63,294,
lightskyblue,144,157,129,175,316,
lightskyblue,144,157,158,175,316,
lightskyblue,144,157,160,175,316,
lightskyblue,144,157,164,175,316,
lightskyblue,144,157,166,175,316,
lightskyblue,144,157,168,175,316,
lightskyblue,144,157,172,175,316,
lightskyblue,144,157,175,178,316,
lightskyblue,144,157,175,53,316,
lightskyblue,144,157,175,55,316,
lightskyblue,144,157,175,57,316,
lightskyblue,144,157,175,59,316,
lightskyblue,144,157,175,61,316,
lightskyblue,144,157,175,63,316,
lightskyblue,151,157,129,179,338,
lightskyblue,151,157,158,179,338,
lightskyblue,151,157,160,179,338,
lightskyblue,151,157,164,179,338,
lightskyblue,151,157,166,179,338,
lightskyblue,151,157,168,179,338,
lightskyblue,151,157,172,179,338,
lightskyblue,151,157,174,179,338,
lightskyblue,151,157,179,53,338,
lightskyblue,151,157,179,55,338,
lightskyblue,151,157,179,57,338,
lightskyblue,151,157,179,59,338,
lightskyblue,151,157,179,61,338,
lightskyblue,151,157,179,63,338,
lightskyblue,93,163,130,158,70,
lightskyblue,93,163,130,160,70,
lightskyblue,93,163,130,164,70,
lightskyblue,93,163,130,166,70,
lightskyblue,93,163,130,168,70,
lightskyblue,93,163,130,172,70,
lightskyblue,93,163,130,174,70,
lightskyblue,93,163,130,178,70,
lightskyblue,93,163,130,53,70,
lightskyblue,93,163,130,55,70,
lightskyblue,93,163,130,57,70,
lightskyblue,93,163,130,59,70,
lightskyblue,93,163,130,61,70,
lightskyblue,93,163,130,63,70,
lightskyblue,100,163,129,159,185,
lightskyblue,100,163,159,160,185,
lightskyblue,100,163,159,164,185,
lightskyblue,100,163,159,166,185,
lightskyblue,100,163,159,168,185,
lightskyblue,100,163,159,172,185,
lightskyblue,100,163,159,174,185,
lightskyblue,100,163,159,178,185,
lightskyblue,100,163,159,53,185,
lightskyblue,100,163,159,55,185,
lightskyblue,100,163,159,57,185,
lightskyblue,100,163,159,59,185,
lightskyblue,100,163,159,61,185,
lightskyblue,100,163,159,63,185,
lightskyblue,107,163,129,161,207,
lightskyblue,107,163,158,161,207,
lightskyblue,107,163,161,164,207,
lightskyblue,107,163,161,166,207,
lightskyblue,107,163,161,168,207,
lightskyblue,107,163,161,172,207,
lightskyblue,107,163,161,174,207,
lightskyblue,107,163,161,178,207,
lightskyblue,107,163,161,53,207,
lightskyblue,107,163,161,55,207,
lightskyblue,107,163,161,57,207,
lightskyblue,107,163,161,59,207,
lightskyblue,107,163,161,61,207,
lightskyblue,107,163,161,63,207,
lightskyblue,114,163,129,165,229,
lightskyblue,114,163,158,165,229,
lightskyblue,114,163,160,165,229,
lightskyblue,114,163,165,166,229,
lightskyblue,114,163,165,168,229,
lightskyblue,114,163,165,172,229,
lightskyblue,114,163,165,174,229,
lightskyblue,114,163,165,178,229,
lightskyblue,114,163,165,53,229,
lightskyblue,114,163,165,55,229,
lightskyblue,114,163,165,57,229,
lightskyblue,114,163,165,59,229,
lightskyblue,114,163,165,61,229,
lightskyblue,114,163,165,63,229,
lightskyblue,121,163,129,167,251,
lightskyblue,121,163,158,167,251,
lightskyblue,121,163,160,167,251,
lightskyblue,121,163,164,167,251,
lightskyblue,121,163,167,168,251,
lightskyblue,121,163,167,172,251,
lightskyblue,121,163,167,174,251,
lightskyblue,121,163,167,178,251,
lightskyblue,121,163,167,53,251,
lightskyblue,121,163,167,55,251,
lightskyblue,121,163,167,57,251,
lightskyblue,121,163,167,59,251,
lightskyblue,121,163,167,61,251,
lightskyblue,121,163,167,63,251,
lightskyblue,128,163,129,169,273,
lightskyblue,128,163,158,169,273,
lightskyblue,128,163,160,169,273,
lightskyblue,128,163,164,169,273,
lightskyblue,128,163,166,169,273,
lightskyblue,128,163,169,172,273,
lightskyblue,128,163,169,174,273,
lightskyblue,128,163,169,178,273,
lightskyblue,128,163,169,53,273,
lightskyblue,128,163,169,55,273,
lightskyblue,128,163,169,57,273,
lightskyblue,128,163,169,59,273,
lightskyblue,128,163,169,61,273,
lightskyblue,128,163,169,63,273,
lightskyblue,137,163,129,173,295,
lightskyblue,137,163,158,173,295,
lightskyblue,137,163,160,173,295,
lightskyblue,137,163,164,173,295,
lightskyblue,137,163,166,173,295,
lightskyblue,137,163,168,173,295,
lightskyblue,137,163,173,174,295,
lightskyblue,137,163,173,178,295,
lightskyblue,137,163,173,53,295,
lightskyblue,137,163,173,55,295,
lightskyblue,137,163,173,57,295,
lightskyblue,137,163,173,59,295,
lightskyblue,137,163,173,61,295,
lightskyblue,137,163,173,63,295,
lightskyblue,144,163,129,175,317,
lightskyblue,144,163,158,175,317,
lightskyblue,144,163,160,175,317,
lightskyblue,144,163,164,175,317,
lightskyblue,144,163,166,175,317,
lightskyblue,144,163,168,175,317,
lightskyblue,144,163,172,175,317,
lightskyblue,144,163,175,178,317,
lightskyblue,144,163,175,53,317,
lightskyblue,144,163,175,55,317,
lightskyblue,144,163,175,57,317,
lightskyblue,144,163,175,59,317,
lightskyblue,144,163,175,61,317,
lightskyblue,144,163,175,63,317,
lightskyblue,151,163,129,179,339,
lightskyblue,151,163,158,179,339,
lightskyblue,151,163,160,179,339,
lightskyblue,151,163,164,179,339,
lightskyblue,151,163,166,179,339,
lightskyblue,151,163,168,179,339,
lightskyblue,151,163,172,179,339,
lightskyblue,151,163,174,179,339,
lightskyblue,151,163,179,53,339,
lightskyblue,151,163,179,55,339,
lightskyblue,151,163,179,57,339,
lightskyblue,151,163,179,59,339,
lightskyblue,151,163,179,61,339,
lightskyblue,151,163,179,63,339,
lightskyblue,93,171,130,158,71,
lightskyblue,93,171,130,160,71,
lightskyblue,93,171,130,164,71,
lightskyblue,93,171,130,166,71,
lightskyblue,93,171,130,168,71,
lightskyblue,93,171,130,172,71,
lightskyblue,93,171,130,174,71,
lightskyblue,93,171,130,178,71,
lightskyblue,93,171,130,53,71,
lightskyblue,93,171,130,55,71,
lightskyblue,93,171,130,57,71,
lightskyblue,93,171,130,59,71,
lightskyblue,93,171,130,61,71,
lightskyblue,93,171,130,63,71,
lightskyblue,100,171,129,159,186,
lightskyblue,100,171,159,160,186,
lightskyblue,100,171,159,164,186,
lightskyblue,100,171,159,166,186,
lightskyblue,100,171,159,168,186,
lightskyblue,100,171,159,172,186,
lightskyblue,100,171,159,174,186,
lightskyblue,100,171,159,178,186,
lightskyblue,100,171,159,53,186,
lightskyblue,100,171,159,55,186,
lightskyblue,100,171,159,57,186,
lightskyblue,100,171,159,59,186,
lightskyblue,100,171,159,61,186,
lightskyblue,100,171,159,63,186,
lightskyblue,107,171,129,161,208,
lightskyblue,107,171,158,161,208,
lightskyblue,107,171,161,164,208,
lightskyblue,107,171,161,166,208,
lightskyblue,107,171,161,168,208,
lightskyblue,107,171,161,172,208,
lightskyblue,107,171,161,174,208,
lightskyblue,107,171,161,178,208,
lightskyblue,107,171,161,53,208,
lightskyblue,107,171,161,55,208,
lightskyblue,107,171,161,57,208,
lightskyblue,107,171,161,59,208,
lightskyblue,107,171,161,61,208,
lightskyblue,107,171,161,63,208,
lightskyblue,114,171,129,165,230,
lightskyblue,114,171,158,165,230,
lightskyblue,114,171,160,165,230,
lightskyblue,114,171,165,166,230,
lightskyblue,114,171,165,168,230,
lightskyblue,114,171,165,172,230,
lightskyblue,114,171,165,174,230,
lightskyblue,114,171,165,178,230,
lightskyblue,114,171,165,53,230,
lightskyblue,114,171,165,55,230,
lightskyblue,114,171,165,57,230,
lightskyblue,114,171,165,59,230,
lightskyblue,114,171,165,61,230,
lightskyblue,114,171,165,63,230,
lightskyblue,121,171,129,167,252,
lightskyblue,121,171,158,167,252,
lightskyblue,121,171,160,167,252,
lightskyblue,121,171,164,167,252,
lightskyblue,121,171,167,168,252,
lightskyblue,121,171,167,172,252,
lightskyblue,121,171,167,174,252,
lightskyblue,121,171,167,178,252,
lightskyblue,121,171,167,53,252,
lightskyblue,121,171,167,55,252,
lightskyblue,121,171,167,57,252,
lightskyblue,121,171,167,59,252,
lightskyblue,121,171,167,61,252,
lightskyblue,121,171,167,63,252,
lightskyblue,128,171,129,169,274,
lightskyblue,128,171,158,169,274,
lightskyblue,128,171,160,169,274,
lightskyblue,128,171,164,169,274,
lightskyblue,128,171,166,169,274,
lightskyblue,128,171,169,172,274,
lightskyblue,128,171,169,174,274,
lightskyblue,128,171,169,178,274,
lightskyblue,128,171,169,53,274,
lightskyblue,128,171,169,55,274,
lightskyblue,128,171,169,57,274,
lightskyblue,128,171,169,59,274,
lightskyblue,128,171,169,61,274,
lightskyblue,128,171,169,63,274,
lightskyblue,137,171,129,173,296,
lightskyblue,137,171,158,173,296,
lightskyblue,137,171,160,173,296,
lightskyblue,137,171,164,173,296,
lightskyblue,137,171,166,173,296,
lightskyblue,137,171,168,173,296,
lightskyblue,137,171,173,174,296,
lightskyblue,137,171,173,178,296,
lightskyblue,137,171,173,53,296,
lightskyblue,137,171,173,55,296,
lightskyblue,137,171,173,57,296,
lightskyblue,137,171,173,59,296,
lightskyblue,137,171,173,61,296,
lightskyblue,137,171,173,63,296,
lightskyblue,144,171,129,175,318,
lightskyblue,144,171,158,175,318,
lightskyblue,144,171,160,175,318,
lightskyblue,144,171,164,175,318,
lightskyblue,144,171,166,175,318,
lightskyblue,144,171,168,175,318,
lightskyblue,144,171,172,175,318,
lightskyblue,144,171,175,178,318,
lightskyblue,144,171,175,53,318,
lightskyblue,144,171,175,55,318,
lightskyblue,144,171,175,57,318,
lightskyblue,144,171,175,59,318,
lightskyblue,144,171,175,61,318,
lightskyblue,144,171,175,63,318,
lightskyblue,151,171,129,179,340,
lightskyblue,151,171,158,179,340,
lightskyblue,151,171,160,179,340,
lightskyblue,151,171,164,179,340,
lightskyblue,151,171,166,179,340,
lightskyblue,151,171,168,179,340,
lightskyblue,151,171,172,179,340,
lightskyblue,151,171,174,179,340,
lightskyblue,151,171,179,53,340,
lightskyblue,151,171,179,55,340,
lightskyblue,151,171,179,57,340,
lightskyblue,151,171,179,59,340,
lightskyblue,151,171,179,61,340,
lightskyblue,151,171,179,63,340,
lightskyblue,93,177,130,158,72,
lightskyblue,93,177,130,160,72,
lightskyblue,93,177,130,164,72,
lightskyblue,93,177,130,166,72,
lightskyblue,93,177,130,168,72,
lightskyblue,93,177,130,172,72,
lightskyblue,93,177,130,174,72,
lightskyblue,93,177,130,178,72,
lightskyblue,93,177,130,53,72,
lightskyblue,93,177,130,55,72,
lightskyblue,93,177,130,57,72,
lightskyblue,93,177,130,59,72,
lightskyblue,93,177,130,61,72,
lightskyblue,93,177,130,63,72,
lightskyblue,100,177,129,159,187,
lightskyblue,100,177,159,160,187,
lightskyblue,100,177,159,164,187,
lightskyblue,100,177,159,166,187,
lightskyblue,100,177,159,168,187,
lightskyblue,100,177,159,172,187,
lightskyblue,100,177,159,174,187,
lightskyblue,100,177,159,178,187,
lightskyblue,100,177,159,53,187,
lightskyblue,100,177,159,55,187,
lightskyblue,100,177,159,57,187,
lightskyblue,100,177,159,59,187,
lightskyblue,100,177,159,61,187,
lightskyblue,100,177,159,63,187,
lightskyblue,107,177,129,161,209,
lightskyblue,107,177,158,161,209,
lightskyblue,107,177,161,164,209,
lightskyblue,107,177,161,166,209,
lightskyblue,107,177,161,168,209,
lightskyblue,107,177,161,172,209,
lightskyblue,107,177,161,174,209,
lightskyblue,107,177,161,178,209,
lightskyblue,107,177,161,53,209,
lightskyblue,107,177,161,55,209,
lightskyblue,107,177,161,57,209,
lightskyblue,107,177,161,59,209,
lightskyblue,107,177,161,61,209,
lightskyblue,107,177,161,63,209,
lightskyblue,114,177,129,165,231,
lightskyblue,114,177,158,165,231,
lightskyblue,114,177,160,165,231,
lightskyblue,114,177,165,166,231,
lightskyblue,114,177,165,168,231,
lightskyblue,114,177,165,172,231,
lightskyblue,114,177,165,174,231,
lightskyblue,114,177,165,178,231,
lightskyblue,114,177,165,53,231,
lightskyblue,114,177,165,55,231,
lightskyblue,114,177,165,57,231,
lightskyblue,114,177,165,59,231,
lightskyblue,114,177,165,61,231,
lightskyblue,114,177,165,63,231,
lightskyblue,121,177,129,167,253,
lightskyblue,121,177,158,167,253,
lightskyblue,121,177,160,167,253,
lightskyblue,121,177,164,167,253,
lightskyblue,121,177,167,168,253,
lightskyblue,121,177,167,172,253,
lightskyblue,121,177,167,174,253,
lightskyblue,121,177,167,178,253,
lightskyblue,121,177,167,53,253,
lightskyblue,121,177,167,55,253,
lightskyblue,121,177,167,57,253,
lightskyblue,121,177,167,59,253,
lightskyblue,121,177,167,61,253,
lightskyblue,121,177,167,63,253,
lightskyblue,128,177,129,169,275,
lightskyblue,128,177,158,169,275,
lightskyblue,128,177,160,169,275,
lightskyblue,128,177,164,169,275,
lightskyblue,128,177,166,169,275,
lightskyblue,128,177,169,172,275,
lightskyblue,128,177,169,174,275,
lightskyblue,128,177,169,178,275,
lightskyblue,128,177,169,53,275,
lightskyblue,128,177,169,55,275,
lightskyblue,128,177,169,57,275,
lightskyblue,128,177,169,59,275,
lightskyblue,128,177,169,61,275,
lightskyblue,128,177,169,63,275,
lightskyblue,137,177,129,173,297,
lightskyblue,137,177,158,173,297,
lightskyblue,137,177,160,173,297,
lightskyblue,137,177,164,173,297,
lightskyblue,137,177,166,173,297,
lightskyblue,137,177,168,173,297,
lightskyblue,137,177,173,174,297,
lightskyblue,137,177,173,178,297,
lightskyblue,137,177,173,53,297,
lightskyblue,137,177,173,55,297,
lightskyblue,137,177,173,57,297,
lightskyblue,137,177,173,59,297,
lightskyblue,137,177,173,61,297,
lightskyblue,137,177,173,63,297,
lightskyblue,144,177,129,175,319,
lightskyblue,144,177,158,175,319,
lightskyblue,144,177,160,175,319,
lightskyblue,144,177,164,175,319,
lightskyblue,144,177,166,175,319,
lightskyblue,144,177,168,175,319,
lightskyblue,144,177,172,175,319,
lightskyblue,144,177,175,178,319,
lightskyblue,144,177,175,53,319,
lightskyblue,144,177,175,55,319,
lightskyblue,144,177,175,57,319,
lightskyblue,144,177,175,59,319,
lightskyblue,144,177,175,61,319,
lightskyblue,144,177,175,63,319,
lightskyblue,151,177,129,179,341,
lightskyblue,151,177,158,179,341,
lightskyblue,151,177,160,179,341,
lightskyblue,151,177,164,179,341,
lightskyblue,151,177,166,179,341,
lightskyblue,151,177,168,179,341,
lightskyblue,151,177,172,179,341,
lightskyblue,151,177,174,179,341,
lightskyblue,151,177,179,53,341,
lightskyblue,151,177,179,55,341,
lightskyblue,151,177,179,57,341,
lightskyblue,151,177,179,59,341,
lightskyblue,151,177,179,61,341,
lightskyblue,151,177,179,63,341,
lightskyblue,152,65,
lightskyblue,152,66,
lightskyblue,152,180,
lightskyblue,152,181,
lightskyblue,152,202,
lightskyblue,152,203,
lightskyblue,152,224,
lightskyblue,152,225,
lightskyblue,152,246,
lightskyblue,152,247,
lightskyblue,152,268,
lightskyblue,152,269,
lightskyblue,152,290,
lightskyblue,152,291,
lightskyblue,152,312,
lightskyblue,152,313,
lightskyblue,152,334,
lightskyblue,152,335,
lightskyblue,154,65,
lightskyblue,154,66,
lightskyblue,154,180,
lightskyblue,154,181,
lightskyblue,154,202,
lightskyblue,154,203,
lightskyblue,154,224,
lightskyblue,154,225,
lightskyblue,154,246,
lightskyblue,154,247,
lightskyblue,154,268,
lightskyblue,154,269,
lightskyblue,154,290,
lightskyblue,154,291,
lightskyblue,154,312,
lightskyblue,154,313,
lightskyblue,154,334,
lightskyblue,154,335,
lightskyblue,156,65,
lightskyblue,156,66,
lightskyblue,156,180,
lightskyblue,156,181,
lightskyblue,156,202,
lightskyblue,156,203,
lightskyblue,156,224,
lightskyblue,156,225,
lightskyblue,156,246,
lightskyblue,156,247,
lightskyblue,156,268,
lightskyblue,156,269,
lightskyblue,156,290,
lightskyblue,156,291,
lightskyblue,156,312,
lightskyblue,156,313,
lightskyblue,156,334,
lightskyblue,156,335,
lightskyblue,162,65,
lightskyblue,162,66,
lightskyblue,162,180,
lightskyblue,162,181,
lightskyblue,162,202,
lightskyblue,162,203,
lightskyblue,162,224,
lightskyblue,162,225,
lightskyblue,162,246,
lightskyblue,162,247,
lightskyblue,162,268,
lightskyblue,162,269,
lightskyblue,162,290,
lightskyblue,162,291,
lightskyblue,162,312,
lightskyblue,162,313,
lightskyblue,162,334,
lightskyblue,162,335,
lightskyblue,170,65,
lightskyblue,170,66,
lightskyblue,170,180,
lightskyblue,170,181,
lightskyblue,170,202,
lightskyblue,170,203,
lightskyblue,170,224,
lightskyblue,170,225,
lightskyblue,170,246,
lightskyblue,170,247,
lightskyblue,170,268,
lightskyblue,170,269,
lightskyblue,170,290,
lightskyblue,170,291,
lightskyblue,170,312,
lightskyblue,170,313,
lightskyblue,170,334,
lightskyblue,170,335,
lightskyblue,176,65,
lightskyblue,176,66,
lightskyblue,176,180,
lightskyblue,176,181,
lightskyblue,176,202,
lightskyblue,176,203,
lightskyblue,176,224,
lightskyblue,176,225,
lightskyblue,176,246,
lightskyblue,176,247,
lightskyblue,176,268,
lightskyblue,176,269,
lightskyblue,176,290,
lightskyblue,176,291,
lightskyblue,176,312,
lightskyblue,176,313,
lightskyblue,176,334,
lightskyblue,176,335,
lightskyblue,153,67,
lightskyblue,153,67,
lightskyblue,153,182,
lightskyblue,153,182,
lightskyblue,153,204,
lightskyblue,153,204,
lightskyblue,153,226,
lightskyblue,153,226,
lightskyblue,153,248,
lightskyblue,153,248,
lightskyblue,153,270,
lightskyblue,153,270,
lightskyblue,153,292,
lightskyblue,153,292,
lightskyblue,153,314,
lightskyblue,153,314,
lightskyblue,153,336,
lightskyblue,153,336,
lightskyblue,155,68,
lightskyblue,155,68,
lightskyblue,155,183,
lightskyblue,155,183,
lightskyblue,155,205,
lightskyblue,155,205,
lightskyblue,155,227,
lightskyblue,155,227,
lightskyblue,155,249,
lightskyblue,155,249,
lightskyblue,155,271,
lightskyblue,155,271,
lightskyblue,155,293,
lightskyblue,155,293,
lightskyblue,155,315,
lightskyblue,155,315,
lightskyblue,155,337,
lightskyblue,155,337,
lightskyblue,157,69,
lightskyblue,157,69,
lightskyblue,157,184,
lightskyblue,157,184,
lightskyblue,157,206,
lightskyblue,157,206,
lightskyblue,157,228,
lightskyblue,157,228,
lightskyblue,157,250,
lightskyblue,157,250,
lightskyblue,157,272,
lightskyblue,157,272,
lightskyblue,157,294,
lightskyblue,157,294,
lightskyblue,157,316,
lightskyblue,157,316,
lightskyblue,157,338,
lightskyblue,157,338,
lightskyblue,163,70,
lightskyblue,163,70,
lightskyblue,163,185,
lightskyblue,163,185,
lightskyblue,163,207,
lightskyblue,163,207,
lightskyblue,163,229,
lightskyblue,163,229,
lightskyblue,163,251,
lightskyblue,163,251,
lightskyblue,163,273,
lightskyblue,163,273,
lightskyblue,163,295,
lightskyblue,163,295,
lightskyblue,163,317,
lightskyblue,163,317,
lightskyblue,163,339,
lightskyblue,163,339,
lightskyblue,171,71,
lightskyblue,171,71,
lightskyblue,171,186,
lightskyblue,171,186,
lightskyblue,171,208,
lightskyblue,171,208,
lightskyblue,171,230,
lightskyblue,171,230,
lightskyblue,171,252,
lightskyblue,171,252,
lightskyblue,171,274,
lightskyblue,171,274,
lightskyblue,171,296,
lightskyblue,171,296,
lightskyblue,171,318,
lightskyblue,171,318,
lightskyblue,171,340,
lightskyblue,171,340,
lightskyblue,177,72,
lightskyblue,177,72,
lightskyblue,177,187,
lightskyblue,177,187,
lightskyblue,177,209,
lightskyblue,177,209,
lightskyblue,177,231,
lightskyblue,177,231,
lightskyblue,177,253,
lightskyblue,177,253,
lightskyblue,177,275,
lightskyblue,177,275,
lightskyblue,177,297,
lightskyblue,177,297,
lightskyblue,177,319,
lightskyblue,177,319,
lightskyblue,177,341,
lightskyblue,177,341,
