green,
green,
green,
green,
green,
green,
green,
green,
green,
green,
green,
green,
green,
green,
green,
green,
green,
green,
green,
green,
green,
green,
green,
green,
green,
green,
green,
green,
green,
green,
green,
green,
green,
green,
green,
green,
green,
green,
green,
green,
green,
green,
gold,0,398,399,400,401,402,1734,1736,1738,1740,1742,1744,1746,1748,1750,1842,1844,1846,1848,1850,1852,1854,1856,1858,
gold,0,403,404,405,406,407,1752,1754,1756,1758,1760,1762,1764,1766,1768,1860,1862,1864,1866,1868,1870,1872,1874,1876,
gold,0,408,409,410,411,412,1770,1772,1774,1776,1778,1780,1782,1784,1786,1878,1880,1882,1884,1886,1888,1890,1892,1894,
gold,0,413,414,415,416,417,1788,1790,1792,1794,1796,1798,1800,1802,1804,1896,1898,1900,1902,1904,1906,1908,1910,1912,
gold,0,418,419,420,421,422,1806,1808,1810,1812,1814,1816,1818,1820,1822,1914,1916,1918,1920,1922,1924,1926,1928,1930,
gold,0,423,424,425,426,427,1824,1826,1828,1830,1832,1834,1836,1838,1840,1932,1934,1936,1938,1940,1942,1944,1946,1948,
gold,1,368,369,370,371,372,1733,1735,1737,1739,1741,1743,1745,1747,1749,1841,1843,1845,1847,1849,1851,1853,1855,1857,
gold,1,373,374,375,376,377,1751,1753,1755,1757,1759,1761,1763,1765,1767,1859,1861,1863,1865,1867,1869,1871,1873,1875,
gold,1,378,379,380,381,382,1769,1771,1773,1775,1777,1779,1781,1783,1785,1877,1879,1881,1883,1885,1887,1889,1891,1893,
gold,1,383,384,385,386,387,1787,1789,1791,1793,1795,1797,1799,1801,1803,1895,1897,1899,1901,1903,1905,1907,1909,1911,
gold,1,388,389,390,391,392,1805,1807,1809,1811,1813,1815,1817,1819,1821,1913,1915,1917,1919,1921,1923,1925,1927,1929,
gold,1,393,394,395,396,397,1823,1825,1827,1829,1831,1833,1835,1837,1839,1931,1933,1935,1937,1939,1941,1943,1945,1947,
gold,2,436,445,454,463,472,481,490,499,508,
gold,2,
gold,3,517,526,535,544,553,562,571,580,589,
gold,3,
gold,4,598,607,616,625,634,643,652,661,670,
gold,4,
gold,5,679,689,699,709,719,729,739,749,759,
gold,5,
gold,6,769,778,787,796,805,814,823,832,841,
gold,6,
gold,7,850,859,868,877,886,895,904,913,922,
gold,7,
gold,8,680,690,700,710,720,730,740,750,760,
gold,8,
gold,9,437,446,455,464,473,482,491,500,923,924,925,926,927,928,929,930,931,932,933,934,935,936,937,
gold,9,518,527,536,545,554,563,572,581,1058,1059,1060,1061,1062,1063,1064,1065,1066,1067,1068,1069,1070,1071,1072,
gold,9,599,608,617,626,635,644,653,662,1193,1194,1195,1196,1197,1198,1199,1200,1201,1202,1203,1204,1205,1206,1207,
gold,9,681,691,701,711,721,731,741,751,1328,1329,1330,1331,1332,1333,1334,1335,1336,1337,1338,1339,1340,1341,1342,
gold,9,770,779,788,797,806,815,824,833,1463,1464,1465,1466,1467,1468,1469,1470,1471,1472,1473,1474,1475,1476,1477,
gold,9,851,860,869,878,887,896,905,914,1598,1599,1600,1601,1602,1603,1604,1605,1606,1607,1608,1609,1610,1611,1612,
gold,9,
gold,10,428,447,456,465,474,483,492,501,938,939,940,941,942,943,944,945,946,947,948,949,950,951,952,
gold,10,509,528,537,546,555,564,573,582,1073,1074,1075,1076,1077,1078,1079,1080,1081,1082,1083,1084,1085,1086,1087,
gold,10,590,609,618,627,636,645,654,663,1208,1209,1210,1211,1212,1213,1214,1215,1216,1217,1218,1219,1220,1221,1222,
gold,10,671,692,702,712,722,732,742,752,1343,1344,1345,1346,1347,1348,1349,1350,1351,1352,1353,1354,1355,1356,1357,
gold,10,761,780,789,798,807,816,825,834,1478,1479,1480,1481,1482,1483,1484,1485,1486,1487,1488,1489,1490,1491,1492,
gold,10,842,861,870,879,888,897,906,915,1613,1614,1615,1616,1617,1618,1619,1620,1621,1622,1623,1624,1625,1626,1627,
gold,10,
gold,11,429,438,457,466,475,484,493,502,953,954,955,956,957,958,959,960,961,962,963,964,965,966,967,
gold,11,510,519,538,547,556,565,574,583,1088,1089,1090,1091,1092,1093,1094,1095,1096,1097,1098,1099,1100,1101,1102,
gold,11,591,600,619,628,637,646,655,664,1223,1224,1225,1226,1227,1228,1229,1230,1231,1232,1233,1234,1235,1236,1237,
gold,11,672,682,703,713,723,733,743,753,1358,1359,1360,1361,1362,1363,1364,1365,1366,1367,1368,1369,1370,1371,1372,
gold,11,762,771,790,799,808,817,826,835,1493,1494,1495,1496,1497,1498,1499,1500,1501,1502,1503,1504,1505,1506,1507,
gold,11,843,852,871,880,889,898,907,916,1628,1629,1630,1631,1632,1633,1634,1635,1636,1637,1638,1639,1640,1641,1642,
gold,11,
gold,12,430,439,448,467,476,485,494,503,968,969,970,971,972,973,974,975,976,977,978,979,980,981,982,
gold,12,511,520,529,548,557,566,575,584,1103,1104,1105,1106,1107,1108,1109,1110,1111,1112,1113,1114,1115,1116,1117,
gold,12,592,601,610,629,638,647,656,665,1238,1239,1240,1241,1242,1243,1244,1245,1246,1247,1248,1249,1250,1251,1252,
gold,12,673,683,693,714,724,734,744,754,1373,1374,1375,1376,1377,1378,1379,1380,1381,1382,1383,1384,1385,1386,1387,
gold,12,763,772,781,800,809,818,827,836,1508,1509,1510,1511,1512,1513,1514,1515,1516,1517,1518,1519,1520,1521,1522,
gold,12,844,853,862,881,890,899,908,917,1643,1644,1645,1646,1647,1648,1649,1650,1651,1652,1653,1654,1655,1656,1657,
gold,12,
gold,13,431,440,449,458,477,486,495,504,983,984,985,986,987,988,989,990,991,992,993,994,995,996,997,
gold,13,512,521,530,539,558,567,576,585,1118,1119,1120,1121,1122,1123,1124,1125,1126,1127,1128,1129,1130,1131,1132,
gold,13,593,602,611,620,639,648,657,666,1253,1254,1255,1256,1257,1258,1259,1260,1261,1262,1263,1264,1265,1266,1267,
gold,13,674,684,694,704,725,735,745,755,1388,1389,1390,1391,1392,1393,1394,1395,1396,1397,1398,1399,1400,1401,1402,
gold,13,764,773,782,791,810,819,828,837,1523,1524,1525,1526,1527,1528,1529,1530,1531,1532,1533,1534,1535,1536,1537,
gold,13,845,854,863,872,891,900,909,918,1658,1659,1660,1661,1662,1663,1664,1665,1666,1667,1668,1669,1670,1671,1672,
gold,13,
gold,14,432,441,450,459,468,487,496,505,998,999,1000,1001,1002,1003,1004,1005,1006,1007,1008,1009,1010,1011,1012,
gold,14,513,522,531,540,549,568,577,586,1133,1134,1135,1136,1137,1138,1139,1140,1141,1142,1143,1144,1145,1146,1147,
gold,14,594,603,612,621,630,649,658,667,1268,1269,1270,1271,1272,1273,1274,1275,1276,1277,1278,1279,1280,1281,1282,
gold,14,675,685,695,705,715,736,746,756,1403,1404,1405,1406,1407,1408,1409,1410,1411,1412,1413,1414,1415,1416,1417,
gold,14,765,774,783,792,801,820,829,838,1538,1539,1540,1541,1542,1543,1544,1545,1546,1547,1548,1549,1550,1551,1552,
gold,14,846,855,864,873,882,901,910,919,1673,1674,1675,1676,1677,1678,1679,1680,1681,1682,1683,1684,1685,1686,1687,
gold,14,
gold,15,433,442,451,460,469,478,497,506,1013,1014,1015,1016,1017,1018,1019,1020,1021,1022,1023,1024,1025,1026,1027,
gold,15,514,523,532,541,550,559,578,587,1148,1149,1150,1151,1152,1153,1154,1155,1156,1157,1158,1159,1160,1161,1162,
gold,15,595,604,613,622,631,640,659,668,1283,1284,1285,1286,1287,1288,1289,1290,1291,1292,1293,1294,1295,1296,1297,
gold,15,676,686,696,706,716,726,747,757,1418,1419,1420,1421,1422,1423,1424,1425,1426,1427,1428,1429,1430,1431,1432,
gold,15,766,775,784,793,802,811,830,839,1553,1554,1555,1556,1557,1558,1559,1560,1561,1562,1563,1564,1565,1566,1567,
gold,15,847,856,865,874,883,892,911,920,1688,1689,1690,1691,1692,1693,1694,1695,1696,1697,1698,1699,1700,1701,1702,
gold,15,
gold,16,434,443,452,461,470,479,488,507,1028,1029,1030,1031,1032,1033,1034,1035,1036,1037,1038,1039,1040,1041,1042,
gold,16,515,524,533,542,551,560,569,588,1163,1164,1165,1166,1167,1168,1169,1170,1171,1172,1173,1174,1175,1176,1177,
gold,16,596,605,614,623,632,641,650,669,1298,1299,1300,1301,1302,1303,1304,1305,1306,1307,1308,1309,1310,1311,1312,
gold,16,677,687,697,707,717,727,737,758,1433,1434,1435,1436,1437,1438,1439,1440,1441,1442,1443,1444,1445,1446,1447,
gold,16,767,776,785,794,803,812,821,840,1568,1569,1570,1571,1572,1573,1574,1575,1576,1577,1578,1579,1580,1581,1582,
gold,16,848,857,866,875,884,893,902,921,1703,1704,1705,1706,1707,1708,1709,1710,1711,1712,1713,1714,1715,1716,1717,
gold,16,
gold,17,435,444,453,462,471,480,489,498,1043,1044,1045,1046,1047,1048,1049,1050,1051,1052,1053,1054,1055,1056,1057,
gold,17,516,525,534,543,552,561,570,579,1178,1179,1180,1181,1182,1183,1184,1185,1186,1187,1188,1189,1190,1191,1192,
gold,17,597,606,615,624,633,642,651,660,1313,1314,1315,1316,1317,1318,1319,1320,1321,1322,1323,1324,1325,1326,1327,
gold,17,678,688,698,708,718,728,738,748,1448,1449,1450,1451,1452,1453,1454,1455,1456,1457,1458,1459,1460,1461,1462,
gold,17,768,777,786,795,804,813,822,831,1583,1584,1585,1586,1587,1588,1589,1590,1591,1592,1593,1594,1595,1596,1597,
gold,17,849,858,867,876,885,894,903,912,1718,1719,1720,1721,1722,1723,1724,1725,1726,1727,1728,1729,1730,1731,1732,
gold,17,
gold,18,923,924,925,926,927,928,929,930,931,932,933,934,935,936,937,938,939,940,941,942,943,944,945,946,947,948,949,950,951,952,953,954,955,956,957,958,959,960,961,962,963,964,965,966,967,968,969,970,971,972,973,974,975,976,977,978,979,980,981,982,983,984,985,986,987,988,989,990,991,992,993,994,995,996,997,998,999,1000,1001,1002,1003,1004,1005,1006,1007,1008,1009,1010,1011,1012,1013,1014,1015,1016,1017,1018,1019,1020,1021,1022,1023,1024,1025,1026,1027,1028,1029,1030,1031,1032,1033,1034,1035,1036,1037,1038,1039,1040,1041,1042,1043,1044,1045,1046,1047,1048,1049,1050,1051,1052,1053,1054,1055,1056,1057,1841,1842,1843,1844,1845,1846,1847,1848,1849,1850,1851,1852,1853,1854,1855,1856,1857,1858,
gold,18,
gold,19,437,446,455,464,473,482,491,500,518,527,536,545,554,563,572,581,599,608,617,626,635,644,653,662,681,691,701,711,721,731,741,751,770,779,788,797,806,815,824,833,851,860,869,878,887,896,905,914,923,924,925,926,927,928,929,930,931,932,933,934,935,936,937,1058,1059,1060,1061,1062,1063,1064,1065,1066,1067,1068,1069,1070,1071,1072,1193,1194,1195,1196,1197,1198,1199,1200,1201,1202,1203,1204,1205,1206,1207,1328,1329,1330,1331,1332,1333,1334,1335,1336,1337,1338,1339,1340,1341,1342,1463,1464,1465,1466,1467,1468,1469,1470,1471,1472,1473,1474,1475,1476,1477,1598,1599,1600,1601,1602,1603,1604,1605,1606,1607,1608,1609,1610,1611,1612,
gold,19,
gold,20,1058,1059,1060,1061,1062,1063,1064,1065,1066,1067,1068,1069,1070,1071,1072,1073,1074,1075,1076,1077,1078,1079,1080,1081,1082,1083,1084,1085,1086,1087,1088,1089,1090,1091,1092,1093,1094,1095,1096,1097,1098,1099,1100,1101,1102,1103,1104,1105,1106,1107,1108,1109,1110,1111,1112,1113,1114,1115,1116,1117,1118,1119,1120,1121,1122,1123,1124,1125,1126,1127,1128,1129,1130,1131,1132,1133,1134,1135,1136,1137,1138,1139,1140,1141,1142,1143,1144,1145,1146,1147,1148,1149,1150,1151,1152,1153,1154,1155,1156,1157,1158,1159,1160,1161,1162,1163,1164,1165,1166,1167,1168,1169,1170,1171,1172,1173,1174,1175,1176,1177,1178,1179,1180,1181,1182,1183,1184,1185,1186,1187,1188,1189,1190,1191,1192,1859,1860,1861,1862,1863,1864,1865,1866,1867,1868,1869,1870,1871,1872,1873,1874,1875,1876,
gold,20,
gold,21,428,447,456,465,474,483,492,501,509,528,537,546,555,564,573,582,590,609,618,627,636,645,654,663,671,692,702,712,722,732,742,752,761,780,789,798,807,816,825,834,842,861,870,879,888,897,906,915,938,939,940,941,942,943,944,945,946,947,948,949,950,951,952,1073,1074,1075,1076,1077,1078,1079,1080,1081,1082,1083,1084,1085,1086,1087,1208,1209,1210,1211,1212,1213,1214,1215,1216,1217,1218,1219,1220,1221,1222,1343,1344,1345,1346,1347,1348,1349,1350,1351,1352,1353,1354,1355,1356,1357,1478,1479,1480,1481,1482,1483,1484,1485,1486,1487,1488,1489,1490,1491,1492,1613,1614,1615,1616,1617,1618,1619,1620,1621,1622,1623,1624,1625,1626,1627,
gold,21,
gold,22,429,438,457,466,475,484,493,502,510,519,538,547,556,565,574,583,591,600,619,628,637,646,655,664,672,682,703,713,723,733,743,753,762,771,790,799,808,817,826,835,843,852,871,880,889,898,907,916,953,954,955,956,957,958,959,960,961,962,963,964,965,966,967,1088,1089,1090,1091,1092,1093,1094,1095,1096,1097,1098,1099,1100,1101,1102,1223,1224,1225,1226,1227,1228,1229,1230,1231,1232,1233,1234,1235,1236,1237,1358,1359,1360,1361,1362,1363,1364,1365,1366,1367,1368,1369,1370,1371,1372,1493,1494,1495,1496,1497,1498,1499,1500,1501,1502,1503,1504,1505,1506,1507,1628,1629,1630,1631,1632,1633,1634,1635,1636,1637,1638,1639,1640,1641,1642,
gold,22,
gold,23,1193,1194,1195,1196,1197,1198,1199,1200,1201,1202,1203,1204,1205,1206,1207,1208,1209,1210,1211,1212,1213,1214,1215,1216,1217,1218,1219,1220,1221,1222,1223,1224,1225,1226,1227,1228,1229,1230,1231,1232,1233,1234,1235,1236,1237,1238,1239,1240,1241,1242,1243,1244,1245,1246,1247,1248,1249,1250,1251,1252,1253,1254,1255,1256,1257,1258,1259,1260,1261,1262,1263,1264,1265,1266,1267,1268,1269,1270,1271,1272,1273,1274,1275,1276,1277,1278,1279,1280,1281,1282,1283,1284,1285,1286,1287,1288,1289,1290,1291,1292,1293,1294,1295,1296,1297,1298,1299,1300,1301,1302,1303,1304,1305,1306,1307,1308,1309,1310,1311,1312,1313,1314,1315,1316,1317,1318,1319,1320,1321,1322,1323,1324,1325,1326,1327,1877,1878,1879,1880,1881,1882,1883,1884,1885,1886,1887,1888,1889,1890,1891,1892,1893,1894,
gold,23,
gold,24,430,439,448,467,476,485,494,503,511,520,529,548,557,566,575,584,592,601,610,629,638,647,656,665,673,683,693,714,724,734,744,754,763,772,781,800,809,818,827,836,844,853,862,881,890,899,908,917,968,969,970,971,972,973,974,975,976,977,978,979,980,981,982,1103,1104,1105,1106,1107,1108,1109,1110,1111,1112,1113,1114,1115,1116,1117,1238,1239,1240,1241,1242,1243,1244,1245,1246,1247,1248,1249,1250,1251,1252,1373,1374,1375,1376,1377,1378,1379,1380,1381,1382,1383,1384,1385,1386,1387,1508,1509,1510,1511,1512,1513,1514,1515,1516,1517,1518,1519,1520,1521,1522,1643,1644,1645,1646,1647,1648,1649,1650,1651,1652,1653,1654,1655,1656,1657,
gold,24,
gold,25,431,440,449,458,477,486,495,504,512,521,530,539,558,567,576,585,593,602,611,620,639,648,657,666,674,684,694,704,725,735,745,755,764,773,782,791,810,819,828,837,845,854,863,872,891,900,909,918,983,984,985,986,987,988,989,990,991,992,993,994,995,996,997,1118,1119,1120,1121,1122,1123,1124,1125,1126,1127,1128,1129,1130,1131,1132,1253,1254,1255,1256,1257,1258,1259,1260,1261,1262,1263,1264,1265,1266,1267,1388,1389,1390,1391,1392,1393,1394,1395,1396,1397,1398,1399,1400,1401,1402,1523,1524,1525,1526,1527,1528,1529,1530,1531,1532,1533,1534,1535,1536,1537,1658,1659,1660,1661,1662,1663,1664,1665,1666,1667,1668,1669,1670,1671,1672,
gold,25,
gold,26,1463,1464,1465,1466,1467,1468,1469,1470,1471,1472,1473,1474,1475,1476,1477,1478,1479,1480,1481,1482,1483,1484,1485,1486,1487,1488,1489,1490,1491,1492,1493,1494,1495,1496,1497,1498,1499,1500,1501,1502,1503,1504,1505,1506,1507,1508,1509,1510,1511,1512,1513,1514,1515,1516,1517,1518,1519,1520,1521,1522,1523,1524,1525,1526,1527,1528,1529,1530,1531,1532,1533,1534,1535,1536,1537,1538,1539,1540,1541,1542,1543,1544,1545,1546,1547,1548,1549,1550,1551,1552,1553,1554,1555,1556,1557,1558,1559,1560,1561,1562,1563,1564,1565,1566,1567,1568,1569,1570,1571,1572,1573,1574,1575,1576,1577,1578,1579,1580,1581,1582,1583,1584,1585,1586,1587,1588,1589,1590,1591,1592,1593,1594,1595,1596,1597,1913,1914,1915,1916,1917,1918,1919,1920,1921,1922,1923,1924,1925,1926,1927,1928,1929,1930,
gold,26,
gold,27,432,441,450,459,468,487,496,505,513,522,531,540,549,568,577,586,594,603,612,621,630,649,658,667,675,685,695,705,715,736,746,756,765,774,783,792,801,820,829,838,846,855,864,873,882,901,910,919,998,999,1000,1001,1002,1003,1004,1005,1006,1007,1008,1009,1010,1011,1012,1133,1134,1135,1136,1137,1138,1139,1140,1141,1142,1143,1144,1145,1146,1147,1268,1269,1270,1271,1272,1273,1274,1275,1276,1277,1278,1279,1280,1281,1282,1403,1404,1405,1406,1407,1408,1409,1410,1411,1412,1413,1414,1415,1416,1417,1538,1539,1540,1541,1542,1543,1544,1545,1546,1547,1548,1549,1550,1551,1552,1673,1674,1675,1676,1677,1678,1679,1680,1681,1682,1683,1684,1685,1686,1687,
gold,27,
gold,28,433,442,451,460,469,478,497,506,514,523,532,541,550,559,578,587,595,604,613,622,631,640,659,668,676,686,696,706,716,726,747,757,766,775,784,793,802,811,830,839,847,856,865,874,883,892,911,920,1013,1014,1015,1016,1017,1018,1019,1020,1021,1022,1023,1024,1025,1026,1027,1148,1149,1150,1151,1152,1153,1154,1155,1156,1157,1158,1159,1160,1161,1162,1283,1284,1285,1286,1287,1288,1289,1290,1291,1292,1293,1294,1295,1296,1297,1418,1419,1420,1421,1422,1423,1424,1425,1426,1427,1428,1429,1430,1431,1432,1553,1554,1555,1556,1557,1558,1559,1560,1561,1562,1563,1564,1565,1566,1567,1688,1689,1690,1691,1692,1693,1694,1695,1696,1697,1698,1699,1700,1701,1702,
gold,28,
gold,29,1598,1599,1600,1601,1602,1603,1604,1605,1606,1607,1608,1609,1610,1611,1612,1613,1614,1615,1616,1617,1618,1619,1620,1621,1622,1623,1624,1625,1626,1627,1628,1629,1630,1631,1632,1633,1634,1635,1636,1637,1638,1639,1640,1641,1642,1643,1644,1645,1646,1647,1648,1649,1650,1651,1652,1653,1654,1655,1656,1657,1658,1659,1660,1661,1662,1663,1664,1665,1666,1667,1668,1669,1670,1671,1672,1673,1674,1675,1676,1677,1678,1679,1680,1681,1682,1683,1684,1685,1686,1687,1688,1689,1690,1691,1692,1693,1694,1695,1696,1697,1698,1699,1700,1701,1702,1703,1704,1705,1706,1707,1708,1709,1710,1711,1712,1713,1714,1715,1716,1717,1718,1719,1720,1721,1722,1723,1724,1725,1726,1727,1728,1729,1730,1731,1732,1931,1932,1933,1934,1935,1936,1937,1938,1939,1940,1941,1942,1943,1944,1945,1946,1947,1948,
gold,29,
gold,30,434,443,452,461,470,479,488,507,515,524,533,542,551,560,569,588,596,605,614,623,632,641,650,669,677,687,697,707,717,727,737,758,767,776,785,794,803,812,821,840,848,857,866,875,884,893,902,921,1028,1029,1030,1031,1032,1033,1034,1035,1036,1037,1038,1039,1040,1041,1042,1163,1164,1165,1166,1167,1168,1169,1170,1171,1172,1173,1174,1175,1176,1177,1298,1299,1300,1301,1302,1303,1304,1305,1306,1307,1308,1309,1310,1311,1312,1433,1434,1435,1436,1437,1438,1439,1440,1441,1442,1443,1444,1445,1446,1447,1568,1569,1570,1571,1572,1573,1574,1575,1576,1577,1578,1579,1580,1581,1582,1703,1704,1705,1706,1707,1708,1709,1710,1711,1712,1713,1714,1715,1716,1717,
gold,30,
gold,31,435,444,453,462,471,480,489,498,516,525,534,543,552,561,570,579,597,606,615,624,633,642,651,660,678,688,698,708,718,728,738,748,768,777,786,795,804,813,822,831,849,858,867,876,885,894,903,912,1043,1044,1045,1046,1047,1048,1049,1050,1051,1052,1053,1054,1055,1056,1057,1178,1179,1180,1181,1182,1183,1184,1185,1186,1187,1188,1189,1190,1191,1192,1313,1314,1315,1316,1317,1318,1319,1320,1321,1322,1323,1324,1325,1326,1327,1448,1449,1450,1451,1452,1453,1454,1455,1456,1457,1458,1459,1460,1461,1462,1583,1584,1585,1586,1587,1588,1589,1590,1591,1592,1593,1594,1595,1596,1597,1718,1719,1720,1721,1722,1723,1724,1725,1726,1727,1728,1729,1730,1731,1732,
gold,31,
gold,32,1328,1329,1330,1331,1332,1333,1334,1335,1336,1337,1338,1339,1340,1341,1342,1343,1344,1345,1346,1347,1348,1349,1350,1351,1352,1353,1354,1355,1356,1357,1358,1359,1360,1361,1362,1363,1364,1365,1366,1367,1368,1369,1370,1371,1372,1373,1374,1375,1376,1377,1378,1379,1380,1381,1382,1383,1384,1385,1386,1387,1388,1389,1390,1391,1392,1393,1394,1395,1396,1397,1398,1399,1400,1401,1402,1403,1404,1405,1406,1407,1408,1409,1410,1411,1412,1413,1414,1415,1416,1417,1418,1419,1420,1421,1422,1423,1424,1425,1426,1427,1428,1429,1430,1431,1432,1433,1434,1435,1436,1437,1438,1439,1440,1441,1442,1443,1444,1445,1446,1447,1448,1449,1450,1451,1452,1453,1454,1455,1456,1457,1458,1459,1460,1461,1462,1895,1896,1897,1898,1899,1900,1901,1902,1903,1904,1905,1906,1907,1908,1909,1910,1911,1912,
gold,32,
gold,33,1841,1859,1877,1895,1913,1931,
gold,33,1842,1860,1878,1896,1914,1932,
gold,33,428,429,430,431,432,433,434,435,436,1733,1734,
gold,33,509,510,511,512,513,514,515,516,517,1751,1752,
gold,33,590,591,592,593,594,595,596,597,598,1769,1770,
gold,33,671,672,673,674,675,676,677,678,679,680,1787,1788,
gold,33,761,762,763,764,765,766,767,768,769,1805,1806,
gold,33,842,843,844,845,846,847,848,849,850,1823,1824,
gold,33,923,1058,1193,1328,1463,1598,
gold,33,924,1059,1194,1329,1464,1599,
red,33,925,1060,1195,1330,1465,1600,
gold,33,926,1061,1196,1331,1466,1601,
gold,33,927,1062,1197,1332,1467,1602,
gold,33,928,1063,1198,1333,1468,1603,
gold,33,929,1064,1199,1334,1469,1604,
gold,33,930,1065,1200,1335,1470,1605,
gold,33,931,1066,1201,1336,1471,1606,
gold,33,932,1067,1202,1337,1472,1607,
gold,33,933,1068,1203,1338,1473,1608,
gold,33,934,1069,1204,1339,1474,1609,
gold,33,935,1070,1205,1340,1475,1610,
gold,33,936,1071,1206,1341,1476,1611,
gold,33,937,1072,1207,1342,1477,1612,
gold,34,1843,1861,1879,1897,1915,1933,
gold,34,1844,1862,1880,1898,1916,1934,
gold,34,437,438,439,440,441,442,443,444,445,1735,1736,
gold,34,518,519,520,521,522,523,524,525,526,1753,1754,
gold,34,599,600,601,602,603,604,605,606,607,1771,1772,
gold,34,681,682,683,684,685,686,687,688,689,690,1789,1790,
gold,34,770,771,772,773,774,775,776,777,778,1807,1808,
gold,34,851,852,853,854,855,856,857,858,859,1825,1826,
gold,34,938,1073,1208,1343,1478,1613,
gold,34,939,1074,1209,1344,1479,1614,
gold,34,940,1075,1210,1345,1480,1615,
gold,34,941,1076,1211,1346,1481,1616,
gold,34,942,1077,1212,1347,1482,1617,
gold,34,943,1078,1213,1348,1483,1618,
gold,34,944,1079,1214,1349,1484,1619,
gold,34,945,1080,1215,1350,1485,1620,
gold,34,946,1081,1216,1351,1486,1621,
gold,34,947,1082,1217,1352,1487,1622,
gold,34,948,1083,1218,1353,1488,1623,
gold,34,949,1084,1219,1354,1489,1624,
gold,34,950,1085,1220,1355,1490,1625,
gold,34,951,1086,1221,1356,1491,1626,
red,34,952,1087,1222,1357,1492,1627,
gold,35,1845,1863,1881,1899,1917,1935,
gold,35,1846,1864,1882,1900,1918,1936,
gold,35,446,447,448,449,450,451,452,453,454,1737,1738,
gold,35,527,528,529,530,531,532,533,534,535,1755,1756,
gold,35,608,609,610,611,612,613,614,615,616,1773,1774,
gold,35,691,692,693,694,695,696,697,698,699,700,1791,1792,
gold,35,779,780,781,782,783,784,785,786,787,1809,1810,
gold,35,860,861,862,863,864,865,866,867,868,1827,1828,
gold,35,953,1088,1223,1358,1493,1628,
gold,35,954,1089,1224,1359,1494,1629,
gold,35,955,1090,1225,1360,1495,1630,
gold,35,956,1091,1226,1361,1496,1631,
gold,35,957,1092,1227,1362,1497,1632,
gold,35,958,1093,1228,1363,1498,1633,
gold,35,959,1094,1229,1364,1499,1634,
gold,35,960,1095,1230,1365,1500,1635,
gold,35,961,1096,1231,1366,1501,1636,
gold,35,962,1097,1232,1367,1502,1637,
gold,35,963,1098,1233,1368,1503,1638,
gold,35,964,1099,1234,1369,1504,1639,
red,35,965,1100,1235,1370,1505,1640,
gold,35,966,1101,1236,1371,1506,1641,
gold,35,967,1102,1237,1372,1507,1642,
gold,36,1847,1865,1883,1901,1919,1937,
gold,36,1848,1866,1884,1902,1920,1938,
gold,36,455,456,457,458,459,460,461,462,463,1739,1740,
gold,36,536,537,538,539,540,541,542,543,544,1757,1758,
gold,36,617,618,619,620,621,622,623,624,625,1775,1776,
gold,36,701,702,703,704,705,706,707,708,709,710,1793,1794,
gold,36,788,789,790,791,792,793,794,795,796,1811,1812,
gold,36,869,870,871,872,873,874,875,876,877,1829,1830,
gold,36,968,1103,1238,1373,1508,1643,
gold,36,969,1104,1239,1374,1509,1644,
gold,36,970,1105,1240,1375,1510,1645,
gold,36,971,1106,1241,1376,1511,1646,
gold,36,972,1107,1242,1377,1512,1647,
gold,36,973,1108,1243,1378,1513,1648,
gold,36,974,1109,1244,1379,1514,1649,
red,36,975,1110,1245,1380,1515,1650,
gold,36,976,1111,1246,1381,1516,1651,
gold,36,977,1112,1247,1382,1517,1652,
gold,36,978,1113,1248,1383,1518,1653,
gold,36,979,1114,1249,1384,1519,1654,
gold,36,980,1115,1250,1385,1520,1655,
gold,36,981,1116,1251,1386,1521,1656,
gold,36,982,1117,1252,1387,1522,1657,
gold,37,1849,1867,1885,1903,1921,1939,
gold,37,1850,1868,1886,1904,1922,1940,
gold,37,464,465,466,467,468,469,470,471,472,1741,1742,
gold,37,545,546,547,548,549,550,551,552,553,1759,1760,
gold,37,626,627,628,629,630,631,632,633,634,1777,1778,
gold,37,711,712,713,714,715,716,717,718,719,720,1795,1796,
gold,37,797,798,799,800,801,802,803,804,805,1813,1814,
gold,37,878,879,880,881,882,883,884,885,886,1831,1832,
gold,37,983,1118,1253,1388,1523,1658,
gold,37,984,1119,1254,1389,1524,1659,
gold,37,985,1120,1255,1390,1525,1660,
gold,37,986,1121,1256,1391,1526,1661,
gold,37,987,1122,1257,1392,1527,1662,
gold,37,988,1123,1258,1393,1528,1663,
gold,37,989,1124,1259,1394,1529,1664,
gold,37,990,1125,1260,1395,1530,1665,
red,37,991,1126,1261,1396,1531,1666,
gold,37,992,1127,1262,1397,1532,1667,
gold,37,993,1128,1263,1398,1533,1668,
gold,37,994,1129,1264,1399,1534,1669,
gold,37,995,1130,1265,1400,1535,1670,
gold,37,996,1131,1266,1401,1536,1671,
gold,37,997,1132,1267,1402,1537,1672,
gold,38,1851,1869,1887,1905,1923,1941,
gold,38,1852,1870,1888,1906,1924,1942,
gold,38,473,474,475,476,477,478,479,480,481,1743,1744,
gold,38,554,555,556,557,558,559,560,561,562,1761,1762,
gold,38,635,636,637,638,639,640,641,642,643,1779,1780,
gold,38,721,722,723,724,725,726,727,728,729,730,1797,1798,
gold,38,806,807,808,809,810,811,812,813,814,1815,1816,
gold,38,887,888,889,890,891,892,893,894,895,1833,1834,
gold,38,998,1133,1268,1403,1538,1673,
gold,38,999,1134,1269,1404,1539,1674,
red,38,1000,1135,1270,1405,1540,1675,
gold,38,1001,1136,1271,1406,1541,1676,
gold,38,1002,1137,1272,1407,1542,1677,
gold,38,1003,1138,1273,1408,1543,1678,
gold,38,1004,1139,1274,1409,1544,1679,
gold,38,1005,1140,1275,1410,1545,1680,
gold,38,1006,1141,1276,1411,1546,1681,
gold,38,1007,1142,1277,1412,1547,1682,
gold,38,1008,1143,1278,1413,1548,1683,
gold,38,1009,1144,1279,1414,1549,1684,
gold,38,1010,1145,1280,1415,1550,1685,
gold,38,1011,1146,1281,1416,1551,1686,
gold,38,1012,1147,1282,1417,1552,1687,
gold,39,1853,1871,1889,1907,1925,1943,
gold,39,1854,1872,1890,1908,1926,1944,
gold,39,482,483,484,485,486,487,488,489,490,1745,1746,
gold,39,563,564,565,566,567,568,569,570,571,1763,1764,
gold,39,644,645,646,647,648,649,650,651,652,1781,1782,
gold,39,731,732,733,734,735,736,737,738,739,740,1799,1800,
gold,39,815,816,817,818,819,820,821,822,823,1817,1818,
gold,39,896,897,898,899,900,901,902,903,904,1835,1836,
gold,39,1013,1148,1283,1418,1553,1688,
gold,39,1014,1149,1284,1419,1554,1689,
gold,39,1015,1150,1285,1420,1555,1690,
gold,39,1016,1151,1286,1421,1556,1691,
gold,39,1017,1152,1287,1422,1557,1692,
gold,39,1018,1153,1288,1423,1558,1693,
gold,39,1019,1154,1289,1424,1559,1694,
gold,39,1020,1155,1290,1425,1560,1695,
gold,39,1021,1156,1291,1426,1561,1696,
gold,39,1022,1157,1292,1427,1562,1697,
red,39,1023,1158,1293,1428,1563,1698,
gold,39,1024,1159,1294,1429,1564,1699,
gold,39,1025,1160,1295,1430,1565,1700,
gold,39,1026,1161,1296,1431,1566,1701,
gold,39,1027,1162,1297,1432,1567,1702,
gold,40,1855,1873,1891,1909,1927,1945,
gold,40,1856,1874,1892,1910,1928,1946,
gold,40,491,492,493,494,495,496,497,498,499,1747,1748,
gold,40,572,573,574,575,576,577,578,579,580,1765,1766,
gold,40,653,654,655,656,657,658,659,660,661,1783,1784,
gold,40,741,742,743,744,745,746,747,748,749,750,1801,1802,
gold,40,824,825,826,827,828,829,830,831,832,1819,1820,
gold,40,905,906,907,908,909,910,911,912,913,1837,1838,
gold,40,1028,1163,1298,1433,1568,1703,
gold,40,1029,1164,1299,1434,1569,1704,
gold,40,1030,1165,1300,1435,1570,1705,
gold,40,1031,1166,1301,1436,1571,1706,
gold,40,1032,1167,1302,1437,1572,1707,
gold,40,1033,1168,1303,1438,1573,1708,
red,40,1034,1169,1304,1439,1574,1709,
gold,40,1035,1170,1305,1440,1575,1710,
gold,40,1036,1171,1306,1441,1576,1711,
gold,40,1037,1172,1307,1442,1577,1712,
gold,40,1038,1173,1308,1443,1578,1713,
gold,40,1039,1174,1309,1444,1579,1714,
gold,40,1040,1175,1310,1445,1580,1715,
gold,40,1041,1176,1311,1446,1581,1716,
gold,40,1042,1177,1312,1447,1582,1717,
gold,41,1857,1875,1893,1911,1929,1947,
gold,41,1858,1876,1894,1912,1930,1948,
gold,41,500,501,502,503,504,505,506,507,508,1749,1750,
gold,41,581,582,583,584,585,586,587,588,589,1767,1768,
gold,41,662,663,664,665,666,667,668,669,670,1785,1786,
gold,41,751,752,753,754,755,756,757,758,759,760,1803,1804,
gold,41,833,834,835,836,837,838,839,840,841,1821,1822,
gold,41,914,915,916,917,918,919,920,921,922,1839,1840,
gold,41,1043,1178,1313,1448,1583,1718,
red,41,1044,1179,1314,1449,1584,1719,
gold,41,1045,1180,1315,1450,1585,1720,
gold,41,1046,1181,1316,1451,1586,1721,
gold,41,1047,1182,1317,1452,1587,1722,
gold,41,1048,1183,1318,1453,1588,1723,
gold,41,1049,1184,1319,1454,1589,1724,
gold,41,1050,1185,1320,1455,1590,1725,
gold,41,1051,1186,1321,1456,1591,1726,
gold,41,1052,1187,1322,1457,1592,1727,
gold,41,1053,1188,1323,1458,1593,1728,
gold,41,1054,1189,1324,1459,1594,1729,
gold,41,1055,1190,1325,1460,1595,1730,
gold,41,1056,1191,1326,1461,1596,1731,
gold,41,1057,1192,1327,1462,1597,1732,
lightskyblue,49,
lightskyblue,50,
lightskyblue,51,
lightskyblue,52,
lightskyblue,53,
lightskyblue,48,
lightskyblue,50,
lightskyblue,51,
lightskyblue,52,
lightskyblue,53,
lightskyblue,48,
lightskyblue,49,
lightskyblue,51,
lightskyblue,52,
lightskyblue,53,
lightskyblue,48,
lightskyblue,49,
lightskyblue,50,
lightskyblue,52,
lightskyblue,53,
lightskyblue,48,
lightskyblue,49,
lightskyblue,50,
lightskyblue,51,
lightskyblue,53,
lightskyblue,48,
lightskyblue,49,
lightskyblue,50,
lightskyblue,51,
lightskyblue,52,
lightskyblue,43,
lightskyblue,44,
lightskyblue,45,
lightskyblue,46,
lightskyblue,47,
lightskyblue,42,
lightskyblue,44,
lightskyblue,45,
lightskyblue,46,
lightskyblue,47,
lightskyblue,42,
lightskyblue,43,
lightskyblue,45,
lightskyblue,46,
lightskyblue,47,
lightskyblue,42,
lightskyblue,43,
lightskyblue,44,
lightskyblue,46,
lightskyblue,47,
lightskyblue,42,
lightskyblue,43,
lightskyblue,44,
lightskyblue,45,
lightskyblue,47,
lightskyblue,42,
lightskyblue,43,
lightskyblue,44,
lightskyblue,45,
lightskyblue,46,
lightskyblue,68,131,133,138,169,
lightskyblue,68,131,133,140,170,
lightskyblue,68,131,133,144,171,
lightskyblue,68,131,133,146,172,
lightskyblue,68,131,133,150,173,
lightskyblue,68,131,133,152,174,
lightskyblue,68,131,133,156,175,
lightskyblue,68,131,133,158,176,
lightskyblue,68,131,133,55,177,
lightskyblue,75,131,134,137,192,
lightskyblue,75,131,137,140,193,
lightskyblue,75,131,137,144,194,
lightskyblue,75,131,137,146,195,
lightskyblue,75,131,137,150,196,
lightskyblue,75,131,137,152,197,
lightskyblue,75,131,137,156,198,
lightskyblue,75,131,137,158,199,
lightskyblue,75,131,137,55,200,
lightskyblue,82,131,134,139,215,
lightskyblue,82,131,138,139,216,
lightskyblue,82,131,139,144,217,
lightskyblue,82,131,139,146,218,
lightskyblue,82,131,139,150,219,
lightskyblue,82,131,139,152,220,
lightskyblue,82,131,139,156,221,
lightskyblue,82,131,139,158,222,
lightskyblue,82,131,139,55,223,
lightskyblue,89,131,134,143,238,
lightskyblue,89,131,138,143,239,
lightskyblue,89,131,140,143,240,
lightskyblue,89,131,143,146,241,
lightskyblue,89,131,143,150,242,
lightskyblue,89,131,143,152,243,
lightskyblue,89,131,143,156,244,
lightskyblue,89,131,143,158,245,
lightskyblue,89,131,143,55,246,
lightskyblue,96,131,134,145,261,
lightskyblue,96,131,138,145,262,
lightskyblue,96,131,140,145,263,
lightskyblue,96,131,144,145,264,
lightskyblue,96,131,145,150,265,
lightskyblue,96,131,145,152,266,
lightskyblue,96,131,145,156,267,
lightskyblue,96,131,145,158,268,
lightskyblue,96,131,145,55,269,
lightskyblue,103,131,134,149,284,
lightskyblue,103,131,138,149,285,
lightskyblue,103,131,140,149,286,
lightskyblue,103,131,144,149,287,
lightskyblue,103,131,146,149,288,
lightskyblue,103,131,149,152,289,
lightskyblue,103,131,149,156,290,
lightskyblue,103,131,149,158,291,
lightskyblue,103,131,149,55,292,
lightskyblue,110,131,134,151,307,
lightskyblue,110,131,138,151,308,
lightskyblue,110,131,140,151,309,
lightskyblue,110,131,144,151,310,
lightskyblue,110,131,146,151,311,
lightskyblue,110,131,150,151,312,
lightskyblue,110,131,151,156,313,
lightskyblue,110,131,151,158,314,
lightskyblue,110,131,151,55,315,
lightskyblue,117,131,134,155,330,
lightskyblue,117,131,138,155,331,
lightskyblue,117,131,140,155,332,
lightskyblue,117,131,144,155,333,
lightskyblue,117,131,146,155,334,
lightskyblue,117,131,150,155,335,
lightskyblue,117,131,152,155,336,
lightskyblue,117,131,155,158,337,
lightskyblue,117,131,155,55,338,
lightskyblue,124,131,134,157,353,
lightskyblue,124,131,138,157,354,
lightskyblue,124,131,140,157,355,
lightskyblue,124,131,144,157,356,
lightskyblue,124,131,146,157,357,
lightskyblue,124,131,150,157,358,
lightskyblue,124,131,152,157,359,
lightskyblue,124,131,156,157,360,
lightskyblue,124,131,157,55,361,
lightskyblue,69,135,133,138,169,
lightskyblue,69,135,133,140,170,
lightskyblue,69,135,133,144,171,
lightskyblue,69,135,133,146,172,
lightskyblue,69,135,133,150,173,
lightskyblue,69,135,133,152,174,
lightskyblue,69,135,133,156,175,
lightskyblue,69,135,133,158,176,
lightskyblue,69,135,133,57,178,
lightskyblue,76,135,134,137,192,
lightskyblue,76,135,137,140,193,
lightskyblue,76,135,137,144,194,
lightskyblue,76,135,137,146,195,
lightskyblue,76,135,137,150,196,
lightskyblue,76,135,137,152,197,
lightskyblue,76,135,137,156,198,
lightskyblue,76,135,137,158,199,
lightskyblue,76,135,137,57,201,
lightskyblue,83,135,134,139,215,
lightskyblue,83,135,138,139,216,
lightskyblue,83,135,139,144,217,
lightskyblue,83,135,139,146,218,
lightskyblue,83,135,139,150,219,
lightskyblue,83,135,139,152,220,
lightskyblue,83,135,139,156,221,
lightskyblue,83,135,139,158,222,
lightskyblue,83,135,139,57,224,
lightskyblue,90,135,134,143,238,
lightskyblue,90,135,138,143,239,
lightskyblue,90,135,140,143,240,
lightskyblue,90,135,143,146,241,
lightskyblue,90,135,143,150,242,
lightskyblue,90,135,143,152,243,
lightskyblue,90,135,143,156,244,
lightskyblue,90,135,143,158,245,
lightskyblue,90,135,143,57,247,
lightskyblue,97,135,134,145,261,
lightskyblue,97,135,138,145,262,
lightskyblue,97,135,140,145,263,
lightskyblue,97,135,144,145,264,
lightskyblue,97,135,145,150,265,
lightskyblue,97,135,145,152,266,
lightskyblue,97,135,145,156,267,
lightskyblue,97,135,145,158,268,
lightskyblue,97,135,145,57,270,
lightskyblue,104,135,134,149,284,
lightskyblue,104,135,138,149,285,
lightskyblue,104,135,140,149,286,
lightskyblue,104,135,144,149,287,
lightskyblue,104,135,146,149,288,
lightskyblue,104,135,149,152,289,
lightskyblue,104,135,149,156,290,
lightskyblue,104,135,149,158,291,
lightskyblue,104,135,149,57,293,
lightskyblue,111,135,134,151,307,
lightskyblue,111,135,138,151,308,
lightskyblue,111,135,140,151,309,
lightskyblue,111,135,144,151,310,
lightskyblue,111,135,146,151,311,
lightskyblue,111,135,150,151,312,
lightskyblue,111,135,151,156,313,
lightskyblue,111,135,151,158,314,
lightskyblue,111,135,151,57,316,
lightskyblue,118,135,134,155,330,
lightskyblue,118,135,138,155,331,
lightskyblue,118,135,140,155,332,
lightskyblue,118,135,144,155,333,
lightskyblue,118,135,146,155,334,
lightskyblue,118,135,150,155,335,
lightskyblue,118,135,152,155,336,
lightskyblue,118,135,155,158,337,
lightskyblue,118,135,155,57,339,
lightskyblue,125,135,134,157,353,
lightskyblue,125,135,138,157,354,
lightskyblue,125,135,140,157,355,
lightskyblue,125,135,144,157,356,
lightskyblue,125,135,146,157,357,
lightskyblue,125,135,150,157,358,
lightskyblue,125,135,152,157,359,
lightskyblue,125,135,156,157,360,
lightskyblue,125,135,157,57,362,
lightskyblue,70,141,133,138,169,
lightskyblue,70,141,133,140,170,
lightskyblue,70,141,133,144,171,
lightskyblue,70,141,133,146,172,
lightskyblue,70,141,133,150,173,
lightskyblue,70,141,133,152,174,
lightskyblue,70,141,133,156,175,
lightskyblue,70,141,133,158,176,
lightskyblue,70,141,133,59,179,
lightskyblue,77,141,134,137,192,
lightskyblue,77,141,137,140,193,
lightskyblue,77,141,137,144,194,
lightskyblue,77,141,137,146,195,
lightskyblue,77,141,137,150,196,
lightskyblue,77,141,137,152,197,
lightskyblue,77,141,137,156,198,
lightskyblue,77,141,137,158,199,
lightskyblue,77,141,137,59,202,
lightskyblue,84,141,134,139,215,
lightskyblue,84,141,138,139,216,
lightskyblue,84,141,139,144,217,
lightskyblue,84,141,139,146,218,
lightskyblue,84,141,139,150,219,
lightskyblue,84,141,139,152,220,
lightskyblue,84,141,139,156,221,
lightskyblue,84,141,139,158,222,
lightskyblue,84,141,139,59,225,
lightskyblue,91,141,134,143,238,
lightskyblue,91,141,138,143,239,
lightskyblue,91,141,140,143,240,
lightskyblue,91,141,143,146,241,
lightskyblue,91,141,143,150,242,
lightskyblue,91,141,143,152,243,
lightskyblue,91,141,143,156,244,
lightskyblue,91,141,143,158,245,
lightskyblue,91,141,143,59,248,
lightskyblue,98,141,134,145,261,
lightskyblue,98,141,138,145,262,
lightskyblue,98,141,140,145,263,
lightskyblue,98,141,144,145,264,
lightskyblue,98,141,145,150,265,
lightskyblue,98,141,145,152,266,
lightskyblue,98,141,145,156,267,
lightskyblue,98,141,145,158,268,
lightskyblue,98,141,145,59,271,
lightskyblue,105,141,134,149,284,
lightskyblue,105,141,138,149,285,
lightskyblue,105,141,140,149,286,
lightskyblue,105,141,144,149,287,
lightskyblue,105,141,146,149,288,
lightskyblue,105,141,149,152,289,
lightskyblue,105,141,149,156,290,
lightskyblue,105,141,149,158,291,
lightskyblue,105,141,149,59,294,
lightskyblue,112,141,134,151,307,
lightskyblue,112,141,138,151,308,
lightskyblue,112,141,140,151,309,
lightskyblue,112,141,144,151,310,
lightskyblue,112,141,146,151,311,
lightskyblue,112,141,150,151,312,
lightskyblue,112,141,151,156,313,
lightskyblue,112,141,151,158,314,
lightskyblue,112,141,151,59,317,
lightskyblue,119,141,134,155,330,
lightskyblue,119,141,138,155,331,
lightskyblue,119,141,140,155,332,
lightskyblue,119,141,144,155,333,
lightskyblue,119,141,146,155,334,
lightskyblue,119,141,150,155,335,
lightskyblue,119,141,152,155,336,
lightskyblue,119,141,155,158,337,
lightskyblue,119,141,155,59,340,
lightskyblue,126,141,134,157,353,
lightskyblue,126,141,138,157,354,
lightskyblue,126,141,140,157,355,
lightskyblue,126,141,144,157,356,
lightskyblue,126,141,146,157,357,
lightskyblue,126,141,150,157,358,
lightskyblue,126,141,152,157,359,
lightskyblue,126,141,156,157,360,
lightskyblue,126,141,157,59,363,
lightskyblue,71,159,133,138,169,
lightskyblue,71,159,133,140,170,
lightskyblue,71,159,133,144,171,
lightskyblue,71,159,133,146,172,
lightskyblue,71,159,133,150,173,
lightskyblue,71,159,133,152,174,
lightskyblue,71,159,133,156,175,
lightskyblue,71,159,133,158,176,
lightskyblue,71,159,133,61,180,
lightskyblue,71,159,133,67,183,
lightskyblue,78,159,134,137,192,
lightskyblue,78,159,137,140,193,
lightskyblue,78,159,137,144,194,
lightskyblue,78,159,137,146,195,
lightskyblue,78,159,137,150,196,
lightskyblue,78,159,137,152,197,
lightskyblue,78,159,137,156,198,
lightskyblue,78,159,137,158,199,
lightskyblue,78,159,137,61,203,
lightskyblue,78,159,137,67,206,
lightskyblue,85,159,134,139,215,
lightskyblue,85,159,138,139,216,
lightskyblue,85,159,139,144,217,
lightskyblue,85,159,139,146,218,
lightskyblue,85,159,139,150,219,
lightskyblue,85,159,139,152,220,
lightskyblue,85,159,139,156,221,
lightskyblue,85,159,139,158,222,
lightskyblue,85,159,139,61,226,
lightskyblue,85,159,139,67,229,
lightskyblue,92,159,134,143,238,
lightskyblue,92,159,138,143,239,
lightskyblue,92,159,140,143,240,
lightskyblue,92,159,143,146,241,
lightskyblue,92,159,143,150,242,
lightskyblue,92,159,143,152,243,
lightskyblue,92,159,143,156,244,
lightskyblue,92,159,143,158,245,
lightskyblue,92,159,143,61,249,
lightskyblue,92,159,143,67,252,
lightskyblue,99,159,134,145,261,
lightskyblue,99,159,138,145,262,
lightskyblue,99,159,140,145,263,
lightskyblue,99,159,144,145,264,
lightskyblue,99,159,145,150,265,
lightskyblue,99,159,145,152,266,
lightskyblue,99,159,145,156,267,
lightskyblue,99,159,145,158,268,
lightskyblue,99,159,145,61,272,
lightskyblue,99,159,145,67,275,
lightskyblue,106,159,134,149,284,
lightskyblue,106,159,138,149,285,
lightskyblue,106,159,140,149,286,
lightskyblue,106,159,144,149,287,
lightskyblue,106,159,146,149,288,
lightskyblue,106,159,149,152,289,
lightskyblue,106,159,149,156,290,
lightskyblue,106,159,149,158,291,
lightskyblue,106,159,149,61,295,
lightskyblue,106,159,149,67,298,
lightskyblue,113,159,134,151,307,
lightskyblue,113,159,138,151,308,
lightskyblue,113,159,140,151,309,
lightskyblue,113,159,144,151,310,
lightskyblue,113,159,146,151,311,
lightskyblue,113,159,150,151,312,
lightskyblue,113,159,151,156,313,
lightskyblue,113,159,151,158,314,
lightskyblue,113,159,151,61,318,
lightskyblue,113,159,151,67,321,
lightskyblue,120,159,134,155,330,
lightskyblue,120,159,138,155,331,
lightskyblue,120,159,140,155,332,
lightskyblue,120,159,144,155,333,
lightskyblue,120,159,146,155,334,
lightskyblue,120,159,150,155,335,
lightskyblue,120,159,152,155,336,
lightskyblue,120,159,155,158,337,
lightskyblue,120,159,155,61,341,
lightskyblue,120,159,155,67,344,
lightskyblue,127,159,134,157,353,
lightskyblue,127,159,138,157,354,
lightskyblue,127,159,140,157,355,
lightskyblue,127,159,144,157,356,
lightskyblue,127,159,146,157,357,
lightskyblue,127,159,150,157,358,
lightskyblue,127,159,152,157,359,
lightskyblue,127,159,156,157,360,
lightskyblue,127,159,157,61,364,
lightskyblue,127,159,157,67,367,
lightskyblue,72,147,133,138,169,
lightskyblue,72,147,133,140,170,
lightskyblue,72,147,133,144,171,
lightskyblue,72,147,133,146,172,
lightskyblue,72,147,133,150,173,
lightskyblue,72,147,133,152,174,
lightskyblue,72,147,133,156,175,
lightskyblue,72,147,133,158,176,
lightskyblue,72,147,133,63,181,
lightskyblue,79,147,134,137,192,
lightskyblue,79,147,137,140,193,
lightskyblue,79,147,137,144,194,
lightskyblue,79,147,137,146,195,
lightskyblue,79,147,137,150,196,
lightskyblue,79,147,137,152,197,
lightskyblue,79,147,137,156,198,
lightskyblue,79,147,137,158,199,
lightskyblue,79,147,137,63,204,
lightskyblue,86,147,134,139,215,
lightskyblue,86,147,138,139,216,
lightskyblue,86,147,139,144,217,
lightskyblue,86,147,139,146,218,
lightskyblue,86,147,139,150,219,
lightskyblue,86,147,139,152,220,
lightskyblue,86,147,139,156,221,
lightskyblue,86,147,139,158,222,
lightskyblue,86,147,139,63,227,
lightskyblue,93,147,134,143,238,
lightskyblue,93,147,138,143,239,
lightskyblue,93,147,140,143,240,
lightskyblue,93,147,143,146,241,
lightskyblue,93,147,143,150,242,
lightskyblue,93,147,143,152,243,
lightskyblue,93,147,143,156,244,
lightskyblue,93,147,143,158,245,
lightskyblue,93,147,143,63,250,
lightskyblue,100,147,134,145,261,
lightskyblue,100,147,138,145,262,
lightskyblue,100,147,140,145,263,
lightskyblue,100,147,144,145,264,
lightskyblue,100,147,145,150,265,
lightskyblue,100,147,145,152,266,
lightskyblue,100,147,145,156,267,
lightskyblue,100,147,145,158,268,
lightskyblue,100,147,145,63,273,
lightskyblue,107,147,134,149,284,
lightskyblue,107,147,138,149,285,
lightskyblue,107,147,140,149,286,
lightskyblue,107,147,144,149,287,
lightskyblue,107,147,146,149,288,
lightskyblue,107,147,149,152,289,
lightskyblue,107,147,149,156,290,
lightskyblue,107,147,149,158,291,
lightskyblue,107,147,149,63,296,
lightskyblue,114,147,134,151,307,
lightskyblue,114,147,138,151,308,
lightskyblue,114,147,140,151,309,
lightskyblue,114,147,144,151,310,
lightskyblue,114,147,146,151,311,
lightskyblue,114,147,150,151,312,
lightskyblue,114,147,151,156,313,
lightskyblue,114,147,151,158,314,
lightskyblue,114,147,151,63,319,
lightskyblue,121,147,134,155,330,
lightskyblue,121,147,138,155,331,
lightskyblue,121,147,140,155,332,
lightskyblue,121,147,144,155,333,
lightskyblue,121,147,146,155,334,
lightskyblue,121,147,150,155,335,
lightskyblue,121,147,152,155,336,
lightskyblue,121,147,155,158,337,
lightskyblue,121,147,155,63,342,
lightskyblue,128,147,134,157,353,
lightskyblue,128,147,138,157,354,
lightskyblue,128,147,140,157,355,
lightskyblue,128,147,144,157,356,
lightskyblue,128,147,146,157,357,
lightskyblue,128,147,150,157,358,
lightskyblue,128,147,152,157,359,
lightskyblue,128,147,156,157,360,
lightskyblue,128,147,157,63,365,
lightskyblue,73,153,133,138,169,
lightskyblue,73,153,133,140,170,
lightskyblue,73,153,133,144,171,
lightskyblue,73,153,133,146,172,
lightskyblue,73,153,133,150,173,
lightskyblue,73,153,133,152,174,
lightskyblue,73,153,133,156,175,
lightskyblue,73,153,133,158,176,
lightskyblue,73,153,133,65,182,
lightskyblue,80,153,134,137,192,
lightskyblue,80,153,137,140,193,
lightskyblue,80,153,137,144,194,
lightskyblue,80,153,137,146,195,
lightskyblue,80,153,137,150,196,
lightskyblue,80,153,137,152,197,
lightskyblue,80,153,137,156,198,
lightskyblue,80,153,137,158,199,
lightskyblue,80,153,137,65,205,
lightskyblue,87,153,134,139,215,
lightskyblue,87,153,138,139,216,
lightskyblue,87,153,139,144,217,
lightskyblue,87,153,139,146,218,
lightskyblue,87,153,139,150,219,
lightskyblue,87,153,139,152,220,
lightskyblue,87,153,139,156,221,
lightskyblue,87,153,139,158,222,
lightskyblue,87,153,139,65,228,
lightskyblue,94,153,134,143,238,
lightskyblue,94,153,138,143,239,
lightskyblue,94,153,140,143,240,
lightskyblue,94,153,143,146,241,
lightskyblue,94,153,143,150,242,
lightskyblue,94,153,143,152,243,
lightskyblue,94,153,143,156,244,
lightskyblue,94,153,143,158,245,
lightskyblue,94,153,143,65,251,
lightskyblue,101,153,134,145,261,
lightskyblue,101,153,138,145,262,
lightskyblue,101,153,140,145,263,
lightskyblue,101,153,144,145,264,
lightskyblue,101,153,145,150,265,
lightskyblue,101,153,145,152,266,
lightskyblue,101,153,145,156,267,
lightskyblue,101,153,145,158,268,
lightskyblue,101,153,145,65,274,
lightskyblue,108,153,134,149,284,
lightskyblue,108,153,138,149,285,
lightskyblue,108,153,140,149,286,
lightskyblue,108,153,144,149,287,
lightskyblue,108,153,146,149,288,
lightskyblue,108,153,149,152,289,
lightskyblue,108,153,149,156,290,
lightskyblue,108,153,149,158,291,
lightskyblue,108,153,149,65,297,
lightskyblue,115,153,134,151,307,
lightskyblue,115,153,138,151,308,
lightskyblue,115,153,140,151,309,
lightskyblue,115,153,144,151,310,
lightskyblue,115,153,146,151,311,
lightskyblue,115,153,150,151,312,
lightskyblue,115,153,151,156,313,
lightskyblue,115,153,151,158,314,
lightskyblue,115,153,151,65,320,
lightskyblue,122,153,134,155,330,
lightskyblue,122,153,138,155,331,
lightskyblue,122,153,140,155,332,
lightskyblue,122,153,144,155,333,
lightskyblue,122,153,146,155,334,
lightskyblue,122,153,150,155,335,
lightskyblue,122,153,152,155,336,
lightskyblue,122,153,155,158,337,
lightskyblue,122,153,155,65,343,
lightskyblue,129,153,134,157,353,
lightskyblue,129,153,138,157,354,
lightskyblue,129,153,140,157,355,
lightskyblue,129,153,144,157,356,
lightskyblue,129,153,146,157,357,
lightskyblue,129,153,150,157,358,
lightskyblue,129,153,152,157,359,
lightskyblue,129,153,156,157,360,
lightskyblue,129,153,157,65,366,
lightskyblue,74,132,134,137,163,
lightskyblue,74,132,134,139,163,
lightskyblue,74,132,134,143,163,
lightskyblue,74,132,134,145,163,
lightskyblue,74,132,134,149,163,
lightskyblue,74,132,134,151,163,
lightskyblue,74,132,134,155,163,
lightskyblue,74,132,134,157,163,
lightskyblue,74,132,134,54,163,
lightskyblue,74,132,134,56,163,
lightskyblue,74,132,134,58,163,
lightskyblue,74,132,134,60,163,
lightskyblue,74,132,134,62,163,
lightskyblue,74,132,134,64,163,
lightskyblue,74,132,134,66,163,
lightskyblue,81,132,133,138,186,
lightskyblue,81,132,138,139,186,
lightskyblue,81,132,138,143,186,
lightskyblue,81,132,138,145,186,
lightskyblue,81,132,138,149,186,
lightskyblue,81,132,138,151,186,
lightskyblue,81,132,138,155,186,
lightskyblue,81,132,138,157,186,
lightskyblue,81,132,138,54,186,
lightskyblue,81,132,138,56,186,
lightskyblue,81,132,138,58,186,
lightskyblue,81,132,138,60,186,
lightskyblue,81,132,138,62,186,
lightskyblue,81,132,138,64,186,
lightskyblue,81,132,138,66,186,
lightskyblue,88,132,133,140,209,
lightskyblue,88,132,137,140,209,
lightskyblue,88,132,140,143,209,
lightskyblue,88,132,140,145,209,
lightskyblue,88,132,140,149,209,
lightskyblue,88,132,140,151,209,
lightskyblue,88,132,140,155,209,
lightskyblue,88,132,140,157,209,
lightskyblue,88,132,140,54,209,
lightskyblue,88,132,140,56,209,
lightskyblue,88,132,140,58,209,
lightskyblue,88,132,140,60,209,
lightskyblue,88,132,140,62,209,
lightskyblue,88,132,140,64,209,
lightskyblue,88,132,140,66,209,
lightskyblue,95,132,133,144,232,
lightskyblue,95,132,137,144,232,
lightskyblue,95,132,139,144,232,
lightskyblue,95,132,144,145,232,
lightskyblue,95,132,144,149,232,
lightskyblue,95,132,144,151,232,
lightskyblue,95,132,144,155,232,
lightskyblue,95,132,144,157,232,
lightskyblue,95,132,144,54,232,
lightskyblue,95,132,144,56,232,
lightskyblue,95,132,144,58,232,
lightskyblue,95,132,144,60,232,
lightskyblue,95,132,144,62,232,
lightskyblue,95,132,144,64,232,
lightskyblue,95,132,144,66,232,
lightskyblue,102,132,133,146,255,
lightskyblue,102,132,137,146,255,
lightskyblue,102,132,139,146,255,
lightskyblue,102,132,143,146,255,
lightskyblue,102,132,146,149,255,
lightskyblue,102,132,146,151,255,
lightskyblue,102,132,146,155,255,
lightskyblue,102,132,146,157,255,
lightskyblue,102,132,146,54,255,
lightskyblue,102,132,146,56,255,
lightskyblue,102,132,146,58,255,
lightskyblue,102,132,146,60,255,
lightskyblue,102,132,146,62,255,
lightskyblue,102,132,146,64,255,
lightskyblue,102,132,146,66,255,
lightskyblue,109,132,133,150,278,
lightskyblue,109,132,137,150,278,
lightskyblue,109,132,139,150,278,
lightskyblue,109,132,143,150,278,
lightskyblue,109,132,145,150,278,
lightskyblue,109,132,150,151,278,
lightskyblue,109,132,150,155,278,
lightskyblue,109,132,150,157,278,
lightskyblue,109,132,150,54,278,
lightskyblue,109,132,150,56,278,
lightskyblue,109,132,150,58,278,
lightskyblue,109,132,150,60,278,
lightskyblue,109,132,150,62,278,
lightskyblue,109,132,150,64,278,
lightskyblue,109,132,150,66,278,
lightskyblue,116,132,133,152,301,
lightskyblue,116,132,137,152,301,
lightskyblue,116,132,139,152,301,
lightskyblue,116,132,143,152,301,
lightskyblue,116,132,145,152,301,
lightskyblue,116,132,149,152,301,
lightskyblue,116,132,152,155,301,
lightskyblue,116,132,152,157,301,
lightskyblue,116,132,152,54,301,
lightskyblue,116,132,152,56,301,
lightskyblue,116,132,152,58,301,
lightskyblue,116,132,152,60,301,
lightskyblue,116,132,152,62,301,
lightskyblue,116,132,152,64,301,
lightskyblue,116,132,152,66,301,
lightskyblue,123,132,133,156,324,
lightskyblue,123,132,137,156,324,
lightskyblue,123,132,139,156,324,
lightskyblue,123,132,143,156,324,
lightskyblue,123,132,145,156,324,
lightskyblue,123,132,149,156,324,
lightskyblue,123,132,151,156,324,
lightskyblue,123,132,156,157,324,
lightskyblue,123,132,156,54,324,
lightskyblue,123,132,156,56,324,
lightskyblue,123,132,156,58,324,
lightskyblue,123,132,156,60,324,
lightskyblue,123,132,156,62,324,
lightskyblue,123,132,156,64,324,
lightskyblue,123,132,156,66,324,
lightskyblue,130,132,133,158,347,
lightskyblue,130,132,137,158,347,
lightskyblue,130,132,139,158,347,
lightskyblue,130,132,143,158,347,
lightskyblue,130,132,145,158,347,
lightskyblue,130,132,149,158,347,
lightskyblue,130,132,151,158,347,
lightskyblue,130,132,155,158,347,
lightskyblue,130,132,158,54,347,
lightskyblue,130,132,158,56,347,
lightskyblue,130,132,158,58,347,
lightskyblue,130,132,158,60,347,
lightskyblue,130,132,158,62,347,
lightskyblue,130,132,158,64,347,
lightskyblue,130,132,158,66,347,
lightskyblue,74,136,134,137,164,
lightskyblue,74,136,134,139,164,
lightskyblue,74,136,134,143,164,
lightskyblue,74,136,134,145,164,
lightskyblue,74,136,134,149,164,
lightskyblue,74,136,134,151,164,
lightskyblue,74,136,134,155,164,
lightskyblue,74,136,134,157,164,
lightskyblue,74,136,134,54,164,
lightskyblue,74,136,134,56,164,
lightskyblue,74,136,134,58,164,
lightskyblue,74,136,134,60,164,
lightskyblue,74,136,134,62,164,
lightskyblue,74,136,134,64,164,
lightskyblue,74,136,134,66,164,
lightskyblue,81,136,133,138,187,
lightskyblue,81,136,138,139,187,
lightskyblue,81,136,138,143,187,
lightskyblue,81,136,138,145,187,
lightskyblue,81,136,138,149,187,
lightskyblue,81,136,138,151,187,
lightskyblue,81,136,138,155,187,
lightskyblue,81,136,138,157,187,
lightskyblue,81,136,138,54,187,
lightskyblue,81,136,138,56,187,
lightskyblue,81,136,138,58,187,
lightskyblue,81,136,138,60,187,
lightskyblue,81,136,138,62,187,
lightskyblue,81,136,138,64,187,
lightskyblue,81,136,138,66,187,
lightskyblue,88,136,133,140,210,
lightskyblue,88,136,137,140,210,
lightskyblue,88,136,140,143,210,
lightskyblue,88,136,140,145,210,
lightskyblue,88,136,140,149,210,
lightskyblue,88,136,140,151,210,
lightskyblue,88,136,140,155,210,
lightskyblue,88,136,140,157,210,
lightskyblue,88,136,140,54,210,
lightskyblue,88,136,140,56,210,
lightskyblue,88,136,140,58,210,
lightskyblue,88,136,140,60,210,
lightskyblue,88,136,140,62,210,
lightskyblue,88,136,140,64,210,
lightskyblue,88,136,140,66,210,
lightskyblue,95,136,133,144,233,
lightskyblue,95,136,137,144,233,
lightskyblue,95,136,139,144,233,
lightskyblue,95,136,144,145,233,
lightskyblue,95,136,144,149,233,
lightskyblue,95,136,144,151,233,
lightskyblue,95,136,144,155,233,
lightskyblue,95,136,144,157,233,
lightskyblue,95,136,144,54,233,
lightskyblue,95,136,144,56,233,
lightskyblue,95,136,144,58,233,
lightskyblue,95,136,144,60,233,
lightskyblue,95,136,144,62,233,
lightskyblue,95,136,144,64,233,
lightskyblue,95,136,144,66,233,
lightskyblue,102,136,133,146,256,
lightskyblue,102,136,137,146,256,
lightskyblue,102,136,139,146,256,
lightskyblue,102,136,143,146,256,
lightskyblue,102,136,146,149,256,
lightskyblue,102,136,146,151,256,
lightskyblue,102,136,146,155,256,
lightskyblue,102,136,146,157,256,
lightskyblue,102,136,146,54,256,
lightskyblue,102,136,146,56,256,
lightskyblue,102,136,146,58,256,
lightskyblue,102,136,146,60,256,
lightskyblue,102,136,146,62,256,
lightskyblue,102,136,146,64,256,
lightskyblue,102,136,146,66,256,
lightskyblue,109,136,133,150,279,
lightskyblue,109,136,137,150,279,
lightskyblue,109,136,139,150,279,
lightskyblue,109,136,143,150,279,
lightskyblue,109,136,145,150,279,
lightskyblue,109,136,150,151,279,
lightskyblue,109,136,150,155,279,
lightskyblue,109,136,150,157,279,
lightskyblue,109,136,150,54,279,
lightskyblue,109,136,150,56,279,
lightskyblue,109,136,150,58,279,
lightskyblue,109,136,150,60,279,
lightskyblue,109,136,150,62,279,
lightskyblue,109,136,150,64,279,
lightskyblue,109,136,150,66,279,
lightskyblue,116,136,133,152,302,
lightskyblue,116,136,137,152,302,
lightskyblue,116,136,139,152,302,
lightskyblue,116,136,143,152,302,
lightskyblue,116,136,145,152,302,
lightskyblue,116,136,149,152,302,
lightskyblue,116,136,152,155,302,
lightskyblue,116,136,152,157,302,
lightskyblue,116,136,152,54,302,
lightskyblue,116,136,152,56,302,
lightskyblue,116,136,152,58,302,
lightskyblue,116,136,152,60,302,
lightskyblue,116,136,152,62,302,
lightskyblue,116,136,152,64,302,
lightskyblue,116,136,152,66,302,
lightskyblue,123,136,133,156,325,
lightskyblue,123,136,137,156,325,
lightskyblue,123,136,139,156,325,
lightskyblue,123,136,143,156,325,
lightskyblue,123,136,145,156,325,
lightskyblue,123,136,149,156,325,
lightskyblue,123,136,151,156,325,
lightskyblue,123,136,156,157,325,
lightskyblue,123,136,156,54,325,
lightskyblue,123,136,156,56,325,
lightskyblue,123,136,156,58,325,
lightskyblue,123,136,156,60,325,
lightskyblue,123,136,156,62,325,
lightskyblue,123,136,156,64,325,
lightskyblue,123,136,156,66,325,
lightskyblue,130,136,133,158,348,
lightskyblue,130,136,137,158,348,
lightskyblue,130,136,139,158,348,
lightskyblue,130,136,143,158,348,
lightskyblue,130,136,145,158,348,
lightskyblue,130,136,149,158,348,
lightskyblue,130,136,151,158,348,
lightskyblue,130,136,155,158,348,
lightskyblue,130,136,158,54,348,
lightskyblue,130,136,158,56,348,
lightskyblue,130,136,158,58,348,
lightskyblue,130,136,158,60,348,
lightskyblue,130,136,158,62,348,
lightskyblue,130,136,158,64,348,
lightskyblue,130,136,158,66,348,
lightskyblue,74,142,134,137,165,
lightskyblue,74,142,134,139,165,
lightskyblue,74,142,134,143,165,
lightskyblue,74,142,134,145,165,
lightskyblue,74,142,134,149,165,
lightskyblue,74,142,134,151,165,
lightskyblue,74,142,134,155,165,
lightskyblue,74,142,134,157,165,
lightskyblue,74,142,134,54,165,
lightskyblue,74,142,134,56,165,
lightskyblue,74,142,134,58,165,
lightskyblue,74,142,134,60,165,
lightskyblue,74,142,134,62,165,
lightskyblue,74,142,134,64,165,
lightskyblue,74,142,134,66,165,
lightskyblue,81,142,133,138,188,
lightskyblue,81,142,138,139,188,
lightskyblue,81,142,138,143,188,
lightskyblue,81,142,138,145,188,
lightskyblue,81,142,138,149,188,
lightskyblue,81,142,138,151,188,
lightskyblue,81,142,138,155,188,
lightskyblue,81,142,138,157,188,
lightskyblue,81,142,138,54,188,
lightskyblue,81,142,138,56,188,
lightskyblue,81,142,138,58,188,
lightskyblue,81,142,138,60,188,
lightskyblue,81,142,138,62,188,
lightskyblue,81,142,138,64,188,
lightskyblue,81,142,138,66,188,
lightskyblue,88,142,133,140,211,
lightskyblue,88,142,137,140,211,
lightskyblue,88,142,140,143,211,
lightskyblue,88,142,140,145,211,
lightskyblue,88,142,140,149,211,
lightskyblue,88,142,140,151,211,
lightskyblue,88,142,140,155,211,
lightskyblue,88,142,140,157,211,
lightskyblue,88,142,140,54,211,
lightskyblue,88,142,140,56,211,
lightskyblue,88,142,140,58,211,
lightskyblue,88,142,140,60,211,
lightskyblue,88,142,140,62,211,
lightskyblue,88,142,140,64,211,
lightskyblue,88,142,140,66,211,
lightskyblue,95,142,133,144,234,
lightskyblue,95,142,137,144,234,
lightskyblue,95,142,139,144,234,
lightskyblue,95,142,144,145,234,
lightskyblue,95,142,144,149,234,
lightskyblue,95,142,144,151,234,
lightskyblue,95,142,144,155,234,
lightskyblue,95,142,144,157,234,
lightskyblue,95,142,144,54,234,
lightskyblue,95,142,144,56,234,
lightskyblue,95,142,144,58,234,
lightskyblue,95,142,144,60,234,
lightskyblue,95,142,144,62,234,
lightskyblue,95,142,144,64,234,
lightskyblue,95,142,144,66,234,
lightskyblue,102,142,133,146,257,
lightskyblue,102,142,137,146,257,
lightskyblue,102,142,139,146,257,
lightskyblue,102,142,143,146,257,
lightskyblue,102,142,146,149,257,
lightskyblue,102,142,146,151,257,
lightskyblue,102,142,146,155,257,
lightskyblue,102,142,146,157,257,
lightskyblue,102,142,146,54,257,
lightskyblue,102,142,146,56,257,
lightskyblue,102,142,146,58,257,
lightskyblue,102,142,146,60,257,
lightskyblue,102,142,146,62,257,
lightskyblue,102,142,146,64,257,
lightskyblue,102,142,146,66,257,
lightskyblue,109,142,133,150,280,
lightskyblue,109,142,137,150,280,
lightskyblue,109,142,139,150,280,
lightskyblue,109,142,143,150,280,
lightskyblue,109,142,145,150,280,
lightskyblue,109,142,150,151,280,
lightskyblue,109,142,150,155,280,
lightskyblue,109,142,150,157,280,
lightskyblue,109,142,150,54,280,
lightskyblue,109,142,150,56,280,
lightskyblue,109,142,150,58,280,
lightskyblue,109,142,150,60,280,
lightskyblue,109,142,150,62,280,
lightskyblue,109,142,150,64,280,
lightskyblue,109,142,150,66,280,
lightskyblue,116,142,133,152,303,
lightskyblue,116,142,137,152,303,
lightskyblue,116,142,139,152,303,
lightskyblue,116,142,143,152,303,
lightskyblue,116,142,145,152,303,
lightskyblue,116,142,149,152,303,
lightskyblue,116,142,152,155,303,
lightskyblue,116,142,152,157,303,
lightskyblue,116,142,152,54,303,
lightskyblue,116,142,152,56,303,
lightskyblue,116,142,152,58,303,
lightskyblue,116,142,152,60,303,
lightskyblue,116,142,152,62,303,
lightskyblue,116,142,152,64,303,
lightskyblue,116,142,152,66,303,
lightskyblue,123,142,133,156,326,
lightskyblue,123,142,137,156,326,
lightskyblue,123,142,139,156,326,
lightskyblue,123,142,143,156,326,
lightskyblue,123,142,145,156,326,
lightskyblue,123,142,149,156,326,
lightskyblue,123,142,151,156,326,
lightskyblue,123,142,156,157,326,
lightskyblue,123,142,156,54,326,
lightskyblue,123,142,156,56,326,
lightskyblue,123,142,156,58,326,
lightskyblue,123,142,156,60,326,
lightskyblue,123,142,156,62,326,
lightskyblue,123,142,156,64,326,
lightskyblue,123,142,156,66,326,
lightskyblue,130,142,133,158,349,
lightskyblue,130,142,137,158,349,
lightskyblue,130,142,139,158,349,
lightskyblue,130,142,143,158,349,
lightskyblue,130,142,145,158,349,
lightskyblue,130,142,149,158,349,
lightskyblue,130,142,151,158,349,
lightskyblue,130,142,155,158,349,
lightskyblue,130,142,158,54,349,
lightskyblue,130,142,158,56,349,
lightskyblue,130,142,158,58,349,
lightskyblue,130,142,158,60,349,
lightskyblue,130,142,158,62,349,
lightskyblue,130,142,158,64,349,
lightskyblue,130,142,158,66,349,
lightskyblue,74,160,134,137,166,
lightskyblue,74,160,134,139,166,
lightskyblue,74,160,134,143,166,
lightskyblue,74,160,134,145,166,
lightskyblue,74,160,134,149,166,
lightskyblue,74,160,134,151,166,
lightskyblue,74,160,134,155,166,
lightskyblue,74,160,134,157,166,
lightskyblue,74,160,134,54,166,
lightskyblue,74,160,134,56,166,
lightskyblue,74,160,134,58,166,
lightskyblue,74,160,134,60,166,
lightskyblue,74,160,134,62,166,
lightskyblue,74,160,134,64,166,
lightskyblue,74,160,134,66,166,
lightskyblue,81,160,133,138,189,
lightskyblue,81,160,138,139,189,
lightskyblue,81,160,138,143,189,
lightskyblue,81,160,138,145,189,
lightskyblue,81,160,138,149,189,
lightskyblue,81,160,138,151,189,
lightskyblue,81,160,138,155,189,
lightskyblue,81,160,138,157,189,
lightskyblue,81,160,138,54,189,
lightskyblue,81,160,138,56,189,
lightskyblue,81,160,138,58,189,
lightskyblue,81,160,138,60,189,
lightskyblue,81,160,138,62,189,
lightskyblue,81,160,138,64,189,
lightskyblue,81,160,138,66,189,
lightskyblue,88,160,133,140,212,
lightskyblue,88,160,137,140,212,
lightskyblue,88,160,140,143,212,
lightskyblue,88,160,140,145,212,
lightskyblue,88,160,140,149,212,
lightskyblue,88,160,140,151,212,
lightskyblue,88,160,140,155,212,
lightskyblue,88,160,140,157,212,
lightskyblue,88,160,140,54,212,
lightskyblue,88,160,140,56,212,
lightskyblue,88,160,140,58,212,
lightskyblue,88,160,140,60,212,
lightskyblue,88,160,140,62,212,
lightskyblue,88,160,140,64,212,
lightskyblue,88,160,140,66,212,
lightskyblue,95,160,133,144,235,
lightskyblue,95,160,137,144,235,
lightskyblue,95,160,139,144,235,
lightskyblue,95,160,144,145,235,
lightskyblue,95,160,144,149,235,
lightskyblue,95,160,144,151,235,
lightskyblue,95,160,144,155,235,
lightskyblue,95,160,144,157,235,
lightskyblue,95,160,144,54,235,
lightskyblue,95,160,144,56,235,
lightskyblue,95,160,144,58,235,
lightskyblue,95,160,144,60,235,
lightskyblue,95,160,144,62,235,
lightskyblue,95,160,144,64,235,
lightskyblue,95,160,144,66,235,
lightskyblue,102,160,133,146,258,
lightskyblue,102,160,137,146,258,
lightskyblue,102,160,139,146,258,
lightskyblue,102,160,143,146,258,
lightskyblue,102,160,146,149,258,
lightskyblue,102,160,146,151,258,
lightskyblue,102,160,146,155,258,
lightskyblue,102,160,146,157,258,
lightskyblue,102,160,146,54,258,
lightskyblue,102,160,146,56,258,
lightskyblue,102,160,146,58,258,
lightskyblue,102,160,146,60,258,
lightskyblue,102,160,146,62,258,
lightskyblue,102,160,146,64,258,
lightskyblue,102,160,146,66,258,
lightskyblue,109,160,133,150,281,
lightskyblue,109,160,137,150,281,
lightskyblue,109,160,139,150,281,
lightskyblue,109,160,143,150,281,
lightskyblue,109,160,145,150,281,
lightskyblue,109,160,150,151,281,
lightskyblue,109,160,150,155,281,
lightskyblue,109,160,150,157,281,
lightskyblue,109,160,150,54,281,
lightskyblue,109,160,150,56,281,
lightskyblue,109,160,150,58,281,
lightskyblue,109,160,150,60,281,
lightskyblue,109,160,150,62,281,
lightskyblue,109,160,150,64,281,
lightskyblue,109,160,150,66,281,
lightskyblue,116,160,133,152,304,
lightskyblue,116,160,137,152,304,
lightskyblue,116,160,139,152,304,
lightskyblue,116,160,143,152,304,
lightskyblue,116,160,145,152,304,
lightskyblue,116,160,149,152,304,
lightskyblue,116,160,152,155,304,
lightskyblue,116,160,152,157,304,
lightskyblue,116,160,152,54,304,
lightskyblue,116,160,152,56,304,
lightskyblue,116,160,152,58,304,
lightskyblue,116,160,152,60,304,
lightskyblue,116,160,152,62,304,
lightskyblue,116,160,152,64,304,
lightskyblue,116,160,152,66,304,
lightskyblue,123,160,133,156,327,
lightskyblue,123,160,137,156,327,
lightskyblue,123,160,139,156,327,
lightskyblue,123,160,143,156,327,
lightskyblue,123,160,145,156,327,
lightskyblue,123,160,149,156,327,
lightskyblue,123,160,151,156,327,
lightskyblue,123,160,156,157,327,
lightskyblue,123,160,156,54,327,
lightskyblue,123,160,156,56,327,
lightskyblue,123,160,156,58,327,
lightskyblue,123,160,156,60,327,
lightskyblue,123,160,156,62,327,
lightskyblue,123,160,156,64,327,
lightskyblue,123,160,156,66,327,
lightskyblue,130,160,133,158,350,
lightskyblue,130,160,137,158,350,
lightskyblue,130,160,139,158,350,
lightskyblue,130,160,143,158,350,
lightskyblue,130,160,145,158,350,
lightskyblue,130,160,149,158,350,
lightskyblue,130,160,151,158,350,
lightskyblue,130,160,155,158,350,
lightskyblue,130,160,158,54,350,
lightskyblue,130,160,158,56,350,
lightskyblue,130,160,158,58,350,
lightskyblue,130,160,158,60,350,
lightskyblue,130,160,158,62,350,
lightskyblue,130,160,158,64,350,
lightskyblue,130,160,158,66,350,
lightskyblue,74,148,134,137,167,
lightskyblue,74,148,134,139,167,
lightskyblue,74,148,134,143,167,
lightskyblue,74,148,134,145,167,
lightskyblue,74,148,134,149,167,
lightskyblue,74,148,134,151,167,
lightskyblue,74,148,134,155,167,
lightskyblue,74,148,134,157,167,
lightskyblue,74,148,134,54,167,
lightskyblue,74,148,134,56,167,
lightskyblue,74,148,134,58,167,
lightskyblue,74,148,134,60,167,
lightskyblue,74,148,134,62,167,
lightskyblue,74,148,134,64,167,
lightskyblue,74,148,134,66,167,
lightskyblue,81,148,133,138,190,
lightskyblue,81,148,138,139,190,
lightskyblue,81,148,138,143,190,
lightskyblue,81,148,138,145,190,
lightskyblue,81,148,138,149,190,
lightskyblue,81,148,138,151,190,
lightskyblue,81,148,138,155,190,
lightskyblue,81,148,138,157,190,
lightskyblue,81,148,138,54,190,
lightskyblue,81,148,138,56,190,
lightskyblue,81,148,138,58,190,
lightskyblue,81,148,138,60,190,
lightskyblue,81,148,138,62,190,
lightskyblue,81,148,138,64,190,
lightskyblue,81,148,138,66,190,
lightskyblue,88,148,133,140,213,
lightskyblue,88,148,137,140,213,
lightskyblue,88,148,140,143,213,
lightskyblue,88,148,140,145,213,
lightskyblue,88,148,140,149,213,
lightskyblue,88,148,140,151,213,
lightskyblue,88,148,140,155,213,
lightskyblue,88,148,140,157,213,
lightskyblue,88,148,140,54,213,
lightskyblue,88,148,140,56,213,
lightskyblue,88,148,140,58,213,
lightskyblue,88,148,140,60,213,
lightskyblue,88,148,140,62,213,
lightskyblue,88,148,140,64,213,
lightskyblue,88,148,140,66,213,
lightskyblue,95,148,133,144,236,
lightskyblue,95,148,137,144,236,
lightskyblue,95,148,139,144,236,
lightskyblue,95,148,144,145,236,
lightskyblue,95,148,144,149,236,
lightskyblue,95,148,144,151,236,
lightskyblue,95,148,144,155,236,
lightskyblue,95,148,144,157,236,
lightskyblue,95,148,144,54,236,
lightskyblue,95,148,144,56,236,
lightskyblue,95,148,144,58,236,
lightskyblue,95,148,144,60,236,
lightskyblue,95,148,144,62,236,
lightskyblue,95,148,144,64,236,
lightskyblue,95,148,144,66,236,
lightskyblue,102,148,133,146,259,
lightskyblue,102,148,137,146,259,
lightskyblue,102,148,139,146,259,
lightskyblue,102,148,143,146,259,
lightskyblue,102,148,146,149,259,
lightskyblue,102,148,146,151,259,
lightskyblue,102,148,146,155,259,
lightskyblue,102,148,146,157,259,
lightskyblue,102,148,146,54,259,
lightskyblue,102,148,146,56,259,
lightskyblue,102,148,146,58,259,
lightskyblue,102,148,146,60,259,
lightskyblue,102,148,146,62,259,
lightskyblue,102,148,146,64,259,
lightskyblue,102,148,146,66,259,
lightskyblue,109,148,133,150,282,
lightskyblue,109,148,137,150,282,
lightskyblue,109,148,139,150,282,
lightskyblue,109,148,143,150,282,
lightskyblue,109,148,145,150,282,
lightskyblue,109,148,150,151,282,
lightskyblue,109,148,150,155,282,
lightskyblue,109,148,150,157,282,
lightskyblue,109,148,150,54,282,
lightskyblue,109,148,150,56,282,
lightskyblue,109,148,150,58,282,
lightskyblue,109,148,150,60,282,
lightskyblue,109,148,150,62,282,
lightskyblue,109,148,150,64,282,
lightskyblue,109,148,150,66,282,
lightskyblue,116,148,133,152,305,
lightskyblue,116,148,137,152,305,
lightskyblue,116,148,139,152,305,
lightskyblue,116,148,143,152,305,
lightskyblue,116,148,145,152,305,
lightskyblue,116,148,149,152,305,
lightskyblue,116,148,152,155,305,
lightskyblue,116,148,152,157,305,
lightskyblue,116,148,152,54,305,
lightskyblue,116,148,152,56,305,
lightskyblue,116,148,152,58,305,
lightskyblue,116,148,152,60,305,
lightskyblue,116,148,152,62,305,
lightskyblue,116,148,152,64,305,
lightskyblue,116,148,152,66,305,
lightskyblue,123,148,133,156,328,
lightskyblue,123,148,137,156,328,
lightskyblue,123,148,139,156,328,
lightskyblue,123,148,143,156,328,
lightskyblue,123,148,145,156,328,
lightskyblue,123,148,149,156,328,
lightskyblue,123,148,151,156,328,
lightskyblue,123,148,156,157,328,
lightskyblue,123,148,156,54,328,
lightskyblue,123,148,156,56,328,
lightskyblue,123,148,156,58,328,
lightskyblue,123,148,156,60,328,
lightskyblue,123,148,156,62,328,
lightskyblue,123,148,156,64,328,
lightskyblue,123,148,156,66,328,
lightskyblue,130,148,133,158,351,
lightskyblue,130,148,137,158,351,
lightskyblue,130,148,139,158,351,
lightskyblue,130,148,143,158,351,
lightskyblue,130,148,145,158,351,
lightskyblue,130,148,149,158,351,
lightskyblue,130,148,151,158,351,
lightskyblue,130,148,155,158,351,
lightskyblue,130,148,158,54,351,
lightskyblue,130,148,158,56,351,
lightskyblue,130,148,158,58,351,
lightskyblue,130,148,158,60,351,
lightskyblue,130,148,158,62,351,
lightskyblue,130,148,158,64,351,
lightskyblue,130,148,158,66,351,
lightskyblue,74,154,134,137,168,
lightskyblue,74,154,134,139,168,
lightskyblue,74,154,134,143,168,
lightskyblue,74,154,134,145,168,
lightskyblue,74,154,134,149,168,
lightskyblue,74,154,134,151,168,
lightskyblue,74,154,134,155,168,
lightskyblue,74,154,134,157,168,
lightskyblue,74,154,134,54,168,
lightskyblue,74,154,134,56,168,
lightskyblue,74,154,134,58,168,
lightskyblue,74,154,134,60,168,
lightskyblue,74,154,134,62,168,
lightskyblue,74,154,134,64,168,
lightskyblue,74,154,134,66,168,
lightskyblue,81,154,133,138,191,
lightskyblue,81,154,138,139,191,
lightskyblue,81,154,138,143,191,
lightskyblue,81,154,138,145,191,
lightskyblue,81,154,138,149,191,
lightskyblue,81,154,138,151,191,
lightskyblue,81,154,138,155,191,
lightskyblue,81,154,138,157,191,
lightskyblue,81,154,138,54,191,
lightskyblue,81,154,138,56,191,
lightskyblue,81,154,138,58,191,
lightskyblue,81,154,138,60,191,
lightskyblue,81,154,138,62,191,
lightskyblue,81,154,138,64,191,
lightskyblue,81,154,138,66,191,
lightskyblue,88,154,133,140,214,
lightskyblue,88,154,137,140,214,
lightskyblue,88,154,140,143,214,
lightskyblue,88,154,140,145,214,
lightskyblue,88,154,140,149,214,
lightskyblue,88,154,140,151,214,
lightskyblue,88,154,140,155,214,
lightskyblue,88,154,140,157,214,
lightskyblue,88,154,140,54,214,
lightskyblue,88,154,140,56,214,
lightskyblue,88,154,140,58,214,
lightskyblue,88,154,140,60,214,
lightskyblue,88,154,140,62,214,
lightskyblue,88,154,140,64,214,
lightskyblue,88,154,140,66,214,
lightskyblue,95,154,133,144,237,
lightskyblue,95,154,137,144,237,
lightskyblue,95,154,139,144,237,
lightskyblue,95,154,144,145,237,
lightskyblue,95,154,144,149,237,
lightskyblue,95,154,144,151,237,
lightskyblue,95,154,144,155,237,
lightskyblue,95,154,144,157,237,
lightskyblue,95,154,144,54,237,
lightskyblue,95,154,144,56,237,
lightskyblue,95,154,144,58,237,
lightskyblue,95,154,144,60,237,
lightskyblue,95,154,144,62,237,
lightskyblue,95,154,144,64,237,
lightskyblue,95,154,144,66,237,
lightskyblue,102,154,133,146,260,
lightskyblue,102,154,137,146,260,
lightskyblue,102,154,139,146,260,
lightskyblue,102,154,143,146,260,
lightskyblue,102,154,146,149,260,
lightskyblue,102,154,146,151,260,
lightskyblue,102,154,146,155,260,
lightskyblue,102,154,146,157,260,
lightskyblue,102,154,146,54,260,
lightskyblue,102,154,146,56,260,
lightskyblue,102,154,146,58,260,
lightskyblue,102,154,146,60,260,
lightskyblue,102,154,146,62,260,
lightskyblue,102,154,146,64,260,
lightskyblue,102,154,146,66,260,
lightskyblue,109,154,133,150,283,
lightskyblue,109,154,137,150,283,
lightskyblue,109,154,139,150,283,
lightskyblue,109,154,143,150,283,
lightskyblue,109,154,145,150,283,
lightskyblue,109,154,150,151,283,
lightskyblue,109,154,150,155,283,
lightskyblue,109,154,150,157,283,
lightskyblue,109,154,150,54,283,
lightskyblue,109,154,150,56,283,
lightskyblue,109,154,150,58,283,
lightskyblue,109,154,150,60,283,
lightskyblue,109,154,150,62,283,
lightskyblue,109,154,150,64,283,
lightskyblue,109,154,150,66,283,
lightskyblue,116,154,133,152,306,
lightskyblue,116,154,137,152,306,
lightskyblue,116,154,139,152,306,
lightskyblue,116,154,143,152,306,
lightskyblue,116,154,145,152,306,
lightskyblue,116,154,149,152,306,
lightskyblue,116,154,152,155,306,
lightskyblue,116,154,152,157,306,
lightskyblue,116,154,152,54,306,
lightskyblue,116,154,152,56,306,
lightskyblue,116,154,152,58,306,
lightskyblue,116,154,152,60,306,
lightskyblue,116,154,152,62,306,
lightskyblue,116,154,152,64,306,
lightskyblue,116,154,152,66,306,
lightskyblue,123,154,133,156,329,
lightskyblue,123,154,137,156,329,
lightskyblue,123,154,139,156,329,
lightskyblue,123,154,143,156,329,
lightskyblue,123,154,145,156,329,
lightskyblue,123,154,149,156,329,
lightskyblue,123,154,151,156,329,
lightskyblue,123,154,156,157,329,
lightskyblue,123,154,156,54,329,
lightskyblue,123,154,156,56,329,
lightskyblue,123,154,156,58,329,
lightskyblue,123,154,156,60,329,
lightskyblue,123,154,156,62,329,
lightskyblue,123,154,156,64,329,
lightskyblue,123,154,156,66,329,
lightskyblue,130,154,133,158,352,
lightskyblue,130,154,137,158,352,
lightskyblue,130,154,139,158,352,
lightskyblue,130,154,143,158,352,
lightskyblue,130,154,145,158,352,
lightskyblue,130,154,149,158,352,
lightskyblue,130,154,151,158,352,
lightskyblue,130,154,155,158,352,
lightskyblue,130,154,158,54,352,
lightskyblue,130,154,158,56,352,
lightskyblue,130,154,158,58,352,
lightskyblue,130,154,158,60,352,
lightskyblue,130,154,158,62,352,
lightskyblue,130,154,158,64,352,
lightskyblue,130,154,158,66,352,
lightskyblue,131,161,
lightskyblue,131,162,
lightskyblue,131,184,
lightskyblue,131,185,
lightskyblue,131,207,
lightskyblue,131,208,
lightskyblue,131,230,
lightskyblue,131,231,
lightskyblue,131,253,
lightskyblue,131,254,
lightskyblue,131,276,
lightskyblue,131,277,
lightskyblue,131,299,
lightskyblue,131,300,
lightskyblue,131,322,
lightskyblue,131,323,
lightskyblue,131,345,
lightskyblue,131,346,
lightskyblue,135,161,
lightskyblue,135,162,
lightskyblue,135,184,
lightskyblue,135,185,
lightskyblue,135,207,
lightskyblue,135,208,
lightskyblue,135,230,
lightskyblue,135,231,
lightskyblue,135,253,
lightskyblue,135,254,
lightskyblue,135,276,
lightskyblue,135,277,
lightskyblue,135,299,
lightskyblue,135,300,
lightskyblue,135,322,
lightskyblue,135,323,
lightskyblue,135,345,
lightskyblue,135,346,
lightskyblue,141,161,
lightskyblue,141,162,
lightskyblue,141,184,
lightskyblue,141,185,
lightskyblue,141,207,
lightskyblue,141,208,
lightskyblue,141,230,
lightskyblue,141,231,
lightskyblue,141,253,
lightskyblue,141,254,
lightskyblue,141,276,
lightskyblue,141,277,
lightskyblue,141,299,
lightskyblue,141,300,
lightskyblue,141,322,
lightskyblue,141,323,
lightskyblue,141,345,
lightskyblue,141,346,
lightskyblue,159,161,
lightskyblue,159,162,
lightskyblue,159,184,
lightskyblue,159,185,
lightskyblue,159,207,
lightskyblue,159,208,
lightskyblue,159,230,
lightskyblue,159,231,
lightskyblue,159,253,
lightskyblue,159,254,
lightskyblue,159,276,
lightskyblue,159,277,
lightskyblue,159,299,
lightskyblue,159,300,
lightskyblue,159,322,
lightskyblue,159,323,
lightskyblue,159,345,
lightskyblue,159,346,
lightskyblue,147,161,
lightskyblue,147,162,
lightskyblue,147,184,
lightskyblue,147,185,
lightskyblue,147,207,
lightskyblue,147,208,
lightskyblue,147,230,
lightskyblue,147,231,
lightskyblue,147,253,
lightskyblue,147,254,
lightskyblue,147,276,
lightskyblue,147,277,
lightskyblue,147,299,
lightskyblue,147,300,
lightskyblue,147,322,
lightskyblue,147,323,
lightskyblue,147,345,
lightskyblue,147,346,
lightskyblue,153,161,
lightskyblue,153,162,
lightskyblue,153,184,
lightskyblue,153,185,
lightskyblue,153,207,
lightskyblue,153,208,
lightskyblue,153,230,
lightskyblue,153,231,
lightskyblue,153,253,
lightskyblue,153,254,
lightskyblue,153,276,
lightskyblue,153,277,
lightskyblue,153,299,
lightskyblue,153,300,
lightskyblue,153,322,
lightskyblue,153,323,
lightskyblue,153,345,
lightskyblue,153,346,
lightskyblue,132,163,
lightskyblue,132,163,
lightskyblue,132,186,
lightskyblue,132,186,
lightskyblue,132,209,
lightskyblue,132,209,
lightskyblue,132,232,
lightskyblue,132,232,
lightskyblue,132,255,
lightskyblue,132,255,
lightskyblue,132,278,
lightskyblue,132,278,
lightskyblue,132,301,
lightskyblue,132,301,
lightskyblue,132,324,
lightskyblue,132,324,
lightskyblue,132,347,
lightskyblue,132,347,
lightskyblue,136,164,
lightskyblue,136,164,
lightskyblue,136,187,
lightskyblue,136,187,
lightskyblue,136,210,
lightskyblue,136,210,
lightskyblue,136,233,
lightskyblue,136,233,
lightskyblue,136,256,
lightskyblue,136,256,
lightskyblue,136,279,
lightskyblue,136,279,
lightskyblue,136,302,
lightskyblue,136,302,
lightskyblue,136,325,
lightskyblue,136,325,
lightskyblue,136,348,
lightskyblue,136,348,
lightskyblue,142,165,
lightskyblue,142,165,
lightskyblue,142,188,
lightskyblue,142,188,
lightskyblue,142,211,
lightskyblue,142,211,
lightskyblue,142,234,
lightskyblue,142,234,
lightskyblue,142,257,
lightskyblue,142,257,
lightskyblue,142,280,
lightskyblue,142,280,
lightskyblue,142,303,
lightskyblue,142,303,
lightskyblue,142,326,
lightskyblue,142,326,
lightskyblue,142,349,
lightskyblue,142,349,
lightskyblue,160,166,
lightskyblue,160,166,
lightskyblue,160,189,
lightskyblue,160,189,
lightskyblue,160,212,
lightskyblue,160,212,
lightskyblue,160,235,
lightskyblue,160,235,
lightskyblue,160,258,
lightskyblue,160,258,
lightskyblue,160,281,
lightskyblue,160,281,
lightskyblue,160,304,
lightskyblue,160,304,
lightskyblue,160,327,
lightskyblue,160,327,
lightskyblue,160,350,
lightskyblue,160,350,
lightskyblue,148,167,
lightskyblue,148,167,
lightskyblue,148,190,
lightskyblue,148,190,
lightskyblue,148,213,
lightskyblue,148,213,
lightskyblue,148,236,
lightskyblue,148,236,
lightskyblue,148,259,
lightskyblue,148,259,
lightskyblue,148,282,
lightskyblue,148,282,
lightskyblue,148,305,
lightskyblue,148,305,
lightskyblue,148,328,
lightskyblue,148,328,
lightskyblue,148,351,
lightskyblue,148,351,
lightskyblue,154,168,
lightskyblue,154,168,
lightskyblue,154,191,
lightskyblue,154,191,
lightskyblue,154,214,
lightskyblue,154,214,
lightskyblue,154,237,
lightskyblue,154,237,
lightskyblue,154,260,
lightskyblue,154,260,
lightskyblue,154,283,
lightskyblue,154,283,
lightskyblue,154,306,
lightskyblue,154,306,
lightskyblue,154,329,
lightskyblue,154,329,
lightskyblue,154,352,
lightskyblue,154,352,
