green,
green,
green,
green,
green,
green,
green,
green,
green,
green,
green,
green,
green,
green,
green,
green,
green,
green,
green,
green,
green,
green,
green,
green,
green,
green,
green,
green,
green,
green,
green,
green,
green,
green,
gold,0,284,285,286,287,288,1011,1013,1015,1017,1019,1021,1083,1085,1087,1089,1091,1093,
gold,0,289,290,291,292,293,1023,1025,1027,1029,1031,1033,1095,1097,1099,1101,1103,1105,
gold,0,294,295,296,297,298,1035,1037,1039,1041,1043,1045,1107,1109,1111,1113,1115,1117,
gold,0,299,300,301,302,303,1047,1049,1051,1053,1055,1057,1119,1121,1123,1125,1127,1129,
gold,0,304,305,306,307,308,1059,1061,1063,1065,1067,1069,1131,1133,1135,1137,1139,1141,
gold,0,309,310,311,312,313,1071,1073,1075,1077,1079,1081,1143,1145,1147,1149,1151,1153,
gold,1,254,255,256,257,258,1010,1012,1014,1016,1018,1020,1082,1084,1086,1088,1090,1092,
gold,1,259,260,261,262,263,1022,1024,1026,1028,1030,1032,1094,1096,1098,1100,1102,1104,
gold,1,264,265,266,267,268,1034,1036,1038,1040,1042,1044,1106,1108,1110,1112,1114,1116,
gold,1,269,270,271,272,273,1046,1048,1050,1052,1054,1056,1118,1120,1122,1124,1126,1128,
gold,1,274,275,276,277,278,1058,1060,1062,1064,1066,1068,1130,1132,1134,1136,1138,1140,
gold,1,279,280,281,282,283,1070,1072,1074,1076,1078,1080,1142,1144,1146,1148,1150,1152,
gold,2,319,325,331,337,343,349,
gold,2,
gold,3,355,361,367,373,379,385,
gold,3,
gold,4,391,397,403,409,415,421,
gold,4,
gold,5,427,434,441,448,455,462,
gold,5,
gold,6,469,476,483,490,497,504,
gold,6,
gold,7,511,517,523,529,535,541,
gold,7,
gold,8,428,435,442,449,456,463,
gold,8,
gold,9,470,477,484,491,498,505,
gold,9,
gold,10,1082,1094,1106,1118,1130,1142,
gold,10,1083,1095,1107,1119,1131,1143,
gold,10,314,315,316,317,318,319,1010,1011,
gold,10,350,351,352,353,354,355,1022,1023,
gold,10,386,387,388,389,390,391,1034,1035,
gold,10,422,423,424,425,426,427,428,1046,1047,
gold,10,464,465,466,467,468,469,470,1058,1059,
gold,10,506,507,508,509,510,511,1070,1071,
gold,10,542,620,698,776,854,932,
gold,10,543,621,699,777,855,933,
gold,10,544,622,700,778,856,934,
gold,10,545,623,701,779,857,935,
gold,10,546,624,702,780,858,936,
gold,10,547,625,703,781,859,937,
gold,10,548,626,704,782,860,938,
gold,10,549,627,705,783,861,939,
gold,10,550,628,706,784,862,940,
gold,10,551,629,707,785,863,941,
gold,10,552,630,708,786,864,942,
gold,10,553,631,709,787,865,943,
gold,10,554,632,710,788,866,944,
gold,11,320,326,332,338,344,542,543,544,545,546,547,548,549,550,551,552,553,554,
gold,11,356,362,368,374,380,620,621,622,623,624,625,626,627,628,629,630,631,632,
gold,11,392,398,404,410,416,698,699,700,701,702,703,704,705,706,707,708,709,710,
gold,11,429,436,443,450,457,776,777,778,779,780,781,782,783,784,785,786,787,788,
gold,11,471,478,485,492,499,854,855,856,857,858,859,860,861,862,863,864,865,866,
gold,11,512,518,524,530,536,932,933,934,935,936,937,938,939,940,941,942,943,944,
gold,11,
gold,12,320,326,332,338,344,356,362,368,374,380,392,398,404,410,416,429,436,443,450,457,471,478,485,492,499,512,518,524,530,536,542,543,544,545,546,547,548,549,550,551,552,553,554,620,621,622,623,624,625,626,627,628,629,630,631,632,698,699,700,701,702,703,704,705,706,707,708,709,710,776,777,778,779,780,781,782,783,784,785,786,787,788,854,855,856,857,858,859,860,861,862,863,864,865,866,932,933,934,935,936,937,938,939,940,941,942,943,944,
gold,12,
gold,13,542,543,544,545,546,547,548,549,550,551,552,553,554,555,556,557,558,559,560,561,562,563,564,565,566,567,568,569,570,571,572,573,574,575,576,577,578,579,580,581,582,583,584,585,586,587,588,589,590,591,592,593,594,595,596,597,598,599,600,601,602,603,604,605,606,607,608,609,610,611,612,613,614,615,616,617,618,619,1082,1083,1084,1085,1086,1087,1088,1089,1090,1091,1092,1093,
gold,13,
gold,14,620,621,622,623,624,625,626,627,628,629,630,631,632,633,634,635,636,637,638,639,640,641,642,643,644,645,646,647,648,649,650,651,652,653,654,655,656,657,658,659,660,661,662,663,664,665,666,667,668,669,670,671,672,673,674,675,676,677,678,679,680,681,682,683,684,685,686,687,688,689,690,691,692,693,694,695,696,697,1094,1095,1096,1097,1098,1099,1100,1101,1102,1103,1104,1105,
gold,14,
gold,15,314,327,333,339,345,555,556,557,558,559,560,561,562,563,564,565,566,567,
gold,15,350,363,369,375,381,633,634,635,636,637,638,639,640,641,642,643,644,645,
gold,15,386,399,405,411,417,711,712,713,714,715,716,717,718,719,720,721,722,723,
gold,15,422,437,444,451,458,789,790,791,792,793,794,795,796,797,798,799,800,801,
gold,15,464,479,486,493,500,867,868,869,870,871,872,873,874,875,876,877,878,879,
gold,15,506,519,525,531,537,945,946,947,948,949,950,951,952,953,954,955,956,957,
gold,15,
gold,16,698,699,700,701,702,703,704,705,706,707,708,709,710,711,712,713,714,715,716,717,718,719,720,721,722,723,724,725,726,727,728,729,730,731,732,733,734,735,736,737,738,739,740,741,742,743,744,745,746,747,748,749,750,751,752,753,754,755,756,757,758,759,760,761,762,763,764,765,766,767,768,769,770,771,772,773,774,775,1106,1107,1108,1109,1110,1111,1112,1113,1114,1115,1116,1117,
gold,16,
gold,17,315,321,334,340,346,568,569,570,571,572,573,574,575,576,577,578,579,580,
gold,17,351,357,370,376,382,646,647,648,649,650,651,652,653,654,655,656,657,658,
gold,17,387,393,406,412,418,724,725,726,727,728,729,730,731,732,733,734,735,736,
gold,17,423,430,445,452,459,802,803,804,805,806,807,808,809,810,811,812,813,814,
gold,17,465,472,487,494,501,880,881,882,883,884,885,886,887,888,889,890,891,892,
gold,17,507,513,526,532,538,958,959,960,961,962,963,964,965,966,967,968,969,970,
gold,17,
gold,18,932,933,934,935,936,937,938,939,940,941,942,943,944,945,946,947,948,949,950,951,952,953,954,955,956,957,958,959,960,961,962,963,964,965,966,967,968,969,970,971,972,973,974,975,976,977,978,979,980,981,982,983,984,985,986,987,988,989,990,991,992,993,994,995,996,997,998,999,1000,1001,1002,1003,1004,1005,1006,1007,1008,1009,1142,1143,1144,1145,1146,1147,1148,1149,1150,1151,1152,1153,
gold,18,
gold,19,316,322,328,341,347,581,582,583,584,585,586,587,588,589,590,591,592,593,
gold,19,352,358,364,377,383,659,660,661,662,663,664,665,666,667,668,669,670,671,
gold,19,388,394,400,413,419,737,738,739,740,741,742,743,744,745,746,747,748,749,
gold,19,424,431,438,453,460,815,816,817,818,819,820,821,822,823,824,825,826,827,
gold,19,466,473,480,495,502,893,894,895,896,897,898,899,900,901,902,903,904,905,
gold,19,508,514,520,533,539,971,972,973,974,975,976,977,978,979,980,981,982,983,
gold,19,
gold,20,776,777,778,779,780,781,782,783,784,785,786,787,788,789,790,791,792,793,794,795,796,797,798,799,800,801,802,803,804,805,806,807,808,809,810,811,812,813,814,815,816,817,818,819,820,821,822,823,824,825,826,827,828,829,830,831,832,833,834,835,836,837,838,839,840,841,842,843,844,845,846,847,848,849,850,851,852,853,1118,1119,1120,1121,1122,1123,1124,1125,1126,1127,1128,1129,
gold,20,
gold,21,317,323,329,335,348,594,595,596,597,598,599,600,601,602,603,604,605,606,
gold,21,353,359,365,371,384,672,673,674,675,676,677,678,679,680,681,682,683,684,
gold,21,389,395,401,407,420,750,751,752,753,754,755,756,757,758,759,760,761,762,
gold,21,425,432,439,446,461,828,829,830,831,832,833,834,835,836,837,838,839,840,
gold,21,467,474,481,488,503,906,907,908,909,910,911,912,913,914,915,916,917,918,
gold,21,509,515,521,527,540,984,985,986,987,988,989,990,991,992,993,994,995,996,
gold,21,
gold,22,854,855,856,857,858,859,860,861,862,863,864,865,866,867,868,869,870,871,872,873,874,875,876,877,878,879,880,881,882,883,884,885,886,887,888,889,890,891,892,893,894,895,896,897,898,899,900,901,902,903,904,905,906,907,908,909,910,911,912,913,914,915,916,917,918,919,920,921,922,923,924,925,926,927,928,929,930,931,1130,1131,1132,1133,1134,1135,1136,1137,1138,1139,1140,1141,
gold,22,
gold,23,318,324,330,336,342,607,608,609,610,611,612,613,614,615,616,617,618,619,
gold,23,354,360,366,372,378,685,686,687,688,689,690,691,692,693,694,695,696,697,
gold,23,390,396,402,408,414,763,764,765,766,767,768,769,770,771,772,773,774,775,
gold,23,426,433,440,447,454,841,842,843,844,845,846,847,848,849,850,851,852,853,
gold,23,468,475,482,489,496,919,920,921,922,923,924,925,926,927,928,929,930,931,
gold,23,510,516,522,528,534,997,998,999,1000,1001,1002,1003,1004,1005,1006,1007,1008,1009,
gold,23,
gold,24,314,327,333,339,345,350,363,369,375,381,386,399,405,411,417,422,437,444,451,458,464,479,486,493,500,506,519,525,531,537,555,556,557,558,559,560,561,562,563,564,565,566,567,633,634,635,636,637,638,639,640,641,642,643,644,645,711,712,713,714,715,716,717,718,719,720,721,722,723,789,790,791,792,793,794,795,796,797,798,799,800,801,867,868,869,870,871,872,873,874,875,876,877,878,879,945,946,947,948,949,950,951,952,953,954,955,956,957,
gold,24,
gold,25,315,321,334,340,346,351,357,370,376,382,387,393,406,412,418,423,430,445,452,459,465,472,487,494,501,507,513,526,532,538,568,569,570,571,572,573,574,575,576,577,578,579,580,646,647,648,649,650,651,652,653,654,655,656,657,658,724,725,726,727,728,729,730,731,732,733,734,735,736,802,803,804,805,806,807,808,809,810,811,812,813,814,880,881,882,883,884,885,886,887,888,889,890,891,892,958,959,960,961,962,963,964,965,966,967,968,969,970,
gold,25,
gold,26,316,322,328,341,347,352,358,364,377,383,388,394,400,413,419,424,431,438,453,460,466,473,480,495,502,508,514,520,533,539,581,582,583,584,585,586,587,588,589,590,591,592,593,659,660,661,662,663,664,665,666,667,668,669,670,671,737,738,739,740,741,742,743,744,745,746,747,748,749,815,816,817,818,819,820,821,822,823,824,825,826,827,893,894,895,896,897,898,899,900,901,902,903,904,905,971,972,973,974,975,976,977,978,979,980,981,982,983,
gold,26,
gold,27,317,323,329,335,348,353,359,365,371,384,389,395,401,407,420,425,432,439,446,461,467,474,481,488,503,509,515,521,527,540,594,595,596,597,598,599,600,601,602,603,604,605,606,672,673,674,675,676,677,678,679,680,681,682,683,684,750,751,752,753,754,755,756,757,758,759,760,761,762,828,829,830,831,832,833,834,835,836,837,838,839,840,906,907,908,909,910,911,912,913,914,915,916,917,918,984,985,986,987,988,989,990,991,992,993,994,995,996,
gold,27,
gold,28,318,324,330,336,342,354,360,366,372,378,390,396,402,408,414,426,433,440,447,454,468,475,482,489,496,510,516,522,528,534,607,608,609,610,611,612,613,614,615,616,617,618,619,685,686,687,688,689,690,691,692,693,694,695,696,697,763,764,765,766,767,768,769,770,771,772,773,774,775,841,842,843,844,845,846,847,848,849,850,851,852,853,919,920,921,922,923,924,925,926,927,928,929,930,931,997,998,999,1000,1001,1002,1003,1004,1005,1006,1007,1008,1009,
gold,28,
gold,29,1084,1096,1108,1120,1132,1144,
gold,29,1085,1097,1109,1121,1133,1145,
gold,29,320,321,322,323,324,325,1012,1013,
gold,29,356,357,358,359,360,361,1024,1025,
gold,29,392,393,394,395,396,397,1036,1037,
gold,29,429,430,431,432,433,434,435,1048,1049,
gold,29,471,472,473,474,475,476,477,1060,1061,
gold,29,512,513,514,515,516,517,1072,1073,
gold,29,555,633,711,789,867,945,
gold,29,556,634,712,790,868,946,
gold,29,557,635,713,791,869,947,
gold,29,558,636,714,792,870,948,
gold,29,559,637,715,793,871,949,
gold,29,560,638,716,794,872,950,
gold,29,561,639,717,795,873,951,
red,29,562,640,718,796,874,952,
gold,29,563,641,719,797,875,953,
gold,29,564,642,720,798,876,954,
gold,29,565,643,721,799,877,955,
gold,29,566,644,722,800,878,956,
gold,29,567,645,723,801,879,957,
gold,30,1086,1098,1110,1122,1134,1146,
gold,30,1087,1099,1111,1123,1135,1147,
gold,30,326,327,328,329,330,331,1014,1015,
gold,30,362,363,364,365,366,367,1026,1027,
gold,30,398,399,400,401,402,403,1038,1039,
gold,30,436,437,438,439,440,441,442,1050,1051,
gold,30,478,479,480,481,482,483,484,1062,1063,
gold,30,518,519,520,521,522,523,1074,1075,
gold,30,568,646,724,802,880,958,
gold,30,569,647,725,803,881,959,
gold,30,570,648,726,804,882,960,
gold,30,571,649,727,805,883,961,
gold,30,572,650,728,806,884,962,
gold,30,573,651,729,807,885,963,
gold,30,574,652,730,808,886,964,
gold,30,575,653,731,809,887,965,
gold,30,576,654,732,810,888,966,
gold,30,577,655,733,811,889,967,
gold,30,578,656,734,812,890,968,
red,30,579,657,735,813,891,969,
gold,30,580,658,736,814,892,970,
gold,31,1088,1100,1112,1124,1136,1148,
gold,31,1089,1101,1113,1125,1137,1149,
gold,31,332,333,334,335,336,337,1016,1017,
gold,31,368,369,370,371,372,373,1028,1029,
gold,31,404,405,406,407,408,409,1040,1041,
gold,31,443,444,445,446,447,448,449,1052,1053,
gold,31,485,486,487,488,489,490,491,1064,1065,
gold,31,524,525,526,527,528,529,1076,1077,
gold,31,581,659,737,815,893,971,
gold,31,582,660,738,816,894,972,
gold,31,583,661,739,817,895,973,
gold,31,584,662,740,818,896,974,
gold,31,585,663,741,819,897,975,
gold,31,586,664,742,820,898,976,
red,31,587,665,743,821,899,977,
gold,31,588,666,744,822,900,978,
gold,31,589,667,745,823,901,979,
gold,31,590,668,746,824,902,980,
gold,31,591,669,747,825,903,981,
gold,31,592,670,748,826,904,982,
gold,31,593,671,749,827,905,983,
gold,32,1090,1102,1114,1126,1138,1150,
gold,32,1091,1103,1115,1127,1139,1151,
gold,32,338,339,340,341,342,343,1018,1019,
gold,32,374,375,376,377,378,379,1030,1031,
gold,32,410,411,412,413,414,415,1042,1043,
gold,32,450,451,452,453,454,455,456,1054,1055,
gold,32,492,493,494,495,496,497,498,1066,1067,
gold,32,530,531,532,533,534,535,1078,1079,
gold,32,594,672,750,828,906,984,
red,32,595,673,751,829,907,985,
gold,32,596,674,752,830,908,986,
gold,32,597,675,753,831,909,987,
gold,32,598,676,754,832,910,988,
gold,32,599,677,755,833,911,989,
gold,32,600,678,756,834,912,990,
gold,32,601,679,757,835,913,991,
gold,32,602,680,758,836,914,992,
gold,32,603,681,759,837,915,993,
gold,32,604,682,760,838,916,994,
gold,32,605,683,761,839,917,995,
gold,32,606,684,762,840,918,996,
gold,33,1092,1104,1116,1128,1140,1152,
gold,33,1093,1105,1117,1129,1141,1153,
gold,33,344,345,346,347,348,349,1020,1021,
gold,33,380,381,382,383,384,385,1032,1033,
gold,33,416,417,418,419,420,421,1044,1045,
gold,33,457,458,459,460,461,462,463,1056,1057,
gold,33,499,500,501,502,503,504,505,1068,1069,
gold,33,536,537,538,539,540,541,1080,1081,
gold,33,607,685,763,841,919,997,
gold,33,608,686,764,842,920,998,
gold,33,609,687,765,843,921,999,
gold,33,610,688,766,844,922,1000,
gold,33,611,689,767,845,923,1001,
gold,33,612,690,768,846,924,1002,
gold,33,613,691,769,847,925,1003,
gold,33,614,692,770,848,926,1004,
gold,33,615,693,771,849,927,1005,
red,33,616,694,772,850,928,1006,
gold,33,617,695,773,851,929,1007,
gold,33,618,696,774,852,930,1008,
gold,33,619,697,775,853,931,1009,
lightskyblue,41,
lightskyblue,42,
lightskyblue,43,
lightskyblue,44,
lightskyblue,45,
lightskyblue,40,
lightskyblue,42,
lightskyblue,43,
lightskyblue,44,
lightskyblue,45,
lightskyblue,40,
lightskyblue,41,
lightskyblue,43,
lightskyblue,44,
lightskyblue,45,
lightskyblue,40,
lightskyblue,41,
lightskyblue,42,
lightskyblue,44,
lightskyblue,45,
lightskyblue,40,
lightskyblue,41,
lightskyblue,42,
lightskyblue,43,
lightskyblue,45,
lightskyblue,40,
lightskyblue,41,
lightskyblue,42,
lightskyblue,43,
lightskyblue,44,
lightskyblue,35,
lightskyblue,36,
lightskyblue,37,
lightskyblue,38,
lightskyblue,39,
lightskyblue,34,
lightskyblue,36,
lightskyblue,37,
lightskyblue,38,
lightskyblue,39,
lightskyblue,34,
lightskyblue,35,
lightskyblue,37,
lightskyblue,38,
lightskyblue,39,
lightskyblue,34,
lightskyblue,35,
lightskyblue,36,
lightskyblue,38,
lightskyblue,39,
lightskyblue,34,
lightskyblue,35,
lightskyblue,36,
lightskyblue,37,
lightskyblue,39,
lightskyblue,34,
lightskyblue,35,
lightskyblue,36,
lightskyblue,37,
lightskyblue,38,
lightskyblue,83,92,90,140,70,
lightskyblue,83,92,90,142,71,
lightskyblue,83,92,90,144,72,
lightskyblue,83,92,90,146,73,
lightskyblue,83,92,90,148,74,
lightskyblue,83,92,90,47,75,
lightskyblue,96,92,91,139,157,
lightskyblue,96,92,139,142,158,
lightskyblue,96,92,139,144,159,
lightskyblue,96,92,139,146,160,
lightskyblue,96,92,139,148,161,
lightskyblue,96,92,139,47,162,
lightskyblue,105,92,91,141,178,
lightskyblue,105,92,140,141,179,
lightskyblue,105,92,141,144,180,
lightskyblue,105,92,141,146,181,
lightskyblue,105,92,141,148,182,
lightskyblue,105,92,141,47,183,
lightskyblue,114,92,91,143,199,
lightskyblue,114,92,140,143,200,
lightskyblue,114,92,142,143,201,
lightskyblue,114,92,143,146,202,
lightskyblue,114,92,143,148,203,
lightskyblue,114,92,143,47,204,
lightskyblue,123,92,91,145,220,
lightskyblue,123,92,140,145,221,
lightskyblue,123,92,142,145,222,
lightskyblue,123,92,144,145,223,
lightskyblue,123,92,145,148,224,
lightskyblue,123,92,145,47,225,
lightskyblue,132,92,91,147,241,
lightskyblue,132,92,140,147,242,
lightskyblue,132,92,142,147,243,
lightskyblue,132,92,144,147,244,
lightskyblue,132,92,146,147,245,
lightskyblue,132,92,147,47,246,
lightskyblue,84,94,90,140,70,
lightskyblue,84,94,90,142,71,
lightskyblue,84,94,90,144,72,
lightskyblue,84,94,90,146,73,
lightskyblue,84,94,90,148,74,
lightskyblue,84,94,90,49,76,
lightskyblue,97,94,91,139,157,
lightskyblue,97,94,139,142,158,
lightskyblue,97,94,139,144,159,
lightskyblue,97,94,139,146,160,
lightskyblue,97,94,139,148,161,
lightskyblue,97,94,139,49,163,
lightskyblue,106,94,91,141,178,
lightskyblue,106,94,140,141,179,
lightskyblue,106,94,141,144,180,
lightskyblue,106,94,141,146,181,
lightskyblue,106,94,141,148,182,
lightskyblue,106,94,141,49,184,
lightskyblue,115,94,91,143,199,
lightskyblue,115,94,140,143,200,
lightskyblue,115,94,142,143,201,
lightskyblue,115,94,143,146,202,
lightskyblue,115,94,143,148,203,
lightskyblue,115,94,143,49,205,
lightskyblue,124,94,91,145,220,
lightskyblue,124,94,140,145,221,
lightskyblue,124,94,142,145,222,
lightskyblue,124,94,144,145,223,
lightskyblue,124,94,145,148,224,
lightskyblue,124,94,145,49,226,
lightskyblue,133,94,91,147,241,
lightskyblue,133,94,140,147,242,
lightskyblue,133,94,142,147,243,
lightskyblue,133,94,144,147,244,
lightskyblue,133,94,146,147,245,
lightskyblue,133,94,147,49,247,
lightskyblue,85,103,90,140,70,
lightskyblue,85,103,90,142,71,
lightskyblue,85,103,90,144,72,
lightskyblue,85,103,90,146,73,
lightskyblue,85,103,90,148,74,
lightskyblue,85,103,90,51,77,
lightskyblue,98,103,91,139,157,
lightskyblue,98,103,139,142,158,
lightskyblue,98,103,139,144,159,
lightskyblue,98,103,139,146,160,
lightskyblue,98,103,139,148,161,
lightskyblue,98,103,139,51,164,
lightskyblue,107,103,91,141,178,
lightskyblue,107,103,140,141,179,
lightskyblue,107,103,141,144,180,
lightskyblue,107,103,141,146,181,
lightskyblue,107,103,141,148,182,
lightskyblue,107,103,141,51,185,
lightskyblue,116,103,91,143,199,
lightskyblue,116,103,140,143,200,
lightskyblue,116,103,142,143,201,
lightskyblue,116,103,143,146,202,
lightskyblue,116,103,143,148,203,
lightskyblue,116,103,143,51,206,
lightskyblue,125,103,91,145,220,
lightskyblue,125,103,140,145,221,
lightskyblue,125,103,142,145,222,
lightskyblue,125,103,144,145,223,
lightskyblue,125,103,145,148,224,
lightskyblue,125,103,145,51,227,
lightskyblue,134,103,91,147,241,
lightskyblue,134,103,140,147,242,
lightskyblue,134,103,142,147,243,
lightskyblue,134,103,144,147,244,
lightskyblue,134,103,146,147,245,
lightskyblue,134,103,147,51,248,
lightskyblue,86,121,90,140,70,
lightskyblue,86,121,90,142,71,
lightskyblue,86,121,90,144,72,
lightskyblue,86,121,90,146,73,
lightskyblue,86,121,90,148,74,
lightskyblue,86,121,90,53,78,
lightskyblue,86,121,90,59,81,
lightskyblue,99,121,91,139,157,
lightskyblue,99,121,139,142,158,
lightskyblue,99,121,139,144,159,
lightskyblue,99,121,139,146,160,
lightskyblue,99,121,139,148,161,
lightskyblue,99,121,139,53,165,
lightskyblue,99,121,139,59,168,
lightskyblue,108,121,91,141,178,
lightskyblue,108,121,140,141,179,
lightskyblue,108,121,141,144,180,
lightskyblue,108,121,141,146,181,
lightskyblue,108,121,141,148,182,
lightskyblue,108,121,141,53,186,
lightskyblue,108,121,141,59,189,
lightskyblue,117,121,91,143,199,
lightskyblue,117,121,140,143,200,
lightskyblue,117,121,142,143,201,
lightskyblue,117,121,143,146,202,
lightskyblue,117,121,143,148,203,
lightskyblue,117,121,143,53,207,
lightskyblue,117,121,143,59,210,
lightskyblue,126,121,91,145,220,
lightskyblue,126,121,140,145,221,
lightskyblue,126,121,142,145,222,
lightskyblue,126,121,144,145,223,
lightskyblue,126,121,145,148,224,
lightskyblue,126,121,145,53,228,
lightskyblue,126,121,145,59,231,
lightskyblue,135,121,91,147,241,
lightskyblue,135,121,140,147,242,
lightskyblue,135,121,142,147,243,
lightskyblue,135,121,144,147,244,
lightskyblue,135,121,146,147,245,
lightskyblue,135,121,147,53,249,
lightskyblue,135,121,147,59,252,
lightskyblue,87,130,90,140,70,
lightskyblue,87,130,90,142,71,
lightskyblue,87,130,90,144,72,
lightskyblue,87,130,90,146,73,
lightskyblue,87,130,90,148,74,
lightskyblue,87,130,90,55,79,
lightskyblue,87,130,90,61,82,
lightskyblue,100,130,91,139,157,
lightskyblue,100,130,139,142,158,
lightskyblue,100,130,139,144,159,
lightskyblue,100,130,139,146,160,
lightskyblue,100,130,139,148,161,
lightskyblue,100,130,139,55,166,
lightskyblue,100,130,139,61,169,
lightskyblue,109,130,91,141,178,
lightskyblue,109,130,140,141,179,
lightskyblue,109,130,141,144,180,
lightskyblue,109,130,141,146,181,
lightskyblue,109,130,141,148,182,
lightskyblue,109,130,141,55,187,
lightskyblue,109,130,141,61,190,
lightskyblue,118,130,91,143,199,
lightskyblue,118,130,140,143,200,
lightskyblue,118,130,142,143,201,
lightskyblue,118,130,143,146,202,
lightskyblue,118,130,143,148,203,
lightskyblue,118,130,143,55,208,
lightskyblue,118,130,143,61,211,
lightskyblue,127,130,91,145,220,
lightskyblue,127,130,140,145,221,
lightskyblue,127,130,142,145,222,
lightskyblue,127,130,144,145,223,
lightskyblue,127,130,145,148,224,
lightskyblue,127,130,145,55,229,
lightskyblue,127,130,145,61,232,
lightskyblue,136,130,91,147,241,
lightskyblue,136,130,140,147,242,
lightskyblue,136,130,142,147,243,
lightskyblue,136,130,144,147,244,
lightskyblue,136,130,146,147,245,
lightskyblue,136,130,147,55,250,
lightskyblue,136,130,147,61,253,
lightskyblue,88,112,90,140,70,
lightskyblue,88,112,90,142,71,
lightskyblue,88,112,90,144,72,
lightskyblue,88,112,90,146,73,
lightskyblue,88,112,90,148,74,
lightskyblue,88,112,90,57,80,
lightskyblue,101,112,91,139,157,
lightskyblue,101,112,139,142,158,
lightskyblue,101,112,139,144,159,
lightskyblue,101,112,139,146,160,
lightskyblue,101,112,139,148,161,
lightskyblue,101,112,139,57,167,
lightskyblue,110,112,91,141,178,
lightskyblue,110,112,140,141,179,
lightskyblue,110,112,141,144,180,
lightskyblue,110,112,141,146,181,
lightskyblue,110,112,141,148,182,
lightskyblue,110,112,141,57,188,
lightskyblue,119,112,91,143,199,
lightskyblue,119,112,140,143,200,
lightskyblue,119,112,142,143,201,
lightskyblue,119,112,143,146,202,
lightskyblue,119,112,143,148,203,
lightskyblue,119,112,143,57,209,
lightskyblue,128,112,91,145,220,
lightskyblue,128,112,140,145,221,
lightskyblue,128,112,142,145,222,
lightskyblue,128,112,144,145,223,
lightskyblue,128,112,145,148,224,
lightskyblue,128,112,145,57,230,
lightskyblue,137,112,91,147,241,
lightskyblue,137,112,140,147,242,
lightskyblue,137,112,142,147,243,
lightskyblue,137,112,144,147,244,
lightskyblue,137,112,146,147,245,
lightskyblue,137,112,147,57,251,
lightskyblue,89,93,91,139,64,
lightskyblue,89,93,91,141,64,
lightskyblue,89,93,91,143,64,
lightskyblue,89,93,91,145,64,
lightskyblue,89,93,91,147,64,
lightskyblue,89,93,91,46,64,
lightskyblue,89,93,91,48,64,
lightskyblue,89,93,91,50,64,
lightskyblue,89,93,91,52,64,
lightskyblue,89,93,91,54,64,
lightskyblue,89,93,91,56,64,
lightskyblue,89,93,91,58,64,
lightskyblue,89,93,91,60,64,
lightskyblue,102,93,90,140,151,
lightskyblue,102,93,140,141,151,
lightskyblue,102,93,140,143,151,
lightskyblue,102,93,140,145,151,
lightskyblue,102,93,140,147,151,
lightskyblue,102,93,140,46,151,
lightskyblue,102,93,140,48,151,
lightskyblue,102,93,140,50,151,
lightskyblue,102,93,140,52,151,
lightskyblue,102,93,140,54,151,
lightskyblue,102,93,140,56,151,
lightskyblue,102,93,140,58,151,
lightskyblue,102,93,140,60,151,
lightskyblue,111,93,90,142,172,
lightskyblue,111,93,139,142,172,
lightskyblue,111,93,142,143,172,
lightskyblue,111,93,142,145,172,
lightskyblue,111,93,142,147,172,
lightskyblue,111,93,142,46,172,
lightskyblue,111,93,142,48,172,
lightskyblue,111,93,142,50,172,
lightskyblue,111,93,142,52,172,
lightskyblue,111,93,142,54,172,
lightskyblue,111,93,142,56,172,
lightskyblue,111,93,142,58,172,
lightskyblue,111,93,142,60,172,
lightskyblue,120,93,90,144,193,
lightskyblue,120,93,139,144,193,
lightskyblue,120,93,141,144,193,
lightskyblue,120,93,144,145,193,
lightskyblue,120,93,144,147,193,
lightskyblue,120,93,144,46,193,
lightskyblue,120,93,144,48,193,
lightskyblue,120,93,144,50,193,
lightskyblue,120,93,144,52,193,
lightskyblue,120,93,144,54,193,
lightskyblue,120,93,144,56,193,
lightskyblue,120,93,144,58,193,
lightskyblue,120,93,144,60,193,
lightskyblue,129,93,90,146,214,
lightskyblue,129,93,139,146,214,
lightskyblue,129,93,141,146,214,
lightskyblue,129,93,143,146,214,
lightskyblue,129,93,146,147,214,
lightskyblue,129,93,146,46,214,
lightskyblue,129,93,146,48,214,
lightskyblue,129,93,146,50,214,
lightskyblue,129,93,146,52,214,
lightskyblue,129,93,146,54,214,
lightskyblue,129,93,146,56,214,
lightskyblue,129,93,146,58,214,
lightskyblue,129,93,146,60,214,
lightskyblue,138,93,90,148,235,
lightskyblue,138,93,139,148,235,
lightskyblue,138,93,141,148,235,
lightskyblue,138,93,143,148,235,
lightskyblue,138,93,145,148,235,
lightskyblue,138,93,148,46,235,
lightskyblue,138,93,148,48,235,
lightskyblue,138,93,148,50,235,
lightskyblue,138,93,148,52,235,
lightskyblue,138,93,148,54,235,
lightskyblue,138,93,148,56,235,
lightskyblue,138,93,148,58,235,
lightskyblue,138,93,148,60,235,
lightskyblue,89,95,91,139,65,
lightskyblue,89,95,91,141,65,
lightskyblue,89,95,91,143,65,
lightskyblue,89,95,91,145,65,
lightskyblue,89,95,91,147,65,
lightskyblue,89,95,91,46,65,
lightskyblue,89,95,91,48,65,
lightskyblue,89,95,91,50,65,
lightskyblue,89,95,91,52,65,
lightskyblue,89,95,91,54,65,
lightskyblue,89,95,91,56,65,
lightskyblue,89,95,91,58,65,
lightskyblue,89,95,91,60,65,
lightskyblue,102,95,90,140,152,
lightskyblue,102,95,140,141,152,
lightskyblue,102,95,140,143,152,
lightskyblue,102,95,140,145,152,
lightskyblue,102,95,140,147,152,
lightskyblue,102,95,140,46,152,
lightskyblue,102,95,140,48,152,
lightskyblue,102,95,140,50,152,
lightskyblue,102,95,140,52,152,
lightskyblue,102,95,140,54,152,
lightskyblue,102,95,140,56,152,
lightskyblue,102,95,140,58,152,
lightskyblue,102,95,140,60,152,
lightskyblue,111,95,90,142,173,
lightskyblue,111,95,139,142,173,
lightskyblue,111,95,142,143,173,
lightskyblue,111,95,142,145,173,
lightskyblue,111,95,142,147,173,
lightskyblue,111,95,142,46,173,
lightskyblue,111,95,142,48,173,
lightskyblue,111,95,142,50,173,
lightskyblue,111,95,142,52,173,
lightskyblue,111,95,142,54,173,
lightskyblue,111,95,142,56,173,
lightskyblue,111,95,142,58,173,
lightskyblue,111,95,142,60,173,
lightskyblue,120,95,90,144,194,
lightskyblue,120,95,139,144,194,
lightskyblue,120,95,141,144,194,
lightskyblue,120,95,144,145,194,
lightskyblue,120,95,144,147,194,
lightskyblue,120,95,144,46,194,
lightskyblue,120,95,144,48,194,
lightskyblue,120,95,144,50,194,
lightskyblue,120,95,144,52,194,
lightskyblue,120,95,144,54,194,
lightskyblue,120,95,144,56,194,
lightskyblue,120,95,144,58,194,
lightskyblue,120,95,144,60,194,
lightskyblue,129,95,90,146,215,
lightskyblue,129,95,139,146,215,
lightskyblue,129,95,141,146,215,
lightskyblue,129,95,143,146,215,
lightskyblue,129,95,146,147,215,
lightskyblue,129,95,146,46,215,
lightskyblue,129,95,146,48,215,
lightskyblue,129,95,146,50,215,
lightskyblue,129,95,146,52,215,
lightskyblue,129,95,146,54,215,
lightskyblue,129,95,146,56,215,
lightskyblue,129,95,146,58,215,
lightskyblue,129,95,146,60,215,
lightskyblue,138,95,90,148,236,
lightskyblue,138,95,139,148,236,
lightskyblue,138,95,141,148,236,
lightskyblue,138,95,143,148,236,
lightskyblue,138,95,145,148,236,
lightskyblue,138,95,148,46,236,
lightskyblue,138,95,148,48,236,
lightskyblue,138,95,148,50,236,
lightskyblue,138,95,148,52,236,
lightskyblue,138,95,148,54,236,
lightskyblue,138,95,148,56,236,
lightskyblue,138,95,148,58,236,
lightskyblue,138,95,148,60,236,
lightskyblue,89,104,91,139,66,
lightskyblue,89,104,91,141,66,
lightskyblue,89,104,91,143,66,
lightskyblue,89,104,91,145,66,
lightskyblue,89,104,91,147,66,
lightskyblue,89,104,91,46,66,
lightskyblue,89,104,91,48,66,
lightskyblue,89,104,91,50,66,
lightskyblue,89,104,91,52,66,
lightskyblue,89,104,91,54,66,
lightskyblue,89,104,91,56,66,
lightskyblue,89,104,91,58,66,
lightskyblue,89,104,91,60,66,
lightskyblue,102,104,90,140,153,
lightskyblue,102,104,140,141,153,
lightskyblue,102,104,140,143,153,
lightskyblue,102,104,140,145,153,
lightskyblue,102,104,140,147,153,
lightskyblue,102,104,140,46,153,
lightskyblue,102,104,140,48,153,
lightskyblue,102,104,140,50,153,
lightskyblue,102,104,140,52,153,
lightskyblue,102,104,140,54,153,
lightskyblue,102,104,140,56,153,
lightskyblue,102,104,140,58,153,
lightskyblue,102,104,140,60,153,
lightskyblue,111,104,90,142,174,
lightskyblue,111,104,139,142,174,
lightskyblue,111,104,142,143,174,
lightskyblue,111,104,142,145,174,
lightskyblue,111,104,142,147,174,
lightskyblue,111,104,142,46,174,
lightskyblue,111,104,142,48,174,
lightskyblue,111,104,142,50,174,
lightskyblue,111,104,142,52,174,
lightskyblue,111,104,142,54,174,
lightskyblue,111,104,142,56,174,
lightskyblue,111,104,142,58,174,
lightskyblue,111,104,142,60,174,
lightskyblue,120,104,90,144,195,
lightskyblue,120,104,139,144,195,
lightskyblue,120,104,141,144,195,
lightskyblue,120,104,144,145,195,
lightskyblue,120,104,144,147,195,
lightskyblue,120,104,144,46,195,
lightskyblue,120,104,144,48,195,
lightskyblue,120,104,144,50,195,
lightskyblue,120,104,144,52,195,
lightskyblue,120,104,144,54,195,
lightskyblue,120,104,144,56,195,
lightskyblue,120,104,144,58,195,
lightskyblue,120,104,144,60,195,
lightskyblue,129,104,90,146,216,
lightskyblue,129,104,139,146,216,
lightskyblue,129,104,141,146,216,
lightskyblue,129,104,143,146,216,
lightskyblue,129,104,146,147,216,
lightskyblue,129,104,146,46,216,
lightskyblue,129,104,146,48,216,
lightskyblue,129,104,146,50,216,
lightskyblue,129,104,146,52,216,
lightskyblue,129,104,146,54,216,
lightskyblue,129,104,146,56,216,
lightskyblue,129,104,146,58,216,
lightskyblue,129,104,146,60,216,
lightskyblue,138,104,90,148,237,
lightskyblue,138,104,139,148,237,
lightskyblue,138,104,141,148,237,
lightskyblue,138,104,143,148,237,
lightskyblue,138,104,145,148,237,
lightskyblue,138,104,148,46,237,
lightskyblue,138,104,148,48,237,
lightskyblue,138,104,148,50,237,
lightskyblue,138,104,148,52,237,
lightskyblue,138,104,148,54,237,
lightskyblue,138,104,148,56,237,
lightskyblue,138,104,148,58,237,
lightskyblue,138,104,148,60,237,
lightskyblue,89,122,91,139,67,
lightskyblue,89,122,91,141,67,
lightskyblue,89,122,91,143,67,
lightskyblue,89,122,91,145,67,
lightskyblue,89,122,91,147,67,
lightskyblue,89,122,91,46,67,
lightskyblue,89,122,91,48,67,
lightskyblue,89,122,91,50,67,
lightskyblue,89,122,91,52,67,
lightskyblue,89,122,91,54,67,
lightskyblue,89,122,91,56,67,
lightskyblue,89,122,91,58,67,
lightskyblue,89,122,91,60,67,
lightskyblue,102,122,90,140,154,
lightskyblue,102,122,140,141,154,
lightskyblue,102,122,140,143,154,
lightskyblue,102,122,140,145,154,
lightskyblue,102,122,140,147,154,
lightskyblue,102,122,140,46,154,
lightskyblue,102,122,140,48,154,
lightskyblue,102,122,140,50,154,
lightskyblue,102,122,140,52,154,
lightskyblue,102,122,140,54,154,
lightskyblue,102,122,140,56,154,
lightskyblue,102,122,140,58,154,
lightskyblue,102,122,140,60,154,
lightskyblue,111,122,90,142,175,
lightskyblue,111,122,139,142,175,
lightskyblue,111,122,142,143,175,
lightskyblue,111,122,142,145,175,
lightskyblue,111,122,142,147,175,
lightskyblue,111,122,142,46,175,
lightskyblue,111,122,142,48,175,
lightskyblue,111,122,142,50,175,
lightskyblue,111,122,142,52,175,
lightskyblue,111,122,142,54,175,
lightskyblue,111,122,142,56,175,
lightskyblue,111,122,142,58,175,
lightskyblue,111,122,142,60,175,
lightskyblue,120,122,90,144,196,
lightskyblue,120,122,139,144,196,
lightskyblue,120,122,141,144,196,
lightskyblue,120,122,144,145,196,
lightskyblue,120,122,144,147,196,
lightskyblue,120,122,144,46,196,
lightskyblue,120,122,144,48,196,
lightskyblue,120,122,144,50,196,
lightskyblue,120,122,144,52,196,
lightskyblue,120,122,144,54,196,
lightskyblue,120,122,144,56,196,
lightskyblue,120,122,144,58,196,
lightskyblue,120,122,144,60,196,
lightskyblue,129,122,90,146,217,
lightskyblue,129,122,139,146,217,
lightskyblue,129,122,141,146,217,
lightskyblue,129,122,143,146,217,
lightskyblue,129,122,146,147,217,
lightskyblue,129,122,146,46,217,
lightskyblue,129,122,146,48,217,
lightskyblue,129,122,146,50,217,
lightskyblue,129,122,146,52,217,
lightskyblue,129,122,146,54,217,
lightskyblue,129,122,146,56,217,
lightskyblue,129,122,146,58,217,
lightskyblue,129,122,146,60,217,
lightskyblue,138,122,90,148,238,
lightskyblue,138,122,139,148,238,
lightskyblue,138,122,141,148,238,
lightskyblue,138,122,143,148,238,
lightskyblue,138,122,145,148,238,
lightskyblue,138,122,148,46,238,
lightskyblue,138,122,148,48,238,
lightskyblue,138,122,148,50,238,
lightskyblue,138,122,148,52,238,
lightskyblue,138,122,148,54,238,
lightskyblue,138,122,148,56,238,
lightskyblue,138,122,148,58,238,
lightskyblue,138,122,148,60,238,
lightskyblue,89,131,91,139,68,
lightskyblue,89,131,91,141,68,
lightskyblue,89,131,91,143,68,
lightskyblue,89,131,91,145,68,
lightskyblue,89,131,91,147,68,
lightskyblue,89,131,91,46,68,
lightskyblue,89,131,91,48,68,
lightskyblue,89,131,91,50,68,
lightskyblue,89,131,91,52,68,
lightskyblue,89,131,91,54,68,
lightskyblue,89,131,91,56,68,
lightskyblue,89,131,91,58,68,
lightskyblue,89,131,91,60,68,
lightskyblue,102,131,90,140,155,
lightskyblue,102,131,140,141,155,
lightskyblue,102,131,140,143,155,
lightskyblue,102,131,140,145,155,
lightskyblue,102,131,140,147,155,
lightskyblue,102,131,140,46,155,
lightskyblue,102,131,140,48,155,
lightskyblue,102,131,140,50,155,
lightskyblue,102,131,140,52,155,
lightskyblue,102,131,140,54,155,
lightskyblue,102,131,140,56,155,
lightskyblue,102,131,140,58,155,
lightskyblue,102,131,140,60,155,
lightskyblue,111,131,90,142,176,
lightskyblue,111,131,139,142,176,
lightskyblue,111,131,142,143,176,
lightskyblue,111,131,142,145,176,
lightskyblue,111,131,142,147,176,
lightskyblue,111,131,142,46,176,
lightskyblue,111,131,142,48,176,
lightskyblue,111,131,142,50,176,
lightskyblue,111,131,142,52,176,
lightskyblue,111,131,142,54,176,
lightskyblue,111,131,142,56,176,
lightskyblue,111,131,142,58,176,
lightskyblue,111,131,142,60,176,
lightskyblue,120,131,90,144,197,
lightskyblue,120,131,139,144,197,
lightskyblue,120,131,141,144,197,
lightskyblue,120,131,144,145,197,
lightskyblue,120,131,144,147,197,
lightskyblue,120,131,144,46,197,
lightskyblue,120,131,144,48,197,
lightskyblue,120,131,144,50,197,
lightskyblue,120,131,144,52,197,
lightskyblue,120,131,144,54,197,
lightskyblue,120,131,144,56,197,
lightskyblue,120,131,144,58,197,
lightskyblue,120,131,144,60,197,
lightskyblue,129,131,90,146,218,
lightskyblue,129,131,139,146,218,
lightskyblue,129,131,141,146,218,
lightskyblue,129,131,143,146,218,
lightskyblue,129,131,146,147,218,
lightskyblue,129,131,146,46,218,
lightskyblue,129,131,146,48,218,
lightskyblue,129,131,146,50,218,
lightskyblue,129,131,146,52,218,
lightskyblue,129,131,146,54,218,
lightskyblue,129,131,146,56,218,
lightskyblue,129,131,146,58,218,
lightskyblue,129,131,146,60,218,
lightskyblue,138,131,90,148,239,
lightskyblue,138,131,139,148,239,
lightskyblue,138,131,141,148,239,
lightskyblue,138,131,143,148,239,
lightskyblue,138,131,145,148,239,
lightskyblue,138,131,148,46,239,
lightskyblue,138,131,148,48,239,
lightskyblue,138,131,148,50,239,
lightskyblue,138,131,148,52,239,
lightskyblue,138,131,148,54,239,
lightskyblue,138,131,148,56,239,
lightskyblue,138,131,148,58,239,
lightskyblue,138,131,148,60,239,
lightskyblue,89,113,91,139,69,
lightskyblue,89,113,91,141,69,
lightskyblue,89,113,91,143,69,
lightskyblue,89,113,91,145,69,
lightskyblue,89,113,91,147,69,
lightskyblue,89,113,91,46,69,
lightskyblue,89,113,91,48,69,
lightskyblue,89,113,91,50,69,
lightskyblue,89,113,91,52,69,
lightskyblue,89,113,91,54,69,
lightskyblue,89,113,91,56,69,
lightskyblue,89,113,91,58,69,
lightskyblue,89,113,91,60,69,
lightskyblue,102,113,90,140,156,
lightskyblue,102,113,140,141,156,
lightskyblue,102,113,140,143,156,
lightskyblue,102,113,140,145,156,
lightskyblue,102,113,140,147,156,
lightskyblue,102,113,140,46,156,
lightskyblue,102,113,140,48,156,
lightskyblue,102,113,140,50,156,
lightskyblue,102,113,140,52,156,
lightskyblue,102,113,140,54,156,
lightskyblue,102,113,140,56,156,
lightskyblue,102,113,140,58,156,
lightskyblue,102,113,140,60,156,
lightskyblue,111,113,90,142,177,
lightskyblue,111,113,139,142,177,
lightskyblue,111,113,142,143,177,
lightskyblue,111,113,142,145,177,
lightskyblue,111,113,142,147,177,
lightskyblue,111,113,142,46,177,
lightskyblue,111,113,142,48,177,
lightskyblue,111,113,142,50,177,
lightskyblue,111,113,142,52,177,
lightskyblue,111,113,142,54,177,
lightskyblue,111,113,142,56,177,
lightskyblue,111,113,142,58,177,
lightskyblue,111,113,142,60,177,
lightskyblue,120,113,90,144,198,
lightskyblue,120,113,139,144,198,
lightskyblue,120,113,141,144,198,
lightskyblue,120,113,144,145,198,
lightskyblue,120,113,144,147,198,
lightskyblue,120,113,144,46,198,
lightskyblue,120,113,144,48,198,
lightskyblue,120,113,144,50,198,
lightskyblue,120,113,144,52,198,
lightskyblue,120,113,144,54,198,
lightskyblue,120,113,144,56,198,
lightskyblue,120,113,144,58,198,
lightskyblue,120,113,144,60,198,
lightskyblue,129,113,90,146,219,
lightskyblue,129,113,139,146,219,
lightskyblue,129,113,141,146,219,
lightskyblue,129,113,143,146,219,
lightskyblue,129,113,146,147,219,
lightskyblue,129,113,146,46,219,
lightskyblue,129,113,146,48,219,
lightskyblue,129,113,146,50,219,
lightskyblue,129,113,146,52,219,
lightskyblue,129,113,146,54,219,
lightskyblue,129,113,146,56,219,
lightskyblue,129,113,146,58,219,
lightskyblue,129,113,146,60,219,
lightskyblue,138,113,90,148,240,
lightskyblue,138,113,139,148,240,
lightskyblue,138,113,141,148,240,
lightskyblue,138,113,143,148,240,
lightskyblue,138,113,145,148,240,
lightskyblue,138,113,148,46,240,
lightskyblue,138,113,148,48,240,
lightskyblue,138,113,148,50,240,
lightskyblue,138,113,148,52,240,
lightskyblue,138,113,148,54,240,
lightskyblue,138,113,148,56,240,
lightskyblue,138,113,148,58,240,
lightskyblue,138,113,148,60,240,
lightskyblue,92,62,
lightskyblue,92,63,
lightskyblue,92,149,
lightskyblue,92,150,
lightskyblue,92,170,
lightskyblue,92,171,
lightskyblue,92,191,
lightskyblue,92,192,
lightskyblue,92,212,
lightskyblue,92,213,
lightskyblue,92,233,
lightskyblue,92,234,
lightskyblue,94,62,
lightskyblue,94,63,
lightskyblue,94,149,
lightskyblue,94,150,
lightskyblue,94,170,
lightskyblue,94,171,
lightskyblue,94,191,
lightskyblue,94,192,
lightskyblue,94,212,
lightskyblue,94,213,
lightskyblue,94,233,
lightskyblue,94,234,
lightskyblue,103,62,
lightskyblue,103,63,
lightskyblue,103,149,
lightskyblue,103,150,
lightskyblue,103,170,
lightskyblue,103,171,
lightskyblue,103,191,
lightskyblue,103,192,
lightskyblue,103,212,
lightskyblue,103,213,
lightskyblue,103,233,
lightskyblue,103,234,
lightskyblue,121,62,
lightskyblue,121,63,
lightskyblue,121,149,
lightskyblue,121,150,
lightskyblue,121,170,
lightskyblue,121,171,
lightskyblue,121,191,
lightskyblue,121,192,
lightskyblue,121,212,
lightskyblue,121,213,
lightskyblue,121,233,
lightskyblue,121,234,
lightskyblue,130,62,
lightskyblue,130,63,
lightskyblue,130,149,
lightskyblue,130,150,
lightskyblue,130,170,
lightskyblue,130,171,
lightskyblue,130,191,
lightskyblue,130,192,
lightskyblue,130,212,
lightskyblue,130,213,
lightskyblue,130,233,
lightskyblue,130,234,
lightskyblue,112,62,
lightskyblue,112,63,
lightskyblue,112,149,
lightskyblue,112,150,
lightskyblue,112,170,
lightskyblue,112,171,
lightskyblue,112,191,
lightskyblue,112,192,
lightskyblue,112,212,
lightskyblue,112,213,
lightskyblue,112,233,
lightskyblue,112,234,
lightskyblue,93,64,
lightskyblue,93,64,
lightskyblue,93,151,
lightskyblue,93,151,
lightskyblue,93,172,
lightskyblue,93,172,
lightskyblue,93,193,
lightskyblue,93,193,
lightskyblue,93,214,
lightskyblue,93,214,
lightskyblue,93,235,
lightskyblue,93,235,
lightskyblue,95,65,
lightskyblue,95,65,
lightskyblue,95,152,
lightskyblue,95,152,
lightskyblue,95,173,
lightskyblue,95,173,
lightskyblue,95,194,
lightskyblue,95,194,
lightskyblue,95,215,
lightskyblue,95,215,
lightskyblue,95,236,
lightskyblue,95,236,
lightskyblue,104,66,
lightskyblue,104,66,
lightskyblue,104,153,
lightskyblue,104,153,
lightskyblue,104,174,
lightskyblue,104,174,
lightskyblue,104,195,
lightskyblue,104,195,
lightskyblue,104,216,
lightskyblue,104,216,
lightskyblue,104,237,
lightskyblue,104,237,
lightskyblue,122,67,
lightskyblue,122,67,
lightskyblue,122,154,
lightskyblue,122,154,
lightskyblue,122,175,
lightskyblue,122,175,
lightskyblue,122,196,
lightskyblue,122,196,
lightskyblue,122,217,
lightskyblue,122,217,
lightskyblue,122,238,
lightskyblue,122,238,
lightskyblue,131,68,
lightskyblue,131,68,
lightskyblue,131,155,
lightskyblue,131,155,
lightskyblue,131,176,
lightskyblue,131,176,
lightskyblue,131,197,
lightskyblue,131,197,
lightskyblue,131,218,
lightskyblue,131,218,
lightskyblue,131,239,
lightskyblue,131,239,
lightskyblue,113,69,
lightskyblue,113,69,
lightskyblue,113,156,
lightskyblue,113,156,
lightskyblue,113,177,
lightskyblue,113,177,
lightskyblue,113,198,
lightskyblue,113,198,
lightskyblue,113,219,
lightskyblue,113,219,
lightskyblue,113,240,
lightskyblue,113,240,
