green,
green,
green,
green,
green,
green,
green,
green,
green,
green,
green,
green,
green,
green,
green,
green,
green,
green,
green,
green,
green,
green,
green,
green,
green,
green,
green,
green,
green,
green,
green,
green,
green,
green,
green,
green,
green,
gold,0,324,325,326,327,328,1251,1253,1255,1257,1259,1261,1263,1335,1337,1339,1341,1343,1345,1347,
gold,0,329,330,331,332,333,1265,1267,1269,1271,1273,1275,1277,1349,1351,1353,1355,1357,1359,1361,
gold,0,334,335,336,337,338,1279,1281,1283,1285,1287,1289,1291,1363,1365,1367,1369,1371,1373,1375,
gold,0,339,340,341,342,343,1293,1295,1297,1299,1301,1303,1305,1377,1379,1381,1383,1385,1387,1389,
gold,0,344,345,346,347,348,1307,1309,1311,1313,1315,1317,1319,1391,1393,1395,1397,1399,1401,1403,
gold,0,349,350,351,352,353,1321,1323,1325,1327,1329,1331,1333,1405,1407,1409,1411,1413,1415,1417,
gold,1,294,295,296,297,298,1250,1252,1254,1256,1258,1260,1262,1334,1336,1338,1340,1342,1344,1346,
gold,1,299,300,301,302,303,1264,1266,1268,1270,1272,1274,1276,1348,1350,1352,1354,1356,1358,1360,
gold,1,304,305,306,307,308,1278,1280,1282,1284,1286,1288,1290,1362,1364,1366,1368,1370,1372,1374,
gold,1,309,310,311,312,313,1292,1294,1296,1298,1300,1302,1304,1376,1378,1380,1382,1384,1386,1388,
gold,1,314,315,316,317,318,1306,1308,1310,1312,1314,1316,1318,1390,1392,1394,1396,1398,1400,1402,
gold,1,319,320,321,322,323,1320,1322,1324,1326,1328,1330,1332,1404,1406,1408,1410,1412,1414,1416,
gold,2,360,367,374,381,388,395,402,
gold,2,
gold,3,409,417,425,433,441,449,457,
gold,3,
gold,4,465,472,479,486,493,500,507,
gold,4,
gold,5,514,521,528,535,542,549,556,
gold,5,
gold,6,563,570,577,584,591,598,605,
gold,6,
gold,7,612,620,628,636,644,652,660,
gold,7,
gold,8,410,418,426,434,442,450,458,
gold,8,
gold,9,613,621,629,637,645,653,661,
gold,9,
gold,10,1334,1348,1362,1376,1390,1404,
gold,10,1335,1349,1363,1377,1391,1405,
gold,10,354,355,356,357,358,359,360,1250,1251,
gold,10,403,404,405,406,407,408,409,410,1264,1265,
gold,10,459,460,461,462,463,464,465,1278,1279,
gold,10,508,509,510,511,512,513,514,1292,1293,
gold,10,557,558,559,560,561,562,563,1306,1307,
gold,10,606,607,608,609,610,611,612,613,1320,1321,
gold,10,662,760,858,956,1054,1152,
gold,10,663,761,859,957,1055,1153,
gold,10,664,762,860,958,1056,1154,
gold,10,665,763,861,959,1057,1155,
gold,10,666,764,862,960,1058,1156,
gold,10,667,765,863,961,1059,1157,
gold,10,668,766,864,962,1060,1158,
gold,10,669,767,865,963,1061,1159,
gold,10,670,768,866,964,1062,1160,
gold,10,671,769,867,965,1063,1161,
gold,10,672,770,868,966,1064,1162,
gold,10,673,771,869,967,1065,1163,
gold,10,674,772,870,968,1066,1164,
gold,10,675,773,871,969,1067,1165,
gold,11,361,368,375,382,389,396,662,663,664,665,666,667,668,669,670,671,672,673,674,675,
gold,11,411,419,427,435,443,451,760,761,762,763,764,765,766,767,768,769,770,771,772,773,
gold,11,466,473,480,487,494,501,858,859,860,861,862,863,864,865,866,867,868,869,870,871,
gold,11,515,522,529,536,543,550,956,957,958,959,960,961,962,963,964,965,966,967,968,969,
gold,11,564,571,578,585,592,599,1054,1055,1056,1057,1058,1059,1060,1061,1062,1063,1064,1065,1066,1067,
gold,11,614,622,630,638,646,654,1152,1153,1154,1155,1156,1157,1158,1159,1160,1161,1162,1163,1164,1165,
gold,11,
gold,12,1338,1352,1366,1380,1394,1408,
gold,12,1339,1353,1367,1381,1395,1409,
gold,12,368,369,370,371,372,373,374,1254,1255,
gold,12,419,420,421,422,423,424,425,426,1268,1269,
gold,12,473,474,475,476,477,478,479,1282,1283,
gold,12,522,523,524,525,526,527,528,1296,1297,
gold,12,571,572,573,574,575,576,577,1310,1311,
gold,12,622,623,624,625,626,627,628,629,1324,1325,
gold,12,690,788,886,984,1082,1180,
gold,12,691,789,887,985,1083,1181,
gold,12,692,790,888,986,1084,1182,
gold,12,693,791,889,987,1085,1183,
gold,12,694,792,890,988,1086,1184,
gold,12,695,793,891,989,1087,1185,
gold,12,696,794,892,990,1088,1186,
gold,12,697,795,893,991,1089,1187,
gold,12,698,796,894,992,1090,1188,
gold,12,699,797,895,993,1091,1189,
gold,12,700,798,896,994,1092,1190,
gold,12,701,799,897,995,1093,1191,
gold,12,702,800,898,996,1094,1192,
gold,12,703,801,899,997,1095,1193,
gold,13,355,362,377,384,391,398,690,691,692,693,694,695,696,697,698,699,700,701,702,703,
gold,13,404,412,429,437,445,453,788,789,790,791,792,793,794,795,796,797,798,799,800,801,
gold,13,460,467,482,489,496,503,886,887,888,889,890,891,892,893,894,895,896,897,898,899,
gold,13,509,516,531,538,545,552,984,985,986,987,988,989,990,991,992,993,994,995,996,997,
gold,13,558,565,580,587,594,601,1082,1083,1084,1085,1086,1087,1088,1089,1090,1091,1092,1093,1094,1095,
gold,13,607,615,632,640,648,656,1180,1181,1182,1183,1184,1185,1186,1187,1188,1189,1190,1191,1192,1193,
gold,13,
gold,14,361,368,375,382,389,396,411,419,427,435,443,451,466,473,480,487,494,501,515,522,529,536,543,550,564,571,578,585,592,599,614,622,630,638,646,654,662,663,664,665,666,667,668,669,670,671,672,673,674,675,760,761,762,763,764,765,766,767,768,769,770,771,772,773,858,859,860,861,862,863,864,865,866,867,868,869,870,871,956,957,958,959,960,961,962,963,964,965,966,967,968,969,1054,1055,1056,1057,1058,1059,1060,1061,1062,1063,1064,1065,1066,1067,1152,1153,1154,1155,1156,1157,1158,1159,1160,1161,1162,1163,1164,1165,
gold,14,
gold,15,355,362,377,384,391,398,404,412,429,437,445,453,460,467,482,489,496,503,509,516,531,538,545,552,558,565,580,587,594,601,607,615,632,640,648,656,690,691,692,693,694,695,696,697,698,699,700,701,702,703,788,789,790,791,792,793,794,795,796,797,798,799,800,801,886,887,888,889,890,891,892,893,894,895,896,897,898,899,984,985,986,987,988,989,990,991,992,993,994,995,996,997,1082,1083,1084,1085,1086,1087,1088,1089,1090,1091,1092,1093,1094,1095,1180,1181,1182,1183,1184,1185,1186,1187,1188,1189,1190,1191,1192,1193,
gold,15,
gold,16,662,663,664,665,666,667,668,669,670,671,672,673,674,675,676,677,678,679,680,681,682,683,684,685,686,687,688,689,690,691,692,693,694,695,696,697,698,699,700,701,702,703,704,705,706,707,708,709,710,711,712,713,714,715,716,717,718,719,720,721,722,723,724,725,726,727,728,729,730,731,732,733,734,735,736,737,738,739,740,741,742,743,744,745,746,747,748,749,750,751,752,753,754,755,756,757,758,759,1334,1335,1336,1337,1338,1339,1340,1341,1342,1343,1344,1345,1346,1347,
gold,16,
gold,17,858,859,860,861,862,863,864,865,866,867,868,869,870,871,872,873,874,875,876,877,878,879,880,881,882,883,884,885,886,887,888,889,890,891,892,893,894,895,896,897,898,899,900,901,902,903,904,905,906,907,908,909,910,911,912,913,914,915,916,917,918,919,920,921,922,923,924,925,926,927,928,929,930,931,932,933,934,935,936,937,938,939,940,941,942,943,944,945,946,947,948,949,950,951,952,953,954,955,1362,1363,1364,1365,1366,1367,1368,1369,1370,1371,1372,1373,1374,1375,
gold,17,
gold,18,354,369,376,383,390,397,676,677,678,679,680,681,682,683,684,685,686,687,688,689,
gold,18,403,420,428,436,444,452,774,775,776,777,778,779,780,781,782,783,784,785,786,787,
gold,18,459,474,481,488,495,502,872,873,874,875,876,877,878,879,880,881,882,883,884,885,
gold,18,508,523,530,537,544,551,970,971,972,973,974,975,976,977,978,979,980,981,982,983,
gold,18,557,572,579,586,593,600,1068,1069,1070,1071,1072,1073,1074,1075,1076,1077,1078,1079,1080,1081,
gold,18,606,623,631,639,647,655,1166,1167,1168,1169,1170,1171,1172,1173,1174,1175,1176,1177,1178,1179,
gold,18,
gold,19,956,957,958,959,960,961,962,963,964,965,966,967,968,969,970,971,972,973,974,975,976,977,978,979,980,981,982,983,984,985,986,987,988,989,990,991,992,993,994,995,996,997,998,999,1000,1001,1002,1003,1004,1005,1006,1007,1008,1009,1010,1011,1012,1013,1014,1015,1016,1017,1018,1019,1020,1021,1022,1023,1024,1025,1026,1027,1028,1029,1030,1031,1032,1033,1034,1035,1036,1037,1038,1039,1040,1041,1042,1043,1044,1045,1046,1047,1048,1049,1050,1051,1052,1053,1376,1377,1378,1379,1380,1381,1382,1383,1384,1385,1386,1387,1388,1389,
gold,19,
gold,20,356,363,370,385,392,399,704,705,706,707,708,709,710,711,712,713,714,715,716,717,
gold,20,405,413,421,438,446,454,802,803,804,805,806,807,808,809,810,811,812,813,814,815,
gold,20,461,468,475,490,497,504,900,901,902,903,904,905,906,907,908,909,910,911,912,913,
gold,20,510,517,524,539,546,553,998,999,1000,1001,1002,1003,1004,1005,1006,1007,1008,1009,1010,1011,
gold,20,559,566,573,588,595,602,1096,1097,1098,1099,1100,1101,1102,1103,1104,1105,1106,1107,1108,1109,
gold,20,608,616,624,641,649,657,1194,1195,1196,1197,1198,1199,1200,1201,1202,1203,1204,1205,1206,1207,
gold,20,
gold,21,1054,1055,1056,1057,1058,1059,1060,1061,1062,1063,1064,1065,1066,1067,1068,1069,1070,1071,1072,1073,1074,1075,1076,1077,1078,1079,1080,1081,1082,1083,1084,1085,1086,1087,1088,1089,1090,1091,1092,1093,1094,1095,1096,1097,1098,1099,1100,1101,1102,1103,1104,1105,1106,1107,1108,1109,1110,1111,1112,1113,1114,1115,1116,1117,1118,1119,1120,1121,1122,1123,1124,1125,1126,1127,1128,1129,1130,1131,1132,1133,1134,1135,1136,1137,1138,1139,1140,1141,1142,1143,1144,1145,1146,1147,1148,1149,1150,1151,1390,1391,1392,1393,1394,1395,1396,1397,1398,1399,1400,1401,1402,1403,
gold,21,
gold,22,357,364,371,378,393,400,718,719,720,721,722,723,724,725,726,727,728,729,730,731,
gold,22,406,414,422,430,447,455,816,817,818,819,820,821,822,823,824,825,826,827,828,829,
gold,22,462,469,476,483,498,505,914,915,916,917,918,919,920,921,922,923,924,925,926,927,
gold,22,511,518,525,532,547,554,1012,1013,1014,1015,1016,1017,1018,1019,1020,1021,1022,1023,1024,1025,
gold,22,560,567,574,581,596,603,1110,1111,1112,1113,1114,1115,1116,1117,1118,1119,1120,1121,1122,1123,
gold,22,609,617,625,633,650,658,1208,1209,1210,1211,1212,1213,1214,1215,1216,1217,1218,1219,1220,1221,
gold,22,
gold,23,358,365,372,379,386,401,732,733,734,735,736,737,738,739,740,741,742,743,744,745,
gold,23,407,415,423,431,439,456,830,831,832,833,834,835,836,837,838,839,840,841,842,843,
gold,23,463,470,477,484,491,506,928,929,930,931,932,933,934,935,936,937,938,939,940,941,
gold,23,512,519,526,533,540,555,1026,1027,1028,1029,1030,1031,1032,1033,1034,1035,1036,1037,1038,1039,
gold,23,561,568,575,582,589,604,1124,1125,1126,1127,1128,1129,1130,1131,1132,1133,1134,1135,1136,1137,
gold,23,610,618,626,634,642,659,1222,1223,1224,1225,1226,1227,1228,1229,1230,1231,1232,1233,1234,1235,
gold,23,
gold,24,760,761,762,763,764,765,766,767,768,769,770,771,772,773,774,775,776,777,778,779,780,781,782,783,784,785,786,787,788,789,790,791,792,793,794,795,796,797,798,799,800,801,802,803,804,805,806,807,808,809,810,811,812,813,814,815,816,817,818,819,820,821,822,823,824,825,826,827,828,829,830,831,832,833,834,835,836,837,838,839,840,841,842,843,844,845,846,847,848,849,850,851,852,853,854,855,856,857,1348,1349,1350,1351,1352,1353,1354,1355,1356,1357,1358,1359,1360,1361,
gold,24,
gold,25,1152,1153,1154,1155,1156,1157,1158,1159,1160,1161,1162,1163,1164,1165,1166,1167,1168,1169,1170,1171,1172,1173,1174,1175,1176,1177,1178,1179,1180,1181,1182,1183,1184,1185,1186,1187,1188,1189,1190,1191,1192,1193,1194,1195,1196,1197,1198,1199,1200,1201,1202,1203,1204,1205,1206,1207,1208,1209,1210,1211,1212,1213,1214,1215,1216,1217,1218,1219,1220,1221,1222,1223,1224,1225,1226,1227,1228,1229,1230,1231,1232,1233,1234,1235,1236,1237,1238,1239,1240,1241,1242,1243,1244,1245,1246,1247,1248,1249,1404,1405,1406,1407,1408,1409,1410,1411,1412,1413,1414,1415,1416,1417,
gold,25,
gold,26,359,366,373,380,387,394,746,747,748,749,750,751,752,753,754,755,756,757,758,759,
gold,26,408,416,424,432,440,448,844,845,846,847,848,849,850,851,852,853,854,855,856,857,
gold,26,464,471,478,485,492,499,942,943,944,945,946,947,948,949,950,951,952,953,954,955,
gold,26,513,520,527,534,541,548,1040,1041,1042,1043,1044,1045,1046,1047,1048,1049,1050,1051,1052,1053,
gold,26,562,569,576,583,590,597,1138,1139,1140,1141,1142,1143,1144,1145,1146,1147,1148,1149,1150,1151,
gold,26,611,619,627,635,643,651,1236,1237,1238,1239,1240,1241,1242,1243,1244,1245,1246,1247,1248,1249,
gold,26,
gold,27,354,369,376,383,390,397,403,420,428,436,444,452,459,474,481,488,495,502,508,523,530,537,544,551,557,572,579,586,593,600,606,623,631,639,647,655,676,677,678,679,680,681,682,683,684,685,686,687,688,689,774,775,776,777,778,779,780,781,782,783,784,785,786,787,872,873,874,875,876,877,878,879,880,881,882,883,884,885,970,971,972,973,974,975,976,977,978,979,980,981,982,983,1068,1069,1070,1071,1072,1073,1074,1075,1076,1077,1078,1079,1080,1081,1166,1167,1168,1169,1170,1171,1172,1173,1174,1175,1176,1177,1178,1179,
gold,27,
gold,28,356,363,370,385,392,399,405,413,421,438,446,454,461,468,475,490,497,504,510,517,524,539,546,553,559,566,573,588,595,602,608,616,624,641,649,657,704,705,706,707,708,709,710,711,712,713,714,715,716,717,802,803,804,805,806,807,808,809,810,811,812,813,814,815,900,901,902,903,904,905,906,907,908,909,910,911,912,913,998,999,1000,1001,1002,1003,1004,1005,1006,1007,1008,1009,1010,1011,1096,1097,1098,1099,1100,1101,1102,1103,1104,1105,1106,1107,1108,1109,1194,1195,1196,1197,1198,1199,1200,1201,1202,1203,1204,1205,1206,1207,
gold,28,
gold,29,357,364,371,378,393,400,406,414,422,430,447,455,462,469,476,483,498,505,511,518,525,532,547,554,560,567,574,581,596,603,609,617,625,633,650,658,718,719,720,721,722,723,724,725,726,727,728,729,730,731,816,817,818,819,820,821,822,823,824,825,826,827,828,829,914,915,916,917,918,919,920,921,922,923,924,925,926,927,1012,1013,1014,1015,1016,1017,1018,1019,1020,1021,1022,1023,1024,1025,1110,1111,1112,1113,1114,1115,1116,1117,1118,1119,1120,1121,1122,1123,1208,1209,1210,1211,1212,1213,1214,1215,1216,1217,1218,1219,1220,1221,
gold,29,
gold,30,358,365,372,379,386,401,407,415,423,431,439,456,463,470,477,484,491,506,512,519,526,533,540,555,561,568,575,582,589,604,610,618,626,634,642,659,732,733,734,735,736,737,738,739,740,741,742,743,744,745,830,831,832,833,834,835,836,837,838,839,840,841,842,843,928,929,930,931,932,933,934,935,936,937,938,939,940,941,1026,1027,1028,1029,1030,1031,1032,1033,1034,1035,1036,1037,1038,1039,1124,1125,1126,1127,1128,1129,1130,1131,1132,1133,1134,1135,1136,1137,1222,1223,1224,1225,1226,1227,1228,1229,1230,1231,1232,1233,1234,1235,
gold,30,
gold,31,359,366,373,380,387,394,408,416,424,432,440,448,464,471,478,485,492,499,513,520,527,534,541,548,562,569,576,583,590,597,611,619,627,635,643,651,746,747,748,749,750,751,752,753,754,755,756,757,758,759,844,845,846,847,848,849,850,851,852,853,854,855,856,857,942,943,944,945,946,947,948,949,950,951,952,953,954,955,1040,1041,1042,1043,1044,1045,1046,1047,1048,1049,1050,1051,1052,1053,1138,1139,1140,1141,1142,1143,1144,1145,1146,1147,1148,1149,1150,1151,1236,1237,1238,1239,1240,1241,1242,1243,1244,1245,1246,1247,1248,1249,
gold,31,
gold,32,1336,1350,1364,1378,1392,1406,
gold,32,1337,1351,1365,1379,1393,1407,
gold,32,361,362,363,364,365,366,367,1252,1253,
gold,32,411,412,413,414,415,416,417,418,1266,1267,
gold,32,466,467,468,469,470,471,472,1280,1281,
gold,32,515,516,517,518,519,520,521,1294,1295,
gold,32,564,565,566,567,568,569,570,1308,1309,
gold,32,614,615,616,617,618,619,620,621,1322,1323,
gold,32,676,774,872,970,1068,1166,
gold,32,677,775,873,971,1069,1167,
gold,32,678,776,874,972,1070,1168,
gold,32,679,777,875,973,1071,1169,
gold,32,680,778,876,974,1072,1170,
gold,32,681,779,877,975,1073,1171,
gold,32,682,780,878,976,1074,1172,
gold,32,683,781,879,977,1075,1173,
gold,32,684,782,880,978,1076,1174,
gold,32,685,783,881,979,1077,1175,
gold,32,686,784,882,980,1078,1176,
red,32,687,785,883,981,1079,1177,
gold,32,688,786,884,982,1080,1178,
gold,32,689,787,885,983,1081,1179,
gold,33,1340,1354,1368,1382,1396,1410,
gold,33,1341,1355,1369,1383,1397,1411,
gold,33,375,376,377,378,379,380,381,1256,1257,
gold,33,427,428,429,430,431,432,433,434,1270,1271,
gold,33,480,481,482,483,484,485,486,1284,1285,
gold,33,529,530,531,532,533,534,535,1298,1299,
gold,33,578,579,580,581,582,583,584,1312,1313,
gold,33,630,631,632,633,634,635,636,637,1326,1327,
gold,33,704,802,900,998,1096,1194,
gold,33,705,803,901,999,1097,1195,
gold,33,706,804,902,1000,1098,1196,
gold,33,707,805,903,1001,1099,1197,
gold,33,708,806,904,1002,1100,1198,
gold,33,709,807,905,1003,1101,1199,
gold,33,710,808,906,1004,1102,1200,
gold,33,711,809,907,1005,1103,1201,
gold,33,712,810,908,1006,1104,1202,
gold,33,713,811,909,1007,1105,1203,
gold,33,714,812,910,1008,1106,1204,
gold,33,715,813,911,1009,1107,1205,
gold,33,716,814,912,1010,1108,1206,
red,33,717,815,913,1011,1109,1207,
gold,34,1342,1356,1370,1384,1398,1412,
gold,34,1343,1357,1371,1385,1399,1413,
gold,34,382,383,384,385,386,387,388,1258,1259,
gold,34,435,436,437,438,439,440,441,442,1272,1273,
gold,34,487,488,489,490,491,492,493,1286,1287,
gold,34,536,537,538,539,540,541,542,1300,1301,
gold,34,585,586,587,588,589,590,591,1314,1315,
gold,34,638,639,640,641,642,643,644,645,1328,1329,
gold,34,718,816,914,1012,1110,1208,
gold,34,719,817,915,1013,1111,1209,
gold,34,720,818,916,1014,1112,1210,
gold,34,721,819,917,1015,1113,1211,
gold,34,722,820,918,1016,1114,1212,
gold,34,723,821,919,1017,1115,1213,
gold,34,724,822,920,1018,1116,1214,
gold,34,725,823,921,1019,1117,1215,
red,34,726,824,922,1020,1118,1216,
gold,34,727,825,923,1021,1119,1217,
gold,34,728,826,924,1022,1120,1218,
gold,34,729,827,925,1023,1121,1219,
gold,34,730,828,926,1024,1122,1220,
gold,34,731,829,927,1025,1123,1221,
gold,35,1344,1358,1372,1386,1400,1414,
gold,35,1345,1359,1373,1387,1401,1415,
gold,35,389,390,391,392,393,394,395,1260,1261,
gold,35,443,444,445,446,447,448,449,450,1274,1275,
gold,35,494,495,496,497,498,499,500,1288,1289,
gold,35,543,544,545,546,547,548,549,1302,1303,
gold,35,592,593,594,595,596,597,598,1316,1317,
gold,35,646,647,648,649,650,651,652,653,1330,1331,
gold,35,732,830,928,1026,1124,1222,
gold,35,733,831,929,1027,1125,1223,
gold,35,734,832,930,1028,1126,1224,
gold,35,735,833,931,1029,1127,1225,
red,35,736,834,932,1030,1128,1226,
gold,35,737,835,933,1031,1129,1227,
gold,35,738,836,934,1032,1130,1228,
gold,35,739,837,935,1033,1131,1229,
gold,35,740,838,936,1034,1132,1230,
gold,35,741,839,937,1035,1133,1231,
gold,35,742,840,938,1036,1134,1232,
gold,35,743,841,939,1037,1135,1233,
gold,35,744,842,940,1038,1136,1234,
gold,35,745,843,941,1039,1137,1235,
gold,36,1346,1360,1374,1388,1402,1416,
gold,36,1347,1361,1375,1389,1403,1417,
gold,36,396,397,398,399,400,401,402,1262,1263,
gold,36,451,452,453,454,455,456,457,458,1276,1277,
gold,36,501,502,503,504,505,506,507,1290,1291,
gold,36,550,551,552,553,554,555,556,1304,1305,
gold,36,599,600,601,602,603,604,605,1318,1319,
gold,36,654,655,656,657,658,659,660,661,1332,1333,
gold,36,746,844,942,1040,1138,1236,
gold,36,747,845,943,1041,1139,1237,
gold,36,748,846,944,1042,1140,1238,
gold,36,749,847,945,1043,1141,1239,
gold,36,750,848,946,1044,1142,1240,
red,36,751,849,947,1045,1143,1241,
gold,36,752,850,948,1046,1144,1242,
gold,36,753,851,949,1047,1145,1243,
gold,36,754,852,950,1048,1146,1244,
gold,36,755,853,951,1049,1147,1245,
gold,36,756,854,952,1050,1148,1246,
gold,36,757,855,953,1051,1149,1247,
gold,36,758,856,954,1052,1150,1248,
gold,36,759,857,955,1053,1151,1249,
lightskyblue,44,
lightskyblue,45,
lightskyblue,46,
lightskyblue,47,
lightskyblue,48,
lightskyblue,43,
lightskyblue,45,
lightskyblue,46,
lightskyblue,47,
lightskyblue,48,
lightskyblue,43,
lightskyblue,44,
lightskyblue,46,
lightskyblue,47,
lightskyblue,48,
lightskyblue,43,
lightskyblue,44,
lightskyblue,45,
lightskyblue,47,
lightskyblue,48,
lightskyblue,43,
lightskyblue,44,
lightskyblue,45,
lightskyblue,46,
lightskyblue,48,
lightskyblue,43,
lightskyblue,44,
lightskyblue,45,
lightskyblue,46,
lightskyblue,47,
lightskyblue,38,
lightskyblue,39,
lightskyblue,40,
lightskyblue,41,
lightskyblue,42,
lightskyblue,37,
lightskyblue,39,
lightskyblue,40,
lightskyblue,41,
lightskyblue,42,
lightskyblue,37,
lightskyblue,38,
lightskyblue,40,
lightskyblue,41,
lightskyblue,42,
lightskyblue,37,
lightskyblue,38,
lightskyblue,39,
lightskyblue,41,
lightskyblue,42,
lightskyblue,37,
lightskyblue,38,
lightskyblue,39,
lightskyblue,40,
lightskyblue,42,
lightskyblue,37,
lightskyblue,38,
lightskyblue,39,
lightskyblue,40,
lightskyblue,41,
lightskyblue,87,127,123,175,73,
lightskyblue,87,127,123,126,74,
lightskyblue,87,127,123,177,75,
lightskyblue,87,127,123,179,76,
lightskyblue,87,127,123,181,77,
lightskyblue,87,127,123,183,78,
lightskyblue,87,127,123,50,79,
lightskyblue,131,127,124,174,192,
lightskyblue,131,127,174,126,193,
lightskyblue,131,127,174,177,194,
lightskyblue,131,127,174,179,195,
lightskyblue,131,127,174,181,196,
lightskyblue,131,127,174,183,197,
lightskyblue,131,127,174,50,198,
lightskyblue,116,127,124,125,102,
lightskyblue,116,127,175,125,103,
lightskyblue,116,127,125,177,104,
lightskyblue,116,127,125,179,105,
lightskyblue,116,127,125,181,106,
lightskyblue,116,127,125,183,107,
lightskyblue,116,127,125,50,108,
lightskyblue,140,127,124,176,214,
lightskyblue,140,127,175,176,215,
lightskyblue,140,127,126,176,216,
lightskyblue,140,127,176,179,217,
lightskyblue,140,127,176,181,218,
lightskyblue,140,127,176,183,219,
lightskyblue,140,127,176,50,220,
lightskyblue,149,127,124,178,236,
lightskyblue,149,127,175,178,237,
lightskyblue,149,127,126,178,238,
lightskyblue,149,127,177,178,239,
lightskyblue,149,127,178,181,240,
lightskyblue,149,127,178,183,241,
lightskyblue,149,127,178,50,242,
lightskyblue,156,127,124,180,258,
lightskyblue,156,127,175,180,259,
lightskyblue,156,127,126,180,260,
lightskyblue,156,127,177,180,261,
lightskyblue,156,127,179,180,262,
lightskyblue,156,127,180,183,263,
lightskyblue,156,127,180,50,264,
lightskyblue,167,127,124,182,280,
lightskyblue,167,127,175,182,281,
lightskyblue,167,127,126,182,282,
lightskyblue,167,127,177,182,283,
lightskyblue,167,127,179,182,284,
lightskyblue,167,127,181,182,285,
lightskyblue,167,127,182,50,286,
lightskyblue,88,163,123,175,73,
lightskyblue,88,163,123,126,74,
lightskyblue,88,163,123,177,75,
lightskyblue,88,163,123,179,76,
lightskyblue,88,163,123,181,77,
lightskyblue,88,163,123,183,78,
lightskyblue,88,163,123,52,80,
lightskyblue,88,163,123,62,85,
lightskyblue,132,163,124,174,192,
lightskyblue,132,163,174,126,193,
lightskyblue,132,163,174,177,194,
lightskyblue,132,163,174,179,195,
lightskyblue,132,163,174,181,196,
lightskyblue,132,163,174,183,197,
lightskyblue,132,163,174,52,199,
lightskyblue,132,163,174,62,204,
lightskyblue,117,163,124,125,102,
lightskyblue,117,163,175,125,103,
lightskyblue,117,163,125,177,104,
lightskyblue,117,163,125,179,105,
lightskyblue,117,163,125,181,106,
lightskyblue,117,163,125,183,107,
lightskyblue,117,163,125,52,109,
lightskyblue,117,163,125,62,114,
lightskyblue,141,163,124,176,214,
lightskyblue,141,163,175,176,215,
lightskyblue,141,163,126,176,216,
lightskyblue,141,163,176,179,217,
lightskyblue,141,163,176,181,218,
lightskyblue,141,163,176,183,219,
lightskyblue,141,163,176,52,221,
lightskyblue,141,163,176,62,226,
lightskyblue,150,163,124,178,236,
lightskyblue,150,163,175,178,237,
lightskyblue,150,163,126,178,238,
lightskyblue,150,163,177,178,239,
lightskyblue,150,163,178,181,240,
lightskyblue,150,163,178,183,241,
lightskyblue,150,163,178,52,243,
lightskyblue,150,163,178,62,248,
lightskyblue,157,163,124,180,258,
lightskyblue,157,163,175,180,259,
lightskyblue,157,163,126,180,260,
lightskyblue,157,163,177,180,261,
lightskyblue,157,163,179,180,262,
lightskyblue,157,163,180,183,263,
lightskyblue,157,163,180,52,265,
lightskyblue,157,163,180,62,270,
lightskyblue,168,163,124,182,280,
lightskyblue,168,163,175,182,281,
lightskyblue,168,163,126,182,282,
lightskyblue,168,163,177,182,283,
lightskyblue,168,163,179,182,284,
lightskyblue,168,163,181,182,285,
lightskyblue,168,163,182,52,287,
lightskyblue,168,163,182,62,292,
lightskyblue,89,129,123,175,73,
lightskyblue,89,129,123,126,74,
lightskyblue,89,129,123,177,75,
lightskyblue,89,129,123,179,76,
lightskyblue,89,129,123,181,77,
lightskyblue,89,129,123,183,78,
lightskyblue,89,129,123,54,81,
lightskyblue,133,129,124,174,192,
lightskyblue,133,129,174,126,193,
lightskyblue,133,129,174,177,194,
lightskyblue,133,129,174,179,195,
lightskyblue,133,129,174,181,196,
lightskyblue,133,129,174,183,197,
lightskyblue,133,129,174,54,200,
lightskyblue,118,129,124,125,102,
lightskyblue,118,129,175,125,103,
lightskyblue,118,129,125,177,104,
lightskyblue,118,129,125,179,105,
lightskyblue,118,129,125,181,106,
lightskyblue,118,129,125,183,107,
lightskyblue,118,129,125,54,110,
lightskyblue,142,129,124,176,214,
lightskyblue,142,129,175,176,215,
lightskyblue,142,129,126,176,216,
lightskyblue,142,129,176,179,217,
lightskyblue,142,129,176,181,218,
lightskyblue,142,129,176,183,219,
lightskyblue,142,129,176,54,222,
lightskyblue,151,129,124,178,236,
lightskyblue,151,129,175,178,237,
lightskyblue,151,129,126,178,238,
lightskyblue,151,129,177,178,239,
lightskyblue,151,129,178,181,240,
lightskyblue,151,129,178,183,241,
lightskyblue,151,129,178,54,244,
lightskyblue,158,129,124,180,258,
lightskyblue,158,129,175,180,259,
lightskyblue,158,129,126,180,260,
lightskyblue,158,129,177,180,261,
lightskyblue,158,129,179,180,262,
lightskyblue,158,129,180,183,263,
lightskyblue,158,129,180,54,266,
lightskyblue,169,129,124,182,280,
lightskyblue,169,129,175,182,281,
lightskyblue,169,129,126,182,282,
lightskyblue,169,129,177,182,283,
lightskyblue,169,129,179,182,284,
lightskyblue,169,129,181,182,285,
lightskyblue,169,129,182,54,288,
lightskyblue,90,138,123,175,73,
lightskyblue,90,138,123,126,74,
lightskyblue,90,138,123,177,75,
lightskyblue,90,138,123,179,76,
lightskyblue,90,138,123,181,77,
lightskyblue,90,138,123,183,78,
lightskyblue,90,138,123,56,82,
lightskyblue,134,138,124,174,192,
lightskyblue,134,138,174,126,193,
lightskyblue,134,138,174,177,194,
lightskyblue,134,138,174,179,195,
lightskyblue,134,138,174,181,196,
lightskyblue,134,138,174,183,197,
lightskyblue,134,138,174,56,201,
lightskyblue,119,138,124,125,102,
lightskyblue,119,138,175,125,103,
lightskyblue,119,138,125,177,104,
lightskyblue,119,138,125,179,105,
lightskyblue,119,138,125,181,106,
lightskyblue,119,138,125,183,107,
lightskyblue,119,138,125,56,111,
lightskyblue,143,138,124,176,214,
lightskyblue,143,138,175,176,215,
lightskyblue,143,138,126,176,216,
lightskyblue,143,138,176,179,217,
lightskyblue,143,138,176,181,218,
lightskyblue,143,138,176,183,219,
lightskyblue,143,138,176,56,223,
lightskyblue,152,138,124,178,236,
lightskyblue,152,138,175,178,237,
lightskyblue,152,138,126,178,238,
lightskyblue,152,138,177,178,239,
lightskyblue,152,138,178,181,240,
lightskyblue,152,138,178,183,241,
lightskyblue,152,138,178,56,245,
lightskyblue,159,138,124,180,258,
lightskyblue,159,138,175,180,259,
lightskyblue,159,138,126,180,260,
lightskyblue,159,138,177,180,261,
lightskyblue,159,138,179,180,262,
lightskyblue,159,138,180,183,263,
lightskyblue,159,138,180,56,267,
lightskyblue,170,138,124,182,280,
lightskyblue,170,138,175,182,281,
lightskyblue,170,138,126,182,282,
lightskyblue,170,138,177,182,283,
lightskyblue,170,138,179,182,284,
lightskyblue,170,138,181,182,285,
lightskyblue,170,138,182,56,289,
lightskyblue,91,147,123,175,73,
lightskyblue,91,147,123,126,74,
lightskyblue,91,147,123,177,75,
lightskyblue,91,147,123,179,76,
lightskyblue,91,147,123,181,77,
lightskyblue,91,147,123,183,78,
lightskyblue,91,147,123,58,83,
lightskyblue,135,147,124,174,192,
lightskyblue,135,147,174,126,193,
lightskyblue,135,147,174,177,194,
lightskyblue,135,147,174,179,195,
lightskyblue,135,147,174,181,196,
lightskyblue,135,147,174,183,197,
lightskyblue,135,147,174,58,202,
lightskyblue,120,147,124,125,102,
lightskyblue,120,147,175,125,103,
lightskyblue,120,147,125,177,104,
lightskyblue,120,147,125,179,105,
lightskyblue,120,147,125,181,106,
lightskyblue,120,147,125,183,107,
lightskyblue,120,147,125,58,112,
lightskyblue,144,147,124,176,214,
lightskyblue,144,147,175,176,215,
lightskyblue,144,147,126,176,216,
lightskyblue,144,147,176,179,217,
lightskyblue,144,147,176,181,218,
lightskyblue,144,147,176,183,219,
lightskyblue,144,147,176,58,224,
lightskyblue,153,147,124,178,236,
lightskyblue,153,147,175,178,237,
lightskyblue,153,147,126,178,238,
lightskyblue,153,147,177,178,239,
lightskyblue,153,147,178,181,240,
lightskyblue,153,147,178,183,241,
lightskyblue,153,147,178,58,246,
lightskyblue,160,147,124,180,258,
lightskyblue,160,147,175,180,259,
lightskyblue,160,147,126,180,260,
lightskyblue,160,147,177,180,261,
lightskyblue,160,147,179,180,262,
lightskyblue,160,147,180,183,263,
lightskyblue,160,147,180,58,268,
lightskyblue,171,147,124,182,280,
lightskyblue,171,147,175,182,281,
lightskyblue,171,147,126,182,282,
lightskyblue,171,147,177,182,283,
lightskyblue,171,147,179,182,284,
lightskyblue,171,147,181,182,285,
lightskyblue,171,147,182,58,290,
lightskyblue,92,165,123,175,73,
lightskyblue,92,165,123,126,74,
lightskyblue,92,165,123,177,75,
lightskyblue,92,165,123,179,76,
lightskyblue,92,165,123,181,77,
lightskyblue,92,165,123,183,78,
lightskyblue,92,165,123,60,84,
lightskyblue,92,165,123,64,86,
lightskyblue,136,165,124,174,192,
lightskyblue,136,165,174,126,193,
lightskyblue,136,165,174,177,194,
lightskyblue,136,165,174,179,195,
lightskyblue,136,165,174,181,196,
lightskyblue,136,165,174,183,197,
lightskyblue,136,165,174,60,203,
lightskyblue,136,165,174,64,205,
lightskyblue,121,165,124,125,102,
lightskyblue,121,165,175,125,103,
lightskyblue,121,165,125,177,104,
lightskyblue,121,165,125,179,105,
lightskyblue,121,165,125,181,106,
lightskyblue,121,165,125,183,107,
lightskyblue,121,165,125,60,113,
lightskyblue,121,165,125,64,115,
lightskyblue,145,165,124,176,214,
lightskyblue,145,165,175,176,215,
lightskyblue,145,165,126,176,216,
lightskyblue,145,165,176,179,217,
lightskyblue,145,165,176,181,218,
lightskyblue,145,165,176,183,219,
lightskyblue,145,165,176,60,225,
lightskyblue,145,165,176,64,227,
lightskyblue,154,165,124,178,236,
lightskyblue,154,165,175,178,237,
lightskyblue,154,165,126,178,238,
lightskyblue,154,165,177,178,239,
lightskyblue,154,165,178,181,240,
lightskyblue,154,165,178,183,241,
lightskyblue,154,165,178,60,247,
lightskyblue,154,165,178,64,249,
lightskyblue,161,165,124,180,258,
lightskyblue,161,165,175,180,259,
lightskyblue,161,165,126,180,260,
lightskyblue,161,165,177,180,261,
lightskyblue,161,165,179,180,262,
lightskyblue,161,165,180,183,263,
lightskyblue,161,165,180,60,269,
lightskyblue,161,165,180,64,271,
lightskyblue,172,165,124,182,280,
lightskyblue,172,165,175,182,281,
lightskyblue,172,165,126,182,282,
lightskyblue,172,165,177,182,283,
lightskyblue,172,165,179,182,284,
lightskyblue,172,165,181,182,285,
lightskyblue,172,165,182,60,291,
lightskyblue,172,165,182,64,293,
lightskyblue,93,128,124,174,67,
lightskyblue,93,128,124,125,67,
lightskyblue,93,128,124,176,67,
lightskyblue,93,128,124,178,67,
lightskyblue,93,128,124,180,67,
lightskyblue,93,128,124,182,67,
lightskyblue,93,128,124,49,67,
lightskyblue,93,128,124,51,67,
lightskyblue,93,128,124,53,67,
lightskyblue,93,128,124,55,67,
lightskyblue,93,128,124,57,67,
lightskyblue,93,128,124,59,67,
lightskyblue,93,128,124,61,67,
lightskyblue,93,128,124,63,67,
lightskyblue,137,128,123,175,186,
lightskyblue,137,128,175,125,186,
lightskyblue,137,128,175,176,186,
lightskyblue,137,128,175,178,186,
lightskyblue,137,128,175,180,186,
lightskyblue,137,128,175,182,186,
lightskyblue,137,128,175,49,186,
lightskyblue,137,128,175,51,186,
lightskyblue,137,128,175,53,186,
lightskyblue,137,128,175,55,186,
lightskyblue,137,128,175,57,186,
lightskyblue,137,128,175,59,186,
lightskyblue,137,128,175,61,186,
lightskyblue,137,128,175,63,186,
lightskyblue,122,128,123,126,96,
lightskyblue,122,128,174,126,96,
lightskyblue,122,128,126,176,96,
lightskyblue,122,128,126,178,96,
lightskyblue,122,128,126,180,96,
lightskyblue,122,128,126,182,96,
lightskyblue,122,128,126,49,96,
lightskyblue,122,128,126,51,96,
lightskyblue,122,128,126,53,96,
lightskyblue,122,128,126,55,96,
lightskyblue,122,128,126,57,96,
lightskyblue,122,128,126,59,96,
lightskyblue,122,128,126,61,96,
lightskyblue,122,128,126,63,96,
lightskyblue,146,128,123,177,208,
lightskyblue,146,128,174,177,208,
lightskyblue,146,128,125,177,208,
lightskyblue,146,128,177,178,208,
lightskyblue,146,128,177,180,208,
lightskyblue,146,128,177,182,208,
lightskyblue,146,128,177,49,208,
lightskyblue,146,128,177,51,208,
lightskyblue,146,128,177,53,208,
lightskyblue,146,128,177,55,208,
lightskyblue,146,128,177,57,208,
lightskyblue,146,128,177,59,208,
lightskyblue,146,128,177,61,208,
lightskyblue,146,128,177,63,208,
lightskyblue,155,128,123,179,230,
lightskyblue,155,128,174,179,230,
lightskyblue,155,128,125,179,230,
lightskyblue,155,128,176,179,230,
lightskyblue,155,128,179,180,230,
lightskyblue,155,128,179,182,230,
lightskyblue,155,128,179,49,230,
lightskyblue,155,128,179,51,230,
lightskyblue,155,128,179,53,230,
lightskyblue,155,128,179,55,230,
lightskyblue,155,128,179,57,230,
lightskyblue,155,128,179,59,230,
lightskyblue,155,128,179,61,230,
lightskyblue,155,128,179,63,230,
lightskyblue,162,128,123,181,252,
lightskyblue,162,128,174,181,252,
lightskyblue,162,128,125,181,252,
lightskyblue,162,128,176,181,252,
lightskyblue,162,128,178,181,252,
lightskyblue,162,128,181,182,252,
lightskyblue,162,128,181,49,252,
lightskyblue,162,128,181,51,252,
lightskyblue,162,128,181,53,252,
lightskyblue,162,128,181,55,252,
lightskyblue,162,128,181,57,252,
lightskyblue,162,128,181,59,252,
lightskyblue,162,128,181,61,252,
lightskyblue,162,128,181,63,252,
lightskyblue,173,128,123,183,274,
lightskyblue,173,128,174,183,274,
lightskyblue,173,128,125,183,274,
lightskyblue,173,128,176,183,274,
lightskyblue,173,128,178,183,274,
lightskyblue,173,128,180,183,274,
lightskyblue,173,128,183,49,274,
lightskyblue,173,128,183,51,274,
lightskyblue,173,128,183,53,274,
lightskyblue,173,128,183,55,274,
lightskyblue,173,128,183,57,274,
lightskyblue,173,128,183,59,274,
lightskyblue,173,128,183,61,274,
lightskyblue,173,128,183,63,274,
lightskyblue,93,164,124,174,68,
lightskyblue,93,164,124,125,68,
lightskyblue,93,164,124,176,68,
lightskyblue,93,164,124,178,68,
lightskyblue,93,164,124,180,68,
lightskyblue,93,164,124,182,68,
lightskyblue,93,164,124,49,68,
lightskyblue,93,164,124,51,68,
lightskyblue,93,164,124,53,68,
lightskyblue,93,164,124,55,68,
lightskyblue,93,164,124,57,68,
lightskyblue,93,164,124,59,68,
lightskyblue,93,164,124,61,68,
lightskyblue,93,164,124,63,68,
lightskyblue,137,164,123,175,187,
lightskyblue,137,164,175,125,187,
lightskyblue,137,164,175,176,187,
lightskyblue,137,164,175,178,187,
lightskyblue,137,164,175,180,187,
lightskyblue,137,164,175,182,187,
lightskyblue,137,164,175,49,187,
lightskyblue,137,164,175,51,187,
lightskyblue,137,164,175,53,187,
lightskyblue,137,164,175,55,187,
lightskyblue,137,164,175,57,187,
lightskyblue,137,164,175,59,187,
lightskyblue,137,164,175,61,187,
lightskyblue,137,164,175,63,187,
lightskyblue,122,164,123,126,97,
lightskyblue,122,164,174,126,97,
lightskyblue,122,164,126,176,97,
lightskyblue,122,164,126,178,97,
lightskyblue,122,164,126,180,97,
lightskyblue,122,164,126,182,97,
lightskyblue,122,164,126,49,97,
lightskyblue,122,164,126,51,97,
lightskyblue,122,164,126,53,97,
lightskyblue,122,164,126,55,97,
lightskyblue,122,164,126,57,97,
lightskyblue,122,164,126,59,97,
lightskyblue,122,164,126,61,97,
lightskyblue,122,164,126,63,97,
lightskyblue,146,164,123,177,209,
lightskyblue,146,164,174,177,209,
lightskyblue,146,164,125,177,209,
lightskyblue,146,164,177,178,209,
lightskyblue,146,164,177,180,209,
lightskyblue,146,164,177,182,209,
lightskyblue,146,164,177,49,209,
lightskyblue,146,164,177,51,209,
lightskyblue,146,164,177,53,209,
lightskyblue,146,164,177,55,209,
lightskyblue,146,164,177,57,209,
lightskyblue,146,164,177,59,209,
lightskyblue,146,164,177,61,209,
lightskyblue,146,164,177,63,209,
lightskyblue,155,164,123,179,231,
lightskyblue,155,164,174,179,231,
lightskyblue,155,164,125,179,231,
lightskyblue,155,164,176,179,231,
lightskyblue,155,164,179,180,231,
lightskyblue,155,164,179,182,231,
lightskyblue,155,164,179,49,231,
lightskyblue,155,164,179,51,231,
lightskyblue,155,164,179,53,231,
lightskyblue,155,164,179,55,231,
lightskyblue,155,164,179,57,231,
lightskyblue,155,164,179,59,231,
lightskyblue,155,164,179,61,231,
lightskyblue,155,164,179,63,231,
lightskyblue,162,164,123,181,253,
lightskyblue,162,164,174,181,253,
lightskyblue,162,164,125,181,253,
lightskyblue,162,164,176,181,253,
lightskyblue,162,164,178,181,253,
lightskyblue,162,164,181,182,253,
lightskyblue,162,164,181,49,253,
lightskyblue,162,164,181,51,253,
lightskyblue,162,164,181,53,253,
lightskyblue,162,164,181,55,253,
lightskyblue,162,164,181,57,253,
lightskyblue,162,164,181,59,253,
lightskyblue,162,164,181,61,253,
lightskyblue,162,164,181,63,253,
lightskyblue,173,164,123,183,275,
lightskyblue,173,164,174,183,275,
lightskyblue,173,164,125,183,275,
lightskyblue,173,164,176,183,275,
lightskyblue,173,164,178,183,275,
lightskyblue,173,164,180,183,275,
lightskyblue,173,164,183,49,275,
lightskyblue,173,164,183,51,275,
lightskyblue,173,164,183,53,275,
lightskyblue,173,164,183,55,275,
lightskyblue,173,164,183,57,275,
lightskyblue,173,164,183,59,275,
lightskyblue,173,164,183,61,275,
lightskyblue,173,164,183,63,275,
lightskyblue,93,130,124,174,69,
lightskyblue,93,130,124,125,69,
lightskyblue,93,130,124,176,69,
lightskyblue,93,130,124,178,69,
lightskyblue,93,130,124,180,69,
lightskyblue,93,130,124,182,69,
lightskyblue,93,130,124,49,69,
lightskyblue,93,130,124,51,69,
lightskyblue,93,130,124,53,69,
lightskyblue,93,130,124,55,69,
lightskyblue,93,130,124,57,69,
lightskyblue,93,130,124,59,69,
lightskyblue,93,130,124,61,69,
lightskyblue,93,130,124,63,69,
lightskyblue,137,130,123,175,188,
lightskyblue,137,130,175,125,188,
lightskyblue,137,130,175,176,188,
lightskyblue,137,130,175,178,188,
lightskyblue,137,130,175,180,188,
lightskyblue,137,130,175,182,188,
lightskyblue,137,130,175,49,188,
lightskyblue,137,130,175,51,188,
lightskyblue,137,130,175,53,188,
lightskyblue,137,130,175,55,188,
lightskyblue,137,130,175,57,188,
lightskyblue,137,130,175,59,188,
lightskyblue,137,130,175,61,188,
lightskyblue,137,130,175,63,188,
lightskyblue,122,130,123,126,98,
lightskyblue,122,130,174,126,98,
lightskyblue,122,130,126,176,98,
lightskyblue,122,130,126,178,98,
lightskyblue,122,130,126,180,98,
lightskyblue,122,130,126,182,98,
lightskyblue,122,130,126,49,98,
lightskyblue,122,130,126,51,98,
lightskyblue,122,130,126,53,98,
lightskyblue,122,130,126,55,98,
lightskyblue,122,130,126,57,98,
lightskyblue,122,130,126,59,98,
lightskyblue,122,130,126,61,98,
lightskyblue,122,130,126,63,98,
lightskyblue,146,130,123,177,210,
lightskyblue,146,130,174,177,210,
lightskyblue,146,130,125,177,210,
lightskyblue,146,130,177,178,210,
lightskyblue,146,130,177,180,210,
lightskyblue,146,130,177,182,210,
lightskyblue,146,130,177,49,210,
lightskyblue,146,130,177,51,210,
lightskyblue,146,130,177,53,210,
lightskyblue,146,130,177,55,210,
lightskyblue,146,130,177,57,210,
lightskyblue,146,130,177,59,210,
lightskyblue,146,130,177,61,210,
lightskyblue,146,130,177,63,210,
lightskyblue,155,130,123,179,232,
lightskyblue,155,130,174,179,232,
lightskyblue,155,130,125,179,232,
lightskyblue,155,130,176,179,232,
lightskyblue,155,130,179,180,232,
lightskyblue,155,130,179,182,232,
lightskyblue,155,130,179,49,232,
lightskyblue,155,130,179,51,232,
lightskyblue,155,130,179,53,232,
lightskyblue,155,130,179,55,232,
lightskyblue,155,130,179,57,232,
lightskyblue,155,130,179,59,232,
lightskyblue,155,130,179,61,232,
lightskyblue,155,130,179,63,232,
lightskyblue,162,130,123,181,254,
lightskyblue,162,130,174,181,254,
lightskyblue,162,130,125,181,254,
lightskyblue,162,130,176,181,254,
lightskyblue,162,130,178,181,254,
lightskyblue,162,130,181,182,254,
lightskyblue,162,130,181,49,254,
lightskyblue,162,130,181,51,254,
lightskyblue,162,130,181,53,254,
lightskyblue,162,130,181,55,254,
lightskyblue,162,130,181,57,254,
lightskyblue,162,130,181,59,254,
lightskyblue,162,130,181,61,254,
lightskyblue,162,130,181,63,254,
lightskyblue,173,130,123,183,276,
lightskyblue,173,130,174,183,276,
lightskyblue,173,130,125,183,276,
lightskyblue,173,130,176,183,276,
lightskyblue,173,130,178,183,276,
lightskyblue,173,130,180,183,276,
lightskyblue,173,130,183,49,276,
lightskyblue,173,130,183,51,276,
lightskyblue,173,130,183,53,276,
lightskyblue,173,130,183,55,276,
lightskyblue,173,130,183,57,276,
lightskyblue,173,130,183,59,276,
lightskyblue,173,130,183,61,276,
lightskyblue,173,130,183,63,276,
lightskyblue,93,139,124,174,70,
lightskyblue,93,139,124,125,70,
lightskyblue,93,139,124,176,70,
lightskyblue,93,139,124,178,70,
lightskyblue,93,139,124,180,70,
lightskyblue,93,139,124,182,70,
lightskyblue,93,139,124,49,70,
lightskyblue,93,139,124,51,70,
lightskyblue,93,139,124,53,70,
lightskyblue,93,139,124,55,70,
lightskyblue,93,139,124,57,70,
lightskyblue,93,139,124,59,70,
lightskyblue,93,139,124,61,70,
lightskyblue,93,139,124,63,70,
lightskyblue,137,139,123,175,189,
lightskyblue,137,139,175,125,189,
lightskyblue,137,139,175,176,189,
lightskyblue,137,139,175,178,189,
lightskyblue,137,139,175,180,189,
lightskyblue,137,139,175,182,189,
lightskyblue,137,139,175,49,189,
lightskyblue,137,139,175,51,189,
lightskyblue,137,139,175,53,189,
lightskyblue,137,139,175,55,189,
lightskyblue,137,139,175,57,189,
lightskyblue,137,139,175,59,189,
lightskyblue,137,139,175,61,189,
lightskyblue,137,139,175,63,189,
lightskyblue,122,139,123,126,99,
lightskyblue,122,139,174,126,99,
lightskyblue,122,139,126,176,99,
lightskyblue,122,139,126,178,99,
lightskyblue,122,139,126,180,99,
lightskyblue,122,139,126,182,99,
lightskyblue,122,139,126,49,99,
lightskyblue,122,139,126,51,99,
lightskyblue,122,139,126,53,99,
lightskyblue,122,139,126,55,99,
lightskyblue,122,139,126,57,99,
lightskyblue,122,139,126,59,99,
lightskyblue,122,139,126,61,99,
lightskyblue,122,139,126,63,99,
lightskyblue,146,139,123,177,211,
lightskyblue,146,139,174,177,211,
lightskyblue,146,139,125,177,211,
lightskyblue,146,139,177,178,211,
lightskyblue,146,139,177,180,211,
lightskyblue,146,139,177,182,211,
lightskyblue,146,139,177,49,211,
lightskyblue,146,139,177,51,211,
lightskyblue,146,139,177,53,211,
lightskyblue,146,139,177,55,211,
lightskyblue,146,139,177,57,211,
lightskyblue,146,139,177,59,211,
lightskyblue,146,139,177,61,211,
lightskyblue,146,139,177,63,211,
lightskyblue,155,139,123,179,233,
lightskyblue,155,139,174,179,233,
lightskyblue,155,139,125,179,233,
lightskyblue,155,139,176,179,233,
lightskyblue,155,139,179,180,233,
lightskyblue,155,139,179,182,233,
lightskyblue,155,139,179,49,233,
lightskyblue,155,139,179,51,233,
lightskyblue,155,139,179,53,233,
lightskyblue,155,139,179,55,233,
lightskyblue,155,139,179,57,233,
lightskyblue,155,139,179,59,233,
lightskyblue,155,139,179,61,233,
lightskyblue,155,139,179,63,233,
lightskyblue,162,139,123,181,255,
lightskyblue,162,139,174,181,255,
lightskyblue,162,139,125,181,255,
lightskyblue,162,139,176,181,255,
lightskyblue,162,139,178,181,255,
lightskyblue,162,139,181,182,255,
lightskyblue,162,139,181,49,255,
lightskyblue,162,139,181,51,255,
lightskyblue,162,139,181,53,255,
lightskyblue,162,139,181,55,255,
lightskyblue,162,139,181,57,255,
lightskyblue,162,139,181,59,255,
lightskyblue,162,139,181,61,255,
lightskyblue,162,139,181,63,255,
lightskyblue,173,139,123,183,277,
lightskyblue,173,139,174,183,277,
lightskyblue,173,139,125,183,277,
lightskyblue,173,139,176,183,277,
lightskyblue,173,139,178,183,277,
lightskyblue,173,139,180,183,277,
lightskyblue,173,139,183,49,277,
lightskyblue,173,139,183,51,277,
lightskyblue,173,139,183,53,277,
lightskyblue,173,139,183,55,277,
lightskyblue,173,139,183,57,277,
lightskyblue,173,139,183,59,277,
lightskyblue,173,139,183,61,277,
lightskyblue,173,139,183,63,277,
lightskyblue,93,148,124,174,71,
lightskyblue,93,148,124,125,71,
lightskyblue,93,148,124,176,71,
lightskyblue,93,148,124,178,71,
lightskyblue,93,148,124,180,71,
lightskyblue,93,148,124,182,71,
lightskyblue,93,148,124,49,71,
lightskyblue,93,148,124,51,71,
lightskyblue,93,148,124,53,71,
lightskyblue,93,148,124,55,71,
lightskyblue,93,148,124,57,71,
lightskyblue,93,148,124,59,71,
lightskyblue,93,148,124,61,71,
lightskyblue,93,148,124,63,71,
lightskyblue,137,148,123,175,190,
lightskyblue,137,148,175,125,190,
lightskyblue,137,148,175,176,190,
lightskyblue,137,148,175,178,190,
lightskyblue,137,148,175,180,190,
lightskyblue,137,148,175,182,190,
lightskyblue,137,148,175,49,190,
lightskyblue,137,148,175,51,190,
lightskyblue,137,148,175,53,190,
lightskyblue,137,148,175,55,190,
lightskyblue,137,148,175,57,190,
lightskyblue,137,148,175,59,190,
lightskyblue,137,148,175,61,190,
lightskyblue,137,148,175,63,190,
lightskyblue,122,148,123,126,100,
lightskyblue,122,148,174,126,100,
lightskyblue,122,148,126,176,100,
lightskyblue,122,148,126,178,100,
lightskyblue,122,148,126,180,100,
lightskyblue,122,148,126,182,100,
lightskyblue,122,148,126,49,100,
lightskyblue,122,148,126,51,100,
lightskyblue,122,148,126,53,100,
lightskyblue,122,148,126,55,100,
lightskyblue,122,148,126,57,100,
lightskyblue,122,148,126,59,100,
lightskyblue,122,148,126,61,100,
lightskyblue,122,148,126,63,100,
lightskyblue,146,148,123,177,212,
lightskyblue,146,148,174,177,212,
lightskyblue,146,148,125,177,212,
lightskyblue,146,148,177,178,212,
lightskyblue,146,148,177,180,212,
lightskyblue,146,148,177,182,212,
lightskyblue,146,148,177,49,212,
lightskyblue,146,148,177,51,212,
lightskyblue,146,148,177,53,212,
lightskyblue,146,148,177,55,212,
lightskyblue,146,148,177,57,212,
lightskyblue,146,148,177,59,212,
lightskyblue,146,148,177,61,212,
lightskyblue,146,148,177,63,212,
lightskyblue,155,148,123,179,234,
lightskyblue,155,148,174,179,234,
lightskyblue,155,148,125,179,234,
lightskyblue,155,148,176,179,234,
lightskyblue,155,148,179,180,234,
lightskyblue,155,148,179,182,234,
lightskyblue,155,148,179,49,234,
lightskyblue,155,148,179,51,234,
lightskyblue,155,148,179,53,234,
lightskyblue,155,148,179,55,234,
lightskyblue,155,148,179,57,234,
lightskyblue,155,148,179,59,234,
lightskyblue,155,148,179,61,234,
lightskyblue,155,148,179,63,234,
lightskyblue,162,148,123,181,256,
lightskyblue,162,148,174,181,256,
lightskyblue,162,148,125,181,256,
lightskyblue,162,148,176,181,256,
lightskyblue,162,148,178,181,256,
lightskyblue,162,148,181,182,256,
lightskyblue,162,148,181,49,256,
lightskyblue,162,148,181,51,256,
lightskyblue,162,148,181,53,256,
lightskyblue,162,148,181,55,256,
lightskyblue,162,148,181,57,256,
lightskyblue,162,148,181,59,256,
lightskyblue,162,148,181,61,256,
lightskyblue,162,148,181,63,256,
lightskyblue,173,148,123,183,278,
lightskyblue,173,148,174,183,278,
lightskyblue,173,148,125,183,278,
lightskyblue,173,148,176,183,278,
lightskyblue,173,148,178,183,278,
lightskyblue,173,148,180,183,278,
lightskyblue,173,148,183,49,278,
lightskyblue,173,148,183,51,278,
lightskyblue,173,148,183,53,278,
lightskyblue,173,148,183,55,278,
lightskyblue,173,148,183,57,278,
lightskyblue,173,148,183,59,278,
lightskyblue,173,148,183,61,278,
lightskyblue,173,148,183,63,278,
lightskyblue,93,166,124,174,72,
lightskyblue,93,166,124,125,72,
lightskyblue,93,166,124,176,72,
lightskyblue,93,166,124,178,72,
lightskyblue,93,166,124,180,72,
lightskyblue,93,166,124,182,72,
lightskyblue,93,166,124,49,72,
lightskyblue,93,166,124,51,72,
lightskyblue,93,166,124,53,72,
lightskyblue,93,166,124,55,72,
lightskyblue,93,166,124,57,72,
lightskyblue,93,166,124,59,72,
lightskyblue,93,166,124,61,72,
lightskyblue,93,166,124,63,72,
lightskyblue,137,166,123,175,191,
lightskyblue,137,166,175,125,191,
lightskyblue,137,166,175,176,191,
lightskyblue,137,166,175,178,191,
lightskyblue,137,166,175,180,191,
lightskyblue,137,166,175,182,191,
lightskyblue,137,166,175,49,191,
lightskyblue,137,166,175,51,191,
lightskyblue,137,166,175,53,191,
lightskyblue,137,166,175,55,191,
lightskyblue,137,166,175,57,191,
lightskyblue,137,166,175,59,191,
lightskyblue,137,166,175,61,191,
lightskyblue,137,166,175,63,191,
lightskyblue,122,166,123,126,101,
lightskyblue,122,166,174,126,101,
lightskyblue,122,166,126,176,101,
lightskyblue,122,166,126,178,101,
lightskyblue,122,166,126,180,101,
lightskyblue,122,166,126,182,101,
lightskyblue,122,166,126,49,101,
lightskyblue,122,166,126,51,101,
lightskyblue,122,166,126,53,101,
lightskyblue,122,166,126,55,101,
lightskyblue,122,166,126,57,101,
lightskyblue,122,166,126,59,101,
lightskyblue,122,166,126,61,101,
lightskyblue,122,166,126,63,101,
lightskyblue,146,166,123,177,213,
lightskyblue,146,166,174,177,213,
lightskyblue,146,166,125,177,213,
lightskyblue,146,166,177,178,213,
lightskyblue,146,166,177,180,213,
lightskyblue,146,166,177,182,213,
lightskyblue,146,166,177,49,213,
lightskyblue,146,166,177,51,213,
lightskyblue,146,166,177,53,213,
lightskyblue,146,166,177,55,213,
lightskyblue,146,166,177,57,213,
lightskyblue,146,166,177,59,213,
lightskyblue,146,166,177,61,213,
lightskyblue,146,166,177,63,213,
lightskyblue,155,166,123,179,235,
lightskyblue,155,166,174,179,235,
lightskyblue,155,166,125,179,235,
lightskyblue,155,166,176,179,235,
lightskyblue,155,166,179,180,235,
lightskyblue,155,166,179,182,235,
lightskyblue,155,166,179,49,235,
lightskyblue,155,166,179,51,235,
lightskyblue,155,166,179,53,235,
lightskyblue,155,166,179,55,235,
lightskyblue,155,166,179,57,235,
lightskyblue,155,166,179,59,235,
lightskyblue,155,166,179,61,235,
lightskyblue,155,166,179,63,235,
lightskyblue,162,166,123,181,257,
lightskyblue,162,166,174,181,257,
lightskyblue,162,166,125,181,257,
lightskyblue,162,166,176,181,257,
lightskyblue,162,166,178,181,257,
lightskyblue,162,166,181,182,257,
lightskyblue,162,166,181,49,257,
lightskyblue,162,166,181,51,257,
lightskyblue,162,166,181,53,257,
lightskyblue,162,166,181,55,257,
lightskyblue,162,166,181,57,257,
lightskyblue,162,166,181,59,257,
lightskyblue,162,166,181,61,257,
lightskyblue,162,166,181,63,257,
lightskyblue,173,166,123,183,279,
lightskyblue,173,166,174,183,279,
lightskyblue,173,166,125,183,279,
lightskyblue,173,166,176,183,279,
lightskyblue,173,166,178,183,279,
lightskyblue,173,166,180,183,279,
lightskyblue,173,166,183,49,279,
lightskyblue,173,166,183,51,279,
lightskyblue,173,166,183,53,279,
lightskyblue,173,166,183,55,279,
lightskyblue,173,166,183,57,279,
lightskyblue,173,166,183,59,279,
lightskyblue,173,166,183,61,279,
lightskyblue,173,166,183,63,279,
lightskyblue,127,65,
lightskyblue,127,66,
lightskyblue,127,184,
lightskyblue,127,185,
lightskyblue,127,94,
lightskyblue,127,95,
lightskyblue,127,206,
lightskyblue,127,207,
lightskyblue,127,228,
lightskyblue,127,229,
lightskyblue,127,250,
lightskyblue,127,251,
lightskyblue,127,272,
lightskyblue,127,273,
lightskyblue,163,65,
lightskyblue,163,66,
lightskyblue,163,184,
lightskyblue,163,185,
lightskyblue,163,94,
lightskyblue,163,95,
lightskyblue,163,206,
lightskyblue,163,207,
lightskyblue,163,228,
lightskyblue,163,229,
lightskyblue,163,250,
lightskyblue,163,251,
lightskyblue,163,272,
lightskyblue,163,273,
lightskyblue,129,65,
lightskyblue,129,66,
lightskyblue,129,184,
lightskyblue,129,185,
lightskyblue,129,94,
lightskyblue,129,95,
lightskyblue,129,206,
lightskyblue,129,207,
lightskyblue,129,228,
lightskyblue,129,229,
lightskyblue,129,250,
lightskyblue,129,251,
lightskyblue,129,272,
lightskyblue,129,273,
lightskyblue,138,65,
lightskyblue,138,66,
lightskyblue,138,184,
lightskyblue,138,185,
lightskyblue,138,94,
lightskyblue,138,95,
lightskyblue,138,206,
lightskyblue,138,207,
lightskyblue,138,228,
lightskyblue,138,229,
lightskyblue,138,250,
lightskyblue,138,251,
lightskyblue,138,272,
lightskyblue,138,273,
lightskyblue,147,65,
lightskyblue,147,66,
lightskyblue,147,184,
lightskyblue,147,185,
lightskyblue,147,94,
lightskyblue,147,95,
lightskyblue,147,206,
lightskyblue,147,207,
lightskyblue,147,228,
lightskyblue,147,229,
lightskyblue,147,250,
lightskyblue,147,251,
lightskyblue,147,272,
lightskyblue,147,273,
lightskyblue,165,65,
lightskyblue,165,66,
lightskyblue,165,184,
lightskyblue,165,185,
lightskyblue,165,94,
lightskyblue,165,95,
lightskyblue,165,206,
lightskyblue,165,207,
lightskyblue,165,228,
lightskyblue,165,229,
lightskyblue,165,250,
lightskyblue,165,251,
lightskyblue,165,272,
lightskyblue,165,273,
lightskyblue,128,67,
lightskyblue,128,67,
lightskyblue,128,186,
lightskyblue,128,186,
lightskyblue,128,96,
lightskyblue,128,96,
lightskyblue,128,208,
lightskyblue,128,208,
lightskyblue,128,230,
lightskyblue,128,230,
lightskyblue,128,252,
lightskyblue,128,252,
lightskyblue,128,274,
lightskyblue,128,274,
lightskyblue,164,68,
lightskyblue,164,68,
lightskyblue,164,187,
lightskyblue,164,187,
lightskyblue,164,97,
lightskyblue,164,97,
lightskyblue,164,209,
lightskyblue,164,209,
lightskyblue,164,231,
lightskyblue,164,231,
lightskyblue,164,253,
lightskyblue,164,253,
lightskyblue,164,275,
lightskyblue,164,275,
lightskyblue,130,69,
lightskyblue,130,69,
lightskyblue,130,188,
lightskyblue,130,188,
lightskyblue,130,98,
lightskyblue,130,98,
lightskyblue,130,210,
lightskyblue,130,210,
lightskyblue,130,232,
lightskyblue,130,232,
lightskyblue,130,254,
lightskyblue,130,254,
lightskyblue,130,276,
lightskyblue,130,276,
lightskyblue,139,70,
lightskyblue,139,70,
lightskyblue,139,189,
lightskyblue,139,189,
lightskyblue,139,99,
lightskyblue,139,99,
lightskyblue,139,211,
lightskyblue,139,211,
lightskyblue,139,233,
lightskyblue,139,233,
lightskyblue,139,255,
lightskyblue,139,255,
lightskyblue,139,277,
lightskyblue,139,277,
lightskyblue,148,71,
lightskyblue,148,71,
lightskyblue,148,190,
lightskyblue,148,190,
lightskyblue,148,100,
lightskyblue,148,100,
lightskyblue,148,212,
lightskyblue,148,212,
lightskyblue,148,234,
lightskyblue,148,234,
lightskyblue,148,256,
lightskyblue,148,256,
lightskyblue,148,278,
lightskyblue,148,278,
lightskyblue,166,72,
lightskyblue,166,72,
lightskyblue,166,191,
lightskyblue,166,191,
lightskyblue,166,101,
lightskyblue,166,101,
lightskyblue,166,213,
lightskyblue,166,213,
lightskyblue,166,235,
lightskyblue,166,235,
lightskyblue,166,257,
lightskyblue,166,257,
lightskyblue,166,279,
lightskyblue,166,279,
