green,
green,
green,
green,
green,
green,
green,
green,
green,
green,
green,
green,
green,
green,
green,
green,
green,
green,
green,
green,
green,
green,
green,
green,
green,
green,
green,
green,
green,
gold,0,213,214,215,216,724,726,728,730,732,794,796,798,800,802,
gold,0,217,218,219,220,734,736,738,740,742,774,776,778,780,782,804,806,808,810,812,844,846,848,850,852,
gold,0,221,222,223,224,744,746,748,750,752,784,786,788,790,792,814,816,818,820,822,854,856,858,860,862,
gold,0,225,226,227,228,754,756,758,760,762,824,826,828,830,832,
gold,0,229,230,231,232,764,766,768,770,772,834,836,838,840,842,
gold,1,193,194,195,196,723,725,727,729,731,793,795,797,799,801,
gold,1,197,198,199,200,733,735,737,739,741,773,775,777,779,781,803,805,807,809,811,843,845,847,849,851,
gold,1,201,202,203,204,743,745,747,749,751,783,785,787,789,791,813,815,817,819,821,853,855,857,859,861,
gold,1,205,206,207,208,753,755,757,759,761,823,825,827,829,831,
gold,1,209,210,211,212,763,765,767,769,771,833,835,837,839,841,
gold,2,237,242,247,252,257,
gold,2,
gold,3,312,317,322,327,332,
gold,3,
gold,4,337,342,347,352,357,
gold,4,
gold,5,262,267,272,277,282,362,367,372,377,382,
gold,5,
gold,6,287,292,297,302,307,387,392,397,402,407,
gold,6,
gold,7,408,409,410,411,412,413,414,415,416,417,418,419,420,421,422,423,424,425,426,427,428,429,430,431,432,433,434,435,436,437,438,439,440,441,442,443,444,445,446,447,448,449,450,451,452,793,794,795,796,797,798,799,800,801,802,
gold,7,
gold,8,543,544,545,546,547,548,549,550,551,552,553,554,555,556,557,558,559,560,561,562,563,564,565,566,567,568,569,570,571,572,573,574,575,576,577,578,579,580,581,582,583,584,585,586,587,823,824,825,826,827,828,829,830,831,832,
gold,8,
gold,9,588,589,590,591,592,593,594,595,596,597,598,599,600,601,602,603,604,605,606,607,608,609,610,611,612,613,614,615,616,617,618,619,620,621,622,623,624,625,626,627,628,629,630,631,632,833,834,835,836,837,838,839,840,841,842,
gold,9,
gold,10,453,454,455,456,457,458,459,460,461,462,463,464,465,466,467,468,469,470,471,472,473,474,475,476,477,478,479,480,481,482,483,484,485,486,487,488,489,490,491,492,493,494,495,496,497,803,804,805,806,807,808,809,810,811,812,
gold,10,
gold,11,801,811,821,831,841,851,861,
gold,11,802,812,822,832,842,852,862,
gold,11,253,254,255,256,257,731,732,
gold,11,278,279,280,281,282,741,742,
gold,11,303,304,305,306,307,751,752,
gold,11,328,329,330,331,332,761,762,
gold,11,353,354,355,356,357,771,772,
gold,11,378,379,380,381,382,781,782,
gold,11,403,404,405,406,407,791,792,
gold,11,444,489,534,579,624,669,714,
gold,11,445,490,535,580,625,670,715,
gold,11,446,491,536,581,626,671,716,
gold,11,447,492,537,582,627,672,717,
gold,11,448,493,538,583,628,673,718,
gold,11,449,494,539,584,629,674,719,
gold,11,450,495,540,585,630,675,720,
gold,11,451,496,541,586,631,676,721,
gold,11,452,497,542,587,632,677,722,
gold,12,236,241,246,251,444,445,446,447,448,449,450,451,452,
gold,12,261,266,271,276,361,366,371,376,489,490,491,492,493,494,495,496,497,669,670,671,672,673,674,675,676,677,
gold,12,286,291,296,301,386,391,396,401,534,535,536,537,538,539,540,541,542,714,715,716,717,718,719,720,721,722,
gold,12,311,316,321,326,579,580,581,582,583,584,585,586,587,
gold,12,336,341,346,351,624,625,626,627,628,629,630,631,632,
gold,12,
gold,13,498,499,500,501,502,503,504,505,506,507,508,509,510,511,512,513,514,515,516,517,518,519,520,521,522,523,524,525,526,527,528,529,530,531,532,533,534,535,536,537,538,539,540,541,542,813,814,815,816,817,818,819,820,821,822,
gold,13,
gold,14,633,634,635,636,637,638,639,640,641,642,643,644,645,646,647,648,649,650,651,652,653,654,655,656,657,658,659,660,661,662,663,664,665,666,667,668,669,670,671,672,673,674,675,676,677,843,844,845,846,847,848,849,850,851,852,
gold,14,
gold,15,236,241,246,251,261,266,271,276,286,291,296,301,311,316,321,326,336,341,346,351,361,366,371,376,386,391,396,401,444,445,446,447,448,449,450,451,452,489,490,491,492,493,494,495,496,497,534,535,536,537,538,539,540,541,542,579,580,581,582,583,584,585,586,587,624,625,626,627,628,629,630,631,632,669,670,671,672,673,674,675,676,677,714,715,716,717,718,719,720,721,722,
gold,15,
gold,16,678,679,680,681,682,683,684,685,686,687,688,689,690,691,692,693,694,695,696,697,698,699,700,701,702,703,704,705,706,707,708,709,710,711,712,713,714,715,716,717,718,719,720,721,722,853,854,855,856,857,858,859,860,861,862,
gold,16,
gold,17,238,243,248,253,408,409,410,411,412,413,414,415,416,
gold,17,263,268,273,278,363,368,373,378,453,454,455,456,457,458,459,460,461,633,634,635,636,637,638,639,640,641,
gold,17,288,293,298,303,388,393,398,403,498,499,500,501,502,503,504,505,506,678,679,680,681,682,683,684,685,686,
gold,17,313,318,323,328,543,544,545,546,547,548,549,550,551,
gold,17,338,343,348,353,588,589,590,591,592,593,594,595,596,
gold,17,
gold,18,233,244,249,254,417,418,419,420,421,422,423,424,425,
gold,18,258,269,274,279,358,369,374,379,462,463,464,465,466,467,468,469,470,642,643,644,645,646,647,648,649,650,
gold,18,283,294,299,304,383,394,399,404,507,508,509,510,511,512,513,514,515,687,688,689,690,691,692,693,694,695,
gold,18,308,319,324,329,552,553,554,555,556,557,558,559,560,
gold,18,333,344,349,354,597,598,599,600,601,602,603,604,605,
gold,18,
gold,19,234,239,250,255,426,427,428,429,430,431,432,433,434,
gold,19,259,264,275,280,359,364,375,380,471,472,473,474,475,476,477,478,479,651,652,653,654,655,656,657,658,659,
gold,19,284,289,300,305,384,389,400,405,516,517,518,519,520,521,522,523,524,696,697,698,699,700,701,702,703,704,
gold,19,309,314,325,330,561,562,563,564,565,566,567,568,569,
gold,19,334,339,350,355,606,607,608,609,610,611,612,613,614,
gold,19,
gold,20,235,240,245,256,435,436,437,438,439,440,441,442,443,
gold,20,260,265,270,281,360,365,370,381,480,481,482,483,484,485,486,487,488,660,661,662,663,664,665,666,667,668,
gold,20,285,290,295,306,385,390,395,406,525,526,527,528,529,530,531,532,533,705,706,707,708,709,710,711,712,713,
gold,20,310,315,320,331,570,571,572,573,574,575,576,577,578,
gold,20,335,340,345,356,615,616,617,618,619,620,621,622,623,
gold,20,
gold,21,238,243,248,253,263,268,273,278,288,293,298,303,313,318,323,328,338,343,348,353,363,368,373,378,388,393,398,403,408,409,410,411,412,413,414,415,416,453,454,455,456,457,458,459,460,461,498,499,500,501,502,503,504,505,506,543,544,545,546,547,548,549,550,551,588,589,590,591,592,593,594,595,596,633,634,635,636,637,638,639,640,641,678,679,680,681,682,683,684,685,686,
gold,21,
gold,22,233,244,249,254,258,269,274,279,283,294,299,304,308,319,324,329,333,344,349,354,358,369,374,379,383,394,399,404,417,418,419,420,421,422,423,424,425,462,463,464,465,466,467,468,469,470,507,508,509,510,511,512,513,514,515,552,553,554,555,556,557,558,559,560,597,598,599,600,601,602,603,604,605,642,643,644,645,646,647,648,649,650,687,688,689,690,691,692,693,694,695,
gold,22,
gold,23,234,239,250,255,259,264,275,280,284,289,300,305,309,314,325,330,334,339,350,355,359,364,375,380,384,389,400,405,426,427,428,429,430,431,432,433,434,471,472,473,474,475,476,477,478,479,516,517,518,519,520,521,522,523,524,561,562,563,564,565,566,567,568,569,606,607,608,609,610,611,612,613,614,651,652,653,654,655,656,657,658,659,696,697,698,699,700,701,702,703,704,
gold,23,
gold,24,235,240,245,256,260,265,270,281,285,290,295,306,310,315,320,331,335,340,345,356,360,365,370,381,385,390,395,406,435,436,437,438,439,440,441,442,443,480,481,482,483,484,485,486,487,488,525,526,527,528,529,530,531,532,533,570,571,572,573,574,575,576,577,578,615,616,617,618,619,620,621,622,623,660,661,662,663,664,665,666,667,668,705,706,707,708,709,710,711,712,713,
gold,24,
gold,25,793,803,813,823,833,843,853,
gold,25,794,804,814,824,834,844,854,
gold,25,233,234,235,236,237,723,724,
gold,25,258,259,260,261,262,733,734,
gold,25,283,284,285,286,287,743,744,
gold,25,308,309,310,311,312,753,754,
gold,25,333,334,335,336,337,763,764,
gold,25,358,359,360,361,362,773,774,
gold,25,383,384,385,386,387,783,784,
gold,25,408,453,498,543,588,633,678,
gold,25,409,454,499,544,589,634,679,
gold,25,410,455,500,545,590,635,680,
gold,25,411,456,501,546,591,636,681,
gold,25,412,457,502,547,592,637,682,
gold,25,413,458,503,548,593,638,683,
gold,25,414,459,504,549,594,639,684,
gold,25,415,460,505,550,595,640,685,
red,25,416,461,506,551,596,641,686,
gold,26,795,805,815,825,835,845,855,
gold,26,796,806,816,826,836,846,856,
gold,26,238,239,240,241,242,725,726,
gold,26,263,264,265,266,267,735,736,
gold,26,288,289,290,291,292,745,746,
gold,26,313,314,315,316,317,755,756,
gold,26,338,339,340,341,342,765,766,
gold,26,363,364,365,366,367,775,776,
gold,26,388,389,390,391,392,785,786,
gold,26,417,462,507,552,597,642,687,
gold,26,418,463,508,553,598,643,688,
gold,26,419,464,509,554,599,644,689,
gold,26,420,465,510,555,600,645,690,
gold,26,421,466,511,556,601,646,691,
red,26,422,467,512,557,602,647,692,
gold,26,423,468,513,558,603,648,693,
gold,26,424,469,514,559,604,649,694,
gold,26,425,470,515,560,605,650,695,
gold,27,797,807,817,827,837,847,857,
gold,27,798,808,818,828,838,848,858,
gold,27,243,244,245,246,247,727,728,
gold,27,268,269,270,271,272,737,738,
gold,27,293,294,295,296,297,747,748,
gold,27,318,319,320,321,322,757,758,
gold,27,343,344,345,346,347,767,768,
gold,27,368,369,370,371,372,777,778,
gold,27,393,394,395,396,397,787,788,
gold,27,426,471,516,561,606,651,696,
gold,27,427,472,517,562,607,652,697,
gold,27,428,473,518,563,608,653,698,
gold,27,429,474,519,564,609,654,699,
gold,27,430,475,520,565,610,655,700,
gold,27,431,476,521,566,611,656,701,
red,27,432,477,522,567,612,657,702,
gold,27,433,478,523,568,613,658,703,
gold,27,434,479,524,569,614,659,704,
gold,28,799,809,819,829,839,849,859,
gold,28,800,810,820,830,840,850,860,
gold,28,248,249,250,251,252,729,730,
gold,28,273,274,275,276,277,739,740,
gold,28,298,299,300,301,302,749,750,
gold,28,323,324,325,326,327,759,760,
gold,28,348,349,350,351,352,769,770,
gold,28,373,374,375,376,377,779,780,
gold,28,398,399,400,401,402,789,790,
gold,28,435,480,525,570,615,660,705,
gold,28,436,481,526,571,616,661,706,
gold,28,437,482,527,572,617,662,707,
gold,28,438,483,528,573,618,663,708,
gold,28,439,484,529,574,619,664,709,
gold,28,440,485,530,575,620,665,710,
gold,28,441,486,531,576,621,666,711,
red,28,442,487,532,577,622,667,712,
gold,28,443,488,533,578,623,668,713,
lightskyblue,35,
lightskyblue,36,
lightskyblue,37,
lightskyblue,38,
lightskyblue,34,
lightskyblue,36,
lightskyblue,37,
lightskyblue,38,
lightskyblue,34,
lightskyblue,35,
lightskyblue,37,
lightskyblue,38,
lightskyblue,34,
lightskyblue,35,
lightskyblue,36,
lightskyblue,38,
lightskyblue,34,
lightskyblue,35,
lightskyblue,36,
lightskyblue,37,
lightskyblue,30,
lightskyblue,31,
lightskyblue,32,
lightskyblue,33,
lightskyblue,29,
lightskyblue,31,
lightskyblue,32,
lightskyblue,33,
lightskyblue,29,
lightskyblue,30,
lightskyblue,32,
lightskyblue,33,
lightskyblue,29,
lightskyblue,30,
lightskyblue,31,
lightskyblue,33,
lightskyblue,29,
lightskyblue,30,
lightskyblue,31,
lightskyblue,32,
lightskyblue,89,49,113,116,130,
lightskyblue,89,49,113,118,131,
lightskyblue,89,49,113,120,132,
lightskyblue,89,49,113,86,133,
lightskyblue,89,49,113,40,134,
lightskyblue,95,49,114,115,148,
lightskyblue,95,49,115,118,149,
lightskyblue,95,49,115,120,150,
lightskyblue,95,49,115,86,151,
lightskyblue,95,49,115,40,152,
lightskyblue,101,49,114,117,166,
lightskyblue,101,49,116,117,167,
lightskyblue,101,49,117,120,168,
lightskyblue,101,49,117,86,169,
lightskyblue,101,49,117,40,170,
lightskyblue,107,49,114,119,184,
lightskyblue,107,49,116,119,185,
lightskyblue,107,49,118,119,186,
lightskyblue,107,49,119,86,187,
lightskyblue,107,49,119,40,188,
lightskyblue,75,49,114,85,66,
lightskyblue,75,49,116,85,67,
lightskyblue,75,49,118,85,68,
lightskyblue,75,49,120,85,69,
lightskyblue,75,49,85,40,70,
lightskyblue,90,55,113,116,130,
lightskyblue,90,55,113,118,131,
lightskyblue,90,55,113,120,132,
lightskyblue,90,55,113,86,133,
lightskyblue,90,55,113,46,135,
lightskyblue,96,55,114,115,148,
lightskyblue,96,55,115,118,149,
lightskyblue,96,55,115,120,150,
lightskyblue,96,55,115,86,151,
lightskyblue,96,55,115,46,153,
lightskyblue,102,55,114,117,166,
lightskyblue,102,55,116,117,167,
lightskyblue,102,55,117,120,168,
lightskyblue,102,55,117,86,169,
lightskyblue,102,55,117,46,171,
lightskyblue,108,55,114,119,184,
lightskyblue,108,55,116,119,185,
lightskyblue,108,55,118,119,186,
lightskyblue,108,55,119,86,187,
lightskyblue,108,55,119,46,189,
lightskyblue,76,55,114,85,66,
lightskyblue,76,55,116,85,67,
lightskyblue,76,55,118,85,68,
lightskyblue,76,55,120,85,69,
lightskyblue,76,55,85,46,71,
lightskyblue,91,81,113,116,130,
lightskyblue,91,81,113,118,131,
lightskyblue,91,81,113,120,132,
lightskyblue,91,81,113,86,133,
lightskyblue,91,81,113,48,136,
lightskyblue,97,81,114,115,148,
lightskyblue,97,81,115,118,149,
lightskyblue,97,81,115,120,150,
lightskyblue,97,81,115,86,151,
lightskyblue,97,81,115,48,154,
lightskyblue,103,81,114,117,166,
lightskyblue,103,81,116,117,167,
lightskyblue,103,81,117,120,168,
lightskyblue,103,81,117,86,169,
lightskyblue,103,81,117,48,172,
lightskyblue,109,81,114,119,184,
lightskyblue,109,81,116,119,185,
lightskyblue,109,81,118,119,186,
lightskyblue,109,81,119,86,187,
lightskyblue,109,81,119,48,190,
lightskyblue,77,81,114,85,66,
lightskyblue,77,81,116,85,67,
lightskyblue,77,81,118,85,68,
lightskyblue,77,81,120,85,69,
lightskyblue,77,81,85,48,72,
lightskyblue,92,51,113,116,130,
lightskyblue,92,51,113,118,131,
lightskyblue,92,51,113,120,132,
lightskyblue,92,51,113,86,133,
lightskyblue,92,51,113,42,137,
lightskyblue,98,51,114,115,148,
lightskyblue,98,51,115,118,149,
lightskyblue,98,51,115,120,150,
lightskyblue,98,51,115,86,151,
lightskyblue,98,51,115,42,155,
lightskyblue,104,51,114,117,166,
lightskyblue,104,51,116,117,167,
lightskyblue,104,51,117,120,168,
lightskyblue,104,51,117,86,169,
lightskyblue,104,51,117,42,173,
lightskyblue,110,51,114,119,184,
lightskyblue,110,51,116,119,185,
lightskyblue,110,51,118,119,186,
lightskyblue,110,51,119,86,187,
lightskyblue,110,51,119,42,191,
lightskyblue,78,51,114,85,66,
lightskyblue,78,51,116,85,67,
lightskyblue,78,51,118,85,68,
lightskyblue,78,51,120,85,69,
lightskyblue,78,51,85,42,73,
lightskyblue,93,53,113,116,130,
lightskyblue,93,53,113,118,131,
lightskyblue,93,53,113,120,132,
lightskyblue,93,53,113,86,133,
lightskyblue,93,53,113,44,138,
lightskyblue,99,53,114,115,148,
lightskyblue,99,53,115,118,149,
lightskyblue,99,53,115,120,150,
lightskyblue,99,53,115,86,151,
lightskyblue,99,53,115,44,156,
lightskyblue,105,53,114,117,166,
lightskyblue,105,53,116,117,167,
lightskyblue,105,53,117,120,168,
lightskyblue,105,53,117,86,169,
lightskyblue,105,53,117,44,174,
lightskyblue,111,53,114,119,184,
lightskyblue,111,53,116,119,185,
lightskyblue,111,53,118,119,186,
lightskyblue,111,53,119,86,187,
lightskyblue,111,53,119,44,192,
lightskyblue,79,53,114,85,66,
lightskyblue,79,53,116,85,67,
lightskyblue,79,53,118,85,68,
lightskyblue,79,53,120,85,69,
lightskyblue,79,53,85,44,74,
lightskyblue,90,83,113,116,130,
lightskyblue,90,83,113,118,131,
lightskyblue,90,83,113,120,132,
lightskyblue,90,83,113,86,133,
lightskyblue,90,83,113,46,135,
lightskyblue,96,83,114,115,148,
lightskyblue,96,83,115,118,149,
lightskyblue,96,83,115,120,150,
lightskyblue,96,83,115,86,151,
lightskyblue,96,83,115,46,153,
lightskyblue,102,83,114,117,166,
lightskyblue,102,83,116,117,167,
lightskyblue,102,83,117,120,168,
lightskyblue,102,83,117,86,169,
lightskyblue,102,83,117,46,171,
lightskyblue,108,83,114,119,184,
lightskyblue,108,83,116,119,185,
lightskyblue,108,83,118,119,186,
lightskyblue,108,83,119,86,187,
lightskyblue,108,83,119,46,189,
lightskyblue,76,83,114,85,66,
lightskyblue,76,83,116,85,67,
lightskyblue,76,83,118,85,68,
lightskyblue,76,83,120,85,69,
lightskyblue,76,83,85,46,71,
lightskyblue,91,87,113,116,130,
lightskyblue,91,87,113,118,131,
lightskyblue,91,87,113,120,132,
lightskyblue,91,87,113,86,133,
lightskyblue,91,87,113,48,136,
lightskyblue,97,87,114,115,148,
lightskyblue,97,87,115,118,149,
lightskyblue,97,87,115,120,150,
lightskyblue,97,87,115,86,151,
lightskyblue,97,87,115,48,154,
lightskyblue,103,87,114,117,166,
lightskyblue,103,87,116,117,167,
lightskyblue,103,87,117,120,168,
lightskyblue,103,87,117,86,169,
lightskyblue,103,87,117,48,172,
lightskyblue,109,87,114,119,184,
lightskyblue,109,87,116,119,185,
lightskyblue,109,87,118,119,186,
lightskyblue,109,87,119,86,187,
lightskyblue,109,87,119,48,190,
lightskyblue,77,87,114,85,66,
lightskyblue,77,87,116,85,67,
lightskyblue,77,87,118,85,68,
lightskyblue,77,87,120,85,69,
lightskyblue,77,87,85,48,72,
lightskyblue,94,50,114,115,123,
lightskyblue,94,50,114,117,123,
lightskyblue,94,50,114,119,123,
lightskyblue,94,50,114,85,123,
lightskyblue,94,50,114,39,123,
lightskyblue,94,50,114,45,123,
lightskyblue,94,50,114,47,123,
lightskyblue,94,50,114,41,123,
lightskyblue,94,50,114,43,123,
lightskyblue,100,50,113,116,141,
lightskyblue,100,50,116,117,141,
lightskyblue,100,50,116,119,141,
lightskyblue,100,50,116,85,141,
lightskyblue,100,50,116,39,141,
lightskyblue,100,50,116,45,141,
lightskyblue,100,50,116,47,141,
lightskyblue,100,50,116,41,141,
lightskyblue,100,50,116,43,141,
lightskyblue,106,50,113,118,159,
lightskyblue,106,50,115,118,159,
lightskyblue,106,50,118,119,159,
lightskyblue,106,50,118,85,159,
lightskyblue,106,50,118,39,159,
lightskyblue,106,50,118,45,159,
lightskyblue,106,50,118,47,159,
lightskyblue,106,50,118,41,159,
lightskyblue,106,50,118,43,159,
lightskyblue,112,50,113,120,177,
lightskyblue,112,50,115,120,177,
lightskyblue,112,50,117,120,177,
lightskyblue,112,50,120,85,177,
lightskyblue,112,50,120,39,177,
lightskyblue,112,50,120,45,177,
lightskyblue,112,50,120,47,177,
lightskyblue,112,50,120,41,177,
lightskyblue,112,50,120,43,177,
lightskyblue,80,50,113,86,59,
lightskyblue,80,50,115,86,59,
lightskyblue,80,50,117,86,59,
lightskyblue,80,50,119,86,59,
lightskyblue,80,50,86,39,59,
lightskyblue,80,50,86,45,59,
lightskyblue,80,50,86,47,59,
lightskyblue,80,50,86,41,59,
lightskyblue,80,50,86,43,59,
lightskyblue,94,56,114,115,124,
lightskyblue,94,56,114,117,124,
lightskyblue,94,56,114,119,124,
lightskyblue,94,56,114,85,124,
lightskyblue,94,56,114,39,124,
lightskyblue,94,56,114,45,124,
lightskyblue,94,56,114,47,124,
lightskyblue,94,56,114,41,124,
lightskyblue,94,56,114,43,124,
lightskyblue,100,56,113,116,142,
lightskyblue,100,56,116,117,142,
lightskyblue,100,56,116,119,142,
lightskyblue,100,56,116,85,142,
lightskyblue,100,56,116,39,142,
lightskyblue,100,56,116,45,142,
lightskyblue,100,56,116,47,142,
lightskyblue,100,56,116,41,142,
lightskyblue,100,56,116,43,142,
lightskyblue,106,56,113,118,160,
lightskyblue,106,56,115,118,160,
lightskyblue,106,56,118,119,160,
lightskyblue,106,56,118,85,160,
lightskyblue,106,56,118,39,160,
lightskyblue,106,56,118,45,160,
lightskyblue,106,56,118,47,160,
lightskyblue,106,56,118,41,160,
lightskyblue,106,56,118,43,160,
lightskyblue,112,56,113,120,178,
lightskyblue,112,56,115,120,178,
lightskyblue,112,56,117,120,178,
lightskyblue,112,56,120,85,178,
lightskyblue,112,56,120,39,178,
lightskyblue,112,56,120,45,178,
lightskyblue,112,56,120,47,178,
lightskyblue,112,56,120,41,178,
lightskyblue,112,56,120,43,178,
lightskyblue,80,56,113,86,60,
lightskyblue,80,56,115,86,60,
lightskyblue,80,56,117,86,60,
lightskyblue,80,56,119,86,60,
lightskyblue,80,56,86,39,60,
lightskyblue,80,56,86,45,60,
lightskyblue,80,56,86,47,60,
lightskyblue,80,56,86,41,60,
lightskyblue,80,56,86,43,60,
lightskyblue,94,82,114,115,125,
lightskyblue,94,82,114,117,125,
lightskyblue,94,82,114,119,125,
lightskyblue,94,82,114,85,125,
lightskyblue,94,82,114,39,125,
lightskyblue,94,82,114,45,125,
lightskyblue,94,82,114,47,125,
lightskyblue,94,82,114,41,125,
lightskyblue,94,82,114,43,125,
lightskyblue,100,82,113,116,143,
lightskyblue,100,82,116,117,143,
lightskyblue,100,82,116,119,143,
lightskyblue,100,82,116,85,143,
lightskyblue,100,82,116,39,143,
lightskyblue,100,82,116,45,143,
lightskyblue,100,82,116,47,143,
lightskyblue,100,82,116,41,143,
lightskyblue,100,82,116,43,143,
lightskyblue,106,82,113,118,161,
lightskyblue,106,82,115,118,161,
lightskyblue,106,82,118,119,161,
lightskyblue,106,82,118,85,161,
lightskyblue,106,82,118,39,161,
lightskyblue,106,82,118,45,161,
lightskyblue,106,82,118,47,161,
lightskyblue,106,82,118,41,161,
lightskyblue,106,82,118,43,161,
lightskyblue,112,82,113,120,179,
lightskyblue,112,82,115,120,179,
lightskyblue,112,82,117,120,179,
lightskyblue,112,82,120,85,179,
lightskyblue,112,82,120,39,179,
lightskyblue,112,82,120,45,179,
lightskyblue,112,82,120,47,179,
lightskyblue,112,82,120,41,179,
lightskyblue,112,82,120,43,179,
lightskyblue,80,82,113,86,61,
lightskyblue,80,82,115,86,61,
lightskyblue,80,82,117,86,61,
lightskyblue,80,82,119,86,61,
lightskyblue,80,82,86,39,61,
lightskyblue,80,82,86,45,61,
lightskyblue,80,82,86,47,61,
lightskyblue,80,82,86,41,61,
lightskyblue,80,82,86,43,61,
lightskyblue,94,52,114,115,126,
lightskyblue,94,52,114,117,126,
lightskyblue,94,52,114,119,126,
lightskyblue,94,52,114,85,126,
lightskyblue,94,52,114,39,126,
lightskyblue,94,52,114,45,126,
lightskyblue,94,52,114,47,126,
lightskyblue,94,52,114,41,126,
lightskyblue,94,52,114,43,126,
lightskyblue,100,52,113,116,144,
lightskyblue,100,52,116,117,144,
lightskyblue,100,52,116,119,144,
lightskyblue,100,52,116,85,144,
lightskyblue,100,52,116,39,144,
lightskyblue,100,52,116,45,144,
lightskyblue,100,52,116,47,144,
lightskyblue,100,52,116,41,144,
lightskyblue,100,52,116,43,144,
lightskyblue,106,52,113,118,162,
lightskyblue,106,52,115,118,162,
lightskyblue,106,52,118,119,162,
lightskyblue,106,52,118,85,162,
lightskyblue,106,52,118,39,162,
lightskyblue,106,52,118,45,162,
lightskyblue,106,52,118,47,162,
lightskyblue,106,52,118,41,162,
lightskyblue,106,52,118,43,162,
lightskyblue,112,52,113,120,180,
lightskyblue,112,52,115,120,180,
lightskyblue,112,52,117,120,180,
lightskyblue,112,52,120,85,180,
lightskyblue,112,52,120,39,180,
lightskyblue,112,52,120,45,180,
lightskyblue,112,52,120,47,180,
lightskyblue,112,52,120,41,180,
lightskyblue,112,52,120,43,180,
lightskyblue,80,52,113,86,62,
lightskyblue,80,52,115,86,62,
lightskyblue,80,52,117,86,62,
lightskyblue,80,52,119,86,62,
lightskyblue,80,52,86,39,62,
lightskyblue,80,52,86,45,62,
lightskyblue,80,52,86,47,62,
lightskyblue,80,52,86,41,62,
lightskyblue,80,52,86,43,62,
lightskyblue,94,54,114,115,127,
lightskyblue,94,54,114,117,127,
lightskyblue,94,54,114,119,127,
lightskyblue,94,54,114,85,127,
lightskyblue,94,54,114,39,127,
lightskyblue,94,54,114,45,127,
lightskyblue,94,54,114,47,127,
lightskyblue,94,54,114,41,127,
lightskyblue,94,54,114,43,127,
lightskyblue,100,54,113,116,145,
lightskyblue,100,54,116,117,145,
lightskyblue,100,54,116,119,145,
lightskyblue,100,54,116,85,145,
lightskyblue,100,54,116,39,145,
lightskyblue,100,54,116,45,145,
lightskyblue,100,54,116,47,145,
lightskyblue,100,54,116,41,145,
lightskyblue,100,54,116,43,145,
lightskyblue,106,54,113,118,163,
lightskyblue,106,54,115,118,163,
lightskyblue,106,54,118,119,163,
lightskyblue,106,54,118,85,163,
lightskyblue,106,54,118,39,163,
lightskyblue,106,54,118,45,163,
lightskyblue,106,54,118,47,163,
lightskyblue,106,54,118,41,163,
lightskyblue,106,54,118,43,163,
lightskyblue,112,54,113,120,181,
lightskyblue,112,54,115,120,181,
lightskyblue,112,54,117,120,181,
lightskyblue,112,54,120,85,181,
lightskyblue,112,54,120,39,181,
lightskyblue,112,54,120,45,181,
lightskyblue,112,54,120,47,181,
lightskyblue,112,54,120,41,181,
lightskyblue,112,54,120,43,181,
lightskyblue,80,54,113,86,63,
lightskyblue,80,54,115,86,63,
lightskyblue,80,54,117,86,63,
lightskyblue,80,54,119,86,63,
lightskyblue,80,54,86,39,63,
lightskyblue,80,54,86,45,63,
lightskyblue,80,54,86,47,63,
lightskyblue,80,54,86,41,63,
lightskyblue,80,54,86,43,63,
lightskyblue,94,84,114,115,128,
lightskyblue,94,84,114,117,128,
lightskyblue,94,84,114,119,128,
lightskyblue,94,84,114,85,128,
lightskyblue,94,84,114,39,128,
lightskyblue,94,84,114,45,128,
lightskyblue,94,84,114,47,128,
lightskyblue,94,84,114,41,128,
lightskyblue,94,84,114,43,128,
lightskyblue,100,84,113,116,146,
lightskyblue,100,84,116,117,146,
lightskyblue,100,84,116,119,146,
lightskyblue,100,84,116,85,146,
lightskyblue,100,84,116,39,146,
lightskyblue,100,84,116,45,146,
lightskyblue,100,84,116,47,146,
lightskyblue,100,84,116,41,146,
lightskyblue,100,84,116,43,146,
lightskyblue,106,84,113,118,164,
lightskyblue,106,84,115,118,164,
lightskyblue,106,84,118,119,164,
lightskyblue,106,84,118,85,164,
lightskyblue,106,84,118,39,164,
lightskyblue,106,84,118,45,164,
lightskyblue,106,84,118,47,164,
lightskyblue,106,84,118,41,164,
lightskyblue,106,84,118,43,164,
lightskyblue,112,84,113,120,182,
lightskyblue,112,84,115,120,182,
lightskyblue,112,84,117,120,182,
lightskyblue,112,84,120,85,182,
lightskyblue,112,84,120,39,182,
lightskyblue,112,84,120,45,182,
lightskyblue,112,84,120,47,182,
lightskyblue,112,84,120,41,182,
lightskyblue,112,84,120,43,182,
lightskyblue,80,84,113,86,64,
lightskyblue,80,84,115,86,64,
lightskyblue,80,84,117,86,64,
lightskyblue,80,84,119,86,64,
lightskyblue,80,84,86,39,64,
lightskyblue,80,84,86,45,64,
lightskyblue,80,84,86,47,64,
lightskyblue,80,84,86,41,64,
lightskyblue,80,84,86,43,64,
lightskyblue,94,88,114,115,129,
lightskyblue,94,88,114,117,129,
lightskyblue,94,88,114,119,129,
lightskyblue,94,88,114,85,129,
lightskyblue,94,88,114,39,129,
lightskyblue,94,88,114,45,129,
lightskyblue,94,88,114,47,129,
lightskyblue,94,88,114,41,129,
lightskyblue,94,88,114,43,129,
lightskyblue,100,88,113,116,147,
lightskyblue,100,88,116,117,147,
lightskyblue,100,88,116,119,147,
lightskyblue,100,88,116,85,147,
lightskyblue,100,88,116,39,147,
lightskyblue,100,88,116,45,147,
lightskyblue,100,88,116,47,147,
lightskyblue,100,88,116,41,147,
lightskyblue,100,88,116,43,147,
lightskyblue,106,88,113,118,165,
lightskyblue,106,88,115,118,165,
lightskyblue,106,88,118,119,165,
lightskyblue,106,88,118,85,165,
lightskyblue,106,88,118,39,165,
lightskyblue,106,88,118,45,165,
lightskyblue,106,88,118,47,165,
lightskyblue,106,88,118,41,165,
lightskyblue,106,88,118,43,165,
lightskyblue,112,88,113,120,183,
lightskyblue,112,88,115,120,183,
lightskyblue,112,88,117,120,183,
lightskyblue,112,88,120,85,183,
lightskyblue,112,88,120,39,183,
lightskyblue,112,88,120,45,183,
lightskyblue,112,88,120,47,183,
lightskyblue,112,88,120,41,183,
lightskyblue,112,88,120,43,183,
lightskyblue,80,88,113,86,65,
lightskyblue,80,88,115,86,65,
lightskyblue,80,88,117,86,65,
lightskyblue,80,88,119,86,65,
lightskyblue,80,88,86,39,65,
lightskyblue,80,88,86,45,65,
lightskyblue,80,88,86,47,65,
lightskyblue,80,88,86,41,65,
lightskyblue,80,88,86,43,65,
lightskyblue,49,121,
lightskyblue,49,122,
lightskyblue,49,139,
lightskyblue,49,140,
lightskyblue,49,157,
lightskyblue,49,158,
lightskyblue,49,175,
lightskyblue,49,176,
lightskyblue,49,57,
lightskyblue,49,58,
lightskyblue,55,121,
lightskyblue,55,122,
lightskyblue,55,139,
lightskyblue,55,140,
lightskyblue,55,157,
lightskyblue,55,158,
lightskyblue,55,175,
lightskyblue,55,176,
lightskyblue,55,57,
lightskyblue,55,58,
lightskyblue,81,121,
lightskyblue,81,122,
lightskyblue,81,139,
lightskyblue,81,140,
lightskyblue,81,157,
lightskyblue,81,158,
lightskyblue,81,175,
lightskyblue,81,176,
lightskyblue,81,57,
lightskyblue,81,58,
lightskyblue,51,121,
lightskyblue,51,122,
lightskyblue,51,139,
lightskyblue,51,140,
lightskyblue,51,157,
lightskyblue,51,158,
lightskyblue,51,175,
lightskyblue,51,176,
lightskyblue,51,57,
lightskyblue,51,58,
lightskyblue,53,121,
lightskyblue,53,122,
lightskyblue,53,139,
lightskyblue,53,140,
lightskyblue,53,157,
lightskyblue,53,158,
lightskyblue,53,175,
lightskyblue,53,176,
lightskyblue,53,57,
lightskyblue,53,58,
lightskyblue,83,121,
lightskyblue,83,122,
lightskyblue,83,139,
lightskyblue,83,140,
lightskyblue,83,157,
lightskyblue,83,158,
lightskyblue,83,175,
lightskyblue,83,176,
lightskyblue,83,57,
lightskyblue,83,58,
lightskyblue,87,121,
lightskyblue,87,122,
lightskyblue,87,139,
lightskyblue,87,140,
lightskyblue,87,157,
lightskyblue,87,158,
lightskyblue,87,175,
lightskyblue,87,176,
lightskyblue,87,57,
lightskyblue,87,58,
lightskyblue,50,123,
lightskyblue,50,123,
lightskyblue,50,141,
lightskyblue,50,141,
lightskyblue,50,159,
lightskyblue,50,159,
lightskyblue,50,177,
lightskyblue,50,177,
lightskyblue,50,59,
lightskyblue,50,59,
lightskyblue,56,124,
lightskyblue,56,124,
lightskyblue,56,142,
lightskyblue,56,142,
lightskyblue,56,160,
lightskyblue,56,160,
lightskyblue,56,178,
lightskyblue,56,178,
lightskyblue,56,60,
lightskyblue,56,60,
lightskyblue,82,125,
lightskyblue,82,125,
lightskyblue,82,143,
lightskyblue,82,143,
lightskyblue,82,161,
lightskyblue,82,161,
lightskyblue,82,179,
lightskyblue,82,179,
lightskyblue,82,61,
lightskyblue,82,61,
lightskyblue,52,126,
lightskyblue,52,126,
lightskyblue,52,144,
lightskyblue,52,144,
lightskyblue,52,162,
lightskyblue,52,162,
lightskyblue,52,180,
lightskyblue,52,180,
lightskyblue,52,62,
lightskyblue,52,62,
lightskyblue,54,127,
lightskyblue,54,127,
lightskyblue,54,145,
lightskyblue,54,145,
lightskyblue,54,163,
lightskyblue,54,163,
lightskyblue,54,181,
lightskyblue,54,181,
lightskyblue,54,63,
lightskyblue,54,63,
lightskyblue,84,128,
lightskyblue,84,128,
lightskyblue,84,146,
lightskyblue,84,146,
lightskyblue,84,164,
lightskyblue,84,164,
lightskyblue,84,182,
lightskyblue,84,182,
lightskyblue,84,64,
lightskyblue,84,64,
lightskyblue,88,129,
lightskyblue,88,129,
lightskyblue,88,147,
lightskyblue,88,147,
lightskyblue,88,165,
lightskyblue,88,165,
lightskyblue,88,183,
lightskyblue,88,183,
lightskyblue,88,65,
lightskyblue,88,65,
