green,
green,
green,
green,
green,
green,
green,
green,
green,
green,
green,
green,
green,
green,
green,
green,
green,
green,
green,
green,
green,
green,
green,
green,
green,
green,
green,
green,
green,
green,
green,
green,
green,
green,
green,
green,
gold,0,284,285,286,287,1361,1363,1365,1367,1369,1371,1493,1495,1497,1499,1501,1503,
gold,0,288,289,290,291,1373,1375,1377,1379,1381,1383,1433,1435,1437,1439,1441,1443,1505,1507,1509,1511,1513,1515,1565,1567,1569,1571,1573,1575,
gold,0,292,293,294,295,1385,1387,1389,1391,1393,1395,1397,1399,1401,1403,1405,1407,1445,1447,1449,1451,1453,1455,1517,1519,1521,1523,1525,1527,1529,1531,1533,1535,1537,1539,1577,1579,1581,1583,1585,1587,
gold,0,296,297,298,299,1409,1411,1413,1415,1417,1419,1469,1471,1473,1475,1477,1479,1481,1483,1485,1487,1489,1491,1541,1543,1545,1547,1549,1551,1601,1603,1605,1607,1609,1611,1613,1615,1617,1619,1621,1623,
gold,0,300,301,302,303,1421,1423,1425,1427,1429,1431,1457,1459,1461,1463,1465,1467,1553,1555,1557,1559,1561,1563,1589,1591,1593,1595,1597,1599,
gold,1,264,265,266,267,1360,1362,1364,1366,1368,1370,1492,1494,1496,1498,1500,1502,
gold,1,268,269,270,271,1372,1374,1376,1378,1380,1382,1432,1434,1436,1438,1440,1442,1504,1506,1508,1510,1512,1514,1564,1566,1568,1570,1572,1574,
gold,1,272,273,274,275,1384,1386,1388,1390,1392,1394,1396,1398,1400,1402,1404,1406,1444,1446,1448,1450,1452,1454,1516,1518,1520,1522,1524,1526,1528,1530,1532,1534,1536,1538,1576,1578,1580,1582,1584,1586,
gold,1,276,277,278,279,1408,1410,1412,1414,1416,1418,1468,1470,1472,1474,1476,1478,1480,1482,1484,1486,1488,1490,1540,1542,1544,1546,1548,1550,1600,1602,1604,1606,1608,1610,1612,1614,1616,1618,1620,1622,
gold,1,280,281,282,283,1420,1422,1424,1426,1428,1430,1456,1458,1460,1462,1464,1466,1552,1554,1556,1558,1560,1562,1588,1590,1592,1594,1596,1598,
gold,2,309,315,321,327,333,339,
gold,2,
gold,3,345,351,357,363,369,375,525,531,537,543,549,555,
gold,3,
gold,4,489,495,501,507,513,519,597,603,609,615,621,627,
gold,4,
gold,5,381,387,393,399,405,411,417,423,429,435,441,447,561,567,573,579,585,591,
gold,5,
gold,6,453,459,465,471,477,483,633,639,645,651,657,663,669,675,681,687,693,699,
gold,6,
gold,7,700,701,702,703,704,705,706,707,708,709,710,711,712,713,714,715,716,717,718,719,720,721,722,723,724,725,726,727,728,729,730,731,732,733,734,735,736,737,738,739,740,741,742,743,744,745,746,747,748,749,750,751,752,753,754,755,756,757,758,759,1492,1493,1494,1495,1496,1497,1498,1499,1500,1501,1502,1503,
gold,7,
gold,8,760,761,762,763,764,765,766,767,768,769,770,771,772,773,774,775,776,777,778,779,780,781,782,783,784,785,786,787,788,789,790,791,792,793,794,795,796,797,798,799,800,801,802,803,804,805,806,807,808,809,810,811,812,813,814,815,816,817,818,819,1504,1505,1506,1507,1508,1509,1510,1511,1512,1513,1514,1515,
gold,8,
gold,9,1060,1061,1062,1063,1064,1065,1066,1067,1068,1069,1070,1071,1072,1073,1074,1075,1076,1077,1078,1079,1080,1081,1082,1083,1084,1085,1086,1087,1088,1089,1090,1091,1092,1093,1094,1095,1096,1097,1098,1099,1100,1101,1102,1103,1104,1105,1106,1107,1108,1109,1110,1111,1112,1113,1114,1115,1116,1117,1118,1119,1564,1565,1566,1567,1568,1569,1570,1571,1572,1573,1574,1575,
gold,9,
gold,10,1000,1001,1002,1003,1004,1005,1006,1007,1008,1009,1010,1011,1012,1013,1014,1015,1016,1017,1018,1019,1020,1021,1022,1023,1024,1025,1026,1027,1028,1029,1030,1031,1032,1033,1034,1035,1036,1037,1038,1039,1040,1041,1042,1043,1044,1045,1046,1047,1048,1049,1050,1051,1052,1053,1054,1055,1056,1057,1058,1059,1552,1553,1554,1555,1556,1557,1558,1559,1560,1561,1562,1563,
gold,10,
gold,11,1180,1181,1182,1183,1184,1185,1186,1187,1188,1189,1190,1191,1192,1193,1194,1195,1196,1197,1198,1199,1200,1201,1202,1203,1204,1205,1206,1207,1208,1209,1210,1211,1212,1213,1214,1215,1216,1217,1218,1219,1220,1221,1222,1223,1224,1225,1226,1227,1228,1229,1230,1231,1232,1233,1234,1235,1236,1237,1238,1239,1588,1589,1590,1591,1592,1593,1594,1595,1596,1597,1598,1599,
gold,11,
gold,12,820,821,822,823,824,825,826,827,828,829,830,831,832,833,834,835,836,837,838,839,840,841,842,843,844,845,846,847,848,849,850,851,852,853,854,855,856,857,858,859,860,861,862,863,864,865,866,867,868,869,870,871,872,873,874,875,876,877,878,879,1516,1517,1518,1519,1520,1521,1522,1523,1524,1525,1526,1527,
gold,12,
gold,13,880,881,882,883,884,885,886,887,888,889,890,891,892,893,894,895,896,897,898,899,900,901,902,903,904,905,906,907,908,909,910,911,912,913,914,915,916,917,918,919,920,921,922,923,924,925,926,927,928,929,930,931,932,933,934,935,936,937,938,939,1528,1529,1530,1531,1532,1533,1534,1535,1536,1537,1538,1539,
gold,13,
gold,14,1120,1121,1122,1123,1124,1125,1126,1127,1128,1129,1130,1131,1132,1133,1134,1135,1136,1137,1138,1139,1140,1141,1142,1143,1144,1145,1146,1147,1148,1149,1150,1151,1152,1153,1154,1155,1156,1157,1158,1159,1160,1161,1162,1163,1164,1165,1166,1167,1168,1169,1170,1171,1172,1173,1174,1175,1176,1177,1178,1179,1576,1577,1578,1579,1580,1581,1582,1583,1584,1585,1586,1587,
gold,14,
gold,15,940,941,942,943,944,945,946,947,948,949,950,951,952,953,954,955,956,957,958,959,960,961,962,963,964,965,966,967,968,969,970,971,972,973,974,975,976,977,978,979,980,981,982,983,984,985,986,987,988,989,990,991,992,993,994,995,996,997,998,999,1540,1541,1542,1543,1544,1545,1546,1547,1548,1549,1550,1551,
gold,15,
gold,16,1240,1241,1242,1243,1244,1245,1246,1247,1248,1249,1250,1251,1252,1253,1254,1255,1256,1257,1258,1259,1260,1261,1262,1263,1264,1265,1266,1267,1268,1269,1270,1271,1272,1273,1274,1275,1276,1277,1278,1279,1280,1281,1282,1283,1284,1285,1286,1287,1288,1289,1290,1291,1292,1293,1294,1295,1296,1297,1298,1299,1600,1601,1602,1603,1604,1605,1606,1607,1608,1609,1610,1611,
gold,16,
gold,17,1300,1301,1302,1303,1304,1305,1306,1307,1308,1309,1310,1311,1312,1313,1314,1315,1316,1317,1318,1319,1320,1321,1322,1323,1324,1325,1326,1327,1328,1329,1330,1331,1332,1333,1334,1335,1336,1337,1338,1339,1340,1341,1342,1343,1344,1345,1346,1347,1348,1349,1350,1351,1352,1353,1354,1355,1356,1357,1358,1359,1612,1613,1614,1615,1616,1617,1618,1619,1620,1621,1622,1623,
gold,17,
gold,18,1500,1512,1524,1536,1548,1560,1572,1584,1596,1608,1620,
gold,18,1501,1513,1525,1537,1549,1561,1573,1585,1597,1609,1621,
gold,18,328,329,330,331,332,333,1368,1369,
gold,18,364,365,366,367,368,369,1380,1381,
gold,18,400,401,402,403,404,405,1392,1393,
gold,18,436,437,438,439,440,441,1404,1405,
gold,18,472,473,474,475,476,477,1416,1417,
gold,18,508,509,510,511,512,513,1428,1429,
gold,18,544,545,546,547,548,549,1440,1441,
gold,18,580,581,582,583,584,585,1452,1453,
gold,18,616,617,618,619,620,621,1464,1465,
gold,18,652,653,654,655,656,657,1476,1477,
gold,18,688,689,690,691,692,693,1488,1489,
gold,18,740,800,860,920,980,1040,1100,1160,1220,1280,1340,
gold,18,741,801,861,921,981,1041,1101,1161,1221,1281,1341,
gold,18,742,802,862,922,982,1042,1102,1162,1222,1282,1342,
gold,18,743,803,863,923,983,1043,1103,1163,1223,1283,1343,
gold,18,744,804,864,924,984,1044,1104,1164,1224,1284,1344,
gold,18,745,805,865,925,985,1045,1105,1165,1225,1285,1345,
gold,18,746,806,866,926,986,1046,1106,1166,1226,1286,1346,
gold,18,747,807,867,927,987,1047,1107,1167,1227,1287,1347,
gold,18,748,808,868,928,988,1048,1108,1168,1228,1288,1348,
gold,18,749,809,869,929,989,1049,1109,1169,1229,1289,1349,
gold,19,307,313,319,325,338,740,741,742,743,744,745,746,747,748,749,
gold,19,343,349,355,361,374,523,529,535,541,554,800,801,802,803,804,805,806,807,808,809,1100,1101,1102,1103,1104,1105,1106,1107,1108,1109,
gold,19,379,385,391,397,410,415,421,427,433,446,559,565,571,577,590,860,861,862,863,864,865,866,867,868,869,920,921,922,923,924,925,926,927,928,929,1160,1161,1162,1163,1164,1165,1166,1167,1168,1169,
gold,19,451,457,463,469,482,631,637,643,649,662,667,673,679,685,698,980,981,982,983,984,985,986,987,988,989,1280,1281,1282,1283,1284,1285,1286,1287,1288,1289,1340,1341,1342,1343,1344,1345,1346,1347,1348,1349,
gold,19,487,493,499,505,518,595,601,607,613,626,1040,1041,1042,1043,1044,1045,1046,1047,1048,1049,1220,1221,1222,1223,1224,1225,1226,1227,1228,1229,
gold,19,
gold,20,307,313,319,325,338,343,349,355,361,374,379,385,391,397,410,415,421,427,433,446,451,457,463,469,482,487,493,499,505,518,523,529,535,541,554,559,565,571,577,590,595,601,607,613,626,631,637,643,649,662,667,673,679,685,698,740,741,742,743,744,745,746,747,748,749,800,801,802,803,804,805,806,807,808,809,860,861,862,863,864,865,866,867,868,869,920,921,922,923,924,925,926,927,928,929,980,981,982,983,984,985,986,987,988,989,1040,1041,1042,1043,1044,1045,1046,1047,1048,1049,1100,1101,1102,1103,1104,1105,1106,1107,1108,1109,1160,1161,1162,1163,1164,1165,1166,1167,1168,1169,1220,1221,1222,1223,1224,1225,1226,1227,1228,1229,1280,1281,1282,1283,1284,1285,1286,1287,1288,1289,1340,1341,1342,1343,1344,1345,1346,1347,1348,1349,
gold,20,
gold,21,310,316,322,328,334,700,701,702,703,704,705,706,707,708,709,
gold,21,346,352,358,364,370,526,532,538,544,550,760,761,762,763,764,765,766,767,768,769,1060,1061,1062,1063,1064,1065,1066,1067,1068,1069,
gold,21,382,388,394,400,406,418,424,430,436,442,562,568,574,580,586,820,821,822,823,824,825,826,827,828,829,880,881,882,883,884,885,886,887,888,889,1120,1121,1122,1123,1124,1125,1126,1127,1128,1129,
gold,21,454,460,466,472,478,634,640,646,652,658,670,676,682,688,694,940,941,942,943,944,945,946,947,948,949,1240,1241,1242,1243,1244,1245,1246,1247,1248,1249,1300,1301,1302,1303,1304,1305,1306,1307,1308,1309,
gold,21,490,496,502,508,514,598,604,610,616,622,1000,1001,1002,1003,1004,1005,1006,1007,1008,1009,1180,1181,1182,1183,1184,1185,1186,1187,1188,1189,
gold,21,
gold,22,304,317,323,329,335,710,711,712,713,714,715,716,717,718,719,
gold,22,340,353,359,365,371,520,533,539,545,551,770,771,772,773,774,775,776,777,778,779,1070,1071,1072,1073,1074,1075,1076,1077,1078,1079,
gold,22,376,389,395,401,407,412,425,431,437,443,556,569,575,581,587,830,831,832,833,834,835,836,837,838,839,890,891,892,893,894,895,896,897,898,899,1130,1131,1132,1133,1134,1135,1136,1137,1138,1139,
gold,22,448,461,467,473,479,628,641,647,653,659,664,677,683,689,695,950,951,952,953,954,955,956,957,958,959,1250,1251,1252,1253,1254,1255,1256,1257,1258,1259,1310,1311,1312,1313,1314,1315,1316,1317,1318,1319,
gold,22,484,497,503,509,515,592,605,611,617,623,1010,1011,1012,1013,1014,1015,1016,1017,1018,1019,1190,1191,1192,1193,1194,1195,1196,1197,1198,1199,
gold,22,
gold,23,305,311,324,330,336,720,721,722,723,724,725,726,727,728,729,
gold,23,341,347,360,366,372,521,527,540,546,552,780,781,782,783,784,785,786,787,788,789,1080,1081,1082,1083,1084,1085,1086,1087,1088,1089,
gold,23,377,383,396,402,408,413,419,432,438,444,557,563,576,582,588,840,841,842,843,844,845,846,847,848,849,900,901,902,903,904,905,906,907,908,909,1140,1141,1142,1143,1144,1145,1146,1147,1148,1149,
gold,23,449,455,468,474,480,629,635,648,654,660,665,671,684,690,696,960,961,962,963,964,965,966,967,968,969,1260,1261,1262,1263,1264,1265,1266,1267,1268,1269,1320,1321,1322,1323,1324,1325,1326,1327,1328,1329,
gold,23,485,491,504,510,516,593,599,612,618,624,1020,1021,1022,1023,1024,1025,1026,1027,1028,1029,1200,1201,1202,1203,1204,1205,1206,1207,1208,1209,
gold,23,
gold,24,306,312,318,331,337,730,731,732,733,734,735,736,737,738,739,
gold,24,342,348,354,367,373,522,528,534,547,553,790,791,792,793,794,795,796,797,798,799,1090,1091,1092,1093,1094,1095,1096,1097,1098,1099,
gold,24,378,384,390,403,409,414,420,426,439,445,558,564,570,583,589,850,851,852,853,854,855,856,857,858,859,910,911,912,913,914,915,916,917,918,919,1150,1151,1152,1153,1154,1155,1156,1157,1158,1159,
gold,24,450,456,462,475,481,630,636,642,655,661,666,672,678,691,697,970,971,972,973,974,975,976,977,978,979,1270,1271,1272,1273,1274,1275,1276,1277,1278,1279,1330,1331,1332,1333,1334,1335,1336,1337,1338,1339,
gold,24,486,492,498,511,517,594,600,606,619,625,1030,1031,1032,1033,1034,1035,1036,1037,1038,1039,1210,1211,1212,1213,1214,1215,1216,1217,1218,1219,
gold,24,
gold,25,308,314,320,326,332,750,751,752,753,754,755,756,757,758,759,
gold,25,344,350,356,362,368,524,530,536,542,548,810,811,812,813,814,815,816,817,818,819,1110,1111,1112,1113,1114,1115,1116,1117,1118,1119,
gold,25,380,386,392,398,404,416,422,428,434,440,560,566,572,578,584,870,871,872,873,874,875,876,877,878,879,930,931,932,933,934,935,936,937,938,939,1170,1171,1172,1173,1174,1175,1176,1177,1178,1179,
gold,25,452,458,464,470,476,632,638,644,650,656,668,674,680,686,692,990,991,992,993,994,995,996,997,998,999,1290,1291,1292,1293,1294,1295,1296,1297,1298,1299,1350,1351,1352,1353,1354,1355,1356,1357,1358,1359,
gold,25,488,494,500,506,512,596,602,608,614,620,1050,1051,1052,1053,1054,1055,1056,1057,1058,1059,1230,1231,1232,1233,1234,1235,1236,1237,1238,1239,
gold,25,
gold,26,310,316,322,328,334,346,352,358,364,370,382,388,394,400,406,418,424,430,436,442,454,460,466,472,478,490,496,502,508,514,526,532,538,544,550,562,568,574,580,586,598,604,610,616,622,634,640,646,652,658,670,676,682,688,694,700,701,702,703,704,705,706,707,708,709,760,761,762,763,764,765,766,767,768,769,820,821,822,823,824,825,826,827,828,829,880,881,882,883,884,885,886,887,888,889,940,941,942,943,944,945,946,947,948,949,1000,1001,1002,1003,1004,1005,1006,1007,1008,1009,1060,1061,1062,1063,1064,1065,1066,1067,1068,1069,1120,1121,1122,1123,1124,1125,1126,1127,1128,1129,1180,1181,1182,1183,1184,1185,1186,1187,1188,1189,1240,1241,1242,1243,1244,1245,1246,1247,1248,1249,1300,1301,1302,1303,1304,1305,1306,1307,1308,1309,
gold,26,
gold,27,304,317,323,329,335,340,353,359,365,371,376,389,395,401,407,412,425,431,437,443,448,461,467,473,479,484,497,503,509,515,520,533,539,545,551,556,569,575,581,587,592,605,611,617,623,628,641,647,653,659,664,677,683,689,695,710,711,712,713,714,715,716,717,718,719,770,771,772,773,774,775,776,777,778,779,830,831,832,833,834,835,836,837,838,839,890,891,892,893,894,895,896,897,898,899,950,951,952,953,954,955,956,957,958,959,1010,1011,1012,1013,1014,1015,1016,1017,1018,1019,1070,1071,1072,1073,1074,1075,1076,1077,1078,1079,1130,1131,1132,1133,1134,1135,1136,1137,1138,1139,1190,1191,1192,1193,1194,1195,1196,1197,1198,1199,1250,1251,1252,1253,1254,1255,1256,1257,1258,1259,1310,1311,1312,1313,1314,1315,1316,1317,1318,1319,
gold,27,
gold,28,305,311,324,330,336,341,347,360,366,372,377,383,396,402,408,413,419,432,438,444,449,455,468,474,480,485,491,504,510,516,521,527,540,546,552,557,563,576,582,588,593,599,612,618,624,629,635,648,654,660,665,671,684,690,696,720,721,722,723,724,725,726,727,728,729,780,781,782,783,784,785,786,787,788,789,840,841,842,843,844,845,846,847,848,849,900,901,902,903,904,905,906,907,908,909,960,961,962,963,964,965,966,967,968,969,1020,1021,1022,1023,1024,1025,1026,1027,1028,1029,1080,1081,1082,1083,1084,1085,1086,1087,1088,1089,1140,1141,1142,1143,1144,1145,1146,1147,1148,1149,1200,1201,1202,1203,1204,1205,1206,1207,1208,1209,1260,1261,1262,1263,1264,1265,1266,1267,1268,1269,1320,1321,1322,1323,1324,1325,1326,1327,1328,1329,
gold,28,
gold,29,306,312,318,331,337,342,348,354,367,373,378,384,390,403,409,414,420,426,439,445,450,456,462,475,481,486,492,498,511,517,522,528,534,547,553,558,564,570,583,589,594,600,606,619,625,630,636,642,655,661,666,672,678,691,697,730,731,732,733,734,735,736,737,738,739,790,791,792,793,794,795,796,797,798,799,850,851,852,853,854,855,856,857,858,859,910,911,912,913,914,915,916,917,918,919,970,971,972,973,974,975,976,977,978,979,1030,1031,1032,1033,1034,1035,1036,1037,1038,1039,1090,1091,1092,1093,1094,1095,1096,1097,1098,1099,1150,1151,1152,1153,1154,1155,1156,1157,1158,1159,1210,1211,1212,1213,1214,1215,1216,1217,1218,1219,1270,1271,1272,1273,1274,1275,1276,1277,1278,1279,1330,1331,1332,1333,1334,1335,1336,1337,1338,1339,
gold,29,
gold,30,308,314,320,326,332,344,350,356,362,368,380,386,392,398,404,416,422,428,434,440,452,458,464,470,476,488,494,500,506,512,524,530,536,542,548,560,566,572,578,584,596,602,608,614,620,632,638,644,650,656,668,674,680,686,692,750,751,752,753,754,755,756,757,758,759,810,811,812,813,814,815,816,817,818,819,870,871,872,873,874,875,876,877,878,879,930,931,932,933,934,935,936,937,938,939,990,991,992,993,994,995,996,997,998,999,1050,1051,1052,1053,1054,1055,1056,1057,1058,1059,1110,1111,1112,1113,1114,1115,1116,1117,1118,1119,1170,1171,1172,1173,1174,1175,1176,1177,1178,1179,1230,1231,1232,1233,1234,1235,1236,1237,1238,1239,1290,1291,1292,1293,1294,1295,1296,1297,1298,1299,1350,1351,1352,1353,1354,1355,1356,1357,1358,1359,
gold,30,
gold,31,1492,1504,1516,1528,1540,1552,1564,1576,1588,1600,1612,
gold,31,1493,1505,1517,1529,1541,1553,1565,1577,1589,1601,1613,
gold,31,304,305,306,307,308,309,1360,1361,
gold,31,340,341,342,343,344,345,1372,1373,
gold,31,376,377,378,379,380,381,1384,1385,
gold,31,412,413,414,415,416,417,1396,1397,
gold,31,448,449,450,451,452,453,1408,1409,
gold,31,484,485,486,487,488,489,1420,1421,
gold,31,520,521,522,523,524,525,1432,1433,
gold,31,556,557,558,559,560,561,1444,1445,
gold,31,592,593,594,595,596,597,1456,1457,
gold,31,628,629,630,631,632,633,1468,1469,
gold,31,664,665,666,667,668,669,1480,1481,
gold,31,700,760,820,880,940,1000,1060,1120,1180,1240,1300,
red,31,701,761,821,881,941,1001,1061,1121,1181,1241,1301,
gold,31,702,762,822,882,942,1002,1062,1122,1182,1242,1302,
gold,31,703,763,823,883,943,1003,1063,1123,1183,1243,1303,
gold,31,704,764,824,884,944,1004,1064,1124,1184,1244,1304,
gold,31,705,765,825,885,945,1005,1065,1125,1185,1245,1305,
gold,31,706,766,826,886,946,1006,1066,1126,1186,1246,1306,
gold,31,707,767,827,887,947,1007,1067,1127,1187,1247,1307,
gold,31,708,768,828,888,948,1008,1068,1128,1188,1248,1308,
gold,31,709,769,829,889,949,1009,1069,1129,1189,1249,1309,
gold,32,1494,1506,1518,1530,1542,1554,1566,1578,1590,1602,1614,
gold,32,1495,1507,1519,1531,1543,1555,1567,1579,1591,1603,1615,
gold,32,310,311,312,313,314,315,1362,1363,
gold,32,346,347,348,349,350,351,1374,1375,
gold,32,382,383,384,385,386,387,1386,1387,
gold,32,418,419,420,421,422,423,1398,1399,
gold,32,454,455,456,457,458,459,1410,1411,
gold,32,490,491,492,493,494,495,1422,1423,
gold,32,526,527,528,529,530,531,1434,1435,
gold,32,562,563,564,565,566,567,1446,1447,
gold,32,598,599,600,601,602,603,1458,1459,
gold,32,634,635,636,637,638,639,1470,1471,
gold,32,670,671,672,673,674,675,1482,1483,
gold,32,710,770,830,890,950,1010,1070,1130,1190,1250,1310,
gold,32,711,771,831,891,951,1011,1071,1131,1191,1251,1311,
gold,32,712,772,832,892,952,1012,1072,1132,1192,1252,1312,
gold,32,713,773,833,893,953,1013,1073,1133,1193,1253,1313,
gold,32,714,774,834,894,954,1014,1074,1134,1194,1254,1314,
gold,32,715,775,835,895,955,1015,1075,1135,1195,1255,1315,
red,32,716,776,836,896,956,1016,1076,1136,1196,1256,1316,
gold,32,717,777,837,897,957,1017,1077,1137,1197,1257,1317,
gold,32,718,778,838,898,958,1018,1078,1138,1198,1258,1318,
gold,32,719,779,839,899,959,1019,1079,1139,1199,1259,1319,
gold,33,1496,1508,1520,1532,1544,1556,1568,1580,1592,1604,1616,
gold,33,1497,1509,1521,1533,1545,1557,1569,1581,1593,1605,1617,
gold,33,316,317,318,319,320,321,1364,1365,
gold,33,352,353,354,355,356,357,1376,1377,
gold,33,388,389,390,391,392,393,1388,1389,
gold,33,424,425,426,427,428,429,1400,1401,
gold,33,460,461,462,463,464,465,1412,1413,
gold,33,496,497,498,499,500,501,1424,1425,
gold,33,532,533,534,535,536,537,1436,1437,
gold,33,568,569,570,571,572,573,1448,1449,
gold,33,604,605,606,607,608,609,1460,1461,
gold,33,640,641,642,643,644,645,1472,1473,
gold,33,676,677,678,679,680,681,1484,1485,
gold,33,720,780,840,900,960,1020,1080,1140,1200,1260,1320,
gold,33,721,781,841,901,961,1021,1081,1141,1201,1261,1321,
gold,33,722,782,842,902,962,1022,1082,1142,1202,1262,1322,
gold,33,723,783,843,903,963,1023,1083,1143,1203,1263,1323,
gold,33,724,784,844,904,964,1024,1084,1144,1204,1264,1324,
gold,33,725,785,845,905,965,1025,1085,1145,1205,1265,1325,
gold,33,726,786,846,906,966,1026,1086,1146,1206,1266,1326,
gold,33,727,787,847,907,967,1027,1087,1147,1207,1267,1327,
gold,33,728,788,848,908,968,1028,1088,1148,1208,1268,1328,
red,33,729,789,849,909,969,1029,1089,1149,1209,1269,1329,
gold,34,1498,1510,1522,1534,1546,1558,1570,1582,1594,1606,1618,
gold,34,1499,1511,1523,1535,1547,1559,1571,1583,1595,1607,1619,
gold,34,322,323,324,325,326,327,1366,1367,
gold,34,358,359,360,361,362,363,1378,1379,
gold,34,394,395,396,397,398,399,1390,1391,
gold,34,430,431,432,433,434,435,1402,1403,
gold,34,466,467,468,469,470,471,1414,1415,
gold,34,502,503,504,505,506,507,1426,1427,
gold,34,538,539,540,541,542,543,1438,1439,
gold,34,574,575,576,577,578,579,1450,1451,
gold,34,610,611,612,613,614,615,1462,1463,
gold,34,646,647,648,649,650,651,1474,1475,
gold,34,682,683,684,685,686,687,1486,1487,
gold,34,730,790,850,910,970,1030,1090,1150,1210,1270,1330,
red,34,731,791,851,911,971,1031,1091,1151,1211,1271,1331,
gold,34,732,792,852,912,972,1032,1092,1152,1212,1272,1332,
gold,34,733,793,853,913,973,1033,1093,1153,1213,1273,1333,
gold,34,734,794,854,914,974,1034,1094,1154,1214,1274,1334,
gold,34,735,795,855,915,975,1035,1095,1155,1215,1275,1335,
gold,34,736,796,856,916,976,1036,1096,1156,1216,1276,1336,
gold,34,737,797,857,917,977,1037,1097,1157,1217,1277,1337,
gold,34,738,798,858,918,978,1038,1098,1158,1218,1278,1338,
gold,34,739,799,859,919,979,1039,1099,1159,1219,1279,1339,
gold,35,1502,1514,1526,1538,1550,1562,1574,1586,1598,1610,1622,
gold,35,1503,1515,1527,1539,1551,1563,1575,1587,1599,1611,1623,
gold,35,334,335,336,337,338,339,1370,1371,
gold,35,370,371,372,373,374,375,1382,1383,
gold,35,406,407,408,409,410,411,1394,1395,
gold,35,442,443,444,445,446,447,1406,1407,
gold,35,478,479,480,481,482,483,1418,1419,
gold,35,514,515,516,517,518,519,1430,1431,
gold,35,550,551,552,553,554,555,1442,1443,
gold,35,586,587,588,589,590,591,1454,1455,
gold,35,622,623,624,625,626,627,1466,1467,
gold,35,658,659,660,661,662,663,1478,1479,
gold,35,694,695,696,697,698,699,1490,1491,
gold,35,750,810,870,930,990,1050,1110,1170,1230,1290,1350,
gold,35,751,811,871,931,991,1051,1111,1171,1231,1291,1351,
gold,35,752,812,872,932,992,1052,1112,1172,1232,1292,1352,
red,35,753,813,873,933,993,1053,1113,1173,1233,1293,1353,
gold,35,754,814,874,934,994,1054,1114,1174,1234,1294,1354,
gold,35,755,815,875,935,995,1055,1115,1175,1235,1295,1355,
gold,35,756,816,876,936,996,1056,1116,1176,1236,1296,1356,
gold,35,757,817,877,937,997,1057,1117,1177,1237,1297,1357,
gold,35,758,818,878,938,998,1058,1118,1178,1238,1298,1358,
gold,35,759,819,879,939,999,1059,1119,1179,1239,1299,1359,
lightskyblue,42,
lightskyblue,43,
lightskyblue,44,
lightskyblue,45,
lightskyblue,41,
lightskyblue,43,
lightskyblue,44,
lightskyblue,45,
lightskyblue,41,
lightskyblue,42,
lightskyblue,44,
lightskyblue,45,
lightskyblue,41,
lightskyblue,42,
lightskyblue,43,
lightskyblue,45,
lightskyblue,41,
lightskyblue,42,
lightskyblue,43,
lightskyblue,44,
lightskyblue,37,
lightskyblue,38,
lightskyblue,39,
lightskyblue,40,
lightskyblue,36,
lightskyblue,38,
lightskyblue,39,
lightskyblue,40,
lightskyblue,36,
lightskyblue,37,
lightskyblue,39,
lightskyblue,40,
lightskyblue,36,
lightskyblue,37,
lightskyblue,38,
lightskyblue,40,
lightskyblue,36,
lightskyblue,37,
lightskyblue,38,
lightskyblue,39,
lightskyblue,109,56,139,142,162,
lightskyblue,109,56,139,144,163,
lightskyblue,109,56,139,146,164,
lightskyblue,109,56,139,108,165,
lightskyblue,109,56,139,148,166,
lightskyblue,109,56,139,47,167,
lightskyblue,115,56,140,141,185,
lightskyblue,115,56,141,144,186,
lightskyblue,115,56,141,146,187,
lightskyblue,115,56,141,108,188,
lightskyblue,115,56,141,148,189,
lightskyblue,115,56,141,47,190,
lightskyblue,121,56,140,143,208,
lightskyblue,121,56,142,143,209,
lightskyblue,121,56,143,146,210,
lightskyblue,121,56,143,108,211,
lightskyblue,121,56,143,148,212,
lightskyblue,121,56,143,47,213,
lightskyblue,127,56,140,145,231,
lightskyblue,127,56,142,145,232,
lightskyblue,127,56,144,145,233,
lightskyblue,127,56,145,108,234,
lightskyblue,127,56,145,148,235,
lightskyblue,127,56,145,47,236,
lightskyblue,101,56,140,107,91,
lightskyblue,101,56,142,107,92,
lightskyblue,101,56,144,107,93,
lightskyblue,101,56,146,107,94,
lightskyblue,101,56,107,148,95,
lightskyblue,101,56,107,47,96,
lightskyblue,133,56,140,147,254,
lightskyblue,133,56,142,147,255,
lightskyblue,133,56,144,147,256,
lightskyblue,133,56,146,147,257,
lightskyblue,133,56,108,147,258,
lightskyblue,133,56,147,47,259,
lightskyblue,110,58,139,142,162,
lightskyblue,110,58,139,144,163,
lightskyblue,110,58,139,146,164,
lightskyblue,110,58,139,108,165,
lightskyblue,110,58,139,148,166,
lightskyblue,110,58,139,49,168,
lightskyblue,116,58,140,141,185,
lightskyblue,116,58,141,144,186,
lightskyblue,116,58,141,146,187,
lightskyblue,116,58,141,108,188,
lightskyblue,116,58,141,148,189,
lightskyblue,116,58,141,49,191,
lightskyblue,122,58,140,143,208,
lightskyblue,122,58,142,143,209,
lightskyblue,122,58,143,146,210,
lightskyblue,122,58,143,108,211,
lightskyblue,122,58,143,148,212,
lightskyblue,122,58,143,49,214,
lightskyblue,128,58,140,145,231,
lightskyblue,128,58,142,145,232,
lightskyblue,128,58,144,145,233,
lightskyblue,128,58,145,108,234,
lightskyblue,128,58,145,148,235,
lightskyblue,128,58,145,49,237,
lightskyblue,102,58,140,107,91,
lightskyblue,102,58,142,107,92,
lightskyblue,102,58,144,107,93,
lightskyblue,102,58,146,107,94,
lightskyblue,102,58,107,148,95,
lightskyblue,102,58,107,49,97,
lightskyblue,134,58,140,147,254,
lightskyblue,134,58,142,147,255,
lightskyblue,134,58,144,147,256,
lightskyblue,134,58,146,147,257,
lightskyblue,134,58,108,147,258,
lightskyblue,134,58,147,49,260,
lightskyblue,111,66,139,142,162,
lightskyblue,111,66,139,144,163,
lightskyblue,111,66,139,146,164,
lightskyblue,111,66,139,108,165,
lightskyblue,111,66,139,148,166,
lightskyblue,111,66,139,53,169,
lightskyblue,117,66,140,141,185,
lightskyblue,117,66,141,144,186,
lightskyblue,117,66,141,146,187,
lightskyblue,117,66,141,108,188,
lightskyblue,117,66,141,148,189,
lightskyblue,117,66,141,53,192,
lightskyblue,123,66,140,143,208,
lightskyblue,123,66,142,143,209,
lightskyblue,123,66,143,146,210,
lightskyblue,123,66,143,108,211,
lightskyblue,123,66,143,148,212,
lightskyblue,123,66,143,53,215,
lightskyblue,129,66,140,145,231,
lightskyblue,129,66,142,145,232,
lightskyblue,129,66,144,145,233,
lightskyblue,129,66,145,108,234,
lightskyblue,129,66,145,148,235,
lightskyblue,129,66,145,53,238,
lightskyblue,103,66,140,107,91,
lightskyblue,103,66,142,107,92,
lightskyblue,103,66,144,107,93,
lightskyblue,103,66,146,107,94,
lightskyblue,103,66,107,148,95,
lightskyblue,103,66,107,53,98,
lightskyblue,135,66,140,147,254,
lightskyblue,135,66,142,147,255,
lightskyblue,135,66,144,147,256,
lightskyblue,135,66,146,147,257,
lightskyblue,135,66,108,147,258,
lightskyblue,135,66,147,53,261,
lightskyblue,111,68,139,142,162,
lightskyblue,111,68,139,144,163,
lightskyblue,111,68,139,146,164,
lightskyblue,111,68,139,108,165,
lightskyblue,111,68,139,148,166,
lightskyblue,111,68,139,53,169,
lightskyblue,117,68,140,141,185,
lightskyblue,117,68,141,144,186,
lightskyblue,117,68,141,146,187,
lightskyblue,117,68,141,108,188,
lightskyblue,117,68,141,148,189,
lightskyblue,117,68,141,53,192,
lightskyblue,123,68,140,143,208,
lightskyblue,123,68,142,143,209,
lightskyblue,123,68,143,146,210,
lightskyblue,123,68,143,108,211,
lightskyblue,123,68,143,148,212,
lightskyblue,123,68,143,53,215,
lightskyblue,129,68,140,145,231,
lightskyblue,129,68,142,145,232,
lightskyblue,129,68,144,145,233,
lightskyblue,129,68,145,108,234,
lightskyblue,129,68,145,148,235,
lightskyblue,129,68,145,53,238,
lightskyblue,103,68,140,107,91,
lightskyblue,103,68,142,107,92,
lightskyblue,103,68,144,107,93,
lightskyblue,103,68,146,107,94,
lightskyblue,103,68,107,148,95,
lightskyblue,103,68,107,53,98,
lightskyblue,135,68,140,147,254,
lightskyblue,135,68,142,147,255,
lightskyblue,135,68,144,147,256,
lightskyblue,135,68,146,147,257,
lightskyblue,135,68,108,147,258,
lightskyblue,135,68,147,53,261,
lightskyblue,112,72,139,142,162,
lightskyblue,112,72,139,144,163,
lightskyblue,112,72,139,146,164,
lightskyblue,112,72,139,108,165,
lightskyblue,112,72,139,148,166,
lightskyblue,112,72,139,55,170,
lightskyblue,118,72,140,141,185,
lightskyblue,118,72,141,144,186,
lightskyblue,118,72,141,146,187,
lightskyblue,118,72,141,108,188,
lightskyblue,118,72,141,148,189,
lightskyblue,118,72,141,55,193,
lightskyblue,124,72,140,143,208,
lightskyblue,124,72,142,143,209,
lightskyblue,124,72,143,146,210,
lightskyblue,124,72,143,108,211,
lightskyblue,124,72,143,148,212,
lightskyblue,124,72,143,55,216,
lightskyblue,130,72,140,145,231,
lightskyblue,130,72,142,145,232,
lightskyblue,130,72,144,145,233,
lightskyblue,130,72,145,108,234,
lightskyblue,130,72,145,148,235,
lightskyblue,130,72,145,55,239,
lightskyblue,104,72,140,107,91,
lightskyblue,104,72,142,107,92,
lightskyblue,104,72,144,107,93,
lightskyblue,104,72,146,107,94,
lightskyblue,104,72,107,148,95,
lightskyblue,104,72,107,55,99,
lightskyblue,136,72,140,147,254,
lightskyblue,136,72,142,147,255,
lightskyblue,136,72,144,147,256,
lightskyblue,136,72,146,147,257,
lightskyblue,136,72,108,147,258,
lightskyblue,136,72,147,55,262,
lightskyblue,113,62,139,142,162,
lightskyblue,113,62,139,144,163,
lightskyblue,113,62,139,146,164,
lightskyblue,113,62,139,108,165,
lightskyblue,113,62,139,148,166,
lightskyblue,113,62,139,51,171,
lightskyblue,119,62,140,141,185,
lightskyblue,119,62,141,144,186,
lightskyblue,119,62,141,146,187,
lightskyblue,119,62,141,108,188,
lightskyblue,119,62,141,148,189,
lightskyblue,119,62,141,51,194,
lightskyblue,125,62,140,143,208,
lightskyblue,125,62,142,143,209,
lightskyblue,125,62,143,146,210,
lightskyblue,125,62,143,108,211,
lightskyblue,125,62,143,148,212,
lightskyblue,125,62,143,51,217,
lightskyblue,131,62,140,145,231,
lightskyblue,131,62,142,145,232,
lightskyblue,131,62,144,145,233,
lightskyblue,131,62,145,108,234,
lightskyblue,131,62,145,148,235,
lightskyblue,131,62,145,51,240,
lightskyblue,105,62,140,107,91,
lightskyblue,105,62,142,107,92,
lightskyblue,105,62,144,107,93,
lightskyblue,105,62,146,107,94,
lightskyblue,105,62,107,148,95,
lightskyblue,105,62,107,51,100,
lightskyblue,137,62,140,147,254,
lightskyblue,137,62,142,147,255,
lightskyblue,137,62,144,147,256,
lightskyblue,137,62,146,147,257,
lightskyblue,137,62,108,147,258,
lightskyblue,137,62,147,51,263,
lightskyblue,110,60,139,142,162,
lightskyblue,110,60,139,144,163,
lightskyblue,110,60,139,146,164,
lightskyblue,110,60,139,108,165,
lightskyblue,110,60,139,148,166,
lightskyblue,110,60,139,49,168,
lightskyblue,116,60,140,141,185,
lightskyblue,116,60,141,144,186,
lightskyblue,116,60,141,146,187,
lightskyblue,116,60,141,108,188,
lightskyblue,116,60,141,148,189,
lightskyblue,116,60,141,49,191,
lightskyblue,122,60,140,143,208,
lightskyblue,122,60,142,143,209,
lightskyblue,122,60,143,146,210,
lightskyblue,122,60,143,108,211,
lightskyblue,122,60,143,148,212,
lightskyblue,122,60,143,49,214,
lightskyblue,128,60,140,145,231,
lightskyblue,128,60,142,145,232,
lightskyblue,128,60,144,145,233,
lightskyblue,128,60,145,108,234,
lightskyblue,128,60,145,148,235,
lightskyblue,128,60,145,49,237,
lightskyblue,102,60,140,107,91,
lightskyblue,102,60,142,107,92,
lightskyblue,102,60,144,107,93,
lightskyblue,102,60,146,107,94,
lightskyblue,102,60,107,148,95,
lightskyblue,102,60,107,49,97,
lightskyblue,134,60,140,147,254,
lightskyblue,134,60,142,147,255,
lightskyblue,134,60,144,147,256,
lightskyblue,134,60,146,147,257,
lightskyblue,134,60,108,147,258,
lightskyblue,134,60,147,49,260,
lightskyblue,111,70,139,142,162,
lightskyblue,111,70,139,144,163,
lightskyblue,111,70,139,146,164,
lightskyblue,111,70,139,108,165,
lightskyblue,111,70,139,148,166,
lightskyblue,111,70,139,53,169,
lightskyblue,117,70,140,141,185,
lightskyblue,117,70,141,144,186,
lightskyblue,117,70,141,146,187,
lightskyblue,117,70,141,108,188,
lightskyblue,117,70,141,148,189,
lightskyblue,117,70,141,53,192,
lightskyblue,123,70,140,143,208,
lightskyblue,123,70,142,143,209,
lightskyblue,123,70,143,146,210,
lightskyblue,123,70,143,108,211,
lightskyblue,123,70,143,148,212,
lightskyblue,123,70,143,53,215,
lightskyblue,129,70,140,145,231,
lightskyblue,129,70,142,145,232,
lightskyblue,129,70,144,145,233,
lightskyblue,129,70,145,108,234,
lightskyblue,129,70,145,148,235,
lightskyblue,129,70,145,53,238,
lightskyblue,103,70,140,107,91,
lightskyblue,103,70,142,107,92,
lightskyblue,103,70,144,107,93,
lightskyblue,103,70,146,107,94,
lightskyblue,103,70,107,148,95,
lightskyblue,103,70,107,53,98,
lightskyblue,135,70,140,147,254,
lightskyblue,135,70,142,147,255,
lightskyblue,135,70,144,147,256,
lightskyblue,135,70,146,147,257,
lightskyblue,135,70,108,147,258,
lightskyblue,135,70,147,53,261,
lightskyblue,113,64,139,142,162,
lightskyblue,113,64,139,144,163,
lightskyblue,113,64,139,146,164,
lightskyblue,113,64,139,108,165,
lightskyblue,113,64,139,148,166,
lightskyblue,113,64,139,51,171,
lightskyblue,119,64,140,141,185,
lightskyblue,119,64,141,144,186,
lightskyblue,119,64,141,146,187,
lightskyblue,119,64,141,108,188,
lightskyblue,119,64,141,148,189,
lightskyblue,119,64,141,51,194,
lightskyblue,125,64,140,143,208,
lightskyblue,125,64,142,143,209,
lightskyblue,125,64,143,146,210,
lightskyblue,125,64,143,108,211,
lightskyblue,125,64,143,148,212,
lightskyblue,125,64,143,51,217,
lightskyblue,131,64,140,145,231,
lightskyblue,131,64,142,145,232,
lightskyblue,131,64,144,145,233,
lightskyblue,131,64,145,108,234,
lightskyblue,131,64,145,148,235,
lightskyblue,131,64,145,51,240,
lightskyblue,105,64,140,107,91,
lightskyblue,105,64,142,107,92,
lightskyblue,105,64,144,107,93,
lightskyblue,105,64,146,107,94,
lightskyblue,105,64,107,148,95,
lightskyblue,105,64,107,51,100,
lightskyblue,137,64,140,147,254,
lightskyblue,137,64,142,147,255,
lightskyblue,137,64,144,147,256,
lightskyblue,137,64,146,147,257,
lightskyblue,137,64,108,147,258,
lightskyblue,137,64,147,51,263,
lightskyblue,112,74,139,142,162,
lightskyblue,112,74,139,144,163,
lightskyblue,112,74,139,146,164,
lightskyblue,112,74,139,108,165,
lightskyblue,112,74,139,148,166,
lightskyblue,112,74,139,55,170,
lightskyblue,118,74,140,141,185,
lightskyblue,118,74,141,144,186,
lightskyblue,118,74,141,146,187,
lightskyblue,118,74,141,108,188,
lightskyblue,118,74,141,148,189,
lightskyblue,118,74,141,55,193,
lightskyblue,124,74,140,143,208,
lightskyblue,124,74,142,143,209,
lightskyblue,124,74,143,146,210,
lightskyblue,124,74,143,108,211,
lightskyblue,124,74,143,148,212,
lightskyblue,124,74,143,55,216,
lightskyblue,130,74,140,145,231,
lightskyblue,130,74,142,145,232,
lightskyblue,130,74,144,145,233,
lightskyblue,130,74,145,108,234,
lightskyblue,130,74,145,148,235,
lightskyblue,130,74,145,55,239,
lightskyblue,104,74,140,107,91,
lightskyblue,104,74,142,107,92,
lightskyblue,104,74,144,107,93,
lightskyblue,104,74,146,107,94,
lightskyblue,104,74,107,148,95,
lightskyblue,104,74,107,55,99,
lightskyblue,136,74,140,147,254,
lightskyblue,136,74,142,147,255,
lightskyblue,136,74,144,147,256,
lightskyblue,136,74,146,147,257,
lightskyblue,136,74,108,147,258,
lightskyblue,136,74,147,55,262,
lightskyblue,112,76,139,142,162,
lightskyblue,112,76,139,144,163,
lightskyblue,112,76,139,146,164,
lightskyblue,112,76,139,108,165,
lightskyblue,112,76,139,148,166,
lightskyblue,112,76,139,55,170,
lightskyblue,118,76,140,141,185,
lightskyblue,118,76,141,144,186,
lightskyblue,118,76,141,146,187,
lightskyblue,118,76,141,108,188,
lightskyblue,118,76,141,148,189,
lightskyblue,118,76,141,55,193,
lightskyblue,124,76,140,143,208,
lightskyblue,124,76,142,143,209,
lightskyblue,124,76,143,146,210,
lightskyblue,124,76,143,108,211,
lightskyblue,124,76,143,148,212,
lightskyblue,124,76,143,55,216,
lightskyblue,130,76,140,145,231,
lightskyblue,130,76,142,145,232,
lightskyblue,130,76,144,145,233,
lightskyblue,130,76,145,108,234,
lightskyblue,130,76,145,148,235,
lightskyblue,130,76,145,55,239,
lightskyblue,104,76,140,107,91,
lightskyblue,104,76,142,107,92,
lightskyblue,104,76,144,107,93,
lightskyblue,104,76,146,107,94,
lightskyblue,104,76,107,148,95,
lightskyblue,104,76,107,55,99,
lightskyblue,136,76,140,147,254,
lightskyblue,136,76,142,147,255,
lightskyblue,136,76,144,147,256,
lightskyblue,136,76,146,147,257,
lightskyblue,136,76,108,147,258,
lightskyblue,136,76,147,55,262,
lightskyblue,114,57,140,141,151,
lightskyblue,114,57,140,143,151,
lightskyblue,114,57,140,145,151,
lightskyblue,114,57,140,107,151,
lightskyblue,114,57,140,147,151,
lightskyblue,114,57,140,46,151,
lightskyblue,114,57,140,48,151,
lightskyblue,114,57,140,52,151,
lightskyblue,114,57,140,54,151,
lightskyblue,114,57,140,50,151,
lightskyblue,120,57,139,142,174,
lightskyblue,120,57,142,143,174,
lightskyblue,120,57,142,145,174,
lightskyblue,120,57,142,107,174,
lightskyblue,120,57,142,147,174,
lightskyblue,120,57,142,46,174,
lightskyblue,120,57,142,48,174,
lightskyblue,120,57,142,52,174,
lightskyblue,120,57,142,54,174,
lightskyblue,120,57,142,50,174,
lightskyblue,126,57,139,144,197,
lightskyblue,126,57,141,144,197,
lightskyblue,126,57,144,145,197,
lightskyblue,126,57,144,107,197,
lightskyblue,126,57,144,147,197,
lightskyblue,126,57,144,46,197,
lightskyblue,126,57,144,48,197,
lightskyblue,126,57,144,52,197,
lightskyblue,126,57,144,54,197,
lightskyblue,126,57,144,50,197,
lightskyblue,132,57,139,146,220,
lightskyblue,132,57,141,146,220,
lightskyblue,132,57,143,146,220,
lightskyblue,132,57,146,107,220,
lightskyblue,132,57,146,147,220,
lightskyblue,132,57,146,46,220,
lightskyblue,132,57,146,48,220,
lightskyblue,132,57,146,52,220,
lightskyblue,132,57,146,54,220,
lightskyblue,132,57,146,50,220,
lightskyblue,106,57,139,108,80,
lightskyblue,106,57,141,108,80,
lightskyblue,106,57,143,108,80,
lightskyblue,106,57,145,108,80,
lightskyblue,106,57,108,147,80,
lightskyblue,106,57,108,46,80,
lightskyblue,106,57,108,48,80,
lightskyblue,106,57,108,52,80,
lightskyblue,106,57,108,54,80,
lightskyblue,106,57,108,50,80,
lightskyblue,138,57,139,148,243,
lightskyblue,138,57,141,148,243,
lightskyblue,138,57,143,148,243,
lightskyblue,138,57,145,148,243,
lightskyblue,138,57,107,148,243,
lightskyblue,138,57,148,46,243,
lightskyblue,138,57,148,48,243,
lightskyblue,138,57,148,52,243,
lightskyblue,138,57,148,54,243,
lightskyblue,138,57,148,50,243,
lightskyblue,114,59,140,141,152,
lightskyblue,114,59,140,143,152,
lightskyblue,114,59,140,145,152,
lightskyblue,114,59,140,107,152,
lightskyblue,114,59,140,147,152,
lightskyblue,114,59,140,46,152,
lightskyblue,114,59,140,48,152,
lightskyblue,114,59,140,52,152,
lightskyblue,114,59,140,54,152,
lightskyblue,114,59,140,50,152,
lightskyblue,120,59,139,142,175,
lightskyblue,120,59,142,143,175,
lightskyblue,120,59,142,145,175,
lightskyblue,120,59,142,107,175,
lightskyblue,120,59,142,147,175,
lightskyblue,120,59,142,46,175,
lightskyblue,120,59,142,48,175,
lightskyblue,120,59,142,52,175,
lightskyblue,120,59,142,54,175,
lightskyblue,120,59,142,50,175,
lightskyblue,126,59,139,144,198,
lightskyblue,126,59,141,144,198,
lightskyblue,126,59,144,145,198,
lightskyblue,126,59,144,107,198,
lightskyblue,126,59,144,147,198,
lightskyblue,126,59,144,46,198,
lightskyblue,126,59,144,48,198,
lightskyblue,126,59,144,52,198,
lightskyblue,126,59,144,54,198,
lightskyblue,126,59,144,50,198,
lightskyblue,132,59,139,146,221,
lightskyblue,132,59,141,146,221,
lightskyblue,132,59,143,146,221,
lightskyblue,132,59,146,107,221,
lightskyblue,132,59,146,147,221,
lightskyblue,132,59,146,46,221,
lightskyblue,132,59,146,48,221,
lightskyblue,132,59,146,52,221,
lightskyblue,132,59,146,54,221,
lightskyblue,132,59,146,50,221,
lightskyblue,106,59,139,108,81,
lightskyblue,106,59,141,108,81,
lightskyblue,106,59,143,108,81,
lightskyblue,106,59,145,108,81,
lightskyblue,106,59,108,147,81,
lightskyblue,106,59,108,46,81,
lightskyblue,106,59,108,48,81,
lightskyblue,106,59,108,52,81,
lightskyblue,106,59,108,54,81,
lightskyblue,106,59,108,50,81,
lightskyblue,138,59,139,148,244,
lightskyblue,138,59,141,148,244,
lightskyblue,138,59,143,148,244,
lightskyblue,138,59,145,148,244,
lightskyblue,138,59,107,148,244,
lightskyblue,138,59,148,46,244,
lightskyblue,138,59,148,48,244,
lightskyblue,138,59,148,52,244,
lightskyblue,138,59,148,54,244,
lightskyblue,138,59,148,50,244,
lightskyblue,114,67,140,141,153,
lightskyblue,114,67,140,143,153,
lightskyblue,114,67,140,145,153,
lightskyblue,114,67,140,107,153,
lightskyblue,114,67,140,147,153,
lightskyblue,114,67,140,46,153,
lightskyblue,114,67,140,48,153,
lightskyblue,114,67,140,52,153,
lightskyblue,114,67,140,54,153,
lightskyblue,114,67,140,50,153,
lightskyblue,120,67,139,142,176,
lightskyblue,120,67,142,143,176,
lightskyblue,120,67,142,145,176,
lightskyblue,120,67,142,107,176,
lightskyblue,120,67,142,147,176,
lightskyblue,120,67,142,46,176,
lightskyblue,120,67,142,48,176,
lightskyblue,120,67,142,52,176,
lightskyblue,120,67,142,54,176,
lightskyblue,120,67,142,50,176,
lightskyblue,126,67,139,144,199,
lightskyblue,126,67,141,144,199,
lightskyblue,126,67,144,145,199,
lightskyblue,126,67,144,107,199,
lightskyblue,126,67,144,147,199,
lightskyblue,126,67,144,46,199,
lightskyblue,126,67,144,48,199,
lightskyblue,126,67,144,52,199,
lightskyblue,126,67,144,54,199,
lightskyblue,126,67,144,50,199,
lightskyblue,132,67,139,146,222,
lightskyblue,132,67,141,146,222,
lightskyblue,132,67,143,146,222,
lightskyblue,132,67,146,107,222,
lightskyblue,132,67,146,147,222,
lightskyblue,132,67,146,46,222,
lightskyblue,132,67,146,48,222,
lightskyblue,132,67,146,52,222,
lightskyblue,132,67,146,54,222,
lightskyblue,132,67,146,50,222,
lightskyblue,106,67,139,108,82,
lightskyblue,106,67,141,108,82,
lightskyblue,106,67,143,108,82,
lightskyblue,106,67,145,108,82,
lightskyblue,106,67,108,147,82,
lightskyblue,106,67,108,46,82,
lightskyblue,106,67,108,48,82,
lightskyblue,106,67,108,52,82,
lightskyblue,106,67,108,54,82,
lightskyblue,106,67,108,50,82,
lightskyblue,138,67,139,148,245,
lightskyblue,138,67,141,148,245,
lightskyblue,138,67,143,148,245,
lightskyblue,138,67,145,148,245,
lightskyblue,138,67,107,148,245,
lightskyblue,138,67,148,46,245,
lightskyblue,138,67,148,48,245,
lightskyblue,138,67,148,52,245,
lightskyblue,138,67,148,54,245,
lightskyblue,138,67,148,50,245,
lightskyblue,114,69,140,141,154,
lightskyblue,114,69,140,143,154,
lightskyblue,114,69,140,145,154,
lightskyblue,114,69,140,107,154,
lightskyblue,114,69,140,147,154,
lightskyblue,114,69,140,46,154,
lightskyblue,114,69,140,48,154,
lightskyblue,114,69,140,52,154,
lightskyblue,114,69,140,54,154,
lightskyblue,114,69,140,50,154,
lightskyblue,120,69,139,142,177,
lightskyblue,120,69,142,143,177,
lightskyblue,120,69,142,145,177,
lightskyblue,120,69,142,107,177,
lightskyblue,120,69,142,147,177,
lightskyblue,120,69,142,46,177,
lightskyblue,120,69,142,48,177,
lightskyblue,120,69,142,52,177,
lightskyblue,120,69,142,54,177,
lightskyblue,120,69,142,50,177,
lightskyblue,126,69,139,144,200,
lightskyblue,126,69,141,144,200,
lightskyblue,126,69,144,145,200,
lightskyblue,126,69,144,107,200,
lightskyblue,126,69,144,147,200,
lightskyblue,126,69,144,46,200,
lightskyblue,126,69,144,48,200,
lightskyblue,126,69,144,52,200,
lightskyblue,126,69,144,54,200,
lightskyblue,126,69,144,50,200,
lightskyblue,132,69,139,146,223,
lightskyblue,132,69,141,146,223,
lightskyblue,132,69,143,146,223,
lightskyblue,132,69,146,107,223,
lightskyblue,132,69,146,147,223,
lightskyblue,132,69,146,46,223,
lightskyblue,132,69,146,48,223,
lightskyblue,132,69,146,52,223,
lightskyblue,132,69,146,54,223,
lightskyblue,132,69,146,50,223,
lightskyblue,106,69,139,108,83,
lightskyblue,106,69,141,108,83,
lightskyblue,106,69,143,108,83,
lightskyblue,106,69,145,108,83,
lightskyblue,106,69,108,147,83,
lightskyblue,106,69,108,46,83,
lightskyblue,106,69,108,48,83,
lightskyblue,106,69,108,52,83,
lightskyblue,106,69,108,54,83,
lightskyblue,106,69,108,50,83,
lightskyblue,138,69,139,148,246,
lightskyblue,138,69,141,148,246,
lightskyblue,138,69,143,148,246,
lightskyblue,138,69,145,148,246,
lightskyblue,138,69,107,148,246,
lightskyblue,138,69,148,46,246,
lightskyblue,138,69,148,48,246,
lightskyblue,138,69,148,52,246,
lightskyblue,138,69,148,54,246,
lightskyblue,138,69,148,50,246,
lightskyblue,114,73,140,141,155,
lightskyblue,114,73,140,143,155,
lightskyblue,114,73,140,145,155,
lightskyblue,114,73,140,107,155,
lightskyblue,114,73,140,147,155,
lightskyblue,114,73,140,46,155,
lightskyblue,114,73,140,48,155,
lightskyblue,114,73,140,52,155,
lightskyblue,114,73,140,54,155,
lightskyblue,114,73,140,50,155,
lightskyblue,120,73,139,142,178,
lightskyblue,120,73,142,143,178,
lightskyblue,120,73,142,145,178,
lightskyblue,120,73,142,107,178,
lightskyblue,120,73,142,147,178,
lightskyblue,120,73,142,46,178,
lightskyblue,120,73,142,48,178,
lightskyblue,120,73,142,52,178,
lightskyblue,120,73,142,54,178,
lightskyblue,120,73,142,50,178,
lightskyblue,126,73,139,144,201,
lightskyblue,126,73,141,144,201,
lightskyblue,126,73,144,145,201,
lightskyblue,126,73,144,107,201,
lightskyblue,126,73,144,147,201,
lightskyblue,126,73,144,46,201,
lightskyblue,126,73,144,48,201,
lightskyblue,126,73,144,52,201,
lightskyblue,126,73,144,54,201,
lightskyblue,126,73,144,50,201,
lightskyblue,132,73,139,146,224,
lightskyblue,132,73,141,146,224,
lightskyblue,132,73,143,146,224,
lightskyblue,132,73,146,107,224,
lightskyblue,132,73,146,147,224,
lightskyblue,132,73,146,46,224,
lightskyblue,132,73,146,48,224,
lightskyblue,132,73,146,52,224,
lightskyblue,132,73,146,54,224,
lightskyblue,132,73,146,50,224,
lightskyblue,106,73,139,108,84,
lightskyblue,106,73,141,108,84,
lightskyblue,106,73,143,108,84,
lightskyblue,106,73,145,108,84,
lightskyblue,106,73,108,147,84,
lightskyblue,106,73,108,46,84,
lightskyblue,106,73,108,48,84,
lightskyblue,106,73,108,52,84,
lightskyblue,106,73,108,54,84,
lightskyblue,106,73,108,50,84,
lightskyblue,138,73,139,148,247,
lightskyblue,138,73,141,148,247,
lightskyblue,138,73,143,148,247,
lightskyblue,138,73,145,148,247,
lightskyblue,138,73,107,148,247,
lightskyblue,138,73,148,46,247,
lightskyblue,138,73,148,48,247,
lightskyblue,138,73,148,52,247,
lightskyblue,138,73,148,54,247,
lightskyblue,138,73,148,50,247,
lightskyblue,114,63,140,141,156,
lightskyblue,114,63,140,143,156,
lightskyblue,114,63,140,145,156,
lightskyblue,114,63,140,107,156,
lightskyblue,114,63,140,147,156,
lightskyblue,114,63,140,46,156,
lightskyblue,114,63,140,48,156,
lightskyblue,114,63,140,52,156,
lightskyblue,114,63,140,54,156,
lightskyblue,114,63,140,50,156,
lightskyblue,120,63,139,142,179,
lightskyblue,120,63,142,143,179,
lightskyblue,120,63,142,145,179,
lightskyblue,120,63,142,107,179,
lightskyblue,120,63,142,147,179,
lightskyblue,120,63,142,46,179,
lightskyblue,120,63,142,48,179,
lightskyblue,120,63,142,52,179,
lightskyblue,120,63,142,54,179,
lightskyblue,120,63,142,50,179,
lightskyblue,126,63,139,144,202,
lightskyblue,126,63,141,144,202,
lightskyblue,126,63,144,145,202,
lightskyblue,126,63,144,107,202,
lightskyblue,126,63,144,147,202,
lightskyblue,126,63,144,46,202,
lightskyblue,126,63,144,48,202,
lightskyblue,126,63,144,52,202,
lightskyblue,126,63,144,54,202,
lightskyblue,126,63,144,50,202,
lightskyblue,132,63,139,146,225,
lightskyblue,132,63,141,146,225,
lightskyblue,132,63,143,146,225,
lightskyblue,132,63,146,107,225,
lightskyblue,132,63,146,147,225,
lightskyblue,132,63,146,46,225,
lightskyblue,132,63,146,48,225,
lightskyblue,132,63,146,52,225,
lightskyblue,132,63,146,54,225,
lightskyblue,132,63,146,50,225,
lightskyblue,106,63,139,108,85,
lightskyblue,106,63,141,108,85,
lightskyblue,106,63,143,108,85,
lightskyblue,106,63,145,108,85,
lightskyblue,106,63,108,147,85,
lightskyblue,106,63,108,46,85,
lightskyblue,106,63,108,48,85,
lightskyblue,106,63,108,52,85,
lightskyblue,106,63,108,54,85,
lightskyblue,106,63,108,50,85,
lightskyblue,138,63,139,148,248,
lightskyblue,138,63,141,148,248,
lightskyblue,138,63,143,148,248,
lightskyblue,138,63,145,148,248,
lightskyblue,138,63,107,148,248,
lightskyblue,138,63,148,46,248,
lightskyblue,138,63,148,48,248,
lightskyblue,138,63,148,52,248,
lightskyblue,138,63,148,54,248,
lightskyblue,138,63,148,50,248,
lightskyblue,114,61,140,141,157,
lightskyblue,114,61,140,143,157,
lightskyblue,114,61,140,145,157,
lightskyblue,114,61,140,107,157,
lightskyblue,114,61,140,147,157,
lightskyblue,114,61,140,46,157,
lightskyblue,114,61,140,48,157,
lightskyblue,114,61,140,52,157,
lightskyblue,114,61,140,54,157,
lightskyblue,114,61,140,50,157,
lightskyblue,120,61,139,142,180,
lightskyblue,120,61,142,143,180,
lightskyblue,120,61,142,145,180,
lightskyblue,120,61,142,107,180,
lightskyblue,120,61,142,147,180,
lightskyblue,120,61,142,46,180,
lightskyblue,120,61,142,48,180,
lightskyblue,120,61,142,52,180,
lightskyblue,120,61,142,54,180,
lightskyblue,120,61,142,50,180,
lightskyblue,126,61,139,144,203,
lightskyblue,126,61,141,144,203,
lightskyblue,126,61,144,145,203,
lightskyblue,126,61,144,107,203,
lightskyblue,126,61,144,147,203,
lightskyblue,126,61,144,46,203,
lightskyblue,126,61,144,48,203,
lightskyblue,126,61,144,52,203,
lightskyblue,126,61,144,54,203,
lightskyblue,126,61,144,50,203,
lightskyblue,132,61,139,146,226,
lightskyblue,132,61,141,146,226,
lightskyblue,132,61,143,146,226,
lightskyblue,132,61,146,107,226,
lightskyblue,132,61,146,147,226,
lightskyblue,132,61,146,46,226,
lightskyblue,132,61,146,48,226,
lightskyblue,132,61,146,52,226,
lightskyblue,132,61,146,54,226,
lightskyblue,132,61,146,50,226,
lightskyblue,106,61,139,108,86,
lightskyblue,106,61,141,108,86,
lightskyblue,106,61,143,108,86,
lightskyblue,106,61,145,108,86,
lightskyblue,106,61,108,147,86,
lightskyblue,106,61,108,46,86,
lightskyblue,106,61,108,48,86,
lightskyblue,106,61,108,52,86,
lightskyblue,106,61,108,54,86,
lightskyblue,106,61,108,50,86,
lightskyblue,138,61,139,148,249,
lightskyblue,138,61,141,148,249,
lightskyblue,138,61,143,148,249,
lightskyblue,138,61,145,148,249,
lightskyblue,138,61,107,148,249,
lightskyblue,138,61,148,46,249,
lightskyblue,138,61,148,48,249,
lightskyblue,138,61,148,52,249,
lightskyblue,138,61,148,54,249,
lightskyblue,138,61,148,50,249,
lightskyblue,114,71,140,141,158,
lightskyblue,114,71,140,143,158,
lightskyblue,114,71,140,145,158,
lightskyblue,114,71,140,107,158,
lightskyblue,114,71,140,147,158,
lightskyblue,114,71,140,46,158,
lightskyblue,114,71,140,48,158,
lightskyblue,114,71,140,52,158,
lightskyblue,114,71,140,54,158,
lightskyblue,114,71,140,50,158,
lightskyblue,120,71,139,142,181,
lightskyblue,120,71,142,143,181,
lightskyblue,120,71,142,145,181,
lightskyblue,120,71,142,107,181,
lightskyblue,120,71,142,147,181,
lightskyblue,120,71,142,46,181,
lightskyblue,120,71,142,48,181,
lightskyblue,120,71,142,52,181,
lightskyblue,120,71,142,54,181,
lightskyblue,120,71,142,50,181,
lightskyblue,126,71,139,144,204,
lightskyblue,126,71,141,144,204,
lightskyblue,126,71,144,145,204,
lightskyblue,126,71,144,107,204,
lightskyblue,126,71,144,147,204,
lightskyblue,126,71,144,46,204,
lightskyblue,126,71,144,48,204,
lightskyblue,126,71,144,52,204,
lightskyblue,126,71,144,54,204,
lightskyblue,126,71,144,50,204,
lightskyblue,132,71,139,146,227,
lightskyblue,132,71,141,146,227,
lightskyblue,132,71,143,146,227,
lightskyblue,132,71,146,107,227,
lightskyblue,132,71,146,147,227,
lightskyblue,132,71,146,46,227,
lightskyblue,132,71,146,48,227,
lightskyblue,132,71,146,52,227,
lightskyblue,132,71,146,54,227,
lightskyblue,132,71,146,50,227,
lightskyblue,106,71,139,108,87,
lightskyblue,106,71,141,108,87,
lightskyblue,106,71,143,108,87,
lightskyblue,106,71,145,108,87,
lightskyblue,106,71,108,147,87,
lightskyblue,106,71,108,46,87,
lightskyblue,106,71,108,48,87,
lightskyblue,106,71,108,52,87,
lightskyblue,106,71,108,54,87,
lightskyblue,106,71,108,50,87,
lightskyblue,138,71,139,148,250,
lightskyblue,138,71,141,148,250,
lightskyblue,138,71,143,148,250,
lightskyblue,138,71,145,148,250,
lightskyblue,138,71,107,148,250,
lightskyblue,138,71,148,46,250,
lightskyblue,138,71,148,48,250,
lightskyblue,138,71,148,52,250,
lightskyblue,138,71,148,54,250,
lightskyblue,138,71,148,50,250,
lightskyblue,114,65,140,141,159,
lightskyblue,114,65,140,143,159,
lightskyblue,114,65,140,145,159,
lightskyblue,114,65,140,107,159,
lightskyblue,114,65,140,147,159,
lightskyblue,114,65,140,46,159,
lightskyblue,114,65,140,48,159,
lightskyblue,114,65,140,52,159,
lightskyblue,114,65,140,54,159,
lightskyblue,114,65,140,50,159,
lightskyblue,120,65,139,142,182,
lightskyblue,120,65,142,143,182,
lightskyblue,120,65,142,145,182,
lightskyblue,120,65,142,107,182,
lightskyblue,120,65,142,147,182,
lightskyblue,120,65,142,46,182,
lightskyblue,120,65,142,48,182,
lightskyblue,120,65,142,52,182,
lightskyblue,120,65,142,54,182,
lightskyblue,120,65,142,50,182,
lightskyblue,126,65,139,144,205,
lightskyblue,126,65,141,144,205,
lightskyblue,126,65,144,145,205,
lightskyblue,126,65,144,107,205,
lightskyblue,126,65,144,147,205,
lightskyblue,126,65,144,46,205,
lightskyblue,126,65,144,48,205,
lightskyblue,126,65,144,52,205,
lightskyblue,126,65,144,54,205,
lightskyblue,126,65,144,50,205,
lightskyblue,132,65,139,146,228,
lightskyblue,132,65,141,146,228,
lightskyblue,132,65,143,146,228,
lightskyblue,132,65,146,107,228,
lightskyblue,132,65,146,147,228,
lightskyblue,132,65,146,46,228,
lightskyblue,132,65,146,48,228,
lightskyblue,132,65,146,52,228,
lightskyblue,132,65,146,54,228,
lightskyblue,132,65,146,50,228,
lightskyblue,106,65,139,108,88,
lightskyblue,106,65,141,108,88,
lightskyblue,106,65,143,108,88,
lightskyblue,106,65,145,108,88,
lightskyblue,106,65,108,147,88,
lightskyblue,106,65,108,46,88,
lightskyblue,106,65,108,48,88,
lightskyblue,106,65,108,52,88,
lightskyblue,106,65,108,54,88,
lightskyblue,106,65,108,50,88,
lightskyblue,138,65,139,148,251,
lightskyblue,138,65,141,148,251,
lightskyblue,138,65,143,148,251,
lightskyblue,138,65,145,148,251,
lightskyblue,138,65,107,148,251,
lightskyblue,138,65,148,46,251,
lightskyblue,138,65,148,48,251,
lightskyblue,138,65,148,52,251,
lightskyblue,138,65,148,54,251,
lightskyblue,138,65,148,50,251,
lightskyblue,114,75,140,141,160,
lightskyblue,114,75,140,143,160,
lightskyblue,114,75,140,145,160,
lightskyblue,114,75,140,107,160,
lightskyblue,114,75,140,147,160,
lightskyblue,114,75,140,46,160,
lightskyblue,114,75,140,48,160,
lightskyblue,114,75,140,52,160,
lightskyblue,114,75,140,54,160,
lightskyblue,114,75,140,50,160,
lightskyblue,120,75,139,142,183,
lightskyblue,120,75,142,143,183,
lightskyblue,120,75,142,145,183,
lightskyblue,120,75,142,107,183,
lightskyblue,120,75,142,147,183,
lightskyblue,120,75,142,46,183,
lightskyblue,120,75,142,48,183,
lightskyblue,120,75,142,52,183,
lightskyblue,120,75,142,54,183,
lightskyblue,120,75,142,50,183,
lightskyblue,126,75,139,144,206,
lightskyblue,126,75,141,144,206,
lightskyblue,126,75,144,145,206,
lightskyblue,126,75,144,107,206,
lightskyblue,126,75,144,147,206,
lightskyblue,126,75,144,46,206,
lightskyblue,126,75,144,48,206,
lightskyblue,126,75,144,52,206,
lightskyblue,126,75,144,54,206,
lightskyblue,126,75,144,50,206,
lightskyblue,132,75,139,146,229,
lightskyblue,132,75,141,146,229,
lightskyblue,132,75,143,146,229,
lightskyblue,132,75,146,107,229,
lightskyblue,132,75,146,147,229,
lightskyblue,132,75,146,46,229,
lightskyblue,132,75,146,48,229,
lightskyblue,132,75,146,52,229,
lightskyblue,132,75,146,54,229,
lightskyblue,132,75,146,50,229,
lightskyblue,106,75,139,108,89,
lightskyblue,106,75,141,108,89,
lightskyblue,106,75,143,108,89,
lightskyblue,106,75,145,108,89,
lightskyblue,106,75,108,147,89,
lightskyblue,106,75,108,46,89,
lightskyblue,106,75,108,48,89,
lightskyblue,106,75,108,52,89,
lightskyblue,106,75,108,54,89,
lightskyblue,106,75,108,50,89,
lightskyblue,138,75,139,148,252,
lightskyblue,138,75,141,148,252,
lightskyblue,138,75,143,148,252,
lightskyblue,138,75,145,148,252,
lightskyblue,138,75,107,148,252,
lightskyblue,138,75,148,46,252,
lightskyblue,138,75,148,48,252,
lightskyblue,138,75,148,52,252,
lightskyblue,138,75,148,54,252,
lightskyblue,138,75,148,50,252,
lightskyblue,114,77,140,141,161,
lightskyblue,114,77,140,143,161,
lightskyblue,114,77,140,145,161,
lightskyblue,114,77,140,107,161,
lightskyblue,114,77,140,147,161,
lightskyblue,114,77,140,46,161,
lightskyblue,114,77,140,48,161,
lightskyblue,114,77,140,52,161,
lightskyblue,114,77,140,54,161,
lightskyblue,114,77,140,50,161,
lightskyblue,120,77,139,142,184,
lightskyblue,120,77,142,143,184,
lightskyblue,120,77,142,145,184,
lightskyblue,120,77,142,107,184,
lightskyblue,120,77,142,147,184,
lightskyblue,120,77,142,46,184,
lightskyblue,120,77,142,48,184,
lightskyblue,120,77,142,52,184,
lightskyblue,120,77,142,54,184,
lightskyblue,120,77,142,50,184,
lightskyblue,126,77,139,144,207,
lightskyblue,126,77,141,144,207,
lightskyblue,126,77,144,145,207,
lightskyblue,126,77,144,107,207,
lightskyblue,126,77,144,147,207,
lightskyblue,126,77,144,46,207,
lightskyblue,126,77,144,48,207,
lightskyblue,126,77,144,52,207,
lightskyblue,126,77,144,54,207,
lightskyblue,126,77,144,50,207,
lightskyblue,132,77,139,146,230,
lightskyblue,132,77,141,146,230,
lightskyblue,132,77,143,146,230,
lightskyblue,132,77,146,107,230,
lightskyblue,132,77,146,147,230,
lightskyblue,132,77,146,46,230,
lightskyblue,132,77,146,48,230,
lightskyblue,132,77,146,52,230,
lightskyblue,132,77,146,54,230,
lightskyblue,132,77,146,50,230,
lightskyblue,106,77,139,108,90,
lightskyblue,106,77,141,108,90,
lightskyblue,106,77,143,108,90,
lightskyblue,106,77,145,108,90,
lightskyblue,106,77,108,147,90,
lightskyblue,106,77,108,46,90,
lightskyblue,106,77,108,48,90,
lightskyblue,106,77,108,52,90,
lightskyblue,106,77,108,54,90,
lightskyblue,106,77,108,50,90,
lightskyblue,138,77,139,148,253,
lightskyblue,138,77,141,148,253,
lightskyblue,138,77,143,148,253,
lightskyblue,138,77,145,148,253,
lightskyblue,138,77,107,148,253,
lightskyblue,138,77,148,46,253,
lightskyblue,138,77,148,48,253,
lightskyblue,138,77,148,52,253,
lightskyblue,138,77,148,54,253,
lightskyblue,138,77,148,50,253,
lightskyblue,56,149,
lightskyblue,56,150,
lightskyblue,56,172,
lightskyblue,56,173,
lightskyblue,56,195,
lightskyblue,56,196,
lightskyblue,56,218,
lightskyblue,56,219,
lightskyblue,56,78,
lightskyblue,56,79,
lightskyblue,56,241,
lightskyblue,56,242,
lightskyblue,58,149,
lightskyblue,58,150,
lightskyblue,58,172,
lightskyblue,58,173,
lightskyblue,58,195,
lightskyblue,58,196,
lightskyblue,58,218,
lightskyblue,58,219,
lightskyblue,58,78,
lightskyblue,58,79,
lightskyblue,58,241,
lightskyblue,58,242,
lightskyblue,66,149,
lightskyblue,66,150,
lightskyblue,66,172,
lightskyblue,66,173,
lightskyblue,66,195,
lightskyblue,66,196,
lightskyblue,66,218,
lightskyblue,66,219,
lightskyblue,66,78,
lightskyblue,66,79,
lightskyblue,66,241,
lightskyblue,66,242,
lightskyblue,68,149,
lightskyblue,68,150,
lightskyblue,68,172,
lightskyblue,68,173,
lightskyblue,68,195,
lightskyblue,68,196,
lightskyblue,68,218,
lightskyblue,68,219,
lightskyblue,68,78,
lightskyblue,68,79,
lightskyblue,68,241,
lightskyblue,68,242,
lightskyblue,72,149,
lightskyblue,72,150,
lightskyblue,72,172,
lightskyblue,72,173,
lightskyblue,72,195,
lightskyblue,72,196,
lightskyblue,72,218,
lightskyblue,72,219,
lightskyblue,72,78,
lightskyblue,72,79,
lightskyblue,72,241,
lightskyblue,72,242,
lightskyblue,62,149,
lightskyblue,62,150,
lightskyblue,62,172,
lightskyblue,62,173,
lightskyblue,62,195,
lightskyblue,62,196,
lightskyblue,62,218,
lightskyblue,62,219,
lightskyblue,62,78,
lightskyblue,62,79,
lightskyblue,62,241,
lightskyblue,62,242,
lightskyblue,60,149,
lightskyblue,60,150,
lightskyblue,60,172,
lightskyblue,60,173,
lightskyblue,60,195,
lightskyblue,60,196,
lightskyblue,60,218,
lightskyblue,60,219,
lightskyblue,60,78,
lightskyblue,60,79,
lightskyblue,60,241,
lightskyblue,60,242,
lightskyblue,70,149,
lightskyblue,70,150,
lightskyblue,70,172,
lightskyblue,70,173,
lightskyblue,70,195,
lightskyblue,70,196,
lightskyblue,70,218,
lightskyblue,70,219,
lightskyblue,70,78,
lightskyblue,70,79,
lightskyblue,70,241,
lightskyblue,70,242,
lightskyblue,64,149,
lightskyblue,64,150,
lightskyblue,64,172,
lightskyblue,64,173,
lightskyblue,64,195,
lightskyblue,64,196,
lightskyblue,64,218,
lightskyblue,64,219,
lightskyblue,64,78,
lightskyblue,64,79,
lightskyblue,64,241,
lightskyblue,64,242,
lightskyblue,74,149,
lightskyblue,74,150,
lightskyblue,74,172,
lightskyblue,74,173,
lightskyblue,74,195,
lightskyblue,74,196,
lightskyblue,74,218,
lightskyblue,74,219,
lightskyblue,74,78,
lightskyblue,74,79,
lightskyblue,74,241,
lightskyblue,74,242,
lightskyblue,76,149,
lightskyblue,76,150,
lightskyblue,76,172,
lightskyblue,76,173,
lightskyblue,76,195,
lightskyblue,76,196,
lightskyblue,76,218,
lightskyblue,76,219,
lightskyblue,76,78,
lightskyblue,76,79,
lightskyblue,76,241,
lightskyblue,76,242,
lightskyblue,57,151,
lightskyblue,57,151,
lightskyblue,57,174,
lightskyblue,57,174,
lightskyblue,57,197,
lightskyblue,57,197,
lightskyblue,57,220,
lightskyblue,57,220,
lightskyblue,57,80,
lightskyblue,57,80,
lightskyblue,57,243,
lightskyblue,57,243,
lightskyblue,59,152,
lightskyblue,59,152,
lightskyblue,59,175,
lightskyblue,59,175,
lightskyblue,59,198,
lightskyblue,59,198,
lightskyblue,59,221,
lightskyblue,59,221,
lightskyblue,59,81,
lightskyblue,59,81,
lightskyblue,59,244,
lightskyblue,59,244,
lightskyblue,67,153,
lightskyblue,67,153,
lightskyblue,67,176,
lightskyblue,67,176,
lightskyblue,67,199,
lightskyblue,67,199,
lightskyblue,67,222,
lightskyblue,67,222,
lightskyblue,67,82,
lightskyblue,67,82,
lightskyblue,67,245,
lightskyblue,67,245,
lightskyblue,69,154,
lightskyblue,69,154,
lightskyblue,69,177,
lightskyblue,69,177,
lightskyblue,69,200,
lightskyblue,69,200,
lightskyblue,69,223,
lightskyblue,69,223,
lightskyblue,69,83,
lightskyblue,69,83,
lightskyblue,69,246,
lightskyblue,69,246,
lightskyblue,73,155,
lightskyblue,73,155,
lightskyblue,73,178,
lightskyblue,73,178,
lightskyblue,73,201,
lightskyblue,73,201,
lightskyblue,73,224,
lightskyblue,73,224,
lightskyblue,73,84,
lightskyblue,73,84,
lightskyblue,73,247,
lightskyblue,73,247,
lightskyblue,63,156,
lightskyblue,63,156,
lightskyblue,63,179,
lightskyblue,63,179,
lightskyblue,63,202,
lightskyblue,63,202,
lightskyblue,63,225,
lightskyblue,63,225,
lightskyblue,63,85,
lightskyblue,63,85,
lightskyblue,63,248,
lightskyblue,63,248,
lightskyblue,61,157,
lightskyblue,61,157,
lightskyblue,61,180,
lightskyblue,61,180,
lightskyblue,61,203,
lightskyblue,61,203,
lightskyblue,61,226,
lightskyblue,61,226,
lightskyblue,61,86,
lightskyblue,61,86,
lightskyblue,61,249,
lightskyblue,61,249,
lightskyblue,71,158,
lightskyblue,71,158,
lightskyblue,71,181,
lightskyblue,71,181,
lightskyblue,71,204,
lightskyblue,71,204,
lightskyblue,71,227,
lightskyblue,71,227,
lightskyblue,71,87,
lightskyblue,71,87,
lightskyblue,71,250,
lightskyblue,71,250,
lightskyblue,65,159,
lightskyblue,65,159,
lightskyblue,65,182,
lightskyblue,65,182,
lightskyblue,65,205,
lightskyblue,65,205,
lightskyblue,65,228,
lightskyblue,65,228,
lightskyblue,65,88,
lightskyblue,65,88,
lightskyblue,65,251,
lightskyblue,65,251,
lightskyblue,75,160,
lightskyblue,75,160,
lightskyblue,75,183,
lightskyblue,75,183,
lightskyblue,75,206,
lightskyblue,75,206,
lightskyblue,75,229,
lightskyblue,75,229,
lightskyblue,75,89,
lightskyblue,75,89,
lightskyblue,75,252,
lightskyblue,75,252,
lightskyblue,77,161,
lightskyblue,77,161,
lightskyblue,77,184,
lightskyblue,77,184,
lightskyblue,77,207,
lightskyblue,77,207,
lightskyblue,77,230,
lightskyblue,77,230,
lightskyblue,77,90,
lightskyblue,77,90,
lightskyblue,77,253,
lightskyblue,77,253,
